 DDSCAT --- DDSCAT 7.3.3 [22.01.20]   
 TARGET --->TARGSPHER  spherical target with explicit spacing                 
 GPFAFT --- method of solution 
 FLTRCD --- prescription for polarizabilities
 FROM_FILE --- shape 
    4169 = NAT0 = number of dipoles
 ../../diel/Pena-Rioux_dielectric_26Au_74Ag                  
 ../../diel/Pena-Rioux_dielectric_34Au_66Ag                  
 ../../diel/Pena-Rioux_dielectric_76Au_24Ag                  
   0.000   0.000 = beta_min, beta_max ;  NBETA = 1
   0.000   0.000 = theta_min, theta_max; NTHETA= 1
   0.000   0.000 = phi_min, phi_max   ;   NPHI = 1
 Results averaged over    1 target orientations
                   and  2 incident polarizations
   aeff       wave       Q_pha       Q_pol       Q_cpol
 1.0000E-03 3.0000E-01  2.0012E-02 -5.9605E-08  1.1176E-08
 1.0000E-03 3.0101E-01  1.9808E-02  2.6822E-07  3.7253E-09
 1.0000E-03 3.0203E-01  1.9598E-02 -1.1176E-07 -2.9802E-08
 1.0000E-03 3.0305E-01  1.9384E-02 -1.5646E-07 -1.3039E-08
 1.0000E-03 3.0408E-01  1.9164E-02 -2.9802E-08  4.0978E-08
 1.0000E-03 3.0512E-01  1.8939E-02  2.2352E-08 -5.7742E-08
 1.0000E-03 3.0616E-01  1.8708E-02 -2.4587E-07 -4.4703E-08
 1.0000E-03 3.0722E-01  1.8472E-02  9.6858E-08  1.0990E-07
 1.0000E-03 3.0828E-01  1.8234E-02 -5.2154E-08 -9.3132E-09
 1.0000E-03 3.0934E-01  1.8008E-02 -1.4901E-07  5.5879E-08
 1.0000E-03 3.1042E-01  1.7776E-02 -6.7055E-08  5.7742E-08
 1.0000E-03 3.1150E-01  1.7540E-02 -2.0117E-07  1.8626E-08
 1.0000E-03 3.1259E-01  1.7298E-02 -1.4901E-07 -1.6764E-08
 1.0000E-03 3.1368E-01  1.7051E-02  3.7253E-08  3.7253E-09
 1.0000E-03 3.1479E-01  1.6799E-02  5.2154E-08  4.8429E-08
 1.0000E-03 3.1590E-01  1.6540E-02  3.7253E-08  4.0978E-08
 1.0000E-03 3.1702E-01  1.6276E-02  1.5646E-07 -1.4901E-08
 1.0000E-03 3.1815E-01  1.6007E-02 -1.0431E-07  1.8626E-09
 1.0000E-03 3.1929E-01  1.5728E-02 -2.2352E-08  0.0000E+00
 1.0000E-03 3.2043E-01  1.5437E-02  7.4506E-09  2.3283E-08
 1.0000E-03 3.2158E-01  1.5136E-02 -1.1176E-07  4.2841E-08
 1.0000E-03 3.2274E-01  1.4822E-02 -2.9802E-08 -3.3528E-08
 1.0000E-03 3.2391E-01  1.4496E-02  1.8626E-07 -3.7253E-09
 1.0000E-03 3.2509E-01  1.4157E-02 -6.7055E-08  7.4506E-09
 1.0000E-03 3.2628E-01  1.3805E-02  8.1956E-08  1.0245E-08
 1.0000E-03 3.2747E-01  1.3403E-02  3.7253E-07  1.3970E-08
 1.0000E-03 3.2868E-01  1.2988E-02 -1.8626E-07  0.0000E+00
 1.0000E-03 3.2989E-01  1.2561E-02 -1.2666E-07  1.8626E-09
 1.0000E-03 3.3111E-01  1.2121E-02 -7.4506E-09  8.3819E-09
 1.0000E-03 3.3234E-01  1.1666E-02  5.2154E-08 -1.6764E-08
 1.0000E-03 3.3358E-01  1.1197E-02 -1.1176E-07 -1.8626E-09
 1.0000E-03 3.3483E-01  1.0712E-02 -1.5646E-07  7.4506E-09
 1.0000E-03 3.3609E-01  1.0213E-02 -8.9407E-08  1.9558E-08
 1.0000E-03 3.3736E-01  9.7082E-03  0.0000E+00 -1.7695E-08
 1.0000E-03 3.3864E-01  9.1984E-03  7.4506E-08 -1.8626E-09
 1.0000E-03 3.3992E-01  8.6826E-03 -7.4506E-09  9.3132E-09
 1.0000E-03 3.4122E-01  8.1597E-03 -7.4506E-09 -1.9558E-08
 1.0000E-03 3.4253E-01  7.6288E-03  0.0000E+00  0.0000E+00
 1.0000E-03 3.4385E-01  7.0889E-03 -2.9802E-08 -3.2596E-09
 1.0000E-03 3.4517E-01  6.5472E-03  0.0000E+00  1.2107E-08
 1.0000E-03 3.4651E-01  6.0150E-03 -7.4506E-08  3.2596E-09
 1.0000E-03 3.4786E-01  5.4832E-03  8.1956E-08  6.9849E-09
 1.0000E-03 3.4922E-01  4.9515E-03 -1.1176E-07 -3.7253E-09
 1.0000E-03 3.5059E-01  4.4197E-03  5.2154E-08 -1.1642E-08
 1.0000E-03 3.5197E-01  3.8875E-03  5.9605E-08  4.1910E-09
 1.0000E-03 3.5336E-01  3.3544E-03  2.9802E-08  5.8208E-09
 1.0000E-03 3.5476E-01  2.8290E-03 -1.2666E-07  4.8894E-09
 1.0000E-03 3.5618E-01  2.3106E-03  2.2352E-08 -3.0268E-09
 1.0000E-03 3.5760E-01  1.7967E-03  7.4506E-08 -3.4925E-10
 1.0000E-03 3.5904E-01  1.2877E-03  1.4901E-08  2.6776E-09
 1.0000E-03 3.6048E-01  7.8400E-04  0.0000E+00  1.1642E-10
 1.0000E-03 3.6194E-01  2.8627E-04  5.2154E-08 -8.7311E-11
 1.0000E-03 3.6341E-01 -2.0274E-04  1.4901E-08  1.7462E-09
 1.0000E-03 3.6490E-01 -6.7995E-04 -1.4901E-08  2.9104E-10
 1.0000E-03 3.6639E-01 -1.1479E-03 -8.9407E-08  2.6776E-09
 1.0000E-03 3.6790E-01 -1.6061E-03 -3.7253E-08 -1.5134E-09
 1.0000E-03 3.6942E-01 -2.0514E-03 -1.5646E-07  1.1642E-09
 1.0000E-03 3.7095E-01 -2.4825E-03  1.4901E-07  2.0955E-09
 1.0000E-03 3.7250E-01 -2.8963E-03  0.0000E+00 -4.6566E-09
 1.0000E-03 3.7406E-01 -3.2912E-03 -2.9802E-08  3.4925E-09
 1.0000E-03 3.7563E-01 -3.6677E-03  1.1176E-07 -6.0536E-09
 1.0000E-03 3.7722E-01 -4.0225E-03 -2.6822E-07 -1.3970E-08
 1.0000E-03 3.7881E-01 -4.3519E-03  1.1921E-07  9.3132E-09
 1.0000E-03 3.8043E-01 -4.6508E-03  4.0233E-07 -4.1910E-09
 1.0000E-03 3.8205E-01 -4.9150E-03  7.4506E-08  3.2596E-09
 1.0000E-03 3.8369E-01 -5.1438E-03 -1.7881E-07 -4.1910E-09
 1.0000E-03 3.8534E-01 -5.3336E-03  1.4156E-07  1.5832E-08
 1.0000E-03 3.8701E-01 -5.4769E-03 -9.6858E-08 -4.6566E-10
 1.0000E-03 3.8870E-01 -5.5662E-03  4.3213E-07 -6.5193E-09
 1.0000E-03 3.9039E-01 -5.5921E-03 -1.4901E-08 -3.7253E-09
 1.0000E-03 3.9211E-01 -5.5506E-03 -2.0862E-07  4.6566E-08
 1.0000E-03 3.9383E-01 -5.4351E-03  2.0862E-07 -3.3993E-08
 1.0000E-03 3.9558E-01 -5.2335E-03  4.3213E-07  5.4948E-08
 1.0000E-03 3.9733E-01 -4.9319E-03 -5.6624E-07  3.4459E-08
 1.0000E-03 3.9911E-01 -4.5143E-03 -3.7253E-07  4.9639E-07
 1.0000E-03 4.0090E-01 -3.9695E-03 -3.7253E-07  7.1712E-08
 1.0000E-03 4.0270E-01 -3.2852E-03  5.8115E-07  1.9534E-07
 1.0000E-03 4.0452E-01 -2.4392E-03  2.9802E-08  1.3504E-07
 1.0000E-03 4.0636E-01 -1.4079E-03  2.0862E-07  2.5658E-07
 1.0000E-03 4.0822E-01 -1.6652E-04  1.0431E-07 -3.2742E-09
 1.0000E-03 4.1009E-01  1.3030E-03  2.9802E-08  4.5402E-09
 1.0000E-03 4.1198E-01  3.0263E-03 -6.1095E-07  1.2806E-08
 1.0000E-03 4.1389E-01  5.0321E-03  8.7917E-07  2.7986E-07
 1.0000E-03 4.1581E-01  7.3461E-03 -4.0233E-07 -8.3819E-09
 1.0000E-03 4.1776E-01  9.9869E-03  3.4273E-07 -2.0489E-08
 1.0000E-03 4.1972E-01  1.2954E-02  7.4506E-08 -2.5146E-07
 1.0000E-03 4.2170E-01  1.6253E-02  8.9407E-08  7.8231E-08
 1.0000E-03 4.2370E-01  1.9862E-02  7.4506E-07 -9.3132E-09
 1.0000E-03 4.2571E-01  2.3740E-02 -3.8743E-07 -3.7253E-09
 1.0000E-03 4.2775E-01  2.7832E-02 -2.5332E-07 -1.0431E-07
 1.0000E-03 4.2981E-01  3.2069E-02 -7.0035E-07 -9.6858E-08
 1.0000E-03 4.3188E-01  3.6377E-02 -1.9372E-07  1.8626E-08
 1.0000E-03 4.3398E-01  4.0684E-02 -2.9802E-07 -3.7253E-09
 1.0000E-03 4.3610E-01  4.4920E-02  1.6391E-07 -7.4506E-09
 1.0000E-03 4.3824E-01  4.9033E-02 -8.9407E-08  1.4529E-07
 1.0000E-03 4.4039E-01  5.2977E-02  1.9372E-07  2.3097E-07
 1.0000E-03 4.4257E-01  5.6717E-02 -4.3213E-07 -1.1176E-08
 1.0000E-03 4.4478E-01  6.0223E-02  1.4901E-07 -3.7253E-08
 1.0000E-03 4.4700E-01  6.3489E-02  3.2783E-07 -1.8626E-07
 1.0000E-03 4.4925E-01  6.6510E-02 -2.9802E-08 -3.7253E-08
 1.0000E-03 4.5152E-01  6.9287E-02  3.5763E-07 -6.7055E-08
 1.0000E-03 4.5381E-01  7.1828E-02  1.1921E-07 -2.2352E-08
 1.0000E-03 4.5612E-01  7.4153E-02 -3.4273E-07  4.4703E-08
 1.0000E-03 4.5846E-01  7.6265E-02  1.1921E-07 -9.6858E-08
 1.0000E-03 4.6082E-01  7.8173E-02  2.9802E-08  3.7253E-08
 1.0000E-03 4.6321E-01  7.9883E-02  4.4703E-08  0.0000E+00
 1.0000E-03 4.6563E-01  8.1392E-02  7.4506E-08  0.0000E+00
 1.0000E-03 4.6806E-01  8.2688E-02 -2.2352E-07  0.0000E+00
 1.0000E-03 4.7053E-01  8.3765E-02  3.7253E-07  2.3097E-07
 1.0000E-03 4.7302E-01  8.4615E-02  3.7253E-08  2.9057E-07
 1.0000E-03 4.7553E-01  8.5216E-02 -2.1607E-07  2.2352E-08
 1.0000E-03 4.7807E-01  8.5568E-02  2.6077E-07 -1.8626E-07
 1.0000E-03 4.8065E-01  8.5668E-02  3.5018E-07 -2.3842E-07
 1.0000E-03 4.8324E-01  8.5514E-02  0.0000E+00  5.9605E-08
 1.0000E-03 4.8587E-01  8.5113E-02  7.6741E-07  3.5018E-07
 1.0000E-03 4.8852E-01  8.4481E-02  2.5332E-07 -3.7253E-08
 1.0000E-03 4.9121E-01  8.3632E-02 -7.4506E-09 -1.1921E-07
 1.0000E-03 4.9392E-01  8.2587E-02  8.9407E-07  7.4506E-09
 1.0000E-03 4.9667E-01  8.1378E-02 -9.3132E-08  8.1956E-08
 1.0000E-03 4.9944E-01  8.0030E-02 -5.0664E-07  1.0431E-07
 1.0000E-03 5.0225E-01  7.8572E-02 -8.9407E-08 -9.6858E-08
 1.0000E-03 5.0508E-01  7.7038E-02  6.1095E-07  3.7253E-08
 1.0000E-03 5.0795E-01  7.5451E-02 -1.1921E-07  8.9407E-08
 1.0000E-03 5.1086E-01  7.3833E-02  2.9802E-08  7.4506E-09
 1.0000E-03 5.1379E-01  7.2208E-02 -2.0117E-07 -2.9802E-07
 1.0000E-03 5.1676E-01  7.0586E-02  7.4506E-08 -9.6858E-08
 1.0000E-03 5.1977E-01  6.8981E-02  7.8231E-08 -3.0547E-07
 1.0000E-03 5.2281E-01  6.7401E-02  3.9116E-08  1.6391E-07
 1.0000E-03 5.2588E-01  6.5853E-02 -5.2154E-08  8.1956E-08
 1.0000E-03 5.2899E-01  6.4345E-02 -2.1793E-07  1.5646E-07
 1.0000E-03 5.3214E-01  6.2881E-02  7.4320E-07 -9.6858E-08
 1.0000E-03 5.3533E-01  6.1469E-02 -3.6880E-07  1.4901E-07
 1.0000E-03 5.3855E-01  6.0114E-02  1.3039E-08 -1.6764E-07
 1.0000E-03 5.4182E-01  5.8820E-02  2.1234E-07 -1.8626E-07
 1.0000E-03 5.4512E-01  5.7589E-02 -3.3341E-07  8.9407E-08
 1.0000E-03 5.4847E-01  5.6419E-02  8.0094E-08 -2.9802E-08
 1.0000E-03 5.5185E-01  5.5306E-02 -1.4901E-08  5.9605E-08
 1.0000E-03 5.5528E-01  5.4246E-02 -2.1607E-07 -1.9372E-07
 1.0000E-03 5.5875E-01  5.3231E-02 -6.2399E-07 -3.2783E-07
 1.0000E-03 5.6226E-01  5.2256E-02  7.5065E-07  2.7567E-07
 1.0000E-03 5.6582E-01  5.1317E-02 -1.1176E-06 -4.9546E-07
 1.0000E-03 5.6943E-01  5.0408E-02  7.6368E-07 -5.4017E-07
 1.0000E-03 5.7308E-01  4.9529E-02  9.6019E-07 -1.8254E-07
 1.0000E-03 5.7677E-01  4.8683E-02  7.3295E-07 -7.8231E-08
 1.0000E-03 5.8052E-01  4.7869E-02  7.7207E-07 -5.9232E-07
 1.0000E-03 5.8431E-01  4.7091E-02  1.6522E-06 -3.6508E-07
 1.0000E-03 5.8816E-01  4.6351E-02 -1.4454E-06 -2.6822E-07
 1.0000E-03 5.9205E-01  4.5651E-02  6.2864E-07  4.5449E-07
 1.0000E-03 5.9600E-01  4.4997E-02  7.2550E-07  7.0781E-08
 1.0000E-03 6.0000E-01  4.4400E-02  1.2480E-07 -1.8999E-07
