 DDSCAT --- DDSCAT 7.3.3 [22.01.20]   
 TARGET --->TARGSPHER  spherical target with explicit spacing                 
 GPFAFT --- method of solution 
 FLTRCD --- prescription for polarizabilities
 FROM_FILE --- shape 
    4169 = NAT0 = number of dipoles
 ../../diel/Pena-Rioux_dielectric_26Au_74Ag                  
 ../../diel/Pena-Rioux_dielectric_52Au_48Ag                  
 ../../diel/Pena-Rioux_dielectric_85Au_15Ag                  
 ../../diel/Pena-Rioux_dielectric_92Au_8Ag                   
   0.000   0.000 = beta_min, beta_max ;  NBETA = 1
   0.000   0.000 = theta_min, theta_max; NTHETA= 1
   0.000   0.000 = phi_min, phi_max   ;   NPHI = 1
 0.5000 = ETASCA (param. controlling # of scatt. dirs used to calculate <cos> etc.
 Results averaged over    1 target orientations
                   and  2 incident polarizations
   aeff       wave       Q_ext     Q_abs      Q_sca     g(1)=<cos>  <cos^2>    Q_bk       Nsca
 8.0000E-02 3.0000E-01 2.7743E+00 1.5468E+00 1.2276E+00  6.4887E-01 6.1631E-01 2.7554E-02   656
 8.0000E-02 3.0101E-01 2.7708E+00 1.5483E+00 1.2226E+00  6.4843E-01 6.1518E-01 2.7460E-02   656
 8.0000E-02 3.0203E-01 2.7672E+00 1.5498E+00 1.2174E+00  6.4799E-01 6.1403E-01 2.7345E-02   656
 8.0000E-02 3.0305E-01 2.7634E+00 1.5512E+00 1.2122E+00  6.4755E-01 6.1287E-01 2.7210E-02   656
 8.0000E-02 3.0408E-01 2.7595E+00 1.5527E+00 1.2069E+00  6.4712E-01 6.1170E-01 2.7053E-02   656
 8.0000E-02 3.0512E-01 2.7554E+00 1.5540E+00 1.2014E+00  6.4670E-01 6.1052E-01 2.6876E-02   656
 8.0000E-02 3.0616E-01 2.7511E+00 1.5554E+00 1.1958E+00  6.4629E-01 6.0933E-01 2.6677E-02   656
 8.0000E-02 3.0722E-01 2.7467E+00 1.5566E+00 1.1901E+00  6.4588E-01 6.0813E-01 2.6459E-02   656
 8.0000E-02 3.0828E-01 2.7422E+00 1.5579E+00 1.1843E+00  6.4547E-01 6.0691E-01 2.6223E-02   656
 8.0000E-02 3.0934E-01 2.7378E+00 1.5591E+00 1.1787E+00  6.4505E-01 6.0567E-01 2.5977E-02   656
 8.0000E-02 3.1042E-01 2.7332E+00 1.5603E+00 1.1730E+00  6.4462E-01 6.0442E-01 2.5715E-02   656
 8.0000E-02 3.1150E-01 2.7285E+00 1.5614E+00 1.1672E+00  6.4418E-01 6.0315E-01 2.5435E-02   656
 8.0000E-02 3.1259E-01 2.7237E+00 1.5624E+00 1.1613E+00  6.4375E-01 6.0187E-01 2.5139E-02   656
 8.0000E-02 3.1368E-01 2.7187E+00 1.5634E+00 1.1553E+00  6.4330E-01 6.0057E-01 2.4827E-02   656
 8.0000E-02 3.1479E-01 2.7136E+00 1.5644E+00 1.1492E+00  6.4286E-01 5.9926E-01 2.4500E-02   656
 8.0000E-02 3.1590E-01 2.7083E+00 1.5652E+00 1.1431E+00  6.4240E-01 5.9794E-01 2.4157E-02   656
 8.0000E-02 3.1702E-01 2.7028E+00 1.5660E+00 1.1368E+00  6.4193E-01 5.9659E-01 2.3800E-02   656
 8.0000E-02 3.1815E-01 2.6970E+00 1.5667E+00 1.1303E+00  6.4148E-01 5.9524E-01 2.3424E-02   656
 8.0000E-02 3.1929E-01 2.6910E+00 1.5673E+00 1.1237E+00  6.4100E-01 5.9387E-01 2.3033E-02   656
 8.0000E-02 3.2043E-01 2.6848E+00 1.5678E+00 1.1170E+00  6.4051E-01 5.9248E-01 2.2632E-02   656
 8.0000E-02 3.2158E-01 2.6784E+00 1.5682E+00 1.1102E+00  6.3999E-01 5.9108E-01 2.2220E-02   657
 8.0000E-02 3.2274E-01 2.6717E+00 1.5685E+00 1.1033E+00  6.3946E-01 5.8965E-01 2.1798E-02   657
 8.0000E-02 3.2391E-01 2.6649E+00 1.5686E+00 1.0963E+00  6.3898E-01 5.8832E-01 2.1368E-02   602
 8.0000E-02 3.2509E-01 2.6578E+00 1.5686E+00 1.0892E+00  6.3839E-01 5.8685E-01 2.0929E-02   602
 8.0000E-02 3.2628E-01 2.6505E+00 1.5685E+00 1.0820E+00  6.3777E-01 5.8537E-01 2.0485E-02   602
 8.0000E-02 3.2747E-01 2.6424E+00 1.5680E+00 1.0744E+00  6.3714E-01 5.8387E-01 2.0019E-02   602
 8.0000E-02 3.2868E-01 2.6342E+00 1.5674E+00 1.0668E+00  6.3646E-01 5.8235E-01 1.9557E-02   602
 8.0000E-02 3.2989E-01 2.6261E+00 1.5666E+00 1.0595E+00  6.3570E-01 5.8079E-01 1.9102E-02   602
 8.0000E-02 3.3111E-01 2.6179E+00 1.5657E+00 1.0523E+00  6.3488E-01 5.7921E-01 1.8655E-02   602
 8.0000E-02 3.3234E-01 2.6098E+00 1.5645E+00 1.0453E+00  6.3398E-01 5.7760E-01 1.8217E-02   603
 8.0000E-02 3.3358E-01 2.6018E+00 1.5632E+00 1.0386E+00  6.3300E-01 5.7596E-01 1.7790E-02   603
 8.0000E-02 3.3483E-01 2.5938E+00 1.5617E+00 1.0322E+00  6.3194E-01 5.7429E-01 1.7375E-02   603
 8.0000E-02 3.3609E-01 2.5863E+00 1.5599E+00 1.0264E+00  6.3073E-01 5.7257E-01 1.6988E-02   603
 8.0000E-02 3.3736E-01 2.5796E+00 1.5581E+00 1.0215E+00  6.2937E-01 5.7081E-01 1.6635E-02   604
 8.0000E-02 3.3864E-01 2.5734E+00 1.5562E+00 1.0172E+00  6.2789E-01 5.6901E-01 1.6308E-02   604
 8.0000E-02 3.3992E-01 2.5677E+00 1.5542E+00 1.0136E+00  6.2628E-01 5.6717E-01 1.6007E-02   604
 8.0000E-02 3.4122E-01 2.5627E+00 1.5520E+00 1.0107E+00  6.2454E-01 5.6531E-01 1.5734E-02   604
 8.0000E-02 3.4253E-01 2.5584E+00 1.5498E+00 1.0085E+00  6.2266E-01 5.6341E-01 1.5490E-02   604
 8.0000E-02 3.4385E-01 2.5547E+00 1.5475E+00 1.0072E+00  6.2065E-01 5.6147E-01 1.5277E-02   604
 8.0000E-02 3.4517E-01 2.5520E+00 1.5453E+00 1.0068E+00  6.1848E-01 5.5950E-01 1.5100E-02   604
 8.0000E-02 3.4651E-01 2.5504E+00 1.5431E+00 1.0073E+00  6.1618E-01 5.5752E-01 1.4961E-02   605
 8.0000E-02 3.4786E-01 2.5496E+00 1.5409E+00 1.0087E+00  6.1376E-01 5.5551E-01 1.4850E-02   605
 8.0000E-02 3.4922E-01 2.5497E+00 1.5388E+00 1.0109E+00  6.1123E-01 5.5349E-01 1.4770E-02   605
 8.0000E-02 3.5059E-01 2.5506E+00 1.5367E+00 1.0139E+00  6.0858E-01 5.5145E-01 1.4720E-02   605
 8.0000E-02 3.5197E-01 2.5525E+00 1.5347E+00 1.0178E+00  6.0581E-01 5.4940E-01 1.4701E-02   605
 8.0000E-02 3.5336E-01 2.5553E+00 1.5327E+00 1.0225E+00  6.0293E-01 5.4734E-01 1.4715E-02   606
 8.0000E-02 3.5476E-01 2.5590E+00 1.5309E+00 1.0281E+00  5.9998E-01 5.4527E-01 1.4756E-02   606
 8.0000E-02 3.5618E-01 2.5636E+00 1.5293E+00 1.0343E+00  5.9696E-01 5.4322E-01 1.4821E-02   606
 8.0000E-02 3.5760E-01 2.5690E+00 1.5277E+00 1.0413E+00  5.9396E-01 5.4128E-01 1.4910E-02   551
 8.0000E-02 3.5904E-01 2.5751E+00 1.5262E+00 1.0489E+00  5.9079E-01 5.3922E-01 1.5023E-02   551
 8.0000E-02 3.6048E-01 2.5821E+00 1.5249E+00 1.0573E+00  5.8756E-01 5.3716E-01 1.5161E-02   551
 8.0000E-02 3.6194E-01 2.5900E+00 1.5237E+00 1.0664E+00  5.8427E-01 5.3512E-01 1.5322E-02   551
 8.0000E-02 3.6341E-01 2.5987E+00 1.5226E+00 1.0761E+00  5.8093E-01 5.3308E-01 1.5507E-02   551
 8.0000E-02 3.6490E-01 2.6080E+00 1.5216E+00 1.0864E+00  5.7756E-01 5.3105E-01 1.5707E-02   551
 8.0000E-02 3.6639E-01 2.6180E+00 1.5208E+00 1.0972E+00  5.7415E-01 5.2902E-01 1.5925E-02   551
 8.0000E-02 3.6790E-01 2.6287E+00 1.5201E+00 1.1086E+00  5.7071E-01 5.2700E-01 1.6160E-02   551
 8.0000E-02 3.6942E-01 2.6400E+00 1.5195E+00 1.1205E+00  5.6723E-01 5.2500E-01 1.6412E-02   551
 8.0000E-02 3.7095E-01 2.6521E+00 1.5190E+00 1.1330E+00  5.6373E-01 5.2300E-01 1.6683E-02   551
 8.0000E-02 3.7250E-01 2.6648E+00 1.5187E+00 1.1461E+00  5.6021E-01 5.2101E-01 1.6967E-02   551
 8.0000E-02 3.7406E-01 2.6780E+00 1.5185E+00 1.1596E+00  5.5666E-01 5.1903E-01 1.7264E-02   552
 8.0000E-02 3.7563E-01 2.6918E+00 1.5183E+00 1.1735E+00  5.5310E-01 5.1706E-01 1.7575E-02   552
 8.0000E-02 3.7722E-01 2.7061E+00 1.5182E+00 1.1880E+00  5.4951E-01 5.1510E-01 1.7901E-02   552
 8.0000E-02 3.7881E-01 2.7211E+00 1.5182E+00 1.2029E+00  5.4590E-01 5.1314E-01 1.8240E-02   552
 8.0000E-02 3.8043E-01 2.7366E+00 1.5182E+00 1.2184E+00  5.4228E-01 5.1120E-01 1.8593E-02   552
 8.0000E-02 3.8205E-01 2.7527E+00 1.5184E+00 1.2344E+00  5.3865E-01 5.0926E-01 1.8958E-02   552
 8.0000E-02 3.8369E-01 2.7693E+00 1.5185E+00 1.2508E+00  5.3500E-01 5.0733E-01 1.9336E-02   552
 8.0000E-02 3.8534E-01 2.7865E+00 1.5187E+00 1.2678E+00  5.3133E-01 5.0541E-01 1.9731E-02   552
 8.0000E-02 3.8701E-01 2.8043E+00 1.5189E+00 1.2853E+00  5.2763E-01 5.0349E-01 2.0143E-02   552
 8.0000E-02 3.8870E-01 2.8227E+00 1.5192E+00 1.3035E+00  5.2392E-01 5.0158E-01 2.0571E-02   552
 8.0000E-02 3.9039E-01 2.8419E+00 1.5195E+00 1.3224E+00  5.2020E-01 4.9968E-01 2.1016E-02   552
 8.0000E-02 3.9211E-01 2.8616E+00 1.5198E+00 1.3418E+00  5.1645E-01 4.9779E-01 2.1483E-02   552
 8.0000E-02 3.9383E-01 2.8821E+00 1.5200E+00 1.3621E+00  5.1267E-01 4.9590E-01 2.1974E-02   552
 8.0000E-02 3.9558E-01 2.9035E+00 1.5203E+00 1.3832E+00  5.0888E-01 4.9403E-01 2.2490E-02   552
 8.0000E-02 3.9733E-01 2.9259E+00 1.5206E+00 1.4053E+00  5.0508E-01 4.9216E-01 2.3031E-02   552
 8.0000E-02 3.9911E-01 2.9493E+00 1.5210E+00 1.4282E+00  5.0128E-01 4.9031E-01 2.3596E-02   552
 8.0000E-02 4.0090E-01 2.9737E+00 1.5214E+00 1.4523E+00  4.9758E-01 4.8860E-01 2.4194E-02   499
 8.0000E-02 4.0270E-01 2.9995E+00 1.5220E+00 1.4776E+00  4.9377E-01 4.8677E-01 2.4823E-02   499
 8.0000E-02 4.0452E-01 3.0267E+00 1.5226E+00 1.5041E+00  4.8998E-01 4.8495E-01 2.5477E-02   499
 8.0000E-02 4.0636E-01 3.0553E+00 1.5235E+00 1.5318E+00  4.8622E-01 4.8316E-01 2.6154E-02   499
 8.0000E-02 4.0822E-01 3.0855E+00 1.5246E+00 1.5609E+00  4.8250E-01 4.8138E-01 2.6853E-02   499
 8.0000E-02 4.1009E-01 3.1175E+00 1.5259E+00 1.5916E+00  4.7882E-01 4.7961E-01 2.7578E-02   499
 8.0000E-02 4.1198E-01 3.1514E+00 1.5277E+00 1.6237E+00  4.7522E-01 4.7787E-01 2.8316E-02   499
 8.0000E-02 4.1389E-01 3.1872E+00 1.5298E+00 1.6574E+00  4.7170E-01 4.7614E-01 2.9062E-02   499
 8.0000E-02 4.1581E-01 3.2249E+00 1.5325E+00 1.6925E+00  4.6826E-01 4.7443E-01 2.9810E-02   500
 8.0000E-02 4.1776E-01 3.2647E+00 1.5355E+00 1.7291E+00  4.6491E-01 4.7274E-01 3.0558E-02   500
 8.0000E-02 4.1972E-01 3.3066E+00 1.5392E+00 1.7674E+00  4.6168E-01 4.7106E-01 3.1294E-02   501
 8.0000E-02 4.2170E-01 3.3506E+00 1.5436E+00 1.8071E+00  4.5857E-01 4.6939E-01 3.2005E-02   501
 8.0000E-02 4.2370E-01 3.3966E+00 1.5485E+00 1.8481E+00  4.5558E-01 4.6773E-01 3.2684E-02   501
 8.0000E-02 4.2571E-01 3.4448E+00 1.5541E+00 1.8907E+00  4.5272E-01 4.6608E-01 3.3322E-02   501
 8.0000E-02 4.2775E-01 3.4951E+00 1.5603E+00 1.9349E+00  4.4998E-01 4.6442E-01 3.3906E-02   501
 8.0000E-02 4.2981E-01 3.5476E+00 1.5672E+00 1.9804E+00  4.4739E-01 4.6275E-01 3.4409E-02   501
 8.0000E-02 4.3188E-01 3.6021E+00 1.5748E+00 2.0274E+00  4.4494E-01 4.6106E-01 3.4813E-02   501
 8.0000E-02 4.3398E-01 3.6588E+00 1.5829E+00 2.0759E+00  4.4261E-01 4.5933E-01 3.5102E-02   501
 8.0000E-02 4.3610E-01 3.7178E+00 1.5917E+00 2.1261E+00  4.4042E-01 4.5756E-01 3.5252E-02   501
 8.0000E-02 4.3824E-01 3.7788E+00 1.6011E+00 2.1777E+00  4.3833E-01 4.5573E-01 3.5230E-02   501
 8.0000E-02 4.4039E-01 3.8415E+00 1.6109E+00 2.2306E+00  4.3635E-01 4.5382E-01 3.5014E-02   501
 8.0000E-02 4.4257E-01 3.9059E+00 1.6212E+00 2.2847E+00  4.3444E-01 4.5183E-01 3.4582E-02   501
 8.0000E-02 4.4478E-01 3.9718E+00 1.6318E+00 2.3400E+00  4.3259E-01 4.4975E-01 3.3911E-02   501
 8.0000E-02 4.4700E-01 4.0386E+00 1.6427E+00 2.3960E+00  4.3078E-01 4.4757E-01 3.2978E-02   501
 8.0000E-02 4.4925E-01 4.1060E+00 1.6538E+00 2.4522E+00  4.2899E-01 4.4530E-01 3.1778E-02   501
 8.0000E-02 4.5152E-01 4.1735E+00 1.6651E+00 2.5085E+00  4.2721E-01 4.4293E-01 3.0310E-02   501
 8.0000E-02 4.5381E-01 4.2408E+00 1.6766E+00 2.5643E+00  4.2540E-01 4.4049E-01 2.8581E-02   501
 8.0000E-02 4.5612E-01 4.3072E+00 1.6882E+00 2.6189E+00  4.2369E-01 4.3811E-01 2.6624E-02   452
 8.0000E-02 4.5846E-01 4.3719E+00 1.6999E+00 2.6721E+00  4.2175E-01 4.3555E-01 2.4498E-02   452
 8.0000E-02 4.6082E-01 4.4344E+00 1.7114E+00 2.7231E+00  4.1966E-01 4.3295E-01 2.2272E-02   452
 8.0000E-02 4.6321E-01 4.4937E+00 1.7224E+00 2.7713E+00  4.1735E-01 4.3032E-01 2.0046E-02   452
 8.0000E-02 4.6563E-01 4.5488E+00 1.7327E+00 2.8162E+00  4.1475E-01 4.2771E-01 1.7939E-02   452
 8.0000E-02 4.6806E-01 4.5992E+00 1.7417E+00 2.8575E+00  4.1179E-01 4.2511E-01 1.6070E-02   452
 8.0000E-02 4.7053E-01 4.6440E+00 1.7492E+00 2.8948E+00  4.0842E-01 4.2257E-01 1.4550E-02   452
 8.0000E-02 4.7302E-01 4.6828E+00 1.7548E+00 2.9281E+00  4.0459E-01 4.2009E-01 1.3483E-02   452
 8.0000E-02 4.7553E-01 4.7159E+00 1.7584E+00 2.9575E+00  4.0031E-01 4.1772E-01 1.2938E-02   452
 8.0000E-02 4.7807E-01 4.7436E+00 1.7600E+00 2.9836E+00  3.9561E-01 4.1545E-01 1.2948E-02   452
 8.0000E-02 4.8065E-01 4.7667E+00 1.7599E+00 3.0068E+00  3.9054E-01 4.1331E-01 1.3511E-02   452
 8.0000E-02 4.8324E-01 4.7861E+00 1.7582E+00 3.0280E+00  3.8519E-01 4.1131E-01 1.4589E-02   452
 8.0000E-02 4.8587E-01 4.8033E+00 1.7552E+00 3.0481E+00  3.7965E-01 4.0944E-01 1.6112E-02   452
 8.0000E-02 4.8852E-01 4.8194E+00 1.7514E+00 3.0680E+00  3.7402E-01 4.0770E-01 1.8008E-02   452
 8.0000E-02 4.9121E-01 4.8356E+00 1.7469E+00 3.0887E+00  3.6836E-01 4.0606E-01 2.0202E-02   452
 8.0000E-02 4.9392E-01 4.8528E+00 1.7417E+00 3.1111E+00  3.6271E-01 4.0450E-01 2.2644E-02   452
 8.0000E-02 4.9667E-01 4.8713E+00 1.7357E+00 3.1356E+00  3.5705E-01 4.0299E-01 2.5329E-02   452
 8.0000E-02 4.9944E-01 4.8910E+00 1.7283E+00 3.1627E+00  3.5132E-01 4.0150E-01 2.8291E-02   452
 8.0000E-02 5.0225E-01 4.9112E+00 1.7189E+00 3.1924E+00  3.4541E-01 4.0001E-01 3.1623E-02   452
 8.0000E-02 5.0508E-01 4.9307E+00 1.7064E+00 3.2244E+00  3.3914E-01 3.9850E-01 3.5473E-02   452
 8.0000E-02 5.0795E-01 4.9482E+00 1.6900E+00 3.2582E+00  3.3236E-01 3.9697E-01 4.0008E-02   452
 8.0000E-02 5.1086E-01 4.9617E+00 1.6686E+00 3.2931E+00  3.2491E-01 3.9542E-01 4.5410E-02   452
 8.0000E-02 5.1379E-01 4.9693E+00 1.6415E+00 3.3278E+00  3.1663E-01 3.9386E-01 5.1838E-02   453
 8.0000E-02 5.1676E-01 4.9697E+00 1.6084E+00 3.3613E+00  3.0746E-01 3.9231E-01 5.9395E-02   453
 8.0000E-02 5.1977E-01 4.9614E+00 1.5693E+00 3.3921E+00  2.9738E-01 3.9080E-01 6.8119E-02   453
 8.0000E-02 5.2281E-01 4.9435E+00 1.5247E+00 3.4189E+00  2.8640E-01 3.8935E-01 7.7977E-02   453
 8.0000E-02 5.2588E-01 4.9156E+00 1.4752E+00 3.4405E+00  2.7460E-01 3.8798E-01 8.8881E-02   453
 8.0000E-02 5.2899E-01 4.8779E+00 1.4218E+00 3.4560E+00  2.6219E-01 3.8685E-01 1.0070E-01   407
 8.0000E-02 5.3214E-01 4.8312E+00 1.3659E+00 3.4652E+00  2.4907E-01 3.8571E-01 1.1327E-01   407
 8.0000E-02 5.3533E-01 4.7772E+00 1.3088E+00 3.4684E+00  2.3550E-01 3.8473E-01 1.2639E-01   407
 8.0000E-02 5.3855E-01 4.7180E+00 1.2518E+00 3.4663E+00  2.2167E-01 3.8392E-01 1.3989E-01   407
 8.0000E-02 5.4182E-01 4.6561E+00 1.1960E+00 3.4601E+00  2.0774E-01 3.8331E-01 1.5359E-01   407
 8.0000E-02 5.4512E-01 4.5936E+00 1.1427E+00 3.4510E+00  1.9390E-01 3.8289E-01 1.6731E-01   407
 8.0000E-02 5.4847E-01 4.5333E+00 1.0933E+00 3.4399E+00  1.8043E-01 3.8269E-01 1.8074E-01   408
 8.0000E-02 5.5185E-01 4.4767E+00 1.0490E+00 3.4277E+00  1.6755E-01 3.8268E-01 1.9365E-01   408
 8.0000E-02 5.5528E-01 4.4247E+00 1.0105E+00 3.4143E+00  1.5542E-01 3.8282E-01 2.0579E-01   408
 8.0000E-02 5.5875E-01 4.3774E+00 9.7778E-01 3.3996E+00  1.4410E-01 3.8309E-01 2.1703E-01   408
 8.0000E-02 5.6226E-01 4.3341E+00 9.5110E-01 3.3830E+00  1.3362E-01 3.8343E-01 2.2724E-01   408
 8.0000E-02 5.6582E-01 4.2939E+00 9.3036E-01 3.3635E+00  1.2396E-01 3.8383E-01 2.3636E-01   408
 8.0000E-02 5.6943E-01 4.2560E+00 9.1551E-01 3.3405E+00  1.1504E-01 3.8425E-01 2.4434E-01   408
 8.0000E-02 5.7308E-01 4.2199E+00 9.0658E-01 3.3134E+00  1.0683E-01 3.8469E-01 2.5118E-01   408
 8.0000E-02 5.7677E-01 4.1855E+00 9.0348E-01 3.2820E+00  9.9303E-02 3.8514E-01 2.5689E-01   408
 8.0000E-02 5.8052E-01 4.1530E+00 9.0585E-01 3.2472E+00  9.2408E-02 3.8560E-01 2.6157E-01   408
 8.0000E-02 5.8431E-01 4.1227E+00 9.1331E-01 3.2094E+00  8.6120E-02 3.8606E-01 2.6529E-01   408
 8.0000E-02 5.8816E-01 4.0943E+00 9.2538E-01 3.1689E+00  8.0391E-02 3.8650E-01 2.6810E-01   408
 8.0000E-02 5.9205E-01 4.0675E+00 9.4185E-01 3.1256E+00  7.5148E-02 3.8693E-01 2.7011E-01   408
 8.0000E-02 5.9600E-01 4.0432E+00 9.6198E-01 3.0812E+00  7.0316E-02 3.8736E-01 2.7161E-01   408
 8.0000E-02 6.0000E-01 4.0241E+00 9.8441E-01 3.0397E+00  6.5811E-02 3.8780E-01 2.7310E-01   408
