 DDSCAT --- DDSCAT 7.3.3 [22.01.20]   
 TARGET --->TARGSPHER  spherical target with explicit spacing                 
 GPFAFT --- method of solution 
 FLTRCD --- prescription for polarizabilities
 FROM_FILE --- shape 
    4169 = NAT0 = number of dipoles
 ../../diel/Pena-Rioux_dielectric_26Au_74Ag                  
 ../../diel/Pena-Rioux_dielectric_52Au_48Ag                  
 ../../diel/Pena-Rioux_dielectric_85Au_15Ag                  
 ../../diel/Pena-Rioux_dielectric_92Au_8Ag                   
   0.000   0.000 = beta_min, beta_max ;  NBETA = 1
   0.000   0.000 = theta_min, theta_max; NTHETA= 1
   0.000   0.000 = phi_min, phi_max   ;   NPHI = 1
 Results averaged over    1 target orientations
                   and  2 incident polarizations
   aeff       wave       Q_pha       Q_pol       Q_cpol
 8.0000E-02 3.0000E-01 -1.8353E-01 -3.3379E-06 -2.5332E-07
 8.0000E-02 3.0101E-01 -1.8219E-01  3.8147E-06 -6.5565E-07
 8.0000E-02 3.0203E-01 -1.8093E-01  8.5831E-06 -8.9407E-07
 8.0000E-02 3.0305E-01 -1.7977E-01  2.6226E-06 -1.4901E-08
 8.0000E-02 3.0408E-01 -1.7870E-01  4.0531E-06 -1.1921E-07
 8.0000E-02 3.0512E-01 -1.7774E-01  9.2983E-06 -5.3644E-07
 8.0000E-02 3.0616E-01 -1.7687E-01 -7.3910E-06  2.5332E-07
 8.0000E-02 3.0722E-01 -1.7611E-01  5.4836E-06  8.9407E-08
 8.0000E-02 3.0828E-01 -1.7546E-01 -1.6689E-06 -3.2783E-07
 8.0000E-02 3.0934E-01 -1.7490E-01  5.4836E-06 -1.7881E-07
 8.0000E-02 3.1042E-01 -1.7446E-01  9.5367E-07  2.0862E-07
 8.0000E-02 3.1150E-01 -1.7412E-01  3.8147E-06  2.2352E-07
 8.0000E-02 3.1259E-01 -1.7389E-01  1.3351E-05  5.6624E-07
 8.0000E-02 3.1368E-01 -1.7378E-01  2.6226E-06  2.3842E-07
 8.0000E-02 3.1479E-01 -1.7379E-01  2.3842E-06  4.7684E-07
 8.0000E-02 3.1590E-01 -1.7393E-01 -2.6226E-06  8.9407E-08
 8.0000E-02 3.1702E-01 -1.7419E-01  0.0000E+00 -3.5763E-07
 8.0000E-02 3.1815E-01 -1.7439E-01 -1.1921E-06  1.9372E-07
 8.0000E-02 3.1929E-01 -1.7473E-01  5.9605E-06  5.9605E-08
 8.0000E-02 3.2043E-01 -1.7527E-01 -1.3590E-05 -3.2783E-07
 8.0000E-02 3.2158E-01 -1.7600E-01  9.5367E-07  4.6194E-07
 8.0000E-02 3.2274E-01 -1.7694E-01 -3.8147E-06  6.4075E-07
 8.0000E-02 3.2391E-01 -1.7810E-01 -2.3842E-07 -1.3411E-07
 8.0000E-02 3.2509E-01 -1.7949E-01 -4.7684E-07  1.3560E-06
 8.0000E-02 3.2628E-01 -1.8112E-01  3.3379E-06 -9.0897E-07
 8.0000E-02 3.2747E-01 -1.8330E-01 -5.0068E-06  4.4703E-07
 8.0000E-02 3.2868E-01 -1.8583E-01 -6.6757E-06 -8.7917E-07
 8.0000E-02 3.2989E-01 -1.8872E-01 -3.3379E-06 -3.5763E-07
 8.0000E-02 3.3111E-01 -1.9200E-01 -7.1526E-06 -2.5332E-07
 8.0000E-02 3.3234E-01 -1.9567E-01 -7.1526E-07 -3.1292E-07
 8.0000E-02 3.3358E-01 -1.9976E-01 -7.1526E-07 -1.1921E-07
 8.0000E-02 3.3483E-01 -2.0428E-01 -8.3447E-06 -4.0233E-07
 8.0000E-02 3.3609E-01 -2.0941E-01 -2.1458E-06  2.9802E-08
 8.0000E-02 3.3736E-01 -2.1508E-01  2.8610E-06 -4.0233E-07
 8.0000E-02 3.3864E-01 -2.2111E-01  0.0000E+00 -2.3097E-06
 8.0000E-02 3.3992E-01 -2.2752E-01  7.1526E-07 -2.2948E-06
 8.0000E-02 3.4122E-01 -2.3431E-01  4.5300E-06  2.4587E-06
 8.0000E-02 3.4253E-01 -2.4147E-01 -1.4305E-06  2.9504E-06
 8.0000E-02 3.4385E-01 -2.4903E-01  1.4305E-06  1.5944E-06
 8.0000E-02 3.4517E-01 -2.5689E-01 -5.2452E-06 -1.7881E-07
 8.0000E-02 3.4651E-01 -2.6487E-01  5.9605E-06  2.9802E-07
 8.0000E-02 3.4786E-01 -2.7303E-01  7.1526E-07  5.9605E-07
 8.0000E-02 3.4922E-01 -2.8137E-01  1.1921E-06  2.9802E-08
 8.0000E-02 3.5059E-01 -2.8987E-01 -5.7220E-06  8.9407E-08
 8.0000E-02 3.5197E-01 -2.9853E-01 -7.6294E-06 -7.1526E-07
 8.0000E-02 3.5336E-01 -3.0735E-01  2.8610E-06 -8.6427E-07
 8.0000E-02 3.5476E-01 -3.1616E-01  6.9141E-06  8.6427E-07
 8.0000E-02 3.5618E-01 -3.2494E-01  1.9073E-06 -1.4901E-07
 8.0000E-02 3.5760E-01 -3.3374E-01  4.7684E-07 -5.8413E-06
 8.0000E-02 3.5904E-01 -3.4255E-01  2.6464E-05 -1.4603E-06
 8.0000E-02 3.6048E-01 -3.5136E-01  4.7684E-06 -5.0664E-07
 8.0000E-02 3.6194E-01 -3.6017E-01  1.0729E-05  3.5465E-06
 8.0000E-02 3.6341E-01 -3.6891E-01  7.1526E-06  2.8312E-06
 8.0000E-02 3.6490E-01 -3.7755E-01 -1.1444E-05  3.9637E-06
 8.0000E-02 3.6639E-01 -3.8613E-01 -4.7684E-07 -1.3709E-06
 8.0000E-02 3.6790E-01 -3.9465E-01 -9.5367E-07  1.1921E-06
 8.0000E-02 3.6942E-01 -4.0311E-01 -5.4836E-06 -5.9605E-07
 8.0000E-02 3.7095E-01 -4.1150E-01 -1.3113E-05  4.5002E-06
 8.0000E-02 3.7250E-01 -4.1980E-01  4.7684E-07  3.7551E-06
 8.0000E-02 3.7406E-01 -4.2799E-01 -1.2636E-05  3.5167E-06
 8.0000E-02 3.7563E-01 -4.3614E-01  2.3842E-07 -9.5367E-07
 8.0000E-02 3.7722E-01 -4.4425E-01 -2.6226E-06 -3.2783E-07
 8.0000E-02 3.7881E-01 -4.5231E-01 -7.6294E-06 -1.7881E-07
 8.0000E-02 3.8043E-01 -4.6030E-01 -6.4373E-06 -5.3644E-07
 8.0000E-02 3.8205E-01 -4.6824E-01  2.1458E-06  1.1027E-06
 8.0000E-02 3.8369E-01 -4.7618E-01  2.3842E-07  2.3842E-06
 8.0000E-02 3.8534E-01 -4.8413E-01  5.0068E-06 -1.4901E-06
 8.0000E-02 3.8701E-01 -4.9210E-01 -9.2983E-06  1.7583E-06
 8.0000E-02 3.8870E-01 -5.0008E-01  1.4544E-05  2.3842E-06
 8.0000E-02 3.9039E-01 -5.0806E-01 -4.0531E-06 -5.9605E-07
 8.0000E-02 3.9211E-01 -5.1617E-01 -7.3910E-06 -4.1723E-06
 8.0000E-02 3.9383E-01 -5.2436E-01 -5.7220E-06 -1.0729E-06
 8.0000E-02 3.9558E-01 -5.3262E-01 -4.5300E-06  5.3644E-07
 8.0000E-02 3.9733E-01 -5.4095E-01  3.5763E-06 -1.7285E-06
 8.0000E-02 3.9911E-01 -5.4934E-01 -7.6294E-06  1.6689E-06
 8.0000E-02 4.0090E-01 -5.5792E-01  2.8610E-06 -3.5167E-06
 8.0000E-02 4.0270E-01 -5.6657E-01  5.4836E-06 -1.8477E-06
 8.0000E-02 4.0452E-01 -5.7524E-01  9.5367E-07 -2.8014E-06
 8.0000E-02 4.0636E-01 -5.8391E-01  2.8610E-06  5.0664E-06
 8.0000E-02 4.0822E-01 -5.9255E-01  1.4305E-06 -1.3709E-06
 8.0000E-02 4.1009E-01 -6.0117E-01  1.6689E-06 -2.0862E-06
 8.0000E-02 4.1198E-01 -6.0960E-01 -4.0531E-06  0.0000E+00
 8.0000E-02 4.1389E-01 -6.1778E-01 -2.8610E-06  2.3842E-06
 8.0000E-02 4.1581E-01 -6.2566E-01 -5.4836E-06 -2.3842E-06
 8.0000E-02 4.1776E-01 -6.3321E-01 -1.0729E-05  5.0068E-06
 8.0000E-02 4.1972E-01 -6.4021E-01 -7.1526E-07 -2.9802E-06
 8.0000E-02 4.2170E-01 -6.4662E-01  1.1921E-05  3.9339E-06
 8.0000E-02 4.2370E-01 -6.5239E-01 -1.6689E-06 -1.2517E-06
 8.0000E-02 4.2571E-01 -6.5747E-01  5.4836E-06 -1.6689E-06
 8.0000E-02 4.2775E-01 -6.6173E-01 -9.5367E-06  0.0000E+00
 8.0000E-02 4.2981E-01 -6.6500E-01  7.1526E-07 -7.1526E-07
 8.0000E-02 4.3188E-01 -6.6725E-01  4.7684E-07 -2.3246E-06
 8.0000E-02 4.3398E-01 -6.6835E-01 -3.0994E-06 -4.7684E-07
 8.0000E-02 4.3610E-01 -6.6814E-01  9.5367E-07  1.7881E-07
 8.0000E-02 4.3824E-01 -6.6636E-01  6.9141E-06 -4.1723E-07
 8.0000E-02 4.4039E-01 -6.6293E-01  1.1921E-06  3.0994E-06
 8.0000E-02 4.4257E-01 -6.5767E-01 -1.7881E-05 -2.0266E-06
 8.0000E-02 4.4478E-01 -6.5035E-01  0.0000E+00 -5.9605E-08
 8.0000E-02 4.4700E-01 -6.4083E-01 -6.6757E-06  3.8743E-06
 8.0000E-02 4.4925E-01 -6.2905E-01 -1.9073E-06  2.9802E-07
 8.0000E-02 4.5152E-01 -6.1486E-01  4.7684E-07 -3.5763E-07
 8.0000E-02 4.5381E-01 -5.9809E-01 -4.2915E-06 -3.5167E-06
 8.0000E-02 4.5612E-01 -5.7872E-01  1.2875E-05  1.6689E-06
 8.0000E-02 4.5846E-01 -5.5673E-01 -5.7220E-06  6.8545E-06
 8.0000E-02 4.6082E-01 -5.3207E-01  2.3842E-06  2.0862E-06
 8.0000E-02 4.6321E-01 -5.0478E-01 -1.3351E-05 -2.6822E-06
 8.0000E-02 4.6563E-01 -4.7517E-01 -3.8147E-06 -1.3113E-06
 8.0000E-02 4.6806E-01 -4.4358E-01  5.2452E-06  5.7518E-06
 8.0000E-02 4.7053E-01 -4.1043E-01 -3.0041E-05  1.4901E-07
 8.0000E-02 4.7302E-01 -3.7632E-01 -1.5736E-05 -2.5928E-06
 8.0000E-02 4.7553E-01 -3.4192E-01  6.1989E-06  1.5795E-06
 8.0000E-02 4.7807E-01 -3.0777E-01 -2.3842E-06  1.9968E-06
 8.0000E-02 4.8065E-01 -2.7440E-01  1.0490E-05  3.7551E-06
 8.0000E-02 4.8324E-01 -2.4218E-01 -1.0967E-05  1.4901E-07
 8.0000E-02 4.8587E-01 -2.1120E-01  4.2915E-06  2.5332E-06
 8.0000E-02 4.8852E-01 -1.8141E-01  4.2915E-06 -7.7486E-07
 8.0000E-02 4.9121E-01 -1.5252E-01  1.3828E-05  2.0564E-06
 8.0000E-02 4.9392E-01 -1.2394E-01  1.9550E-05  2.5257E-06
 8.0000E-02 4.9667E-01 -9.5030E-02 -1.0967E-05 -6.6236E-06
 8.0000E-02 4.9944E-01 -6.5126E-02 -3.8147E-06  9.9093E-07
 8.0000E-02 5.0225E-01 -3.3498E-02 -2.5272E-05  1.0412E-05
 8.0000E-02 5.0508E-01  3.4308E-04  2.5749E-05 -9.0009E-06
 8.0000E-02 5.0795E-01  3.6731E-02 -9.0599E-06 -8.0094E-07
 8.0000E-02 5.1086E-01  7.5770E-02 -6.1989E-06  8.7246E-06
 8.0000E-02 5.1379E-01  1.1715E-01 -9.5367E-07 -1.4007E-06
 8.0000E-02 5.1676E-01  1.6039E-01 -1.9073E-06 -1.3366E-05
 8.0000E-02 5.1977E-01  2.0478E-01  4.7684E-07 -1.9372E-06
 8.0000E-02 5.2281E-01  2.4930E-01  1.3828E-05 -4.0233E-07
 8.0000E-02 5.2588E-01  2.9298E-01  1.9073E-05 -1.1414E-05
 8.0000E-02 5.2899E-01  3.3462E-01  2.9087E-05  4.6790E-06
 8.0000E-02 5.3214E-01  3.7306E-01 -2.0027E-05 -5.5134E-06
 8.0000E-02 5.3533E-01  4.0730E-01  1.8120E-05 -3.1292E-06
 8.0000E-02 5.3855E-01  4.3674E-01  3.1471E-05 -4.7684E-07
 8.0000E-02 5.4182E-01  4.6101E-01 -9.5367E-07  8.1956E-06
 8.0000E-02 5.4512E-01  4.8010E-01  3.5763E-05  2.3931E-05
 8.0000E-02 5.4847E-01  4.9439E-01 -2.0027E-05  2.3186E-05
 8.0000E-02 5.5185E-01  5.0478E-01 -4.4823E-05 -1.1384E-05
 8.0000E-02 5.5528E-01  5.1220E-01  1.2398E-05  1.3411E-05
 8.0000E-02 5.5875E-01  5.1758E-01  7.6294E-06  2.9206E-06
 8.0000E-02 5.6226E-01  5.2155E-01  1.8597E-05  4.0531E-06
 8.0000E-02 5.6582E-01  5.2449E-01  4.2915E-06  1.7464E-05
 8.0000E-02 5.6943E-01  5.2645E-01  6.6757E-06  3.2783E-06
 8.0000E-02 5.7308E-01  5.2726E-01 -2.1935E-05  1.8477E-06
 8.0000E-02 5.7677E-01  5.2663E-01 -2.2411E-05 -3.8147E-06
 8.0000E-02 5.8052E-01  5.2440E-01 -7.1526E-05  1.1802E-05
 8.0000E-02 5.8431E-01  5.2055E-01 -2.4319E-05  2.1935E-05
 8.0000E-02 5.8816E-01  5.1503E-01 -8.7738E-05 -5.1260E-06
 8.0000E-02 5.9205E-01  5.0713E-01 -3.6716E-05  4.1723E-05
 8.0000E-02 5.9600E-01  4.9590E-01  1.9073E-05  7.9870E-06
 8.0000E-02 6.0000E-01  4.8031E-01  6.1989E-06  1.2219E-06
