 DDSCAT --- DDSCAT 7.3.3 [22.01.20]   
 TARGET --->TARGSPHER  spherical target with explicit spacing                 
 GPFAFT --- method of solution 
 FLTRCD --- prescription for polarizabilities
 FROM_FILE --- shape 
    4169 = NAT0 = number of dipoles
 ../../diel/Pena-Rioux_dielectric_26Au_74Ag                  
 ../../diel/Pena-Rioux_dielectric_85Au_15Ag                  
 ../../diel/Au_evap                                          
   0.000   0.000 = beta_min, beta_max ;  NBETA = 1
   0.000   0.000 = theta_min, theta_max; NTHETA= 1
   0.000   0.000 = phi_min, phi_max   ;   NPHI = 1
 Results averaged over    1 target orientations
                   and  2 incident polarizations
   aeff       wave       Q_pha       Q_pol       Q_cpol
 1.0000E-03 3.0000E-01  2.2151E-02  1.4901E-07 -9.3132E-09
 1.0000E-03 3.0101E-01  2.1941E-02  1.4901E-08 -4.2841E-08
 1.0000E-03 3.0203E-01  2.1708E-02  8.1956E-08 -1.8626E-09
 1.0000E-03 3.0305E-01  2.1471E-02  1.7136E-07 -1.8626E-08
 1.0000E-03 3.0408E-01  2.1230E-02 -3.7253E-08 -2.7940E-08
 1.0000E-03 3.0512E-01  2.0985E-02  8.1956E-08 -2.9802E-08
 1.0000E-03 3.0616E-01  2.0736E-02  5.9605E-08  8.9407E-08
 1.0000E-03 3.0722E-01  2.0481E-02  1.4156E-07 -2.7940E-08
 1.0000E-03 3.0828E-01  2.0227E-02  1.7136E-07  4.6566E-08
 1.0000E-03 3.0934E-01  1.9986E-02  7.4506E-09  3.7253E-08
 1.0000E-03 3.1042E-01  1.9741E-02 -2.0117E-07 -5.0291E-08
 1.0000E-03 3.1150E-01  1.9513E-02  5.9605E-08 -7.6368E-08
 1.0000E-03 3.1259E-01  1.9287E-02 -9.6858E-08  1.8626E-09
 1.0000E-03 3.1368E-01  1.9055E-02 -4.4703E-08 -1.6764E-08
 1.0000E-03 3.1479E-01  1.8818E-02  1.0431E-07 -2.2352E-08
 1.0000E-03 3.1590E-01  1.8574E-02  1.0431E-07  2.7940E-08
 1.0000E-03 3.1702E-01  1.8324E-02  1.1921E-07  2.7940E-08
 1.0000E-03 3.1815E-01  1.8069E-02  0.0000E+00  3.7253E-09
 1.0000E-03 3.1929E-01  1.7804E-02  8.1956E-08 -9.3132E-09
 1.0000E-03 3.2043E-01  1.7525E-02  1.1176E-07  3.7253E-09
 1.0000E-03 3.2158E-01  1.7191E-02 -1.2666E-07 -1.3039E-08
 1.0000E-03 3.2274E-01  1.6847E-02  0.0000E+00  7.4506E-08
 1.0000E-03 3.2391E-01  1.6492E-02 -8.1956E-08  5.5879E-09
 1.0000E-03 3.2509E-01  1.6126E-02  1.2666E-07  1.4901E-08
 1.0000E-03 3.2628E-01  1.5749E-02 -1.3411E-07 -1.6764E-08
 1.0000E-03 3.2747E-01  1.5326E-02  2.2352E-08 -1.3970E-08
 1.0000E-03 3.2868E-01  1.4891E-02 -8.9407E-08 -3.0734E-08
 1.0000E-03 3.2989E-01  1.4445E-02 -5.2154E-08 -2.3283E-08
 1.0000E-03 3.3111E-01  1.3988E-02  9.6858E-08  9.3132E-10
 1.0000E-03 3.3234E-01  1.3545E-02 -2.6077E-07  2.7940E-09
 1.0000E-03 3.3358E-01  1.3105E-02 -7.4506E-09  7.4506E-09
 1.0000E-03 3.3483E-01  1.2658E-02  1.9372E-07 -1.4901E-08
 1.0000E-03 3.3609E-01  1.2208E-02  9.6858E-08 -6.5193E-09
 1.0000E-03 3.3736E-01  1.1763E-02  2.2352E-08 -9.3132E-10
 1.0000E-03 3.3864E-01  1.1323E-02 -2.9802E-08  0.0000E+00
 1.0000E-03 3.3992E-01  1.0886E-02  2.2352E-08  1.8626E-09
 1.0000E-03 3.4122E-01  1.0451E-02  9.6858E-08 -2.7940E-08
 1.0000E-03 3.4253E-01  1.0020E-02 -2.4587E-07  2.7940E-08
 1.0000E-03 3.4385E-01  9.5903E-03  2.2352E-08 -5.5879E-09
 1.0000E-03 3.4517E-01  9.1662E-03 -1.4901E-08 -1.0245E-08
 1.0000E-03 3.4651E-01  8.7563E-03 -1.1921E-07  2.7940E-09
 1.0000E-03 3.4786E-01  8.3521E-03 -1.7136E-07  8.3819E-09
 1.0000E-03 3.4922E-01  7.9538E-03  4.4703E-08  1.2107E-08
 1.0000E-03 3.5059E-01  7.5612E-03 -2.2352E-08 -1.9092E-08
 1.0000E-03 3.5197E-01  7.1744E-03 -1.4901E-08  9.3132E-09
 1.0000E-03 3.5336E-01  6.7933E-03  4.4703E-08  7.4506E-09
 1.0000E-03 3.5476E-01  6.4191E-03  1.1176E-07  6.0536E-09
 1.0000E-03 3.5618E-01  6.0499E-03 -2.2352E-08 -6.5193E-09
 1.0000E-03 3.5760E-01  5.6893E-03  8.9407E-08  2.7940E-09
 1.0000E-03 3.5904E-01  5.3380E-03  7.4506E-08 -4.6566E-10
 1.0000E-03 3.6048E-01  4.9966E-03  4.4703E-08  7.4506E-09
 1.0000E-03 3.6194E-01  4.6662E-03  2.9802E-08  2.3283E-09
 1.0000E-03 3.6341E-01  4.3489E-03 -2.9802E-08 -2.7940E-09
 1.0000E-03 3.6490E-01  4.0473E-03 -5.9605E-08 -4.1910E-09
 1.0000E-03 3.6639E-01  3.7606E-03  6.7055E-08 -1.0012E-08
 1.0000E-03 3.6790E-01  3.4904E-03 -6.7055E-08  4.1910E-09
 1.0000E-03 3.6942E-01  3.2445E-03  1.7881E-07  5.3551E-09
 1.0000E-03 3.7095E-01  3.0185E-03 -1.1921E-07 -6.9849E-10
 1.0000E-03 3.7250E-01  2.8152E-03  9.6858E-08  4.6566E-10
 1.0000E-03 3.7406E-01  2.6367E-03  0.0000E+00 -1.6298E-09
 1.0000E-03 3.7563E-01  2.4826E-03  1.4901E-08  9.3132E-10
 1.0000E-03 3.7722E-01  2.3558E-03 -1.7881E-07 -1.8626E-09
 1.0000E-03 3.7881E-01  2.2597E-03  2.5332E-07 -1.0245E-08
 1.0000E-03 3.8043E-01  2.1980E-03  6.7055E-08  7.4506E-09
 1.0000E-03 3.8205E-01  2.1752E-03  2.6822E-07  3.0268E-09
 1.0000E-03 3.8369E-01  2.1868E-03  3.5763E-07  1.1642E-09
 1.0000E-03 3.8534E-01  2.2352E-03  1.4901E-08  3.9581E-09
 1.0000E-03 3.8701E-01  2.3247E-03  1.7136E-07 -9.2434E-08
 1.0000E-03 3.8870E-01  2.4622E-03 -6.2585E-07  2.8126E-07
 1.0000E-03 3.9039E-01  2.6540E-03 -4.8429E-07 -2.3586E-07
 1.0000E-03 3.9211E-01  2.9017E-03 -9.2387E-07 -3.9092E-07
 1.0000E-03 3.9383E-01  3.2108E-03 -2.8312E-07 -6.3679E-07
 1.0000E-03 3.9558E-01  3.5900E-03 -5.9605E-08 -4.3772E-07
 1.0000E-03 3.9733E-01  4.0490E-03  1.3411E-07  2.0489E-08
 1.0000E-03 3.9911E-01  4.5984E-03  1.1921E-07 -1.4901E-07
 1.0000E-03 4.0090E-01  5.2488E-03  1.6540E-06  2.3888E-07
 1.0000E-03 4.0270E-01  6.0104E-03 -6.2585E-07  2.1094E-07
 1.0000E-03 4.0452E-01  6.8974E-03  3.1292E-07 -9.5926E-08
 1.0000E-03 4.0636E-01  7.9258E-03 -1.4305E-06  1.3318E-07
 1.0000E-03 4.0822E-01  9.1125E-03  1.3411E-06 -2.7474E-07
 1.0000E-03 4.1009E-01  1.0469E-02 -4.4703E-07 -2.5332E-07
 1.0000E-03 4.1198E-01  1.2010E-02  2.6822E-07  2.1420E-08
 1.0000E-03 4.1389E-01  1.3748E-02 -6.1095E-07 -3.2131E-07
 1.0000E-03 4.1581E-01  1.5688E-02  1.4901E-07  1.3039E-08
 1.0000E-03 4.1776E-01  1.7842E-02 -4.3213E-07 -9.1270E-08
 1.0000E-03 4.1972E-01  2.0203E-02 -2.9802E-07  1.1921E-07
 1.0000E-03 4.2170E-01  2.2755E-02  3.2783E-07 -7.8231E-07
 1.0000E-03 4.2370E-01  2.5472E-02 -4.6194E-07 -2.7940E-08
 1.0000E-03 4.2571E-01  2.8318E-02  3.7253E-07 -3.0175E-07
 1.0000E-03 4.2775E-01  3.1248E-02  4.0233E-07 -3.0547E-07
 1.0000E-03 4.2981E-01  3.4209E-02  1.1772E-06 -2.2724E-07
 1.0000E-03 4.3188E-01  3.7184E-02 -7.0035E-07 -1.1548E-07
 1.0000E-03 4.3398E-01  4.0122E-02  7.4506E-08  1.0803E-07
 1.0000E-03 4.3610E-01  4.2976E-02  4.1723E-07  4.0978E-08
 1.0000E-03 4.3824E-01  4.5708E-02 -8.9407E-08  9.6858E-08
 1.0000E-03 4.4039E-01  4.8301E-02 -4.3213E-07  3.4273E-07
 1.0000E-03 4.4257E-01  5.0736E-02 -2.3842E-07  1.1176E-07
 1.0000E-03 4.4478E-01  5.2994E-02  7.4506E-08 -4.0978E-08
 1.0000E-03 4.4700E-01  5.5060E-02  7.4506E-08  4.8429E-08
 1.0000E-03 4.4925E-01  5.6935E-02  8.9407E-08 -1.0431E-07
 1.0000E-03 4.5152E-01  5.8581E-02 -2.0862E-07  1.1176E-08
 1.0000E-03 4.5381E-01  5.9958E-02  1.6391E-07  7.8231E-08
 1.0000E-03 4.5612E-01  6.1174E-02  2.0862E-07 -1.0431E-07
 1.0000E-03 4.5846E-01  6.2239E-02  1.6391E-07 -7.4506E-08
 1.0000E-03 4.6082E-01  6.3158E-02 -2.6822E-07  7.4506E-09
 1.0000E-03 4.6321E-01  6.3940E-02  4.7684E-07 -4.4703E-08
 1.0000E-03 4.6563E-01  6.4603E-02  1.4901E-08  1.3411E-07
 1.0000E-03 4.6806E-01  6.5157E-02  3.6508E-07  1.1921E-07
 1.0000E-03 4.7053E-01  6.5610E-02 -3.7253E-07  1.9372E-07
 1.0000E-03 4.7302E-01  6.5987E-02 -3.1292E-07 -2.2352E-08
 1.0000E-03 4.7553E-01  6.6302E-02 -1.4156E-07 -3.7253E-08
 1.0000E-03 4.7807E-01  6.6557E-02  6.7055E-08  2.2352E-08
 1.0000E-03 4.8065E-01  6.6762E-02 -1.4156E-07 -5.2154E-08
 1.0000E-03 4.8324E-01  6.6924E-02 -2.0117E-07  2.2352E-08
 1.0000E-03 4.8587E-01  6.7051E-02 -2.0862E-07 -1.1176E-07
 1.0000E-03 4.8852E-01  6.7152E-02  1.5646E-07  1.7136E-07
 1.0000E-03 4.9121E-01  6.7236E-02  1.4901E-07 -1.3411E-07
 1.0000E-03 4.9392E-01  6.7313E-02  8.9407E-08  7.4506E-09
 1.0000E-03 4.9667E-01  6.7460E-02 -5.2154E-08 -1.4156E-07
 1.0000E-03 4.9944E-01  6.7777E-02  5.9605E-08  1.8626E-07
 1.0000E-03 5.0225E-01  6.8085E-02 -6.7055E-08  2.1607E-07
 1.0000E-03 5.0508E-01  6.8377E-02 -1.1176E-07 -1.2666E-07
 1.0000E-03 5.0795E-01  6.8640E-02 -7.4506E-08 -1.4901E-07
 1.0000E-03 5.1086E-01  6.8858E-02 -1.0431E-07  8.9407E-08
 1.0000E-03 5.1379E-01  6.9013E-02 -1.4901E-08  1.2666E-07
 1.0000E-03 5.1676E-01  6.9083E-02  3.3528E-08  2.3842E-07
 1.0000E-03 5.1977E-01  6.9045E-02 -5.5879E-08 -2.1607E-07
 1.0000E-03 5.2281E-01  6.8647E-02 -1.8626E-07 -1.6391E-07
 1.0000E-03 5.2588E-01  6.7983E-02 -2.8685E-07  1.0431E-07
 1.0000E-03 5.2899E-01  6.7202E-02  6.7055E-08  1.3411E-07
 1.0000E-03 5.3214E-01  6.6317E-02 -5.5879E-08  6.7055E-08
 1.0000E-03 5.3533E-01  6.5340E-02 -4.8429E-08  1.1921E-07
 1.0000E-03 5.3855E-01  6.4285E-02 -6.3330E-08 -1.4901E-08
 1.0000E-03 5.4182E-01  6.3166E-02  1.1548E-07  9.6858E-08
 1.0000E-03 5.4512E-01  6.1994E-02 -1.1176E-08 -3.7253E-08
 1.0000E-03 5.4847E-01  6.0784E-02  2.0675E-07  8.5682E-08
 1.0000E-03 5.5185E-01  5.9613E-02  3.1665E-08 -1.6391E-07
 1.0000E-03 5.5528E-01  5.8438E-02  1.8626E-09 -1.0803E-07
 1.0000E-03 5.5875E-01  5.7264E-02  1.8626E-09  1.8626E-07
 1.0000E-03 5.6226E-01  5.6097E-02 -3.5390E-08 -1.1921E-07
 1.0000E-03 5.6582E-01  5.4947E-02 -1.6764E-08  5.9605E-08
 1.0000E-03 5.6943E-01  5.3821E-02  3.1479E-07  1.6019E-07
 1.0000E-03 5.7308E-01  5.2729E-02  3.6135E-07 -7.0781E-08
 1.0000E-03 5.7677E-01  5.1677E-02  4.7404E-07 -3.3900E-07
 1.0000E-03 5.8052E-01  5.0672E-02  6.5193E-08 -7.8231E-08
 1.0000E-03 5.8431E-01  4.9707E-02 -2.4214E-08  3.7253E-09
 1.0000E-03 5.8816E-01  4.8785E-02 -9.2201E-08 -2.3097E-07
 1.0000E-03 5.9205E-01  4.7905E-02 -4.0513E-07  3.6880E-07
 1.0000E-03 5.9600E-01  4.7052E-02 -6.5193E-09  2.9802E-08
 1.0000E-03 6.0000E-01  4.6215E-02 -8.0187E-07 -3.7998E-07
