 DDSCAT --- DDSCAT 7.3.3 [22.01.20]   
 TARGET --- Cyl.w.caps, NAT=  27008 NFAC= 248 NLAY=  97 cyl.asp.ratio= 5.4587 
 GPFAFT --- method of solution 
 GKDLDR --- prescription for polarizabilities
 CYLNDRCAP --- shape 
   27008 = NAT0 = number of dipoles
 ../diel/Ag_evap                                             
   0.000   0.000 = beta_min, beta_max ;  NBETA = 1
   0.000   0.000 = theta_min, theta_max; NTHETA= 1
   0.000   0.000 = phi_min, phi_max   ;   NPHI = 1
 Results averaged over    1 target orientations
                   and  1 incident polarizations
   aeff       wave      Q_pha
 1.0000E-03 3.0000E-01  1.2417E-02
 1.0000E-03 3.0152E-01  9.5310E-03
 1.0000E-03 3.0303E-01  7.3409E-03
 1.0000E-03 3.0455E-01  5.2172E-03
 1.0000E-03 3.0606E-01  3.1925E-03
 1.0000E-03 3.0758E-01  1.2960E-03
 1.0000E-03 3.0909E-01 -4.4842E-04
 1.0000E-03 3.1061E-01 -2.0231E-03
 1.0000E-03 3.1212E-01 -4.0299E-03
 1.0000E-03 3.1364E-01 -6.0150E-03
 1.0000E-03 3.1515E-01 -7.9939E-03
 1.0000E-03 3.1667E-01 -1.0012E-02
 1.0000E-03 3.1818E-01 -1.2111E-02
 1.0000E-03 3.1970E-01 -1.4325E-02
 1.0000E-03 3.2121E-01 -1.7432E-02
 1.0000E-03 3.2273E-01 -2.1400E-02
 1.0000E-03 3.2424E-01 -2.5719E-02
 1.0000E-03 3.2576E-01 -3.0586E-02
 1.0000E-03 3.2727E-01 -3.6293E-02
 1.0000E-03 3.2879E-01 -4.3272E-02
 1.0000E-03 3.3030E-01 -5.2164E-02
 1.0000E-03 3.3182E-01 -6.2375E-02
 1.0000E-03 3.3333E-01 -6.8746E-02
 1.0000E-03 3.3485E-01 -7.5876E-02
 1.0000E-03 3.3636E-01 -8.3826E-02
 1.0000E-03 3.3788E-01 -9.2344E-02
 1.0000E-03 3.3939E-01 -9.9971E-02
 1.0000E-03 3.4091E-01 -1.0348E-01
 1.0000E-03 3.4242E-01 -9.9785E-02
 1.0000E-03 3.4394E-01 -9.9239E-02
 1.0000E-03 3.4545E-01 -9.5918E-02
 1.0000E-03 3.4697E-01 -9.0838E-02
 1.0000E-03 3.4848E-01 -8.1540E-02
 1.0000E-03 3.5000E-01 -6.4323E-02
 1.0000E-03 3.5152E-01 -4.1368E-02
 1.0000E-03 3.5303E-01 -1.3245E-02
 1.0000E-03 3.5455E-01  2.7719E-02
 1.0000E-03 3.5606E-01  7.7847E-02
 1.0000E-03 3.5758E-01  1.2203E-01
 1.0000E-03 3.5909E-01  1.4655E-01
 1.0000E-03 3.6061E-01  1.5343E-01
 1.0000E-03 3.6212E-01  1.5095E-01
 1.0000E-03 3.6364E-01  1.4498E-01
 1.0000E-03 3.6515E-01  1.3846E-01
 1.0000E-03 3.6667E-01  1.3152E-01
 1.0000E-03 3.6818E-01  1.2356E-01
 1.0000E-03 3.6970E-01  1.1470E-01
 1.0000E-03 3.7121E-01  1.0553E-01
 1.0000E-03 3.7273E-01  9.6832E-02
 1.0000E-03 3.7424E-01  8.9761E-02
 1.0000E-03 3.7576E-01  8.5515E-02
 1.0000E-03 3.7727E-01  8.4922E-02
 1.0000E-03 3.7879E-01  8.7997E-02
 1.0000E-03 3.8030E-01  9.2443E-02
 1.0000E-03 3.8182E-01  9.6048E-02
 1.0000E-03 3.8333E-01  9.9428E-02
 1.0000E-03 3.8485E-01  1.0372E-01
 1.0000E-03 3.8636E-01  1.0751E-01
 1.0000E-03 3.8788E-01  1.1046E-01
 1.0000E-03 3.8939E-01  1.1122E-01
 1.0000E-03 3.9091E-01  1.0914E-01
 1.0000E-03 3.9242E-01  1.0546E-01
 1.0000E-03 3.9394E-01  1.0129E-01
 1.0000E-03 3.9545E-01  9.7250E-02
 1.0000E-03 3.9697E-01  9.3595E-02
 1.0000E-03 3.9848E-01  9.0391E-02
 1.0000E-03 4.0000E-01  8.7690E-02
 1.0000E-03 4.0152E-01  8.5360E-02
 1.0000E-03 4.0303E-01  8.3292E-02
 1.0000E-03 4.0455E-01  8.1209E-02
 1.0000E-03 4.0606E-01  7.9023E-02
 1.0000E-03 4.0758E-01  7.6839E-02
 1.0000E-03 4.0909E-01  7.4701E-02
 1.0000E-03 4.1061E-01  7.2606E-02
 1.0000E-03 4.1212E-01  7.0581E-02
 1.0000E-03 4.1364E-01  6.8701E-02
 1.0000E-03 4.1515E-01  6.7047E-02
 1.0000E-03 4.1667E-01  6.5694E-02
 1.0000E-03 4.1818E-01  6.4688E-02
 1.0000E-03 4.1970E-01  6.3762E-02
 1.0000E-03 4.2121E-01  6.2651E-02
 1.0000E-03 4.2273E-01  6.1404E-02
 1.0000E-03 4.2424E-01  6.0126E-02
 1.0000E-03 4.2576E-01  5.8873E-02
 1.0000E-03 4.2727E-01  5.7729E-02
 1.0000E-03 4.2879E-01  5.6844E-02
 1.0000E-03 4.3030E-01  5.6197E-02
 1.0000E-03 4.3182E-01  5.5478E-02
 1.0000E-03 4.3333E-01  5.4661E-02
 1.0000E-03 4.3485E-01  5.4142E-02
 1.0000E-03 4.3636E-01  5.4232E-02
 1.0000E-03 4.3788E-01  5.4440E-02
 1.0000E-03 4.3939E-01  5.4105E-02
 1.0000E-03 4.4091E-01  5.3378E-02
 1.0000E-03 4.4242E-01  5.2708E-02
 1.0000E-03 4.4394E-01  5.2452E-02
 1.0000E-03 4.4545E-01  5.2488E-02
 1.0000E-03 4.4697E-01  5.2305E-02
 1.0000E-03 4.4848E-01  5.1796E-02
 1.0000E-03 4.5000E-01  5.1102E-02
