 DDSCAT --- DDSCAT 7.3.3 [22.01.20]   
 TARGET --->TARGSPHER  spherical target with explicit spacing                 
 GPFAFT --- method of solution 
 FLTRCD --- prescription for polarizabilities
 FROM_FILE --- shape 
    4169 = NAT0 = number of dipoles
 ../../diel/Pena-Rioux_dielectric_26Au_74Ag                  
 ../../diel/Pena-Rioux_dielectric_52Au_48Ag                  
 ../../diel/Pena-Rioux_dielectric_85Au_15Ag                  
 ../../diel/Au_evap                                          
   0.000   0.000 = beta_min, beta_max ;  NBETA = 1
   0.000   0.000 = theta_min, theta_max; NTHETA= 1
   0.000   0.000 = phi_min, phi_max   ;   NPHI = 1
 Results averaged over    1 target orientations
                   and  2 incident polarizations
   aeff       wave       Q_pha       Q_pol       Q_cpol
 4.0000E-02 3.0000E-01 -2.9636E-02 -4.7684E-07  1.0058E-07
 4.0000E-02 3.0101E-01 -2.8603E-02  2.6226E-06 -3.7253E-08
 4.0000E-02 3.0203E-01 -2.7872E-02  7.1526E-07  8.5682E-08
 4.0000E-02 3.0305E-01 -2.7322E-02  6.4373E-06 -2.2352E-08
 4.0000E-02 3.0408E-01 -2.6959E-02 -4.7684E-06 -7.2643E-08
 4.0000E-02 3.0512E-01 -2.6789E-02  1.9073E-06 -1.1176E-08
 4.0000E-02 3.0616E-01 -2.6818E-02 -5.7220E-06 -3.3528E-08
 4.0000E-02 3.0722E-01 -2.7051E-02  1.1921E-06 -1.3039E-08
 4.0000E-02 3.0828E-01 -2.7467E-02  2.1458E-06 -9.4995E-08
 4.0000E-02 3.0934E-01 -2.7966E-02  2.8610E-06 -1.0990E-07
 4.0000E-02 3.1042E-01 -2.8636E-02  9.5367E-07 -4.2841E-08
 4.0000E-02 3.1150E-01 -2.9353E-02 -9.5367E-07 -1.4901E-08
 4.0000E-02 3.1259E-01 -3.0213E-02 -1.0967E-05 -2.9802E-08
 4.0000E-02 3.1368E-01 -3.1269E-02 -6.1989E-06 -5.5879E-08
 4.0000E-02 3.1479E-01 -3.2526E-02 -4.7684E-06 -7.0781E-08
 4.0000E-02 3.1590E-01 -3.3990E-02 -1.4305E-06  4.4703E-08
 4.0000E-02 3.1702E-01 -3.5668E-02  0.0000E+00  0.0000E+00
 4.0000E-02 3.1815E-01 -3.7212E-02  5.0068E-06  8.5682E-08
 4.0000E-02 3.1929E-01 -3.9001E-02 -5.4836E-06  0.0000E+00
 4.0000E-02 3.2043E-01 -4.1119E-02 -5.7220E-06  8.9407E-08
 4.0000E-02 3.2158E-01 -4.3840E-02  0.0000E+00 -6.7055E-08
 4.0000E-02 3.2274E-01 -4.6886E-02 -5.4836E-06 -1.1176E-08
 4.0000E-02 3.2391E-01 -5.0267E-02 -2.6226E-06 -3.7253E-09
 4.0000E-02 3.2509E-01 -5.3994E-02  0.0000E+00 -7.4506E-09
 4.0000E-02 3.2628E-01 -5.8078E-02 -2.3842E-07 -9.3132E-08
 4.0000E-02 3.2747E-01 -6.3132E-02  2.3842E-06 -7.4506E-09
 4.0000E-02 3.2868E-01 -6.8691E-02 -2.1458E-06 -1.1176E-07
 4.0000E-02 3.2989E-01 -7.4744E-02 -4.5300E-06 -7.4506E-08
 4.0000E-02 3.3111E-01 -8.1307E-02  2.8610E-06 -7.4506E-09
 4.0000E-02 3.3234E-01 -8.8244E-02 -5.2452E-06 -1.4901E-07
 4.0000E-02 3.3358E-01 -9.5631E-02  3.5763E-06  1.4901E-07
 4.0000E-02 3.3483E-01 -1.0355E-01  1.1921E-06  5.9605E-08
 4.0000E-02 3.3609E-01 -1.1219E-01  1.4305E-06  8.1956E-08
 4.0000E-02 3.3736E-01 -1.2144E-01 -3.5763E-06 -7.4506E-08
 4.0000E-02 3.3864E-01 -1.3107E-01  5.0068E-06  8.9407E-08
 4.0000E-02 3.3992E-01 -1.4110E-01 -2.8610E-06  4.3213E-07
 4.0000E-02 3.4122E-01 -1.5152E-01 -2.6226E-06  1.9372E-07
 4.0000E-02 3.4253E-01 -1.6237E-01  2.8610E-06 -5.9605E-08
 4.0000E-02 3.4385E-01 -1.7364E-01  2.1458E-06  2.2352E-07
 4.0000E-02 3.4517E-01 -1.8522E-01 -1.4305E-06  7.4506E-08
 4.0000E-02 3.4651E-01 -1.9688E-01 -2.1458E-06 -1.4901E-07
 4.0000E-02 3.4786E-01 -2.0874E-01 -1.9073E-06 -4.4703E-08
 4.0000E-02 3.4922E-01 -2.2081E-01  2.3842E-06  2.3842E-07
 4.0000E-02 3.5059E-01 -2.3310E-01 -1.4305E-06 -1.9372E-07
 4.0000E-02 3.5197E-01 -2.4562E-01  0.0000E+00  5.8115E-07
 4.0000E-02 3.5336E-01 -2.5837E-01 -9.5367E-06  9.8348E-07
 4.0000E-02 3.5476E-01 -2.7118E-01  1.1921E-06  4.7684E-07
 4.0000E-02 3.5618E-01 -2.8407E-01 -1.1921E-06 -2.6822E-07
 4.0000E-02 3.5760E-01 -2.9707E-01  7.1526E-07 -4.1723E-07
 4.0000E-02 3.5904E-01 -3.1016E-01 -8.8215E-06 -5.3644E-07
 4.0000E-02 3.6048E-01 -3.2335E-01 -1.1921E-06  1.7881E-07
 4.0000E-02 3.6194E-01 -3.3666E-01  1.4305E-06  3.2783E-07
 4.0000E-02 3.6341E-01 -3.5003E-01 -4.7684E-06 -5.9605E-08
 4.0000E-02 3.6490E-01 -3.6338E-01  2.3842E-06 -1.0133E-06
 4.0000E-02 3.6639E-01 -3.7680E-01 -1.6689E-06  2.0862E-07
 4.0000E-02 3.6790E-01 -3.9028E-01 -1.4305E-06  2.0862E-07
 4.0000E-02 3.6942E-01 -4.0380E-01  5.7220E-06  3.2783E-07
 4.0000E-02 3.7095E-01 -4.1737E-01  7.8678E-06  4.4703E-07
 4.0000E-02 3.7250E-01 -4.3098E-01  2.1458E-06  1.4901E-07
 4.0000E-02 3.7406E-01 -4.4459E-01  6.9141E-06  8.9407E-08
 4.0000E-02 3.7563E-01 -4.5827E-01  2.1458E-06  3.2783E-07
 4.0000E-02 3.7722E-01 -4.7206E-01  1.1921E-06  2.3842E-07
 4.0000E-02 3.7881E-01 -4.8591E-01  4.0531E-06  1.1623E-06
 4.0000E-02 3.8043E-01 -4.9983E-01  3.3379E-06  1.6093E-06
 4.0000E-02 3.8205E-01 -5.1378E-01  2.6226E-06 -1.7881E-07
 4.0000E-02 3.8369E-01 -5.2785E-01  2.3842E-06  1.6689E-06
 4.0000E-02 3.8534E-01 -5.4208E-01 -3.0994E-06  6.5565E-07
 4.0000E-02 3.8701E-01 -5.5648E-01  2.1458E-06 -6.5565E-07
 4.0000E-02 3.8870E-01 -5.7103E-01 -6.9141E-06  3.5763E-07
 4.0000E-02 3.9039E-01 -5.8571E-01  6.9141E-06  9.5367E-07
 4.0000E-02 3.9211E-01 -6.0065E-01  2.5034E-05  2.0266E-06
 4.0000E-02 3.9383E-01 -6.1583E-01 -2.3842E-07 -2.1458E-06
 4.0000E-02 3.9558E-01 -6.3122E-01  9.7752E-06  7.8678E-06
 4.0000E-02 3.9733E-01 -6.4679E-01  1.0014E-05  0.0000E+00
 4.0000E-02 3.9911E-01 -6.6254E-01 -1.9073E-06  4.1723E-07
 4.0000E-02 4.0090E-01 -6.7860E-01  9.2983E-06 -2.6226E-06
 4.0000E-02 4.0270E-01 -6.9482E-01  1.8597E-05  1.0550E-05
 4.0000E-02 4.0452E-01 -7.1108E-01 -4.7684E-07 -1.1921E-06
 4.0000E-02 4.0636E-01 -7.2736E-01  4.2915E-06  1.6689E-06
 4.0000E-02 4.0822E-01 -7.4358E-01  2.3842E-06 -1.2040E-05
 4.0000E-02 4.1009E-01 -7.5976E-01  1.1921E-06 -5.9605E-08
 4.0000E-02 4.1198E-01 -7.7561E-01  2.1458E-06  3.4571E-06
 4.0000E-02 4.1389E-01 -7.9100E-01 -2.1458E-06 -2.2650E-06
 4.0000E-02 4.1581E-01 -8.0583E-01 -4.2915E-06 -1.0729E-06
 4.0000E-02 4.1776E-01 -8.1998E-01 -1.6689E-06  4.1723E-07
 4.0000E-02 4.1972E-01 -8.3314E-01 -5.0068E-06  2.5034E-06
 4.0000E-02 4.2170E-01 -8.4510E-01  6.9141E-06 -4.7684E-06
 4.0000E-02 4.2370E-01 -8.5572E-01 -8.1062E-06 -3.5763E-07
 4.0000E-02 4.2571E-01 -8.6485E-01 -9.0599E-06 -4.1723E-07
 4.0000E-02 4.2775E-01 -8.7219E-01 -1.6212E-05 -1.6689E-06
 4.0000E-02 4.2981E-01 -8.7738E-01 -8.5831E-06 -8.9407E-07
 4.0000E-02 4.3188E-01 -8.8027E-01 -2.3842E-06  1.7881E-06
 4.0000E-02 4.3398E-01 -8.8057E-01  3.0041E-05 -7.6890E-06
 4.0000E-02 4.3610E-01 -8.7785E-01  1.9550E-05  2.0266E-06
 4.0000E-02 4.3824E-01 -8.7145E-01 -4.2915E-06 -1.4305E-06
 4.0000E-02 4.4039E-01 -8.6108E-01  5.7220E-06 -2.8014E-06
 4.0000E-02 4.4257E-01 -8.4600E-01  0.0000E+00  4.7684E-07
 4.0000E-02 4.4478E-01 -8.2536E-01  9.5367E-07  2.1458E-06
 4.0000E-02 4.4700E-01 -7.9829E-01 -9.5367E-07  7.4506E-06
 4.0000E-02 4.4925E-01 -7.6414E-01 -2.3842E-06  9.5367E-07
 4.0000E-02 4.5152E-01 -7.2193E-01  1.4782E-05 -3.8147E-06
 4.0000E-02 4.5381E-01 -6.7063E-01 -1.0490E-05  1.9670E-06
 4.0000E-02 4.5612E-01 -6.0991E-01  3.8147E-06  8.9407E-07
 4.0000E-02 4.5846E-01 -5.3961E-01 -9.5367E-07  2.9802E-06
 4.0000E-02 4.6082E-01 -4.5956E-01  4.0054E-05 -1.0222E-05
 4.0000E-02 4.6321E-01 -3.6987E-01  1.1444E-05  5.9605E-08
 4.0000E-02 4.6563E-01 -2.7129E-01 -1.6212E-05  2.6822E-07
 4.0000E-02 4.6806E-01 -1.6454E-01  4.7684E-06  5.0366E-06
 4.0000E-02 4.7053E-01 -5.0587E-02  1.0014E-05  5.6475E-06
 4.0000E-02 4.7302E-01  6.9164E-02  2.0981E-05 -2.2277E-06
 4.0000E-02 4.7553E-01  1.9295E-01 -5.7697E-05 -8.7917E-06
 4.0000E-02 4.7807E-01  3.1925E-01 -2.0981E-05  1.6391E-06
 4.0000E-02 4.8065E-01  4.4629E-01 -1.4305E-06 -2.2054E-06
 4.0000E-02 4.8324E-01  5.7250E-01 -2.1458E-05 -1.0192E-05
 4.0000E-02 4.8587E-01  6.9639E-01  9.5367E-07 -8.3447E-07
 4.0000E-02 4.8852E-01  8.1669E-01  1.0014E-05 -1.0133E-06
 4.0000E-02 4.9121E-01  9.3232E-01  3.3379E-06 -4.7684E-07
 4.0000E-02 4.9392E-01  1.0427E+00 -1.0967E-05  6.3181E-06
 4.0000E-02 4.9667E-01  1.1466E+00 -2.8610E-06 -1.4305E-06
 4.0000E-02 4.9944E-01  1.2433E+00  1.8597E-05  5.4836E-06
 4.0000E-02 5.0225E-01  1.3350E+00  1.8597E-05  5.0068E-06
 4.0000E-02 5.0508E-01  1.4216E+00 -7.6294E-06  2.6226E-06
 4.0000E-02 5.0795E-01  1.5031E+00 -9.5367E-07  1.0967E-05
 4.0000E-02 5.1086E-01  1.5797E+00  1.5259E-05 -3.6955E-06
 4.0000E-02 5.1379E-01  1.6519E+00 -1.9073E-05  8.3447E-06
 4.0000E-02 5.1676E-01  1.7206E+00  4.2915E-06 -6.6757E-06
 4.0000E-02 5.1977E-01  1.7869E+00 -1.7643E-05  5.2452E-06
 4.0000E-02 5.2281E-01  1.8553E+00 -7.1526E-06 -9.5367E-07
 4.0000E-02 5.2588E-01  1.9225E+00 -1.7643E-05  1.7881E-06
 4.0000E-02 5.2899E-01  1.9856E+00  1.9073E-06 -9.5367E-07
 4.0000E-02 5.3214E-01  2.0433E+00  2.5749E-05 -2.1696E-05
 4.0000E-02 5.3533E-01  2.0943E+00 -1.1444E-05 -2.3842E-06
 4.0000E-02 5.3855E-01  2.1375E+00 -1.9550E-05  1.3828E-05
 4.0000E-02 5.4182E-01  2.1724E+00 -2.3842E-06 -2.3842E-06
 4.0000E-02 5.4512E-01  2.1987E+00 -3.0994E-05 -2.1696E-05
 4.0000E-02 5.4847E-01  2.2171E+00  9.5367E-07  9.2983E-06
 4.0000E-02 5.5185E-01  2.2288E+00 -3.0994E-05  2.4319E-05
 4.0000E-02 5.5528E-01  2.2352E+00 -2.0266E-05 -3.8147E-06
 4.0000E-02 5.5875E-01  2.2369E+00 -3.2425E-05 -3.5763E-06
 4.0000E-02 5.6226E-01  2.2344E+00  4.3154E-05 -1.1921E-05
 4.0000E-02 5.6582E-01  2.2277E+00 -8.5831E-06  2.4080E-05
 4.0000E-02 5.6943E-01  2.2168E+00  4.2677E-05 -6.4373E-06
 4.0000E-02 5.7308E-01  2.2014E+00 -8.3447E-06  2.1458E-06
 4.0000E-02 5.7677E-01  2.1812E+00 -8.5831E-06 -4.7684E-06
 4.0000E-02 5.8052E-01  2.1564E+00  1.0729E-05  7.3910E-06
 4.0000E-02 5.8431E-01  2.1271E+00 -4.0531E-06 -3.3379E-06
 4.0000E-02 5.8816E-01  2.0945E+00  3.0994E-06  1.4305E-06
 4.0000E-02 5.9205E-01  2.0603E+00 -1.9073E-06 -4.7684E-06
 4.0000E-02 5.9600E-01  2.0259E+00 -1.9312E-05 -2.7418E-05
 4.0000E-02 6.0000E-01  1.9925E+00 -3.3379E-06  1.4186E-05
