 DDSCAT --- DDSCAT 7.3.3 [22.01.20]   
 TARGET --->TARGSPHER  spherical target with explicit spacing                 
 GPFAFT --- method of solution 
 GKDLDR --- prescription for polarizabilities
 FROM_FILE --- shape 
    4169 = NAT0 = number of dipoles
 ../../diel/Pena-Rioux_dielectric_26Au_74Ag                  
 ../../diel/Pena-Rioux_dielectric_34Au_66Ag                  
 ../../diel/Pena-Rioux_dielectric_92Au_8Ag                   
 ../../diel/Au_evap                                          
   0.000   0.000 = beta_min, beta_max ;  NBETA = 1
   0.000   0.000 = theta_min, theta_max; NTHETA= 1
   0.000   0.000 = phi_min, phi_max   ;   NPHI = 1
 Results averaged over    1 target orientations
                   and  2 incident polarizations
   aeff       wave       Q_pha       Q_pol       Q_cpol
 4.0000E-02 3.0000E-01 -4.9181E-02 -5.2452E-06  7.4506E-09
 4.0000E-02 3.0101E-01 -4.8279E-02 -5.4836E-06  5.5879E-08
 4.0000E-02 3.0203E-01 -4.7717E-02 -6.1989E-06  2.9802E-08
 4.0000E-02 3.0305E-01 -4.7371E-02  1.1921E-06 -9.6858E-08
 4.0000E-02 3.0408E-01 -4.7248E-02 -9.5367E-07 -1.6391E-07
 4.0000E-02 3.0512E-01 -4.7356E-02 -5.0068E-06  5.9605E-08
 4.0000E-02 3.0616E-01 -4.7700E-02 -4.7684E-07 -2.2352E-08
 4.0000E-02 3.0722E-01 -4.8289E-02 -2.1458E-06 -7.4506E-09
 4.0000E-02 3.0828E-01 -4.9115E-02  7.3910E-06  7.0781E-08
 4.0000E-02 3.0934E-01 -5.0117E-02  4.2915E-06  3.7253E-09
 4.0000E-02 3.1042E-01 -5.1333E-02 -2.1458E-06  1.3784E-07
 4.0000E-02 3.1150E-01 -5.2639E-02  4.2915E-06  2.2352E-08
 4.0000E-02 3.1259E-01 -5.4135E-02 -1.9073E-06  1.0431E-07
 4.0000E-02 3.1368E-01 -5.5874E-02  3.8147E-06  2.6077E-08
 4.0000E-02 3.1479E-01 -5.7865E-02 -4.7684E-06  1.1176E-08
 4.0000E-02 3.1590E-01 -6.0115E-02  4.7684E-07 -8.1956E-08
 4.0000E-02 3.1702E-01 -6.2631E-02 -5.4836E-06 -1.4901E-08
 4.0000E-02 3.1815E-01 -6.5115E-02  4.5300E-06  9.6858E-08
 4.0000E-02 3.1929E-01 -6.7877E-02 -2.3842E-06  1.5646E-07
 4.0000E-02 3.2043E-01 -7.0991E-02 -1.4305E-06  2.3097E-07
 4.0000E-02 3.2158E-01 -7.4732E-02 -2.3842E-06  3.2783E-07
 4.0000E-02 3.2274E-01 -7.8823E-02  4.7684E-07  7.4506E-08
 4.0000E-02 3.2391E-01 -8.3273E-02 -1.6689E-06  5.9605E-08
 4.0000E-02 3.2509E-01 -8.8096E-02  0.0000E+00 -4.4703E-08
 4.0000E-02 3.2628E-01 -9.3303E-02 -1.9073E-06  2.7567E-07
 4.0000E-02 3.2747E-01 -9.9419E-02  3.3379E-06 -2.0862E-07
 4.0000E-02 3.2868E-01 -1.0602E-01 -1.1921E-06  3.7253E-08
 4.0000E-02 3.2989E-01 -1.1311E-01 -2.3842E-07 -4.4703E-08
 4.0000E-02 3.3111E-01 -1.2068E-01 -5.4836E-06  0.0000E+00
 4.0000E-02 3.3234E-01 -1.2862E-01  1.1921E-06  2.8312E-07
 4.0000E-02 3.3358E-01 -1.3700E-01 -3.5763E-06  1.4901E-07
 4.0000E-02 3.3483E-01 -1.4589E-01 -7.1526E-07 -3.8743E-07
 4.0000E-02 3.3609E-01 -1.5542E-01 -5.2452E-06 -1.1921E-07
 4.0000E-02 3.3736E-01 -1.6547E-01 -4.2915E-06 -1.0431E-07
 4.0000E-02 3.3864E-01 -1.7590E-01 -1.4305E-06 -5.9605E-08
 4.0000E-02 3.3992E-01 -1.8669E-01  4.2915E-06 -5.9605E-08
 4.0000E-02 3.4122E-01 -1.9788E-01  3.5763E-06 -3.8743E-07
 4.0000E-02 3.4253E-01 -2.0946E-01 -4.0531E-06 -2.2352E-07
 4.0000E-02 3.4385E-01 -2.2144E-01  2.8610E-06  2.9802E-07
 4.0000E-02 3.4517E-01 -2.3372E-01 -2.1458E-06  2.2352E-07
 4.0000E-02 3.4651E-01 -2.4607E-01 -1.1921E-06  1.4901E-07
 4.0000E-02 3.4786E-01 -2.5867E-01 -2.3842E-07  1.0729E-06
 4.0000E-02 3.4922E-01 -2.7153E-01 -1.6689E-06 -4.1723E-07
 4.0000E-02 3.5059E-01 -2.8466E-01 -3.5763E-06 -5.9605E-08
 4.0000E-02 3.5197E-01 -2.9807E-01 -1.1921E-06  3.8743E-07
 4.0000E-02 3.5336E-01 -3.1177E-01  3.0994E-06  1.4901E-07
 4.0000E-02 3.5476E-01 -3.2567E-01 -5.7220E-06  1.4901E-07
 4.0000E-02 3.5618E-01 -3.3980E-01 -1.4305E-06 -1.4007E-06
 4.0000E-02 3.5760E-01 -3.5418E-01  6.4373E-06 -2.9802E-08
 4.0000E-02 3.5904E-01 -3.6882E-01 -5.7220E-06  6.2585E-07
 4.0000E-02 3.6048E-01 -3.8372E-01 -6.1989E-06 -1.1921E-07
 4.0000E-02 3.6194E-01 -3.9894E-01  0.0000E+00  2.3842E-07
 4.0000E-02 3.6341E-01 -4.1448E-01 -2.3842E-06  2.9802E-08
 4.0000E-02 3.6490E-01 -4.3037E-01  2.3842E-07 -8.9407E-08
 4.0000E-02 3.6639E-01 -4.4655E-01  2.3842E-07  2.0862E-07
 4.0000E-02 3.6790E-01 -4.6304E-01 -8.3447E-06  5.9605E-08
 4.0000E-02 3.6942E-01 -4.7983E-01 -6.4373E-06  6.8545E-07
 4.0000E-02 3.7095E-01 -4.9696E-01  2.6226E-06  5.6624E-07
 4.0000E-02 3.7250E-01 -5.1446E-01 -1.1921E-06  3.5763E-07
 4.0000E-02 3.7406E-01 -5.3230E-01 -3.8147E-06  0.0000E+00
 4.0000E-02 3.7563E-01 -5.5040E-01  5.9605E-06  2.0862E-06
 4.0000E-02 3.7722E-01 -5.6879E-01  2.3842E-06  2.3842E-07
 4.0000E-02 3.7881E-01 -5.8747E-01  1.9073E-06  3.5763E-07
 4.0000E-02 3.8043E-01 -6.0645E-01 -1.1921E-06  8.9407E-07
 4.0000E-02 3.8205E-01 -6.2564E-01 -1.4305E-06 -3.5763E-07
 4.0000E-02 3.8369E-01 -6.4494E-01 -4.2915E-06  8.3447E-07
 4.0000E-02 3.8534E-01 -6.6441E-01  5.7220E-06  0.0000E+00
 4.0000E-02 3.8701E-01 -6.8403E-01  1.1921E-06  4.7684E-07
 4.0000E-02 3.8870E-01 -7.0379E-01  2.6226E-06  7.7486E-07
 4.0000E-02 3.9039E-01 -7.2364E-01  4.7684E-06  1.7881E-07
 4.0000E-02 3.9211E-01 -7.4337E-01  7.6294E-06  4.7684E-07
 4.0000E-02 3.9383E-01 -7.6305E-01 -2.3842E-06 -4.7684E-07
 4.0000E-02 3.9558E-01 -7.8262E-01 -3.3379E-06  1.1921E-07
 4.0000E-02 3.9733E-01 -8.0200E-01  1.6689E-06 -2.3842E-07
 4.0000E-02 3.9911E-01 -8.2112E-01  3.8147E-06 -3.3379E-06
 4.0000E-02 4.0090E-01 -8.3982E-01 -3.3379E-06  1.0133E-06
 4.0000E-02 4.0270E-01 -8.5803E-01  9.5367E-07  3.5763E-07
 4.0000E-02 4.0452E-01 -8.7565E-01  2.3842E-07 -3.5167E-06
 4.0000E-02 4.0636E-01 -8.9251E-01  4.7684E-07  2.2650E-06
 4.0000E-02 4.0822E-01 -9.0844E-01  2.3842E-07  2.7418E-06
 4.0000E-02 4.1009E-01 -9.2331E-01  1.1921E-06  1.9670E-06
 4.0000E-02 4.1198E-01 -9.3698E-01  2.3842E-06  9.5367E-07
 4.0000E-02 4.1389E-01 -9.4924E-01 -2.6226E-06 -8.9407E-07
 4.0000E-02 4.1581E-01 -9.5985E-01 -3.8147E-06  2.1458E-06
 4.0000E-02 4.1776E-01 -9.6862E-01  1.5497E-05  1.1921E-07
 4.0000E-02 4.1972E-01 -9.7539E-01  2.6226E-06 -4.3511E-06
 4.0000E-02 4.2170E-01 -9.7999E-01  1.6689E-06  0.0000E+00
 4.0000E-02 4.2370E-01 -9.8219E-01 -1.0967E-05 -3.5763E-07
 4.0000E-02 4.2571E-01 -9.8178E-01 -1.1444E-05  1.1921E-06
 4.0000E-02 4.2775E-01 -9.7852E-01 -8.1062E-06 -5.9605E-07
 4.0000E-02 4.2981E-01 -9.7233E-01 -2.0027E-05 -2.5630E-06
 4.0000E-02 4.3188E-01 -9.6300E-01  6.6757E-06  3.0994E-06
 4.0000E-02 4.3398E-01 -9.5025E-01  3.3379E-06  1.1921E-06
 4.0000E-02 4.3610E-01 -9.3375E-01 -1.2398E-05  5.3644E-06
 4.0000E-02 4.3824E-01 -9.1320E-01 -4.2915E-06  2.6226E-06
 4.0000E-02 4.4039E-01 -8.8831E-01  5.2452E-06  3.5763E-07
 4.0000E-02 4.4257E-01 -8.5855E-01  1.2398E-05  2.3246E-06
 4.0000E-02 4.4478E-01 -8.2334E-01  4.2915E-06  6.5565E-07
 4.0000E-02 4.4700E-01 -7.8232E-01  8.5831E-06  1.1921E-07
 4.0000E-02 4.4925E-01 -7.3505E-01 -1.6212E-05 -7.7486E-07
 4.0000E-02 4.5152E-01 -6.8110E-01 -2.0027E-05 -2.6822E-06
 4.0000E-02 4.5381E-01 -6.2016E-01 -3.8147E-06  1.2517E-06
 4.0000E-02 4.5612E-01 -5.5203E-01 -1.4305E-05 -2.9802E-06
 4.0000E-02 4.5846E-01 -4.7669E-01 -1.6212E-05 -2.9206E-06
 4.0000E-02 4.6082E-01 -3.9419E-01 -1.0967E-05  8.0466E-07
 4.0000E-02 4.6321E-01 -3.0479E-01  2.8610E-06  8.9407E-08
 4.0000E-02 4.6563E-01 -2.0893E-01  6.1989E-06  1.6391E-06
 4.0000E-02 4.6806E-01 -1.0708E-01 -2.2888E-05 -1.4007E-06
 4.0000E-02 4.7053E-01  1.8788E-04  1.3828E-05 -4.4468E-06
 4.0000E-02 4.7302E-01  1.1240E-01  1.3351E-05  3.3975E-06
 4.0000E-02 4.7553E-01  2.2860E-01  2.8610E-06  3.1143E-06
 4.0000E-02 4.7807E-01  3.4782E-01 -8.5831E-06  4.5598E-06
 4.0000E-02 4.8065E-01  4.6912E-01  2.2888E-05  2.3246E-06
 4.0000E-02 4.8324E-01  5.9152E-01 -7.6294E-06  5.1856E-06
 4.0000E-02 4.8587E-01  7.1395E-01  3.0994E-05  1.1921E-05
 4.0000E-02 4.8852E-01  8.3513E-01  1.3351E-05 -2.8610E-06
 4.0000E-02 4.9121E-01  9.5365E-01  2.3842E-06  5.3644E-07
 4.0000E-02 4.9392E-01  1.0682E+00 -3.3379E-05  2.8610E-06
 4.0000E-02 4.9667E-01  1.1764E+00  5.7220E-06  4.0531E-06
 4.0000E-02 4.9944E-01  1.2763E+00  3.2902E-05 -7.6294E-06
 4.0000E-02 5.0225E-01  1.3696E+00 -1.2875E-05  7.3910E-06
 4.0000E-02 5.0508E-01  1.4562E+00  2.1458E-05 -8.4639E-06
 4.0000E-02 5.0795E-01  1.5363E+00 -2.4319E-05 -5.6028E-06
 4.0000E-02 5.1086E-01  1.6101E+00  2.7657E-05  3.5763E-06
 4.0000E-02 5.1379E-01  1.6783E+00  2.0027E-05  7.1526E-07
 4.0000E-02 5.1676E-01  1.7413E+00 -3.0041E-05  5.8413E-06
 4.0000E-02 5.1977E-01  1.8001E+00 -1.6212E-05 -5.8413E-06
 4.0000E-02 5.2281E-01  1.8589E+00 -9.5367E-06  6.7949E-06
 4.0000E-02 5.2588E-01  1.9165E+00 -1.0967E-05  2.1458E-06
 4.0000E-02 5.2899E-01  1.9712E+00  9.5367E-07  5.8413E-06
 4.0000E-02 5.3214E-01  2.0236E+00 -1.5736E-05  7.1526E-07
 4.0000E-02 5.3533E-01  2.0740E+00  1.8120E-05 -4.7684E-07
 4.0000E-02 5.3855E-01  2.1225E+00  8.5831E-06 -7.1526E-06
 4.0000E-02 5.4182E-01  2.1688E+00 -4.7684E-06 -4.2915E-06
 4.0000E-02 5.4512E-01  2.2120E+00  1.9550E-05  7.1526E-06
 4.0000E-02 5.4847E-01  2.2513E+00 -5.6744E-05 -2.8849E-05
 4.0000E-02 5.5185E-01  2.2841E+00 -3.8624E-05 -1.4305E-06
 4.0000E-02 5.5528E-01  2.3110E+00  5.2452E-06  7.3910E-06
 4.0000E-02 5.5875E-01  2.3313E+00  2.6226E-06  2.0027E-05
 4.0000E-02 5.6226E-01  2.3443E+00  2.0504E-05  4.3392E-05
 4.0000E-02 5.6582E-01  2.3495E+00  3.9816E-05  5.2691E-05
 4.0000E-02 5.6943E-01  2.3471E+00 -1.1683E-05  3.5524E-05
 4.0000E-02 5.7308E-01  2.3377E+00  3.8385E-05 -1.9073E-06
 4.0000E-02 5.7677E-01  2.3224E+00 -3.1471E-05 -1.8597E-05
 4.0000E-02 5.8052E-01  2.3029E+00 -6.6757E-05  1.8120E-05
 4.0000E-02 5.8431E-01  2.2806E+00  9.0599E-06  2.3603E-05
 4.0000E-02 5.8816E-01  2.2564E+00 -5.2452E-06 -3.2902E-05
 4.0000E-02 5.9205E-01  2.2307E+00 -4.7922E-05  1.7881E-05
 4.0000E-02 5.9600E-01  2.2034E+00 -3.8147E-06  2.8610E-06
 4.0000E-02 6.0000E-01  2.1746E+00  1.7881E-05  0.0000E+00
