 DDSCAT --- DDSCAT 7.3.3 [22.01.20]   
 TARGET --->TARGSPHER  spherical target with explicit spacing                 
 GPFAFT --- method of solution 
 FLTRCD --- prescription for polarizabilities
 FROM_FILE --- shape 
    4169 = NAT0 = number of dipoles
 ../../diel/Pena-Rioux_dielectric_26Au_74Ag                  
 ../../diel/Pena-Rioux_dielectric_76Au_24Ag                  
 ../../diel/Pena-Rioux_dielectric_85Au_15Ag                  
   0.000   0.000 = beta_min, beta_max ;  NBETA = 1
   0.000   0.000 = theta_min, theta_max; NTHETA= 1
   0.000   0.000 = phi_min, phi_max   ;   NPHI = 1
 Results averaged over    1 target orientations
                   and  2 incident polarizations
   aeff       wave       Q_pha       Q_pol       Q_cpol
 8.0000E-02 3.0000E-01 -1.7184E-01  7.1526E-07  5.3644E-07
 8.0000E-02 3.0101E-01 -1.7041E-01  4.7684E-07  2.2799E-06
 8.0000E-02 3.0203E-01 -1.6904E-01  1.6689E-06  1.4156E-06
 8.0000E-02 3.0305E-01 -1.6776E-01  1.9073E-06  6.7055E-07
 8.0000E-02 3.0408E-01 -1.6654E-01 -5.0068E-06 -6.1095E-07
 8.0000E-02 3.0512E-01 -1.6541E-01 -6.6757E-06  1.5199E-06
 8.0000E-02 3.0616E-01 -1.6437E-01 -7.1526E-07  1.1176E-06
 8.0000E-02 3.0722E-01 -1.6342E-01 -9.0599E-06  3.2932E-06
 8.0000E-02 3.0828E-01 -1.6255E-01  0.0000E+00 -7.3016E-07
 8.0000E-02 3.0934E-01 -1.6176E-01  3.0994E-06 -1.5646E-06
 8.0000E-02 3.1042E-01 -1.6105E-01 -6.9141E-06  2.6971E-06
 8.0000E-02 3.1150E-01 -1.6041E-01  6.6757E-06  1.0580E-06
 8.0000E-02 3.1259E-01 -1.5986E-01  9.5367E-06 -7.7486E-07
 8.0000E-02 3.1368E-01 -1.5938E-01  2.1458E-06  8.6427E-07
 8.0000E-02 3.1479E-01 -1.5900E-01  6.9141E-06 -1.2368E-06
 8.0000E-02 3.1590E-01 -1.5870E-01 -2.6226E-06  7.7486E-07
 8.0000E-02 3.1702E-01 -1.5849E-01 -6.9141E-06  3.5763E-07
 8.0000E-02 3.1815E-01 -1.5816E-01 -9.5367E-07  1.9372E-07
 8.0000E-02 3.1929E-01 -1.5793E-01  1.4305E-06 -2.2501E-06
 8.0000E-02 3.2043E-01 -1.5784E-01  4.7684E-07 -2.0117E-06
 8.0000E-02 3.2158E-01 -1.5789E-01 -4.7684E-07 -3.2783E-06
 8.0000E-02 3.2274E-01 -1.5809E-01 -2.8610E-06 -2.5332E-07
 8.0000E-02 3.2391E-01 -1.5846E-01 -2.6226E-06 -8.9407E-08
 8.0000E-02 3.2509E-01 -1.5899E-01  1.5259E-05  3.8445E-06
 8.0000E-02 3.2628E-01 -1.5971E-01  3.0994E-06 -7.3016E-07
 8.0000E-02 3.2747E-01 -1.6080E-01  5.2452E-06  7.1526E-07
 8.0000E-02 3.2868E-01 -1.6220E-01 -2.3603E-05  1.5497E-06
 8.0000E-02 3.2989E-01 -1.6390E-01 -3.8147E-06  1.1325E-06
 8.0000E-02 3.3111E-01 -1.6591E-01 -1.9789E-05 -9.2387E-06
 8.0000E-02 3.3234E-01 -1.6826E-01 -4.2915E-06 -1.0118E-05
 8.0000E-02 3.3358E-01 -1.7094E-01  1.2636E-05  1.5348E-06
 8.0000E-02 3.3483E-01 -1.7399E-01 -2.1458E-06  4.6194E-07
 8.0000E-02 3.3609E-01 -1.7755E-01 -1.6689E-06  1.6078E-05
 8.0000E-02 3.3736E-01 -1.8164E-01  4.2915E-06  3.1292E-07
 8.0000E-02 3.3864E-01 -1.8607E-01 -1.0252E-05 -1.9222E-06
 8.0000E-02 3.3992E-01 -1.9085E-01 -1.5020E-05  2.4438E-06
 8.0000E-02 3.4122E-01 -1.9600E-01 -4.0531E-06 -5.8115E-07
 8.0000E-02 3.4253E-01 -2.0152E-01  8.3447E-06 -4.0829E-06
 8.0000E-02 3.4385E-01 -2.0742E-01 -9.5367E-07 -5.7518E-06
 8.0000E-02 3.4517E-01 -2.1369E-01 -9.5367E-06  4.9174E-07
 8.0000E-02 3.4651E-01 -2.2018E-01 -8.3447E-06  2.5928E-06
 8.0000E-02 3.4786E-01 -2.2690E-01 -9.7752E-06 -9.0897E-07
 8.0000E-02 3.4922E-01 -2.3384E-01 -9.5367E-07  6.1095E-06
 8.0000E-02 3.5059E-01 -2.4100E-01 -6.6757E-06 -5.0217E-06
 8.0000E-02 3.5197E-01 -2.4838E-01  1.2159E-05 -4.5747E-06
 8.0000E-02 3.5336E-01 -2.5598E-01 -1.8835E-05  6.6161E-06
 8.0000E-02 3.5476E-01 -2.6367E-01  9.2983E-06  4.0829E-06
 8.0000E-02 3.5618E-01 -2.7140E-01 -1.0729E-05 -2.3842E-06
 8.0000E-02 3.5760E-01 -2.7919E-01 -1.5974E-05  4.1127E-06
 8.0000E-02 3.5904E-01 -2.8702E-01  1.7166E-05  2.0862E-06
 8.0000E-02 3.6048E-01 -2.9490E-01 -1.3590E-05  2.3246E-06
 8.0000E-02 3.6194E-01 -3.0281E-01  1.5736E-05  5.5134E-06
 8.0000E-02 3.6341E-01 -3.1069E-01 -2.6226E-06  7.2718E-06
 8.0000E-02 3.6490E-01 -3.1845E-01  6.9141E-06 -2.9802E-07
 8.0000E-02 3.6639E-01 -3.2614E-01 -1.1921E-05  7.4506E-07
 8.0000E-02 3.6790E-01 -3.3375E-01 -1.3351E-05  3.5763E-07
 8.0000E-02 3.6942E-01 -3.4128E-01 -9.5367E-07  7.4506E-07
 8.0000E-02 3.7095E-01 -3.4871E-01  4.2915E-06  4.4703E-07
 8.0000E-02 3.7250E-01 -3.5602E-01 -6.6757E-06 -1.6689E-06
 8.0000E-02 3.7406E-01 -3.6315E-01  1.1921E-05  9.8348E-07
 8.0000E-02 3.7563E-01 -3.7016E-01  3.3379E-06  2.9802E-07
 8.0000E-02 3.7722E-01 -3.7703E-01 -4.7684E-07  7.7486E-07
 8.0000E-02 3.7881E-01 -3.8375E-01  1.9550E-05 -5.4240E-06
 8.0000E-02 3.8043E-01 -3.9032E-01 -5.2452E-06  5.0664E-07
 8.0000E-02 3.8205E-01 -3.9671E-01  2.6226E-06  2.8610E-06
 8.0000E-02 3.8369E-01 -4.0294E-01  8.3447E-06  3.1888E-06
 8.0000E-02 3.8534E-01 -4.0903E-01  0.0000E+00  1.2219E-06
 8.0000E-02 3.8701E-01 -4.1497E-01  9.5367E-07 -1.3709E-06
 8.0000E-02 3.8870E-01 -4.2075E-01  2.2411E-05  3.7551E-06
 8.0000E-02 3.9039E-01 -4.2635E-01  1.5736E-05  4.5300E-06
 8.0000E-02 3.9211E-01 -4.3180E-01  2.0266E-05 -2.8610E-06
 8.0000E-02 3.9383E-01 -4.3711E-01  2.4319E-05  1.9968E-06
 8.0000E-02 3.9558E-01 -4.4229E-01 -1.9073E-06  8.6427E-07
 8.0000E-02 3.9733E-01 -4.4733E-01 -8.1062E-06  1.1921E-07
 8.0000E-02 3.9911E-01 -4.5221E-01 -2.3842E-06  1.7881E-06
 8.0000E-02 4.0090E-01 -4.5694E-01  0.0000E+00 -1.2219E-06
 8.0000E-02 4.0270E-01 -4.6158E-01  1.4305E-06  1.0729E-06
 8.0000E-02 4.0452E-01 -4.6609E-01 -7.3910E-06  3.2485E-06
 8.0000E-02 4.0636E-01 -4.7047E-01 -2.0027E-05 -1.6093E-06
 8.0000E-02 4.0822E-01 -4.7470E-01 -3.5763E-06  1.1325E-06
 8.0000E-02 4.1009E-01 -4.7875E-01  5.0068E-06 -5.3644E-07
 8.0000E-02 4.1198E-01 -4.8268E-01 -1.7405E-05 -2.6822E-06
 8.0000E-02 4.1389E-01 -4.8642E-01 -2.6226E-06  3.4571E-06
 8.0000E-02 4.1581E-01 -4.8994E-01  6.9141E-06  3.6359E-06
 8.0000E-02 4.1776E-01 -4.9318E-01 -5.7220E-06  1.9073E-06
 8.0000E-02 4.1972E-01 -4.9617E-01  6.1989E-06 -1.3113E-06
 8.0000E-02 4.2170E-01 -4.9889E-01 -1.2159E-05 -2.2352E-06
 8.0000E-02 4.2370E-01 -5.0131E-01 -2.6226E-06  4.7684E-06
 8.0000E-02 4.2571E-01 -5.0341E-01  1.6689E-05 -1.1921E-07
 8.0000E-02 4.2775E-01 -5.0522E-01 -1.6689E-06 -2.9802E-07
 8.0000E-02 4.2981E-01 -5.0677E-01 -2.6226E-06  5.9605E-08
 8.0000E-02 4.3188E-01 -5.0798E-01 -3.0994E-06 -1.0729E-06
 8.0000E-02 4.3398E-01 -5.0886E-01  1.0490E-05 -4.7684E-07
 8.0000E-02 4.3610E-01 -5.0940E-01  8.1062E-06  2.0862E-06
 8.0000E-02 4.3824E-01 -5.0975E-01  1.6689E-06 -3.5763E-07
 8.0000E-02 4.4039E-01 -5.0978E-01 -7.8678E-06  4.7088E-06
 8.0000E-02 4.4257E-01 -5.0957E-01  1.9073E-06 -1.4901E-06
 8.0000E-02 4.4478E-01 -5.0921E-01  8.5831E-06 -1.1921E-07
 8.0000E-02 4.4700E-01 -5.0880E-01 -4.0531E-06  1.7881E-07
 8.0000E-02 4.4925E-01 -5.0826E-01  1.4305E-06  1.3709E-06
 8.0000E-02 4.5152E-01 -5.0766E-01  7.1526E-06 -2.7418E-06
 8.0000E-02 4.5381E-01 -5.0708E-01 -7.1526E-07 -1.6689E-06
 8.0000E-02 4.5612E-01 -5.0643E-01  1.5497E-05  1.7881E-07
 8.0000E-02 4.5846E-01 -5.0558E-01 -2.3842E-06 -3.1590E-06
 8.0000E-02 4.6082E-01 -5.0450E-01  7.8678E-06  3.5763E-07
 8.0000E-02 4.6321E-01 -5.0312E-01 -1.9073E-06 -4.7684E-07
 8.0000E-02 4.6563E-01 -5.0111E-01  4.7684E-06  2.3246E-06
 8.0000E-02 4.6806E-01 -4.9825E-01  3.3379E-06  3.3379E-06
 8.0000E-02 4.7053E-01 -4.9428E-01 -2.8610E-06 -1.4603E-06
 8.0000E-02 4.7302E-01 -4.8890E-01 -7.1526E-06 -1.1921E-06
 8.0000E-02 4.7553E-01 -4.8157E-01 -2.8610E-06  1.0431E-06
 8.0000E-02 4.7807E-01 -4.7197E-01 -2.8610E-06 -4.8280E-06
 8.0000E-02 4.8065E-01 -4.5967E-01  4.2915E-06 -8.9407E-07
 8.0000E-02 4.8324E-01 -4.4414E-01  8.5831E-06 -1.3113E-06
 8.0000E-02 4.8587E-01 -4.2505E-01 -9.5367E-07 -1.6093E-06
 8.0000E-02 4.8852E-01 -4.0214E-01  6.1989E-06 -1.7285E-06
 8.0000E-02 4.9121E-01 -3.7513E-01  7.1526E-06 -1.4603E-06
 8.0000E-02 4.9392E-01 -3.4403E-01 -5.2452E-06 -5.1558E-06
 8.0000E-02 4.9667E-01 -3.0910E-01 -9.0599E-06 -1.0788E-05
 8.0000E-02 4.9944E-01 -2.7050E-01 -2.3842E-06 -5.1260E-06
 8.0000E-02 5.0225E-01 -2.2860E-01 -3.8147E-06  1.1176E-06
 8.0000E-02 5.0508E-01 -1.8398E-01 -8.5831E-06 -5.6475E-06
 8.0000E-02 5.0795E-01 -1.3692E-01 -1.9073E-06 -6.8545E-06
 8.0000E-02 5.1086E-01 -8.7838E-02  1.7643E-05  4.9323E-06
 8.0000E-02 5.1379E-01 -3.7277E-02  1.0014E-05  1.1548E-07
 8.0000E-02 5.1676E-01  1.4416E-02  4.6253E-05 -8.7954E-06
 8.0000E-02 5.1977E-01  6.6764E-02  3.0041E-05  4.1947E-06
 8.0000E-02 5.2281E-01  1.1918E-01 -1.8120E-05 -6.2585E-06
 8.0000E-02 5.2588E-01  1.7121E-01  7.6294E-06  8.9407E-08
 8.0000E-02 5.2899E-01  2.2223E-01  5.7220E-06  2.8312E-07
 8.0000E-02 5.3214E-01  2.7144E-01 -3.3379E-06  7.2420E-06
 8.0000E-02 5.3533E-01  3.1773E-01  2.2888E-05  2.5213E-05
 8.0000E-02 5.3855E-01  3.5991E-01  1.2398E-05 -8.4639E-06
 8.0000E-02 5.4182E-01  3.9699E-01  7.1526E-06  1.4514E-05
 8.0000E-02 5.4512E-01  4.2830E-01  1.8597E-05  5.5134E-06
 8.0000E-02 5.4847E-01  4.5372E-01 -2.5749E-05  2.0266E-06
 8.0000E-02 5.5185E-01  4.7344E-01 -1.2398E-05  1.9044E-05
 8.0000E-02 5.5528E-01  4.8807E-01  5.1022E-05 -1.7285E-06
 8.0000E-02 5.5875E-01  4.9881E-01  7.1526E-05  1.1355E-05
 8.0000E-02 5.6226E-01  5.0680E-01  3.0518E-05 -1.8120E-05
 8.0000E-02 5.6582E-01  5.1298E-01 -4.7684E-07  7.1526E-07
 8.0000E-02 5.6943E-01  5.1800E-01  1.5259E-05  4.3511E-06
 8.0000E-02 5.7308E-01  5.2213E-01  7.1526E-06 -5.0664E-06
 8.0000E-02 5.7677E-01  5.2529E-01  2.3842E-06  9.4175E-06
 8.0000E-02 5.8052E-01  5.2711E-01  4.7684E-06 -2.9981E-05
 8.0000E-02 5.8431E-01  5.2724E-01  2.5749E-05  5.9605E-07
 8.0000E-02 5.8816E-01  5.2556E-01  6.7234E-05  3.2723E-05
 8.0000E-02 5.9205E-01  5.2201E-01  1.9073E-06  5.6446E-05
 8.0000E-02 5.9600E-01  5.1631E-01  1.3113E-04 -4.1127E-06
 8.0000E-02 6.0000E-01  5.0748E-01  2.2888E-05  2.5868E-05
