 DDSCAT --- DDSCAT 7.3.3 [22.01.20]   
 TARGET --->TARGSPHER  spherical target with explicit spacing                 
 GPFAFT --- method of solution 
 FLTRCD --- prescription for polarizabilities
 FROM_FILE --- shape 
    4169 = NAT0 = number of dipoles
 ../../diel/Pena-Rioux_dielectric_26Au_74Ag                  
 ../../diel/Pena-Rioux_dielectric_76Au_24Ag                  
 ../../diel/Pena-Rioux_dielectric_85Au_15Ag                  
   0.000   0.000 = beta_min, beta_max ;  NBETA = 1
   0.000   0.000 = theta_min, theta_max; NTHETA= 1
   0.000   0.000 = phi_min, phi_max   ;   NPHI = 1
 0.5000 = ETASCA (param. controlling # of scatt. dirs used to calculate <cos> etc.
 Results averaged over    1 target orientations
                   and  2 incident polarizations
   aeff       wave       Q_ext     Q_abs      Q_sca     g(1)=<cos>  <cos^2>    Q_bk       Nsca
 8.0000E-02 3.0000E-01 2.8101E+00 1.5497E+00 1.2605E+00  6.4362E-01 6.1491E-01 2.9745E-02   656
 8.0000E-02 3.0101E-01 2.8074E+00 1.5513E+00 1.2561E+00  6.4309E-01 6.1377E-01 2.9697E-02   656
 8.0000E-02 3.0203E-01 2.8046E+00 1.5530E+00 1.2516E+00  6.4256E-01 6.1261E-01 2.9627E-02   656
 8.0000E-02 3.0305E-01 2.8016E+00 1.5546E+00 1.2470E+00  6.4205E-01 6.1145E-01 2.9537E-02   656
 8.0000E-02 3.0408E-01 2.7986E+00 1.5563E+00 1.2423E+00  6.4154E-01 6.1027E-01 2.9424E-02   656
 8.0000E-02 3.0512E-01 2.7953E+00 1.5579E+00 1.2375E+00  6.4104E-01 6.0909E-01 2.9289E-02   656
 8.0000E-02 3.0616E-01 2.7920E+00 1.5595E+00 1.2326E+00  6.4056E-01 6.0790E-01 2.9132E-02   656
 8.0000E-02 3.0722E-01 2.7886E+00 1.5611E+00 1.2275E+00  6.4008E-01 6.0670E-01 2.8954E-02   656
 8.0000E-02 3.0828E-01 2.7851E+00 1.5626E+00 1.2225E+00  6.3961E-01 6.0549E-01 2.8757E-02   656
 8.0000E-02 3.0934E-01 2.7817E+00 1.5642E+00 1.2176E+00  6.3911E-01 6.0426E-01 2.8551E-02   656
 8.0000E-02 3.1042E-01 2.7783E+00 1.5657E+00 1.2126E+00  6.3863E-01 6.0302E-01 2.8326E-02   656
 8.0000E-02 3.1150E-01 2.7747E+00 1.5672E+00 1.2075E+00  6.3815E-01 6.0177E-01 2.8081E-02   656
 8.0000E-02 3.1259E-01 2.7710E+00 1.5687E+00 1.2023E+00  6.3768E-01 6.0051E-01 2.7817E-02   656
 8.0000E-02 3.1368E-01 2.7672E+00 1.5702E+00 1.1970E+00  6.3721E-01 5.9924E-01 2.7534E-02   656
 8.0000E-02 3.1479E-01 2.7633E+00 1.5716E+00 1.1916E+00  6.3675E-01 5.9797E-01 2.7233E-02   656
 8.0000E-02 3.1590E-01 2.7592E+00 1.5731E+00 1.1861E+00  6.3630E-01 5.9668E-01 2.6915E-02   656
 8.0000E-02 3.1702E-01 2.7550E+00 1.5745E+00 1.1806E+00  6.3584E-01 5.9539E-01 2.6578E-02   656
 8.0000E-02 3.1815E-01 2.7506E+00 1.5758E+00 1.1748E+00  6.3540E-01 5.9409E-01 2.6221E-02   656
 8.0000E-02 3.1929E-01 2.7459E+00 1.5772E+00 1.1687E+00  6.3498E-01 5.9278E-01 2.5844E-02   656
 8.0000E-02 3.2043E-01 2.7411E+00 1.5785E+00 1.1626E+00  6.3455E-01 5.9146E-01 2.5450E-02   656
 8.0000E-02 3.2158E-01 2.7360E+00 1.5797E+00 1.1563E+00  6.3413E-01 5.9015E-01 2.5039E-02   657
 8.0000E-02 3.2274E-01 2.7307E+00 1.5809E+00 1.1499E+00  6.3371E-01 5.8882E-01 2.4612E-02   657
 8.0000E-02 3.2391E-01 2.7252E+00 1.5820E+00 1.1433E+00  6.3339E-01 5.8759E-01 2.4170E-02   602
 8.0000E-02 3.2509E-01 2.7195E+00 1.5830E+00 1.1365E+00  6.3298E-01 5.8625E-01 2.3713E-02   602
 8.0000E-02 3.2628E-01 2.7136E+00 1.5840E+00 1.1296E+00  6.3257E-01 5.8491E-01 2.3244E-02   602
 8.0000E-02 3.2747E-01 2.7067E+00 1.5848E+00 1.1220E+00  6.3223E-01 5.8357E-01 2.2738E-02   602
 8.0000E-02 3.2868E-01 2.6998E+00 1.5854E+00 1.1144E+00  6.3186E-01 5.8223E-01 2.2228E-02   602
 8.0000E-02 3.2989E-01 2.6928E+00 1.5860E+00 1.1068E+00  6.3148E-01 5.8087E-01 2.1716E-02   602
 8.0000E-02 3.3111E-01 2.6857E+00 1.5865E+00 1.0993E+00  6.3107E-01 5.7949E-01 2.1201E-02   602
 8.0000E-02 3.3234E-01 2.6786E+00 1.5868E+00 1.0918E+00  6.3062E-01 5.7810E-01 2.0688E-02   603
 8.0000E-02 3.3358E-01 2.6714E+00 1.5870E+00 1.0844E+00  6.3015E-01 5.7670E-01 2.0176E-02   603
 8.0000E-02 3.3483E-01 2.6642E+00 1.5871E+00 1.0771E+00  6.2964E-01 5.7528E-01 1.9667E-02   603
 8.0000E-02 3.3609E-01 2.6571E+00 1.5870E+00 1.0702E+00  6.2905E-01 5.7383E-01 1.9170E-02   603
 8.0000E-02 3.3736E-01 2.6506E+00 1.5868E+00 1.0638E+00  6.2836E-01 5.7233E-01 1.8695E-02   604
 8.0000E-02 3.3864E-01 2.6444E+00 1.5864E+00 1.0580E+00  6.2758E-01 5.7081E-01 1.8239E-02   604
 8.0000E-02 3.3992E-01 2.6386E+00 1.5860E+00 1.0526E+00  6.2670E-01 5.6925E-01 1.7803E-02   604
 8.0000E-02 3.4122E-01 2.6332E+00 1.5854E+00 1.0478E+00  6.2572E-01 5.6765E-01 1.7386E-02   604
 8.0000E-02 3.4253E-01 2.6283E+00 1.5848E+00 1.0435E+00  6.2462E-01 5.6601E-01 1.6991E-02   604
 8.0000E-02 3.4385E-01 2.6238E+00 1.5840E+00 1.0399E+00  6.2341E-01 5.6434E-01 1.6620E-02   604
 8.0000E-02 3.4517E-01 2.6201E+00 1.5831E+00 1.0370E+00  6.2203E-01 5.6261E-01 1.6281E-02   604
 8.0000E-02 3.4651E-01 2.6173E+00 1.5822E+00 1.0351E+00  6.2050E-01 5.6084E-01 1.5978E-02   605
 8.0000E-02 3.4786E-01 2.6152E+00 1.5813E+00 1.0339E+00  6.1883E-01 5.5904E-01 1.5703E-02   605
 8.0000E-02 3.4922E-01 2.6138E+00 1.5804E+00 1.0334E+00  6.1703E-01 5.5719E-01 1.5456E-02   605
 8.0000E-02 3.5059E-01 2.6132E+00 1.5794E+00 1.0338E+00  6.1508E-01 5.5531E-01 1.5240E-02   605
 8.0000E-02 3.5197E-01 2.6134E+00 1.5784E+00 1.0350E+00  6.1299E-01 5.5340E-01 1.5056E-02   605
 8.0000E-02 3.5336E-01 2.6144E+00 1.5774E+00 1.0370E+00  6.1076E-01 5.5146E-01 1.4902E-02   606
 8.0000E-02 3.5476E-01 2.6165E+00 1.5766E+00 1.0399E+00  6.0838E-01 5.4948E-01 1.4782E-02   606
 8.0000E-02 3.5618E-01 2.6194E+00 1.5757E+00 1.0436E+00  6.0590E-01 5.4749E-01 1.4691E-02   606
 8.0000E-02 3.5760E-01 2.6231E+00 1.5750E+00 1.0481E+00  6.0340E-01 5.4561E-01 1.4630E-02   551
 8.0000E-02 3.5904E-01 2.6276E+00 1.5743E+00 1.0533E+00  6.0069E-01 5.4359E-01 1.4591E-02   551
 8.0000E-02 3.6048E-01 2.6330E+00 1.5737E+00 1.0593E+00  5.9787E-01 5.4155E-01 1.4582E-02   551
 8.0000E-02 3.6194E-01 2.6393E+00 1.5733E+00 1.0661E+00  5.9496E-01 5.3951E-01 1.4599E-02   551
 8.0000E-02 3.6341E-01 2.6465E+00 1.5729E+00 1.0736E+00  5.9196E-01 5.3745E-01 1.4642E-02   551
 8.0000E-02 3.6490E-01 2.6545E+00 1.5727E+00 1.0818E+00  5.8890E-01 5.3540E-01 1.4704E-02   551
 8.0000E-02 3.6639E-01 2.6632E+00 1.5727E+00 1.0906E+00  5.8578E-01 5.3335E-01 1.4785E-02   551
 8.0000E-02 3.6790E-01 2.6727E+00 1.5728E+00 1.0999E+00  5.8260E-01 5.3130E-01 1.4884E-02   551
 8.0000E-02 3.6942E-01 2.6829E+00 1.5730E+00 1.1099E+00  5.7937E-01 5.2925E-01 1.5001E-02   551
 8.0000E-02 3.7095E-01 2.6939E+00 1.5734E+00 1.1206E+00  5.7609E-01 5.2720E-01 1.5136E-02   551
 8.0000E-02 3.7250E-01 2.7057E+00 1.5739E+00 1.1318E+00  5.7277E-01 5.2516E-01 1.5286E-02   551
 8.0000E-02 3.7406E-01 2.7181E+00 1.5746E+00 1.1435E+00  5.6943E-01 5.2313E-01 1.5445E-02   552
 8.0000E-02 3.7563E-01 2.7310E+00 1.5754E+00 1.1556E+00  5.6606E-01 5.2110E-01 1.5616E-02   552
 8.0000E-02 3.7722E-01 2.7446E+00 1.5764E+00 1.1682E+00  5.6268E-01 5.1908E-01 1.5795E-02   552
 8.0000E-02 3.7881E-01 2.7588E+00 1.5776E+00 1.1813E+00  5.5927E-01 5.1706E-01 1.5982E-02   552
 8.0000E-02 3.8043E-01 2.7737E+00 1.5789E+00 1.1948E+00  5.5585E-01 5.1506E-01 1.6178E-02   552
 8.0000E-02 3.8205E-01 2.7891E+00 1.5803E+00 1.2088E+00  5.5242E-01 5.1306E-01 1.6379E-02   552
 8.0000E-02 3.8369E-01 2.8051E+00 1.5819E+00 1.2232E+00  5.4898E-01 5.1106E-01 1.6583E-02   552
 8.0000E-02 3.8534E-01 2.8215E+00 1.5836E+00 1.2379E+00  5.4554E-01 5.0908E-01 1.6790E-02   552
 8.0000E-02 3.8701E-01 2.8385E+00 1.5855E+00 1.2530E+00  5.4208E-01 5.0710E-01 1.7001E-02   552
 8.0000E-02 3.8870E-01 2.8560E+00 1.5874E+00 1.2686E+00  5.3863E-01 5.0513E-01 1.7215E-02   552
 8.0000E-02 3.9039E-01 2.8741E+00 1.5896E+00 1.2845E+00  5.3516E-01 5.0316E-01 1.7430E-02   552
 8.0000E-02 3.9211E-01 2.8926E+00 1.5918E+00 1.3008E+00  5.3169E-01 5.0119E-01 1.7647E-02   552
 8.0000E-02 3.9383E-01 2.9115E+00 1.5941E+00 1.3175E+00  5.2821E-01 4.9924E-01 1.7867E-02   552
 8.0000E-02 3.9558E-01 2.9310E+00 1.5965E+00 1.3345E+00  5.2471E-01 4.9728E-01 1.8090E-02   552
 8.0000E-02 3.9733E-01 2.9510E+00 1.5989E+00 1.3520E+00  5.2120E-01 4.9533E-01 1.8318E-02   552
 8.0000E-02 3.9911E-01 2.9715E+00 1.6015E+00 1.3700E+00  5.1767E-01 4.9338E-01 1.8549E-02   552
 8.0000E-02 4.0090E-01 2.9925E+00 1.6042E+00 1.3883E+00  5.1425E-01 4.9156E-01 1.8784E-02   499
 8.0000E-02 4.0270E-01 3.0140E+00 1.6069E+00 1.4071E+00  5.1069E-01 4.8961E-01 1.9026E-02   499
 8.0000E-02 4.0452E-01 3.0361E+00 1.6096E+00 1.4265E+00  5.0708E-01 4.8767E-01 1.9280E-02   499
 8.0000E-02 4.0636E-01 3.0587E+00 1.6124E+00 1.4464E+00  5.0346E-01 4.8572E-01 1.9540E-02   499
 8.0000E-02 4.0822E-01 3.0821E+00 1.6153E+00 1.4668E+00  4.9983E-01 4.8378E-01 1.9807E-02   499
 8.0000E-02 4.1009E-01 3.1060E+00 1.6182E+00 1.4878E+00  4.9617E-01 4.8183E-01 2.0079E-02   499
 8.0000E-02 4.1198E-01 3.1306E+00 1.6212E+00 1.5094E+00  4.9248E-01 4.7988E-01 2.0359E-02   499
 8.0000E-02 4.1389E-01 3.1560E+00 1.6243E+00 1.5317E+00  4.8879E-01 4.7794E-01 2.0643E-02   499
 8.0000E-02 4.1581E-01 3.1822E+00 1.6275E+00 1.5546E+00  4.8509E-01 4.7600E-01 2.0926E-02   500
 8.0000E-02 4.1776E-01 3.2090E+00 1.6310E+00 1.5780E+00  4.8140E-01 4.7406E-01 2.1199E-02   500
 8.0000E-02 4.1972E-01 3.2364E+00 1.6346E+00 1.6019E+00  4.7773E-01 4.7212E-01 2.1459E-02   501
 8.0000E-02 4.2170E-01 3.2646E+00 1.6384E+00 1.6263E+00  4.7410E-01 4.7019E-01 2.1698E-02   501
 8.0000E-02 4.2370E-01 3.2935E+00 1.6425E+00 1.6510E+00  4.7053E-01 4.6827E-01 2.1904E-02   501
 8.0000E-02 4.2571E-01 3.3230E+00 1.6469E+00 1.6761E+00  4.6703E-01 4.6636E-01 2.2067E-02   501
 8.0000E-02 4.2775E-01 3.3530E+00 1.6516E+00 1.7015E+00  4.6361E-01 4.6446E-01 2.2183E-02   501
 8.0000E-02 4.2981E-01 3.3837E+00 1.6565E+00 1.7272E+00  4.6027E-01 4.6257E-01 2.2256E-02   501
 8.0000E-02 4.3188E-01 3.4150E+00 1.6617E+00 1.7533E+00  4.5700E-01 4.6069E-01 2.2285E-02   501
 8.0000E-02 4.3398E-01 3.4469E+00 1.6672E+00 1.7797E+00  4.5378E-01 4.5881E-01 2.2278E-02   501
 8.0000E-02 4.3610E-01 3.4792E+00 1.6727E+00 1.8065E+00  4.5059E-01 4.5695E-01 2.2251E-02   501
 8.0000E-02 4.3824E-01 3.5121E+00 1.6783E+00 1.8338E+00  4.4739E-01 4.5510E-01 2.2229E-02   501
 8.0000E-02 4.4039E-01 3.5455E+00 1.6839E+00 1.8617E+00  4.4417E-01 4.5326E-01 2.2214E-02   501
 8.0000E-02 4.4257E-01 3.5794E+00 1.6895E+00 1.8900E+00  4.4094E-01 4.5145E-01 2.2224E-02   501
 8.0000E-02 4.4478E-01 3.6138E+00 1.6950E+00 1.9188E+00  4.3767E-01 4.4966E-01 2.2266E-02   501
 8.0000E-02 4.4700E-01 3.6489E+00 1.7006E+00 1.9484E+00  4.3438E-01 4.4789E-01 2.2351E-02   501
 8.0000E-02 4.4925E-01 3.6850E+00 1.7062E+00 1.9788E+00  4.3110E-01 4.4617E-01 2.2467E-02   501
 8.0000E-02 4.5152E-01 3.7220E+00 1.7120E+00 2.0100E+00  4.2785E-01 4.4448E-01 2.2610E-02   501
 8.0000E-02 4.5381E-01 3.7603E+00 1.7180E+00 2.0423E+00  4.2464E-01 4.4284E-01 2.2779E-02   501
 8.0000E-02 4.5612E-01 3.8004E+00 1.7244E+00 2.0759E+00  4.2166E-01 4.4137E-01 2.2957E-02   452
 8.0000E-02 4.5846E-01 3.8423E+00 1.7313E+00 2.1110E+00  4.1865E-01 4.3980E-01 2.3126E-02   452
 8.0000E-02 4.6082E-01 3.8864E+00 1.7386E+00 2.1478E+00  4.1576E-01 4.3827E-01 2.3277E-02   452
 8.0000E-02 4.6321E-01 3.9331E+00 1.7466E+00 2.1866E+00  4.1301E-01 4.3677E-01 2.3400E-02   452
 8.0000E-02 4.6563E-01 3.9828E+00 1.7552E+00 2.2277E+00  4.1041E-01 4.3528E-01 2.3469E-02   452
 8.0000E-02 4.6806E-01 4.0356E+00 1.7645E+00 2.2711E+00  4.0796E-01 4.3380E-01 2.3473E-02   452
 8.0000E-02 4.7053E-01 4.0917E+00 1.7745E+00 2.3172E+00  4.0566E-01 4.3231E-01 2.3398E-02   452
 8.0000E-02 4.7302E-01 4.1513E+00 1.7851E+00 2.3662E+00  4.0348E-01 4.3080E-01 2.3233E-02   452
 8.0000E-02 4.7553E-01 4.2144E+00 1.7963E+00 2.4181E+00  4.0140E-01 4.2924E-01 2.2968E-02   452
 8.0000E-02 4.7807E-01 4.2805E+00 1.8078E+00 2.4727E+00  3.9936E-01 4.2763E-01 2.2616E-02   452
 8.0000E-02 4.8065E-01 4.3496E+00 1.8194E+00 2.5302E+00  3.9730E-01 4.2595E-01 2.2192E-02   452
 8.0000E-02 4.8324E-01 4.4209E+00 1.8306E+00 2.5904E+00  3.9514E-01 4.2417E-01 2.1732E-02   452
 8.0000E-02 4.8587E-01 4.4935E+00 1.8409E+00 2.6526E+00  3.9276E-01 4.2230E-01 2.1306E-02   452
 8.0000E-02 4.8852E-01 4.5662E+00 1.8496E+00 2.7166E+00  3.9006E-01 4.2033E-01 2.0998E-02   452
 8.0000E-02 4.9121E-01 4.6381E+00 1.8561E+00 2.7820E+00  3.8691E-01 4.1826E-01 2.0910E-02   452
 8.0000E-02 4.9392E-01 4.7073E+00 1.8596E+00 2.8477E+00  3.8320E-01 4.1611E-01 2.1177E-02   452
 8.0000E-02 4.9667E-01 4.7728E+00 1.8595E+00 2.9134E+00  3.7884E-01 4.1389E-01 2.1925E-02   452
 8.0000E-02 4.9944E-01 4.8334E+00 1.8551E+00 2.9783E+00  3.7375E-01 4.1162E-01 2.3283E-02   452
 8.0000E-02 5.0225E-01 4.8880E+00 1.8462E+00 3.0418E+00  3.6789E-01 4.0934E-01 2.5370E-02   452
 8.0000E-02 5.0508E-01 4.9358E+00 1.8325E+00 3.1033E+00  3.6127E-01 4.0707E-01 2.8281E-02   452
 8.0000E-02 5.0795E-01 4.9764E+00 1.8140E+00 3.1624E+00  3.5388E-01 4.0483E-01 3.2096E-02   452
 8.0000E-02 5.1086E-01 5.0090E+00 1.7907E+00 3.2184E+00  3.4573E-01 4.0265E-01 3.6884E-02   452
 8.0000E-02 5.1379E-01 5.0333E+00 1.7624E+00 3.2709E+00  3.3685E-01 4.0054E-01 4.2686E-02   453
 8.0000E-02 5.1676E-01 5.0490E+00 1.7293E+00 3.3197E+00  3.2726E-01 3.9851E-01 4.9533E-02   453
 8.0000E-02 5.1977E-01 5.0553E+00 1.6913E+00 3.3640E+00  3.1694E-01 3.9657E-01 5.7459E-02   453
 8.0000E-02 5.2281E-01 5.0524E+00 1.6485E+00 3.4039E+00  3.0593E-01 3.9472E-01 6.6457E-02   453
 8.0000E-02 5.2588E-01 5.0397E+00 1.6009E+00 3.4388E+00  2.9422E-01 3.9297E-01 7.6531E-02   453
 8.0000E-02 5.2899E-01 5.0169E+00 1.5488E+00 3.4682E+00  2.8195E-01 3.9147E-01 8.7667E-02   407
 8.0000E-02 5.3214E-01 4.9839E+00 1.4923E+00 3.4916E+00  2.6884E-01 3.8996E-01 9.9824E-02   407
 8.0000E-02 5.3533E-01 4.9405E+00 1.4323E+00 3.5082E+00  2.5510E-01 3.8858E-01 1.1291E-01   407
 8.0000E-02 5.3855E-01 4.8879E+00 1.3701E+00 3.5178E+00  2.4084E-01 3.8737E-01 1.2672E-01   407
 8.0000E-02 5.4182E-01 4.8280E+00 1.3074E+00 3.5206E+00  2.2628E-01 3.8636E-01 1.4102E-01   407
 8.0000E-02 5.4512E-01 4.7635E+00 1.2461E+00 3.5174E+00  2.1164E-01 3.8555E-01 1.5549E-01   407
 8.0000E-02 5.4847E-01 4.6970E+00 1.1878E+00 3.5092E+00  1.9716E-01 3.8496E-01 1.6988E-01   408
 8.0000E-02 5.5185E-01 4.6313E+00 1.1337E+00 3.4976E+00  1.8306E-01 3.8458E-01 1.8393E-01   408
 8.0000E-02 5.5528E-01 4.5689E+00 1.0851E+00 3.4839E+00  1.6957E-01 3.8442E-01 1.9741E-01   408
 8.0000E-02 5.5875E-01 4.5115E+00 1.0424E+00 3.4691E+00  1.5686E-01 3.8442E-01 2.1010E-01   408
 8.0000E-02 5.6226E-01 4.4596E+00 1.0059E+00 3.4537E+00  1.4503E-01 3.8457E-01 2.2190E-01   408
 8.0000E-02 5.6582E-01 4.4127E+00 9.7533E-01 3.4373E+00  1.3407E-01 3.8481E-01 2.3271E-01   408
 8.0000E-02 5.6943E-01 4.3698E+00 9.5047E-01 3.4193E+00  1.2394E-01 3.8513E-01 2.4248E-01   408
 8.0000E-02 5.7308E-01 4.3299E+00 9.3130E-01 3.3986E+00  1.1460E-01 3.8548E-01 2.5115E-01   408
 8.0000E-02 5.7677E-01 4.2919E+00 9.1786E-01 3.3741E+00  1.0597E-01 3.8585E-01 2.5867E-01   408
 8.0000E-02 5.8052E-01 4.2553E+00 9.1040E-01 3.3449E+00  9.8033E-02 3.8624E-01 2.6500E-01   408
 8.0000E-02 5.8431E-01 4.2202E+00 9.0900E-01 3.3112E+00  9.0762E-02 3.8664E-01 2.7016E-01   408
 8.0000E-02 5.8816E-01 4.1872E+00 9.1338E-01 3.2738E+00  8.4138E-02 3.8704E-01 2.7423E-01   408
 8.0000E-02 5.9205E-01 4.1563E+00 9.2324E-01 3.2331E+00  7.8140E-02 3.8745E-01 2.7726E-01   408
 8.0000E-02 5.9600E-01 4.1272E+00 9.3842E-01 3.1888E+00  7.2723E-02 3.8785E-01 2.7930E-01   408
 8.0000E-02 6.0000E-01 4.1001E+00 9.5858E-01 3.1415E+00  6.7818E-02 3.8825E-01 2.8051E-01   408
