 DDSCAT --- DDSCAT 7.3.3 [22.01.20]   
 TARGET --->TARGSPHER  spherical target with explicit spacing                 
 GPFAFT --- method of solution 
 FLTRCD --- prescription for polarizabilities
 FROM_FILE --- shape 
    4169 = NAT0 = number of dipoles
 ../../diel/Pena-Rioux_dielectric_26Au_74Ag                  
 ../../diel/Pena-Rioux_dielectric_65Au_35Ag                  
 ../../diel/Pena-Rioux_dielectric_85Au_15Ag                  
   0.000   0.000 = beta_min, beta_max ;  NBETA = 1
   0.000   0.000 = theta_min, theta_max; NTHETA= 1
   0.000   0.000 = phi_min, phi_max   ;   NPHI = 1
 Results averaged over    1 target orientations
                   and  2 incident polarizations
   aeff       wave       Q_pha       Q_pol       Q_cpol
 1.0000E-03 3.0000E-01  2.1208E-02 -2.2352E-08 -1.8626E-09
 1.0000E-03 3.0101E-01  2.1012E-02  3.7253E-08 -1.6764E-08
 1.0000E-03 3.0203E-01  2.0811E-02  9.6858E-08  5.5879E-09
 1.0000E-03 3.0305E-01  2.0606E-02  9.6858E-08  6.8918E-08
 1.0000E-03 3.0408E-01  2.0397E-02 -2.0117E-07 -6.5193E-08
 1.0000E-03 3.0512E-01  2.0182E-02  1.3411E-07  5.4017E-08
 1.0000E-03 3.0616E-01  1.9963E-02 -1.1921E-07 -1.6764E-08
 1.0000E-03 3.0722E-01  1.9740E-02  5.2154E-08 -1.3039E-08
 1.0000E-03 3.0828E-01  1.9515E-02  7.4506E-08  2.6077E-08
 1.0000E-03 3.0934E-01  1.9304E-02  1.3411E-07  0.0000E+00
 1.0000E-03 3.1042E-01  1.9088E-02 -5.2154E-08  7.4506E-09
 1.0000E-03 3.1150E-01  1.8868E-02 -2.9802E-08  3.9116E-08
 1.0000E-03 3.1259E-01  1.8644E-02 -8.1956E-08 -3.9116E-08
 1.0000E-03 3.1368E-01  1.8415E-02 -9.6858E-08 -2.9802E-08
 1.0000E-03 3.1479E-01  1.8181E-02  1.2666E-07 -1.8626E-09
 1.0000E-03 3.1590E-01  1.7942E-02  5.9605E-08 -5.5879E-09
 1.0000E-03 3.1702E-01  1.7698E-02 -3.7253E-08 -3.7253E-09
 1.0000E-03 3.1815E-01  1.7451E-02  8.9407E-08 -1.1176E-08
 1.0000E-03 3.1929E-01  1.7193E-02  7.4506E-09 -5.5879E-09
 1.0000E-03 3.2043E-01  1.6925E-02  1.1921E-07 -1.8626E-09
 1.0000E-03 3.2158E-01  1.6646E-02 -8.9407E-08 -3.5390E-08
 1.0000E-03 3.2274E-01  1.6357E-02 -6.7055E-08  1.6764E-08
 1.0000E-03 3.2391E-01  1.6055E-02 -1.8626E-07  3.3528E-08
 1.0000E-03 3.2509E-01  1.5741E-02 -1.0431E-07  3.3528E-08
 1.0000E-03 3.2628E-01  1.5416E-02  8.9407E-08 -2.7008E-08
 1.0000E-03 3.2747E-01  1.5041E-02  1.0431E-07  9.3132E-10
 1.0000E-03 3.2868E-01  1.4653E-02 -3.7253E-08 -3.5390E-08
 1.0000E-03 3.2989E-01  1.4254E-02  1.7881E-07  1.2107E-08
 1.0000E-03 3.3111E-01  1.3842E-02  2.9057E-07 -9.3132E-09
 1.0000E-03 3.3234E-01  1.3417E-02  2.9802E-08 -3.7253E-09
 1.0000E-03 3.3358E-01  1.2979E-02  2.3097E-07  2.7940E-09
 1.0000E-03 3.3483E-01  1.2525E-02  2.3097E-07  7.4506E-09
 1.0000E-03 3.3609E-01  1.2058E-02  8.9407E-08  6.5193E-09
 1.0000E-03 3.3736E-01  1.1586E-02  1.4156E-07 -4.6566E-09
 1.0000E-03 3.3864E-01  1.1109E-02 -1.1921E-07 -9.3132E-09
 1.0000E-03 3.3992E-01  1.0628E-02  0.0000E+00  4.6566E-09
 1.0000E-03 3.4122E-01  1.0140E-02 -7.4506E-08 -9.3132E-09
 1.0000E-03 3.4253E-01  9.6457E-03  2.2352E-08  1.5832E-08
 1.0000E-03 3.4385E-01  9.1434E-03  0.0000E+00 -9.3132E-10
 1.0000E-03 3.4517E-01  8.6400E-03  8.9407E-08  2.7940E-09
 1.0000E-03 3.4651E-01  8.1464E-03  5.2154E-08 -1.7695E-08
 1.0000E-03 3.4786E-01  7.6551E-03  2.2352E-08  8.8476E-09
 1.0000E-03 3.4922E-01  7.1658E-03  2.2352E-08  1.3504E-08
 1.0000E-03 3.5059E-01  6.6783E-03  4.4703E-08  0.0000E+00
 1.0000E-03 3.5197E-01  6.1924E-03 -7.4506E-09  4.6566E-09
 1.0000E-03 3.5336E-01  5.7080E-03 -1.2666E-07  0.0000E+00
 1.0000E-03 3.5476E-01  5.2341E-03  1.4901E-08  3.2596E-09
 1.0000E-03 3.5618E-01  4.7709E-03  0.0000E+00  4.6566E-09
 1.0000E-03 3.5760E-01  4.3157E-03 -1.1921E-07 -7.4506E-09
 1.0000E-03 3.5904E-01  3.8694E-03 -7.4506E-09 -2.0955E-09
 1.0000E-03 3.6048E-01  3.4326E-03 -4.4703E-08  4.1910E-09
 1.0000E-03 3.6194E-01  3.0059E-03  2.2352E-08 -2.3283E-09
 1.0000E-03 3.6341E-01  2.5941E-03 -4.4703E-08 -2.3283E-09
 1.0000E-03 3.6490E-01  2.2011E-03  3.7253E-08  2.3283E-09
 1.0000E-03 3.6639E-01  1.8231E-03 -4.4703E-08 -2.7940E-09
 1.0000E-03 3.6790E-01  1.4616E-03 -4.4703E-08 -2.9104E-09
 1.0000E-03 3.6942E-01  1.1187E-03  1.0431E-07 -3.0268E-09
 1.0000E-03 3.7095E-01  7.9680E-04  1.9372E-07  4.0163E-09
 1.0000E-03 3.7250E-01  4.9968E-04  1.0431E-07  2.9686E-09
 1.0000E-03 3.7406E-01  2.2909E-04 -3.7253E-08 -3.5507E-09
 1.0000E-03 3.7563E-01 -1.7235E-05  2.0862E-07  1.7662E-09
 1.0000E-03 3.7722E-01 -2.3564E-04 -1.1176E-07  2.9104E-11
 1.0000E-03 3.7881E-01 -4.2229E-04  8.1956E-08 -2.6776E-09
 1.0000E-03 3.8043E-01 -5.7282E-04  5.2154E-08  4.9477E-09
 1.0000E-03 3.8205E-01 -6.8316E-04 -7.4506E-08 -1.4668E-08
 1.0000E-03 3.8369E-01 -7.5459E-04 -2.3097E-07  2.9686E-09
 1.0000E-03 3.8534E-01 -7.8440E-04  2.9057E-07 -2.9802E-08
 1.0000E-03 3.8701E-01 -7.6671E-04  4.6194E-07 -1.0116E-07
 1.0000E-03 3.8870E-01 -6.9389E-04  5.5879E-07 -2.9802E-08
 1.0000E-03 3.9039E-01 -5.5837E-04 -1.1176E-07 -3.1840E-08
 1.0000E-03 3.9211E-01 -3.6049E-04  4.7684E-07  2.2331E-07
 1.0000E-03 3.9383E-01 -9.5034E-05 -1.0431E-07  3.8086E-07
 1.0000E-03 3.9558E-01  2.4752E-04 -6.7055E-07  1.5757E-07
 1.0000E-03 3.9733E-01  6.7774E-04 -8.9407E-08 -1.6298E-09
 1.0000E-03 3.9911E-01  1.2077E-03  1.3411E-07  2.3982E-08
 1.0000E-03 4.0090E-01  1.8429E-03  0.0000E+00 -3.8999E-08
 1.0000E-03 4.0270E-01  2.5914E-03 -4.3213E-07 -1.2922E-07
 1.0000E-03 4.0452E-01  3.4691E-03 -7.4506E-08 -3.1781E-07
 1.0000E-03 4.0636E-01  4.4918E-03 -2.3842E-07 -6.7987E-08
 1.0000E-03 4.0822E-01  5.6772E-03 -5.9605E-08  9.1735E-08
 1.0000E-03 4.1009E-01  7.0341E-03  1.0878E-06  1.0012E-07
 1.0000E-03 4.1198E-01  8.5782E-03 -5.9605E-07 -1.0990E-07
 1.0000E-03 4.1389E-01  1.0327E-02 -6.5565E-07  1.9744E-07
 1.0000E-03 4.1581E-01  1.2295E-02  1.4901E-07  4.3772E-08
 1.0000E-03 4.1776E-01  1.4491E-02 -8.9407E-08  1.3039E-08
 1.0000E-03 4.1972E-01  1.6905E-02 -9.5367E-07 -4.7311E-07
 1.0000E-03 4.2170E-01  1.9538E-02 -1.4901E-07 -5.2154E-07
 1.0000E-03 4.2370E-01  2.2367E-02 -6.2585E-07  1.4156E-07
 1.0000E-03 4.2571E-01  2.5361E-02 -5.2154E-07  1.4901E-08
 1.0000E-03 4.2775E-01  2.8478E-02  2.9802E-08  1.4901E-07
 1.0000E-03 4.2981E-01  3.1678E-02  2.9802E-07  1.0431E-07
 1.0000E-03 4.3188E-01  3.4922E-02  1.9372E-07 -4.0978E-08
 1.0000E-03 4.3398E-01  3.8168E-02 -1.3411E-07  7.4506E-09
 1.0000E-03 4.3610E-01  4.1378E-02  2.9802E-07 -5.5879E-08
 1.0000E-03 4.3824E-01  4.4521E-02  3.4273E-07  7.8231E-08
 1.0000E-03 4.4039E-01  4.7574E-02  3.2783E-07  0.0000E+00
 1.0000E-03 4.4257E-01  5.0509E-02  1.3411E-07 -3.7253E-08
 1.0000E-03 4.4478E-01  5.3302E-02  2.5332E-07 -4.0233E-07
 1.0000E-03 4.4700E-01  5.5945E-02  3.8743E-07 -3.7253E-08
 1.0000E-03 4.4925E-01  5.8433E-02  5.8115E-07  9.3132E-08
 1.0000E-03 4.5152E-01  6.0760E-02 -1.6391E-07 -1.1921E-07
 1.0000E-03 4.5381E-01  6.2928E-02  4.4703E-08  1.2666E-07
 1.0000E-03 4.5612E-01  6.4954E-02 -1.0431E-07 -2.2352E-08
 1.0000E-03 4.5846E-01  6.6848E-02 -1.3411E-07 -5.9605E-08
 1.0000E-03 4.6082E-01  6.8615E-02 -1.0431E-07 -1.5646E-07
 1.0000E-03 4.6321E-01  7.0268E-02  3.4273E-07 -2.2352E-08
 1.0000E-03 4.6563E-01  7.1818E-02 -1.0431E-07 -7.4506E-09
 1.0000E-03 4.6806E-01  7.3259E-02  2.0862E-07  6.7055E-08
 1.0000E-03 4.7053E-01  7.4593E-02  1.3411E-07  1.4901E-08
 1.0000E-03 4.7302E-01  7.5821E-02  1.0431E-07 -5.9605E-08
 1.0000E-03 4.7553E-01  7.6925E-02 -7.3016E-07 -8.1956E-08
 1.0000E-03 4.7807E-01  7.7892E-02  8.1956E-08  6.7055E-08
 1.0000E-03 4.8065E-01  7.8713E-02  6.3330E-07 -6.7055E-08
 1.0000E-03 4.8324E-01  7.9369E-02  1.1176E-07 -2.2352E-07
 1.0000E-03 4.8587E-01  7.9836E-02  2.2352E-08  7.4506E-09
 1.0000E-03 4.8852E-01  8.0106E-02 -3.7253E-08 -2.1607E-07
 1.0000E-03 4.9121E-01  8.0168E-02 -5.2154E-07  1.4156E-07
 1.0000E-03 4.9392E-01  8.0008E-02  3.6508E-07  6.7055E-08
 1.0000E-03 4.9667E-01  7.9632E-02 -1.5646E-07 -2.7567E-07
 1.0000E-03 4.9944E-01  7.9045E-02  4.4703E-08 -6.7055E-08
 1.0000E-03 5.0225E-01  7.8254E-02 -3.5390E-07 -3.6508E-07
 1.0000E-03 5.0508E-01  7.7283E-02 -9.6858E-08 -2.2352E-08
 1.0000E-03 5.0795E-01  7.6151E-02  2.6077E-07 -4.4703E-08
 1.0000E-03 5.1086E-01  7.4884E-02  1.1176E-08 -1.4901E-08
 1.0000E-03 5.1379E-01  7.3514E-02 -3.5390E-07  1.7136E-07
 1.0000E-03 5.1676E-01  7.2067E-02 -1.8626E-07 -8.9407E-08
 1.0000E-03 5.1977E-01  7.0565E-02  4.8429E-08  3.7253E-08
 1.0000E-03 5.2281E-01  6.9036E-02  2.7567E-07  0.0000E+00
 1.0000E-03 5.2588E-01  6.7496E-02  7.0781E-08  1.5646E-07
 1.0000E-03 5.2899E-01  6.5958E-02  1.3597E-07 -1.3411E-07
 1.0000E-03 5.3214E-01  6.4437E-02 -1.5274E-07  1.7881E-07
 1.0000E-03 5.3533E-01  6.2942E-02  1.9744E-07 -8.9407E-08
 1.0000E-03 5.3855E-01  6.1483E-02  6.1467E-07  7.4506E-08
 1.0000E-03 5.4182E-01  6.0070E-02  5.4576E-07  1.1921E-07
 1.0000E-03 5.4512E-01  5.8714E-02 -1.1362E-07 -4.8429E-08
 1.0000E-03 5.4847E-01  5.7421E-02 -1.2293E-07  1.1548E-07
 1.0000E-03 5.5185E-01  5.6195E-02 -1.3039E-07  5.9605E-08
 1.0000E-03 5.5528E-01  5.5036E-02  1.0822E-06 -3.2783E-07
 1.0000E-03 5.5875E-01  5.3939E-02 -3.8929E-07 -2.2352E-08
 1.0000E-03 5.6226E-01  5.2896E-02 -1.1176E-08  1.3411E-07
 1.0000E-03 5.6582E-01  5.1899E-02  6.3982E-07 -4.8801E-07
 1.0000E-03 5.6943E-01  5.0938E-02  9.2760E-07  1.0058E-07
 1.0000E-03 5.7308E-01  5.0009E-02 -7.4599E-07 -9.8720E-07
 1.0000E-03 5.7677E-01  4.9108E-02 -9.5274E-07  5.3272E-07
 1.0000E-03 5.8052E-01  4.8235E-02  5.9232E-07 -1.2666E-07
 1.0000E-03 5.8431E-01  4.7396E-02  5.5879E-08 -6.5565E-07
 1.0000E-03 5.8816E-01  4.6597E-02  2.0117E-07  3.0547E-07
 1.0000E-03 5.9205E-01  4.5837E-02  5.1130E-07  3.1292E-07
 1.0000E-03 5.9600E-01  4.5118E-02 -5.6718E-07  2.3469E-07
 1.0000E-03 6.0000E-01  4.4444E-02  7.4506E-07 -2.0862E-07
