 DDSCAT --- DDSCAT 7.3.3 [22.01.20]   
 TARGET --->TARGSPHER  spherical target with explicit spacing                 
 GPFAFT --- method of solution 
 GKDLDR --- prescription for polarizabilities
 FROM_FILE --- shape 
   31103 = NAT0 = number of dipoles
 ../diel/Pena26Au74Ag                                        
 ../diel/Au_evap                                             
   0.000   0.000 = beta_min, beta_max ;  NBETA = 1
   0.000   0.000 = theta_min, theta_max; NTHETA= 1
   0.000   0.000 = phi_min, phi_max   ;   NPHI = 1
 Results averaged over    1 target orientations
                   and  2 incident polarizations
   aeff       wave       Q_pha       Q_pol       Q_cpol
 2.4619E-01 3.0000E-01 -2.2544E-01 -9.2983E-06  1.1921E-07
 2.4619E-01 3.0101E-01 -2.2513E-01 -3.7432E-05 -4.7684E-07
 2.4619E-01 3.0203E-01 -2.2503E-01 -2.2650E-05  7.4506E-08
 2.4619E-01 3.0305E-01 -2.2495E-01  1.9073E-06 -5.2154E-07
 2.4619E-01 3.0408E-01 -2.2487E-01 -2.6226E-06  7.4506E-07
 2.4619E-01 3.0512E-01 -2.2481E-01 -2.0027E-05 -2.2352E-07
 2.4619E-01 3.0616E-01 -2.2476E-01 -2.1696E-05  1.7881E-07
 2.4619E-01 3.0722E-01 -2.2473E-01 -2.4319E-05 -2.0862E-07
 2.4619E-01 3.0828E-01 -2.2471E-01  2.8610E-06  8.1956E-07
 2.4619E-01 3.0934E-01 -2.2472E-01 -4.5300E-06  1.0431E-07
 2.4619E-01 3.1042E-01 -2.2474E-01  3.0994E-06 -1.2517E-06
 2.4619E-01 3.1150E-01 -2.2457E-01 -2.3842E-05 -7.4506E-08
 2.4619E-01 3.1259E-01 -2.2436E-01  1.6212E-05  6.4075E-07
 2.4619E-01 3.1368E-01 -2.2417E-01 -9.5367E-07 -1.4901E-07
 2.4619E-01 3.1479E-01 -2.2402E-01 -5.9605E-06  2.8312E-07
 2.4619E-01 3.1590E-01 -2.2390E-01  1.1921E-05 -8.1956E-07
 2.4619E-01 3.1702E-01 -2.2382E-01 -1.1921E-05 -3.2783E-07
 2.4619E-01 3.1815E-01 -2.2376E-01 -4.5300E-06  5.3644E-07
 2.4619E-01 3.1929E-01 -2.2373E-01  1.7166E-05  5.6624E-07
 2.4619E-01 3.2043E-01 -2.2374E-01  5.9605E-06 -4.4703E-07
 2.4619E-01 3.2158E-01 -2.2426E-01 -5.2452E-06  7.5996E-07
 2.4619E-01 3.2274E-01 -2.2479E-01  1.9073E-06 -4.6194E-07
 2.4619E-01 3.2391E-01 -2.2534E-01 -1.6212E-05 -3.8743E-07
 2.4619E-01 3.2509E-01 -2.2590E-01  1.4067E-05  6.5565E-07
 2.4619E-01 3.2628E-01 -2.2648E-01 -1.2398E-05  1.0431E-06
 2.4619E-01 3.2747E-01 -2.2707E-01  1.8597E-05  1.7881E-07
 2.4619E-01 3.2868E-01 -2.2768E-01 -6.9141E-06  1.5050E-06
 2.4619E-01 3.2989E-01 -2.2833E-01  2.4796E-05  1.4603E-06
 2.4619E-01 3.3111E-01 -2.2902E-01  1.6689E-06  1.2219E-06
 2.4619E-01 3.3234E-01 -2.2947E-01 -5.9605E-06  5.6624E-07
 2.4619E-01 3.3358E-01 -2.2978E-01  9.2983E-06 -1.3858E-06
 2.4619E-01 3.3483E-01 -2.3009E-01 -1.3590E-05 -1.7881E-07
 2.4619E-01 3.3609E-01 -2.3041E-01  0.0000E+00  3.5763E-07
 2.4619E-01 3.3736E-01 -2.3075E-01 -8.8215E-06  4.4703E-08
 2.4619E-01 3.3864E-01 -2.3109E-01  2.3842E-06 -2.3842E-07
 2.4619E-01 3.3992E-01 -2.3144E-01  1.9550E-05 -5.9605E-07
 2.4619E-01 3.4122E-01 -2.3178E-01 -6.4373E-06 -7.4506E-08
 2.4619E-01 3.4253E-01 -2.3213E-01 -3.0994E-06  1.0133E-06
 2.4619E-01 3.4385E-01 -2.3244E-01 -9.5367E-07  1.3858E-06
 2.4619E-01 3.4517E-01 -2.3281E-01 -1.9073E-06  2.0266E-06
 2.4619E-01 3.4651E-01 -2.3325E-01 -5.4836E-06 -3.2783E-07
 2.4619E-01 3.4786E-01 -2.3374E-01  2.4557E-05 -2.4736E-06
 2.4619E-01 3.4922E-01 -2.3429E-01  1.9073E-06  7.3016E-07
 2.4619E-01 3.5059E-01 -2.3490E-01  4.4823E-05 -1.6689E-06
 2.4619E-01 3.5197E-01 -2.3558E-01 -3.3379E-06 -4.3213E-07
 2.4619E-01 3.5336E-01 -2.3631E-01  1.5020E-05  7.5996E-07
 2.4619E-01 3.5476E-01 -2.3718E-01  1.2159E-05 -9.3877E-07
 2.4619E-01 3.5618E-01 -2.3823E-01 -1.2398E-05 -2.8312E-07
 2.4619E-01 3.5760E-01 -2.3933E-01 -3.8147E-06  5.5134E-07
 2.4619E-01 3.5904E-01 -2.4048E-01  9.0599E-06  2.9802E-08
 2.4619E-01 3.6048E-01 -2.4168E-01  1.2398E-05  7.5996E-07
 2.4619E-01 3.6194E-01 -2.4292E-01  1.2636E-05 -3.2783E-07
 2.4619E-01 3.6341E-01 -2.4420E-01 -7.1526E-07 -5.3644E-07
 2.4619E-01 3.6490E-01 -2.4552E-01  1.4305E-05 -2.1905E-06
 2.4619E-01 3.6639E-01 -2.4687E-01  1.6451E-05 -1.3411E-07
 2.4619E-01 3.6790E-01 -2.4825E-01 -3.8147E-06  4.3213E-07
 2.4619E-01 3.6942E-01 -2.4963E-01 -8.8215E-06 -3.4273E-07
 2.4619E-01 3.7095E-01 -2.5100E-01 -7.3910E-06  4.7684E-07
 2.4619E-01 3.7250E-01 -2.5236E-01  6.6757E-06  1.9968E-06
 2.4619E-01 3.7406E-01 -2.5372E-01  1.6212E-05  5.9605E-08
 2.4619E-01 3.7563E-01 -2.5507E-01  5.0068E-06  1.8477E-06
 2.4619E-01 3.7722E-01 -2.5640E-01  3.3379E-06 -8.9407E-07
 2.4619E-01 3.7881E-01 -2.5772E-01  1.4305E-05 -2.9802E-08
 2.4619E-01 3.8043E-01 -2.5903E-01 -2.3127E-05  1.6987E-06
 2.4619E-01 3.8205E-01 -2.6025E-01  2.3842E-07 -1.6391E-06
 2.4619E-01 3.8369E-01 -2.6136E-01  2.3842E-06  1.7285E-06
 2.4619E-01 3.8534E-01 -2.6247E-01 -6.4373E-06  1.2219E-06
 2.4619E-01 3.8701E-01 -2.6359E-01 -6.1989E-06  3.2783E-07
 2.4619E-01 3.8870E-01 -2.6471E-01  7.1526E-07  4.4703E-07
 2.4619E-01 3.9039E-01 -2.6583E-01  1.1921E-05 -6.8545E-07
 2.4619E-01 3.9211E-01 -2.6696E-01  1.0014E-05  1.7881E-07
 2.4619E-01 3.9383E-01 -2.6808E-01 -4.0531E-06  1.6391E-06
 2.4619E-01 3.9558E-01 -2.6920E-01 -8.1062E-06  6.5565E-07
 2.4619E-01 3.9733E-01 -2.7032E-01  9.5367E-07  8.6427E-07
 2.4619E-01 3.9911E-01 -2.7159E-01  0.0000E+00  1.5497E-06
 2.4619E-01 4.0090E-01 -2.7286E-01  1.0490E-05  1.3411E-06
 2.4619E-01 4.0270E-01 -2.7415E-01  3.5763E-06  1.9372E-06
 2.4619E-01 4.0452E-01 -2.7543E-01 -5.0068E-06 -5.6624E-07
 2.4619E-01 4.0636E-01 -2.7671E-01  6.4373E-06 -1.4603E-06
 2.4619E-01 4.0822E-01 -2.7798E-01 -1.1921E-06  2.0862E-07
 2.4619E-01 4.1009E-01 -2.7926E-01  1.1921E-06  2.8312E-06
 2.4619E-01 4.1198E-01 -2.8053E-01  4.7684E-07 -1.2219E-06
 2.4619E-01 4.1389E-01 -2.8173E-01 -5.0068E-06 -2.6822E-07
 2.4619E-01 4.1581E-01 -2.8280E-01  7.1526E-07 -9.2387E-07
 2.4619E-01 4.1776E-01 -2.8388E-01  4.7684E-07  3.8743E-07
 2.4619E-01 4.1972E-01 -2.8499E-01 -7.1526E-06  1.0431E-06
 2.4619E-01 4.2170E-01 -2.8610E-01  2.3842E-06 -1.4901E-07
 2.4619E-01 4.2370E-01 -2.8724E-01 -2.3842E-06 -5.9605E-08
 2.4619E-01 4.2571E-01 -2.8839E-01  0.0000E+00 -5.6624E-07
 2.4619E-01 4.2775E-01 -2.8956E-01  7.8678E-06 -2.9802E-08
 2.4619E-01 4.2981E-01 -2.9074E-01 -6.1989E-06 -4.4703E-07
 2.4619E-01 4.3188E-01 -2.9210E-01  4.2915E-06  1.1921E-06
 2.4619E-01 4.3398E-01 -2.9355E-01  1.1921E-06  2.8610E-06
 2.4619E-01 4.3610E-01 -2.9501E-01  9.5367E-07 -3.8743E-07
 2.4619E-01 4.3824E-01 -2.9647E-01 -8.1062E-06  9.8348E-07
 2.4619E-01 4.4039E-01 -2.9794E-01 -5.2452E-06 -5.6624E-07
 2.4619E-01 4.4257E-01 -2.9942E-01  1.3351E-05 -1.0431E-06
 2.4619E-01 4.4478E-01 -3.0092E-01  1.4067E-05 -1.2219E-06
 2.4619E-01 4.4700E-01 -3.0244E-01  5.9605E-06  6.5565E-07
 2.4619E-01 4.4925E-01 -3.0398E-01  5.0068E-06 -9.5367E-07
 2.4619E-01 4.5152E-01 -3.0545E-01 -6.4373E-06  2.0862E-07
 2.4619E-01 4.5381E-01 -3.0666E-01  7.3910E-06 -2.6822E-07
 2.4619E-01 4.5612E-01 -3.0793E-01  3.8147E-06 -1.4007E-06
 2.4619E-01 4.5846E-01 -3.0929E-01  7.1526E-07 -2.3842E-07
 2.4619E-01 4.6082E-01 -3.1073E-01 -2.9087E-05 -5.0664E-07
 2.4619E-01 4.6321E-01 -3.1226E-01  1.9073E-06 -1.0729E-06
 2.4619E-01 4.6563E-01 -3.1389E-01 -1.7405E-05  8.9407E-08
 2.4619E-01 4.6806E-01 -3.1562E-01 -2.3842E-06  5.9605E-07
 2.4619E-01 4.7053E-01 -3.1747E-01 -1.8597E-05 -2.0266E-06
 2.4619E-01 4.7302E-01 -3.1997E-01 -1.1683E-05  3.5763E-07
 2.4619E-01 4.7553E-01 -3.2287E-01  1.0967E-05  3.8743E-07
 2.4619E-01 4.7807E-01 -3.2587E-01  1.4782E-05  3.5763E-07
 2.4619E-01 4.8065E-01 -3.2898E-01  1.8835E-05  1.8477E-06
 2.4619E-01 4.8324E-01 -3.3222E-01  1.0490E-05  4.1723E-07
 2.4619E-01 4.8587E-01 -3.3559E-01  1.6689E-06 -2.5034E-06
 2.4619E-01 4.8852E-01 -3.3912E-01  7.6294E-06 -1.7881E-06
 2.4619E-01 4.9121E-01 -3.4282E-01 -2.8610E-06  1.7583E-06
 2.4619E-01 4.9392E-01 -3.4669E-01 -5.7220E-06 -9.8348E-07
 2.4619E-01 4.9667E-01 -3.5091E-01  6.6757E-06  9.5367E-07
 2.4619E-01 4.9944E-01 -3.5541E-01  1.1206E-05 -1.5795E-06
 2.4619E-01 5.0225E-01 -3.5960E-01  2.9325E-05  7.1526E-07
 2.4619E-01 5.0508E-01 -3.6336E-01 -1.2159E-05 -1.2517E-06
 2.4619E-01 5.0795E-01 -3.6656E-01 -3.3379E-06 -2.8312E-06
 2.4619E-01 5.1086E-01 -3.6905E-01  2.8610E-06  3.5763E-07
 2.4619E-01 5.1379E-01 -3.7066E-01 -2.3842E-05  2.2054E-06
 2.4619E-01 5.1676E-01 -3.7118E-01  1.0490E-05 -2.1160E-06
 2.4619E-01 5.1977E-01 -3.7040E-01  1.2636E-05  7.4506E-07
 2.4619E-01 5.2281E-01 -3.6653E-01  3.4094E-05 -5.9605E-08
 2.4619E-01 5.2588E-01 -3.6051E-01  2.3842E-07  3.4571E-06
 2.4619E-01 5.2899E-01 -3.5337E-01  2.6703E-05  7.1526E-07
 2.4619E-01 5.3214E-01 -3.4512E-01 -1.6212E-05  5.6624E-07
 2.4619E-01 5.3533E-01 -3.3579E-01  1.3113E-05 -3.8743E-07
 2.4619E-01 5.3855E-01 -3.2546E-01  6.6757E-06 -1.4901E-07
 2.4619E-01 5.4182E-01 -3.1423E-01 -1.7166E-05 -1.4901E-07
 2.4619E-01 5.4512E-01 -3.0221E-01 -3.3379E-06  1.4603E-06
 2.4619E-01 5.4847E-01 -2.8958E-01  1.7405E-05 -1.0729E-06
 2.4619E-01 5.5185E-01 -2.7758E-01  1.1921E-05 -1.6689E-06
 2.4619E-01 5.5528E-01 -2.6552E-01  2.2888E-05  2.3842E-07
 2.4619E-01 5.5875E-01 -2.5355E-01  1.7405E-05  1.4007E-06
 2.4619E-01 5.6226E-01 -2.4183E-01  2.2173E-05  2.2650E-06
 2.4619E-01 5.6582E-01 -2.3038E-01  4.5300E-06  2.9802E-08
 2.4619E-01 5.6943E-01 -2.1909E-01  5.7220E-06 -1.0431E-07
 2.4619E-01 5.7308E-01 -2.0774E-01 -2.6464E-05 -1.7136E-06
 2.4619E-01 5.7677E-01 -1.9605E-01 -3.8147E-06  8.4937E-07
 2.4619E-01 5.8052E-01 -1.8378E-01  4.5300E-06 -5.3644E-07
 2.4619E-01 5.8431E-01 -1.7047E-01  1.1921E-06  1.4901E-08
 2.4619E-01 5.8816E-01 -1.5618E-01  7.8678E-06  7.7486E-07
 2.4619E-01 5.9205E-01 -1.4119E-01 -3.5763E-06  5.9605E-07
 2.4619E-01 5.9600E-01 -1.2561E-01 -7.1526E-07 -1.2368E-06
 2.4619E-01 6.0000E-01 -1.0946E-01  2.2173E-05  1.1250E-06
