 DDSCAT --- DDSCAT 7.3.3 [22.01.20]   
 TARGET --->TARGSPHER  spherical target with explicit spacing                 
 GPFAFT --- method of solution 
 FLTRCD --- prescription for polarizabilities
 FROM_FILE --- shape 
    4169 = NAT0 = number of dipoles
 ../../diel/Pena-Rioux_dielectric_26Au_74Ag                  
 ../../diel/Pena-Rioux_dielectric_34Au_66Ag                  
 ../../diel/Pena-Rioux_dielectric_76Au_24Ag                  
 ../../diel/Pena-Rioux_dielectric_85Au_15Ag                  
   0.000   0.000 = beta_min, beta_max ;  NBETA = 1
   0.000   0.000 = theta_min, theta_max; NTHETA= 1
   0.000   0.000 = phi_min, phi_max   ;   NPHI = 1
 0.5000 = ETASCA (param. controlling # of scatt. dirs used to calculate <cos> etc.
 Results averaged over    1 target orientations
                   and  2 incident polarizations
   aeff       wave       Q_ext     Q_abs      Q_sca     g(1)=<cos>  <cos^2>    Q_bk       Nsca
 1.0000E-03 3.0000E-01 8.3375E-02 8.3374E-02 1.0758E-06  2.5944E-04 4.0217E-01 1.2822E-07   214
 1.0000E-03 3.0101E-01 8.2878E-02 8.2877E-02 1.0536E-06  2.5929E-04 4.0217E-01 1.2558E-07   214
 1.0000E-03 3.0203E-01 8.2396E-02 8.2395E-02 1.0320E-06  2.5886E-04 4.0217E-01 1.2300E-07   214
 1.0000E-03 3.0305E-01 8.1928E-02 8.1927E-02 1.0108E-06  2.5864E-04 4.0217E-01 1.2048E-07   214
 1.0000E-03 3.0408E-01 8.1475E-02 8.1475E-02 9.9019E-07  2.5775E-04 4.0217E-01 1.1802E-07   214
 1.0000E-03 3.0512E-01 8.1037E-02 8.1036E-02 9.7007E-07  2.5746E-04 4.0217E-01 1.1562E-07   214
 1.0000E-03 3.0616E-01 8.0614E-02 8.0613E-02 9.5043E-07  2.5688E-04 4.0217E-01 1.1328E-07   214
 1.0000E-03 3.0722E-01 8.0205E-02 8.0204E-02 9.3127E-07  2.5630E-04 4.0217E-01 1.1100E-07   214
 1.0000E-03 3.0828E-01 7.9813E-02 7.9812E-02 9.1270E-07  2.5558E-04 4.0217E-01 1.0878E-07   214
 1.0000E-03 3.0934E-01 7.9445E-02 7.9444E-02 8.9499E-07  2.5529E-04 4.0217E-01 1.0667E-07   214
 1.0000E-03 3.1042E-01 7.9088E-02 7.9087E-02 8.7769E-07  2.5470E-04 4.0217E-01 1.0461E-07   214
 1.0000E-03 3.1150E-01 7.8743E-02 7.8742E-02 8.6080E-07  2.5399E-04 4.0217E-01 1.0260E-07   214
 1.0000E-03 3.1259E-01 7.8410E-02 7.8409E-02 8.4430E-07  2.5346E-04 4.0217E-01 1.0063E-07   214
 1.0000E-03 3.1368E-01 7.8089E-02 7.8088E-02 8.2820E-07  2.5282E-04 4.0217E-01 9.8714E-08   214
 1.0000E-03 3.1479E-01 7.7779E-02 7.7778E-02 8.1249E-07  2.5231E-04 4.0217E-01 9.6842E-08   214
 1.0000E-03 3.1590E-01 7.7481E-02 7.7481E-02 7.9716E-07  2.5178E-04 4.0217E-01 9.5015E-08   214
 1.0000E-03 3.1702E-01 7.7195E-02 7.7195E-02 7.8221E-07  2.5107E-04 4.0217E-01 9.3233E-08   214
 1.0000E-03 3.1815E-01 7.6878E-02 7.6878E-02 7.6689E-07  2.5036E-04 4.0217E-01 9.1407E-08   214
 1.0000E-03 3.1929E-01 7.6571E-02 7.6570E-02 7.5189E-07  2.4976E-04 4.0217E-01 8.9619E-08   214
 1.0000E-03 3.2043E-01 7.6280E-02 7.6279E-02 7.3733E-07  2.4901E-04 4.0217E-01 8.7884E-08   214
 1.0000E-03 3.2158E-01 7.6007E-02 7.6007E-02 7.2322E-07  2.4839E-04 4.0217E-01 8.6202E-08   214
 1.0000E-03 3.2274E-01 7.5751E-02 7.5750E-02 7.0954E-07  2.4801E-04 4.0217E-01 8.4571E-08   214
 1.0000E-03 3.2391E-01 7.5512E-02 7.5511E-02 6.9629E-07  2.4694E-04 4.0217E-01 8.2993E-08   214
 1.0000E-03 3.2509E-01 7.5290E-02 7.5289E-02 6.8346E-07  2.4661E-04 4.0217E-01 8.1464E-08   214
 1.0000E-03 3.2628E-01 7.5084E-02 7.5084E-02 6.7107E-07  2.4557E-04 4.0217E-01 7.9987E-08   214
 1.0000E-03 3.2747E-01 7.4911E-02 7.4911E-02 6.5905E-07  2.4467E-04 4.0217E-01 7.8555E-08   214
 1.0000E-03 3.2868E-01 7.4774E-02 7.4773E-02 6.4781E-07  2.4425E-04 4.0217E-01 7.7215E-08   214
 1.0000E-03 3.2989E-01 7.4671E-02 7.4671E-02 6.3735E-07  2.4352E-04 4.0217E-01 7.5968E-08   214
 1.0000E-03 3.3111E-01 7.4605E-02 7.4605E-02 6.2767E-07  2.4274E-04 4.0217E-01 7.4815E-08   214
 1.0000E-03 3.3234E-01 7.4576E-02 7.4576E-02 6.1879E-07  2.4186E-04 4.0217E-01 7.3756E-08   214
 1.0000E-03 3.3358E-01 7.4585E-02 7.4584E-02 6.1070E-07  2.4077E-04 4.0217E-01 7.2792E-08   214
 1.0000E-03 3.3483E-01 7.4632E-02 7.4632E-02 6.0343E-07  2.3987E-04 4.0217E-01 7.1925E-08   214
 1.0000E-03 3.3609E-01 7.4755E-02 7.4754E-02 5.9755E-07  2.3916E-04 4.0217E-01 7.1225E-08   214
 1.0000E-03 3.3736E-01 7.4958E-02 7.4958E-02 5.9321E-07  2.3831E-04 4.0217E-01 7.0708E-08   214
 1.0000E-03 3.3864E-01 7.5210E-02 7.5209E-02 5.8986E-07  2.3737E-04 4.0217E-01 7.0308E-08   214
 1.0000E-03 3.3992E-01 7.5511E-02 7.5510E-02 5.8752E-07  2.3650E-04 4.0217E-01 7.0030E-08   214
 1.0000E-03 3.4122E-01 7.5865E-02 7.5864E-02 5.8624E-07  2.3528E-04 4.0217E-01 6.9878E-08   214
 1.0000E-03 3.4253E-01 7.6275E-02 7.6274E-02 5.8605E-07  2.3430E-04 4.0217E-01 6.9855E-08   214
 1.0000E-03 3.4385E-01 7.6743E-02 7.6742E-02 5.8698E-07  2.3323E-04 4.0217E-01 6.9967E-08   214
 1.0000E-03 3.4517E-01 7.7271E-02 7.7271E-02 5.8910E-07  2.3198E-04 4.0217E-01 7.0219E-08   214
 1.0000E-03 3.4651E-01 7.7850E-02 7.7849E-02 5.9225E-07  2.3088E-04 4.0217E-01 7.0595E-08   214
 1.0000E-03 3.4786E-01 7.8478E-02 7.8478E-02 5.9639E-07  2.2998E-04 4.0217E-01 7.1089E-08   214
 1.0000E-03 3.4922E-01 7.9160E-02 7.9160E-02 6.0158E-07  2.2884E-04 4.0217E-01 7.1707E-08   214
 1.0000E-03 3.5059E-01 7.9900E-02 7.9900E-02 6.0789E-07  2.2754E-04 4.0217E-01 7.2459E-08   214
 1.0000E-03 3.5197E-01 8.0702E-02 8.0701E-02 6.1537E-07  2.2668E-04 4.0217E-01 7.3351E-08   214
 1.0000E-03 3.5336E-01 8.1569E-02 8.1569E-02 6.2410E-07  2.2526E-04 4.0217E-01 7.4392E-08   214
 1.0000E-03 3.5476E-01 8.2489E-02 8.2488E-02 6.3385E-07  2.2416E-04 4.0217E-01 7.5555E-08   214
 1.0000E-03 3.5618E-01 8.3461E-02 8.3461E-02 6.4466E-07  2.2300E-04 4.0217E-01 7.6843E-08   214
 1.0000E-03 3.5760E-01 8.4497E-02 8.4496E-02 6.5669E-07  2.2181E-04 4.0217E-01 7.8277E-08   214
 1.0000E-03 3.5904E-01 8.5601E-02 8.5600E-02 6.7002E-07  2.2072E-04 4.0217E-01 7.9867E-08   214
 1.0000E-03 3.6048E-01 8.6779E-02 8.6778E-02 6.8477E-07  2.1950E-04 4.0217E-01 8.1625E-08   214
 1.0000E-03 3.6194E-01 8.8037E-02 8.8036E-02 7.0105E-07  2.1794E-04 4.0217E-01 8.3565E-08   214
 1.0000E-03 3.6341E-01 8.9378E-02 8.9378E-02 7.1894E-07  2.1706E-04 4.0217E-01 8.5698E-08   214
 1.0000E-03 3.6490E-01 9.0800E-02 9.0800E-02 7.3842E-07  2.1586E-04 4.0217E-01 8.8021E-08   214
 1.0000E-03 3.6639E-01 9.2315E-02 9.2314E-02 7.5971E-07  2.1462E-04 4.0217E-01 9.0559E-08   214
 1.0000E-03 3.6790E-01 9.3929E-02 9.3929E-02 7.8296E-07  2.1353E-04 4.0217E-01 9.3331E-08   214
 1.0000E-03 3.6942E-01 9.5656E-02 9.5655E-02 8.0840E-07  2.1229E-04 4.0217E-01 9.6364E-08   214
 1.0000E-03 3.7095E-01 9.7503E-02 9.7502E-02 8.3624E-07  2.1061E-04 4.0217E-01 9.9682E-08   214
 1.0000E-03 3.7250E-01 9.9487E-02 9.9486E-02 8.6679E-07  2.0953E-04 4.0217E-01 1.0332E-07   214
 1.0000E-03 3.7406E-01 1.0162E-01 1.0162E-01 9.0029E-07  2.0861E-04 4.0217E-01 1.0732E-07   214
 1.0000E-03 3.7563E-01 1.0390E-01 1.0390E-01 9.3683E-07  2.0727E-04 4.0217E-01 1.1167E-07   214
 1.0000E-03 3.7722E-01 1.0634E-01 1.0634E-01 9.7693E-07  2.3432E-04 4.0254E-01 1.1643E-07   184
 1.0000E-03 3.7881E-01 1.0897E-01 1.0897E-01 1.0206E-06  2.3320E-04 4.0254E-01 1.2164E-07   184
 1.0000E-03 3.8043E-01 1.1180E-01 1.1180E-01 1.0685E-06  2.3181E-04 4.0254E-01 1.2734E-07   184
 1.0000E-03 3.8205E-01 1.1485E-01 1.1485E-01 1.1210E-06  2.3057E-04 4.0254E-01 1.3361E-07   184
 1.0000E-03 3.8369E-01 1.1813E-01 1.1812E-01 1.1784E-06  2.2937E-04 4.0254E-01 1.4044E-07   184
 1.0000E-03 3.8534E-01 1.2165E-01 1.2164E-01 1.2411E-06  2.2830E-04 4.0254E-01 1.4792E-07   184
 1.0000E-03 3.8701E-01 1.2544E-01 1.2544E-01 1.3098E-06  2.2674E-04 4.0254E-01 1.5610E-07   184
 1.0000E-03 3.8870E-01 1.2953E-01 1.2953E-01 1.3852E-06  2.2566E-04 4.0254E-01 1.6509E-07   184
 1.0000E-03 3.9039E-01 1.3394E-01 1.3394E-01 1.4681E-06  2.2413E-04 4.0254E-01 1.7497E-07   184
 1.0000E-03 3.9211E-01 1.3869E-01 1.3869E-01 1.5587E-06  2.2303E-04 4.0254E-01 1.8577E-07   184
 1.0000E-03 3.9383E-01 1.4380E-01 1.4380E-01 1.6580E-06  2.2159E-04 4.0254E-01 1.9760E-07   184
 1.0000E-03 3.9558E-01 1.4930E-01 1.4930E-01 1.7669E-06  2.2054E-04 4.0254E-01 2.1059E-07   184
 1.0000E-03 3.9733E-01 1.5523E-01 1.5523E-01 1.8865E-06  2.1904E-04 4.0254E-01 2.2484E-07   184
 1.0000E-03 3.9911E-01 1.6160E-01 1.6160E-01 2.0178E-06  2.1792E-04 4.0254E-01 2.4049E-07   184
 1.0000E-03 4.0090E-01 1.6844E-01 1.6843E-01 2.1615E-06  2.1640E-04 4.0254E-01 2.5762E-07   184
 1.0000E-03 4.0270E-01 1.7574E-01 1.7573E-01 2.3184E-06  2.1536E-04 4.0254E-01 2.7632E-07   184
 1.0000E-03 4.0452E-01 1.8351E-01 1.8351E-01 2.4898E-06  2.1372E-04 4.0254E-01 2.9674E-07   184
 1.0000E-03 4.0636E-01 1.9176E-01 1.9176E-01 2.6761E-06  2.1247E-04 4.0254E-01 3.1896E-07   184
 1.0000E-03 4.0822E-01 2.0045E-01 2.0045E-01 2.8780E-06  2.1110E-04 4.0254E-01 3.4302E-07   184
 1.0000E-03 4.1009E-01 2.0951E-01 2.0950E-01 3.0952E-06  2.0978E-04 4.0254E-01 3.6890E-07   184
 1.0000E-03 4.1198E-01 2.1884E-01 2.1883E-01 3.3269E-06  2.0826E-04 4.0254E-01 3.9652E-07   184
 1.0000E-03 4.1389E-01 2.2830E-01 2.2830E-01 3.5717E-06  2.0704E-04 4.0254E-01 4.2571E-07   184
 1.0000E-03 4.1581E-01 2.3771E-01 2.3771E-01 3.8271E-06  2.0577E-04 4.0254E-01 4.5614E-07   184
 1.0000E-03 4.1776E-01 2.4681E-01 2.4680E-01 4.0889E-06  2.0470E-04 4.0254E-01 4.8734E-07   184
 1.0000E-03 4.1972E-01 2.5528E-01 2.5527E-01 4.3517E-06  2.0341E-04 4.0254E-01 5.1868E-07   184
 1.0000E-03 4.2170E-01 2.6274E-01 2.6273E-01 4.6083E-06  2.0216E-04 4.0254E-01 5.4925E-07   184
 1.0000E-03 4.2370E-01 2.6876E-01 2.6876E-01 4.8493E-06  2.0102E-04 4.0254E-01 5.7799E-07   184
 1.0000E-03 4.2571E-01 2.7288E-01 2.7288E-01 5.0639E-06  1.9968E-04 4.0254E-01 6.0357E-07   184
 1.0000E-03 4.2775E-01 2.7464E-01 2.7463E-01 5.2400E-06  1.9848E-04 4.0253E-01 6.2455E-07   184
 1.0000E-03 4.2981E-01 2.7367E-01 2.7366E-01 5.3660E-06  1.9757E-04 4.0254E-01 6.3958E-07   184
 1.0000E-03 4.3188E-01 2.6974E-01 2.6974E-01 5.4322E-06  1.9649E-04 4.0254E-01 6.4747E-07   184
 1.0000E-03 4.3398E-01 2.6283E-01 2.6283E-01 5.4317E-06  1.9560E-04 4.0253E-01 6.4740E-07   184
 1.0000E-03 4.3610E-01 2.5312E-01 2.5312E-01 5.3620E-06  1.9468E-04 4.0254E-01 6.3910E-07   184
 1.0000E-03 4.3824E-01 2.4107E-01 2.4107E-01 5.2266E-06  1.9354E-04 4.0253E-01 6.2297E-07   184
 1.0000E-03 4.4039E-01 2.2733E-01 2.2732E-01 5.0363E-06  1.9306E-04 4.0254E-01 6.0028E-07   184
 1.0000E-03 4.4257E-01 2.1256E-01 2.1255E-01 4.8027E-06  1.9222E-04 4.0254E-01 5.7244E-07   184
 1.0000E-03 4.4478E-01 1.9742E-01 1.9742E-01 4.5393E-06  1.9150E-04 4.0253E-01 5.4105E-07   184
 1.0000E-03 4.4700E-01 1.8254E-01 1.8253E-01 4.2608E-06  1.9069E-04 4.0254E-01 5.0785E-07   184
 1.0000E-03 4.4925E-01 1.6834E-01 1.6833E-01 3.9797E-06  1.9007E-04 4.0254E-01 4.7435E-07   184
 1.0000E-03 4.5152E-01 1.5509E-01 1.5508E-01 3.7046E-06  1.8946E-04 4.0254E-01 4.4156E-07   184
 1.0000E-03 4.5381E-01 1.4294E-01 1.4293E-01 3.4416E-06  1.8884E-04 4.0254E-01 4.1021E-07   184
 1.0000E-03 4.5612E-01 1.3195E-01 1.3195E-01 3.1955E-06  1.8836E-04 4.0254E-01 3.8088E-07   184
 1.0000E-03 4.5846E-01 1.2208E-01 1.2208E-01 2.9681E-06  1.8738E-04 4.0253E-01 3.5377E-07   184
 1.0000E-03 4.6082E-01 1.1326E-01 1.1326E-01 2.7596E-06  1.8690E-04 4.0253E-01 3.2893E-07   184
 1.0000E-03 4.6321E-01 1.0539E-01 1.0539E-01 2.5696E-06  1.8634E-04 4.0254E-01 3.0628E-07   184
 1.0000E-03 4.6563E-01 9.8361E-02 9.8359E-02 2.3973E-06  1.8572E-04 4.0253E-01 2.8574E-07   184
 1.0000E-03 4.6806E-01 9.2062E-02 9.2060E-02 2.2409E-06  1.8514E-04 4.0254E-01 2.6710E-07   184
 1.0000E-03 4.7053E-01 8.6405E-02 8.6403E-02 2.0992E-06  1.8462E-04 4.0254E-01 2.5021E-07   184
 1.0000E-03 4.7302E-01 8.1308E-02 8.1306E-02 1.9706E-06  1.8382E-04 4.0253E-01 2.3488E-07   184
 1.0000E-03 4.7553E-01 7.6681E-02 7.6679E-02 1.8539E-06  1.8316E-04 4.0254E-01 2.2097E-07   184
 1.0000E-03 4.7807E-01 7.2460E-02 7.2458E-02 1.7476E-06  1.8278E-04 4.0253E-01 2.0830E-07   184
 1.0000E-03 4.8065E-01 6.8589E-02 6.8587E-02 1.6508E-06  1.8213E-04 4.0253E-01 1.9676E-07   184
 1.0000E-03 4.8324E-01 6.5010E-02 6.5009E-02 1.5625E-06  1.8181E-04 4.0254E-01 1.8624E-07   184
 1.0000E-03 4.8587E-01 6.1664E-02 6.1663E-02 1.4815E-06  1.8109E-04 4.0253E-01 1.7659E-07   184
 1.0000E-03 4.8852E-01 5.8505E-02 5.8503E-02 1.4071E-06  1.8074E-04 4.0253E-01 1.6772E-07   184
 1.0000E-03 4.9121E-01 5.5484E-02 5.5483E-02 1.3384E-06  1.8026E-04 4.0253E-01 1.5953E-07   184
 1.0000E-03 4.9392E-01 5.2555E-02 5.2554E-02 1.2744E-06  1.7970E-04 4.0253E-01 1.5190E-07   184
 1.0000E-03 4.9667E-01 4.9686E-02 4.9684E-02 1.2142E-06  1.7935E-04 4.0253E-01 1.4473E-07   184
 1.0000E-03 4.9944E-01 4.6851E-02 4.6850E-02 1.1571E-06  1.7880E-04 4.0253E-01 1.3792E-07   184
 1.0000E-03 5.0225E-01 4.4041E-02 4.4040E-02 1.1021E-06  1.7824E-04 4.0253E-01 1.3137E-07   184
 1.0000E-03 5.0508E-01 4.1268E-02 4.1267E-02 1.0488E-06  1.7785E-04 4.0253E-01 1.2501E-07   184
 1.0000E-03 5.0795E-01 3.8554E-02 3.8553E-02 9.9679E-07  1.7734E-04 4.0253E-01 1.1881E-07   184
 1.0000E-03 5.1086E-01 3.5935E-02 3.5934E-02 9.4585E-07  1.7684E-04 4.0253E-01 1.1274E-07   184
 1.0000E-03 5.1379E-01 3.3453E-02 3.3453E-02 8.9613E-07  1.7612E-04 4.0253E-01 1.0681E-07   184
 1.0000E-03 5.1676E-01 3.1145E-02 3.1145E-02 8.4786E-07  1.7537E-04 4.0253E-01 1.0106E-07   184
 1.0000E-03 5.1977E-01 2.9038E-02 2.9037E-02 8.0136E-07  1.7485E-04 4.0253E-01 9.5519E-08   184
 1.0000E-03 5.2281E-01 2.7147E-02 2.7146E-02 7.5701E-07  1.7418E-04 4.0253E-01 9.0233E-08   184
 1.0000E-03 5.2588E-01 2.5474E-02 2.5473E-02 7.1505E-07  1.7368E-04 4.0253E-01 8.5231E-08   184
 1.0000E-03 5.2899E-01 2.4007E-02 2.4006E-02 6.7569E-07  1.7304E-04 4.0253E-01 8.0540E-08   184
 1.0000E-03 5.3214E-01 2.2724E-02 2.2723E-02 6.3902E-07  1.7218E-04 4.0253E-01 7.6169E-08   184
 1.0000E-03 5.3533E-01 2.1595E-02 2.1595E-02 6.0499E-07  1.7151E-04 4.0253E-01 7.2113E-08   184
 1.0000E-03 5.3855E-01 2.0589E-02 2.0589E-02 5.7345E-07  1.7078E-04 4.0253E-01 6.8354E-08   184
 1.0000E-03 5.4182E-01 1.9674E-02 1.9674E-02 5.4415E-07  1.7033E-04 4.0253E-01 6.4861E-08   184
 1.0000E-03 5.4512E-01 1.8832E-02 1.8832E-02 5.1680E-07  1.6948E-04 4.0253E-01 6.1601E-08   184
 1.0000E-03 5.4847E-01 1.8053E-02 1.8052E-02 4.9114E-07  1.6867E-04 4.0253E-01 5.8543E-08   184
 1.0000E-03 5.5185E-01 1.7331E-02 1.7330E-02 4.6701E-07  1.6797E-04 4.0253E-01 5.5666E-08   184
 1.0000E-03 5.5528E-01 1.6665E-02 1.6665E-02 4.4423E-07  1.6728E-04 4.0253E-01 5.2951E-08   184
 1.0000E-03 5.5875E-01 1.6055E-02 1.6055E-02 4.2269E-07  1.6648E-04 4.0253E-01 5.0384E-08   184
 1.0000E-03 5.6226E-01 1.5507E-02 1.5506E-02 4.0231E-07  1.6599E-04 4.0253E-01 4.7954E-08   184
 1.0000E-03 5.6582E-01 1.5025E-02 1.5025E-02 3.8300E-07  1.6501E-04 4.0253E-01 4.5653E-08   184
 1.0000E-03 5.6943E-01 1.4617E-02 1.4616E-02 3.6480E-07  1.6452E-04 4.0253E-01 4.3483E-08   184
 1.0000E-03 5.7308E-01 1.4281E-02 1.4281E-02 3.4770E-07  1.6396E-04 4.0253E-01 4.1445E-08   184
 1.0000E-03 5.7677E-01 1.4013E-02 1.4013E-02 3.3171E-07  1.6292E-04 4.0253E-01 3.9539E-08   184
 1.0000E-03 5.8052E-01 1.3805E-02 1.3805E-02 3.1678E-07  1.6241E-04 4.0253E-01 3.7759E-08   184
 1.0000E-03 5.8431E-01 1.3655E-02 1.3655E-02 3.0285E-07  1.6167E-04 4.0253E-01 3.6100E-08   184
 1.0000E-03 5.8816E-01 1.3567E-02 1.3566E-02 2.8992E-07  1.6099E-04 4.0253E-01 3.4558E-08   184
 1.0000E-03 5.9205E-01 1.3544E-02 1.3544E-02 2.7802E-07  1.6046E-04 4.0253E-01 3.3140E-08   184
 1.0000E-03 5.9600E-01 1.3580E-02 1.3580E-02 2.6728E-07  1.6010E-04 4.0253E-01 3.1860E-08   184
 1.0000E-03 6.0000E-01 1.3647E-02 1.3646E-02 2.5778E-07  1.5964E-04 4.0253E-01 3.0728E-08   184
