 DDSCAT --- DDSCAT 7.3.3 [22.01.20]   
 TARGET --->TARGSPHER  spherical target with explicit spacing                 
 GPFAFT --- method of solution 
 FLTRCD --- prescription for polarizabilities
 FROM_FILE --- shape 
    4169 = NAT0 = number of dipoles
 ../../diel/Pena-Rioux_dielectric_26Au_74Ag                  
 ../../diel/Pena-Rioux_dielectric_34Au_66Ag                  
 ../../diel/Pena-Rioux_dielectric_76Au_24Ag                  
 ../../diel/Pena-Rioux_dielectric_85Au_15Ag                  
   0.000   0.000 = beta_min, beta_max ;  NBETA = 1
   0.000   0.000 = theta_min, theta_max; NTHETA= 1
   0.000   0.000 = phi_min, phi_max   ;   NPHI = 1
 Results averaged over    1 target orientations
                   and  2 incident polarizations
   aeff       wave       Q_pha       Q_pol       Q_cpol
 1.0000E-03 3.0000E-01  1.8181E-02  1.1921E-07 -9.3132E-09
 1.0000E-03 3.0101E-01  1.7950E-02  1.1921E-07  1.6764E-08
 1.0000E-03 3.0203E-01  1.7712E-02  2.2352E-08  2.9802E-08
 1.0000E-03 3.0305E-01  1.7467E-02  0.0000E+00  1.6764E-08
 1.0000E-03 3.0408E-01  1.7215E-02 -2.2352E-08  5.9605E-08
 1.0000E-03 3.0512E-01  1.6956E-02  2.0117E-07 -4.2841E-08
 1.0000E-03 3.0616E-01  1.6690E-02 -6.7055E-08 -4.4703E-08
 1.0000E-03 3.0722E-01  1.6415E-02  2.4587E-07  5.5879E-09
 1.0000E-03 3.0828E-01  1.6136E-02 -5.2154E-08 -7.4506E-09
 1.0000E-03 3.0934E-01  1.5865E-02  1.1921E-07 -1.3039E-08
 1.0000E-03 3.1042E-01  1.5587E-02 -7.4506E-08  1.3039E-08
 1.0000E-03 3.1150E-01  1.5302E-02  8.1956E-08  2.4214E-08
 1.0000E-03 3.1259E-01  1.5010E-02  1.2666E-07  7.4506E-09
 1.0000E-03 3.1368E-01  1.4711E-02  1.4156E-07 -3.7253E-09
 1.0000E-03 3.1479E-01  1.4405E-02 -2.0117E-07 -1.0245E-08
 1.0000E-03 3.1590E-01  1.4091E-02  8.1956E-08  1.8626E-08
 1.0000E-03 3.1702E-01  1.3769E-02  2.5332E-07  0.0000E+00
 1.0000E-03 3.1815E-01  1.3440E-02  1.4901E-08 -5.5879E-09
 1.0000E-03 3.1929E-01  1.3101E-02 -1.7881E-07 -1.3970E-08
 1.0000E-03 3.2043E-01  1.2750E-02 -1.5646E-07 -8.3819E-09
 1.0000E-03 3.2158E-01  1.2387E-02 -3.7253E-08  9.3132E-09
 1.0000E-03 3.2274E-01  1.2011E-02  5.2154E-08 -5.5879E-09
 1.0000E-03 3.2391E-01  1.1622E-02 -2.9802E-08 -6.5193E-09
 1.0000E-03 3.2509E-01  1.1219E-02  1.1921E-07 -9.3132E-09
 1.0000E-03 3.2628E-01  1.0802E-02 -9.6858E-08  1.3970E-08
 1.0000E-03 3.2747E-01  1.0336E-02 -5.9605E-08  6.5193E-09
 1.0000E-03 3.2868E-01  9.8569E-03 -7.4506E-08 -2.9802E-08
 1.0000E-03 3.2989E-01  9.3655E-03  3.7253E-08 -6.5193E-09
 1.0000E-03 3.3111E-01  8.8608E-03  1.7136E-07  1.2107E-08
 1.0000E-03 3.3234E-01  8.3416E-03 -2.7567E-07 -2.7940E-09
 1.0000E-03 3.3358E-01  7.8069E-03 -2.2352E-08 -1.2107E-08
 1.0000E-03 3.3483E-01  7.2555E-03 -1.3411E-07  2.0489E-08
 1.0000E-03 3.3609E-01  6.6914E-03  5.2154E-08  1.2107E-08
 1.0000E-03 3.3736E-01  6.1241E-03  1.0431E-07  7.9162E-09
 1.0000E-03 3.3864E-01  5.5505E-03 -8.1956E-08 -8.3819E-09
 1.0000E-03 3.3992E-01  4.9700E-03  6.7055E-08  4.6566E-09
 1.0000E-03 3.4122E-01  4.3814E-03  4.4703E-08 -2.3283E-09
 1.0000E-03 3.4253E-01  3.7839E-03 -8.9407E-08  5.5879E-09
 1.0000E-03 3.4385E-01  3.1762E-03 -8.9407E-08 -2.3283E-10
 1.0000E-03 3.4517E-01  2.5673E-03  1.0431E-07  2.5611E-09
 1.0000E-03 3.4651E-01  1.9674E-03 -1.1921E-07 -4.1910E-09
 1.0000E-03 3.4786E-01  1.3642E-03 -2.0117E-07 -9.3132E-10
 1.0000E-03 3.4922E-01  7.5716E-04 -1.3411E-07 -9.3132E-10
 1.0000E-03 3.5059E-01  1.4582E-04  2.0117E-07 -1.1350E-09
 1.0000E-03 3.5197E-01 -4.7045E-04  8.9407E-08  4.2783E-09
 1.0000E-03 3.5336E-01 -1.0923E-03  3.7253E-08  0.0000E+00
 1.0000E-03 3.5476E-01 -1.7156E-03  0.0000E+00  2.3283E-10
 1.0000E-03 3.5618E-01 -2.3422E-03  5.9605E-08 -2.5611E-09
 1.0000E-03 3.5760E-01 -2.9745E-03 -8.1956E-08 -2.3283E-10
 1.0000E-03 3.5904E-01 -3.6129E-03  5.2154E-08 -1.8626E-09
 1.0000E-03 3.6048E-01 -4.2580E-03 -8.1956E-08 -5.5879E-09
 1.0000E-03 3.6194E-01 -4.9103E-03 -2.9802E-08  2.7940E-09
 1.0000E-03 3.6341E-01 -5.5720E-03 -1.4901E-08  0.0000E+00
 1.0000E-03 3.6490E-01 -6.2447E-03  6.7055E-08 -6.5193E-09
 1.0000E-03 3.6639E-01 -6.9250E-03  0.0000E+00 -2.3283E-09
 1.0000E-03 3.6790E-01 -7.6141E-03  0.0000E+00 -1.5367E-08
 1.0000E-03 3.6942E-01 -8.3107E-03 -2.9802E-08  9.3132E-09
 1.0000E-03 3.7095E-01 -9.0153E-03  0.0000E+00  1.2107E-08
 1.0000E-03 3.7250E-01 -9.7280E-03  2.6077E-07  3.7253E-09
 1.0000E-03 3.7406E-01 -1.0446E-02 -1.8626E-07 -7.4506E-09
 1.0000E-03 3.7563E-01 -1.1166E-02 -1.3411E-07  5.5879E-09
 1.0000E-03 3.7722E-01 -1.1888E-02  2.2352E-08 -4.0978E-08
 1.0000E-03 3.7881E-01 -1.2608E-02  3.7253E-08  1.1176E-08
 1.0000E-03 3.8043E-01 -1.3323E-02  2.0862E-07 -4.0047E-08
 1.0000E-03 3.8205E-01 -1.4026E-02 -3.7253E-08 -3.6322E-08
 1.0000E-03 3.8369E-01 -1.4708E-02 -2.0862E-07  6.5193E-09
 1.0000E-03 3.8534E-01 -1.5367E-02 -4.0233E-07  1.0245E-08
 1.0000E-03 3.8701E-01 -1.5995E-02 -5.9605E-08  5.9605E-08
 1.0000E-03 3.8870E-01 -1.6581E-02 -2.2352E-07  3.3528E-08
 1.0000E-03 3.9039E-01 -1.7113E-02  4.4703E-07 -7.8231E-08
 1.0000E-03 3.9211E-01 -1.7570E-02  4.4703E-08 -1.0617E-07
 1.0000E-03 3.9383E-01 -1.7942E-02  5.9605E-08  5.2154E-08
 1.0000E-03 3.9558E-01 -1.8206E-02 -8.9407E-08 -4.0978E-08
 1.0000E-03 3.9733E-01 -1.8335E-02  1.0431E-07  1.3039E-08
 1.0000E-03 3.9911E-01 -1.8294E-02  4.6194E-07 -4.6566E-08
 1.0000E-03 4.0090E-01 -1.8046E-02  7.4506E-08 -3.9116E-08
 1.0000E-03 4.0270E-01 -1.7554E-02 -1.6391E-07 -1.8626E-08
 1.0000E-03 4.0452E-01 -1.6763E-02  4.4703E-08  3.3528E-08
 1.0000E-03 4.0636E-01 -1.5609E-02 -4.4703E-07 -3.0734E-08
 1.0000E-03 4.0822E-01 -1.4020E-02 -2.9802E-07  1.1176E-08
 1.0000E-03 4.1009E-01 -1.1926E-02  5.9605E-07  4.6566E-08
 1.0000E-03 4.1198E-01 -9.2539E-03  1.9372E-07 -2.0489E-08
 1.0000E-03 4.1389E-01 -5.9147E-03  5.3644E-07  3.5390E-08
 1.0000E-03 4.1581E-01 -1.8250E-03  5.9605E-08  7.5670E-09
 1.0000E-03 4.1776E-01  3.0895E-03 -9.2387E-07  1.4156E-07
 1.0000E-03 4.1972E-01  8.8687E-03 -5.9605E-08  3.7253E-09
 1.0000E-03 4.2170E-01  1.5527E-02  1.2815E-06  5.7742E-08
 1.0000E-03 4.2370E-01  2.3040E-02 -1.1921E-07 -1.3225E-07
 1.0000E-03 4.2571E-01  3.1321E-02  3.2783E-07 -4.8429E-08
 1.0000E-03 4.2775E-01  4.0208E-02  6.8545E-07  9.6858E-08
 1.0000E-03 4.2981E-01  4.9441E-02  4.7684E-07 -1.7509E-07
 1.0000E-03 4.3188E-01  5.8702E-02 -1.1921E-07 -1.6019E-07
 1.0000E-03 4.3398E-01  6.7633E-02  0.0000E+00  1.4901E-08
 1.0000E-03 4.3610E-01  7.5877E-02  2.3842E-07  9.6858E-08
 1.0000E-03 4.3824E-01  8.3097E-02  5.3644E-07  1.6391E-07
 1.0000E-03 4.4039E-01  8.9095E-02 -2.3842E-07 -2.3842E-07
 1.0000E-03 4.4257E-01  9.3766E-02  9.2387E-07  8.9407E-08
 1.0000E-03 4.4478E-01  9.7114E-02 -2.9802E-08  5.9605E-08
 1.0000E-03 4.4700E-01  9.9241E-02 -7.5996E-07 -2.6822E-07
 1.0000E-03 4.4925E-01  1.0033E-01  7.0035E-07 -3.2783E-07
 1.0000E-03 4.5152E-01  1.0057E-01  2.9802E-08 -2.0862E-07
 1.0000E-03 4.5381E-01  1.0013E-01  2.9802E-08 -6.7055E-08
 1.0000E-03 4.5612E-01  9.9212E-02 -1.4901E-07  5.9605E-08
 1.0000E-03 4.5846E-01  9.7955E-02 -5.9605E-08 -1.0431E-07
 1.0000E-03 4.6082E-01  9.6472E-02 -1.1176E-07  4.4703E-08
 1.0000E-03 4.6321E-01  9.4850E-02  5.8115E-07 -2.0862E-07
 1.0000E-03 4.6563E-01  9.3163E-02 -2.2352E-08 -1.7881E-07
 1.0000E-03 4.6806E-01  9.1457E-02 -5.5879E-07 -1.1176E-07
 1.0000E-03 4.7053E-01  8.9762E-02 -1.0431E-06  2.9057E-07
 1.0000E-03 4.7302E-01  8.8103E-02 -7.4506E-08  2.5332E-07
 1.0000E-03 4.7553E-01  8.6496E-02 -5.2154E-07 -8.1956E-08
 1.0000E-03 4.7807E-01  8.4949E-02 -9.6858E-08  2.3842E-07
 1.0000E-03 4.8065E-01  8.3469E-02 -4.4703E-07  1.6391E-07
 1.0000E-03 4.8324E-01  8.2064E-02  3.3528E-07 -8.9407E-08
 1.0000E-03 4.8587E-01  8.0730E-02  9.2015E-07  2.6822E-07
 1.0000E-03 4.8852E-01  7.9467E-02 -2.6822E-07 -6.7055E-08
 1.0000E-03 4.9121E-01  7.8270E-02  3.9861E-07 -1.1176E-07
 1.0000E-03 4.9392E-01  7.7124E-02 -1.5646E-07  1.1921E-07
 1.0000E-03 4.9667E-01  7.6017E-02 -2.9802E-07 -6.1095E-07
 1.0000E-03 4.9944E-01  7.4928E-02  1.6391E-07 -5.3644E-07
 1.0000E-03 5.0225E-01  7.3834E-02 -4.2841E-07  4.4703E-08
 1.0000E-03 5.0508E-01  7.2715E-02 -4.9174E-07  2.3842E-07
 1.0000E-03 5.0795E-01  7.1555E-02  1.0058E-07  1.6391E-07
 1.0000E-03 5.1086E-01  7.0342E-02 -2.1979E-07 -3.7998E-07
 1.0000E-03 5.1379E-01  6.9076E-02  3.7253E-08 -7.4506E-09
 1.0000E-03 5.1676E-01  6.7765E-02 -8.2143E-07 -2.2352E-08
 1.0000E-03 5.1977E-01  6.6422E-02 -4.5449E-07  2.3097E-07
 1.0000E-03 5.2281E-01  6.5068E-02  2.8685E-07 -3.7253E-08
 1.0000E-03 5.2588E-01  6.3720E-02 -5.9791E-07  1.4901E-08
 1.0000E-03 5.2899E-01  6.2396E-02  9.3132E-08  2.9802E-07
 1.0000E-03 5.3214E-01  6.1113E-02  6.4634E-07 -1.5274E-07
 1.0000E-03 5.3533E-01  5.9879E-02 -1.6019E-07  1.6391E-07
 1.0000E-03 5.3855E-01  5.8698E-02  3.1479E-07 -3.7253E-08
 1.0000E-03 5.4182E-01  5.7569E-02 -2.7008E-07 -4.0978E-08
 1.0000E-03 5.4512E-01  5.6484E-02 -2.6450E-07 -3.3528E-08
 1.0000E-03 5.4847E-01  5.5437E-02 -2.3469E-07  1.4901E-08
 1.0000E-03 5.5185E-01  5.4422E-02 -1.5050E-06 -2.9802E-08
 1.0000E-03 5.5528E-01  5.3434E-02  1.9185E-07 -1.4901E-08
 1.0000E-03 5.5875E-01  5.2472E-02  1.5907E-06  5.5879E-08
 1.0000E-03 5.6226E-01  5.1532E-02  7.4599E-07 -1.7136E-07
 1.0000E-03 5.6582E-01  5.0614E-02  1.0766E-06 -3.7998E-07
 1.0000E-03 5.6943E-01  4.9721E-02 -2.0405E-06 -2.6077E-08
 1.0000E-03 5.7308E-01  4.8859E-02  2.1793E-07  2.9430E-07
 1.0000E-03 5.7677E-01  4.8032E-02  8.8848E-07 -2.8685E-07
 1.0000E-03 5.8052E-01  4.7242E-02  4.8056E-07  2.4959E-07
 1.0000E-03 5.8431E-01  4.6489E-02  3.1758E-07  1.6764E-07
 1.0000E-03 5.8816E-01  4.5776E-02  9.5274E-07 -9.6858E-08
 1.0000E-03 5.9205E-01  4.5111E-02  1.3039E-07  1.6764E-07
 1.0000E-03 5.9600E-01  4.4510E-02 -7.4506E-08  1.5274E-07
 1.0000E-03 6.0000E-01  4.3988E-02  3.2131E-07  4.8429E-08
