 DDSCAT --- DDSCAT 7.3.3 [22.01.20]   
 TARGET --->TARGSPHER  spherical target with explicit spacing                 
 GPFAFT --- method of solution 
 GKDLDR --- prescription for polarizabilities
 FROM_FILE --- shape 
    4169 = NAT0 = number of dipoles
 ../../diel/Pena-Rioux_dielectric_26Au_74Ag                  
 ../../diel/Pena-Rioux_dielectric_34Au_66Ag                  
 ../../diel/Pena-Rioux_dielectric_52Au_48Ag                  
 ../../diel/Au_evap                                          
   0.000   0.000 = beta_min, beta_max ;  NBETA = 1
   0.000   0.000 = theta_min, theta_max; NTHETA= 1
   0.000   0.000 = phi_min, phi_max   ;   NPHI = 1
 Results averaged over    1 target orientations
                   and  2 incident polarizations
   aeff       wave       Q_pha       Q_pol       Q_cpol
 4.0000E-02 3.0000E-01 -5.6901E-02  0.0000E+00 -3.7253E-08
 4.0000E-02 3.0101E-01 -5.6080E-02  2.8610E-06 -6.3330E-08
 4.0000E-02 3.0203E-01 -5.5603E-02  7.1526E-07  6.7055E-08
 4.0000E-02 3.0305E-01 -5.5348E-02  1.1921E-06 -4.8429E-08
 4.0000E-02 3.0408E-01 -5.5322E-02  4.7684E-07 -7.4506E-09
 4.0000E-02 3.0512E-01 -5.5532E-02 -4.0531E-06  1.8626E-08
 4.0000E-02 3.0616E-01 -5.5985E-02 -4.7684E-06  1.8626E-08
 4.0000E-02 3.0722E-01 -5.6689E-02 -1.1921E-06 -1.8626E-08
 4.0000E-02 3.0828E-01 -5.7638E-02 -7.1526E-07  1.1176E-08
 4.0000E-02 3.0934E-01 -5.8771E-02  3.5763E-06 -8.5682E-08
 4.0000E-02 3.1042E-01 -6.0126E-02  7.1526E-07  0.0000E+00
 4.0000E-02 3.1150E-01 -6.1582E-02 -4.7684E-06  0.0000E+00
 4.0000E-02 3.1259E-01 -6.3237E-02  0.0000E+00  2.2352E-08
 4.0000E-02 3.1368E-01 -6.5144E-02  2.3842E-07 -7.4506E-08
 4.0000E-02 3.1479E-01 -6.7311E-02 -7.1526E-07 -7.4506E-09
 4.0000E-02 3.1590E-01 -6.9745E-02  3.3379E-06  0.0000E+00
 4.0000E-02 3.1702E-01 -7.2454E-02 -1.9073E-06 -2.2352E-07
 4.0000E-02 3.1815E-01 -7.5147E-02 -2.8610E-06  2.1607E-07
 4.0000E-02 3.1929E-01 -7.8126E-02  7.3910E-06  3.7253E-08
 4.0000E-02 3.2043E-01 -8.1465E-02 -6.4373E-06 -3.5018E-07
 4.0000E-02 3.2158E-01 -8.5431E-02 -2.8610E-06 -5.9605E-08
 4.0000E-02 3.2274E-01 -8.9753E-02 -3.8147E-06 -2.2352E-08
 4.0000E-02 3.2391E-01 -9.4446E-02 -1.1921E-06 -3.7253E-08
 4.0000E-02 3.2509E-01 -9.9519E-02  0.0000E+00 -6.7055E-08
 4.0000E-02 3.2628E-01 -1.0499E-01 -2.3842E-07 -2.2352E-08
 4.0000E-02 3.2747E-01 -1.1138E-01  2.1458E-06 -9.6858E-08
 4.0000E-02 3.2868E-01 -1.1827E-01 -1.9073E-06 -2.2352E-08
 4.0000E-02 3.2989E-01 -1.2564E-01 -2.6226E-06  0.0000E+00
 4.0000E-02 3.3111E-01 -1.3351E-01  1.1921E-06  7.4506E-08
 4.0000E-02 3.3234E-01 -1.4175E-01  3.3379E-06 -1.7881E-07
 4.0000E-02 3.3358E-01 -1.5044E-01 -2.3842E-07 -3.1292E-07
 4.0000E-02 3.3483E-01 -1.5964E-01 -2.1458E-06 -2.5332E-07
 4.0000E-02 3.3609E-01 -1.6949E-01 -3.0994E-06  3.2783E-07
 4.0000E-02 3.3736E-01 -1.7986E-01 -1.4305E-06 -1.1921E-07
 4.0000E-02 3.3864E-01 -1.9060E-01 -9.5367E-07  4.4703E-08
 4.0000E-02 3.3992E-01 -2.0170E-01  2.8610E-06 -1.4901E-08
 4.0000E-02 3.4122E-01 -2.1319E-01  9.5367E-07  1.0431E-07
 4.0000E-02 3.4253E-01 -2.2508E-01  2.6226E-06 -1.1921E-07
 4.0000E-02 3.4385E-01 -2.3737E-01 -2.6226E-06 -1.3411E-07
 4.0000E-02 3.4517E-01 -2.4993E-01  9.5367E-07 -1.1921E-07
 4.0000E-02 3.4651E-01 -2.6254E-01  7.1526E-07 -1.4901E-07
 4.0000E-02 3.4786E-01 -2.7539E-01 -1.1921E-06 -4.1723E-07
 4.0000E-02 3.4922E-01 -2.8850E-01  1.6689E-06 -2.0862E-07
 4.0000E-02 3.5059E-01 -3.0187E-01 -1.1921E-06 -4.7684E-07
 4.0000E-02 3.5197E-01 -3.1552E-01  1.1921E-06 -1.2219E-06
 4.0000E-02 3.5336E-01 -3.2944E-01 -9.5367E-07 -2.6822E-07
 4.0000E-02 3.5476E-01 -3.4355E-01 -2.1458E-06 -6.5565E-07
 4.0000E-02 3.5618E-01 -3.5789E-01 -1.4305E-06  1.0133E-06
 4.0000E-02 3.5760E-01 -3.7248E-01  7.1526E-06 -1.3113E-06
 4.0000E-02 3.5904E-01 -3.8733E-01 -1.6689E-06  7.1526E-07
 4.0000E-02 3.6048E-01 -4.0247E-01 -7.8678E-06 -2.0862E-07
 4.0000E-02 3.6194E-01 -4.1790E-01  7.1526E-07 -1.4901E-07
 4.0000E-02 3.6341E-01 -4.3364E-01  9.5367E-07 -5.6624E-07
 4.0000E-02 3.6490E-01 -4.4976E-01  5.7220E-06 -1.1921E-07
 4.0000E-02 3.6639E-01 -4.6619E-01 -3.5763E-06  5.9605E-08
 4.0000E-02 3.6790E-01 -4.8294E-01  1.6689E-06 -5.9605E-08
 4.0000E-02 3.6942E-01 -5.0001E-01 -2.3842E-06  4.1723E-07
 4.0000E-02 3.7095E-01 -5.1744E-01  4.5300E-06 -8.9407E-07
 4.0000E-02 3.7250E-01 -5.3526E-01 -2.8610E-06 -1.1921E-07
 4.0000E-02 3.7406E-01 -5.5345E-01 -5.7220E-06 -5.9605E-08
 4.0000E-02 3.7563E-01 -5.7192E-01  2.1458E-06 -2.3842E-07
 4.0000E-02 3.7722E-01 -5.9073E-01  1.6689E-06 -1.3709E-06
 4.0000E-02 3.7881E-01 -6.0987E-01  4.2915E-06  1.3113E-06
 4.0000E-02 3.8043E-01 -6.2935E-01 -5.7220E-06 -5.3644E-07
 4.0000E-02 3.8205E-01 -6.4908E-01 -1.6689E-06  7.7486E-07
 4.0000E-02 3.8369E-01 -6.6900E-01  1.9073E-06 -5.3644E-07
 4.0000E-02 3.8534E-01 -6.8915E-01  6.9141E-06 -7.1526E-07
 4.0000E-02 3.8701E-01 -7.0952E-01 -5.2452E-06 -5.9605E-08
 4.0000E-02 3.8870E-01 -7.3010E-01  1.1921E-06  1.1921E-07
 4.0000E-02 3.9039E-01 -7.5085E-01  1.6689E-06 -2.9802E-07
 4.0000E-02 3.9211E-01 -7.7163E-01 -1.6689E-06 -1.4305E-06
 4.0000E-02 3.9383E-01 -7.9246E-01 -9.5367E-07 -8.9407E-07
 4.0000E-02 3.9558E-01 -8.1331E-01 -3.8147E-06  3.2187E-06
 4.0000E-02 3.9733E-01 -8.3410E-01  3.5763E-06  4.1723E-07
 4.0000E-02 3.9911E-01 -8.5478E-01 -3.3379E-06  2.9802E-07
 4.0000E-02 4.0090E-01 -8.7523E-01 -2.3842E-06 -5.3644E-07
 4.0000E-02 4.0270E-01 -8.9536E-01  5.0068E-06 -1.5497E-06
 4.0000E-02 4.0452E-01 -9.1505E-01 -2.8610E-06 -5.9605E-07
 4.0000E-02 4.0636E-01 -9.3416E-01 -1.9073E-06 -1.9670E-06
 4.0000E-02 4.0822E-01 -9.5252E-01  1.4305E-06  5.3644E-07
 4.0000E-02 4.1009E-01 -9.6997E-01 -6.1989E-06 -3.9935E-06
 4.0000E-02 4.1198E-01 -9.8630E-01  4.2915E-06  3.5763E-07
 4.0000E-02 4.1389E-01 -1.0013E+00  7.1526E-07  3.8147E-06
 4.0000E-02 4.1581E-01 -1.0146E+00  1.5736E-05 -1.5497E-06
 4.0000E-02 4.1776E-01 -1.0260E+00  1.5259E-05 -1.5497E-06
 4.0000E-02 4.1972E-01 -1.0352E+00  1.1921E-06  2.7418E-06
 4.0000E-02 4.2170E-01 -1.0420E+00 -3.0994E-06 -2.2650E-06
 4.0000E-02 4.2370E-01 -1.0461E+00  2.4796E-05 -5.1260E-06
 4.0000E-02 4.2571E-01 -1.0471E+00 -1.2398E-05  4.4107E-06
 4.0000E-02 4.2775E-01 -1.0448E+00 -8.5831E-06  3.6955E-06
 4.0000E-02 4.2981E-01 -1.0392E+00 -6.1989E-06 -3.2187E-06
 4.0000E-02 4.3188E-01 -1.0300E+00  1.0967E-05 -1.5497E-06
 4.0000E-02 4.3398E-01 -1.0171E+00 -2.2411E-05  1.0371E-05
 4.0000E-02 4.3610E-01 -1.0002E+00 -4.7684E-07 -8.9407E-06
 4.0000E-02 4.3824E-01 -9.7897E-01  3.8147E-06  6.0201E-06
 4.0000E-02 4.4039E-01 -9.5337E-01 -6.1989E-06 -2.1458E-06
 4.0000E-02 4.4257E-01 -9.2284E-01 -6.1989E-06  2.3246E-06
 4.0000E-02 4.4478E-01 -8.8675E-01  1.0490E-05 -1.4901E-06
 4.0000E-02 4.4700E-01 -8.4456E-01  4.7684E-07  7.7486E-07
 4.0000E-02 4.4925E-01 -7.9569E-01  1.1444E-05  1.1325E-06
 4.0000E-02 4.5152E-01 -7.3938E-01  1.2398E-05 -2.1458E-06
 4.0000E-02 4.5381E-01 -6.7488E-01  9.5367E-06  5.9605E-08
 4.0000E-02 4.5612E-01 -6.0188E-01  0.0000E+00  6.5565E-07
 4.0000E-02 4.5846E-01 -5.2019E-01  0.0000E+00  4.9472E-06
 4.0000E-02 4.6082E-01 -4.2975E-01 -1.2398E-05  5.3048E-06
 4.0000E-02 4.6321E-01 -3.3074E-01  4.7684E-07  2.9504E-06
 4.0000E-02 4.6563E-01 -2.2373E-01  1.4305E-06  2.9653E-06
 4.0000E-02 4.6806E-01 -1.0924E-01  4.7684E-07  7.1973E-06
 4.0000E-02 4.7053E-01  1.2158E-02 -1.7166E-05 -1.6587E-06
 4.0000E-02 4.7302E-01  1.3977E-01 -8.5831E-06 -1.3009E-05
 4.0000E-02 4.7553E-01  2.7255E-01  0.0000E+00  2.5928E-06
 4.0000E-02 4.7807E-01  4.0946E-01  1.1444E-05  1.0878E-05
 4.0000E-02 4.8065E-01  5.4911E-01 -2.1935E-05  8.4043E-06
 4.0000E-02 4.8324E-01  6.8970E-01  3.8147E-06  8.2254E-06
 4.0000E-02 4.8587E-01  8.2923E-01 -1.4305E-06  4.7684E-07
 4.0000E-02 4.8852E-01  9.6527E-01  1.2398E-05 -2.7418E-06
 4.0000E-02 4.9121E-01  1.0954E+00  2.3842E-06 -9.7752E-06
 4.0000E-02 4.9392E-01  1.2177E+00  2.3842E-06 -1.5497E-06
 4.0000E-02 4.9667E-01  1.3300E+00  8.5831E-06  5.9605E-07
 4.0000E-02 4.9944E-01  1.4304E+00  1.5259E-05  2.3842E-07
 4.0000E-02 5.0225E-01  1.5203E+00  1.7166E-05  9.6560E-06
 4.0000E-02 5.0508E-01  1.6001E+00  3.6716E-05 -1.0967E-05
 4.0000E-02 5.0795E-01  1.6705E+00  3.2425E-05  2.0862E-05
 4.0000E-02 5.1086E-01  1.7323E+00 -2.5749E-05  1.1921E-06
 4.0000E-02 5.1379E-01  1.7870E+00  6.6757E-06  8.3447E-07
 4.0000E-02 5.1676E-01  1.8362E+00  1.7643E-05 -9.7752E-06
 4.0000E-02 5.1977E-01  1.8813E+00 -3.3379E-06  2.1219E-05
 4.0000E-02 5.2281E-01  1.9271E+00 -1.0014E-05 -1.1921E-06
 4.0000E-02 5.2588E-01  1.9726E+00 -1.5736E-05 -6.9141E-06
 4.0000E-02 5.2899E-01  2.0165E+00  7.6294E-06  1.1683E-05
 4.0000E-02 5.3214E-01  2.0591E+00 -2.0027E-05  3.8147E-06
 4.0000E-02 5.3533E-01  2.1004E+00  3.7193E-05  2.1458E-06
 4.0000E-02 5.3855E-01  2.1404E+00 -1.6212E-05  5.4836E-06
 4.0000E-02 5.4182E-01  2.1787E+00 -1.5259E-05  1.2875E-05
 4.0000E-02 5.4512E-01  2.2145E+00  1.4782E-05  2.0742E-05
 4.0000E-02 5.4847E-01  2.2470E+00  7.6294E-06  3.3379E-06
 4.0000E-02 5.5185E-01  2.2741E+00 -4.4823E-05 -6.4373E-06
 4.0000E-02 5.5528E-01  2.2962E+00  4.4584E-05  2.3842E-06
 4.0000E-02 5.5875E-01  2.3127E+00 -5.1737E-05 -6.1989E-06
 4.0000E-02 5.6226E-01  2.3229E+00  2.6464E-05 -2.1219E-05
 4.0000E-02 5.6582E-01  2.3263E+00  4.6492E-05 -1.5736E-05
 4.0000E-02 5.6943E-01  2.3227E+00 -1.7643E-05  4.7684E-06
 4.0000E-02 5.7308E-01  2.3128E+00 -2.0981E-05 -1.4782E-05
 4.0000E-02 5.7677E-01  2.2977E+00  2.2650E-05 -3.2187E-05
 4.0000E-02 5.8052E-01  2.2788E+00 -1.6212E-05 -1.1444E-05
 4.0000E-02 5.8431E-01  2.2573E+00 -2.1458E-06  9.5367E-07
 4.0000E-02 5.8816E-01  2.2340E+00 -5.6505E-05 -1.1206E-05
 4.0000E-02 5.9205E-01  2.2091E+00  5.4359E-05  1.4305E-05
 4.0000E-02 5.9600E-01  2.1826E+00  4.7684E-07 -4.5300E-06
 4.0000E-02 6.0000E-01  2.1550E+00  2.7657E-05 -1.0967E-05
