 DDSCAT --- DDSCAT 7.3.3 [22.01.20]   
 TARGET --->TARGSPHER  spherical target with explicit spacing                 
 GPFAFT --- method of solution 
 FLTRCD --- prescription for polarizabilities
 FROM_FILE --- shape 
    4169 = NAT0 = number of dipoles
 ../../diel/Pena-Rioux_dielectric_26Au_74Ag                  
 ../../diel/Pena-Rioux_dielectric_65Au_35Ag                  
 ../../diel/Pena-Rioux_dielectric_76Au_24Ag                  
   0.000   0.000 = beta_min, beta_max ;  NBETA = 1
   0.000   0.000 = theta_min, theta_max; NTHETA= 1
   0.000   0.000 = phi_min, phi_max   ;   NPHI = 1
 0.5000 = ETASCA (param. controlling # of scatt. dirs used to calculate <cos> etc.
 Results averaged over    1 target orientations
                   and  2 incident polarizations
   aeff       wave       Q_ext     Q_abs      Q_sca     g(1)=<cos>  <cos^2>    Q_bk       Nsca
 1.0000E-03 3.0000E-01 8.5044E-02 8.5043E-02 1.1589E-06  2.5892E-04 4.0217E-01 1.3813E-07   214
 1.0000E-03 3.0101E-01 8.4593E-02 8.4592E-02 1.1371E-06  2.5831E-04 4.0217E-01 1.3553E-07   214
 1.0000E-03 3.0203E-01 8.4156E-02 8.4155E-02 1.1158E-06  2.5813E-04 4.0217E-01 1.3299E-07   214
 1.0000E-03 3.0305E-01 8.3734E-02 8.3732E-02 1.0950E-06  2.5770E-04 4.0217E-01 1.3051E-07   214
 1.0000E-03 3.0408E-01 8.3324E-02 8.3323E-02 1.0747E-06  2.5693E-04 4.0217E-01 1.2809E-07   214
 1.0000E-03 3.0512E-01 8.2929E-02 8.2928E-02 1.0549E-06  2.5668E-04 4.0217E-01 1.2573E-07   214
 1.0000E-03 3.0616E-01 8.2548E-02 8.2547E-02 1.0355E-06  2.5653E-04 4.0217E-01 1.2342E-07   214
 1.0000E-03 3.0722E-01 8.2181E-02 8.2180E-02 1.0166E-06  2.5591E-04 4.0217E-01 1.2117E-07   214
 1.0000E-03 3.0828E-01 8.1830E-02 8.1829E-02 9.9831E-07  2.5521E-04 4.0217E-01 1.1899E-07   214
 1.0000E-03 3.0934E-01 8.1498E-02 8.1497E-02 9.8087E-07  2.5477E-04 4.0217E-01 1.1691E-07   214
 1.0000E-03 3.1042E-01 8.1173E-02 8.1172E-02 9.6374E-07  2.5447E-04 4.0217E-01 1.1487E-07   214
 1.0000E-03 3.1150E-01 8.0857E-02 8.0856E-02 9.4692E-07  2.5411E-04 4.0217E-01 1.1286E-07   214
 1.0000E-03 3.1259E-01 8.0548E-02 8.0547E-02 9.3041E-07  2.5331E-04 4.0217E-01 1.1090E-07   214
 1.0000E-03 3.1368E-01 8.0247E-02 8.0247E-02 9.1419E-07  2.5316E-04 4.0217E-01 1.0896E-07   214
 1.0000E-03 3.1479E-01 7.9955E-02 7.9954E-02 8.9828E-07  2.5236E-04 4.0217E-01 1.0707E-07   214
 1.0000E-03 3.1590E-01 7.9670E-02 7.9669E-02 8.8266E-07  2.5178E-04 4.0217E-01 1.0521E-07   214
 1.0000E-03 3.1702E-01 7.9392E-02 7.9392E-02 8.6733E-07  2.5133E-04 4.0217E-01 1.0338E-07   214
 1.0000E-03 3.1815E-01 7.9071E-02 7.9070E-02 8.5135E-07  2.5076E-04 4.0217E-01 1.0147E-07   214
 1.0000E-03 3.1929E-01 7.8752E-02 7.8751E-02 8.3552E-07  2.5013E-04 4.0217E-01 9.9588E-08   214
 1.0000E-03 3.2043E-01 7.8446E-02 7.8445E-02 8.2000E-07  2.4974E-04 4.0217E-01 9.7738E-08   214
 1.0000E-03 3.2158E-01 7.8153E-02 7.8152E-02 8.0479E-07  2.4908E-04 4.0217E-01 9.5925E-08   214
 1.0000E-03 3.2274E-01 7.7871E-02 7.7870E-02 7.8987E-07  2.4884E-04 4.0217E-01 9.4147E-08   214
 1.0000E-03 3.2391E-01 7.7602E-02 7.7601E-02 7.7524E-07  2.4820E-04 4.0217E-01 9.2403E-08   214
 1.0000E-03 3.2509E-01 7.7344E-02 7.7343E-02 7.6090E-07  2.4742E-04 4.0217E-01 9.0694E-08   214
 1.0000E-03 3.2628E-01 7.7098E-02 7.7097E-02 7.4684E-07  2.4711E-04 4.0217E-01 8.9018E-08   214
 1.0000E-03 3.2747E-01 7.6873E-02 7.6872E-02 7.3276E-07  2.4653E-04 4.0217E-01 8.7341E-08   214
 1.0000E-03 3.2868E-01 7.6680E-02 7.6679E-02 7.1935E-07  2.4594E-04 4.0217E-01 8.5742E-08   214
 1.0000E-03 3.2989E-01 7.6520E-02 7.6519E-02 7.0661E-07  2.4532E-04 4.0217E-01 8.4224E-08   214
 1.0000E-03 3.3111E-01 7.6392E-02 7.6392E-02 6.9455E-07  2.4478E-04 4.0217E-01 8.2786E-08   214
 1.0000E-03 3.3234E-01 7.6299E-02 7.6298E-02 6.8317E-07  2.4409E-04 4.0217E-01 8.1429E-08   214
 1.0000E-03 3.3358E-01 7.6240E-02 7.6239E-02 6.7245E-07  2.4352E-04 4.0217E-01 8.0152E-08   214
 1.0000E-03 3.3483E-01 7.6215E-02 7.6215E-02 6.6240E-07  2.4254E-04 4.0217E-01 7.8954E-08   214
 1.0000E-03 3.3609E-01 7.6260E-02 7.6259E-02 6.5359E-07  2.4189E-04 4.0217E-01 7.7905E-08   214
 1.0000E-03 3.3736E-01 7.6385E-02 7.6384E-02 6.4626E-07  2.4096E-04 4.0217E-01 7.7031E-08   214
 1.0000E-03 3.3864E-01 7.6557E-02 7.6557E-02 6.3988E-07  2.4042E-04 4.0217E-01 7.6271E-08   214
 1.0000E-03 3.3992E-01 7.6780E-02 7.6780E-02 6.3448E-07  2.3958E-04 4.0217E-01 7.5628E-08   214
 1.0000E-03 3.4122E-01 7.7056E-02 7.7055E-02 6.3009E-07  2.3839E-04 4.0217E-01 7.5104E-08   214
 1.0000E-03 3.4253E-01 7.7386E-02 7.7385E-02 6.2673E-07  2.3763E-04 4.0217E-01 7.4704E-08   214
 1.0000E-03 3.4385E-01 7.7774E-02 7.7774E-02 6.2443E-07  2.3624E-04 4.0217E-01 7.4429E-08   214
 1.0000E-03 3.4517E-01 7.8229E-02 7.8228E-02 6.2336E-07  2.3521E-04 4.0217E-01 7.4302E-08   214
 1.0000E-03 3.4651E-01 7.8745E-02 7.8744E-02 6.2351E-07  2.3405E-04 4.0217E-01 7.4320E-08   214
 1.0000E-03 3.4786E-01 7.9314E-02 7.9314E-02 6.2469E-07  2.3315E-04 4.0217E-01 7.4461E-08   214
 1.0000E-03 3.4922E-01 7.9941E-02 7.9941E-02 6.2695E-07  2.3183E-04 4.0217E-01 7.4731E-08   214
 1.0000E-03 3.5059E-01 8.0630E-02 8.0629E-02 6.3034E-07  2.3095E-04 4.0217E-01 7.5135E-08   214
 1.0000E-03 3.5197E-01 8.1384E-02 8.1383E-02 6.3492E-07  2.2960E-04 4.0217E-01 7.5681E-08   214
 1.0000E-03 3.5336E-01 8.2207E-02 8.2207E-02 6.4075E-07  2.2833E-04 4.0217E-01 7.6377E-08   214
 1.0000E-03 3.5476E-01 8.3100E-02 8.3100E-02 6.4785E-07  2.2690E-04 4.0217E-01 7.7223E-08   214
 1.0000E-03 3.5618E-01 8.4051E-02 8.4050E-02 6.5604E-07  2.2588E-04 4.0217E-01 7.8199E-08   214
 1.0000E-03 3.5760E-01 8.5063E-02 8.5062E-02 6.6536E-07  2.2455E-04 4.0217E-01 7.9310E-08   214
 1.0000E-03 3.5904E-01 8.6142E-02 8.6141E-02 6.7588E-07  2.2336E-04 4.0217E-01 8.0565E-08   214
 1.0000E-03 3.6048E-01 8.7293E-02 8.7292E-02 6.8769E-07  2.2214E-04 4.0217E-01 8.1973E-08   214
 1.0000E-03 3.6194E-01 8.8522E-02 8.8521E-02 7.0088E-07  2.2067E-04 4.0217E-01 8.3545E-08   214
 1.0000E-03 3.6341E-01 8.9829E-02 8.9829E-02 7.1548E-07  2.1935E-04 4.0217E-01 8.5285E-08   214
 1.0000E-03 3.6490E-01 9.1201E-02 9.1200E-02 7.3125E-07  2.1842E-04 4.0217E-01 8.7166E-08   214
 1.0000E-03 3.6639E-01 9.2643E-02 9.2642E-02 7.4828E-07  2.1703E-04 4.0217E-01 8.9196E-08   214
 1.0000E-03 3.6790E-01 9.4160E-02 9.4159E-02 7.6667E-07  2.1560E-04 4.0217E-01 9.1389E-08   214
 1.0000E-03 3.6942E-01 9.5759E-02 9.5758E-02 7.8653E-07  2.1446E-04 4.0217E-01 9.3756E-08   214
 1.0000E-03 3.7095E-01 9.7446E-02 9.7445E-02 8.0797E-07  2.1289E-04 4.0217E-01 9.6312E-08   214
 1.0000E-03 3.7250E-01 9.9222E-02 9.9222E-02 8.3102E-07  2.1179E-04 4.0217E-01 9.9061E-08   214
 1.0000E-03 3.7406E-01 1.0107E-01 1.0107E-01 8.5544E-07  2.1054E-04 4.0217E-01 1.0197E-07   214
 1.0000E-03 3.7563E-01 1.0301E-01 1.0301E-01 8.8146E-07  2.0902E-04 4.0217E-01 1.0507E-07   214
 1.0000E-03 3.7722E-01 1.0504E-01 1.0504E-01 9.0933E-07  2.3611E-04 4.0254E-01 1.0837E-07   184
 1.0000E-03 3.7881E-01 1.0716E-01 1.0716E-01 9.3882E-07  2.3487E-04 4.0254E-01 1.1189E-07   184
 1.0000E-03 3.8043E-01 1.0939E-01 1.0939E-01 9.7026E-07  2.3366E-04 4.0254E-01 1.1564E-07   184
 1.0000E-03 3.8205E-01 1.1172E-01 1.1172E-01 1.0036E-06  2.3226E-04 4.0254E-01 1.1961E-07   184
 1.0000E-03 3.8369E-01 1.1414E-01 1.1414E-01 1.0388E-06  2.3101E-04 4.0254E-01 1.2380E-07   184
 1.0000E-03 3.8534E-01 1.1667E-01 1.1667E-01 1.0761E-06  2.2969E-04 4.0254E-01 1.2825E-07   184
 1.0000E-03 3.8701E-01 1.1931E-01 1.1931E-01 1.1156E-06  2.2854E-04 4.0254E-01 1.3296E-07   184
 1.0000E-03 3.8870E-01 1.2207E-01 1.2206E-01 1.1575E-06  2.2730E-04 4.0254E-01 1.3796E-07   184
 1.0000E-03 3.9039E-01 1.2494E-01 1.2494E-01 1.2020E-06  2.2599E-04 4.0254E-01 1.4326E-07   184
 1.0000E-03 3.9211E-01 1.2793E-01 1.2793E-01 1.2488E-06  2.2459E-04 4.0254E-01 1.4884E-07   184
 1.0000E-03 3.9383E-01 1.3104E-01 1.3104E-01 1.2984E-06  2.2330E-04 4.0254E-01 1.5474E-07   184
 1.0000E-03 3.9558E-01 1.3428E-01 1.3428E-01 1.3508E-06  2.2182E-04 4.0254E-01 1.6099E-07   184
 1.0000E-03 3.9733E-01 1.3765E-01 1.3765E-01 1.4062E-06  2.2077E-04 4.0254E-01 1.6760E-07   184
 1.0000E-03 3.9911E-01 1.4114E-01 1.4114E-01 1.4648E-06  2.1944E-04 4.0254E-01 1.7458E-07   184
 1.0000E-03 4.0090E-01 1.4474E-01 1.4474E-01 1.5263E-06  2.1840E-04 4.0254E-01 1.8191E-07   184
 1.0000E-03 4.0270E-01 1.4846E-01 1.4846E-01 1.5911E-06  2.1725E-04 4.0254E-01 1.8964E-07   184
 1.0000E-03 4.0452E-01 1.5229E-01 1.5229E-01 1.6594E-06  2.1587E-04 4.0254E-01 1.9777E-07   184
 1.0000E-03 4.0636E-01 1.5622E-01 1.5622E-01 1.7309E-06  2.1464E-04 4.0254E-01 2.0630E-07   184
 1.0000E-03 4.0822E-01 1.6021E-01 1.6021E-01 1.8055E-06  2.1376E-04 4.0254E-01 2.1519E-07   184
 1.0000E-03 4.1009E-01 1.6425E-01 1.6425E-01 1.8829E-06  2.1228E-04 4.0254E-01 2.2441E-07   184
 1.0000E-03 4.1198E-01 1.6830E-01 1.6830E-01 1.9630E-06  2.1104E-04 4.0254E-01 2.3397E-07   184
 1.0000E-03 4.1389E-01 1.7232E-01 1.7232E-01 2.0453E-06  2.0986E-04 4.0254E-01 2.4377E-07   184
 1.0000E-03 4.1581E-01 1.7625E-01 1.7624E-01 2.1286E-06  2.0857E-04 4.0254E-01 2.5370E-07   184
 1.0000E-03 4.1776E-01 1.7999E-01 1.7999E-01 2.2118E-06  2.0764E-04 4.0254E-01 2.6362E-07   184
 1.0000E-03 4.1972E-01 1.8350E-01 1.8349E-01 2.2939E-06  2.0694E-04 4.0254E-01 2.7341E-07   184
 1.0000E-03 4.2170E-01 1.8666E-01 1.8666E-01 2.3734E-06  2.0569E-04 4.0254E-01 2.8288E-07   184
 1.0000E-03 4.2370E-01 1.8940E-01 1.8940E-01 2.4482E-06  2.0434E-04 4.0254E-01 2.9180E-07   184
 1.0000E-03 4.2571E-01 1.9162E-01 1.9162E-01 2.5168E-06  2.0364E-04 4.0254E-01 2.9997E-07   184
 1.0000E-03 4.2775E-01 1.9327E-01 1.9326E-01 2.5778E-06  2.0251E-04 4.0253E-01 3.0724E-07   184
 1.0000E-03 4.2981E-01 1.9431E-01 1.9431E-01 2.6304E-06  2.0163E-04 4.0254E-01 3.1352E-07   184
 1.0000E-03 4.3188E-01 1.9471E-01 1.9471E-01 2.6738E-06  2.0070E-04 4.0254E-01 3.1868E-07   184
 1.0000E-03 4.3398E-01 1.9448E-01 1.9448E-01 2.7073E-06  2.0014E-04 4.0254E-01 3.2268E-07   184
 1.0000E-03 4.3610E-01 1.9362E-01 1.9361E-01 2.7310E-06  1.9883E-04 4.0254E-01 3.2550E-07   184
 1.0000E-03 4.3824E-01 1.9217E-01 1.9217E-01 2.7454E-06  1.9805E-04 4.0254E-01 3.2722E-07   184
 1.0000E-03 4.4039E-01 1.9017E-01 1.9017E-01 2.7508E-06  1.9713E-04 4.0253E-01 3.2787E-07   184
 1.0000E-03 4.4257E-01 1.8767E-01 1.8767E-01 2.7480E-06  1.9656E-04 4.0254E-01 3.2753E-07   184
 1.0000E-03 4.4478E-01 1.8473E-01 1.8472E-01 2.7378E-06  1.9566E-04 4.0254E-01 3.2632E-07   184
 1.0000E-03 4.4700E-01 1.8140E-01 1.8140E-01 2.7217E-06  1.9531E-04 4.0254E-01 3.2440E-07   184
 1.0000E-03 4.4925E-01 1.7771E-01 1.7771E-01 2.7001E-06  1.9439E-04 4.0254E-01 3.2183E-07   184
 1.0000E-03 4.5152E-01 1.7370E-01 1.7370E-01 2.6739E-06  1.9384E-04 4.0254E-01 3.1870E-07   184
 1.0000E-03 4.5381E-01 1.6939E-01 1.6938E-01 2.6436E-06  1.9318E-04 4.0253E-01 3.1510E-07   184
 1.0000E-03 4.5612E-01 1.6476E-01 1.6476E-01 2.6097E-06  1.9250E-04 4.0253E-01 3.1105E-07   184
 1.0000E-03 4.5846E-01 1.5980E-01 1.5980E-01 2.5715E-06  1.9192E-04 4.0253E-01 3.0650E-07   184
 1.0000E-03 4.6082E-01 1.5450E-01 1.5450E-01 2.5288E-06  1.9123E-04 4.0253E-01 3.0141E-07   184
 1.0000E-03 4.6321E-01 1.4887E-01 1.4886E-01 2.4814E-06  1.9082E-04 4.0253E-01 2.9576E-07   184
 1.0000E-03 4.6563E-01 1.4286E-01 1.4286E-01 2.4284E-06  1.9008E-04 4.0253E-01 2.8945E-07   184
 1.0000E-03 4.6806E-01 1.3652E-01 1.3652E-01 2.3693E-06  1.8938E-04 4.0253E-01 2.8241E-07   184
 1.0000E-03 4.7053E-01 1.2989E-01 1.2989E-01 2.3043E-06  1.8871E-04 4.0253E-01 2.7466E-07   184
 1.0000E-03 4.7302E-01 1.2301E-01 1.2300E-01 2.2335E-06  1.8812E-04 4.0253E-01 2.6621E-07   184
 1.0000E-03 4.7553E-01 1.1595E-01 1.1595E-01 2.1567E-06  1.8750E-04 4.0254E-01 2.5706E-07   184
 1.0000E-03 4.7807E-01 1.0880E-01 1.0880E-01 2.0751E-06  1.8673E-04 4.0254E-01 2.4734E-07   184
 1.0000E-03 4.8065E-01 1.0165E-01 1.0165E-01 1.9895E-06  1.8623E-04 4.0253E-01 2.3713E-07   184
 1.0000E-03 4.8324E-01 9.4564E-02 9.4563E-02 1.9006E-06  1.8545E-04 4.0253E-01 2.2654E-07   184
 1.0000E-03 4.8587E-01 8.7649E-02 8.7647E-02 1.8098E-06  1.8464E-04 4.0253E-01 2.1571E-07   184
 1.0000E-03 4.8852E-01 8.0967E-02 8.0965E-02 1.7180E-06  1.8427E-04 4.0254E-01 2.0478E-07   184
 1.0000E-03 4.9121E-01 7.4572E-02 7.4570E-02 1.6263E-06  1.8356E-04 4.0253E-01 1.9384E-07   184
 1.0000E-03 4.9392E-01 6.8535E-02 6.8534E-02 1.5357E-06  1.8282E-04 4.0253E-01 1.8305E-07   184
 1.0000E-03 4.9667E-01 6.2887E-02 6.2885E-02 1.4472E-06  1.8230E-04 4.0253E-01 1.7250E-07   184
 1.0000E-03 4.9944E-01 5.7647E-02 5.7646E-02 1.3615E-06  1.8168E-04 4.0253E-01 1.6228E-07   184
 1.0000E-03 5.0225E-01 5.2833E-02 5.2831E-02 1.2792E-06  1.8096E-04 4.0253E-01 1.5247E-07   184
 1.0000E-03 5.0508E-01 4.8438E-02 4.8437E-02 1.2008E-06  1.8053E-04 4.0253E-01 1.4313E-07   184
 1.0000E-03 5.0795E-01 4.4447E-02 4.4446E-02 1.1266E-06  1.7963E-04 4.0254E-01 1.3429E-07   184
 1.0000E-03 5.1086E-01 4.0842E-02 4.0841E-02 1.0567E-06  1.7923E-04 4.0253E-01 1.2596E-07   184
 1.0000E-03 5.1379E-01 3.7596E-02 3.7595E-02 9.9118E-07  1.7859E-04 4.0253E-01 1.1814E-07   184
 1.0000E-03 5.1676E-01 3.4681E-02 3.4680E-02 9.2983E-07  1.7789E-04 4.0253E-01 1.1083E-07   184
 1.0000E-03 5.1977E-01 3.2073E-02 3.2072E-02 8.7254E-07  1.7741E-04 4.0253E-01 1.0400E-07   184
 1.0000E-03 5.2281E-01 2.9745E-02 2.9744E-02 8.1913E-07  1.7667E-04 4.0253E-01 9.7637E-08   184
 1.0000E-03 5.2588E-01 2.7676E-02 2.7675E-02 7.6940E-07  1.7595E-04 4.0253E-01 9.1710E-08   184
 1.0000E-03 5.2899E-01 2.5848E-02 2.5848E-02 7.2317E-07  1.7546E-04 4.0253E-01 8.6199E-08   184
 1.0000E-03 5.3214E-01 2.4240E-02 2.4239E-02 6.8028E-07  1.7485E-04 4.0253E-01 8.1087E-08   184
 1.0000E-03 5.3533E-01 2.2833E-02 2.2832E-02 6.4057E-07  1.7391E-04 4.0253E-01 7.6353E-08   184
 1.0000E-03 5.3855E-01 2.1608E-02 2.1608E-02 6.0388E-07  1.7330E-04 4.0253E-01 7.1980E-08   184
 1.0000E-03 5.4182E-01 2.0539E-02 2.0538E-02 5.7005E-07  1.7247E-04 4.0253E-01 6.7948E-08   184
 1.0000E-03 5.4512E-01 1.9601E-02 1.9601E-02 5.3887E-07  1.7185E-04 4.0253E-01 6.4231E-08   184
 1.0000E-03 5.4847E-01 1.8771E-02 1.8770E-02 5.1012E-07  1.7088E-04 4.0253E-01 6.0805E-08   184
 1.0000E-03 5.5185E-01 1.8024E-02 1.8023E-02 4.8355E-07  1.7029E-04 4.0253E-01 5.7637E-08   184
 1.0000E-03 5.5528E-01 1.7345E-02 1.7345E-02 4.5889E-07  1.6942E-04 4.0253E-01 5.4699E-08   184
 1.0000E-03 5.5875E-01 1.6722E-02 1.6721E-02 4.3592E-07  1.6873E-04 4.0253E-01 5.1961E-08   184
 1.0000E-03 5.6226E-01 1.6149E-02 1.6149E-02 4.1443E-07  1.6798E-04 4.0253E-01 4.9399E-08   184
 1.0000E-03 5.6582E-01 1.5627E-02 1.5626E-02 3.9428E-07  1.6722E-04 4.0253E-01 4.6998E-08   184
 1.0000E-03 5.6943E-01 1.5155E-02 1.5155E-02 3.7533E-07  1.6667E-04 4.0253E-01 4.4739E-08   184
 1.0000E-03 5.7308E-01 1.4736E-02 1.4736E-02 3.5752E-07  1.6562E-04 4.0253E-01 4.2616E-08   184
 1.0000E-03 5.7677E-01 1.4375E-02 1.4375E-02 3.4080E-07  1.6507E-04 4.0253E-01 4.0623E-08   184
 1.0000E-03 5.8052E-01 1.4068E-02 1.4067E-02 3.2513E-07  1.6411E-04 4.0253E-01 3.8755E-08   184
 1.0000E-03 5.8431E-01 1.3815E-02 1.3814E-02 3.1050E-07  1.6353E-04 4.0253E-01 3.7011E-08   184
 1.0000E-03 5.8816E-01 1.3610E-02 1.3610E-02 2.9684E-07  1.6279E-04 4.0253E-01 3.5383E-08   184
 1.0000E-03 5.9205E-01 1.3455E-02 1.3455E-02 2.8417E-07  1.6220E-04 4.0253E-01 3.3872E-08   184
 1.0000E-03 5.9600E-01 1.3348E-02 1.3348E-02 2.7245E-07  1.6164E-04 4.0253E-01 3.2476E-08   184
 1.0000E-03 6.0000E-01 1.3281E-02 1.3281E-02 2.6175E-07  1.6095E-04 4.0253E-01 3.1201E-08   184
