 DDSCAT --- DDSCAT 7.3.3 [22.01.20]   
 TARGET --->TARGSPHER  spherical target with explicit spacing                 
 GPFAFT --- method of solution 
 FLTRCD --- prescription for polarizabilities
 FROM_FILE --- shape 
    4169 = NAT0 = number of dipoles
 ../../diel/Pena-Rioux_dielectric_26Au_74Ag                  
 ../../diel/Pena-Rioux_dielectric_65Au_35Ag                  
 ../../diel/Pena-Rioux_dielectric_76Au_24Ag                  
   0.000   0.000 = beta_min, beta_max ;  NBETA = 1
   0.000   0.000 = theta_min, theta_max; NTHETA= 1
   0.000   0.000 = phi_min, phi_max   ;   NPHI = 1
 Results averaged over    1 target orientations
                   and  2 incident polarizations
   aeff       wave       Q_pha       Q_pol       Q_cpol
 1.0000E-03 3.0000E-01  2.0496E-02  2.6077E-07 -4.8429E-08
 1.0000E-03 3.0101E-01  2.0298E-02  8.1956E-08 -3.1665E-08
 1.0000E-03 3.0203E-01  2.0095E-02  0.0000E+00 -9.3132E-09
 1.0000E-03 3.0305E-01  1.9888E-02 -8.1956E-08 -8.9407E-08
 1.0000E-03 3.0408E-01  1.9675E-02 -1.1921E-07  1.1176E-08
 1.0000E-03 3.0512E-01  1.9458E-02  4.4703E-08 -7.4506E-09
 1.0000E-03 3.0616E-01  1.9236E-02  6.7055E-08 -3.1665E-08
 1.0000E-03 3.0722E-01  1.9008E-02 -5.2154E-08 -7.4506E-09
 1.0000E-03 3.0828E-01  1.8780E-02  8.9407E-08  1.3039E-08
 1.0000E-03 3.0934E-01  1.8565E-02 -3.7253E-08  1.3039E-08
 1.0000E-03 3.1042E-01  1.8345E-02  5.2154E-08  3.1665E-08
 1.0000E-03 3.1150E-01  1.8120E-02  3.7253E-08  5.5879E-09
 1.0000E-03 3.1259E-01  1.7890E-02 -3.7253E-08 -2.7940E-08
 1.0000E-03 3.1368E-01  1.7656E-02 -1.4901E-08 -1.8626E-08
 1.0000E-03 3.1479E-01  1.7416E-02  2.0862E-07 -2.7940E-08
 1.0000E-03 3.1590E-01  1.7171E-02  5.2154E-08 -6.3330E-08
 1.0000E-03 3.1702E-01  1.6921E-02 -1.4901E-08  1.8626E-08
 1.0000E-03 3.1815E-01  1.6667E-02  1.9372E-07 -3.7253E-08
 1.0000E-03 3.1929E-01  1.6403E-02 -7.4506E-08 -1.4901E-08
 1.0000E-03 3.2043E-01  1.6128E-02  2.9802E-08  1.3039E-08
 1.0000E-03 3.2158E-01  1.5841E-02  4.4703E-08 -1.4901E-08
 1.0000E-03 3.2274E-01  1.5543E-02 -5.2154E-08 -2.4214E-08
 1.0000E-03 3.2391E-01  1.5233E-02 -1.7136E-07  1.8626E-09
 1.0000E-03 3.2509E-01  1.4910E-02  1.1176E-07 -1.6764E-08
 1.0000E-03 3.2628E-01  1.4574E-02 -2.2352E-08 -4.6566E-09
 1.0000E-03 3.2747E-01  1.4187E-02  5.2154E-08  1.8626E-08
 1.0000E-03 3.2868E-01  1.3787E-02  2.9802E-08 -6.5193E-09
 1.0000E-03 3.2989E-01  1.3375E-02 -8.9407E-08  1.1176E-08
 1.0000E-03 3.3111E-01  1.2949E-02  8.9407E-08  7.4506E-09
 1.0000E-03 3.3234E-01  1.2510E-02  2.9802E-08 -3.7253E-09
 1.0000E-03 3.3358E-01  1.2055E-02 -1.4901E-07 -5.5879E-09
 1.0000E-03 3.3483E-01  1.1585E-02  7.4506E-09 -4.6566E-09
 1.0000E-03 3.3609E-01  1.1099E-02  2.2352E-08 -1.8626E-09
 1.0000E-03 3.3736E-01  1.0607E-02  3.7253E-08 -1.0245E-08
 1.0000E-03 3.3864E-01  1.0110E-02 -4.4703E-08 -3.7253E-09
 1.0000E-03 3.3992E-01  9.6071E-03 -2.5332E-07  5.5879E-09
 1.0000E-03 3.4122E-01  9.0968E-03 -1.1176E-07 -1.1176E-08
 1.0000E-03 3.4253E-01  8.5785E-03  1.1176E-07  2.2352E-08
 1.0000E-03 3.4385E-01  8.0512E-03 -2.0862E-07  5.5879E-09
 1.0000E-03 3.4517E-01  7.5218E-03 -5.9605E-08  1.0710E-08
 1.0000E-03 3.4651E-01  7.0019E-03  2.2352E-08 -5.1223E-09
 1.0000E-03 3.4786E-01  6.4832E-03  1.9372E-07  2.7940E-09
 1.0000E-03 3.4922E-01  5.9656E-03  9.6858E-08  4.6566E-10
 1.0000E-03 3.5059E-01  5.4486E-03  0.0000E+00 -1.3970E-09
 1.0000E-03 3.5197E-01  4.9321E-03  1.3411E-07  9.3132E-10
 1.0000E-03 3.5336E-01  4.4158E-03 -1.8626E-07  3.7253E-09
 1.0000E-03 3.5476E-01  3.9095E-03  1.5646E-07 -3.2596E-09
 1.0000E-03 3.5618E-01  3.4126E-03  0.0000E+00 -4.6566E-10
 1.0000E-03 3.5760E-01  2.9227E-03 -1.4901E-08 -1.1642E-09
 1.0000E-03 3.5904E-01  2.4401E-03  2.2352E-08  9.3132E-10
 1.0000E-03 3.6048E-01  1.9658E-03 -5.2154E-08  4.6566E-09
 1.0000E-03 3.6194E-01  1.5004E-03  0.0000E+00 -3.4925E-10
 1.0000E-03 3.6341E-01  1.0480E-03 -4.4703E-08  2.9104E-09
 1.0000E-03 3.6490E-01  6.1231E-04  7.4506E-09  3.8417E-09
 1.0000E-03 3.6639E-01  1.9019E-04  8.9407E-08 -1.3533E-09
 1.0000E-03 3.6790E-01 -2.1712E-04  6.7055E-08 -2.3574E-09
 1.0000E-03 3.6942E-01 -6.0764E-04  0.0000E+00 -1.7462E-09
 1.0000E-03 3.7095E-01 -9.7902E-04 -8.1956E-08 -1.8626E-09
 1.0000E-03 3.7250E-01 -1.3275E-03 -1.7881E-07  3.7253E-09
 1.0000E-03 3.7406E-01 -1.6517E-03  1.2666E-07  8.1491E-10
 1.0000E-03 3.7563E-01 -1.9529E-03  2.9057E-07  3.0268E-09
 1.0000E-03 3.7722E-01 -2.2282E-03 -4.0233E-07 -6.9849E-10
 1.0000E-03 3.7881E-01 -2.4734E-03  1.0431E-07  7.6834E-09
 1.0000E-03 3.8043E-01 -2.6840E-03  2.8312E-07 -4.8894E-09
 1.0000E-03 3.8205E-01 -2.8556E-03  2.9057E-07  7.6834E-09
 1.0000E-03 3.8369E-01 -2.9901E-03 -1.3411E-07  1.3504E-08
 1.0000E-03 3.8534E-01 -3.0832E-03 -4.0978E-07 -7.6834E-09
 1.0000E-03 3.8701E-01 -3.1289E-03 -3.6508E-07 -2.3283E-09
 1.0000E-03 3.8870E-01 -3.1197E-03  1.7136E-07 -1.6764E-08
 1.0000E-03 3.9039E-01 -3.0476E-03 -2.9802E-08  2.7707E-08
 1.0000E-03 3.9211E-01 -2.9120E-03  1.3411E-07 -1.8626E-09
 1.0000E-03 3.9383E-01 -2.7068E-03 -1.4901E-07 -2.0955E-09
 1.0000E-03 3.9558E-01 -2.4216E-03 -1.4901E-08 -2.0955E-09
 1.0000E-03 3.9733E-01 -2.0436E-03  2.6822E-07  2.3469E-07
 1.0000E-03 3.9911E-01 -1.5610E-03  8.4937E-07 -7.1479E-08
 1.0000E-03 4.0090E-01 -9.6666E-04  4.0233E-07  4.5111E-08
 1.0000E-03 4.0270E-01 -2.5028E-04  3.8743E-07  1.0329E-07
 1.0000E-03 4.0452E-01  6.0632E-04 -4.9174E-07 -1.4529E-07
 1.0000E-03 4.0636E-01  1.6216E-03  3.2783E-07 -9.1968E-08
 1.0000E-03 4.0822E-01  2.8145E-03  4.9174E-07 -4.6799E-08
 1.0000E-03 4.1009E-01  4.1950E-03  2.0862E-07 -4.2981E-07
 1.0000E-03 4.1198E-01  5.7838E-03 -2.9802E-08 -1.3132E-07
 1.0000E-03 4.1389E-01  7.6025E-03 -8.3447E-07  2.7101E-07
 1.0000E-03 4.1581E-01  9.6661E-03  8.9407E-08 -8.9407E-08
 1.0000E-03 4.1776E-01  1.1985E-02 -1.9372E-07  4.1910E-08
 1.0000E-03 4.1972E-01  1.4553E-02 -1.4901E-08 -2.7660E-07
 1.0000E-03 4.2170E-01  1.7372E-02  2.3842E-07 -4.4703E-08
 1.0000E-03 4.2370E-01  2.0424E-02  7.5996E-07 -1.4901E-08
 1.0000E-03 4.2571E-01  2.3676E-02 -8.9407E-08  2.6077E-08
 1.0000E-03 4.2775E-01  2.7087E-02 -3.5763E-07 -8.7544E-08
 1.0000E-03 4.2981E-01  3.0618E-02  5.0664E-07 -7.4506E-09
 1.0000E-03 4.3188E-01  3.4221E-02 -3.1292E-07 -6.7055E-08
 1.0000E-03 4.3398E-01  3.7850E-02 -4.6194E-07 -2.1234E-07
 1.0000E-03 4.3610E-01  4.1458E-02 -2.8312E-07  0.0000E+00
 1.0000E-03 4.3824E-01  4.5015E-02 -1.0431E-07  1.0431E-07
 1.0000E-03 4.4039E-01  4.8488E-02  5.3644E-07 -9.6858E-08
 1.0000E-03 4.4257E-01  5.1851E-02 -5.9605E-08 -5.5879E-08
 1.0000E-03 4.4478E-01  5.5084E-02  0.0000E+00 -1.0431E-07
 1.0000E-03 4.4700E-01  5.8189E-02 -1.4901E-07 -1.8999E-07
 1.0000E-03 4.4925E-01  6.1163E-02  7.4506E-08  1.3039E-07
 1.0000E-03 4.5152E-01  6.4007E-02  2.0862E-07 -6.7055E-08
 1.0000E-03 4.5381E-01  6.6727E-02  2.0862E-07  5.9605E-08
 1.0000E-03 4.5612E-01  6.9333E-02 -2.6822E-07 -1.1176E-07
 1.0000E-03 4.5846E-01  7.1813E-02  3.1292E-07  7.4506E-08
 1.0000E-03 4.6082E-01  7.4155E-02 -4.7684E-07  2.5332E-07
 1.0000E-03 4.6321E-01  7.6347E-02 -1.4901E-07 -2.2352E-08
 1.0000E-03 4.6563E-01  7.8359E-02  2.9802E-08 -8.9407E-08
 1.0000E-03 4.6806E-01  8.0154E-02 -2.3842E-07  3.2783E-07
 1.0000E-03 4.7053E-01  8.1706E-02  3.1292E-07  2.3842E-07
 1.0000E-03 4.7302E-01  8.2994E-02 -2.9802E-07  1.3411E-07
 1.0000E-03 4.7553E-01  8.3982E-02  2.0117E-07 -2.6822E-07
 1.0000E-03 4.7807E-01  8.4662E-02 -2.8312E-07 -1.8626E-07
 1.0000E-03 4.8065E-01  8.5035E-02 -2.2352E-08 -4.4703E-08
 1.0000E-03 4.8324E-01  8.5098E-02 -1.0207E-06 -1.3411E-07
 1.0000E-03 4.8587E-01  8.4865E-02 -4.4703E-07  7.6741E-07
 1.0000E-03 4.8852E-01  8.4358E-02 -6.7055E-08 -4.3213E-07
 1.0000E-03 4.9121E-01  8.3599E-02  7.4506E-09 -7.4506E-09
 1.0000E-03 4.9392E-01  8.2618E-02  7.4506E-08 -1.7881E-07
 1.0000E-03 4.9667E-01  8.1451E-02  6.7055E-08  0.0000E+00
 1.0000E-03 4.9944E-01  8.0130E-02  6.7055E-08  1.7881E-07
 1.0000E-03 5.0225E-01  7.8691E-02  8.6799E-07 -4.9174E-07
 1.0000E-03 5.0508E-01  7.7168E-02  1.9372E-07  6.7055E-08
 1.0000E-03 5.0795E-01  7.5586E-02  3.0175E-07 -2.6822E-07
 1.0000E-03 5.1086E-01  7.3971E-02  2.8685E-07  3.7253E-08
 1.0000E-03 5.1379E-01  7.2344E-02  8.9407E-08  0.0000E+00
 1.0000E-03 5.1676E-01  7.0720E-02 -5.1409E-07 -3.7253E-08
 1.0000E-03 5.1977E-01  6.9110E-02  3.0920E-07 -2.0862E-07
 1.0000E-03 5.2281E-01  6.7524E-02  2.7940E-08  1.5646E-07
 1.0000E-03 5.2588E-01  6.5969E-02 -3.5390E-08 -4.4703E-08
 1.0000E-03 5.2899E-01  6.4452E-02 -4.8429E-08 -8.9407E-08
 1.0000E-03 5.3214E-01  6.2980E-02  7.1339E-07  1.0431E-07
 1.0000E-03 5.3533E-01  6.1558E-02  7.0594E-07  8.9407E-08
 1.0000E-03 5.3855E-01  6.0193E-02 -3.7625E-07 -1.4156E-07
 1.0000E-03 5.4182E-01  5.8888E-02 -4.3772E-07  4.0978E-08
 1.0000E-03 5.4512E-01  5.7646E-02 -4.4703E-08 -3.7998E-07
 1.0000E-03 5.4847E-01  5.6467E-02  2.0862E-07  2.9802E-08
 1.0000E-03 5.5185E-01  5.5346E-02  2.4587E-07 -8.1956E-08
 1.0000E-03 5.5528E-01  5.4277E-02  3.1665E-07  4.4703E-08
 1.0000E-03 5.5875E-01  5.3255E-02  3.6135E-07  1.2666E-07
 1.0000E-03 5.6226E-01  5.2272E-02 -5.2899E-07  1.7509E-07
 1.0000E-03 5.6582E-01  5.1325E-02 -1.8999E-07  4.3958E-07
 1.0000E-03 5.6943E-01  5.0410E-02 -5.9605E-08  1.0170E-06
 1.0000E-03 5.7308E-01  4.9526E-02  8.7637E-07  2.1979E-07
 1.0000E-03 5.7677E-01  4.8673E-02 -2.1048E-07 -1.7136E-07
 1.0000E-03 5.8052E-01  4.7855E-02 -3.9116E-08 -2.7940E-07
 1.0000E-03 5.8431E-01  4.7073E-02  6.2399E-08 -1.7881E-07
 1.0000E-03 5.8816E-01  4.6328E-02  6.8266E-07  3.7998E-07
 1.0000E-03 5.9205E-01  4.5624E-02  1.3001E-06 -6.9663E-07
 1.0000E-03 5.9600E-01  4.4965E-02  4.8243E-07  6.0722E-07
 1.0000E-03 6.0000E-01  4.4361E-02 -2.0117E-07 -2.2352E-08
