 DDSCAT --- DDSCAT 7.3.3 [22.01.20]   
 TARGET --->TARFROMFILE  Nanorod target: 97.3nm x 17.6nm x 17.6nm, d=1nm      
 PBCGS2 --- method of solution 
 GKDLDR --- prescription for polarizabilities
 FROM_FILE --- shape 
   35739 = NAT0 = number of dipoles
 ../diel/Pena100Ag                                           
  wave(um)   f(cm-1)     Re(m)     Im(m)     Re(eps)   Im(eps)
 6.0000E-01 1.6667E+04 7.847E-02 2.966E+00 -8.791E+00 4.655E-01
 6.0202E-01 1.6611E+04 7.889E-02 2.979E+00 -8.866E+00 4.700E-01
 6.0404E-01 1.6555E+04 7.933E-02 2.991E+00 -8.941E+00 4.745E-01
 6.0606E-01 1.6500E+04 7.976E-02 3.004E+00 -9.016E+00 4.791E-01
 6.0808E-01 1.6445E+04 8.019E-02 3.016E+00 -9.091E+00 4.838E-01
 6.1010E-01 1.6391E+04 8.063E-02 3.029E+00 -9.166E+00 4.884E-01
 6.1212E-01 1.6337E+04 8.107E-02 3.041E+00 -9.242E+00 4.931E-01
 6.1414E-01 1.6283E+04 8.151E-02 3.054E+00 -9.318E+00 4.978E-01
 6.1616E-01 1.6230E+04 8.196E-02 3.066E+00 -9.394E+00 5.026E-01
 6.1818E-01 1.6176E+04 8.240E-02 3.079E+00 -9.470E+00 5.073E-01
 6.2020E-01 1.6124E+04 8.285E-02 3.091E+00 -9.547E+00 5.122E-01
 6.2222E-01 1.6071E+04 8.330E-02 3.103E+00 -9.624E+00 5.170E-01
 6.2424E-01 1.6019E+04 8.375E-02 3.116E+00 -9.701E+00 5.219E-01
 6.2626E-01 1.5968E+04 8.420E-02 3.128E+00 -9.778E+00 5.268E-01
 6.2828E-01 1.5916E+04 8.466E-02 3.141E+00 -9.856E+00 5.317E-01
 6.3030E-01 1.5865E+04 8.512E-02 3.153E+00 -9.934E+00 5.367E-01
 6.3232E-01 1.5815E+04 8.557E-02 3.165E+00 -1.001E+01 5.417E-01
 6.3434E-01 1.5764E+04 8.604E-02 3.178E+00 -1.009E+01 5.468E-01
 6.3636E-01 1.5714E+04 8.650E-02 3.190E+00 -1.017E+01 5.519E-01
 6.3838E-01 1.5665E+04 8.696E-02 3.202E+00 -1.025E+01 5.570E-01
 6.4040E-01 1.5615E+04 8.743E-02 3.215E+00 -1.033E+01 5.621E-01
 6.4242E-01 1.5566E+04 8.790E-02 3.227E+00 -1.041E+01 5.673E-01
 6.4444E-01 1.5517E+04 8.837E-02 3.239E+00 -1.048E+01 5.725E-01
 6.4646E-01 1.5469E+04 8.884E-02 3.251E+00 -1.056E+01 5.777E-01
 6.4848E-01 1.5421E+04 8.932E-02 3.264E+00 -1.064E+01 5.830E-01
 6.5051E-01 1.5373E+04 8.979E-02 3.276E+00 -1.072E+01 5.883E-01
 6.5253E-01 1.5325E+04 9.027E-02 3.288E+00 -1.080E+01 5.937E-01
 6.5455E-01 1.5278E+04 9.075E-02 3.301E+00 -1.089E+01 5.990E-01
 6.5657E-01 1.5231E+04 9.123E-02 3.313E+00 -1.097E+01 6.045E-01
 6.5859E-01 1.5184E+04 9.172E-02 3.325E+00 -1.105E+01 6.099E-01
 6.6061E-01 1.5138E+04 9.220E-02 3.337E+00 -1.113E+01 6.154E-01
 6.6263E-01 1.5091E+04 9.269E-02 3.349E+00 -1.121E+01 6.209E-01
 6.6465E-01 1.5046E+04 9.318E-02 3.362E+00 -1.129E+01 6.265E-01
 6.6667E-01 1.5000E+04 9.367E-02 3.374E+00 -1.137E+01 6.320E-01
 6.6869E-01 1.4955E+04 9.416E-02 3.386E+00 -1.146E+01 6.377E-01
 6.7071E-01 1.4910E+04 9.466E-02 3.398E+00 -1.154E+01 6.433E-01
 6.7273E-01 1.4865E+04 9.515E-02 3.410E+00 -1.162E+01 6.490E-01
 6.7475E-01 1.4820E+04 9.565E-02 3.422E+00 -1.170E+01 6.547E-01
 6.7677E-01 1.4776E+04 9.615E-02 3.435E+00 -1.179E+01 6.605E-01
 6.7879E-01 1.4732E+04 9.665E-02 3.447E+00 -1.187E+01 6.663E-01
 6.8081E-01 1.4688E+04 9.716E-02 3.459E+00 -1.195E+01 6.721E-01
 6.8283E-01 1.4645E+04 9.766E-02 3.471E+00 -1.204E+01 6.780E-01
 6.8485E-01 1.4602E+04 9.817E-02 3.483E+00 -1.212E+01 6.839E-01
 6.8687E-01 1.4559E+04 9.868E-02 3.495E+00 -1.221E+01 6.898E-01
 6.8889E-01 1.4516E+04 9.919E-02 3.507E+00 -1.229E+01 6.958E-01
 6.9091E-01 1.4474E+04 9.970E-02 3.519E+00 -1.238E+01 7.018E-01
 6.9293E-01 1.4431E+04 1.002E-01 3.531E+00 -1.246E+01 7.078E-01
 6.9495E-01 1.4390E+04 1.007E-01 3.544E+00 -1.255E+01 7.139E-01
 6.9697E-01 1.4348E+04 1.013E-01 3.556E+00 -1.263E+01 7.200E-01
 6.9899E-01 1.4306E+04 1.018E-01 3.568E+00 -1.272E+01 7.262E-01
 7.0101E-01 1.4265E+04 1.023E-01 3.580E+00 -1.280E+01 7.324E-01
 7.0303E-01 1.4224E+04 1.028E-01 3.592E+00 -1.289E+01 7.386E-01
 7.0505E-01 1.4183E+04 1.033E-01 3.604E+00 -1.298E+01 7.448E-01
 7.0707E-01 1.4143E+04 1.039E-01 3.616E+00 -1.306E+01 7.511E-01
 7.0909E-01 1.4103E+04 1.044E-01 3.628E+00 -1.315E+01 7.575E-01
 7.1111E-01 1.4062E+04 1.049E-01 3.640E+00 -1.324E+01 7.638E-01
 7.1313E-01 1.4023E+04 1.055E-01 3.652E+00 -1.333E+01 7.702E-01
 7.1515E-01 1.3983E+04 1.060E-01 3.664E+00 -1.341E+01 7.767E-01
 7.1717E-01 1.3944E+04 1.065E-01 3.676E+00 -1.350E+01 7.832E-01
 7.1919E-01 1.3904E+04 1.071E-01 3.688E+00 -1.359E+01 7.897E-01
 7.2121E-01 1.3866E+04 1.076E-01 3.700E+00 -1.368E+01 7.962E-01
 7.2323E-01 1.3827E+04 1.081E-01 3.712E+00 -1.377E+01 8.028E-01
 7.2525E-01 1.3788E+04 1.087E-01 3.724E+00 -1.385E+01 8.095E-01
 7.2727E-01 1.3750E+04 1.092E-01 3.736E+00 -1.394E+01 8.161E-01
 7.2929E-01 1.3712E+04 1.098E-01 3.748E+00 -1.403E+01 8.228E-01
 7.3131E-01 1.3674E+04 1.103E-01 3.760E+00 -1.412E+01 8.296E-01
 7.3333E-01 1.3636E+04 1.109E-01 3.772E+00 -1.421E+01 8.363E-01
 7.3535E-01 1.3599E+04 1.114E-01 3.784E+00 -1.430E+01 8.432E-01
 7.3737E-01 1.3562E+04 1.120E-01 3.796E+00 -1.439E+01 8.500E-01
 7.3939E-01 1.3525E+04 1.125E-01 3.807E+00 -1.448E+01 8.569E-01
 7.4141E-01 1.3488E+04 1.131E-01 3.819E+00 -1.457E+01 8.638E-01
 7.4343E-01 1.3451E+04 1.136E-01 3.831E+00 -1.467E+01 8.708E-01
 7.4545E-01 1.3415E+04 1.142E-01 3.843E+00 -1.476E+01 8.778E-01
 7.4747E-01 1.3378E+04 1.148E-01 3.855E+00 -1.485E+01 8.848E-01
 7.4949E-01 1.3342E+04 1.153E-01 3.867E+00 -1.494E+01 8.919E-01
 7.5152E-01 1.3306E+04 1.159E-01 3.879E+00 -1.503E+01 8.990E-01
 7.5354E-01 1.3271E+04 1.165E-01 3.891E+00 -1.512E+01 9.062E-01
 7.5556E-01 1.3235E+04 1.170E-01 3.903E+00 -1.522E+01 9.134E-01
 7.5758E-01 1.3200E+04 1.176E-01 3.915E+00 -1.531E+01 9.206E-01
 7.5960E-01 1.3165E+04 1.182E-01 3.926E+00 -1.540E+01 9.279E-01
 7.6162E-01 1.3130E+04 1.187E-01 3.938E+00 -1.550E+01 9.352E-01
 7.6364E-01 1.3095E+04 1.193E-01 3.950E+00 -1.559E+01 9.426E-01
 7.6566E-01 1.3061E+04 1.199E-01 3.962E+00 -1.568E+01 9.500E-01
 7.6768E-01 1.3026E+04 1.205E-01 3.974E+00 -1.578E+01 9.574E-01
 7.6970E-01 1.2992E+04 1.210E-01 3.986E+00 -1.587E+01 9.649E-01
 7.7172E-01 1.2958E+04 1.216E-01 3.998E+00 -1.597E+01 9.724E-01
 7.7374E-01 1.2924E+04 1.222E-01 4.009E+00 -1.606E+01 9.800E-01
 7.7576E-01 1.2891E+04 1.228E-01 4.021E+00 -1.615E+01 9.875E-01
 7.7778E-01 1.2857E+04 1.234E-01 4.033E+00 -1.625E+01 9.952E-01
 7.7980E-01 1.2824E+04 1.240E-01 4.045E+00 -1.635E+01 1.003E+00
 7.8182E-01 1.2791E+04 1.246E-01 4.057E+00 -1.644E+01 1.011E+00
 7.8384E-01 1.2758E+04 1.251E-01 4.068E+00 -1.654E+01 1.018E+00
 7.8586E-01 1.2725E+04 1.257E-01 4.080E+00 -1.663E+01 1.026E+00
 7.8788E-01 1.2692E+04 1.263E-01 4.092E+00 -1.673E+01 1.034E+00
 7.8990E-01 1.2660E+04 1.269E-01 4.104E+00 -1.683E+01 1.042E+00
 7.9192E-01 1.2628E+04 1.275E-01 4.116E+00 -1.692E+01 1.050E+00
 7.9394E-01 1.2595E+04 1.281E-01 4.127E+00 -1.702E+01 1.058E+00
 7.9596E-01 1.2563E+04 1.287E-01 4.139E+00 -1.712E+01 1.066E+00
 7.9798E-01 1.2532E+04 1.293E-01 4.151E+00 -1.721E+01 1.074E+00
 8.0000E-01 1.2500E+04 1.299E-01 4.163E+00 -1.731E+01 1.082E+00
