 DDSCAT --- DDSCAT 7.3.3 [22.01.20]   
 TARGET --->TARFROMFILE  Nanorod target: 97.3nm x 17.6nm x 17.6nm, d=1nm      
 GPFAFT --- method of solution 
 GKDLDR --- prescription for polarizabilities
 FROM_FILE --- shape 
   35739 = NAT0 = number of dipoles
 ../diel/Pena100Ag                                           
   0.000   0.000 = beta_min, beta_max ;  NBETA = 1
   0.000   0.000 = theta_min, theta_max; NTHETA= 1
   0.000   0.000 = phi_min, phi_max   ;   NPHI = 1
 0.5000 = ETASCA (param. controlling # of scatt. dirs used to calculate <cos> etc.
 Results averaged over    1 target orientations
                   and  1 incident polarizations
   aeff       wave       Q_ext     Q_abs      Q_sca     g(1)=<cos>  <cos^2>    Q_bk       Nsca
 1.0000E-03 6.0000E-01 1.7544E-03 1.7542E-03 1.4791E-07  5.3617E-04 4.0249E-01 1.7609E-08   184
 1.0000E-03 6.0202E-01 1.7202E-03 1.7201E-03 1.4480E-07  5.3339E-04 4.0249E-01 1.7239E-08   184
 1.0000E-03 6.0404E-01 1.6882E-03 1.6881E-03 1.4179E-07  5.3024E-04 4.0249E-01 1.6881E-08   184
 1.0000E-03 6.0606E-01 1.6581E-03 1.6580E-03 1.3886E-07  5.2695E-04 4.0249E-01 1.6533E-08   184
 1.0000E-03 6.0808E-01 1.6294E-03 1.6293E-03 1.3603E-07  5.2349E-04 4.0249E-01 1.6195E-08   184
 1.0000E-03 6.1010E-01 1.6016E-03 1.6014E-03 1.3328E-07  5.2138E-04 4.0249E-01 1.5868E-08   184
 1.0000E-03 6.1212E-01 1.5740E-03 1.5739E-03 1.3061E-07  5.1808E-04 4.0249E-01 1.5550E-08   184
 1.0000E-03 6.1414E-01 1.5463E-03 1.5462E-03 1.2801E-07  5.1475E-04 4.0249E-01 1.5242E-08   184
 1.0000E-03 6.1616E-01 1.5186E-03 1.5184E-03 1.2549E-07  5.1221E-04 4.0249E-01 1.4942E-08   184
 1.0000E-03 6.1818E-01 1.4909E-03 1.4908E-03 1.2304E-07  5.0970E-04 4.0249E-01 1.4649E-08   184
 1.0000E-03 6.2020E-01 1.4639E-03 1.4638E-03 1.2064E-07  5.0689E-04 4.0249E-01 1.4365E-08   184
 1.0000E-03 6.2222E-01 1.4379E-03 1.4378E-03 1.1831E-07  5.0329E-04 4.0249E-01 1.4087E-08   184
 1.0000E-03 6.2424E-01 1.4133E-03 1.4131E-03 1.1604E-07  5.0127E-04 4.0249E-01 1.3817E-08   184
 1.0000E-03 6.2626E-01 1.3900E-03 1.3899E-03 1.1383E-07  4.9778E-04 4.0249E-01 1.3553E-08   184
 1.0000E-03 6.2828E-01 1.3682E-03 1.3681E-03 1.1168E-07  4.9507E-04 4.0249E-01 1.3297E-08   184
 1.0000E-03 6.3030E-01 1.3477E-03 1.3476E-03 1.0958E-07  4.9241E-04 4.0249E-01 1.3048E-08   184
 1.0000E-03 6.3232E-01 1.3282E-03 1.3281E-03 1.0754E-07  4.8988E-04 4.0249E-01 1.2805E-08   184
 1.0000E-03 6.3434E-01 1.3094E-03 1.3093E-03 1.0555E-07  4.8726E-04 4.0249E-01 1.2568E-08   184
 1.0000E-03 6.3636E-01 1.2913E-03 1.2912E-03 1.0362E-07  4.8469E-04 4.0250E-01 1.2338E-08   184
 1.0000E-03 6.3838E-01 1.2736E-03 1.2735E-03 1.0173E-07  4.8185E-04 4.0250E-01 1.2114E-08   184
 1.0000E-03 6.4040E-01 1.2564E-03 1.2563E-03 9.9896E-08  4.7877E-04 4.0250E-01 1.1895E-08   184
 1.0000E-03 6.4242E-01 1.2398E-03 1.2398E-03 9.8106E-08  4.7672E-04 4.0250E-01 1.1682E-08   184
 1.0000E-03 6.4444E-01 1.2238E-03 1.2237E-03 9.6361E-08  4.7464E-04 4.0250E-01 1.1475E-08   184
 1.0000E-03 6.4646E-01 1.2081E-03 1.2080E-03 9.4661E-08  4.7165E-04 4.0250E-01 1.1272E-08   184
 1.0000E-03 6.4848E-01 1.1924E-03 1.1923E-03 9.3003E-08  4.6949E-04 4.0250E-01 1.1075E-08   184
 1.0000E-03 6.5051E-01 1.1764E-03 1.1763E-03 9.1388E-08  4.6748E-04 4.0250E-01 1.0883E-08   184
 1.0000E-03 6.5253E-01 1.1598E-03 1.1597E-03 8.9811E-08  4.6552E-04 4.0250E-01 1.0695E-08   184
 1.0000E-03 6.5455E-01 1.1426E-03 1.1425E-03 8.8270E-08  4.6267E-04 4.0250E-01 1.0511E-08   184
 1.0000E-03 6.5657E-01 1.1250E-03 1.1249E-03 8.6763E-08  4.5987E-04 4.0250E-01 1.0332E-08   184
 1.0000E-03 6.5859E-01 1.1074E-03 1.1073E-03 8.5289E-08  4.5845E-04 4.0250E-01 1.0156E-08   184
 1.0000E-03 6.6061E-01 1.0901E-03 1.0900E-03 8.3846E-08  4.5620E-04 4.0250E-01 9.9847E-09   184
 1.0000E-03 6.6263E-01 1.0735E-03 1.0734E-03 8.2433E-08  4.5354E-04 4.0250E-01 9.8166E-09   184
 1.0000E-03 6.6465E-01 1.0576E-03 1.0576E-03 8.1051E-08  4.5146E-04 4.0250E-01 9.6521E-09   184
 1.0000E-03 6.6667E-01 1.0426E-03 1.0425E-03 7.9700E-08  4.4973E-04 4.0250E-01 9.4913E-09   184
 1.0000E-03 6.6869E-01 1.0284E-03 1.0283E-03 7.8378E-08  4.4770E-04 4.0250E-01 9.3339E-09   184
 1.0000E-03 6.7071E-01 1.0149E-03 1.0148E-03 7.7086E-08  4.4539E-04 4.0250E-01 9.1801E-09   184
 1.0000E-03 6.7273E-01 1.0021E-03 1.0020E-03 7.5822E-08  4.4314E-04 4.0250E-01 9.0296E-09   184
 1.0000E-03 6.7475E-01 9.8997E-04 9.8990E-04 7.4587E-08  4.4161E-04 4.0250E-01 8.8826E-09   184
 1.0000E-03 6.7677E-01 9.7845E-04 9.7838E-04 7.3378E-08  4.3948E-04 4.0250E-01 8.7387E-09   184
 1.0000E-03 6.7879E-01 9.6752E-04 9.6746E-04 7.2196E-08  4.3703E-04 4.0250E-01 8.5979E-09   184
 1.0000E-03 6.8081E-01 9.5718E-04 9.5711E-04 7.1040E-08  4.3447E-04 4.0250E-01 8.4603E-09   184
 1.0000E-03 6.8283E-01 9.4744E-04 9.4737E-04 6.9909E-08  4.3358E-04 4.0250E-01 8.3258E-09   184
 1.0000E-03 6.8485E-01 9.3829E-04 9.3823E-04 6.8803E-08  4.3141E-04 4.0250E-01 8.1940E-09   184
 1.0000E-03 6.8687E-01 9.2975E-04 9.2969E-04 6.7721E-08  4.2908E-04 4.0250E-01 8.0653E-09   184
 1.0000E-03 6.8889E-01 9.2180E-04 9.2174E-04 6.6663E-08  4.2758E-04 4.0250E-01 7.9394E-09   184
 1.0000E-03 6.9091E-01 9.1438E-04 9.1432E-04 6.5629E-08  4.2531E-04 4.0250E-01 7.8161E-09   184
 1.0000E-03 6.9293E-01 9.0736E-04 9.0730E-04 6.4617E-08  4.2388E-04 4.0250E-01 7.6958E-09   184
 1.0000E-03 6.9495E-01 9.0056E-04 9.0049E-04 6.3629E-08  4.2175E-04 4.0250E-01 7.5782E-09   184
 1.0000E-03 6.9697E-01 8.9366E-04 8.9360E-04 6.2663E-08  4.1969E-04 4.0250E-01 7.4630E-09   184
 1.0000E-03 6.9899E-01 8.8637E-04 8.8632E-04 6.1719E-08  4.1749E-04 4.0250E-01 7.3507E-09   184
 1.0000E-03 7.0101E-01 8.7835E-04 8.7829E-04 6.0796E-08  4.1656E-04 4.0250E-01 7.2407E-09   184
 1.0000E-03 7.0303E-01 8.6938E-04 8.6932E-04 5.9892E-08  4.1479E-04 4.0250E-01 7.1332E-09   184
 1.0000E-03 7.0505E-01 8.5944E-04 8.5938E-04 5.9005E-08  4.1218E-04 4.0250E-01 7.0276E-09   184
 1.0000E-03 7.0707E-01 8.4865E-04 8.4860E-04 5.8135E-08  4.1094E-04 4.0250E-01 6.9241E-09   184
 1.0000E-03 7.0909E-01 8.3730E-04 8.3724E-04 5.7281E-08  4.0957E-04 4.0250E-01 6.8221E-09   184
 1.0000E-03 7.1111E-01 8.2569E-04 8.2564E-04 5.6441E-08  4.0755E-04 4.0250E-01 6.7224E-09   184
 1.0000E-03 7.1313E-01 8.1413E-04 8.1408E-04 5.5616E-08  4.0562E-04 4.0250E-01 6.6240E-09   184
 1.0000E-03 7.1515E-01 8.0283E-04 8.0278E-04 5.4805E-08  4.0386E-04 4.0250E-01 6.5276E-09   184
 1.0000E-03 7.1717E-01 7.9195E-04 7.9190E-04 5.4009E-08  4.0241E-04 4.0250E-01 6.4326E-09   184
 1.0000E-03 7.1919E-01 7.8157E-04 7.8153E-04 5.3226E-08  4.0059E-04 4.0250E-01 6.3395E-09   184
 1.0000E-03 7.2121E-01 7.7174E-04 7.7170E-04 5.2458E-08  3.9881E-04 4.0250E-01 6.2480E-09   184
 1.0000E-03 7.2323E-01 7.6248E-04 7.6243E-04 5.1704E-08  3.9757E-04 4.0250E-01 6.1583E-09   184
 1.0000E-03 7.2525E-01 7.5376E-04 7.5371E-04 5.0964E-08  3.9604E-04 4.0250E-01 6.0702E-09   184
 1.0000E-03 7.2727E-01 7.4559E-04 7.4554E-04 5.0238E-08  3.9481E-04 4.0250E-01 5.9837E-09   184
 1.0000E-03 7.2929E-01 7.3794E-04 7.3789E-04 4.9525E-08  3.9253E-04 4.0251E-01 5.8989E-09   184
 1.0000E-03 7.3131E-01 7.3078E-04 7.3073E-04 4.8826E-08  3.9105E-04 4.0251E-01 5.8156E-09   184
 1.0000E-03 7.3333E-01 7.2409E-04 7.2404E-04 4.8140E-08  3.8992E-04 4.0251E-01 5.7339E-09   184
 1.0000E-03 7.3535E-01 7.1786E-04 7.1781E-04 4.7466E-08  3.8773E-04 4.0251E-01 5.6538E-09   184
 1.0000E-03 7.3737E-01 7.1205E-04 7.1200E-04 4.6806E-08  3.8687E-04 4.0251E-01 5.5750E-09   184
 1.0000E-03 7.3939E-01 7.0665E-04 7.0660E-04 4.6158E-08  3.8467E-04 4.0251E-01 5.4979E-09   184
 1.0000E-03 7.4141E-01 7.0161E-04 7.0157E-04 4.5522E-08  3.8384E-04 4.0251E-01 5.4222E-09   184
 1.0000E-03 7.4343E-01 6.9692E-04 6.9688E-04 4.4898E-08  3.8204E-04 4.0251E-01 5.3480E-09   184
 1.0000E-03 7.4545E-01 6.9250E-04 6.9246E-04 4.4287E-08  3.8121E-04 4.0251E-01 5.2751E-09   184
 1.0000E-03 7.4747E-01 6.8827E-04 6.8823E-04 4.3687E-08  3.7970E-04 4.0251E-01 5.2037E-09   184
 1.0000E-03 7.4949E-01 6.8413E-04 6.8409E-04 4.3099E-08  3.7780E-04 4.0251E-01 5.1336E-09   184
 1.0000E-03 7.5152E-01 6.7994E-04 6.7990E-04 4.2522E-08  3.7684E-04 4.0251E-01 5.0650E-09   184
 1.0000E-03 7.5354E-01 6.7560E-04 6.7556E-04 4.1955E-08  3.7500E-04 4.0251E-01 4.9975E-09   184
 1.0000E-03 7.5556E-01 6.7101E-04 6.7097E-04 4.1400E-08  3.7330E-04 4.0251E-01 4.9314E-09   184
 1.0000E-03 7.5758E-01 6.6612E-04 6.6608E-04 4.0854E-08  3.7209E-04 4.0251E-01 4.8664E-09   184
 1.0000E-03 7.5960E-01 6.6091E-04 6.6087E-04 4.0318E-08  3.7138E-04 4.0251E-01 4.8026E-09   184
 1.0000E-03 7.6162E-01 6.5539E-04 6.5536E-04 3.9792E-08  3.7043E-04 4.0251E-01 4.7399E-09   184
 1.0000E-03 7.6364E-01 6.4962E-04 6.4958E-04 3.9274E-08  3.6876E-04 4.0251E-01 4.6782E-09   184
 1.0000E-03 7.6566E-01 6.4363E-04 6.4359E-04 3.8765E-08  3.6742E-04 4.0251E-01 4.6175E-09   184
 1.0000E-03 7.6768E-01 6.3746E-04 6.3742E-04 3.8264E-08  3.6602E-04 4.0251E-01 4.5579E-09   184
 1.0000E-03 7.6970E-01 6.3116E-04 6.3112E-04 3.7771E-08  3.6437E-04 4.0251E-01 4.4992E-09   184
 1.0000E-03 7.7172E-01 6.2477E-04 6.2474E-04 3.7286E-08  3.6363E-04 4.0251E-01 4.4415E-09   184
 1.0000E-03 7.7374E-01 6.1839E-04 6.1835E-04 3.6809E-08  3.6237E-04 4.0251E-01 4.3847E-09   184
 1.0000E-03 7.7576E-01 6.1207E-04 6.1204E-04 3.6339E-08  3.6049E-04 4.0251E-01 4.3287E-09   184
 1.0000E-03 7.7778E-01 6.0591E-04 6.0588E-04 3.5876E-08  3.5955E-04 4.0251E-01 4.2737E-09   184
 1.0000E-03 7.7980E-01 5.9999E-04 5.9995E-04 3.5421E-08  3.5898E-04 4.0251E-01 4.2195E-09   184
 1.0000E-03 7.8182E-01 5.9435E-04 5.9432E-04 3.4973E-08  3.5720E-04 4.0251E-01 4.1660E-09   184
 1.0000E-03 7.8384E-01 5.8906E-04 5.8902E-04 3.4532E-08  3.5533E-04 4.0251E-01 4.1136E-09   184
 1.0000E-03 7.8586E-01 5.8412E-04 5.8409E-04 3.4098E-08  3.5431E-04 4.0251E-01 4.0619E-09   184
 1.0000E-03 7.8788E-01 5.7955E-04 5.7952E-04 3.3671E-08  3.5361E-04 4.0251E-01 4.0111E-09   184
 1.0000E-03 7.8990E-01 5.7534E-04 5.7531E-04 3.3252E-08  3.5151E-04 4.0251E-01 3.9610E-09   184
 1.0000E-03 7.9192E-01 5.7148E-04 5.7145E-04 3.2839E-08  3.5104E-04 4.0251E-01 3.9119E-09   184
 1.0000E-03 7.9394E-01 5.6792E-04 5.6789E-04 3.2433E-08  3.4897E-04 4.0251E-01 3.8636E-09   184
 1.0000E-03 7.9596E-01 5.6463E-04 5.6460E-04 3.2034E-08  3.4877E-04 4.0251E-01 3.8161E-09   184
 1.0000E-03 7.9798E-01 5.6156E-04 5.6154E-04 3.1642E-08  3.4733E-04 4.0251E-01 3.7694E-09   184
 1.0000E-03 8.0000E-01 5.5866E-04 5.5863E-04 3.1256E-08  3.4633E-04 4.0251E-01 3.7234E-09   184
