 DDSCAT --- DDSCAT 7.3.3 [22.01.20]   
 TARGET --->TARGSPHER  spherical target with explicit spacing                 
 GPFAFT --- method of solution 
 FLTRCD --- prescription for polarizabilities
 FROM_FILE --- shape 
    4169 = NAT0 = number of dipoles
 ../../diel/Pena-Rioux_dielectric_26Au_74Ag                  
 ../../diel/Pena-Rioux_dielectric_34Au_66Ag                  
 ../../diel/Pena-Rioux_dielectric_65Au_35Ag                  
 ../../diel/Pena-Rioux_dielectric_92Au_8Ag                   
   0.000   0.000 = beta_min, beta_max ;  NBETA = 1
   0.000   0.000 = theta_min, theta_max; NTHETA= 1
   0.000   0.000 = phi_min, phi_max   ;   NPHI = 1
 Results averaged over    1 target orientations
                   and  2 incident polarizations
   aeff       wave       Q_pha       Q_pol       Q_cpol
 8.0000E-02 3.0000E-01 -1.9538E-01 -3.3379E-06 -6.1095E-07
 8.0000E-02 3.0101E-01 -1.9423E-01 -5.2452E-06 -8.4937E-07
 8.0000E-02 3.0203E-01 -1.9320E-01  3.5763E-06 -1.7881E-07
 8.0000E-02 3.0305E-01 -1.9228E-01  1.9073E-06 -2.2352E-07
 8.0000E-02 3.0408E-01 -1.9148E-01 -7.1526E-07 -8.9407E-08
 8.0000E-02 3.0512E-01 -1.9081E-01  5.2452E-06  8.9407E-08
 8.0000E-02 3.0616E-01 -1.9028E-01  2.1458E-06 -8.9407E-08
 8.0000E-02 3.0722E-01 -1.8987E-01  1.1921E-06 -1.3411E-07
 8.0000E-02 3.0828E-01 -1.8962E-01 -5.0068E-06 -4.4703E-07
 8.0000E-02 3.0934E-01 -1.8954E-01 -3.5763E-06  2.9802E-07
 8.0000E-02 3.1042E-01 -1.8960E-01 -3.3379E-06 -4.4703E-08
 8.0000E-02 3.1150E-01 -1.8981E-01 -1.6689E-06  3.2783E-07
 8.0000E-02 3.1259E-01 -1.9018E-01 -1.1921E-05  5.9605E-08
 8.0000E-02 3.1368E-01 -1.9070E-01 -5.4836E-06  2.2352E-07
 8.0000E-02 3.1479E-01 -1.9140E-01  1.9073E-06 -7.4506E-08
 8.0000E-02 3.1590E-01 -1.9227E-01  4.5300E-06 -1.3411E-07
 8.0000E-02 3.1702E-01 -1.9332E-01 -4.2915E-06  3.7253E-07
 8.0000E-02 3.1815E-01 -1.9441E-01  7.3910E-06  3.8743E-07
 8.0000E-02 3.1929E-01 -1.9569E-01  5.2452E-06  3.7253E-07
 8.0000E-02 3.2043E-01 -1.9720E-01  9.5367E-07  4.0233E-07
 8.0000E-02 3.2158E-01 -1.9895E-01  1.9073E-06  6.1095E-07
 8.0000E-02 3.2274E-01 -2.0096E-01 -1.1921E-06  2.0862E-07
 8.0000E-02 3.2391E-01 -2.0322E-01 -7.3910E-06  2.9802E-07
 8.0000E-02 3.2509E-01 -2.0577E-01  4.7684E-07  1.9372E-07
 8.0000E-02 3.2628E-01 -2.0860E-01 -9.5367E-07 -1.4901E-07
 8.0000E-02 3.2747E-01 -2.1199E-01  3.5763E-06  3.5763E-07
 8.0000E-02 3.2868E-01 -2.1574E-01 -7.1526E-07 -1.9372E-07
 8.0000E-02 3.2989E-01 -2.1987E-01 -4.7684E-07  4.4703E-08
 8.0000E-02 3.3111E-01 -2.2439E-01  9.5367E-07  5.9605E-08
 8.0000E-02 3.3234E-01 -2.2932E-01  6.4373E-06  2.3842E-07
 8.0000E-02 3.3358E-01 -2.3467E-01  3.8147E-06 -1.3411E-07
 8.0000E-02 3.3483E-01 -2.4045E-01  4.7684E-07 -7.4506E-08
 8.0000E-02 3.3609E-01 -2.4679E-01  5.0068E-06  1.6391E-07
 8.0000E-02 3.3736E-01 -2.5359E-01  3.8147E-06  0.0000E+00
 8.0000E-02 3.3864E-01 -2.6074E-01  1.1921E-06 -8.9407E-08
 8.0000E-02 3.3992E-01 -2.6824E-01  5.4836E-06  2.0862E-07
 8.0000E-02 3.4122E-01 -2.7609E-01 -5.2452E-06  0.0000E+00
 8.0000E-02 3.4253E-01 -2.8429E-01  3.5763E-06  1.1921E-07
 8.0000E-02 3.4385E-01 -2.9286E-01 -5.2452E-06 -5.0664E-07
 8.0000E-02 3.4517E-01 -3.0167E-01  6.4373E-06  1.7583E-06
 8.0000E-02 3.4651E-01 -3.1057E-01  7.1526E-07  1.0729E-06
 8.0000E-02 3.4786E-01 -3.1966E-01  5.2452E-06  4.1723E-07
 8.0000E-02 3.4922E-01 -3.2895E-01 -2.1458E-06  1.7881E-07
 8.0000E-02 3.5059E-01 -3.3841E-01 -3.3379E-06  3.5763E-07
 8.0000E-02 3.5197E-01 -3.4806E-01  2.3842E-07  7.7486E-07
 8.0000E-02 3.5336E-01 -3.5788E-01  2.3842E-06  3.8743E-07
 8.0000E-02 3.5476E-01 -3.6776E-01 -2.3842E-07 -5.9605E-08
 8.0000E-02 3.5618E-01 -3.7773E-01  7.1526E-07 -8.0466E-07
 8.0000E-02 3.5760E-01 -3.8782E-01 -1.4305E-06  5.9605E-08
 8.0000E-02 3.5904E-01 -3.9803E-01  1.6689E-06 -2.9802E-08
 8.0000E-02 3.6048E-01 -4.0836E-01 -3.0994E-06  6.2585E-07
 8.0000E-02 3.6194E-01 -4.1881E-01  4.7684E-06  2.3842E-07
 8.0000E-02 3.6341E-01 -4.2940E-01  5.0068E-06 -1.0729E-06
 8.0000E-02 3.6490E-01 -4.4015E-01  3.3379E-06  5.6624E-07
 8.0000E-02 3.6639E-01 -4.5101E-01  1.6689E-06  3.8743E-07
 8.0000E-02 3.6790E-01 -4.6198E-01 -1.5497E-05  8.6427E-07
 8.0000E-02 3.6942E-01 -4.7307E-01  4.7684E-06  9.2387E-07
 8.0000E-02 3.7095E-01 -4.8426E-01  6.6757E-06  2.0862E-07
 8.0000E-02 3.7250E-01 -4.9559E-01  9.5367E-06 -4.1425E-06
 8.0000E-02 3.7406E-01 -5.0704E-01 -6.4373E-06  1.9670E-06
 8.0000E-02 3.7563E-01 -5.1853E-01  4.0531E-06 -8.3447E-07
 8.0000E-02 3.7722E-01 -5.3007E-01  6.9141E-06 -5.7220E-06
 8.0000E-02 3.7881E-01 -5.4166E-01  8.3447E-06  2.6822E-06
 8.0000E-02 3.8043E-01 -5.5329E-01  5.4836E-06  1.7881E-06
 8.0000E-02 3.8205E-01 -5.6490E-01  3.3379E-06 -2.8610E-06
 8.0000E-02 3.8369E-01 -5.7641E-01 -9.5367E-07  3.2187E-06
 8.0000E-02 3.8534E-01 -5.8786E-01 -1.6689E-06  2.5034E-06
 8.0000E-02 3.8701E-01 -5.9923E-01  1.7881E-05  5.9605E-08
 8.0000E-02 3.8870E-01 -6.1049E-01 -1.9073E-06 -1.0729E-06
 8.0000E-02 3.9039E-01 -6.2163E-01 -2.1935E-05 -6.7949E-06
 8.0000E-02 3.9211E-01 -6.3251E-01 -2.1458E-06 -1.0252E-05
 8.0000E-02 3.9383E-01 -6.4320E-01 -4.5300E-06  1.0729E-06
 8.0000E-02 3.9558E-01 -6.5365E-01  0.0000E+00 -2.8610E-06
 8.0000E-02 3.9733E-01 -6.6382E-01 -4.5300E-06 -1.3709E-06
 8.0000E-02 3.9911E-01 -6.7366E-01  4.7684E-07  0.0000E+00
 8.0000E-02 4.0090E-01 -6.8310E-01 -1.4305E-06 -2.5034E-06
 8.0000E-02 4.0270E-01 -6.9215E-01  2.1458E-06  2.6226E-06
 8.0000E-02 4.0452E-01 -7.0076E-01 -1.2398E-05  5.7220E-06
 8.0000E-02 4.0636E-01 -7.0885E-01 -8.8215E-06  4.1127E-06
 8.0000E-02 4.0822E-01 -7.1637E-01 -1.6928E-05  6.3181E-06
 8.0000E-02 4.1009E-01 -7.2326E-01 -3.2425E-05  9.4771E-06
 8.0000E-02 4.1198E-01 -7.2948E-01 -2.2888E-05 -3.5167E-06
 8.0000E-02 4.1389E-01 -7.3494E-01  4.2915E-06  2.5630E-06
 8.0000E-02 4.1581E-01 -7.3954E-01  1.9073E-06 -2.8014E-06
 8.0000E-02 4.1776E-01 -7.4317E-01  3.8147E-06 -2.0862E-06
 8.0000E-02 4.1972E-01 -7.4575E-01  1.1921E-06 -2.1458E-06
 8.0000E-02 4.2170E-01 -7.4712E-01  1.2875E-05  5.3644E-06
 8.0000E-02 4.2370E-01 -7.4714E-01  3.0994E-06 -7.1526E-07
 8.0000E-02 4.2571E-01 -7.4561E-01 -1.7166E-05 -2.3842E-07
 8.0000E-02 4.2775E-01 -7.4238E-01  5.0068E-06  1.2517E-06
 8.0000E-02 4.2981E-01 -7.3735E-01 -1.1921E-05  1.7881E-06
 8.0000E-02 4.3188E-01 -7.3042E-01 -1.2875E-05  5.6028E-06
 8.0000E-02 4.3398E-01 -7.2155E-01  7.8678E-06  1.0133E-06
 8.0000E-02 4.3610E-01 -7.1075E-01 -2.3842E-06 -1.5140E-05
 8.0000E-02 4.3824E-01 -6.9812E-01 -3.8147E-06 -3.5167E-06
 8.0000E-02 4.4039E-01 -6.8380E-01 -1.9550E-05 -3.2187E-06
 8.0000E-02 4.4257E-01 -6.6787E-01 -1.0490E-05  6.5565E-07
 8.0000E-02 4.4478E-01 -6.5036E-01 -3.6240E-05  1.1146E-05
 8.0000E-02 4.4700E-01 -6.3129E-01  5.2452E-06  6.1989E-06
 8.0000E-02 4.4925E-01 -6.1061E-01  5.2452E-06 -6.7353E-06
 8.0000E-02 4.5152E-01 -5.8823E-01 -4.7684E-06  5.6624E-06
 8.0000E-02 4.5381E-01 -5.6403E-01  1.9073E-05  5.9009E-06
 8.0000E-02 4.5612E-01 -5.3798E-01 -1.5259E-05  2.5630E-06
 8.0000E-02 4.5846E-01 -5.1015E-01  1.5259E-05  6.1989E-06
 8.0000E-02 4.6082E-01 -4.8060E-01  2.2411E-05  5.9605E-06
 8.0000E-02 4.6321E-01 -4.4947E-01 -1.2398E-05 -9.7454E-06
 8.0000E-02 4.6563E-01 -4.1702E-01  1.0490E-05 -6.9141E-06
 8.0000E-02 4.6806E-01 -3.8350E-01 -1.1921E-05 -8.0466E-07
 8.0000E-02 4.7053E-01 -3.4917E-01  5.2452E-05 -1.9968E-06
 8.0000E-02 4.7302E-01 -3.1429E-01 -2.3842E-06  1.4842E-05
 8.0000E-02 4.7553E-01 -2.7912E-01  1.0967E-05 -3.0398E-06
 8.0000E-02 4.7807E-01 -2.4383E-01  1.0014E-05  1.1772E-06
 8.0000E-02 4.8065E-01 -2.0856E-01  1.5259E-05  8.9407E-07
 8.0000E-02 4.8324E-01 -1.7340E-01 -5.7220E-06  3.9488E-06
 8.0000E-02 4.8587E-01 -1.3835E-01 -1.4305E-06 -1.0535E-05
 8.0000E-02 4.8852E-01 -1.0339E-01  7.1526E-06 -1.8552E-06
 8.0000E-02 4.9121E-01 -6.8572E-02 -3.1948E-05  4.8727E-06
 8.0000E-02 4.9392E-01 -3.3849E-02  3.1471E-05 -1.6645E-05
 8.0000E-02 4.9667E-01  8.0969E-04 -3.3379E-06  6.5580E-06
 8.0000E-02 4.9944E-01  3.5468E-02 -2.3842E-06  7.1749E-06
 8.0000E-02 5.0225E-01  7.0268E-02  1.8597E-05 -1.1243E-05
 8.0000E-02 5.0508E-01  1.0546E-01 -1.6212E-05 -2.5280E-05
 8.0000E-02 5.0795E-01  1.4118E-01 -1.0490E-05  5.8711E-06
 8.0000E-02 5.1086E-01  1.7763E-01  1.4305E-05  2.9355E-06
 8.0000E-02 5.1379E-01  2.1482E-01 -4.2915E-06 -1.4901E-06
 8.0000E-02 5.1676E-01  2.5254E-01  1.2398E-05 -2.2352E-06
 8.0000E-02 5.1977E-01  2.9046E-01  1.4305E-05  1.3828E-05
 8.0000E-02 5.2281E-01  3.2784E-01 -7.6294E-06 -2.6822E-06
 8.0000E-02 5.2588E-01  3.6390E-01  5.2452E-06  1.4901E-07
 8.0000E-02 5.2899E-01  3.9772E-01 -4.7684E-07  4.0531E-06
 8.0000E-02 5.3214E-01  4.2841E-01 -1.6689E-05 -6.3777E-06
 8.0000E-02 5.3533E-01  4.5535E-01  3.2902E-05 -3.3438E-05
 8.0000E-02 5.3855E-01  4.7791E-01  6.7711E-05 -3.7462E-05
 8.0000E-02 5.4182E-01  4.9579E-01  7.0572E-05  2.0027E-05
 8.0000E-02 5.4512E-01  5.0917E-01 -5.6744E-05 -6.8545E-06
 8.0000E-02 5.4847E-01  5.1864E-01  7.0095E-05  7.2122E-06
 8.0000E-02 5.5185E-01  5.2516E-01  7.1526E-06 -2.5868E-05
 8.0000E-02 5.5528E-01  5.2953E-01 -1.1921E-05  8.2850E-06
 8.0000E-02 5.5875E-01  5.3261E-01  2.6226E-05  6.7949E-06
 8.0000E-02 5.6226E-01  5.3477E-01 -4.1485E-05  2.9206E-06
 8.0000E-02 5.6582E-01  5.3619E-01 -1.0967E-05 -1.4305E-06
 8.0000E-02 5.6943E-01  5.3667E-01  2.6226E-05  8.7619E-06
 8.0000E-02 5.7308E-01  5.3581E-01 -1.1444E-05  1.0133E-06
 8.0000E-02 5.7677E-01  5.3336E-01  5.4836E-05 -5.0187E-05
 8.0000E-02 5.8052E-01  5.2937E-01  2.3842E-05  3.6299E-05
 8.0000E-02 5.8431E-01  5.2385E-01  8.5831E-05 -1.7941E-05
 8.0000E-02 5.8816E-01  5.1641E-01 -3.9101E-05 -3.3617E-05
 8.0000E-02 5.9205E-01  5.0602E-01  4.1962E-05  6.5267E-05
 8.0000E-02 5.9600E-01  4.9146E-01 -1.1683E-05  1.0431E-05
 8.0000E-02 6.0000E-01  4.7200E-01  7.6771E-05  3.2544E-05
