 DDSCAT --- DDSCAT 7.3.3 [22.01.20]   
 TARGET --->TARGSPHER  spherical target with explicit spacing                 
 GPFAFT --- method of solution 
 FLTRCD --- prescription for polarizabilities
 FROM_FILE --- shape 
    4169 = NAT0 = number of dipoles
 ../../diel/Pena-Rioux_dielectric_26Au_74Ag                  
 ../../diel/Pena-Rioux_dielectric_76Au_24Ag                  
 ../../diel/Pena-Rioux_dielectric_92Au_8Ag                   
 ../../diel/Au_evap                                          
   0.000   0.000 = beta_min, beta_max ;  NBETA = 1
   0.000   0.000 = theta_min, theta_max; NTHETA= 1
   0.000   0.000 = phi_min, phi_max   ;   NPHI = 1
 0.5000 = ETASCA (param. controlling # of scatt. dirs used to calculate <cos> etc.
 Results averaged over    1 target orientations
                   and  2 incident polarizations
   aeff       wave       Q_ext     Q_abs      Q_sca     g(1)=<cos>  <cos^2>    Q_bk       Nsca
 8.0000E-02 3.0000E-01 2.8079E+00 1.5522E+00 1.2557E+00  6.4531E-01 6.1557E-01 2.9251E-02   656
 8.0000E-02 3.0101E-01 2.8051E+00 1.5538E+00 1.2513E+00  6.4477E-01 6.1443E-01 2.9207E-02   656
 8.0000E-02 3.0203E-01 2.8022E+00 1.5554E+00 1.2469E+00  6.4420E-01 6.1326E-01 2.9150E-02   656
 8.0000E-02 3.0305E-01 2.7993E+00 1.5569E+00 1.2424E+00  6.4363E-01 6.1208E-01 2.9073E-02   656
 8.0000E-02 3.0408E-01 2.7962E+00 1.5584E+00 1.2378E+00  6.4308E-01 6.1090E-01 2.8974E-02   656
 8.0000E-02 3.0512E-01 2.7931E+00 1.5600E+00 1.2331E+00  6.4254E-01 6.0971E-01 2.8855E-02   656
 8.0000E-02 3.0616E-01 2.7898E+00 1.5615E+00 1.2283E+00  6.4200E-01 6.0851E-01 2.8715E-02   656
 8.0000E-02 3.0722E-01 2.7864E+00 1.5630E+00 1.2234E+00  6.4147E-01 6.0730E-01 2.8554E-02   656
 8.0000E-02 3.0828E-01 2.7830E+00 1.5645E+00 1.2185E+00  6.4094E-01 6.0608E-01 2.8375E-02   656
 8.0000E-02 3.0934E-01 2.7797E+00 1.5659E+00 1.2138E+00  6.4040E-01 6.0484E-01 2.8189E-02   656
 8.0000E-02 3.1042E-01 2.7763E+00 1.5674E+00 1.2089E+00  6.3985E-01 6.0359E-01 2.7984E-02   656
 8.0000E-02 3.1150E-01 2.7728E+00 1.5689E+00 1.2039E+00  6.3935E-01 6.0234E-01 2.7751E-02   656
 8.0000E-02 3.1259E-01 2.7692E+00 1.5704E+00 1.1988E+00  6.3887E-01 6.0108E-01 2.7497E-02   656
 8.0000E-02 3.1368E-01 2.7654E+00 1.5718E+00 1.1936E+00  6.3838E-01 5.9981E-01 2.7225E-02   656
 8.0000E-02 3.1479E-01 2.7615E+00 1.5733E+00 1.1883E+00  6.3790E-01 5.9854E-01 2.6937E-02   656
 8.0000E-02 3.1590E-01 2.7576E+00 1.5747E+00 1.1829E+00  6.3741E-01 5.9725E-01 2.6633E-02   656
 8.0000E-02 3.1702E-01 2.7535E+00 1.5760E+00 1.1774E+00  6.3693E-01 5.9596E-01 2.6312E-02   656
 8.0000E-02 3.1815E-01 2.7491E+00 1.5774E+00 1.1717E+00  6.3646E-01 5.9466E-01 2.5972E-02   656
 8.0000E-02 3.1929E-01 2.7446E+00 1.5787E+00 1.1659E+00  6.3599E-01 5.9335E-01 2.5614E-02   656
 8.0000E-02 3.2043E-01 2.7399E+00 1.5800E+00 1.1599E+00  6.3552E-01 5.9203E-01 2.5242E-02   656
 8.0000E-02 3.2158E-01 2.7351E+00 1.5811E+00 1.1541E+00  6.3498E-01 5.9070E-01 2.4873E-02   657
 8.0000E-02 3.2274E-01 2.7302E+00 1.5822E+00 1.1480E+00  6.3444E-01 5.8935E-01 2.4489E-02   657
 8.0000E-02 3.2391E-01 2.7250E+00 1.5832E+00 1.1419E+00  6.3400E-01 5.8811E-01 2.4089E-02   602
 8.0000E-02 3.2509E-01 2.7196E+00 1.5841E+00 1.1355E+00  6.3347E-01 5.8675E-01 2.3674E-02   602
 8.0000E-02 3.2628E-01 2.7140E+00 1.5850E+00 1.1290E+00  6.3295E-01 5.8539E-01 2.3246E-02   602
 8.0000E-02 3.2747E-01 2.7075E+00 1.5856E+00 1.1219E+00  6.3248E-01 5.8403E-01 2.2781E-02   602
 8.0000E-02 3.2868E-01 2.7009E+00 1.5862E+00 1.1147E+00  6.3201E-01 5.8267E-01 2.2310E-02   602
 8.0000E-02 3.2989E-01 2.6942E+00 1.5867E+00 1.1075E+00  6.3151E-01 5.8130E-01 2.1836E-02   602
 8.0000E-02 3.3111E-01 2.6874E+00 1.5870E+00 1.1004E+00  6.3098E-01 5.7990E-01 2.1359E-02   602
 8.0000E-02 3.3234E-01 2.6804E+00 1.5872E+00 1.0932E+00  6.3046E-01 5.7850E-01 2.0870E-02   603
 8.0000E-02 3.3358E-01 2.6733E+00 1.5873E+00 1.0860E+00  6.2994E-01 5.7708E-01 2.0372E-02   603
 8.0000E-02 3.3483E-01 2.6661E+00 1.5873E+00 1.0788E+00  6.2939E-01 5.7565E-01 1.9874E-02   603
 8.0000E-02 3.3609E-01 2.6591E+00 1.5871E+00 1.0720E+00  6.2877E-01 5.7418E-01 1.9386E-02   603
 8.0000E-02 3.3736E-01 2.6526E+00 1.5868E+00 1.0657E+00  6.2806E-01 5.7268E-01 1.8917E-02   604
 8.0000E-02 3.3864E-01 2.6463E+00 1.5864E+00 1.0599E+00  6.2727E-01 5.7115E-01 1.8462E-02   604
 8.0000E-02 3.3992E-01 2.6404E+00 1.5859E+00 1.0546E+00  6.2638E-01 5.6957E-01 1.8023E-02   604
 8.0000E-02 3.4122E-01 2.6349E+00 1.5852E+00 1.0497E+00  6.2541E-01 5.6797E-01 1.7601E-02   604
 8.0000E-02 3.4253E-01 2.6298E+00 1.5845E+00 1.0454E+00  6.2433E-01 5.6632E-01 1.7198E-02   604
 8.0000E-02 3.4385E-01 2.6251E+00 1.5836E+00 1.0415E+00  6.2314E-01 5.6463E-01 1.6811E-02   604
 8.0000E-02 3.4517E-01 2.6210E+00 1.5826E+00 1.0385E+00  6.2180E-01 5.6290E-01 1.6455E-02   604
 8.0000E-02 3.4651E-01 2.6179E+00 1.5816E+00 1.0363E+00  6.2030E-01 5.6112E-01 1.6135E-02   605
 8.0000E-02 3.4786E-01 2.6154E+00 1.5805E+00 1.0349E+00  6.1867E-01 5.5930E-01 1.5845E-02   605
 8.0000E-02 3.4922E-01 2.6137E+00 1.5795E+00 1.0343E+00  6.1689E-01 5.5745E-01 1.5582E-02   605
 8.0000E-02 3.5059E-01 2.6128E+00 1.5784E+00 1.0344E+00  6.1498E-01 5.5556E-01 1.5349E-02   605
 8.0000E-02 3.5197E-01 2.6127E+00 1.5773E+00 1.0354E+00  6.1292E-01 5.5364E-01 1.5148E-02   605
 8.0000E-02 3.5336E-01 2.6133E+00 1.5762E+00 1.0372E+00  6.1071E-01 5.5168E-01 1.4978E-02   606
 8.0000E-02 3.5476E-01 2.6151E+00 1.5752E+00 1.0400E+00  6.0836E-01 5.4970E-01 1.4844E-02   606
 8.0000E-02 3.5618E-01 2.6179E+00 1.5743E+00 1.0437E+00  6.0588E-01 5.4770E-01 1.4749E-02   606
 8.0000E-02 3.5760E-01 2.6215E+00 1.5735E+00 1.0481E+00  6.0338E-01 5.4581E-01 1.4681E-02   551
 8.0000E-02 3.5904E-01 2.6260E+00 1.5727E+00 1.0533E+00  6.0068E-01 5.4378E-01 1.4640E-02   551
 8.0000E-02 3.6048E-01 2.6313E+00 1.5720E+00 1.0593E+00  5.9787E-01 5.4174E-01 1.4626E-02   551
 8.0000E-02 3.6194E-01 2.6375E+00 1.5715E+00 1.0661E+00  5.9495E-01 5.3969E-01 1.4641E-02   551
 8.0000E-02 3.6341E-01 2.6446E+00 1.5710E+00 1.0736E+00  5.9195E-01 5.3763E-01 1.4682E-02   551
 8.0000E-02 3.6490E-01 2.6525E+00 1.5708E+00 1.0818E+00  5.8888E-01 5.3557E-01 1.4742E-02   551
 8.0000E-02 3.6639E-01 2.6612E+00 1.5706E+00 1.0906E+00  5.8575E-01 5.3350E-01 1.4824E-02   551
 8.0000E-02 3.6790E-01 2.6706E+00 1.5706E+00 1.1000E+00  5.8256E-01 5.3145E-01 1.4926E-02   551
 8.0000E-02 3.6942E-01 2.6808E+00 1.5707E+00 1.1101E+00  5.7931E-01 5.2939E-01 1.5046E-02   551
 8.0000E-02 3.7095E-01 2.6918E+00 1.5710E+00 1.1208E+00  5.7602E-01 5.2734E-01 1.5184E-02   551
 8.0000E-02 3.7250E-01 2.7035E+00 1.5714E+00 1.1321E+00  5.7268E-01 5.2530E-01 1.5339E-02   551
 8.0000E-02 3.7406E-01 2.7157E+00 1.5720E+00 1.1438E+00  5.6932E-01 5.2325E-01 1.5503E-02   552
 8.0000E-02 3.7563E-01 2.7286E+00 1.5726E+00 1.1560E+00  5.6593E-01 5.2122E-01 1.5678E-02   552
 8.0000E-02 3.7722E-01 2.7421E+00 1.5734E+00 1.1686E+00  5.6252E-01 5.1919E-01 1.5864E-02   552
 8.0000E-02 3.7881E-01 2.7561E+00 1.5744E+00 1.1818E+00  5.5908E-01 5.1717E-01 1.6059E-02   552
 8.0000E-02 3.8043E-01 2.7709E+00 1.5755E+00 1.1954E+00  5.5562E-01 5.1515E-01 1.6264E-02   552
 8.0000E-02 3.8205E-01 2.7861E+00 1.5767E+00 1.2094E+00  5.5216E-01 5.1314E-01 1.6473E-02   552
 8.0000E-02 3.8369E-01 2.8016E+00 1.5779E+00 1.2237E+00  5.4868E-01 5.1113E-01 1.6681E-02   552
 8.0000E-02 3.8534E-01 2.8177E+00 1.5793E+00 1.2383E+00  5.4519E-01 5.0913E-01 1.6897E-02   552
 8.0000E-02 3.8701E-01 2.8343E+00 1.5808E+00 1.2535E+00  5.4169E-01 5.0714E-01 1.7118E-02   552
 8.0000E-02 3.8870E-01 2.8515E+00 1.5825E+00 1.2690E+00  5.3817E-01 5.0515E-01 1.7346E-02   552
 8.0000E-02 3.9039E-01 2.8692E+00 1.5842E+00 1.2850E+00  5.3464E-01 5.0317E-01 1.7579E-02   552
 8.0000E-02 3.9211E-01 2.8875E+00 1.5861E+00 1.3014E+00  5.3111E-01 5.0119E-01 1.7815E-02   552
 8.0000E-02 3.9383E-01 2.9062E+00 1.5880E+00 1.3183E+00  5.2756E-01 4.9922E-01 1.8058E-02   552
 8.0000E-02 3.9558E-01 2.9256E+00 1.5900E+00 1.3356E+00  5.2400E-01 4.9725E-01 1.8307E-02   552
 8.0000E-02 3.9733E-01 2.9454E+00 1.5921E+00 1.3533E+00  5.2043E-01 4.9529E-01 1.8561E-02   552
 8.0000E-02 3.9911E-01 2.9661E+00 1.5944E+00 1.3717E+00  5.1683E-01 4.9334E-01 1.8830E-02   552
 8.0000E-02 4.0090E-01 2.9873E+00 1.5967E+00 1.3906E+00  5.1335E-01 4.9152E-01 1.9103E-02   499
 8.0000E-02 4.0270E-01 3.0091E+00 1.5991E+00 1.4100E+00  5.0973E-01 4.8958E-01 1.9385E-02   499
 8.0000E-02 4.0452E-01 3.0316E+00 1.6015E+00 1.4301E+00  5.0608E-01 4.8764E-01 1.9679E-02   499
 8.0000E-02 4.0636E-01 3.0548E+00 1.6041E+00 1.4507E+00  5.0243E-01 4.8570E-01 1.9981E-02   499
 8.0000E-02 4.0822E-01 3.0788E+00 1.6067E+00 1.4721E+00  4.9876E-01 4.8376E-01 2.0288E-02   499
 8.0000E-02 4.1009E-01 3.1034E+00 1.6094E+00 1.4940E+00  4.9509E-01 4.8183E-01 2.0600E-02   499
 8.0000E-02 4.1198E-01 3.1290E+00 1.6123E+00 1.5167E+00  4.9140E-01 4.7990E-01 2.0919E-02   499
 8.0000E-02 4.1389E-01 3.1553E+00 1.6153E+00 1.5401E+00  4.8772E-01 4.7797E-01 2.1237E-02   499
 8.0000E-02 4.1581E-01 3.1825E+00 1.6184E+00 1.5640E+00  4.8406E-01 4.7605E-01 2.1547E-02   500
 8.0000E-02 4.1776E-01 3.2105E+00 1.6219E+00 1.5887E+00  4.8042E-01 4.7413E-01 2.1847E-02   500
 8.0000E-02 4.1972E-01 3.2394E+00 1.6255E+00 1.6139E+00  4.7680E-01 4.7222E-01 2.2134E-02   501
 8.0000E-02 4.2170E-01 3.2692E+00 1.6294E+00 1.6399E+00  4.7324E-01 4.7031E-01 2.2399E-02   501
 8.0000E-02 4.2370E-01 3.2999E+00 1.6336E+00 1.6664E+00  4.6974E-01 4.6842E-01 2.2633E-02   501
 8.0000E-02 4.2571E-01 3.3315E+00 1.6382E+00 1.6933E+00  4.6632E-01 4.6653E-01 2.2824E-02   501
 8.0000E-02 4.2775E-01 3.3638E+00 1.6431E+00 1.7207E+00  4.6299E-01 4.6466E-01 2.2971E-02   501
 8.0000E-02 4.2981E-01 3.3970E+00 1.6483E+00 1.7487E+00  4.5973E-01 4.6279E-01 2.3073E-02   501
 8.0000E-02 4.3188E-01 3.4312E+00 1.6538E+00 1.7774E+00  4.5656E-01 4.6094E-01 2.3132E-02   501
 8.0000E-02 4.3398E-01 3.4663E+00 1.6597E+00 1.8066E+00  4.5346E-01 4.5909E-01 2.3153E-02   501
 8.0000E-02 4.3610E-01 3.5021E+00 1.6658E+00 1.8364E+00  4.5039E-01 4.5726E-01 2.3143E-02   501
 8.0000E-02 4.3824E-01 3.5389E+00 1.6719E+00 1.8669E+00  4.4735E-01 4.5542E-01 2.3117E-02   501
 8.0000E-02 4.4039E-01 3.5764E+00 1.6783E+00 1.8982E+00  4.4431E-01 4.5360E-01 2.3078E-02   501
 8.0000E-02 4.4257E-01 3.6149E+00 1.6847E+00 1.9302E+00  4.4128E-01 4.5178E-01 2.3035E-02   501
 8.0000E-02 4.4478E-01 3.6543E+00 1.6912E+00 1.9631E+00  4.3825E-01 4.4998E-01 2.2995E-02   501
 8.0000E-02 4.4700E-01 3.6949E+00 1.6978E+00 1.9971E+00  4.3522E-01 4.4818E-01 2.2960E-02   501
 8.0000E-02 4.4925E-01 3.7369E+00 1.7046E+00 2.0324E+00  4.3220E-01 4.4639E-01 2.2922E-02   501
 8.0000E-02 4.5152E-01 3.7803E+00 1.7114E+00 2.0688E+00  4.2920E-01 4.4461E-01 2.2876E-02   501
 8.0000E-02 4.5381E-01 3.8252E+00 1.7185E+00 2.1068E+00  4.2621E-01 4.4283E-01 2.2813E-02   501
 8.0000E-02 4.5612E-01 3.8723E+00 1.7258E+00 2.1466E+00  4.2342E-01 4.4118E-01 2.2724E-02   452
 8.0000E-02 4.5846E-01 3.9216E+00 1.7335E+00 2.1881E+00  4.2055E-01 4.3940E-01 2.2595E-02   452
 8.0000E-02 4.6082E-01 3.9732E+00 1.7416E+00 2.2316E+00  4.1774E-01 4.3760E-01 2.2419E-02   452
 8.0000E-02 4.6321E-01 4.0272E+00 1.7500E+00 2.2772E+00  4.1498E-01 4.3579E-01 2.2186E-02   452
 8.0000E-02 4.6563E-01 4.0836E+00 1.7587E+00 2.3249E+00  4.1227E-01 4.3394E-01 2.1882E-02   452
 8.0000E-02 4.6806E-01 4.1421E+00 1.7677E+00 2.3744E+00  4.0956E-01 4.3206E-01 2.1511E-02   452
 8.0000E-02 4.7053E-01 4.2024E+00 1.7767E+00 2.4257E+00  4.0682E-01 4.3011E-01 2.1080E-02   452
 8.0000E-02 4.7302E-01 4.2640E+00 1.7855E+00 2.4786E+00  4.0398E-01 4.2811E-01 2.0621E-02   452
 8.0000E-02 4.7553E-01 4.3260E+00 1.7937E+00 2.5323E+00  4.0098E-01 4.2603E-01 2.0165E-02   452
 8.0000E-02 4.7807E-01 4.3876E+00 1.8012E+00 2.5864E+00  3.9777E-01 4.2390E-01 1.9769E-02   452
 8.0000E-02 4.8065E-01 4.4478E+00 1.8075E+00 2.6403E+00  3.9426E-01 4.2171E-01 1.9507E-02   452
 8.0000E-02 4.8324E-01 4.5053E+00 1.8120E+00 2.6933E+00  3.9036E-01 4.1947E-01 1.9474E-02   452
 8.0000E-02 4.8587E-01 4.5590E+00 1.8144E+00 2.7446E+00  3.8599E-01 4.1720E-01 1.9783E-02   452
 8.0000E-02 4.8852E-01 4.6078E+00 1.8142E+00 2.7936E+00  3.8109E-01 4.1493E-01 2.0535E-02   452
 8.0000E-02 4.9121E-01 4.6508E+00 1.8112E+00 2.8396E+00  3.7562E-01 4.1267E-01 2.1824E-02   452
 8.0000E-02 4.9392E-01 4.6874E+00 1.8052E+00 2.8823E+00  3.6957E-01 4.1047E-01 2.3724E-02   452
 8.0000E-02 4.9667E-01 4.7179E+00 1.7965E+00 2.9215E+00  3.6303E-01 4.0838E-01 2.6256E-02   452
 8.0000E-02 4.9944E-01 4.7434E+00 1.7857E+00 2.9577E+00  3.5619E-01 4.0643E-01 2.9354E-02   452
 8.0000E-02 5.0225E-01 4.7646E+00 1.7731E+00 2.9916E+00  3.4905E-01 4.0461E-01 3.2975E-02   452
 8.0000E-02 5.0508E-01 4.7826E+00 1.7589E+00 3.0237E+00  3.4171E-01 4.0289E-01 3.7054E-02   452
 8.0000E-02 5.0795E-01 4.7984E+00 1.7435E+00 3.0549E+00  3.3425E-01 4.0128E-01 4.1536E-02   452
 8.0000E-02 5.1086E-01 4.8127E+00 1.7269E+00 3.0858E+00  3.2670E-01 3.9977E-01 4.6386E-02   452
 8.0000E-02 5.1379E-01 4.8259E+00 1.7091E+00 3.1169E+00  3.1908E-01 3.9834E-01 5.1604E-02   453
 8.0000E-02 5.1676E-01 4.8383E+00 1.6896E+00 3.1487E+00  3.1134E-01 3.9696E-01 5.7240E-02   453
 8.0000E-02 5.1977E-01 4.8495E+00 1.6678E+00 3.1817E+00  3.0338E-01 3.9564E-01 6.3391E-02   453
 8.0000E-02 5.2281E-01 4.8561E+00 1.6407E+00 3.2155E+00  2.9467E-01 3.9427E-01 7.0504E-02   453
 8.0000E-02 5.2588E-01 4.8557E+00 1.6077E+00 3.2480E+00  2.8506E-01 3.9291E-01 7.8740E-02   453
 8.0000E-02 5.2899E-01 4.8488E+00 1.5700E+00 3.2788E+00  2.7489E-01 3.9176E-01 8.7989E-02   407
 8.0000E-02 5.3214E-01 4.8354E+00 1.5279E+00 3.3075E+00  2.6391E-01 3.9056E-01 9.8227E-02   407
 8.0000E-02 5.3533E-01 4.8153E+00 1.4818E+00 3.3336E+00  2.5233E-01 3.8947E-01 1.0938E-01   407
 8.0000E-02 5.3855E-01 4.7889E+00 1.4326E+00 3.3563E+00  2.4025E-01 3.8850E-01 1.2131E-01   407
 8.0000E-02 5.4182E-01 4.7563E+00 1.3812E+00 3.3752E+00  2.2777E-01 3.8765E-01 1.3386E-01   407
 8.0000E-02 5.4512E-01 4.7184E+00 1.3287E+00 3.3897E+00  2.1503E-01 3.8692E-01 1.4684E-01   407
 8.0000E-02 5.4847E-01 4.6759E+00 1.2762E+00 3.3997E+00  2.0217E-01 3.8634E-01 1.6005E-01   408
 8.0000E-02 5.5185E-01 4.6322E+00 1.2260E+00 3.4062E+00  1.8953E-01 3.8591E-01 1.7314E-01   408
 8.0000E-02 5.5528E-01 4.5878E+00 1.1781E+00 3.4098E+00  1.7709E-01 3.8562E-01 1.8610E-01   408
 8.0000E-02 5.5875E-01 4.5441E+00 1.1329E+00 3.4112E+00  1.6496E-01 3.8547E-01 1.9884E-01   408
 8.0000E-02 5.6226E-01 4.5023E+00 1.0910E+00 3.4113E+00  1.5324E-01 3.8545E-01 2.1125E-01   408
 8.0000E-02 5.6582E-01 4.4634E+00 1.0531E+00 3.4104E+00  1.4205E-01 3.8555E-01 2.2322E-01   408
 8.0000E-02 5.6943E-01 4.4283E+00 1.0194E+00 3.4088E+00  1.3147E-01 3.8577E-01 2.3462E-01   408
 8.0000E-02 5.7308E-01 4.3967E+00 9.9052E-01 3.4062E+00  1.2157E-01 3.8607E-01 2.4532E-01   408
 8.0000E-02 5.7677E-01 4.3682E+00 9.6651E-01 3.4017E+00  1.1236E-01 3.8643E-01 2.5516E-01   408
 8.0000E-02 5.8052E-01 4.3417E+00 9.4774E-01 3.3939E+00  1.0384E-01 3.8683E-01 2.6401E-01   408
 8.0000E-02 5.8431E-01 4.3156E+00 9.3457E-01 3.3810E+00  9.5981E-02 3.8724E-01 2.7167E-01   408
 8.0000E-02 5.8816E-01 4.2891E+00 9.2754E-01 3.3615E+00  8.8764E-02 3.8764E-01 2.7804E-01   408
 8.0000E-02 5.9205E-01 4.2627E+00 9.2670E-01 3.3360E+00  8.2176E-02 3.8804E-01 2.8317E-01   408
 8.0000E-02 5.9600E-01 4.2370E+00 9.3173E-01 3.3053E+00  7.6174E-02 3.8844E-01 2.8715E-01   408
 8.0000E-02 6.0000E-01 4.2127E+00 9.4197E-01 3.2708E+00  7.0726E-02 3.8883E-01 2.9015E-01   408
