 DDSCAT --- DDSCAT 7.3.3 [22.01.20]   
 TARGET --->TARGSPHER  spherical target with explicit spacing                 
 GPFAFT --- method of solution 
 GKDLDR --- prescription for polarizabilities
 FROM_FILE --- shape 
    4169 = NAT0 = number of dipoles
 ../../diel/Pena-Rioux_dielectric_26Au_74Ag                  
 ../../diel/Pena-Rioux_dielectric_52Au_48Ag                  
 ../../diel/Pena-Rioux_dielectric_85Au_15Ag                  
 ../../diel/Au_evap                                          
   0.000   0.000 = beta_min, beta_max ;  NBETA = 1
   0.000   0.000 = theta_min, theta_max; NTHETA= 1
   0.000   0.000 = phi_min, phi_max   ;   NPHI = 1
 Results averaged over    1 target orientations
                   and  2 incident polarizations
   aeff       wave       Q_pha       Q_pol       Q_cpol
 4.0000E-02 3.0000E-01 -3.8007E-02 -3.0994E-06 -2.2352E-08
 4.0000E-02 3.0101E-01 -3.6848E-02  7.1526E-07 -2.4587E-07
 4.0000E-02 3.0203E-01 -3.6000E-02 -1.4305E-06  2.6450E-07
 4.0000E-02 3.0305E-01 -3.5338E-02  2.1458E-06 -6.7055E-08
 4.0000E-02 3.0408E-01 -3.4868E-02 -4.5300E-06 -1.4901E-08
 4.0000E-02 3.0512E-01 -3.4595E-02 -3.3379E-06 -7.8231E-08
 4.0000E-02 3.0616E-01 -3.4525E-02  5.0068E-06 -1.4901E-08
 4.0000E-02 3.0722E-01 -3.4666E-02  0.0000E+00 -7.4506E-08
 4.0000E-02 3.0828E-01 -3.4996E-02  2.3842E-06  0.0000E+00
 4.0000E-02 3.0934E-01 -3.5419E-02 -3.5763E-06 -2.6077E-08
 4.0000E-02 3.1042E-01 -3.6017E-02 -1.1921E-06  1.4901E-07
 4.0000E-02 3.1150E-01 -3.6662E-02 -3.3379E-06 -3.3528E-08
 4.0000E-02 3.1259E-01 -3.7454E-02  2.3842E-06 -5.9605E-08
 4.0000E-02 3.1368E-01 -3.8447E-02 -2.1458E-06  4.4703E-08
 4.0000E-02 3.1479E-01 -3.9645E-02  4.2915E-06  6.7055E-08
 4.0000E-02 3.1590E-01 -4.1055E-02 -2.8610E-06 -1.0058E-07
 4.0000E-02 3.1702E-01 -4.2682E-02 -3.0994E-06 -1.6764E-07
 4.0000E-02 3.1815E-01 -4.4171E-02  3.0994E-06 -1.4901E-08
 4.0000E-02 3.1929E-01 -4.5906E-02 -5.2452E-06  1.1176E-08
 4.0000E-02 3.2043E-01 -4.7973E-02 -4.7684E-07 -2.9802E-08
 4.0000E-02 3.2158E-01 -5.0651E-02  2.6226E-06  4.0978E-08
 4.0000E-02 3.2274E-01 -5.3656E-02 -1.1921E-06  6.7055E-08
 4.0000E-02 3.2391E-01 -5.6998E-02  3.3379E-06  0.0000E+00
 4.0000E-02 3.2509E-01 -6.0687E-02 -2.1458E-06 -2.9802E-08
 4.0000E-02 3.2628E-01 -6.4734E-02 -1.6689E-06  0.0000E+00
 4.0000E-02 3.2747E-01 -6.9747E-02  1.1921E-06  5.9605E-08
 4.0000E-02 3.2868E-01 -7.5269E-02 -9.5367E-07  0.0000E+00
 4.0000E-02 3.2989E-01 -8.1288E-02  2.8610E-06  3.3528E-07
 4.0000E-02 3.3111E-01 -8.7819E-02 -7.1526E-07 -5.9605E-08
 4.0000E-02 3.3234E-01 -9.4727E-02  0.0000E+00  7.4506E-09
 4.0000E-02 3.3358E-01 -1.0209E-01  7.1526E-07 -1.4156E-07
 4.0000E-02 3.3483E-01 -1.0998E-01  2.8610E-06 -9.6858E-08
 4.0000E-02 3.3609E-01 -1.1861E-01  3.8147E-06 -8.1956E-08
 4.0000E-02 3.3736E-01 -1.2785E-01 -3.8147E-06  5.9605E-08
 4.0000E-02 3.3864E-01 -1.3748E-01  2.3842E-07  1.3411E-07
 4.0000E-02 3.3992E-01 -1.4751E-01 -2.3842E-07 -2.9802E-08
 4.0000E-02 3.4122E-01 -1.5795E-01 -1.6689E-06  0.0000E+00
 4.0000E-02 3.4253E-01 -1.6882E-01  0.0000E+00  4.4703E-08
 4.0000E-02 3.4385E-01 -1.8011E-01 -1.9073E-06  1.1921E-07
 4.0000E-02 3.4517E-01 -1.9173E-01 -9.5367E-07 -5.3644E-07
 4.0000E-02 3.4651E-01 -2.0343E-01 -6.1989E-06 -7.4506E-08
 4.0000E-02 3.4786E-01 -2.1535E-01  1.9073E-06  2.5332E-07
 4.0000E-02 3.4922E-01 -2.2749E-01 -2.8610E-06 -5.9605E-08
 4.0000E-02 3.5059E-01 -2.3986E-01  3.5763E-06 -2.2352E-07
 4.0000E-02 3.5197E-01 -2.5247E-01 -2.6226E-06 -1.4901E-07
 4.0000E-02 3.5336E-01 -2.6533E-01 -1.1921E-06  1.1921E-07
 4.0000E-02 3.5476E-01 -2.7828E-01 -2.1458E-06 -4.4703E-07
 4.0000E-02 3.5618E-01 -2.9132E-01  6.1989E-06  8.0466E-07
 4.0000E-02 3.5760E-01 -3.0448E-01  1.6689E-06 -7.1526E-07
 4.0000E-02 3.5904E-01 -3.1776E-01  9.5367E-07  2.6822E-07
 4.0000E-02 3.6048E-01 -3.3116E-01 -1.1921E-06  2.9802E-07
 4.0000E-02 3.6194E-01 -3.4469E-01 -1.4305E-06  1.4901E-07
 4.0000E-02 3.6341E-01 -3.5830E-01 -4.2915E-06 -1.1921E-07
 4.0000E-02 3.6490E-01 -3.7192E-01 -9.5367E-07  5.0664E-07
 4.0000E-02 3.6639E-01 -3.8562E-01  4.5300E-06 -6.2585E-07
 4.0000E-02 3.6790E-01 -3.9940E-01  4.0531E-06  3.2783E-07
 4.0000E-02 3.6942E-01 -4.1325E-01 -4.7684E-06 -1.7881E-07
 4.0000E-02 3.7095E-01 -4.2716E-01  1.1921E-06  5.3644E-07
 4.0000E-02 3.7250E-01 -4.4113E-01  2.3842E-06  8.9407E-08
 4.0000E-02 3.7406E-01 -4.5510E-01  3.3379E-06 -5.3644E-07
 4.0000E-02 3.7563E-01 -4.6916E-01 -6.1989E-06 -1.7881E-07
 4.0000E-02 3.7722E-01 -4.8330E-01  2.3842E-06  5.9605E-08
 4.0000E-02 3.7881E-01 -4.9751E-01 -1.0490E-05 -1.1921E-06
 4.0000E-02 3.8043E-01 -5.1182E-01 -4.2915E-06 -8.9407E-07
 4.0000E-02 3.8205E-01 -5.2612E-01  1.6689E-06 -1.5497E-06
 4.0000E-02 3.8369E-01 -5.4050E-01  3.3379E-06 -1.1921E-07
 4.0000E-02 3.8534E-01 -5.5503E-01  7.8678E-06  1.4901E-06
 4.0000E-02 3.8701E-01 -5.6967E-01  5.0068E-06  5.9605E-08
 4.0000E-02 3.8870E-01 -5.8442E-01  1.2159E-05 -7.1526E-07
 4.0000E-02 3.9039E-01 -5.9927E-01  7.8678E-06 -8.3447E-07
 4.0000E-02 3.9211E-01 -6.1431E-01 -5.7220E-06  1.1921E-07
 4.0000E-02 3.9383E-01 -6.2951E-01  1.1921E-06  1.7881E-07
 4.0000E-02 3.9558E-01 -6.4485E-01  3.3379E-06  2.1458E-06
 4.0000E-02 3.9733E-01 -6.6031E-01 -7.1526E-07  4.4703E-06
 4.0000E-02 3.9911E-01 -6.7588E-01  1.0014E-05 -1.7881E-06
 4.0000E-02 4.0090E-01 -6.9168E-01  2.3842E-06  7.7486E-07
 4.0000E-02 4.0270E-01 -7.0757E-01  8.8215E-06 -1.1921E-06
 4.0000E-02 4.0452E-01 -7.2346E-01 -9.5367E-07  1.3113E-06
 4.0000E-02 4.0636E-01 -7.3930E-01 -4.5300E-06  1.1921E-06
 4.0000E-02 4.0822E-01 -7.5505E-01 -2.3842E-06  2.3842E-07
 4.0000E-02 4.1009E-01 -7.7073E-01 -4.5300E-06 -8.3447E-07
 4.0000E-02 4.1198E-01 -7.8609E-01 -3.5763E-06  1.2517E-06
 4.0000E-02 4.1389E-01 -8.0102E-01 -4.7684E-07  1.3113E-06
 4.0000E-02 4.1581E-01 -8.1541E-01  4.7684E-07 -2.3842E-06
 4.0000E-02 4.1776E-01 -8.2919E-01 -4.7684E-06 -7.7486E-07
 4.0000E-02 4.1972E-01 -8.4206E-01  7.1526E-07 -1.7881E-07
 4.0000E-02 4.2170E-01 -8.5382E-01 -7.1526E-07  4.1723E-07
 4.0000E-02 4.2370E-01 -8.6429E-01  7.3910E-06  5.3644E-07
 4.0000E-02 4.2571E-01 -8.7327E-01  3.8147E-06  4.7684E-07
 4.0000E-02 4.2775E-01 -8.8043E-01  1.1921E-06 -1.3113E-06
 4.0000E-02 4.2981E-01 -8.8534E-01 -2.5749E-05 -6.9737E-06
 4.0000E-02 4.3188E-01 -8.8782E-01 -2.3842E-06  2.7418E-06
 4.0000E-02 4.3398E-01 -8.8755E-01  1.6689E-05 -2.1458E-06
 4.0000E-02 4.3610E-01 -8.8411E-01 -5.7220E-06  2.1458E-06
 4.0000E-02 4.3824E-01 -8.7695E-01  3.8147E-06  2.3246E-06
 4.0000E-02 4.4039E-01 -8.6590E-01  1.4305E-06  1.0729E-06
 4.0000E-02 4.4257E-01 -8.5047E-01 -1.5259E-05 -2.1458E-06
 4.0000E-02 4.4478E-01 -8.3013E-01 -1.4305E-06  1.1921E-06
 4.0000E-02 4.4700E-01 -8.0441E-01  1.9073E-06  4.9472E-06
 4.0000E-02 4.4925E-01 -7.7298E-01 -1.9073E-06 -1.3709E-06
 4.0000E-02 4.5152E-01 -7.3530E-01 -6.1989E-06  6.5565E-07
 4.0000E-02 4.5381E-01 -6.9073E-01  3.8147E-06  2.2650E-06
 4.0000E-02 4.5612E-01 -6.3889E-01  7.6294E-06  1.9670E-06
 4.0000E-02 4.5846E-01 -5.7947E-01 -4.7684E-07 -3.9935E-06
 4.0000E-02 4.6082E-01 -5.1204E-01  1.7166E-05 -1.7881E-06
 4.0000E-02 4.6321E-01 -4.3633E-01  2.8610E-06  1.5199E-06
 4.0000E-02 4.6563E-01 -3.5246E-01  2.9564E-05 -3.2187E-06
 4.0000E-02 4.6806E-01 -2.6052E-01 -4.7684E-07  9.0301E-06
 4.0000E-02 4.7053E-01 -1.6073E-01 -8.5831E-06 -7.7486E-07
 4.0000E-02 4.7302E-01 -5.3400E-02  1.0967E-05  4.6939E-07
 4.0000E-02 4.7553E-01  6.0516E-02  2.9564E-05 -4.8801E-07
 4.0000E-02 4.7807E-01  1.8017E-01  1.0490E-05  1.6540E-06
 4.0000E-02 4.8065E-01  3.0459E-01  9.0599E-06 -1.8179E-06
 4.0000E-02 4.8324E-01  4.3268E-01  5.2452E-05  4.7386E-06
 4.0000E-02 4.8587E-01  5.6324E-01 -2.4319E-05  9.7752E-06
 4.0000E-02 4.8852E-01  6.9469E-01 -9.5367E-07  8.2254E-06
 4.0000E-02 4.9121E-01  8.2525E-01 -5.7220E-06 -7.7486E-07
 4.0000E-02 4.9392E-01  9.5309E-01  5.2452E-06 -1.6093E-06
 4.0000E-02 4.9667E-01  1.0756E+00  8.5831E-06 -2.3842E-07
 4.0000E-02 4.9944E-01  1.1901E+00 -2.4796E-05  3.5763E-07
 4.0000E-02 5.0225E-01  1.2976E+00  3.8147E-06  5.0068E-06
 4.0000E-02 5.0508E-01  1.3973E+00 -1.3351E-05 -9.0599E-06
 4.0000E-02 5.0795E-01  1.4889E+00 -1.8120E-05  6.5565E-06
 4.0000E-02 5.1086E-01  1.5723E+00 -4.7684E-06 -5.3644E-06
 4.0000E-02 5.1379E-01  1.6481E+00 -3.5286E-05  0.0000E+00
 4.0000E-02 5.1676E-01  1.7168E+00  1.4305E-05 -4.8876E-06
 4.0000E-02 5.1977E-01  1.7797E+00 -1.0014E-05 -9.5367E-06
 4.0000E-02 5.2281E-01  1.8414E+00  1.4305E-05  5.2452E-06
 4.0000E-02 5.2588E-01  1.9009E+00  1.1444E-05  3.5763E-07
 4.0000E-02 5.2899E-01  1.9570E+00  1.1444E-05 -6.1989E-06
 4.0000E-02 5.3214E-01  2.0101E+00 -5.0545E-05  1.6689E-06
 4.0000E-02 5.3533E-01  2.0606E+00  1.7643E-05  8.8215E-06
 4.0000E-02 5.3855E-01  2.1085E+00  1.9550E-05 -1.0490E-05
 4.0000E-02 5.4182E-01  2.1538E+00 -4.3869E-05 -8.5831E-06
 4.0000E-02 5.4512E-01  2.1958E+00  2.8610E-05 -4.7684E-07
 4.0000E-02 5.4847E-01  2.2337E+00  1.7643E-05  1.6689E-06
 4.0000E-02 5.5185E-01  2.2655E+00  3.3379E-05  2.9087E-05
 4.0000E-02 5.5528E-01  2.2918E+00 -1.3828E-05  7.1526E-06
 4.0000E-02 5.5875E-01  2.3120E+00  1.3828E-05 -1.4305E-06
 4.0000E-02 5.6226E-01  2.3254E+00  6.6280E-05  1.0252E-05
 4.0000E-02 5.6582E-01  2.3317E+00  5.3883E-05 -4.7684E-06
 4.0000E-02 5.6943E-01  2.3306E+00  1.5974E-05 -1.5259E-05
 4.0000E-02 5.7308E-01  2.3227E+00 -6.1989E-05  3.4809E-05
 4.0000E-02 5.7677E-01  2.3090E+00  7.8678E-06  4.2915E-06
 4.0000E-02 5.8052E-01  2.2908E+00 -2.1458E-06 -5.0068E-06
 4.0000E-02 5.8431E-01  2.2696E+00 -2.7180E-05  1.2636E-05
 4.0000E-02 5.8816E-01  2.2463E+00  1.7405E-05 -5.9605E-06
 4.0000E-02 5.9205E-01  2.2212E+00  1.7643E-05  6.4373E-06
 4.0000E-02 5.9600E-01  2.1945E+00 -3.1948E-05 -2.0742E-05
 4.0000E-02 6.0000E-01  2.1664E+00  4.7922E-05 -1.9073E-05
