 DDSCAT --- DDSCAT 7.3.3 [22.01.20]   
 TARGET --->TARGSPHER  spherical target with explicit spacing                 
 GPFAFT --- method of solution 
 GKDLDR --- prescription for polarizabilities
 FROM_FILE --- shape 
    4169 = NAT0 = number of dipoles
 ../../diel/Pena-Rioux_dielectric_26Au_74Ag                  
 ../../diel/Pena-Rioux_dielectric_52Au_48Ag                  
 ../../diel/Pena-Rioux_dielectric_85Au_15Ag                  
 ../../diel/Au_evap                                          
   0.000   0.000 = beta_min, beta_max ;  NBETA = 1
   0.000   0.000 = theta_min, theta_max; NTHETA= 1
   0.000   0.000 = phi_min, phi_max   ;   NPHI = 1
 0.5000 = ETASCA (param. controlling # of scatt. dirs used to calculate <cos> etc.
 Results averaged over    1 target orientations
                   and  2 incident polarizations
   aeff       wave       Q_ext     Q_abs      Q_sca     g(1)=<cos>  <cos^2>    Q_bk       Nsca
 4.0000E-02 3.0000E-01 2.5416E+00 1.7777E+00 7.6386E-01  2.5350E-01 4.1487E-01 3.8895E-02   408
 4.0000E-02 3.0101E-01 2.5332E+00 1.7766E+00 7.5666E-01  2.5170E-01 4.1467E-01 3.8875E-02   408
 4.0000E-02 3.0203E-01 2.5249E+00 1.7754E+00 7.4947E-01  2.4990E-01 4.1447E-01 3.8847E-02   408
 4.0000E-02 3.0305E-01 2.5164E+00 1.7742E+00 7.4226E-01  2.4811E-01 4.1428E-01 3.8810E-02   408
 4.0000E-02 3.0408E-01 2.5079E+00 1.7729E+00 7.3502E-01  2.4632E-01 4.1410E-01 3.8763E-02   408
 4.0000E-02 3.0512E-01 2.4992E+00 1.7715E+00 7.2774E-01  2.4454E-01 4.1391E-01 3.8707E-02   408
 4.0000E-02 3.0616E-01 2.4904E+00 1.7700E+00 7.2043E-01  2.4276E-01 4.1372E-01 3.8642E-02   408
 4.0000E-02 3.0722E-01 2.4816E+00 1.7685E+00 7.1310E-01  2.4099E-01 4.1354E-01 3.8568E-02   408
 4.0000E-02 3.0828E-01 2.4727E+00 1.7669E+00 7.0584E-01  2.3921E-01 4.1336E-01 3.8491E-02   408
 4.0000E-02 3.0934E-01 2.4644E+00 1.7655E+00 6.9890E-01  2.3741E-01 4.1318E-01 3.8429E-02   408
 4.0000E-02 3.1042E-01 2.4559E+00 1.7640E+00 6.9194E-01  2.3561E-01 4.1300E-01 3.8359E-02   408
 4.0000E-02 3.1150E-01 2.4473E+00 1.7623E+00 6.8492E-01  2.3382E-01 4.1282E-01 3.8279E-02   408
 4.0000E-02 3.1259E-01 2.4385E+00 1.7606E+00 6.7788E-01  2.3203E-01 4.1265E-01 3.8192E-02   408
 4.0000E-02 3.1368E-01 2.4296E+00 1.7588E+00 6.7082E-01  2.3023E-01 4.1247E-01 3.8097E-02   408
 4.0000E-02 3.1479E-01 2.4207E+00 1.7570E+00 6.6375E-01  2.2854E-01 4.1245E-01 3.7995E-02   362
 4.0000E-02 3.1590E-01 2.4117E+00 1.7550E+00 6.5669E-01  2.2675E-01 4.1228E-01 3.7886E-02   362
 4.0000E-02 3.1702E-01 2.4025E+00 1.7529E+00 6.4961E-01  2.2495E-01 4.1212E-01 3.7771E-02   363
 4.0000E-02 3.1815E-01 2.3928E+00 1.7506E+00 6.4223E-01  2.2317E-01 4.1195E-01 3.7630E-02   363
 4.0000E-02 3.1929E-01 2.3828E+00 1.7480E+00 6.3477E-01  2.2139E-01 4.1179E-01 3.7477E-02   363
 4.0000E-02 3.2043E-01 2.3727E+00 1.7454E+00 6.2729E-01  2.1961E-01 4.1163E-01 3.7315E-02   363
 4.0000E-02 3.2158E-01 2.3626E+00 1.7427E+00 6.1990E-01  2.1782E-01 4.1147E-01 3.7150E-02   363
 4.0000E-02 3.2274E-01 2.3523E+00 1.7399E+00 6.1249E-01  2.1604E-01 4.1131E-01 3.6977E-02   363
 4.0000E-02 3.2391E-01 2.3419E+00 1.7369E+00 6.0504E-01  2.1425E-01 4.1115E-01 3.6794E-02   363
 4.0000E-02 3.2509E-01 2.3313E+00 1.7337E+00 5.9760E-01  2.1247E-01 4.1100E-01 3.6604E-02   363
 4.0000E-02 3.2628E-01 2.3205E+00 1.7304E+00 5.9013E-01  2.1068E-01 4.1085E-01 3.6406E-02   363
 4.0000E-02 3.2747E-01 2.3088E+00 1.7265E+00 5.8225E-01  2.0893E-01 4.1070E-01 3.6170E-02   363
 4.0000E-02 3.2868E-01 2.2971E+00 1.7226E+00 5.7456E-01  2.0716E-01 4.1056E-01 3.5940E-02   363
 4.0000E-02 3.2989E-01 2.2857E+00 1.7186E+00 5.6712E-01  2.0538E-01 4.1041E-01 3.5719E-02   363
 4.0000E-02 3.3111E-01 2.2746E+00 1.7147E+00 5.5993E-01  2.0359E-01 4.1026E-01 3.5508E-02   363
 4.0000E-02 3.3234E-01 2.2635E+00 1.7106E+00 5.5293E-01  2.0178E-01 4.1011E-01 3.5304E-02   363
 4.0000E-02 3.3358E-01 2.2527E+00 1.7065E+00 5.4616E-01  1.9996E-01 4.0996E-01 3.5110E-02   363
 4.0000E-02 3.3483E-01 2.2421E+00 1.7024E+00 5.3968E-01  1.9813E-01 4.0982E-01 3.4929E-02   363
 4.0000E-02 3.3609E-01 2.2324E+00 1.6986E+00 5.3384E-01  1.9626E-01 4.0967E-01 3.4787E-02   363
 4.0000E-02 3.3736E-01 2.2241E+00 1.6953E+00 5.2884E-01  1.9435E-01 4.0951E-01 3.4699E-02   363
 4.0000E-02 3.3864E-01 2.2166E+00 1.6922E+00 5.2438E-01  1.9241E-01 4.0935E-01 3.4644E-02   363
 4.0000E-02 3.3992E-01 2.2099E+00 1.6894E+00 5.2048E-01  1.9045E-01 4.0920E-01 3.4624E-02   363
 4.0000E-02 3.4122E-01 2.2041E+00 1.6869E+00 5.1715E-01  1.8847E-01 4.0904E-01 3.4641E-02   363
 4.0000E-02 3.4253E-01 2.1992E+00 1.6848E+00 5.1442E-01  1.8646E-01 4.0888E-01 3.4696E-02   363
 4.0000E-02 3.4385E-01 2.1951E+00 1.6829E+00 5.1226E-01  1.8442E-01 4.0872E-01 3.4792E-02   363
 4.0000E-02 3.4517E-01 2.1924E+00 1.6815E+00 5.1085E-01  1.8237E-01 4.0855E-01 3.4939E-02   363
 4.0000E-02 3.4651E-01 2.1910E+00 1.6808E+00 5.1022E-01  1.8029E-01 4.0839E-01 3.5139E-02   363
 4.0000E-02 3.4786E-01 2.1907E+00 1.6805E+00 5.1020E-01  1.7821E-01 4.0823E-01 3.5382E-02   363
 4.0000E-02 3.4922E-01 2.1915E+00 1.6807E+00 5.1082E-01  1.7611E-01 4.0806E-01 3.5671E-02   363
 4.0000E-02 3.5059E-01 2.1934E+00 1.6813E+00 5.1210E-01  1.7400E-01 4.0790E-01 3.6008E-02   363
 4.0000E-02 3.5197E-01 2.1966E+00 1.6825E+00 5.1405E-01  1.7188E-01 4.0773E-01 3.6394E-02   363
 4.0000E-02 3.5336E-01 2.2009E+00 1.6842E+00 5.1671E-01  1.6975E-01 4.0757E-01 3.6834E-02   363
 4.0000E-02 3.5476E-01 2.2066E+00 1.6865E+00 5.2006E-01  1.6763E-01 4.0741E-01 3.7326E-02   363
 4.0000E-02 3.5618E-01 2.2134E+00 1.6894E+00 5.2405E-01  1.6551E-01 4.0724E-01 3.7865E-02   363
 4.0000E-02 3.5760E-01 2.2214E+00 1.6928E+00 5.2864E-01  1.6339E-01 4.0708E-01 3.8453E-02   363
 4.0000E-02 3.5904E-01 2.2305E+00 1.6966E+00 5.3385E-01  1.6128E-01 4.0692E-01 3.9091E-02   363
 4.0000E-02 3.6048E-01 2.2407E+00 1.7010E+00 5.3972E-01  1.5916E-01 4.0676E-01 3.9782E-02   363
 4.0000E-02 3.6194E-01 2.2522E+00 1.7059E+00 5.4626E-01  1.5704E-01 4.0661E-01 4.0530E-02   363
 4.0000E-02 3.6341E-01 2.2649E+00 1.7114E+00 5.5347E-01  1.5492E-01 4.0645E-01 4.1334E-02   363
 4.0000E-02 3.6490E-01 2.2786E+00 1.7174E+00 5.6125E-01  1.5280E-01 4.0629E-01 4.2189E-02   363
 4.0000E-02 3.6639E-01 2.2935E+00 1.7239E+00 5.6963E-01  1.5069E-01 4.0614E-01 4.3097E-02   363
 4.0000E-02 3.6790E-01 2.3095E+00 1.7308E+00 5.7864E-01  1.4857E-01 4.0599E-01 4.4062E-02   363
 4.0000E-02 3.6942E-01 2.3267E+00 1.7384E+00 5.8831E-01  1.4646E-01 4.0583E-01 4.5088E-02   363
 4.0000E-02 3.7095E-01 2.3451E+00 1.7464E+00 5.9866E-01  1.4435E-01 4.0568E-01 4.6176E-02   363
 4.0000E-02 3.7250E-01 2.3647E+00 1.7550E+00 6.0970E-01  1.4223E-01 4.0554E-01 4.7329E-02   363
 4.0000E-02 3.7406E-01 2.3854E+00 1.7640E+00 6.2133E-01  1.4012E-01 4.0539E-01 4.8541E-02   363
 4.0000E-02 3.7563E-01 2.4072E+00 1.7736E+00 6.3362E-01  1.3800E-01 4.0524E-01 4.9818E-02   363
 4.0000E-02 3.7722E-01 2.4302E+00 1.7836E+00 6.4660E-01  1.3588E-01 4.0510E-01 5.1164E-02   363
 4.0000E-02 3.7881E-01 2.4546E+00 1.7942E+00 6.6033E-01  1.3376E-01 4.0496E-01 5.2584E-02   363
 4.0000E-02 3.8043E-01 2.4802E+00 1.8053E+00 6.7491E-01  1.3163E-01 4.0482E-01 5.4088E-02   363
 4.0000E-02 3.8205E-01 2.5071E+00 1.8170E+00 6.9015E-01  1.2950E-01 4.0468E-01 5.5665E-02   363
 4.0000E-02 3.8369E-01 2.5351E+00 1.8290E+00 7.0608E-01  1.2736E-01 4.0454E-01 5.7315E-02   363
 4.0000E-02 3.8534E-01 2.5645E+00 1.8416E+00 7.2289E-01  1.2522E-01 4.0441E-01 5.9055E-02   363
 4.0000E-02 3.8701E-01 2.5955E+00 1.8548E+00 7.4063E-01  1.2307E-01 4.0427E-01 6.0892E-02   363
 4.0000E-02 3.8870E-01 2.6280E+00 1.8687E+00 7.5936E-01  1.2093E-01 4.0414E-01 6.2832E-02   363
 4.0000E-02 3.9039E-01 2.6624E+00 1.8832E+00 7.7917E-01  1.1887E-01 4.0418E-01 6.4882E-02   323
 4.0000E-02 3.9211E-01 2.6982E+00 1.8983E+00 7.9995E-01  1.1672E-01 4.0406E-01 6.7037E-02   323
 4.0000E-02 3.9383E-01 2.7360E+00 1.9140E+00 8.2199E-01  1.1458E-01 4.0393E-01 6.9322E-02   323
 4.0000E-02 3.9558E-01 2.7759E+00 1.9306E+00 8.4531E-01  1.1243E-01 4.0381E-01 7.1742E-02   323
 4.0000E-02 3.9733E-01 2.8179E+00 1.9479E+00 8.7004E-01  1.1029E-01 4.0368E-01 7.4308E-02   323
 4.0000E-02 3.9911E-01 2.8625E+00 1.9662E+00 8.9633E-01  1.0815E-01 4.0356E-01 7.7037E-02   323
 4.0000E-02 4.0090E-01 2.9095E+00 1.9853E+00 9.2429E-01  1.0601E-01 4.0344E-01 7.9940E-02   323
 4.0000E-02 4.0270E-01 2.9594E+00 2.0054E+00 9.5405E-01  1.0387E-01 4.0333E-01 8.3032E-02   323
 4.0000E-02 4.0452E-01 3.0122E+00 2.0265E+00 9.8571E-01  1.0172E-01 4.0321E-01 8.6330E-02   323
 4.0000E-02 4.0636E-01 3.0682E+00 2.0487E+00 1.0194E+00  9.9570E-02 4.0310E-01 8.9848E-02   323
 4.0000E-02 4.0822E-01 3.1274E+00 2.0721E+00 1.0553E+00  9.7408E-02 4.0298E-01 9.3604E-02   323
 4.0000E-02 4.1009E-01 3.1905E+00 2.0967E+00 1.0938E+00  9.5236E-02 4.0287E-01 9.7635E-02   323
 4.0000E-02 4.1198E-01 3.2575E+00 2.1227E+00 1.1348E+00  9.3047E-02 4.0276E-01 1.0196E-01   323
 4.0000E-02 4.1389E-01 3.3285E+00 2.1500E+00 1.1786E+00  9.0834E-02 4.0265E-01 1.0658E-01   323
 4.0000E-02 4.1581E-01 3.4037E+00 2.1786E+00 1.2252E+00  8.8591E-02 4.0254E-01 1.1154E-01   323
 4.0000E-02 4.1776E-01 3.4835E+00 2.2086E+00 1.2750E+00  8.6319E-02 4.0244E-01 1.1686E-01   323
 4.0000E-02 4.1972E-01 3.5685E+00 2.2402E+00 1.3283E+00  8.4004E-02 4.0233E-01 1.2261E-01   323
 4.0000E-02 4.2170E-01 3.6584E+00 2.2732E+00 1.3852E+00  8.1644E-02 4.0222E-01 1.2877E-01   323
 4.0000E-02 4.2370E-01 3.7535E+00 2.3077E+00 1.4459E+00  7.9230E-02 4.0212E-01 1.3539E-01   323
 4.0000E-02 4.2571E-01 3.8541E+00 2.3435E+00 1.5106E+00  7.6754E-02 4.0202E-01 1.4252E-01   323
 4.0000E-02 4.2775E-01 3.9604E+00 2.3808E+00 1.5796E+00  7.4205E-02 4.0191E-01 1.5021E-01   323
 4.0000E-02 4.2981E-01 4.0723E+00 2.4193E+00 1.6530E+00  7.1573E-02 4.0181E-01 1.5847E-01   323
 4.0000E-02 4.3188E-01 4.1899E+00 2.4589E+00 1.7310E+00  6.8860E-02 4.0171E-01 1.6735E-01   323
 4.0000E-02 4.3398E-01 4.3132E+00 2.4994E+00 1.8138E+00  6.6057E-02 4.0161E-01 1.7689E-01   323
 4.0000E-02 4.3610E-01 4.4424E+00 2.5406E+00 1.9017E+00  6.3158E-02 4.0151E-01 1.8714E-01   323
 4.0000E-02 4.3824E-01 4.5767E+00 2.5824E+00 1.9943E+00  6.0173E-02 4.0142E-01 1.9809E-01   323
 4.0000E-02 4.4039E-01 4.7161E+00 2.6244E+00 2.0916E+00  5.7116E-02 4.0134E-01 2.0976E-01   323
 4.0000E-02 4.4257E-01 4.8604E+00 2.6666E+00 2.1938E+00  5.4003E-02 4.0126E-01 2.2215E-01   323
 4.0000E-02 4.4478E-01 5.0094E+00 2.7088E+00 2.3006E+00  5.0857E-02 4.0119E-01 2.3527E-01   323
 4.0000E-02 4.4700E-01 5.1621E+00 2.7509E+00 2.4112E+00  4.7718E-02 4.0112E-01 2.4900E-01   323
 4.0000E-02 4.4925E-01 5.3180E+00 2.7927E+00 2.5253E+00  4.4623E-02 4.0107E-01 2.6329E-01   323
 4.0000E-02 4.5152E-01 5.4765E+00 2.8342E+00 2.6423E+00  4.1605E-02 4.0102E-01 2.7804E-01   323
 4.0000E-02 4.5381E-01 5.6366E+00 2.8754E+00 2.7612E+00  3.8693E-02 4.0098E-01 2.9314E-01   323
 4.0000E-02 4.5612E-01 5.7967E+00 2.9160E+00 2.8807E+00  3.5932E-02 4.0095E-01 3.0837E-01   323
 4.0000E-02 4.5846E-01 5.9557E+00 2.9560E+00 2.9997E+00  3.3344E-02 4.0093E-01 3.2358E-01   323
 4.0000E-02 4.6082E-01 6.1117E+00 2.9949E+00 3.1168E+00  3.0937E-02 4.0092E-01 3.3857E-01   323
 4.0000E-02 4.6321E-01 6.2626E+00 3.0323E+00 3.2303E+00  2.8715E-02 4.0091E-01 3.5314E-01   323
 4.0000E-02 4.6563E-01 6.4065E+00 3.0676E+00 3.3389E+00  2.6673E-02 4.0091E-01 3.6712E-01   323
 4.0000E-02 4.6806E-01 6.5413E+00 3.1000E+00 3.4413E+00  2.4798E-02 4.0091E-01 3.8034E-01   323
 4.0000E-02 4.7053E-01 6.6648E+00 3.1289E+00 3.5359E+00  2.3075E-02 4.0091E-01 3.9263E-01   323
 4.0000E-02 4.7302E-01 6.7738E+00 3.1534E+00 3.6204E+00  2.1494E-02 4.0092E-01 4.0371E-01   323
 4.0000E-02 4.7553E-01 6.8669E+00 3.1728E+00 3.6941E+00  2.0038E-02 4.0093E-01 4.1348E-01   323
 4.0000E-02 4.7807E-01 6.9423E+00 3.1863E+00 3.7560E+00  1.8691E-02 4.0094E-01 4.2185E-01   323
 4.0000E-02 4.8065E-01 6.9983E+00 3.1933E+00 3.8051E+00  1.7436E-02 4.0095E-01 4.2869E-01   323
 4.0000E-02 4.8324E-01 7.0333E+00 3.1930E+00 3.8404E+00  1.6260E-02 4.0095E-01 4.3390E-01   323
 4.0000E-02 4.8587E-01 7.0462E+00 3.1851E+00 3.8611E+00  1.5148E-02 4.0096E-01 4.3739E-01   323
 4.0000E-02 4.8852E-01 7.0357E+00 3.1695E+00 3.8662E+00  1.4091E-02 4.0097E-01 4.3904E-01   323
 4.0000E-02 4.9121E-01 7.0011E+00 3.1461E+00 3.8550E+00  1.3082E-02 4.0097E-01 4.3877E-01   323
 4.0000E-02 4.9392E-01 6.9431E+00 3.1155E+00 3.8276E+00  1.2115E-02 4.0097E-01 4.3657E-01   323
 4.0000E-02 4.9667E-01 6.8633E+00 3.0788E+00 3.7845E+00  1.1193E-02 4.0098E-01 4.3251E-01   323
 4.0000E-02 4.9944E-01 6.7657E+00 3.0378E+00 3.7279E+00  1.0324E-02 4.0098E-01 4.2681E-01   323
 4.0000E-02 5.0225E-01 6.6524E+00 2.9923E+00 3.6602E+00  9.4822E-03 4.0097E-01 4.1979E-01   323
 4.0000E-02 5.0508E-01 6.5266E+00 2.9431E+00 3.5836E+00  8.6641E-03 4.0097E-01 4.1168E-01   323
 4.0000E-02 5.0795E-01 6.3915E+00 2.8912E+00 3.5002E+00  7.8692E-03 4.0096E-01 4.0276E-01   324
 4.0000E-02 5.1086E-01 6.2501E+00 2.8376E+00 3.4125E+00  7.0969E-03 4.0096E-01 3.9327E-01   324
 4.0000E-02 5.1379E-01 6.1056E+00 2.7829E+00 3.3228E+00  6.3815E-03 4.0116E-01 3.8351E-01   285
 4.0000E-02 5.1676E-01 5.9610E+00 2.7276E+00 3.2334E+00  5.6530E-03 4.0115E-01 3.7374E-01   285
 4.0000E-02 5.1977E-01 5.8182E+00 2.6719E+00 3.1464E+00  4.9451E-03 4.0115E-01 3.6421E-01   285
 4.0000E-02 5.2281E-01 5.6737E+00 2.6107E+00 3.0630E+00  4.2193E-03 4.0115E-01 3.5510E-01   285
 4.0000E-02 5.2588E-01 5.5259E+00 2.5448E+00 2.9811E+00  3.4807E-03 4.0115E-01 3.4616E-01   285
 4.0000E-02 5.2899E-01 5.3769E+00 2.4763E+00 2.9006E+00  2.7457E-03 4.0116E-01 3.3737E-01   285
 4.0000E-02 5.3214E-01 5.2263E+00 2.4046E+00 2.8217E+00  2.0104E-03 4.0116E-01 3.2872E-01   285
 4.0000E-02 5.3533E-01 5.0731E+00 2.3292E+00 2.7439E+00  1.2722E-03 4.0117E-01 3.2018E-01   285
 4.0000E-02 5.3855E-01 4.9164E+00 2.2499E+00 2.6665E+00  5.2759E-04 4.0117E-01 3.1167E-01   285
 4.0000E-02 5.4182E-01 4.7547E+00 2.1660E+00 2.5888E+00 -2.2560E-04 4.0117E-01 3.0309E-01   285
 4.0000E-02 5.4512E-01 4.5873E+00 2.0777E+00 2.5096E+00 -9.9014E-04 4.0118E-01 2.9433E-01   285
 4.0000E-02 5.4847E-01 4.4135E+00 1.9853E+00 2.4281E+00 -1.7669E-03 4.0118E-01 2.8525E-01   285
 4.0000E-02 5.5185E-01 4.2363E+00 1.8925E+00 2.3438E+00 -2.5428E-03 4.0118E-01 2.7581E-01   285
 4.0000E-02 5.5528E-01 4.0551E+00 1.7980E+00 2.2572E+00 -3.3302E-03 4.0118E-01 2.6606E-01   285
 4.0000E-02 5.5875E-01 3.8710E+00 1.7029E+00 2.1681E+00 -4.1317E-03 4.0117E-01 2.5600E-01   285
 4.0000E-02 5.6226E-01 3.6855E+00 1.6087E+00 2.0768E+00 -4.9484E-03 4.0117E-01 2.4564E-01   285
 4.0000E-02 5.6582E-01 3.5004E+00 1.5169E+00 1.9836E+00 -5.7791E-03 4.0116E-01 2.3502E-01   285
 4.0000E-02 5.6943E-01 3.3188E+00 1.4294E+00 1.8894E+00 -6.6213E-03 4.0116E-01 2.2425E-01   285
 4.0000E-02 5.7308E-01 3.1434E+00 1.3477E+00 1.7957E+00 -7.4716E-03 4.0115E-01 2.1350E-01   285
 4.0000E-02 5.7677E-01 2.9766E+00 1.2726E+00 1.7040E+00 -8.3289E-03 4.0114E-01 2.0295E-01   285
 4.0000E-02 5.8052E-01 2.8196E+00 1.2039E+00 1.6157E+00 -9.1931E-03 4.0114E-01 1.9278E-01   285
 4.0000E-02 5.8431E-01 2.6718E+00 1.1402E+00 1.5316E+00 -1.0068E-02 4.0113E-01 1.8307E-01   285
 4.0000E-02 5.8816E-01 2.5324E+00 1.0806E+00 1.4518E+00 -1.0953E-02 4.0113E-01 1.7386E-01   285
 4.0000E-02 5.9205E-01 2.4008E+00 1.0245E+00 1.3763E+00 -1.1847E-02 4.0113E-01 1.6512E-01   285
 4.0000E-02 5.9600E-01 2.2766E+00 9.7200E-01 1.3046E+00 -1.2748E-02 4.0112E-01 1.5681E-01   285
 4.0000E-02 6.0000E-01 2.1599E+00 9.2325E-01 1.2366E+00 -1.3655E-02 4.0112E-01 1.4892E-01   285
