 DDSCAT --- DDSCAT 7.3.3 [22.01.20]   
 TARGET --->TARGSPHER  spherical target with explicit spacing                 
 GPFAFT --- method of solution 
 FLTRCD --- prescription for polarizabilities
 FROM_FILE --- shape 
    4169 = NAT0 = number of dipoles
 ../../diel/Pena-Rioux_dielectric_26Au_74Ag                  
 ../../diel/Pena-Rioux_dielectric_34Au_66Ag                  
 ../../diel/Au_evap                                          
   0.000   0.000 = beta_min, beta_max ;  NBETA = 1
   0.000   0.000 = theta_min, theta_max; NTHETA= 1
   0.000   0.000 = phi_min, phi_max   ;   NPHI = 1
 0.5000 = ETASCA (param. controlling # of scatt. dirs used to calculate <cos> etc.
 Results averaged over    1 target orientations
                   and  2 incident polarizations
   aeff       wave       Q_ext     Q_abs      Q_sca     g(1)=<cos>  <cos^2>    Q_bk       Nsca
 8.0000E-02 3.0000E-01 2.8113E+00 1.5544E+00 1.2570E+00  6.4561E-01 6.1567E-01 2.9168E-02   656
 8.0000E-02 3.0101E-01 2.8083E+00 1.5559E+00 1.2524E+00  6.4507E-01 6.1452E-01 2.9112E-02   656
 8.0000E-02 3.0203E-01 2.8054E+00 1.5572E+00 1.2482E+00  6.4441E-01 6.1331E-01 2.9064E-02   656
 8.0000E-02 3.0305E-01 2.8025E+00 1.5586E+00 1.2439E+00  6.4375E-01 6.1209E-01 2.8999E-02   656
 8.0000E-02 3.0408E-01 2.7994E+00 1.5599E+00 1.2396E+00  6.4309E-01 6.1086E-01 2.8913E-02   656
 8.0000E-02 3.0512E-01 2.7963E+00 1.5612E+00 1.2352E+00  6.4244E-01 6.0961E-01 2.8809E-02   656
 8.0000E-02 3.0616E-01 2.7931E+00 1.5624E+00 1.2307E+00  6.4177E-01 6.0835E-01 2.8686E-02   656
 8.0000E-02 3.0722E-01 2.7898E+00 1.5637E+00 1.2262E+00  6.4112E-01 6.0709E-01 2.8545E-02   656
 8.0000E-02 3.0828E-01 2.7866E+00 1.5649E+00 1.2217E+00  6.4045E-01 6.0580E-01 2.8389E-02   656
 8.0000E-02 3.0934E-01 2.7835E+00 1.5661E+00 1.2173E+00  6.3975E-01 6.0450E-01 2.8227E-02   656
 8.0000E-02 3.1042E-01 2.7803E+00 1.5673E+00 1.2130E+00  6.3905E-01 6.0318E-01 2.8049E-02   656
 8.0000E-02 3.1150E-01 2.7769E+00 1.5687E+00 1.2083E+00  6.3846E-01 6.0190E-01 2.7831E-02   656
 8.0000E-02 3.1259E-01 2.7734E+00 1.5701E+00 1.2034E+00  6.3790E-01 6.0061E-01 2.7590E-02   656
 8.0000E-02 3.1368E-01 2.7699E+00 1.5714E+00 1.1985E+00  6.3732E-01 5.9931E-01 2.7335E-02   656
 8.0000E-02 3.1479E-01 2.7663E+00 1.5727E+00 1.1936E+00  6.3673E-01 5.9800E-01 2.7068E-02   656
 8.0000E-02 3.1590E-01 2.7627E+00 1.5740E+00 1.1887E+00  6.3612E-01 5.9666E-01 2.6789E-02   656
 8.0000E-02 3.1702E-01 2.7590E+00 1.5752E+00 1.1838E+00  6.3550E-01 5.9532E-01 2.6498E-02   656
 8.0000E-02 3.1815E-01 2.7551E+00 1.5764E+00 1.1787E+00  6.3486E-01 5.9396E-01 2.6193E-02   656
 8.0000E-02 3.1929E-01 2.7511E+00 1.5775E+00 1.1736E+00  6.3421E-01 5.9258E-01 2.5876E-02   656
 8.0000E-02 3.2043E-01 2.7470E+00 1.5786E+00 1.1684E+00  6.3352E-01 5.9118E-01 2.5548E-02   656
 8.0000E-02 3.2158E-01 2.7432E+00 1.5791E+00 1.1640E+00  6.3257E-01 5.8969E-01 2.5266E-02   657
 8.0000E-02 3.2274E-01 2.7391E+00 1.5797E+00 1.1595E+00  6.3161E-01 5.8818E-01 2.4970E-02   657
 8.0000E-02 3.2391E-01 2.7350E+00 1.5802E+00 1.1548E+00  6.3073E-01 5.8678E-01 2.4659E-02   602
 8.0000E-02 3.2509E-01 2.7306E+00 1.5806E+00 1.1500E+00  6.2976E-01 5.8526E-01 2.4336E-02   602
 8.0000E-02 3.2628E-01 2.7261E+00 1.5809E+00 1.1452E+00  6.2879E-01 5.8374E-01 2.4000E-02   602
 8.0000E-02 3.2747E-01 2.7209E+00 1.5811E+00 1.1398E+00  6.2786E-01 5.8222E-01 2.3635E-02   602
 8.0000E-02 3.2868E-01 2.7157E+00 1.5813E+00 1.1344E+00  6.2692E-01 5.8070E-01 2.3265E-02   602
 8.0000E-02 3.2989E-01 2.7104E+00 1.5813E+00 1.1291E+00  6.2596E-01 5.7917E-01 2.2891E-02   602
 8.0000E-02 3.3111E-01 2.7051E+00 1.5812E+00 1.1239E+00  6.2497E-01 5.7764E-01 2.2514E-02   602
 8.0000E-02 3.3234E-01 2.6995E+00 1.5813E+00 1.1182E+00  6.2414E-01 5.7615E-01 2.2099E-02   603
 8.0000E-02 3.3358E-01 2.6937E+00 1.5814E+00 1.1123E+00  6.2337E-01 5.7467E-01 2.1661E-02   603
 8.0000E-02 3.3483E-01 2.6879E+00 1.5815E+00 1.1064E+00  6.2260E-01 5.7320E-01 2.1220E-02   603
 8.0000E-02 3.3609E-01 2.6823E+00 1.5814E+00 1.1009E+00  6.2180E-01 5.7172E-01 2.0786E-02   603
 8.0000E-02 3.3736E-01 2.6773E+00 1.5814E+00 1.0959E+00  6.2097E-01 5.7022E-01 2.0362E-02   604
 8.0000E-02 3.3864E-01 2.6726E+00 1.5814E+00 1.0912E+00  6.2010E-01 5.6871E-01 1.9947E-02   604
 8.0000E-02 3.3992E-01 2.6681E+00 1.5813E+00 1.0868E+00  6.1920E-01 5.6718E-01 1.9538E-02   604
 8.0000E-02 3.4122E-01 2.6640E+00 1.5812E+00 1.0827E+00  6.1827E-01 5.6565E-01 1.9135E-02   604
 8.0000E-02 3.4253E-01 2.6602E+00 1.5811E+00 1.0790E+00  6.1730E-01 5.6410E-01 1.8740E-02   604
 8.0000E-02 3.4385E-01 2.6565E+00 1.5810E+00 1.0755E+00  6.1632E-01 5.6254E-01 1.8341E-02   604
 8.0000E-02 3.4517E-01 2.6534E+00 1.5808E+00 1.0726E+00  6.1524E-01 5.6096E-01 1.7967E-02   604
 8.0000E-02 3.4651E-01 2.6511E+00 1.5807E+00 1.0704E+00  6.1405E-01 5.5934E-01 1.7619E-02   605
 8.0000E-02 3.4786E-01 2.6494E+00 1.5806E+00 1.0688E+00  6.1276E-01 5.5770E-01 1.7292E-02   605
 8.0000E-02 3.4922E-01 2.6483E+00 1.5805E+00 1.0678E+00  6.1136E-01 5.5601E-01 1.6989E-02   605
 8.0000E-02 3.5059E-01 2.6479E+00 1.5804E+00 1.0675E+00  6.0985E-01 5.5431E-01 1.6709E-02   605
 8.0000E-02 3.5197E-01 2.6481E+00 1.5802E+00 1.0679E+00  6.0824E-01 5.5258E-01 1.6453E-02   605
 8.0000E-02 3.5336E-01 2.6491E+00 1.5802E+00 1.0689E+00  6.0652E-01 5.5082E-01 1.6220E-02   606
 8.0000E-02 3.5476E-01 2.6511E+00 1.5801E+00 1.0710E+00  6.0461E-01 5.4901E-01 1.6031E-02   606
 8.0000E-02 3.5618E-01 2.6544E+00 1.5802E+00 1.0743E+00  6.0251E-01 5.4717E-01 1.5891E-02   606
 8.0000E-02 3.5760E-01 2.6584E+00 1.5802E+00 1.0782E+00  6.0040E-01 5.4542E-01 1.5774E-02   551
 8.0000E-02 3.5904E-01 2.6631E+00 1.5803E+00 1.0828E+00  5.9809E-01 5.4354E-01 1.5680E-02   551
 8.0000E-02 3.6048E-01 2.6684E+00 1.5804E+00 1.0880E+00  5.9568E-01 5.4163E-01 1.5607E-02   551
 8.0000E-02 3.6194E-01 2.6745E+00 1.5806E+00 1.0939E+00  5.9318E-01 5.3971E-01 1.5558E-02   551
 8.0000E-02 3.6341E-01 2.6814E+00 1.5809E+00 1.1005E+00  5.9057E-01 5.3777E-01 1.5531E-02   551
 8.0000E-02 3.6490E-01 2.6889E+00 1.5812E+00 1.1077E+00  5.8787E-01 5.3581E-01 1.5524E-02   551
 8.0000E-02 3.6639E-01 2.6971E+00 1.5816E+00 1.1156E+00  5.8507E-01 5.3385E-01 1.5543E-02   551
 8.0000E-02 3.6790E-01 2.7061E+00 1.5820E+00 1.1242E+00  5.8219E-01 5.3187E-01 1.5583E-02   551
 8.0000E-02 3.6942E-01 2.7159E+00 1.5826E+00 1.1333E+00  5.7926E-01 5.2989E-01 1.5639E-02   551
 8.0000E-02 3.7095E-01 2.7262E+00 1.5832E+00 1.1430E+00  5.7626E-01 5.2790E-01 1.5710E-02   551
 8.0000E-02 3.7250E-01 2.7371E+00 1.5839E+00 1.1532E+00  5.7320E-01 5.2591E-01 1.5793E-02   551
 8.0000E-02 3.7406E-01 2.7485E+00 1.5847E+00 1.1639E+00  5.7010E-01 5.2391E-01 1.5888E-02   552
 8.0000E-02 3.7563E-01 2.7605E+00 1.5855E+00 1.1749E+00  5.6695E-01 5.2191E-01 1.5993E-02   552
 8.0000E-02 3.7722E-01 2.7729E+00 1.5864E+00 1.1865E+00  5.6375E-01 5.1992E-01 1.6111E-02   552
 8.0000E-02 3.7881E-01 2.7859E+00 1.5874E+00 1.1985E+00  5.6051E-01 5.1792E-01 1.6238E-02   552
 8.0000E-02 3.8043E-01 2.7994E+00 1.5884E+00 1.2110E+00  5.5723E-01 5.1592E-01 1.6378E-02   552
 8.0000E-02 3.8205E-01 2.8132E+00 1.5895E+00 1.2237E+00  5.5394E-01 5.1392E-01 1.6513E-02   552
 8.0000E-02 3.8369E-01 2.8266E+00 1.5906E+00 1.2360E+00  5.5068E-01 5.1193E-01 1.6630E-02   552
 8.0000E-02 3.8534E-01 2.8407E+00 1.5918E+00 1.2489E+00  5.4737E-01 5.0994E-01 1.6762E-02   552
 8.0000E-02 3.8701E-01 2.8553E+00 1.5930E+00 1.2623E+00  5.4401E-01 5.0795E-01 1.6907E-02   552
 8.0000E-02 3.8870E-01 2.8705E+00 1.5943E+00 1.2763E+00  5.4059E-01 5.0596E-01 1.7067E-02   552
 8.0000E-02 3.9039E-01 2.8864E+00 1.5956E+00 1.2908E+00  5.3713E-01 5.0396E-01 1.7243E-02   552
 8.0000E-02 3.9211E-01 2.9029E+00 1.5970E+00 1.3059E+00  5.3363E-01 5.0197E-01 1.7434E-02   552
 8.0000E-02 3.9383E-01 2.9200E+00 1.5985E+00 1.3215E+00  5.3010E-01 4.9998E-01 1.7637E-02   552
 8.0000E-02 3.9558E-01 2.9378E+00 1.6001E+00 1.3377E+00  5.2652E-01 4.9799E-01 1.7857E-02   552
 8.0000E-02 3.9733E-01 2.9563E+00 1.6017E+00 1.3546E+00  5.2290E-01 4.9600E-01 1.8094E-02   552
 8.0000E-02 3.9911E-01 2.9763E+00 1.6034E+00 1.3730E+00  5.1918E-01 4.9401E-01 1.8378E-02   552
 8.0000E-02 4.0090E-01 2.9973E+00 1.6052E+00 1.3921E+00  5.1555E-01 4.9214E-01 1.8680E-02   499
 8.0000E-02 4.0270E-01 3.0191E+00 1.6071E+00 1.4120E+00  5.1178E-01 4.9016E-01 1.8998E-02   499
 8.0000E-02 4.0452E-01 3.0418E+00 1.6091E+00 1.4327E+00  5.0798E-01 4.8817E-01 1.9334E-02   499
 8.0000E-02 4.0636E-01 3.0655E+00 1.6113E+00 1.4542E+00  5.0416E-01 4.8618E-01 1.9685E-02   499
 8.0000E-02 4.0822E-01 3.0902E+00 1.6136E+00 1.4766E+00  5.0032E-01 4.8420E-01 2.0051E-02   499
 8.0000E-02 4.1009E-01 3.1160E+00 1.6161E+00 1.4999E+00  4.9646E-01 4.8222E-01 2.0430E-02   499
 8.0000E-02 4.1198E-01 3.1429E+00 1.6188E+00 1.5241E+00  4.9260E-01 4.8024E-01 2.0818E-02   499
 8.0000E-02 4.1389E-01 3.1705E+00 1.6217E+00 1.5488E+00  4.8874E-01 4.7826E-01 2.1205E-02   499
 8.0000E-02 4.1581E-01 3.1987E+00 1.6249E+00 1.5737E+00  4.8491E-01 4.7629E-01 2.1576E-02   500
 8.0000E-02 4.1776E-01 3.2279E+00 1.6284E+00 1.5995E+00  4.8108E-01 4.7431E-01 2.1953E-02   500
 8.0000E-02 4.1972E-01 3.2581E+00 1.6321E+00 1.6260E+00  4.7724E-01 4.7233E-01 2.2327E-02   501
 8.0000E-02 4.2170E-01 3.2892E+00 1.6362E+00 1.6530E+00  4.7342E-01 4.7036E-01 2.2689E-02   501
 8.0000E-02 4.2370E-01 3.3210E+00 1.6406E+00 1.6804E+00  4.6964E-01 4.6839E-01 2.3026E-02   501
 8.0000E-02 4.2571E-01 3.3533E+00 1.6453E+00 1.7080E+00  4.6593E-01 4.6643E-01 2.3322E-02   501
 8.0000E-02 4.2775E-01 3.3862E+00 1.6505E+00 1.7357E+00  4.6231E-01 4.6448E-01 2.3561E-02   501
 8.0000E-02 4.2981E-01 3.4196E+00 1.6562E+00 1.7634E+00  4.5882E-01 4.6254E-01 2.3724E-02   501
 8.0000E-02 4.3188E-01 3.4541E+00 1.6623E+00 1.7918E+00  4.5545E-01 4.6061E-01 2.3812E-02   501
 8.0000E-02 4.3398E-01 3.4896E+00 1.6690E+00 1.8205E+00  4.5224E-01 4.5869E-01 2.3803E-02   501
 8.0000E-02 4.3610E-01 3.5255E+00 1.6764E+00 1.8491E+00  4.4920E-01 4.5678E-01 2.3678E-02   501
 8.0000E-02 4.3824E-01 3.5618E+00 1.6843E+00 1.8776E+00  4.4632E-01 4.5488E-01 2.3436E-02   501
 8.0000E-02 4.4039E-01 3.5987E+00 1.6927E+00 1.9060E+00  4.4358E-01 4.5298E-01 2.3085E-02   501
 8.0000E-02 4.4257E-01 3.6359E+00 1.7016E+00 1.9344E+00  4.4096E-01 4.5108E-01 2.2637E-02   501
 8.0000E-02 4.4478E-01 3.6734E+00 1.7109E+00 1.9626E+00  4.3841E-01 4.4918E-01 2.2107E-02   501
 8.0000E-02 4.4700E-01 3.7110E+00 1.7204E+00 1.9906E+00  4.3590E-01 4.4727E-01 2.1518E-02   501
 8.0000E-02 4.4925E-01 3.7484E+00 1.7301E+00 2.0184E+00  4.3338E-01 4.4535E-01 2.0896E-02   501
 8.0000E-02 4.5152E-01 3.7847E+00 1.7397E+00 2.0450E+00  4.3081E-01 4.4343E-01 2.0255E-02   501
 8.0000E-02 4.5381E-01 3.8186E+00 1.7493E+00 2.0693E+00  4.2818E-01 4.4151E-01 1.9603E-02   501
 8.0000E-02 4.5612E-01 3.8519E+00 1.7586E+00 2.0933E+00  4.2555E-01 4.3973E-01 1.9021E-02   452
 8.0000E-02 4.5846E-01 3.8845E+00 1.7673E+00 2.1172E+00  4.2260E-01 4.3781E-01 1.8545E-02   452
 8.0000E-02 4.6082E-01 3.9160E+00 1.7754E+00 2.1406E+00  4.1943E-01 4.3590E-01 1.8207E-02   452
 8.0000E-02 4.6321E-01 3.9464E+00 1.7827E+00 2.1637E+00  4.1601E-01 4.3401E-01 1.8042E-02   452
 8.0000E-02 4.6563E-01 3.9753E+00 1.7890E+00 2.1863E+00  4.1232E-01 4.3214E-01 1.8074E-02   452
 8.0000E-02 4.6806E-01 4.0029E+00 1.7944E+00 2.2085E+00  4.0837E-01 4.3030E-01 1.8324E-02   452
 8.0000E-02 4.7053E-01 4.0290E+00 1.7988E+00 2.2302E+00  4.0414E-01 4.2850E-01 1.8808E-02   452
 8.0000E-02 4.7302E-01 4.0539E+00 1.8016E+00 2.2523E+00  3.9957E-01 4.2675E-01 1.9597E-02   452
 8.0000E-02 4.7553E-01 4.0782E+00 1.8034E+00 2.2748E+00  3.9477E-01 4.2507E-01 2.0641E-02   452
 8.0000E-02 4.7807E-01 4.1021E+00 1.8046E+00 2.2975E+00  3.8983E-01 4.2346E-01 2.1885E-02   452
 8.0000E-02 4.8065E-01 4.1261E+00 1.8055E+00 2.3205E+00  3.8480E-01 4.2191E-01 2.3306E-02   452
 8.0000E-02 4.8324E-01 4.1504E+00 1.8063E+00 2.3442E+00  3.7973E-01 4.2042E-01 2.4881E-02   452
 8.0000E-02 4.8587E-01 4.1756E+00 1.8070E+00 2.3686E+00  3.7467E-01 4.1900E-01 2.6582E-02   452
 8.0000E-02 4.8852E-01 4.2020E+00 1.8078E+00 2.3942E+00  3.6967E-01 4.1765E-01 2.8379E-02   452
 8.0000E-02 4.9121E-01 4.2302E+00 1.8090E+00 2.4213E+00  3.6477E-01 4.1635E-01 3.0246E-02   452
 8.0000E-02 4.9392E-01 4.2608E+00 1.8105E+00 2.4503E+00  3.6003E-01 4.1511E-01 3.2152E-02   452
 8.0000E-02 4.9667E-01 4.2972E+00 1.8132E+00 2.4840E+00  3.5566E-01 4.1392E-01 3.3974E-02   452
 8.0000E-02 4.9944E-01 4.3447E+00 1.8178E+00 2.5270E+00  3.5194E-01 4.1274E-01 3.5530E-02   452
 8.0000E-02 5.0225E-01 4.3959E+00 1.8225E+00 2.5734E+00  3.4835E-01 4.1154E-01 3.7090E-02   452
 8.0000E-02 5.0508E-01 4.4508E+00 1.8270E+00 2.6238E+00  3.4482E-01 4.1030E-01 3.8703E-02   452
 8.0000E-02 5.0795E-01 4.5091E+00 1.8306E+00 2.6786E+00  3.4123E-01 4.0900E-01 4.0444E-02   452
 8.0000E-02 5.1086E-01 4.5706E+00 1.8325E+00 2.7381E+00  3.3745E-01 4.0762E-01 4.2418E-02   452
 8.0000E-02 5.1379E-01 4.6342E+00 1.8317E+00 2.8025E+00  3.3332E-01 4.0615E-01 4.4773E-02   453
 8.0000E-02 5.1676E-01 4.6988E+00 1.8271E+00 2.8717E+00  3.2864E-01 4.0458E-01 4.7694E-02   453
 8.0000E-02 5.1977E-01 4.7627E+00 1.8171E+00 2.9457E+00  3.2321E-01 4.0291E-01 5.1407E-02   453
 8.0000E-02 5.2281E-01 4.8104E+00 1.7988E+00 3.0115E+00  3.1608E-01 4.0114E-01 5.6588E-02   453
 8.0000E-02 5.2588E-01 4.8432E+00 1.7734E+00 3.0698E+00  3.0757E-01 3.9939E-01 6.3166E-02   453
 8.0000E-02 5.2899E-01 4.8682E+00 1.7417E+00 3.1265E+00  2.9826E-01 3.9783E-01 7.0943E-02   407
 8.0000E-02 5.3214E-01 4.8850E+00 1.7039E+00 3.1811E+00  2.8795E-01 3.9621E-01 7.9944E-02   407
 8.0000E-02 5.3533E-01 4.8933E+00 1.6603E+00 3.2330E+00  2.7682E-01 3.9470E-01 9.0154E-02   407
 8.0000E-02 5.3855E-01 4.8932E+00 1.6115E+00 3.2817E+00  2.6497E-01 3.9330E-01 1.0152E-01   407
 8.0000E-02 5.4182E-01 4.8848E+00 1.5583E+00 3.3265E+00  2.5251E-01 3.9204E-01 1.1393E-01   407
 8.0000E-02 5.4512E-01 4.8686E+00 1.5015E+00 3.3671E+00  2.3955E-01 3.9093E-01 1.2725E-01   407
 8.0000E-02 5.4847E-01 4.8450E+00 1.4423E+00 3.4028E+00  2.2623E-01 3.8996E-01 1.4130E-01   408
 8.0000E-02 5.5185E-01 4.8205E+00 1.3827E+00 3.4378E+00  2.1304E-01 3.8918E-01 1.5573E-01   408
 8.0000E-02 5.5528E-01 4.7920E+00 1.3223E+00 3.4697E+00  1.9978E-01 3.8855E-01 1.7057E-01   408
 8.0000E-02 5.5875E-01 4.7600E+00 1.2622E+00 3.4979E+00  1.8656E-01 3.8805E-01 1.8564E-01   408
 8.0000E-02 5.6226E-01 4.7254E+00 1.2033E+00 3.5221E+00  1.7351E-01 3.8768E-01 2.0070E-01   408
 8.0000E-02 5.6582E-01 4.6891E+00 1.1470E+00 3.5421E+00  1.6075E-01 3.8745E-01 2.1555E-01   408
 8.0000E-02 5.6943E-01 4.6522E+00 1.0943E+00 3.5579E+00  1.4841E-01 3.8734E-01 2.2997E-01   408
 8.0000E-02 5.7308E-01 4.6160E+00 1.0462E+00 3.5698E+00  1.3661E-01 3.8735E-01 2.4380E-01   408
 8.0000E-02 5.7677E-01 4.5814E+00 1.0032E+00 3.5782E+00  1.2543E-01 3.8747E-01 2.5694E-01   408
 8.0000E-02 5.8052E-01 4.5498E+00 9.6575E-01 3.5841E+00  1.1496E-01 3.8769E-01 2.6927E-01   408
 8.0000E-02 5.8431E-01 4.5207E+00 9.3416E-01 3.5866E+00  1.0521E-01 3.8799E-01 2.8067E-01   408
 8.0000E-02 5.8816E-01 4.4948E+00 9.0814E-01 3.5866E+00  9.6197E-02 3.8834E-01 2.9111E-01   408
 8.0000E-02 5.9205E-01 4.4721E+00 8.8725E-01 3.5849E+00  8.7939E-02 3.8873E-01 3.0056E-01   408
 8.0000E-02 5.9600E-01 4.4505E+00 8.7200E-01 3.5785E+00  8.0375E-02 3.8913E-01 3.0879E-01   408
 8.0000E-02 6.0000E-01 4.4281E+00 8.6311E-01 3.5650E+00  7.3460E-02 3.8952E-01 3.1559E-01   408
