 DDSCAT --- DDSCAT 7.3.3 [22.01.20]   
 TARGET --->TARGSPHER  spherical target with explicit spacing                 
 GPFAFT --- method of solution 
 FLTRCD --- prescription for polarizabilities
 FROM_FILE --- shape 
    4169 = NAT0 = number of dipoles
 ../../diel/Pena-Rioux_dielectric_26Au_74Ag                  
 ../../diel/Pena-Rioux_dielectric_65Au_35Ag                  
 ../../diel/Pena-Rioux_dielectric_92Au_8Ag                   
   0.000   0.000 = beta_min, beta_max ;  NBETA = 1
   0.000   0.000 = theta_min, theta_max; NTHETA= 1
   0.000   0.000 = phi_min, phi_max   ;   NPHI = 1
 0.5000 = ETASCA (param. controlling # of scatt. dirs used to calculate <cos> etc.
 Results averaged over    1 target orientations
                   and  2 incident polarizations
   aeff       wave       Q_ext     Q_abs      Q_sca     g(1)=<cos>  <cos^2>    Q_bk       Nsca
 8.0000E-02 3.0000E-01 2.8219E+00 1.5543E+00 1.2675E+00  6.4381E-01 6.1518E-01 2.9996E-02   656
 8.0000E-02 3.0101E-01 2.8192E+00 1.5561E+00 1.2632E+00  6.4328E-01 6.1404E-01 2.9955E-02   656
 8.0000E-02 3.0203E-01 2.8165E+00 1.5578E+00 1.2587E+00  6.4277E-01 6.1289E-01 2.9890E-02   656
 8.0000E-02 3.0305E-01 2.8136E+00 1.5594E+00 1.2541E+00  6.4226E-01 6.1173E-01 2.9804E-02   656
 8.0000E-02 3.0408E-01 2.8106E+00 1.5611E+00 1.2495E+00  6.4177E-01 6.1057E-01 2.9694E-02   656
 8.0000E-02 3.0512E-01 2.8074E+00 1.5628E+00 1.2447E+00  6.4128E-01 6.0939E-01 2.9562E-02   656
 8.0000E-02 3.0616E-01 2.8042E+00 1.5644E+00 1.2398E+00  6.4082E-01 6.0821E-01 2.9407E-02   656
 8.0000E-02 3.0722E-01 2.8008E+00 1.5661E+00 1.2347E+00  6.4036E-01 6.0702E-01 2.9230E-02   656
 8.0000E-02 3.0828E-01 2.7974E+00 1.5677E+00 1.2297E+00  6.3991E-01 6.0583E-01 2.9033E-02   656
 8.0000E-02 3.0934E-01 2.7941E+00 1.5693E+00 1.2248E+00  6.3945E-01 6.0461E-01 2.8826E-02   656
 8.0000E-02 3.1042E-01 2.7907E+00 1.5710E+00 1.2197E+00  6.3899E-01 6.0339E-01 2.8598E-02   656
 8.0000E-02 3.1150E-01 2.7871E+00 1.5725E+00 1.2146E+00  6.3854E-01 6.0215E-01 2.8351E-02   656
 8.0000E-02 3.1259E-01 2.7835E+00 1.5741E+00 1.2094E+00  6.3811E-01 6.0091E-01 2.8082E-02   656
 8.0000E-02 3.1368E-01 2.7797E+00 1.5757E+00 1.2040E+00  6.3768E-01 5.9967E-01 2.7794E-02   656
 8.0000E-02 3.1479E-01 2.7758E+00 1.5773E+00 1.1986E+00  6.3726E-01 5.9840E-01 2.7486E-02   656
 8.0000E-02 3.1590E-01 2.7718E+00 1.5788E+00 1.1930E+00  6.3685E-01 5.9714E-01 2.7160E-02   656
 8.0000E-02 3.1702E-01 2.7677E+00 1.5803E+00 1.1874E+00  6.3645E-01 5.9587E-01 2.6814E-02   656
 8.0000E-02 3.1815E-01 2.7633E+00 1.5818E+00 1.1814E+00  6.3607E-01 5.9460E-01 2.6446E-02   656
 8.0000E-02 3.1929E-01 2.7586E+00 1.5833E+00 1.1753E+00  6.3569E-01 5.9332E-01 2.6058E-02   656
 8.0000E-02 3.2043E-01 2.7538E+00 1.5847E+00 1.1691E+00  6.3533E-01 5.9203E-01 2.5652E-02   656
 8.0000E-02 3.2158E-01 2.7487E+00 1.5861E+00 1.1626E+00  6.3498E-01 5.9074E-01 2.5227E-02   657
 8.0000E-02 3.2274E-01 2.7434E+00 1.5874E+00 1.1560E+00  6.3463E-01 5.8944E-01 2.4786E-02   657
 8.0000E-02 3.2391E-01 2.7379E+00 1.5887E+00 1.1492E+00  6.3439E-01 5.8825E-01 2.4327E-02   602
 8.0000E-02 3.2509E-01 2.7322E+00 1.5899E+00 1.1423E+00  6.3406E-01 5.8694E-01 2.3855E-02   602
 8.0000E-02 3.2628E-01 2.7262E+00 1.5911E+00 1.1352E+00  6.3374E-01 5.8564E-01 2.3368E-02   602
 8.0000E-02 3.2747E-01 2.7193E+00 1.5920E+00 1.1273E+00  6.3349E-01 5.8434E-01 2.2841E-02   602
 8.0000E-02 3.2868E-01 2.7123E+00 1.5929E+00 1.1194E+00  6.3323E-01 5.8303E-01 2.2310E-02   602
 8.0000E-02 3.2989E-01 2.7052E+00 1.5936E+00 1.1116E+00  6.3295E-01 5.8172E-01 2.1775E-02   602
 8.0000E-02 3.3111E-01 2.6980E+00 1.5943E+00 1.1037E+00  6.3265E-01 5.8039E-01 2.1237E-02   602
 8.0000E-02 3.3234E-01 2.6907E+00 1.5948E+00 1.0959E+00  6.3232E-01 5.7904E-01 2.0701E-02   603
 8.0000E-02 3.3358E-01 2.6834E+00 1.5952E+00 1.0882E+00  6.3196E-01 5.7768E-01 2.0165E-02   603
 8.0000E-02 3.3483E-01 2.6759E+00 1.5955E+00 1.0805E+00  6.3157E-01 5.7631E-01 1.9632E-02   603
 8.0000E-02 3.3609E-01 2.6687E+00 1.5956E+00 1.0731E+00  6.3112E-01 5.7490E-01 1.9109E-02   603
 8.0000E-02 3.3736E-01 2.6619E+00 1.5955E+00 1.0663E+00  6.3055E-01 5.7345E-01 1.8609E-02   604
 8.0000E-02 3.3864E-01 2.6554E+00 1.5954E+00 1.0600E+00  6.2989E-01 5.7196E-01 1.8127E-02   604
 8.0000E-02 3.3992E-01 2.6493E+00 1.5951E+00 1.0542E+00  6.2914E-01 5.7044E-01 1.7665E-02   604
 8.0000E-02 3.4122E-01 2.6437E+00 1.5947E+00 1.0490E+00  6.2827E-01 5.6887E-01 1.7224E-02   604
 8.0000E-02 3.4253E-01 2.6384E+00 1.5942E+00 1.0442E+00  6.2729E-01 5.6727E-01 1.6805E-02   604
 8.0000E-02 3.4385E-01 2.6337E+00 1.5936E+00 1.0401E+00  6.2618E-01 5.6562E-01 1.6410E-02   604
 8.0000E-02 3.4517E-01 2.6297E+00 1.5929E+00 1.0369E+00  6.2491E-01 5.6393E-01 1.6049E-02   604
 8.0000E-02 3.4651E-01 2.6267E+00 1.5921E+00 1.0345E+00  6.2346E-01 5.6217E-01 1.5727E-02   605
 8.0000E-02 3.4786E-01 2.6244E+00 1.5913E+00 1.0330E+00  6.2186E-01 5.6038E-01 1.5435E-02   605
 8.0000E-02 3.4922E-01 2.6228E+00 1.5906E+00 1.0322E+00  6.2013E-01 5.5854E-01 1.5171E-02   605
 8.0000E-02 3.5059E-01 2.6220E+00 1.5897E+00 1.0323E+00  6.1825E-01 5.5667E-01 1.4938E-02   605
 8.0000E-02 3.5197E-01 2.6221E+00 1.5889E+00 1.0332E+00  6.1621E-01 5.5476E-01 1.4739E-02   605
 8.0000E-02 3.5336E-01 2.6230E+00 1.5881E+00 1.0350E+00  6.1402E-01 5.5281E-01 1.4571E-02   606
 8.0000E-02 3.5476E-01 2.6251E+00 1.5873E+00 1.0378E+00  6.1170E-01 5.5084E-01 1.4441E-02   606
 8.0000E-02 3.5618E-01 2.6280E+00 1.5867E+00 1.0413E+00  6.0925E-01 5.4885E-01 1.4336E-02   606
 8.0000E-02 3.5760E-01 2.6318E+00 1.5862E+00 1.0456E+00  6.0679E-01 5.4696E-01 1.4260E-02   551
 8.0000E-02 3.5904E-01 2.6364E+00 1.5858E+00 1.0507E+00  6.0412E-01 5.4493E-01 1.4209E-02   551
 8.0000E-02 3.6048E-01 2.6420E+00 1.5855E+00 1.0565E+00  6.0136E-01 5.4290E-01 1.4184E-02   551
 8.0000E-02 3.6194E-01 2.6484E+00 1.5853E+00 1.0631E+00  5.9849E-01 5.4084E-01 1.4186E-02   551
 8.0000E-02 3.6341E-01 2.6558E+00 1.5852E+00 1.0706E+00  5.9553E-01 5.3879E-01 1.4213E-02   551
 8.0000E-02 3.6490E-01 2.6639E+00 1.5854E+00 1.0786E+00  5.9254E-01 5.3674E-01 1.4253E-02   551
 8.0000E-02 3.6639E-01 2.6728E+00 1.5857E+00 1.0871E+00  5.8948E-01 5.3468E-01 1.4312E-02   551
 8.0000E-02 3.6790E-01 2.6823E+00 1.5861E+00 1.0963E+00  5.8637E-01 5.3263E-01 1.4387E-02   551
 8.0000E-02 3.6942E-01 2.6927E+00 1.5867E+00 1.1060E+00  5.8321E-01 5.3058E-01 1.4477E-02   551
 8.0000E-02 3.7095E-01 2.7037E+00 1.5874E+00 1.1163E+00  5.8000E-01 5.2853E-01 1.4582E-02   551
 8.0000E-02 3.7250E-01 2.7156E+00 1.5884E+00 1.1272E+00  5.7677E-01 5.2649E-01 1.4700E-02   551
 8.0000E-02 3.7406E-01 2.7279E+00 1.5895E+00 1.1384E+00  5.7352E-01 5.2446E-01 1.4824E-02   552
 8.0000E-02 3.7563E-01 2.7408E+00 1.5907E+00 1.1501E+00  5.7025E-01 5.2243E-01 1.4952E-02   552
 8.0000E-02 3.7722E-01 2.7543E+00 1.5921E+00 1.1622E+00  5.6695E-01 5.2041E-01 1.5090E-02   552
 8.0000E-02 3.7881E-01 2.7683E+00 1.5936E+00 1.1747E+00  5.6364E-01 5.1839E-01 1.5232E-02   552
 8.0000E-02 3.8043E-01 2.7830E+00 1.5953E+00 1.1877E+00  5.6032E-01 5.1638E-01 1.5380E-02   552
 8.0000E-02 3.8205E-01 2.7981E+00 1.5972E+00 1.2010E+00  5.5699E-01 5.1438E-01 1.5530E-02   552
 8.0000E-02 3.8369E-01 2.8137E+00 1.5991E+00 1.2146E+00  5.5364E-01 5.1238E-01 1.5682E-02   552
 8.0000E-02 3.8534E-01 2.8298E+00 1.6012E+00 1.2286E+00  5.5029E-01 5.1039E-01 1.5835E-02   552
 8.0000E-02 3.8701E-01 2.8463E+00 1.6034E+00 1.2429E+00  5.4694E-01 5.0841E-01 1.5989E-02   552
 8.0000E-02 3.8870E-01 2.8633E+00 1.6058E+00 1.2575E+00  5.4357E-01 5.0643E-01 1.6143E-02   552
 8.0000E-02 3.9039E-01 2.8808E+00 1.6082E+00 1.2725E+00  5.4019E-01 5.0445E-01 1.6298E-02   552
 8.0000E-02 3.9211E-01 2.8986E+00 1.6108E+00 1.2878E+00  5.3681E-01 5.0248E-01 1.6453E-02   552
 8.0000E-02 3.9383E-01 2.9169E+00 1.6134E+00 1.3035E+00  5.3341E-01 5.0051E-01 1.6611E-02   552
 8.0000E-02 3.9558E-01 2.9356E+00 1.6162E+00 1.3195E+00  5.2998E-01 4.9854E-01 1.6771E-02   552
 8.0000E-02 3.9733E-01 2.9548E+00 1.6190E+00 1.3358E+00  5.2654E-01 4.9658E-01 1.6934E-02   552
 8.0000E-02 3.9911E-01 2.9744E+00 1.6218E+00 1.3526E+00  5.2308E-01 4.9461E-01 1.7101E-02   552
 8.0000E-02 4.0090E-01 2.9944E+00 1.6248E+00 1.3697E+00  5.1971E-01 4.9278E-01 1.7272E-02   499
 8.0000E-02 4.0270E-01 3.0149E+00 1.6277E+00 1.3872E+00  5.1619E-01 4.9082E-01 1.7454E-02   499
 8.0000E-02 4.0452E-01 3.0360E+00 1.6307E+00 1.4053E+00  5.1263E-01 4.8886E-01 1.7643E-02   499
 8.0000E-02 4.0636E-01 3.0575E+00 1.6337E+00 1.4238E+00  5.0904E-01 4.8689E-01 1.7843E-02   499
 8.0000E-02 4.0822E-01 3.0797E+00 1.6368E+00 1.4428E+00  5.0542E-01 4.8493E-01 1.8051E-02   499
 8.0000E-02 4.1009E-01 3.1024E+00 1.6400E+00 1.4624E+00  5.0176E-01 4.8296E-01 1.8267E-02   499
 8.0000E-02 4.1198E-01 3.1257E+00 1.6432E+00 1.4826E+00  4.9807E-01 4.8099E-01 1.8495E-02   499
 8.0000E-02 4.1389E-01 3.1498E+00 1.6464E+00 1.5033E+00  4.9435E-01 4.7902E-01 1.8731E-02   499
 8.0000E-02 4.1581E-01 3.1745E+00 1.6498E+00 1.5247E+00  4.9061E-01 4.7706E-01 1.8970E-02   500
 8.0000E-02 4.1776E-01 3.1998E+00 1.6534E+00 1.5465E+00  4.8686E-01 4.7509E-01 1.9205E-02   500
 8.0000E-02 4.1972E-01 3.2257E+00 1.6571E+00 1.5687E+00  4.8312E-01 4.7313E-01 1.9432E-02   501
 8.0000E-02 4.2170E-01 3.2522E+00 1.6610E+00 1.5913E+00  4.7940E-01 4.7117E-01 1.9645E-02   501
 8.0000E-02 4.2370E-01 3.2793E+00 1.6651E+00 1.6142E+00  4.7573E-01 4.6922E-01 1.9830E-02   501
 8.0000E-02 4.2571E-01 3.3068E+00 1.6695E+00 1.6373E+00  4.7212E-01 4.6728E-01 1.9978E-02   501
 8.0000E-02 4.2775E-01 3.3348E+00 1.6742E+00 1.6605E+00  4.6860E-01 4.6535E-01 2.0080E-02   501
 8.0000E-02 4.2981E-01 3.3632E+00 1.6792E+00 1.6840E+00  4.6515E-01 4.6343E-01 2.0136E-02   501
 8.0000E-02 4.3188E-01 3.3922E+00 1.6844E+00 1.7078E+00  4.6177E-01 4.6152E-01 2.0145E-02   501
 8.0000E-02 4.3398E-01 3.4218E+00 1.6899E+00 1.7320E+00  4.5846E-01 4.5961E-01 2.0112E-02   501
 8.0000E-02 4.3610E-01 3.4519E+00 1.6954E+00 1.7565E+00  4.5518E-01 4.5771E-01 2.0046E-02   501
 8.0000E-02 4.3824E-01 3.4825E+00 1.7010E+00 1.7815E+00  4.5190E-01 4.5580E-01 1.9968E-02   501
 8.0000E-02 4.4039E-01 3.5137E+00 1.7065E+00 1.8072E+00  4.4860E-01 4.5389E-01 1.9889E-02   501
 8.0000E-02 4.4257E-01 3.5456E+00 1.7120E+00 1.8336E+00  4.4526E-01 4.5199E-01 1.9823E-02   501
 8.0000E-02 4.4478E-01 3.5780E+00 1.7173E+00 1.8607E+00  4.4185E-01 4.5009E-01 1.9786E-02   501
 8.0000E-02 4.4700E-01 3.6113E+00 1.7224E+00 1.8889E+00  4.3835E-01 4.4819E-01 1.9799E-02   501
 8.0000E-02 4.4925E-01 3.6454E+00 1.7273E+00 1.9181E+00  4.3479E-01 4.4631E-01 1.9860E-02   501
 8.0000E-02 4.5152E-01 3.6802E+00 1.7321E+00 1.9482E+00  4.3115E-01 4.4444E-01 1.9977E-02   501
 8.0000E-02 4.5381E-01 3.7159E+00 1.7367E+00 1.9792E+00  4.2745E-01 4.4259E-01 2.0154E-02   501
 8.0000E-02 4.5612E-01 3.7527E+00 1.7413E+00 2.0114E+00  4.2384E-01 4.4091E-01 2.0394E-02   452
 8.0000E-02 4.5846E-01 3.7906E+00 1.7460E+00 2.0446E+00  4.2008E-01 4.3913E-01 2.0686E-02   452
 8.0000E-02 4.6082E-01 3.8295E+00 1.7508E+00 2.0787E+00  4.1632E-01 4.3738E-01 2.1032E-02   452
 8.0000E-02 4.6321E-01 3.8694E+00 1.7557E+00 2.1137E+00  4.1258E-01 4.3568E-01 2.1432E-02   452
 8.0000E-02 4.6563E-01 3.9108E+00 1.7609E+00 2.1499E+00  4.0889E-01 4.3402E-01 2.1868E-02   452
 8.0000E-02 4.6806E-01 3.9535E+00 1.7665E+00 2.1870E+00  4.0528E-01 4.3241E-01 2.2331E-02   452
 8.0000E-02 4.7053E-01 3.9977E+00 1.7725E+00 2.2252E+00  4.0176E-01 4.3084E-01 2.2811E-02   452
 8.0000E-02 4.7302E-01 4.0439E+00 1.7790E+00 2.2649E+00  3.9837E-01 4.2931E-01 2.3294E-02   452
 8.0000E-02 4.7553E-01 4.0922E+00 1.7861E+00 2.3061E+00  3.9513E-01 4.2782E-01 2.3755E-02   452
 8.0000E-02 4.7807E-01 4.1428E+00 1.7937E+00 2.3490E+00  3.9203E-01 4.2635E-01 2.4181E-02   452
 8.0000E-02 4.8065E-01 4.1962E+00 1.8020E+00 2.3941E+00  3.8910E-01 4.2489E-01 2.4558E-02   452
 8.0000E-02 4.8324E-01 4.2527E+00 1.8109E+00 2.4418E+00  3.8632E-01 4.2343E-01 2.4871E-02   452
 8.0000E-02 4.8587E-01 4.3122E+00 1.8202E+00 2.4920E+00  3.8366E-01 4.2195E-01 2.5125E-02   452
 8.0000E-02 4.8852E-01 4.3749E+00 1.8297E+00 2.5452E+00  3.8105E-01 4.2042E-01 2.5335E-02   452
 8.0000E-02 4.9121E-01 4.4406E+00 1.8389E+00 2.6017E+00  3.7843E-01 4.1884E-01 2.5532E-02   452
 8.0000E-02 4.9392E-01 4.5086E+00 1.8474E+00 2.6612E+00  3.7569E-01 4.1717E-01 2.5781E-02   452
 8.0000E-02 4.9667E-01 4.5780E+00 1.8544E+00 2.7236E+00  3.7268E-01 4.1541E-01 2.6180E-02   452
 8.0000E-02 4.9944E-01 4.6477E+00 1.8591E+00 2.7886E+00  3.6927E-01 4.1355E-01 2.6844E-02   452
 8.0000E-02 5.0225E-01 4.7161E+00 1.8605E+00 2.8556E+00  3.6529E-01 4.1159E-01 2.7928E-02   452
 8.0000E-02 5.0508E-01 4.7814E+00 1.8577E+00 2.9238E+00  3.6059E-01 4.0954E-01 2.9604E-02   452
 8.0000E-02 5.0795E-01 4.8422E+00 1.8498E+00 2.9924E+00  3.5506E-01 4.0743E-01 3.2041E-02   452
 8.0000E-02 5.1086E-01 4.8967E+00 1.8360E+00 3.0607E+00  3.4860E-01 4.0528E-01 3.5407E-02   452
 8.0000E-02 5.1379E-01 4.9436E+00 1.8160E+00 3.1276E+00  3.4117E-01 4.0313E-01 3.9840E-02   453
 8.0000E-02 5.1676E-01 4.9817E+00 1.7894E+00 3.1923E+00  3.3276E-01 4.0100E-01 4.5458E-02   453
 8.0000E-02 5.1977E-01 5.0100E+00 1.7562E+00 3.2538E+00  3.2336E-01 3.9892E-01 5.2346E-02   453
 8.0000E-02 5.2281E-01 5.0279E+00 1.7166E+00 3.3113E+00  3.1302E-01 3.9692E-01 6.0548E-02   453
 8.0000E-02 5.2588E-01 5.0347E+00 1.6707E+00 3.3640E+00  3.0179E-01 3.9503E-01 7.0066E-02   453
 8.0000E-02 5.2899E-01 5.0301E+00 1.6191E+00 3.4110E+00  2.8984E-01 3.9339E-01 8.0869E-02   407
 8.0000E-02 5.3214E-01 5.0147E+00 1.5624E+00 3.4523E+00  2.7702E-01 3.9175E-01 9.2861E-02   407
 8.0000E-02 5.3533E-01 4.9885E+00 1.5012E+00 3.4873E+00  2.6351E-01 3.9026E-01 1.0595E-01   407
 8.0000E-02 5.3855E-01 4.9517E+00 1.4364E+00 3.5152E+00  2.4940E-01 3.8892E-01 1.1999E-01   407
 8.0000E-02 5.4182E-01 4.9052E+00 1.3693E+00 3.5359E+00  2.3482E-01 3.8775E-01 1.3477E-01   407
 8.0000E-02 5.4512E-01 4.8503E+00 1.3016E+00 3.5487E+00  2.1994E-01 3.8676E-01 1.5002E-01   407
 8.0000E-02 5.4847E-01 4.7894E+00 1.2353E+00 3.5542E+00  2.0502E-01 3.8598E-01 1.6539E-01   408
 8.0000E-02 5.5185E-01 4.7256E+00 1.1723E+00 3.5532E+00  1.9032E-01 3.8540E-01 1.8056E-01   408
 8.0000E-02 5.5528E-01 4.6612E+00 1.1142E+00 3.5470E+00  1.7602E-01 3.8503E-01 1.9530E-01   408
 8.0000E-02 5.5875E-01 4.5991E+00 1.0620E+00 3.5372E+00  1.6233E-01 3.8486E-01 2.0942E-01   408
 8.0000E-02 5.6226E-01 4.5417E+00 1.0162E+00 3.5255E+00  1.4944E-01 3.8487E-01 2.2272E-01   408
 8.0000E-02 5.6582E-01 4.4903E+00 9.7733E-01 3.5130E+00  1.3750E-01 3.8504E-01 2.3505E-01   408
 8.0000E-02 5.6943E-01 4.4447E+00 9.4487E-01 3.4999E+00  1.2649E-01 3.8532E-01 2.4635E-01   408
 8.0000E-02 5.7308E-01 4.4039E+00 9.1856E-01 3.4853E+00  1.1640E-01 3.8567E-01 2.5655E-01   408
 8.0000E-02 5.7677E-01 4.3663E+00 8.9821E-01 3.4681E+00  1.0715E-01 3.8605E-01 2.6556E-01   408
 8.0000E-02 5.8052E-01 4.3303E+00 8.8415E-01 3.4461E+00  9.8675E-02 3.8645E-01 2.7324E-01   408
 8.0000E-02 5.8431E-01 4.2947E+00 8.7687E-01 3.4179E+00  9.0930E-02 3.8686E-01 2.7951E-01   408
 8.0000E-02 5.8816E-01 4.2598E+00 8.7652E-01 3.3832E+00  8.3872E-02 3.8726E-01 2.8440E-01   408
 8.0000E-02 5.9205E-01 4.2263E+00 8.8269E-01 3.3437E+00  7.7497E-02 3.8766E-01 2.8802E-01   408
 8.0000E-02 5.9600E-01 4.1948E+00 8.9486E-01 3.3000E+00  7.1768E-02 3.8806E-01 2.9048E-01   408
 8.0000E-02 6.0000E-01 4.1643E+00 9.1311E-01 3.2512E+00  6.6641E-02 3.8844E-01 2.9175E-01   408
