 DDSCAT --- DDSCAT 7.3.3 [22.01.20]   
 TARGET --->TARGSPHER  spherical target with explicit spacing                 
 GPFAFT --- method of solution 
 FLTRCD --- prescription for polarizabilities
 FROM_FILE --- shape 
    4169 = NAT0 = number of dipoles
 ../../diel/Pena-Rioux_dielectric_26Au_74Ag                  
 ../../diel/Pena-Rioux_dielectric_65Au_35Ag                  
 ../../diel/Pena-Rioux_dielectric_92Au_8Ag                   
   0.000   0.000 = beta_min, beta_max ;  NBETA = 1
   0.000   0.000 = theta_min, theta_max; NTHETA= 1
   0.000   0.000 = phi_min, phi_max   ;   NPHI = 1
 Results averaged over    1 target orientations
                   and  2 incident polarizations
   aeff       wave       Q_pha       Q_pol       Q_cpol
 8.0000E-02 3.0000E-01 -1.6357E-01 -4.7684E-07  1.6540E-06
 8.0000E-02 3.0101E-01 -1.6207E-01 -7.6294E-06  3.2783E-07
 8.0000E-02 3.0203E-01 -1.6063E-01  2.6226E-06 -1.0729E-06
 8.0000E-02 3.0305E-01 -1.5926E-01  7.1526E-07 -3.4273E-07
 8.0000E-02 3.0408E-01 -1.5797E-01  3.3379E-06 -2.0862E-06
 8.0000E-02 3.0512E-01 -1.5676E-01 -4.0531E-06  2.4289E-06
 8.0000E-02 3.0616E-01 -1.5563E-01 -3.5763E-06  7.5996E-07
 8.0000E-02 3.0722E-01 -1.5458E-01 -6.4373E-06  3.0547E-06
 8.0000E-02 3.0828E-01 -1.5361E-01 -1.6689E-06 -2.8312E-07
 8.0000E-02 3.0934E-01 -1.5272E-01  9.5367E-07 -1.8328E-06
 8.0000E-02 3.1042E-01 -1.5190E-01  3.5763E-06  6.6012E-06
 8.0000E-02 3.1150E-01 -1.5115E-01  4.7684E-07  6.7055E-07
 8.0000E-02 3.1259E-01 -1.5048E-01  3.5763E-06  4.3213E-07
 8.0000E-02 3.1368E-01 -1.4989E-01  2.3842E-06 -1.1474E-06
 8.0000E-02 3.1479E-01 -1.4938E-01 -1.6689E-06 -3.7253E-07
 8.0000E-02 3.1590E-01 -1.4895E-01 -8.8215E-06  1.4007E-06
 8.0000E-02 3.1702E-01 -1.4861E-01  2.1458E-06  6.5565E-07
 8.0000E-02 3.1815E-01 -1.4814E-01 -1.4544E-05  1.6391E-07
 8.0000E-02 3.1929E-01 -1.4776E-01 -1.1921E-06 -5.2750E-06
 8.0000E-02 3.2043E-01 -1.4752E-01  6.6757E-06 -1.4305E-06
 8.0000E-02 3.2158E-01 -1.4742E-01  7.8678E-06 -3.8594E-06
 8.0000E-02 3.2274E-01 -1.4747E-01  9.7752E-06 -5.5581E-06
 8.0000E-02 3.2391E-01 -1.4768E-01 -9.5367E-06  4.7684E-07
 8.0000E-02 3.2509E-01 -1.4805E-01  8.1062E-06 -4.5747E-06
 8.0000E-02 3.2628E-01 -1.4859E-01 -7.6294E-06  7.1675E-06
 8.0000E-02 3.2747E-01 -1.4950E-01  7.8678E-06  5.3495E-06
 8.0000E-02 3.2868E-01 -1.5072E-01 -1.1683E-05  4.7386E-06
 8.0000E-02 3.2989E-01 -1.5223E-01 -1.8358E-05 -3.0249E-06
 8.0000E-02 3.3111E-01 -1.5406E-01 -1.8597E-05 -1.6540E-06
 8.0000E-02 3.3234E-01 -1.5622E-01 -1.8597E-05 -7.3016E-07
 8.0000E-02 3.3358E-01 -1.5872E-01  6.9141E-06 -3.5763E-06
 8.0000E-02 3.3483E-01 -1.6158E-01  2.3842E-07 -7.8976E-07
 8.0000E-02 3.3609E-01 -1.6497E-01  5.4836E-06 -6.6310E-06
 8.0000E-02 3.3736E-01 -1.6890E-01  5.2452E-06  4.3958E-06
 8.0000E-02 3.3864E-01 -1.7318E-01  6.9141E-06  1.2219E-06
 8.0000E-02 3.3992E-01 -1.7782E-01  1.1683E-05  1.4037E-05
 8.0000E-02 3.4122E-01 -1.8284E-01 -3.0994E-06 -1.0431E-07
 8.0000E-02 3.4253E-01 -1.8825E-01 -2.0742E-05  4.6194E-06
 8.0000E-02 3.4385E-01 -1.9404E-01 -8.3447E-06  5.0962E-06
 8.0000E-02 3.4517E-01 -2.0023E-01  9.2983E-06 -1.2666E-06
 8.0000E-02 3.4651E-01 -2.0668E-01 -1.4067E-05  2.6822E-06
 8.0000E-02 3.4786E-01 -2.1335E-01 -2.7180E-05 -9.1344E-06
 8.0000E-02 3.4922E-01 -2.2025E-01 -9.0599E-06  3.4273E-06
 8.0000E-02 3.5059E-01 -2.2738E-01 -1.0490E-05  3.5316E-06
 8.0000E-02 3.5197E-01 -2.3473E-01 -1.7881E-05  3.7551E-06
 8.0000E-02 3.5336E-01 -2.4231E-01 -4.0531E-06 -2.5481E-06
 8.0000E-02 3.5476E-01 -2.4996E-01  4.7684E-07 -1.4901E-08
 8.0000E-02 3.5618E-01 -2.5762E-01 -1.1921E-06  5.0664E-07
 8.0000E-02 3.5760E-01 -2.6532E-01 -2.3842E-07  4.7684E-07
 8.0000E-02 3.5904E-01 -2.7305E-01 -4.7684E-07 -4.2617E-06
 8.0000E-02 3.6048E-01 -2.8081E-01 -1.1921E-06  2.8014E-06
 8.0000E-02 3.6194E-01 -2.8857E-01 -7.6294E-06  4.9770E-06
 8.0000E-02 3.6341E-01 -2.9629E-01  9.0599E-06 -3.5167E-06
 8.0000E-02 3.6490E-01 -3.0383E-01  2.1458E-06  8.0466E-07
 8.0000E-02 3.6639E-01 -3.1128E-01  6.4373E-06 -1.6689E-06
 8.0000E-02 3.6790E-01 -3.1862E-01  3.0994E-06 -2.2054E-06
 8.0000E-02 3.6942E-01 -3.2584E-01  7.1526E-07 -3.2187E-06
 8.0000E-02 3.7095E-01 -3.3295E-01  2.0027E-05  9.5963E-06
 8.0000E-02 3.7250E-01 -3.3991E-01 -6.9141E-06  8.0764E-06
 8.0000E-02 3.7406E-01 -3.4668E-01 -4.7684E-06 -1.5199E-05
 8.0000E-02 3.7563E-01 -3.5328E-01 -1.4305E-06 -1.8179E-06
 8.0000E-02 3.7722E-01 -3.5973E-01 -6.6757E-06  1.2815E-06
 8.0000E-02 3.7881E-01 -3.6603E-01  1.8120E-05  1.0341E-05
 8.0000E-02 3.8043E-01 -3.7215E-01  2.8610E-06  8.9407E-07
 8.0000E-02 3.8205E-01 -3.7808E-01 -2.0504E-05 -7.2420E-06
 8.0000E-02 3.8369E-01 -3.8385E-01  1.1921E-06  1.8775E-06
 8.0000E-02 3.8534E-01 -3.8946E-01 -4.7684E-07  1.7583E-06
 8.0000E-02 3.8701E-01 -3.9492E-01 -3.5763E-06 -2.5034E-06
 8.0000E-02 3.8870E-01 -4.0020E-01 -6.9141E-06  2.3842E-07
 8.0000E-02 3.9039E-01 -4.0531E-01 -4.2915E-06 -1.2517E-06
 8.0000E-02 3.9211E-01 -4.1026E-01 -3.8147E-06 -8.9407E-07
 8.0000E-02 3.9383E-01 -4.1508E-01 -1.4305E-06  9.5367E-07
 8.0000E-02 3.9558E-01 -4.1976E-01 -2.3842E-06 -1.9968E-06
 8.0000E-02 3.9733E-01 -4.2430E-01 -1.4305E-06  4.1127E-06
 8.0000E-02 3.9911E-01 -4.2868E-01  3.3379E-06 -2.5332E-06
 8.0000E-02 4.0090E-01 -4.3293E-01  4.7684E-07 -3.0696E-06
 8.0000E-02 4.0270E-01 -4.3708E-01 -2.0266E-05  2.2948E-06
 8.0000E-02 4.0452E-01 -4.4112E-01 -3.5763E-06  8.9407E-07
 8.0000E-02 4.0636E-01 -4.4503E-01 -5.7220E-06  4.5300E-06
 8.0000E-02 4.0822E-01 -4.4879E-01  2.8610E-06 -1.5497E-06
 8.0000E-02 4.1009E-01 -4.5239E-01 -3.3379E-06 -4.7684E-07
 8.0000E-02 4.1198E-01 -4.5585E-01 -8.1062E-06  1.6391E-06
 8.0000E-02 4.1389E-01 -4.5914E-01  0.0000E+00 -1.2040E-05
 8.0000E-02 4.1581E-01 -4.6220E-01  3.0994E-05 -7.4208E-06
 8.0000E-02 4.1776E-01 -4.6498E-01 -7.3910E-06 -1.3411E-06
 8.0000E-02 4.1972E-01 -4.6750E-01 -4.7684E-07  1.8179E-06
 8.0000E-02 4.2170E-01 -4.6975E-01 -3.8147E-06 -4.1425E-06
 8.0000E-02 4.2370E-01 -4.7173E-01 -1.0967E-05 -2.9802E-06
 8.0000E-02 4.2571E-01 -4.7341E-01  1.2159E-05  6.8545E-07
 8.0000E-02 4.2775E-01 -4.7481E-01  5.4836E-06 -5.3644E-07
 8.0000E-02 4.2981E-01 -4.7599E-01 -1.1921E-06 -2.5332E-06
 8.0000E-02 4.3188E-01 -4.7692E-01 -7.1526E-07 -2.3842E-06
 8.0000E-02 4.3398E-01 -4.7760E-01  6.1989E-06  5.3644E-07
 8.0000E-02 4.3610E-01 -4.7800E-01 -1.1921E-05 -2.6524E-06
 8.0000E-02 4.3824E-01 -4.7823E-01  7.1526E-07  5.8413E-06
 8.0000E-02 4.4039E-01 -4.7818E-01 -8.5831E-06  1.6391E-06
 8.0000E-02 4.4257E-01 -4.7785E-01 -7.3910E-06  1.5795E-06
 8.0000E-02 4.4478E-01 -4.7727E-01  5.4836E-06  1.5497E-06
 8.0000E-02 4.4700E-01 -4.7653E-01  1.1921E-06  3.8147E-06
 8.0000E-02 4.4925E-01 -4.7550E-01 -1.1683E-05  4.1723E-07
 8.0000E-02 4.5152E-01 -4.7416E-01  7.6294E-06 -1.1623E-06
 8.0000E-02 4.5381E-01 -4.7254E-01  0.0000E+00  1.8477E-06
 8.0000E-02 4.5612E-01 -4.7064E-01 -8.5831E-06 -2.0862E-07
 8.0000E-02 4.5846E-01 -4.6834E-01  1.9073E-06  1.1623E-06
 8.0000E-02 4.6082E-01 -4.6566E-01  7.1526E-07 -2.9802E-07
 8.0000E-02 4.6321E-01 -4.6268E-01 -2.3842E-06 -4.1723E-07
 8.0000E-02 4.6563E-01 -4.5927E-01 -2.0266E-05 -1.2815E-06
 8.0000E-02 4.6806E-01 -4.5540E-01  3.8147E-06  2.9802E-07
 8.0000E-02 4.7053E-01 -4.5110E-01 -2.1458E-06 -3.5763E-07
 8.0000E-02 4.7302E-01 -4.4636E-01  5.2452E-06  5.3644E-07
 8.0000E-02 4.7553E-01 -4.4094E-01 -9.5367E-07 -1.0729E-06
 8.0000E-02 4.7807E-01 -4.3475E-01  4.2915E-06 -2.9802E-07
 8.0000E-02 4.8065E-01 -4.2761E-01  8.5831E-06  2.3842E-07
 8.0000E-02 4.8324E-01 -4.1920E-01 -3.8147E-06  5.9605E-08
 8.0000E-02 4.8587E-01 -4.0908E-01  4.2915E-06  1.8477E-06
 8.0000E-02 4.8852E-01 -3.9685E-01  3.8147E-06  2.9802E-07
 8.0000E-02 4.9121E-01 -3.8201E-01  1.8597E-05  4.1723E-07
 8.0000E-02 4.9392E-01 -3.6392E-01 -4.7684E-07 -5.0068E-06
 8.0000E-02 4.9667E-01 -3.4219E-01  9.5367E-07  1.1623E-06
 8.0000E-02 4.9944E-01 -3.1634E-01 -9.5367E-07  1.4901E-07
 8.0000E-02 5.0225E-01 -2.8604E-01  6.1989E-06  5.9605E-07
 8.0000E-02 5.0508E-01 -2.5135E-01  1.9073E-06 -9.8348E-07
 8.0000E-02 5.0795E-01 -2.1235E-01  4.7684E-07 -2.7269E-06
 8.0000E-02 5.1086E-01 -1.6928E-01  1.1444E-05  1.6093E-06
 8.0000E-02 5.1379E-01 -1.2279E-01  7.1526E-06  3.1292E-07
 8.0000E-02 5.1676E-01 -7.3370E-02 -8.1062E-06 -4.8950E-06
 8.0000E-02 5.1977E-01 -2.1579E-02 -2.8610E-06  1.4100E-06
 8.0000E-02 5.2281E-01  3.1645E-02  9.0599E-06 -5.3868E-06
 8.0000E-02 5.2588E-01  8.5602E-02 -5.2452E-06  7.1526E-07
 8.0000E-02 5.2899E-01  1.3939E-01  1.7166E-05 -4.9174E-07
 8.0000E-02 5.3214E-01  1.9212E-01  6.6757E-06 -6.5267E-06
 8.0000E-02 5.3533E-01  2.4308E-01  1.6689E-05  1.4156E-05
 8.0000E-02 5.3855E-01  2.9138E-01 -2.3842E-06  7.1228E-06
 8.0000E-02 5.4182E-01  3.3599E-01 -7.2002E-05 -5.9605E-07
 8.0000E-02 5.4512E-01  3.7585E-01  7.8678E-05 -6.0201E-06
 8.0000E-02 5.4847E-01  4.1007E-01  1.7643E-05  9.8944E-06
 8.0000E-02 5.5185E-01  4.3837E-01 -4.9591E-05  4.5300E-06
 8.0000E-02 5.5528E-01  4.6076E-01 -2.0504E-05  1.1206E-05
 8.0000E-02 5.5875E-01  4.7766E-01 -3.0994E-05 -4.4703E-07
 8.0000E-02 5.6226E-01  4.8995E-01 -1.3971E-04  2.3514E-05
 8.0000E-02 5.6582E-01  4.9901E-01  9.0599E-06 -1.7434E-05
 8.0000E-02 5.6943E-01  5.0614E-01 -2.0981E-05 -1.7345E-05
 8.0000E-02 5.7308E-01  5.1218E-01 -1.2875E-05  3.3081E-05
 8.0000E-02 5.7677E-01  5.1774E-01 -6.6757E-05 -1.3530E-05
 8.0000E-02 5.8052E-01  5.2276E-01  3.0994E-05  2.1577E-05
 8.0000E-02 5.8431E-01  5.2667E-01  5.4359E-05  7.0333E-06
 8.0000E-02 5.8816E-01  5.2870E-01 -5.3406E-05  5.0604E-05
 8.0000E-02 5.9205E-01  5.2869E-01 -1.4496E-04  2.4736E-05
 8.0000E-02 5.9600E-01  5.2664E-01  5.3406E-05  1.4484E-05
 8.0000E-02 6.0000E-01  5.2216E-01  1.1873E-04  9.5367E-06
