 DDSCAT --- DDSCAT 7.3.3 [22.01.20]   
 TARGET --->TARGSPHER  spherical target with explicit spacing                 
 GPFAFT --- method of solution 
 FLTRCD --- prescription for polarizabilities
 FROM_FILE --- shape 
    4169 = NAT0 = number of dipoles
 ../../diel/Pena-Rioux_dielectric_26Au_74Ag                  
 ../../diel/Pena-Rioux_dielectric_52Au_48Ag                  
 ../../diel/Pena-Rioux_dielectric_65Au_35Ag                  
 ../../diel/Au_evap                                          
   0.000   0.000 = beta_min, beta_max ;  NBETA = 1
   0.000   0.000 = theta_min, theta_max; NTHETA= 1
   0.000   0.000 = phi_min, phi_max   ;   NPHI = 1
 Results averaged over    1 target orientations
                   and  2 incident polarizations
   aeff       wave       Q_pha       Q_pol       Q_cpol
 8.0000E-02 3.0000E-01 -1.8629E-01 -4.7684E-06 -4.6194E-07
 8.0000E-02 3.0101E-01 -1.8505E-01  5.4836E-06  5.9605E-08
 8.0000E-02 3.0203E-01 -1.8403E-01 -4.2915E-06 -1.3411E-07
 8.0000E-02 3.0305E-01 -1.8310E-01  1.4305E-06 -1.6391E-07
 8.0000E-02 3.0408E-01 -1.8227E-01  1.4305E-06  4.3213E-07
 8.0000E-02 3.0512E-01 -1.8155E-01 -5.7220E-06  2.2352E-07
 8.0000E-02 3.0616E-01 -1.8093E-01 -3.3379E-06  1.7881E-07
 8.0000E-02 3.0722E-01 -1.8043E-01 -3.5763E-06  5.9605E-08
 8.0000E-02 3.0828E-01 -1.8004E-01 -6.6757E-06 -3.4273E-07
 8.0000E-02 3.0934E-01 -1.7976E-01  2.3842E-06 -2.0862E-07
 8.0000E-02 3.1042E-01 -1.7959E-01 -5.0068E-06  4.4703E-08
 8.0000E-02 3.1150E-01 -1.7942E-01  2.1458E-06  4.3213E-07
 8.0000E-02 3.1259E-01 -1.7932E-01  1.6689E-06  2.6822E-07
 8.0000E-02 3.1368E-01 -1.7936E-01 -6.9141E-06  1.0431E-07
 8.0000E-02 3.1479E-01 -1.7953E-01 -5.9605E-06 -3.2783E-07
 8.0000E-02 3.1590E-01 -1.7984E-01  9.5367E-06  2.3842E-07
 8.0000E-02 3.1702E-01 -1.8029E-01  1.4305E-06 -1.7881E-07
 8.0000E-02 3.1815E-01 -1.8070E-01  5.4836E-06  1.6391E-07
 8.0000E-02 3.1929E-01 -1.8126E-01 -1.6689E-06 -4.9174E-07
 8.0000E-02 3.2043E-01 -1.8204E-01 -9.5367E-07  4.6194E-07
 8.0000E-02 3.2158E-01 -1.8328E-01 -5.0068E-06 -1.0431E-07
 8.0000E-02 3.2274E-01 -1.8473E-01 -5.2452E-06  1.0431E-07
 8.0000E-02 3.2391E-01 -1.8639E-01 -2.1458E-06 -3.4273E-07
 8.0000E-02 3.2509E-01 -1.8829E-01  1.4305E-06  4.1723E-07
 8.0000E-02 3.2628E-01 -1.9041E-01 -2.3842E-07  2.9802E-08
 8.0000E-02 3.2747E-01 -1.9308E-01 -3.8147E-06  3.2783E-07
 8.0000E-02 3.2868E-01 -1.9609E-01 -8.1062E-06  1.6391E-07
 8.0000E-02 3.2989E-01 -1.9945E-01  1.9073E-06 -4.9174E-07
 8.0000E-02 3.3111E-01 -2.0318E-01 -1.1921E-06 -8.9407E-08
 8.0000E-02 3.3234E-01 -2.0715E-01  1.9073E-06  5.8115E-07
 8.0000E-02 3.3358E-01 -2.1144E-01  2.1458E-06 -1.4901E-07
 8.0000E-02 3.3483E-01 -2.1611E-01  3.5763E-06  8.9407E-08
 8.0000E-02 3.3609E-01 -2.2133E-01 -2.1458E-06 -7.4506E-08
 8.0000E-02 3.3736E-01 -2.2704E-01 -6.1989E-06  4.4703E-08
 8.0000E-02 3.3864E-01 -2.3306E-01  5.7220E-06 -1.0431E-07
 8.0000E-02 3.3992E-01 -2.3942E-01 -2.1458E-06 -7.3016E-07
 8.0000E-02 3.4122E-01 -2.4610E-01  4.5300E-06  1.4901E-08
 8.0000E-02 3.4253E-01 -2.5311E-01 -1.1683E-05  1.9670E-06
 8.0000E-02 3.4385E-01 -2.6046E-01 -1.6689E-06  1.0133E-06
 8.0000E-02 3.4517E-01 -2.6808E-01 -7.3910E-06 -2.6822E-07
 8.0000E-02 3.4651E-01 -2.7580E-01  7.1526E-06  2.6822E-07
 8.0000E-02 3.4786E-01 -2.8369E-01 -2.1458E-06 -1.4305E-06
 8.0000E-02 3.4922E-01 -2.9175E-01 -4.2915E-06 -5.9605E-08
 8.0000E-02 3.5059E-01 -2.9997E-01 -4.7684E-07 -7.1526E-07
 8.0000E-02 3.5197E-01 -3.0833E-01 -7.1526E-07  1.1921E-07
 8.0000E-02 3.5336E-01 -3.1685E-01  3.8147E-06  1.1921E-07
 8.0000E-02 3.5476E-01 -3.2539E-01 -7.1526E-07  1.2219E-06
 8.0000E-02 3.5618E-01 -3.3396E-01 -1.1921E-06 -7.7486E-07
 8.0000E-02 3.5760E-01 -3.4255E-01  3.0994E-06  1.5795E-06
 8.0000E-02 3.5904E-01 -3.5117E-01 -8.3447E-06  3.3081E-06
 8.0000E-02 3.6048E-01 -3.5981E-01  2.8849E-05  8.6427E-07
 8.0000E-02 3.6194E-01 -3.6845E-01 -1.0252E-05 -2.5332E-06
 8.0000E-02 3.6341E-01 -3.7706E-01  1.1921E-06 -5.3346E-06
 8.0000E-02 3.6490E-01 -3.8559E-01  3.5763E-06  5.6624E-07
 8.0000E-02 3.6639E-01 -3.9410E-01 -7.1526E-06  1.1921E-06
 8.0000E-02 3.6790E-01 -4.0257E-01  9.5367E-06 -1.1623E-06
 8.0000E-02 3.6942E-01 -4.1098E-01  5.7220E-06  1.0133E-06
 8.0000E-02 3.7095E-01 -4.1934E-01 -9.2983E-06  7.7486E-07
 8.0000E-02 3.7250E-01 -4.2763E-01  9.2983E-06 -3.1590E-06
 8.0000E-02 3.7406E-01 -4.3585E-01 -3.8147E-06  2.2352E-06
 8.0000E-02 3.7563E-01 -4.4405E-01  9.5367E-07 -1.0133E-06
 8.0000E-02 3.7722E-01 -4.5221E-01 -2.4080E-05  4.8280E-06
 8.0000E-02 3.7881E-01 -4.6035E-01  2.1458E-06 -5.9605E-08
 8.0000E-02 3.8043E-01 -4.6845E-01  5.0068E-06 -4.7684E-07
 8.0000E-02 3.8205E-01 -4.7650E-01 -4.7684E-07 -4.4703E-07
 8.0000E-02 3.8369E-01 -4.8456E-01  2.1458E-06  2.1458E-06
 8.0000E-02 3.8534E-01 -4.9267E-01 -6.1989E-06  4.7684E-07
 8.0000E-02 3.8701E-01 -5.0081E-01  1.1921E-06 -1.7285E-06
 8.0000E-02 3.8870E-01 -5.0900E-01  1.6689E-06  7.7486E-06
 8.0000E-02 3.9039E-01 -5.1721E-01 -3.0994E-06 -1.7881E-07
 8.0000E-02 3.9211E-01 -5.2557E-01 -3.8147E-06 -7.8678E-06
 8.0000E-02 3.9383E-01 -5.3402E-01 -7.3910E-06 -1.7881E-07
 8.0000E-02 3.9558E-01 -5.4257E-01  2.3842E-07 -8.9407E-07
 8.0000E-02 3.9733E-01 -5.5121E-01 -2.6226E-06  1.0133E-06
 8.0000E-02 3.9911E-01 -5.5994E-01  2.0504E-05  5.9605E-07
 8.0000E-02 4.0090E-01 -5.6888E-01  1.6689E-06 -2.8610E-06
 8.0000E-02 4.0270E-01 -5.7790E-01  1.1921E-06  2.5034E-06
 8.0000E-02 4.0452E-01 -5.8695E-01 -1.1921E-06 -1.6093E-06
 8.0000E-02 4.0636E-01 -5.9601E-01 -2.1458E-06  1.0133E-06
 8.0000E-02 4.0822E-01 -6.0505E-01 -2.3842E-07  0.0000E+00
 8.0000E-02 4.1009E-01 -6.1410E-01 -4.7684E-07  5.3644E-06
 8.0000E-02 4.1198E-01 -6.2298E-01 -9.5367E-07  9.5367E-07
 8.0000E-02 4.1389E-01 -6.3161E-01  1.6689E-06  2.3842E-07
 8.0000E-02 4.1581E-01 -6.3996E-01 -2.3842E-07  2.6822E-06
 8.0000E-02 4.1776E-01 -6.4801E-01 -7.1526E-07 -2.0862E-06
 8.0000E-02 4.1972E-01 -6.5558E-01 -8.8215E-06  1.9073E-06
 8.0000E-02 4.2170E-01 -6.6257E-01  1.1921E-06  5.0664E-06
 8.0000E-02 4.2370E-01 -6.6897E-01 -1.6451E-05  4.1723E-07
 8.0000E-02 4.2571E-01 -6.7470E-01  1.3113E-05  1.3113E-06
 8.0000E-02 4.2775E-01 -6.7964E-01  4.2915E-06  4.1723E-07
 8.0000E-02 4.2981E-01 -6.8356E-01 -2.6226E-06  2.3842E-07
 8.0000E-02 4.3188E-01 -6.8643E-01  0.0000E+00  1.7881E-07
 8.0000E-02 4.3398E-01 -6.8811E-01 -1.2875E-05  3.5763E-07
 8.0000E-02 4.3610E-01 -6.8838E-01 -2.3842E-06  0.0000E+00
 8.0000E-02 4.3824E-01 -6.8688E-01 -1.0490E-05  5.3644E-06
 8.0000E-02 4.4039E-01 -6.8356E-01 -1.3351E-05 -6.5565E-07
 8.0000E-02 4.4257E-01 -6.7817E-01  1.0967E-05  6.6757E-06
 8.0000E-02 4.4478E-01 -6.7046E-01  4.7684E-06 -1.1921E-06
 8.0000E-02 4.4700E-01 -6.6023E-01 -3.3379E-06 -4.6492E-06
 8.0000E-02 4.4925E-01 -6.4745E-01  1.0967E-05  2.6822E-06
 8.0000E-02 4.5152E-01 -6.3199E-01 -7.1526E-06 -1.0133E-06
 8.0000E-02 4.5381E-01 -6.1369E-01 -2.3842E-06  9.5367E-07
 8.0000E-02 4.5612E-01 -5.9265E-01 -8.1062E-06 -5.9605E-07
 8.0000E-02 4.5846E-01 -5.6897E-01  1.8597E-05  1.4901E-06
 8.0000E-02 4.6082E-01 -5.4268E-01  4.7684E-06  7.1526E-07
 8.0000E-02 4.6321E-01 -5.1380E-01  3.8147E-06  4.1723E-06
 8.0000E-02 4.6563E-01 -4.8261E-01  1.4305E-06  8.6129E-06
 8.0000E-02 4.6806E-01 -4.4924E-01  6.1989E-06 -1.1683E-05
 8.0000E-02 4.7053E-01 -4.1381E-01 -3.8147E-06  7.7486E-06
 8.0000E-02 4.7302E-01 -3.7640E-01  7.1526E-06  1.4901E-06
 8.0000E-02 4.7553E-01 -3.3730E-01 -2.8610E-05  5.5134E-06
 8.0000E-02 4.7807E-01 -2.9666E-01 -8.1062E-06 -3.9637E-06
 8.0000E-02 4.8065E-01 -2.5468E-01 -2.3842E-06 -4.9174E-06
 8.0000E-02 4.8324E-01 -2.1161E-01  4.7207E-05  1.1668E-05
 8.0000E-02 4.8587E-01 -1.6773E-01 -7.1526E-06  2.2754E-05
 8.0000E-02 4.8852E-01 -1.2339E-01 -1.9073E-05 -3.4943E-06
 8.0000E-02 4.9121E-01 -7.9052E-02 -1.0490E-05  1.4752E-06
 8.0000E-02 4.9392E-01 -3.5318E-02  8.1062E-06 -1.0833E-05
 8.0000E-02 4.9667E-01  6.5478E-03 -9.5367E-07 -1.4598E-06
 8.0000E-02 4.9944E-01  4.4963E-02 -4.7684E-07  6.6310E-07
 8.0000E-02 5.0225E-01  8.0889E-02  0.0000E+00 -1.8969E-05
 8.0000E-02 5.0508E-01  1.1394E-01  7.1526E-06 -1.0356E-06
 8.0000E-02 5.0795E-01  1.4392E-01  1.4782E-05  1.1027E-06
 8.0000E-02 5.1086E-01  1.7084E-01  2.8610E-06  6.2287E-06
 8.0000E-02 5.1379E-01  1.9500E-01  4.7684E-07 -1.1966E-05
 8.0000E-02 5.1676E-01  2.1691E-01 -1.2398E-05 -6.2138E-06
 8.0000E-02 5.1977E-01  2.3732E-01  1.1921E-05  8.4937E-06
 8.0000E-02 5.2281E-01  2.5989E-01  2.3842E-05  3.9339E-06
 8.0000E-02 5.2588E-01  2.8352E-01  9.5367E-06  2.6822E-07
 8.0000E-02 5.2899E-01  3.0656E-01 -2.0981E-05  1.2785E-05
 8.0000E-02 5.3214E-01  3.2902E-01  1.4305E-05  1.0431E-06
 8.0000E-02 5.3533E-01  3.5068E-01 -1.9073E-06  1.8477E-06
 8.0000E-02 5.3855E-01  3.7124E-01  8.1062E-06  8.2850E-06
 8.0000E-02 5.4182E-01  3.9035E-01  2.3365E-05 -5.0664E-06
 8.0000E-02 5.4512E-01  4.0766E-01 -1.4305E-06 -4.7088E-06
 8.0000E-02 5.4847E-01  4.2287E-01  8.5831E-06 -3.4571E-06
 8.0000E-02 5.5185E-01  4.3503E-01 -6.6757E-06  6.7353E-06
 8.0000E-02 5.5528E-01  4.4518E-01 -9.5367E-06  7.4208E-06
 8.0000E-02 5.5875E-01  4.5359E-01  1.9073E-05 -7.5996E-06
 8.0000E-02 5.6226E-01  4.6068E-01  4.7684E-07 -3.9279E-05
 8.0000E-02 5.6582E-01  4.6686E-01  3.3855E-05 -2.1517E-05
 8.0000E-02 5.6943E-01  4.7246E-01  5.6267E-05  3.5703E-05
 8.0000E-02 5.7308E-01  4.7775E-01  1.5736E-05 -2.0593E-05
 8.0000E-02 5.7677E-01  4.8268E-01  7.0095E-05 -5.9605E-06
 8.0000E-02 5.8052E-01  4.8686E-01 -4.1008E-05 -1.0431E-05
 8.0000E-02 5.8431E-01  4.8976E-01  5.9605E-05 -4.0025E-05
 8.0000E-02 5.8816E-01  4.9081E-01  2.5272E-05 -1.1057E-05
 8.0000E-02 5.9205E-01  4.8970E-01 -2.3842E-06  1.8179E-05
 8.0000E-02 5.9600E-01  4.8620E-01 -8.4400E-05 -3.4988E-05
 8.0000E-02 6.0000E-01  4.7989E-01  5.7697E-05  3.9190E-05
