 DDSCAT --- DDSCAT 7.3.3 [22.01.20]   
 TARGET --->TARGSPHER  spherical target with explicit spacing                 
 GPFAFT --- method of solution 
 FLTRCD --- prescription for polarizabilities
 FROM_FILE --- shape 
    4169 = NAT0 = number of dipoles
 ../../diel/Pena-Rioux_dielectric_26Au_74Ag                  
 ../../diel/Pena-Rioux_dielectric_52Au_48Ag                  
 ../../diel/Pena-Rioux_dielectric_65Au_35Ag                  
 ../../diel/Au_evap                                          
   0.000   0.000 = beta_min, beta_max ;  NBETA = 1
   0.000   0.000 = theta_min, theta_max; NTHETA= 1
   0.000   0.000 = phi_min, phi_max   ;   NPHI = 1
 Results averaged over    1 target orientations
                   and  2 incident polarizations
   aeff       wave       Q_pha       Q_pol       Q_cpol
 4.0000E-02 3.0000E-01 -3.2653E-02  0.0000E+00 -3.7253E-09
 4.0000E-02 3.0101E-01 -3.1645E-02 -5.0068E-06 -2.9802E-08
 4.0000E-02 3.0203E-01 -3.0940E-02  1.4305E-06  2.9802E-08
 4.0000E-02 3.0305E-01 -3.0419E-02 -5.2452E-06 -6.7055E-08
 4.0000E-02 3.0408E-01 -3.0086E-02  7.1526E-07  1.8626E-09
 4.0000E-02 3.0512E-01 -2.9948E-02  1.9073E-06 -7.6368E-08
 4.0000E-02 3.0616E-01 -3.0011E-02 -3.8147E-06  2.7940E-08
 4.0000E-02 3.0722E-01 -3.0281E-02 -4.7684E-07 -6.7055E-08
 4.0000E-02 3.0828E-01 -3.0736E-02 -1.9073E-06  2.9802E-08
 4.0000E-02 3.0934E-01 -3.1277E-02 -2.3842E-07 -5.9605E-08
 4.0000E-02 3.1042E-01 -3.1991E-02 -3.3379E-06  3.3528E-08
 4.0000E-02 3.1150E-01 -3.2756E-02  2.1458E-06 -2.2352E-08
 4.0000E-02 3.1259E-01 -3.3668E-02 -3.5763E-06 -1.1176E-08
 4.0000E-02 3.1368E-01 -3.4779E-02  1.6689E-06  4.4703E-08
 4.0000E-02 3.1479E-01 -3.6095E-02 -5.9605E-06 -2.9802E-08
 4.0000E-02 3.1590E-01 -3.7621E-02 -4.5300E-06  1.4901E-08
 4.0000E-02 3.1702E-01 -3.9363E-02  0.0000E+00 -5.2154E-08
 4.0000E-02 3.1815E-01 -4.0976E-02 -4.7684E-07  1.0058E-07
 4.0000E-02 3.1929E-01 -4.2838E-02  1.6689E-06 -1.3784E-07
 4.0000E-02 3.2043E-01 -4.5033E-02  4.7684E-07  2.6077E-08
 4.0000E-02 3.2158E-01 -4.7833E-02  1.9073E-06  5.2154E-08
 4.0000E-02 3.2274E-01 -5.0962E-02  4.2915E-06  1.8626E-08
 4.0000E-02 3.2391E-01 -5.4432E-02  2.1458E-06  0.0000E+00
 4.0000E-02 3.2509E-01 -5.8252E-02 -7.1526E-07 -1.1548E-07
 4.0000E-02 3.2628E-01 -6.2435E-02  1.4305E-06 -4.8429E-08
 4.0000E-02 3.2747E-01 -6.7600E-02  3.5763E-06 -6.7055E-08
 4.0000E-02 3.2868E-01 -7.3274E-02 -4.7684E-07 -8.1956E-08
 4.0000E-02 3.2989E-01 -7.9447E-02 -4.5300E-06 -1.4901E-07
 4.0000E-02 3.3111E-01 -8.6134E-02  3.5763E-06 -2.4587E-07
 4.0000E-02 3.3234E-01 -9.3204E-02 -3.3379E-06  1.7136E-07
 4.0000E-02 3.3358E-01 -1.0073E-01  9.5367E-07 -1.5646E-07
 4.0000E-02 3.3483E-01 -1.0879E-01 -5.0068E-06  5.9605E-08
 4.0000E-02 3.3609E-01 -1.1759E-01 -4.5300E-06 -5.9605E-08
 4.0000E-02 3.3736E-01 -1.2700E-01  4.7684E-07 -1.7881E-07
 4.0000E-02 3.3864E-01 -1.3679E-01  0.0000E+00  1.3411E-07
 4.0000E-02 3.3992E-01 -1.4698E-01 -7.1526E-07 -2.8312E-07
 4.0000E-02 3.4122E-01 -1.5758E-01 -5.7220E-06 -2.2352E-07
 4.0000E-02 3.4253E-01 -1.6860E-01 -1.1921E-06 -1.1921E-07
 4.0000E-02 3.4385E-01 -1.8004E-01 -3.3379E-06  2.2352E-07
 4.0000E-02 3.4517E-01 -1.9180E-01 -2.8610E-06 -1.1921E-07
 4.0000E-02 3.4651E-01 -2.0363E-01  1.9073E-06  4.4703E-08
 4.0000E-02 3.4786E-01 -2.1566E-01  1.1921E-06  2.5332E-07
 4.0000E-02 3.4922E-01 -2.2790E-01  2.8610E-06 -1.1921E-07
 4.0000E-02 3.5059E-01 -2.4035E-01  1.6689E-06 -2.9802E-08
 4.0000E-02 3.5197E-01 -2.5303E-01 -5.0068E-06  1.7881E-07
 4.0000E-02 3.5336E-01 -2.6594E-01 -1.4305E-06 -6.5565E-07
 4.0000E-02 3.5476E-01 -2.7893E-01 -3.8147E-06 -2.0862E-07
 4.0000E-02 3.5618E-01 -2.9196E-01  1.1921E-06 -5.3644E-07
 4.0000E-02 3.5760E-01 -3.0510E-01  3.0994E-06  4.7684E-07
 4.0000E-02 3.5904E-01 -3.1835E-01  4.0531E-06 -6.5565E-07
 4.0000E-02 3.6048E-01 -3.3170E-01 -2.1458E-06 -3.5763E-07
 4.0000E-02 3.6194E-01 -3.4516E-01  2.6226E-06 -8.9407E-08
 4.0000E-02 3.6341E-01 -3.5868E-01  4.2915E-06  1.7881E-07
 4.0000E-02 3.6490E-01 -3.7219E-01  9.5367E-06 -2.9802E-08
 4.0000E-02 3.6639E-01 -3.8577E-01  6.4373E-06 -1.7881E-07
 4.0000E-02 3.6790E-01 -3.9941E-01 -4.0531E-06  5.9605E-08
 4.0000E-02 3.6942E-01 -4.1310E-01 -6.1989E-06  5.9605E-07
 4.0000E-02 3.7095E-01 -4.2685E-01  5.4836E-06  3.2783E-07
 4.0000E-02 3.7250E-01 -4.4064E-01  3.0994E-06 -2.0862E-07
 4.0000E-02 3.7406E-01 -4.5443E-01  1.4305E-06  8.9407E-08
 4.0000E-02 3.7563E-01 -4.6831E-01  0.0000E+00  2.3842E-07
 4.0000E-02 3.7722E-01 -4.8230E-01  0.0000E+00  3.2783E-07
 4.0000E-02 3.7881E-01 -4.9636E-01 -2.3842E-06  9.2387E-07
 4.0000E-02 3.8043E-01 -5.1050E-01 -6.1989E-06 -7.7486E-07
 4.0000E-02 3.8205E-01 -5.2469E-01 -5.4836E-06 -7.7486E-07
 4.0000E-02 3.8369E-01 -5.3899E-01 -5.2452E-06  2.9802E-07
 4.0000E-02 3.8534E-01 -5.5348E-01 -7.1526E-07  7.1526E-07
 4.0000E-02 3.8701E-01 -5.6813E-01  2.6226E-06  1.7881E-06
 4.0000E-02 3.8870E-01 -5.8296E-01 -3.0994E-06 -5.9605E-07
 4.0000E-02 3.9039E-01 -5.9791E-01 -1.2636E-05 -5.4240E-06
 4.0000E-02 3.9211E-01 -6.1315E-01 -5.2452E-06 -8.3447E-06
 4.0000E-02 3.9383E-01 -6.2864E-01  4.2915E-06  5.9605E-08
 4.0000E-02 3.9558E-01 -6.4434E-01 -5.0068E-06  1.0550E-05
 4.0000E-02 3.9733E-01 -6.6025E-01 -2.1458E-06  2.9802E-07
 4.0000E-02 3.9911E-01 -6.7635E-01  7.1526E-07 -5.9605E-07
 4.0000E-02 4.0090E-01 -6.9278E-01  2.1458E-06 -3.5763E-07
 4.0000E-02 4.0270E-01 -7.0938E-01  1.1921E-06  1.9431E-05
 4.0000E-02 4.0452E-01 -7.2606E-01  1.0729E-05 -1.7583E-05
 4.0000E-02 4.0636E-01 -7.4275E-01  1.4305E-06 -6.5565E-07
 4.0000E-02 4.0822E-01 -7.5941E-01  3.3379E-06 -3.5763E-07
 4.0000E-02 4.1009E-01 -7.7606E-01  3.0994E-06  5.9605E-07
 4.0000E-02 4.1198E-01 -7.9241E-01 -1.7405E-05 -2.9802E-07
 4.0000E-02 4.1389E-01 -8.0832E-01  2.6464E-05  7.6294E-06
 4.0000E-02 4.1581E-01 -8.2367E-01  1.2875E-05  4.7684E-06
 4.0000E-02 4.1776E-01 -8.3838E-01 -6.1989E-06  7.8678E-06
 4.0000E-02 4.1972E-01 -8.5213E-01  2.7180E-05 -5.9605E-07
 4.0000E-02 4.2170E-01 -8.6469E-01 -1.1683E-05  6.4373E-06
 4.0000E-02 4.2370E-01 -8.7592E-01  1.6689E-06  8.9407E-07
 4.0000E-02 4.2571E-01 -8.8568E-01  4.7684E-07 -4.8876E-06
 4.0000E-02 4.2775E-01 -8.9364E-01  0.0000E+00  1.9670E-06
 4.0000E-02 4.2981E-01 -8.9941E-01  8.1062E-06 -6.9141E-06
 4.0000E-02 4.3188E-01 -9.0287E-01  9.5367E-07  1.6093E-06
 4.0000E-02 4.3398E-01 -9.0370E-01 -7.6294E-06  5.9605E-08
 4.0000E-02 4.3610E-01 -9.0152E-01  8.1062E-06  8.2850E-06
 4.0000E-02 4.3824E-01 -8.9558E-01  1.0490E-05  8.2850E-06
 4.0000E-02 4.4039E-01 -8.8570E-01  8.5831E-06  1.3709E-06
 4.0000E-02 4.4257E-01 -8.7124E-01  2.7180E-05  1.1683E-05
 4.0000E-02 4.4478E-01 -8.5137E-01 -4.7684E-07 -5.5432E-06
 4.0000E-02 4.4700E-01 -8.2529E-01 -1.4305E-05  3.7551E-06
 4.0000E-02 4.4925E-01 -7.9239E-01 -5.7220E-06 -4.2319E-06
 4.0000E-02 4.5152E-01 -7.5165E-01 -5.7220E-06  5.3644E-07
 4.0000E-02 4.5381E-01 -7.0193E-01 -1.5259E-05 -1.7881E-07
 4.0000E-02 4.5612E-01 -6.4272E-01  2.8610E-06  4.7684E-07
 4.0000E-02 4.5846E-01 -5.7359E-01  2.1935E-05  2.8014E-06
 4.0000E-02 4.6082E-01 -4.9398E-01 -4.6253E-05  6.2585E-07
 4.0000E-02 4.6321E-01 -4.0360E-01 -9.5367E-07 -9.0897E-06
 4.0000E-02 4.6563E-01 -3.0284E-01  3.8624E-05  3.0100E-06
 4.0000E-02 4.6806E-01 -1.9211E-01  1.3351E-05  1.5810E-05
 4.0000E-02 4.7053E-01 -7.2060E-02 -1.7166E-05 -7.2345E-06
 4.0000E-02 4.7302E-01  5.6096E-02 -1.1921E-05 -3.7327E-06
 4.0000E-02 4.7553E-01  1.9055E-01  4.2915E-06 -8.1509E-06
 4.0000E-02 4.7807E-01  3.2964E-01 -1.2398E-05 -6.4075E-06
 4.0000E-02 4.8065E-01  4.7134E-01 -1.4305E-06  2.8610E-06
 4.0000E-02 4.8324E-01  6.1339E-01 -1.4305E-06 -4.2915E-06
 4.0000E-02 4.8587E-01  7.5357E-01 -6.1989E-06 -2.5034E-06
 4.0000E-02 4.8852E-01  8.8969E-01  1.0490E-05  8.9407E-07
 4.0000E-02 4.9121E-01  1.0197E+00 -2.0504E-05 -2.5034E-06
 4.0000E-02 4.9392E-01  1.1420E+00  1.6212E-05 -1.0848E-05
 4.0000E-02 4.9667E-01  1.2545E+00 -2.3365E-05  2.3842E-07
 4.0000E-02 4.9944E-01  1.3558E+00 -1.9073E-05 -7.1526E-07
 4.0000E-02 5.0225E-01  1.4476E+00 -1.9073E-05 -2.6941E-05
 4.0000E-02 5.0508E-01  1.5302E+00 -1.0014E-05 -2.3842E-06
 4.0000E-02 5.0795E-01  1.6040E+00 -1.4305E-05 -4.7684E-07
 4.0000E-02 5.1086E-01  1.6701E+00  1.2875E-05  4.4107E-06
 4.0000E-02 5.1379E-01  1.7301E+00 -5.2452E-06  5.3644E-06
 4.0000E-02 5.1676E-01  1.7857E+00  9.5367E-07 -3.5763E-06
 4.0000E-02 5.1977E-01  1.8390E+00 -4.1485E-05  2.1815E-05
 4.0000E-02 5.2281E-01  1.8945E+00 -1.0490E-05 -3.3379E-06
 4.0000E-02 5.2588E-01  1.9494E+00  1.8120E-05 -3.2187E-06
 4.0000E-02 5.2899E-01  2.0008E+00 -1.2398E-05 -1.3590E-05
 4.0000E-02 5.3214E-01  2.0477E+00  1.9073E-05  3.5763E-06
 4.0000E-02 5.3533E-01  2.0892E+00  6.1989E-05 -3.4809E-05
 4.0000E-02 5.3855E-01  2.1245E+00  2.7657E-05 -1.0967E-05
 4.0000E-02 5.4182E-01  2.1531E+00  0.0000E+00  1.4782E-05
 4.0000E-02 5.4512E-01  2.1752E+00  6.2943E-05 -1.0490E-05
 4.0000E-02 5.4847E-01  2.1913E+00  7.1526E-06 -3.0994E-06
 4.0000E-02 5.5185E-01  2.2021E+00  4.3631E-05 -1.4067E-05
 4.0000E-02 5.5528E-01  2.2090E+00 -2.7180E-05 -2.3842E-06
 4.0000E-02 5.5875E-01  2.2121E+00 -5.4359E-05 -1.9073E-05
 4.0000E-02 5.6226E-01  2.2115E+00 -5.9605E-06 -6.4373E-06
 4.0000E-02 5.6582E-01  2.2070E+00  2.9325E-05  2.6703E-05
 4.0000E-02 5.6943E-01  2.1981E+00  2.1935E-05  2.0504E-05
 4.0000E-02 5.7308E-01  2.1843E+00  1.4067E-05  6.4373E-06
 4.0000E-02 5.7677E-01  2.1653E+00  1.0729E-05 -2.3842E-07
 4.0000E-02 5.8052E-01  2.1413E+00  1.9789E-05  4.5300E-06
 4.0000E-02 5.8431E-01  2.1126E+00 -4.7684E-07  1.3828E-05
 4.0000E-02 5.8816E-01  2.0807E+00  3.5763E-06  1.9073E-06
 4.0000E-02 5.9205E-01  2.0475E+00  3.3379E-06 -3.3379E-06
 4.0000E-02 5.9600E-01  2.0143E+00  1.1683E-05 -9.7752E-06
 4.0000E-02 6.0000E-01  1.9824E+00 -6.1035E-05 -2.5153E-05
