 DDSCAT --- DDSCAT 7.3.3 [22.01.20]   
 TARGET --->TARGSPHER  spherical target with explicit spacing                 
 GPFAFT --- method of solution 
 FLTRCD --- prescription for polarizabilities
 FROM_FILE --- shape 
    4169 = NAT0 = number of dipoles
 ../../diel/Pena-Rioux_dielectric_26Au_74Ag                  
 ../../diel/Pena-Rioux_dielectric_34Au_66Ag                  
 ../../diel/Pena-Rioux_dielectric_65Au_35Ag                  
 ../../diel/Pena-Rioux_dielectric_76Au_24Ag                  
 ../../diel/Au_evap                                          
   0.000   0.000 = beta_min, beta_max ;  NBETA = 1
   0.000   0.000 = theta_min, theta_max; NTHETA= 1
   0.000   0.000 = phi_min, phi_max   ;   NPHI = 1
 Results averaged over    1 target orientations
                   and  2 incident polarizations
   aeff       wave       Q_pha       Q_pol       Q_cpol
 1.0000E-03 3.0000E-01  2.0256E-02  1.0431E-07 -1.4901E-08
 1.0000E-03 3.0101E-01  2.0047E-02  1.4901E-08 -3.7253E-09
 1.0000E-03 3.0203E-01  1.9830E-02  1.1176E-07 -5.2154E-08
 1.0000E-03 3.0305E-01  1.9607E-02  1.4901E-08  1.8626E-09
 1.0000E-03 3.0408E-01  1.9379E-02 -1.1176E-07  1.8626E-08
 1.0000E-03 3.0512E-01  1.9146E-02 -8.1956E-08 -3.3528E-08
 1.0000E-03 3.0616E-01  1.8908E-02 -7.4506E-09 -5.5879E-09
 1.0000E-03 3.0722E-01  1.8664E-02 -1.4901E-08 -3.7253E-09
 1.0000E-03 3.0828E-01  1.8418E-02 -2.9802E-08  2.9802E-08
 1.0000E-03 3.0934E-01  1.8184E-02 -1.3411E-07 -3.9116E-08
 1.0000E-03 3.1042E-01  1.7946E-02 -2.3097E-07 -2.9802E-08
 1.0000E-03 3.1150E-01  1.7706E-02  1.8626E-07  4.2841E-08
 1.0000E-03 3.1259E-01  1.7463E-02 -1.4901E-08  3.7253E-09
 1.0000E-03 3.1368E-01  1.7214E-02  8.9407E-08  1.8626E-09
 1.0000E-03 3.1479E-01  1.6959E-02 -2.0862E-07  5.5879E-09
 1.0000E-03 3.1590E-01  1.6698E-02 -4.4703E-08  3.7253E-09
 1.0000E-03 3.1702E-01  1.6431E-02 -7.4506E-09  2.6077E-08
 1.0000E-03 3.1815E-01  1.6159E-02  3.2037E-07 -5.5879E-09
 1.0000E-03 3.1929E-01  1.5876E-02 -6.7055E-08 -3.5390E-08
 1.0000E-03 3.2043E-01  1.5582E-02 -1.1176E-07  4.0978E-08
 1.0000E-03 3.2158E-01  1.5269E-02  1.6391E-07 -9.3132E-09
 1.0000E-03 3.2274E-01  1.4943E-02  4.4703E-08 -2.7940E-08
 1.0000E-03 3.2391E-01  1.4606E-02  4.4703E-08 -1.6764E-08
 1.0000E-03 3.2509E-01  1.4256E-02  1.1176E-07 -1.9558E-08
 1.0000E-03 3.2628E-01  1.3893E-02  1.3411E-07  1.3970E-08
 1.0000E-03 3.2747E-01  1.3481E-02 -1.3411E-07 -9.3132E-09
 1.0000E-03 3.2868E-01  1.3056E-02  4.4703E-08  1.0245E-08
 1.0000E-03 3.2989E-01  1.2619E-02  2.9802E-08  1.3039E-08
 1.0000E-03 3.3111E-01  1.2169E-02 -2.2352E-07  3.7253E-09
 1.0000E-03 3.3234E-01  1.1710E-02  1.1921E-07  6.5193E-09
 1.0000E-03 3.3358E-01  1.1239E-02  0.0000E+00 -2.4214E-08
 1.0000E-03 3.3483E-01  1.0754E-02  1.2666E-07  1.0245E-08
 1.0000E-03 3.3609E-01  1.0256E-02  9.6858E-08 -9.3132E-10
 1.0000E-03 3.3736E-01  9.7549E-03  5.9605E-08 -3.7253E-09
 1.0000E-03 3.3864E-01  9.2501E-03 -7.4506E-09  2.7940E-08
 1.0000E-03 3.3992E-01  8.7406E-03 -8.9407E-08 -7.4506E-09
 1.0000E-03 3.4122E-01  8.2256E-03 -1.4901E-08  1.1176E-08
 1.0000E-03 3.4253E-01  7.7041E-03  7.4506E-08  0.0000E+00
 1.0000E-03 3.4385E-01  7.1745E-03  2.4587E-07 -1.3970E-09
 1.0000E-03 3.4517E-01  6.6446E-03  1.1921E-07  1.3039E-08
 1.0000E-03 3.4651E-01  6.1250E-03  1.4901E-07 -5.1223E-09
 1.0000E-03 3.4786E-01  5.6064E-03 -7.4506E-09 -8.8476E-09
 1.0000E-03 3.4922E-01  5.0885E-03  3.7253E-08 -1.8626E-09
 1.0000E-03 3.5059E-01  4.5710E-03  6.7055E-08  4.1910E-09
 1.0000E-03 3.5197E-01  4.0537E-03  7.4506E-09 -3.7253E-09
 1.0000E-03 3.5336E-01  3.5361E-03 -1.7881E-07  1.0012E-08
 1.0000E-03 3.5476E-01  3.0260E-03  7.4506E-09  2.3283E-10
 1.0000E-03 3.5618E-01  2.5226E-03  2.2352E-08 -2.3283E-10
 1.0000E-03 3.5760E-01  2.0234E-03  5.2154E-08  3.2596E-09
 1.0000E-03 3.5904E-01  1.5288E-03 -9.6858E-08  5.8208E-10
 1.0000E-03 3.6048E-01  1.0392E-03  0.0000E+00 -4.1910E-09
 1.0000E-03 3.6194E-01  5.5534E-04  1.4901E-08 -4.0745E-10
 1.0000E-03 3.6341E-01  7.9463E-05 -2.9802E-08 -7.7125E-10
 1.0000E-03 3.6490E-01 -3.8580E-04  2.9802E-08  5.6170E-09
 1.0000E-03 3.6639E-01 -8.4327E-04 -5.2154E-08 -4.4820E-09
 1.0000E-03 3.6790E-01 -1.2901E-03  4.4703E-08 -3.6089E-09
 1.0000E-03 3.6942E-01 -1.7245E-03 -4.4703E-08 -3.6089E-09
 1.0000E-03 3.7095E-01 -2.1461E-03 -2.9057E-07  4.1910E-09
 1.0000E-03 3.7250E-01 -2.5522E-03 -5.9605E-08  6.2864E-09
 1.0000E-03 3.7406E-01 -2.9412E-03 -5.9605E-08 -1.1642E-09
 1.0000E-03 3.7563E-01 -3.3133E-03  2.3097E-07 -1.8626E-09
 1.0000E-03 3.7722E-01 -3.6656E-03 -3.7253E-08 -8.8476E-09
 1.0000E-03 3.7881E-01 -3.9946E-03 -1.4156E-07  9.3132E-10
 1.0000E-03 3.8043E-01 -4.2958E-03 -2.2352E-07  4.6566E-10
 1.0000E-03 3.8205E-01 -4.5657E-03 -2.4587E-07 -5.1223E-09
 1.0000E-03 3.8369E-01 -4.8049E-03  5.9605E-08  7.4506E-09
 1.0000E-03 3.8534E-01 -5.0088E-03 -1.5646E-07 -2.7940E-09
 1.0000E-03 3.8701E-01 -5.1706E-03  2.1607E-07 -2.7940E-09
 1.0000E-03 3.8870E-01 -5.2830E-03 -3.7253E-08  1.2573E-08
 1.0000E-03 3.9039E-01 -5.3374E-03 -1.6391E-07  4.1910E-09
 1.0000E-03 3.9211E-01 -5.3299E-03  7.4506E-08 -7.9162E-09
 1.0000E-03 3.9383E-01 -5.2541E-03 -7.4506E-08 -3.2596E-09
 1.0000E-03 3.9558E-01 -5.0991E-03 -7.4506E-08  6.5193E-09
 1.0000E-03 3.9733E-01 -4.8505E-03 -1.9372E-07 -8.3819E-09
 1.0000E-03 3.9911E-01 -4.4903E-03 -1.7881E-07  8.8476E-09
 1.0000E-03 4.0090E-01 -4.0111E-03 -1.4901E-07  3.4925E-08
 1.0000E-03 4.0270E-01 -3.3987E-03  1.9372E-07 -2.4913E-08
 1.0000E-03 4.0452E-01 -2.6312E-03  8.9407E-08 -5.8906E-08
 1.0000E-03 4.0636E-01 -1.6846E-03 -3.8743E-07 -1.9453E-07
 1.0000E-03 4.0822E-01 -5.3226E-04  8.3447E-07 -1.3388E-09
 1.0000E-03 4.1009E-01  8.4349E-04  8.9407E-08 -1.0186E-08
 1.0000E-03 4.1198E-01  2.4733E-03  3.1292E-07 -1.0012E-08
 1.0000E-03 4.1389E-01  4.3899E-03  7.4506E-08  3.5390E-08
 1.0000E-03 4.1581E-01  6.6224E-03  1.9372E-07 -9.3132E-10
 1.0000E-03 4.1776E-01  9.2007E-03  7.8976E-07 -1.4901E-08
 1.0000E-03 4.1972E-01  1.2137E-02  3.1292E-07  5.2154E-08
 1.0000E-03 4.2170E-01  1.5446E-02 -1.7881E-07  8.3819E-09
 1.0000E-03 4.2370E-01  1.9120E-02  3.2783E-07 -6.7055E-08
 1.0000E-03 4.2571E-01  2.3129E-02 -3.2783E-07  3.1665E-08
 1.0000E-03 4.2775E-01  2.7426E-02 -3.4273E-07  9.1270E-08
 1.0000E-03 4.2981E-01  3.1952E-02 -2.8312E-07  3.7253E-08
 1.0000E-03 4.3188E-01  3.6625E-02 -6.8545E-07 -1.2293E-07
 1.0000E-03 4.3398E-01  4.1365E-02 -6.2585E-07 -1.8626E-08
 1.0000E-03 4.3610E-01  4.6095E-02 -3.7253E-07  7.4506E-08
 1.0000E-03 4.3824E-01  5.0745E-02 -4.1723E-07 -8.5682E-08
 1.0000E-03 4.4039E-01  5.5245E-02 -5.6624E-07 -1.8626E-08
 1.0000E-03 4.4257E-01  5.9537E-02  3.1292E-07 -2.2352E-08
 1.0000E-03 4.4478E-01  6.3570E-02  2.2352E-07  7.4506E-09
 1.0000E-03 4.4700E-01  6.7306E-02 -4.0233E-07 -8.9407E-08
 1.0000E-03 4.4925E-01  7.0712E-02 -2.5332E-07 -8.1956E-08
 1.0000E-03 4.5152E-01  7.3770E-02  7.4506E-08 -7.4506E-09
 1.0000E-03 4.5381E-01  7.6470E-02 -1.6391E-07 -7.4506E-09
 1.0000E-03 4.5612E-01  7.8802E-02  8.9407E-08  1.7136E-07
 1.0000E-03 4.5846E-01  8.0764E-02 -1.9372E-07  8.9407E-08
 1.0000E-03 4.6082E-01  8.2364E-02  2.0862E-07  1.3411E-07
 1.0000E-03 4.6321E-01  8.3613E-02  1.7881E-07 -1.4901E-08
 1.0000E-03 4.6563E-01  8.4523E-02  1.7881E-07  1.9372E-07
 1.0000E-03 4.6806E-01  8.5108E-02 -1.1921E-07 -8.9407E-08
 1.0000E-03 4.7053E-01  8.5386E-02  1.3411E-07 -2.7567E-07
 1.0000E-03 4.7302E-01  8.5362E-02 -5.9605E-08  1.4156E-07
 1.0000E-03 4.7553E-01  8.5064E-02 -2.5332E-07 -1.1176E-07
 1.0000E-03 4.7807E-01  8.4528E-02  1.7881E-07  7.4506E-08
 1.0000E-03 4.8065E-01  8.3777E-02  7.4506E-09  1.0431E-07
 1.0000E-03 4.8324E-01  8.2834E-02 -1.4901E-07 -2.2352E-08
 1.0000E-03 4.8587E-01  8.1730E-02  2.3842E-07  0.0000E+00
 1.0000E-03 4.8852E-01  8.0493E-02 -7.4506E-08  2.6822E-07
 1.0000E-03 4.9121E-01  7.9148E-02 -1.4901E-08 -1.3411E-07
 1.0000E-03 4.9392E-01  7.7729E-02  5.2154E-08 -1.4901E-08
 1.0000E-03 4.9667E-01  7.6276E-02  3.9116E-07 -2.3097E-07
 1.0000E-03 4.9944E-01  7.4839E-02  5.2154E-07 -1.5646E-07
 1.0000E-03 5.0225E-01  7.3408E-02 -2.4959E-07  2.1607E-07
 1.0000E-03 5.0508E-01  7.2007E-02 -2.6077E-08  1.1921E-07
 1.0000E-03 5.0795E-01  7.0655E-02 -2.8685E-07  4.1723E-07
 1.0000E-03 5.1086E-01  6.9368E-02  6.3330E-08  7.4506E-08
 1.0000E-03 5.1379E-01  6.8163E-02 -1.4156E-07  9.6858E-08
 1.0000E-03 5.1676E-01  6.7049E-02  1.3411E-07 -7.4506E-08
 1.0000E-03 5.1977E-01  6.6031E-02  3.7253E-09 -5.2154E-08
 1.0000E-03 5.2281E-01  6.5037E-02  2.1979E-07  2.9802E-08
 1.0000E-03 5.2588E-01  6.4042E-02  7.0781E-08 -4.4703E-08
 1.0000E-03 5.2899E-01  6.3059E-02  1.9372E-07  5.2154E-08
 1.0000E-03 5.3214E-01  6.2075E-02  8.1956E-08  0.0000E+00
 1.0000E-03 5.3533E-01  6.1082E-02  3.3528E-08 -2.2352E-08
 1.0000E-03 5.3855E-01  6.0075E-02  2.1793E-07 -5.2154E-08
 1.0000E-03 5.4182E-01  5.9056E-02  3.0361E-07  2.4214E-07
 1.0000E-03 5.4512E-01  5.8029E-02 -1.6205E-07  3.0920E-07
 1.0000E-03 5.4847E-01  5.7004E-02  1.1735E-07  1.4901E-07
 1.0000E-03 5.5185E-01  5.6012E-02 -9.6485E-07 -3.1665E-07
 1.0000E-03 5.5528E-01  5.5046E-02 -2.0489E-07  4.0233E-07
 1.0000E-03 5.5875E-01  5.4107E-02 -5.4762E-07 -1.6019E-07
 1.0000E-03 5.6226E-01  5.3192E-02  3.6508E-07  2.2352E-07
 1.0000E-03 5.6582E-01  5.2302E-02 -5.1595E-07 -4.3958E-07
 1.0000E-03 5.6943E-01  5.1431E-02  1.3597E-07  5.8487E-07
 1.0000E-03 5.7308E-01  5.0574E-02 -2.9802E-08 -7.4506E-08
 1.0000E-03 5.7677E-01  4.9726E-02  9.0338E-08  6.7055E-08
 1.0000E-03 5.8052E-01  4.8883E-02 -1.5832E-08  1.4529E-07
 1.0000E-03 5.8431E-01  4.8043E-02 -1.0338E-07 -1.0058E-07
 1.0000E-03 5.8816E-01  4.7214E-02 -6.2399E-08 -1.7136E-07
 1.0000E-03 5.9205E-01  4.6408E-02 -2.8871E-08 -1.2293E-07
 1.0000E-03 5.9600E-01  4.5637E-02  9.3132E-09 -8.1956E-08
 1.0000E-03 6.0000E-01  4.4909E-02  1.7323E-07 -3.7253E-09
