 DDSCAT --- DDSCAT 7.3.3 [22.01.20]   
 TARGET --->TARGSPHER  spherical target with explicit spacing                 
 GPFAFT --- method of solution 
 FLTRCD --- prescription for polarizabilities
 FROM_FILE --- shape 
    4169 = NAT0 = number of dipoles
 ../../diel/Pena-Rioux_dielectric_26Au_74Ag                  
 ../../diel/Pena-Rioux_dielectric_65Au_35Ag                  
 ../../diel/Pena-Rioux_dielectric_76Au_24Ag                  
 ../../diel/Au_evap                                          
   0.000   0.000 = beta_min, beta_max ;  NBETA = 1
   0.000   0.000 = theta_min, theta_max; NTHETA= 1
   0.000   0.000 = phi_min, phi_max   ;   NPHI = 1
 0.5000 = ETASCA (param. controlling # of scatt. dirs used to calculate <cos> etc.
 Results averaged over    1 target orientations
                   and  2 incident polarizations
   aeff       wave       Q_ext     Q_abs      Q_sca     g(1)=<cos>  <cos^2>    Q_bk       Nsca
 1.0000E-03 3.0000E-01 8.5017E-02 8.5016E-02 1.1601E-06  2.5925E-04 4.0217E-01 1.3827E-07   214
 1.0000E-03 3.0101E-01 8.4566E-02 8.4566E-02 1.1381E-06  2.5880E-04 4.0217E-01 1.3565E-07   214
 1.0000E-03 3.0203E-01 8.4142E-02 8.4141E-02 1.1169E-06  2.5829E-04 4.0217E-01 1.3312E-07   214
 1.0000E-03 3.0305E-01 8.3733E-02 8.3732E-02 1.0961E-06  2.5781E-04 4.0217E-01 1.3065E-07   214
 1.0000E-03 3.0408E-01 8.3338E-02 8.3337E-02 1.0759E-06  2.5726E-04 4.0217E-01 1.2823E-07   214
 1.0000E-03 3.0512E-01 8.2958E-02 8.2957E-02 1.0561E-06  2.5701E-04 4.0217E-01 1.2588E-07   214
 1.0000E-03 3.0616E-01 8.2593E-02 8.2592E-02 1.0369E-06  2.5665E-04 4.0217E-01 1.2358E-07   214
 1.0000E-03 3.0722E-01 8.2242E-02 8.2241E-02 1.0181E-06  2.5591E-04 4.0217E-01 1.2135E-07   214
 1.0000E-03 3.0828E-01 8.1909E-02 8.1908E-02 9.9992E-07  2.5573E-04 4.0217E-01 1.1918E-07   214
 1.0000E-03 3.0934E-01 8.1595E-02 8.1594E-02 9.8262E-07  2.5530E-04 4.0217E-01 1.1712E-07   214
 1.0000E-03 3.1042E-01 8.1290E-02 8.1289E-02 9.6566E-07  2.5480E-04 4.0217E-01 1.1510E-07   214
 1.0000E-03 3.1150E-01 8.0983E-02 8.0982E-02 9.4888E-07  2.5398E-04 4.0217E-01 1.1310E-07   214
 1.0000E-03 3.1259E-01 8.0682E-02 8.0681E-02 9.3239E-07  2.5379E-04 4.0217E-01 1.1113E-07   214
 1.0000E-03 3.1368E-01 8.0390E-02 8.0389E-02 9.1622E-07  2.5316E-04 4.0217E-01 1.0921E-07   214
 1.0000E-03 3.1479E-01 8.0108E-02 8.0107E-02 9.0038E-07  2.5257E-04 4.0217E-01 1.0732E-07   214
 1.0000E-03 3.1590E-01 7.9835E-02 7.9834E-02 8.8486E-07  2.5208E-04 4.0217E-01 1.0547E-07   214
 1.0000E-03 3.1702E-01 7.9572E-02 7.9571E-02 8.6965E-07  2.5162E-04 4.0217E-01 1.0365E-07   214
 1.0000E-03 3.1815E-01 7.9266E-02 7.9265E-02 8.5382E-07  2.5113E-04 4.0217E-01 1.0177E-07   214
 1.0000E-03 3.1929E-01 7.8966E-02 7.8965E-02 8.3816E-07  2.5064E-04 4.0217E-01 9.9902E-08   214
 1.0000E-03 3.2043E-01 7.8679E-02 7.8679E-02 8.2285E-07  2.4975E-04 4.0217E-01 9.8077E-08   214
 1.0000E-03 3.2158E-01 7.8430E-02 7.8429E-02 8.0814E-07  2.4913E-04 4.0217E-01 9.6324E-08   214
 1.0000E-03 3.2274E-01 7.8192E-02 7.8192E-02 7.9373E-07  2.4894E-04 4.0217E-01 9.4606E-08   214
 1.0000E-03 3.2391E-01 7.7967E-02 7.7966E-02 7.7961E-07  2.4830E-04 4.0217E-01 9.2924E-08   214
 1.0000E-03 3.2509E-01 7.7753E-02 7.7752E-02 7.6577E-07  2.4776E-04 4.0217E-01 9.1275E-08   214
 1.0000E-03 3.2628E-01 7.7551E-02 7.7550E-02 7.5222E-07  2.4704E-04 4.0217E-01 8.9660E-08   214
 1.0000E-03 3.2747E-01 7.7370E-02 7.7370E-02 7.3867E-07  2.4654E-04 4.0217E-01 8.8044E-08   214
 1.0000E-03 3.2868E-01 7.7222E-02 7.7222E-02 7.2579E-07  2.4612E-04 4.0217E-01 8.6509E-08   214
 1.0000E-03 3.2989E-01 7.7106E-02 7.7106E-02 7.1359E-07  2.4546E-04 4.0217E-01 8.5056E-08   214
 1.0000E-03 3.3111E-01 7.7024E-02 7.7023E-02 7.0208E-07  2.4462E-04 4.0217E-01 8.3683E-08   214
 1.0000E-03 3.3234E-01 7.6961E-02 7.6961E-02 6.9107E-07  2.4393E-04 4.0217E-01 8.2371E-08   214
 1.0000E-03 3.3358E-01 7.6925E-02 7.6924E-02 6.8064E-07  2.4331E-04 4.0217E-01 8.1128E-08   214
 1.0000E-03 3.3483E-01 7.6921E-02 7.6920E-02 6.7087E-07  2.4261E-04 4.0217E-01 7.9964E-08   214
 1.0000E-03 3.3609E-01 7.6985E-02 7.6985E-02 6.6236E-07  2.4197E-04 4.0217E-01 7.8950E-08   214
 1.0000E-03 3.3736E-01 7.7129E-02 7.7128E-02 6.5533E-07  2.4081E-04 4.0217E-01 7.8112E-08   214
 1.0000E-03 3.3864E-01 7.7317E-02 7.7316E-02 6.4924E-07  2.4028E-04 4.0217E-01 7.7387E-08   214
 1.0000E-03 3.3992E-01 7.7553E-02 7.7552E-02 6.4411E-07  2.3925E-04 4.0217E-01 7.6774E-08   214
 1.0000E-03 3.4122E-01 7.7838E-02 7.7838E-02 6.3995E-07  2.3841E-04 4.0217E-01 7.6279E-08   214
 1.0000E-03 3.4253E-01 7.8176E-02 7.8175E-02 6.3679E-07  2.3728E-04 4.0217E-01 7.5903E-08   214
 1.0000E-03 3.4385E-01 7.8565E-02 7.8564E-02 6.3462E-07  2.3623E-04 4.0217E-01 7.5644E-08   214
 1.0000E-03 3.4517E-01 7.9020E-02 7.9019E-02 6.3369E-07  2.3510E-04 4.0217E-01 7.5533E-08   214
 1.0000E-03 3.4651E-01 7.9535E-02 7.9534E-02 6.3397E-07  2.3407E-04 4.0217E-01 7.5567E-08   214
 1.0000E-03 3.4786E-01 8.0103E-02 8.0102E-02 6.3528E-07  2.3302E-04 4.0217E-01 7.5724E-08   214
 1.0000E-03 3.4922E-01 8.0728E-02 8.0728E-02 6.3767E-07  2.3177E-04 4.0217E-01 7.6009E-08   214
 1.0000E-03 3.5059E-01 8.1415E-02 8.1414E-02 6.4119E-07  2.3063E-04 4.0217E-01 7.6428E-08   214
 1.0000E-03 3.5197E-01 8.2166E-02 8.2165E-02 6.4590E-07  2.2924E-04 4.0217E-01 7.6990E-08   214
 1.0000E-03 3.5336E-01 8.2987E-02 8.2986E-02 6.5187E-07  2.2820E-04 4.0217E-01 7.7701E-08   214
 1.0000E-03 3.5476E-01 8.3880E-02 8.3879E-02 6.5914E-07  2.2702E-04 4.0217E-01 7.8568E-08   214
 1.0000E-03 3.5618E-01 8.4837E-02 8.4837E-02 6.6761E-07  2.2559E-04 4.0217E-01 7.9578E-08   214
 1.0000E-03 3.5760E-01 8.5857E-02 8.5856E-02 6.7720E-07  2.2445E-04 4.0217E-01 8.0722E-08   214
 1.0000E-03 3.5904E-01 8.6942E-02 8.6941E-02 6.8799E-07  2.2326E-04 4.0217E-01 8.2008E-08   214
 1.0000E-03 3.6048E-01 8.8098E-02 8.8097E-02 7.0005E-07  2.2195E-04 4.0217E-01 8.3446E-08   214
 1.0000E-03 3.6194E-01 8.9331E-02 8.9330E-02 7.1348E-07  2.2070E-04 4.0217E-01 8.5047E-08   214
 1.0000E-03 3.6341E-01 9.0642E-02 9.0641E-02 7.2831E-07  2.1956E-04 4.0217E-01 8.6815E-08   214
 1.0000E-03 3.6490E-01 9.2017E-02 9.2016E-02 7.4430E-07  2.1846E-04 4.0217E-01 8.8721E-08   214
 1.0000E-03 3.6639E-01 9.3463E-02 9.3462E-02 7.6157E-07  2.1692E-04 4.0217E-01 9.0781E-08   214
 1.0000E-03 3.6790E-01 9.4985E-02 9.4984E-02 7.8023E-07  2.1567E-04 4.0217E-01 9.3005E-08   214
 1.0000E-03 3.6942E-01 9.6589E-02 9.6588E-02 8.0035E-07  2.1440E-04 4.0217E-01 9.5403E-08   214
 1.0000E-03 3.7095E-01 9.8278E-02 9.8277E-02 8.2201E-07  2.1294E-04 4.0217E-01 9.7986E-08   214
 1.0000E-03 3.7250E-01 1.0005E-01 1.0005E-01 8.4528E-07  2.1174E-04 4.0217E-01 1.0076E-07   214
 1.0000E-03 3.7406E-01 1.0191E-01 1.0191E-01 8.6995E-07  2.1047E-04 4.0217E-01 1.0370E-07   214
 1.0000E-03 3.7563E-01 1.0384E-01 1.0384E-01 8.9617E-07  2.0900E-04 4.0217E-01 1.0683E-07   214
 1.0000E-03 3.7722E-01 1.0587E-01 1.0587E-01 9.2426E-07  2.3637E-04 4.0254E-01 1.1015E-07   184
 1.0000E-03 3.7881E-01 1.0800E-01 1.0799E-01 9.5400E-07  2.3495E-04 4.0254E-01 1.1370E-07   184
 1.0000E-03 3.8043E-01 1.1022E-01 1.1022E-01 9.8571E-07  2.3383E-04 4.0254E-01 1.1748E-07   184
 1.0000E-03 3.8205E-01 1.1255E-01 1.1255E-01 1.0193E-06  2.3253E-04 4.0254E-01 1.2148E-07   184
 1.0000E-03 3.8369E-01 1.1496E-01 1.1496E-01 1.0545E-06  2.3135E-04 4.0254E-01 1.2568E-07   184
 1.0000E-03 3.8534E-01 1.1748E-01 1.1748E-01 1.0920E-06  2.2986E-04 4.0254E-01 1.3015E-07   184
 1.0000E-03 3.8701E-01 1.2012E-01 1.2012E-01 1.1319E-06  2.2834E-04 4.0254E-01 1.3490E-07   184
 1.0000E-03 3.8870E-01 1.2289E-01 1.2289E-01 1.1742E-06  2.2736E-04 4.0254E-01 1.3994E-07   184
 1.0000E-03 3.9039E-01 1.2578E-01 1.2578E-01 1.2193E-06  2.2597E-04 4.0254E-01 1.4532E-07   184
 1.0000E-03 3.9211E-01 1.2880E-01 1.2880E-01 1.2669E-06  2.2458E-04 4.0254E-01 1.5099E-07   184
 1.0000E-03 3.9383E-01 1.3195E-01 1.3195E-01 1.3175E-06  2.2350E-04 4.0254E-01 1.5702E-07   184
 1.0000E-03 3.9558E-01 1.3524E-01 1.3524E-01 1.3713E-06  2.2201E-04 4.0254E-01 1.6344E-07   184
 1.0000E-03 3.9733E-01 1.3868E-01 1.3868E-01 1.4286E-06  2.2091E-04 4.0254E-01 1.7026E-07   184
 1.0000E-03 3.9911E-01 1.4228E-01 1.4228E-01 1.4896E-06  2.1973E-04 4.0254E-01 1.7754E-07   184
 1.0000E-03 4.0090E-01 1.4602E-01 1.4602E-01 1.5542E-06  2.1842E-04 4.0254E-01 1.8523E-07   184
 1.0000E-03 4.0270E-01 1.4991E-01 1.4991E-01 1.6228E-06  2.1723E-04 4.0254E-01 1.9341E-07   184
 1.0000E-03 4.0452E-01 1.5395E-01 1.5395E-01 1.6957E-06  2.1583E-04 4.0254E-01 2.0210E-07   184
 1.0000E-03 4.0636E-01 1.5813E-01 1.5813E-01 1.7728E-06  2.1467E-04 4.0254E-01 2.1130E-07   184
 1.0000E-03 4.0822E-01 1.6243E-01 1.6243E-01 1.8542E-06  2.1358E-04 4.0254E-01 2.2099E-07   184
 1.0000E-03 4.1009E-01 1.6684E-01 1.6684E-01 1.9399E-06  2.1237E-04 4.0254E-01 2.3120E-07   184
 1.0000E-03 4.1198E-01 1.7133E-01 1.7133E-01 2.0299E-06  2.1128E-04 4.0254E-01 2.4193E-07   184
 1.0000E-03 4.1389E-01 1.7586E-01 1.7586E-01 2.1236E-06  2.0987E-04 4.0254E-01 2.5311E-07   184
 1.0000E-03 4.1581E-01 1.8036E-01 1.8036E-01 2.2204E-06  2.0898E-04 4.0254E-01 2.6464E-07   184
 1.0000E-03 4.1776E-01 1.8477E-01 1.8477E-01 2.3191E-06  2.0762E-04 4.0254E-01 2.7641E-07   184
 1.0000E-03 4.1972E-01 1.8903E-01 1.8903E-01 2.4197E-06  2.0654E-04 4.0254E-01 2.8840E-07   184
 1.0000E-03 4.2170E-01 1.9302E-01 1.9301E-01 2.5197E-06  2.0536E-04 4.0254E-01 3.0032E-07   184
 1.0000E-03 4.2370E-01 1.9662E-01 1.9662E-01 2.6173E-06  2.0430E-04 4.0254E-01 3.1195E-07   184
 1.0000E-03 4.2571E-01 1.9973E-01 1.9973E-01 2.7104E-06  2.0352E-04 4.0254E-01 3.2305E-07   184
 1.0000E-03 4.2775E-01 2.0227E-01 2.0226E-01 2.7978E-06  2.0230E-04 4.0254E-01 3.3346E-07   184
 1.0000E-03 4.2981E-01 2.0414E-01 2.0413E-01 2.8775E-06  2.0134E-04 4.0254E-01 3.4296E-07   184
 1.0000E-03 4.3188E-01 2.0526E-01 2.0526E-01 2.9478E-06  2.0034E-04 4.0254E-01 3.5134E-07   184
 1.0000E-03 4.3398E-01 2.0560E-01 2.0559E-01 3.0075E-06  1.9943E-04 4.0254E-01 3.5847E-07   184
 1.0000E-03 4.3610E-01 2.0512E-01 2.0511E-01 3.0560E-06  1.9854E-04 4.0253E-01 3.6425E-07   184
 1.0000E-03 4.3824E-01 2.0377E-01 2.0377E-01 3.0920E-06  1.9770E-04 4.0254E-01 3.6853E-07   184
 1.0000E-03 4.4039E-01 2.0158E-01 2.0157E-01 3.1151E-06  1.9672E-04 4.0254E-01 3.7129E-07   184
 1.0000E-03 4.4257E-01 1.9853E-01 1.9853E-01 3.1251E-06  1.9622E-04 4.0254E-01 3.7248E-07   184
 1.0000E-03 4.4478E-01 1.9467E-01 1.9467E-01 3.1221E-06  1.9525E-04 4.0253E-01 3.7213E-07   184
 1.0000E-03 4.4700E-01 1.9000E-01 1.8999E-01 3.1057E-06  1.9458E-04 4.0254E-01 3.7017E-07   184
 1.0000E-03 4.4925E-01 1.8455E-01 1.8455E-01 3.0759E-06  1.9389E-04 4.0254E-01 3.6662E-07   184
 1.0000E-03 4.5152E-01 1.7837E-01 1.7837E-01 3.0327E-06  1.9306E-04 4.0254E-01 3.6147E-07   184
 1.0000E-03 4.5381E-01 1.7149E-01 1.7149E-01 2.9760E-06  1.9223E-04 4.0254E-01 3.5472E-07   184
 1.0000E-03 4.5612E-01 1.6399E-01 1.6399E-01 2.9063E-06  1.9165E-04 4.0253E-01 3.4641E-07   184
 1.0000E-03 4.5846E-01 1.5599E-01 1.5599E-01 2.8242E-06  1.9099E-04 4.0253E-01 3.3662E-07   184
 1.0000E-03 4.6082E-01 1.4760E-01 1.4760E-01 2.7307E-06  1.9021E-04 4.0253E-01 3.2548E-07   184
 1.0000E-03 4.6321E-01 1.3895E-01 1.3894E-01 2.6271E-06  1.8953E-04 4.0253E-01 3.1313E-07   184
 1.0000E-03 4.6563E-01 1.3019E-01 1.3019E-01 2.5151E-06  1.8888E-04 4.0254E-01 2.9978E-07   184
 1.0000E-03 4.6806E-01 1.2149E-01 1.2149E-01 2.3971E-06  1.8785E-04 4.0253E-01 2.8572E-07   184
 1.0000E-03 4.7053E-01 1.1298E-01 1.1298E-01 2.2753E-06  1.8743E-04 4.0254E-01 2.7120E-07   184
 1.0000E-03 4.7302E-01 1.0481E-01 1.0481E-01 2.1515E-06  1.8687E-04 4.0253E-01 2.5644E-07   184
 1.0000E-03 4.7553E-01 9.7086E-02 9.7084E-02 2.0284E-06  1.8602E-04 4.0253E-01 2.4178E-07   184
 1.0000E-03 4.7807E-01 8.9863E-02 8.9861E-02 1.9082E-06  1.8531E-04 4.0253E-01 2.2745E-07   184
 1.0000E-03 4.8065E-01 8.3174E-02 8.3172E-02 1.7922E-06  1.8488E-04 4.0254E-01 2.1361E-07   184
 1.0000E-03 4.8324E-01 7.7040E-02 7.7039E-02 1.6812E-06  1.8392E-04 4.0254E-01 2.0039E-07   184
 1.0000E-03 4.8587E-01 7.1462E-02 7.1460E-02 1.5763E-06  1.8340E-04 4.0253E-01 1.8789E-07   184
 1.0000E-03 4.8852E-01 6.6416E-02 6.6415E-02 1.4777E-06  1.8277E-04 4.0253E-01 1.7614E-07   184
 1.0000E-03 4.9121E-01 6.1879E-02 6.1878E-02 1.3856E-06  1.8190E-04 4.0253E-01 1.6515E-07   184
 1.0000E-03 4.9392E-01 5.7822E-02 5.7820E-02 1.3000E-06  1.8131E-04 4.0253E-01 1.5495E-07   184
 1.0000E-03 4.9667E-01 5.4232E-02 5.4231E-02 1.2213E-06  1.8058E-04 4.0254E-01 1.4558E-07   184
 1.0000E-03 4.9944E-01 5.1101E-02 5.1099E-02 1.1501E-06  1.8003E-04 4.0253E-01 1.3708E-07   184
 1.0000E-03 5.0225E-01 4.8315E-02 4.8314E-02 1.0846E-06  1.7932E-04 4.0253E-01 1.2928E-07   184
 1.0000E-03 5.0508E-01 4.5837E-02 4.5836E-02 1.0246E-06  1.7865E-04 4.0254E-01 1.2212E-07   184
 1.0000E-03 5.0795E-01 4.3631E-02 4.3630E-02 9.6979E-07  1.7818E-04 4.0253E-01 1.1559E-07   184
 1.0000E-03 5.1086E-01 4.1656E-02 4.1656E-02 9.1997E-07  1.7770E-04 4.0253E-01 1.0966E-07   184
 1.0000E-03 5.1379E-01 3.9866E-02 3.9865E-02 8.7482E-07  1.7696E-04 4.0253E-01 1.0427E-07   184
 1.0000E-03 5.1676E-01 3.8209E-02 3.8208E-02 8.3397E-07  1.7637E-04 4.0253E-01 9.9405E-08   184
 1.0000E-03 5.1977E-01 3.6628E-02 3.6627E-02 7.9696E-07  1.7587E-04 4.0253E-01 9.4995E-08   184
 1.0000E-03 5.2281E-01 3.4933E-02 3.4932E-02 7.6133E-07  1.7538E-04 4.0253E-01 9.0747E-08   184
 1.0000E-03 5.2588E-01 3.3185E-02 3.3184E-02 7.2661E-07  1.7498E-04 4.0253E-01 8.6609E-08   184
 1.0000E-03 5.2899E-01 3.1468E-02 3.1467E-02 6.9338E-07  1.7409E-04 4.0253E-01 8.2648E-08   184
 1.0000E-03 5.3214E-01 2.9789E-02 2.9788E-02 6.6135E-07  1.7346E-04 4.0253E-01 7.8830E-08   184
 1.0000E-03 5.3533E-01 2.8166E-02 2.8165E-02 6.3036E-07  1.7310E-04 4.0253E-01 7.5137E-08   184
 1.0000E-03 5.3855E-01 2.6621E-02 2.6620E-02 6.0040E-07  1.7215E-04 4.0253E-01 7.1565E-08   184
 1.0000E-03 5.4182E-01 2.5170E-02 2.5169E-02 5.7150E-07  1.7175E-04 4.0253E-01 6.8121E-08   184
 1.0000E-03 5.4512E-01 2.3826E-02 2.3825E-02 5.4379E-07  1.7107E-04 4.0253E-01 6.4818E-08   184
 1.0000E-03 5.4847E-01 2.2593E-02 2.2593E-02 5.1737E-07  1.7039E-04 4.0253E-01 6.1669E-08   184
 1.0000E-03 5.5185E-01 2.1494E-02 2.1493E-02 4.9275E-07  1.6993E-04 4.0253E-01 5.8734E-08   184
 1.0000E-03 5.5528E-01 2.0474E-02 2.0473E-02 4.6955E-07  1.6923E-04 4.0253E-01 5.5969E-08   184
 1.0000E-03 5.5875E-01 1.9518E-02 1.9517E-02 4.4765E-07  1.6846E-04 4.0253E-01 5.3359E-08   184
 1.0000E-03 5.6226E-01 1.8614E-02 1.8614E-02 4.2692E-07  1.6783E-04 4.0253E-01 5.0887E-08   184
 1.0000E-03 5.6582E-01 1.7756E-02 1.7756E-02 4.0721E-07  1.6709E-04 4.0253E-01 4.8539E-08   184
 1.0000E-03 5.6943E-01 1.6940E-02 1.6940E-02 3.8840E-07  1.6636E-04 4.0253E-01 4.6296E-08   184
 1.0000E-03 5.7308E-01 1.6170E-02 1.6170E-02 3.7037E-07  1.6575E-04 4.0253E-01 4.4147E-08   184
 1.0000E-03 5.7677E-01 1.5455E-02 1.5455E-02 3.5305E-07  1.6516E-04 4.0253E-01 4.2083E-08   184
 1.0000E-03 5.8052E-01 1.4811E-02 1.4811E-02 3.3642E-07  1.6427E-04 4.0253E-01 4.0101E-08   184
 1.0000E-03 5.8431E-01 1.4251E-02 1.4251E-02 3.2046E-07  1.6355E-04 4.0253E-01 3.8198E-08   184
 1.0000E-03 5.8816E-01 1.3790E-02 1.3789E-02 3.0530E-07  1.6265E-04 4.0253E-01 3.6392E-08   184
 1.0000E-03 5.9205E-01 1.3426E-02 1.3426E-02 2.9109E-07  1.6219E-04 4.0253E-01 3.4698E-08   184
 1.0000E-03 5.9600E-01 1.3156E-02 1.3155E-02 2.7789E-07  1.6141E-04 4.0253E-01 3.3124E-08   184
 1.0000E-03 6.0000E-01 1.2965E-02 1.2964E-02 2.6573E-07  1.6083E-04 4.0253E-01 3.1675E-08   184
