 DDSCAT --- DDSCAT 7.3.3 [22.01.20]   
 TARGET --->TARGSPHER  spherical target with explicit spacing                 
 GPFAFT --- method of solution 
 FLTRCD --- prescription for polarizabilities
 FROM_FILE --- shape 
    4169 = NAT0 = number of dipoles
 ../../diel/Pena-Rioux_dielectric_26Au_74Ag                  
 ../../diel/Pena-Rioux_dielectric_65Au_35Ag                  
 ../../diel/Pena-Rioux_dielectric_76Au_24Ag                  
 ../../diel/Au_evap                                          
   0.000   0.000 = beta_min, beta_max ;  NBETA = 1
   0.000   0.000 = theta_min, theta_max; NTHETA= 1
   0.000   0.000 = phi_min, phi_max   ;   NPHI = 1
 Results averaged over    1 target orientations
                   and  2 incident polarizations
   aeff       wave       Q_pha       Q_pol       Q_cpol
 1.0000E-03 3.0000E-01  2.0579E-02 -1.7136E-07 -1.8626E-08
 1.0000E-03 3.0101E-01  2.0374E-02 -1.0431E-07  1.4901E-08
 1.0000E-03 3.0203E-01  2.0161E-02 -3.7253E-08 -7.2643E-08
 1.0000E-03 3.0305E-01  1.9942E-02  1.8626E-07 -1.6764E-08
 1.0000E-03 3.0408E-01  1.9720E-02  8.1956E-08 -1.8626E-08
 1.0000E-03 3.0512E-01  1.9492E-02 -2.9802E-08 -1.6764E-08
 1.0000E-03 3.0616E-01  1.9259E-02 -9.6858E-08  2.4214E-08
 1.0000E-03 3.0722E-01  1.9020E-02  2.6822E-07 -2.7940E-08
 1.0000E-03 3.0828E-01  1.8781E-02  0.0000E+00 -3.7253E-09
 1.0000E-03 3.0934E-01  1.8555E-02 -2.2352E-08 -1.6764E-08
 1.0000E-03 3.1042E-01  1.8323E-02  9.6858E-08  5.0291E-08
 1.0000E-03 3.1150E-01  1.8091E-02 -9.6858E-08 -2.0489E-08
 1.0000E-03 3.1259E-01  1.7856E-02  4.4703E-08 -6.1467E-08
 1.0000E-03 3.1368E-01  1.7614E-02 -3.5018E-07  0.0000E+00
 1.0000E-03 3.1479E-01  1.7368E-02  4.0233E-07  1.8626E-09
 1.0000E-03 3.1590E-01  1.7115E-02 -2.2352E-08 -5.5879E-09
 1.0000E-03 3.1702E-01  1.6857E-02  2.5332E-07  3.1665E-08
 1.0000E-03 3.1815E-01  1.6595E-02 -7.4506E-09 -1.4901E-08
 1.0000E-03 3.1929E-01  1.6322E-02  5.2154E-08  0.0000E+00
 1.0000E-03 3.2043E-01  1.6037E-02 -9.6858E-08 -2.2352E-08
 1.0000E-03 3.2158E-01  1.5732E-02  1.6391E-07  3.7253E-09
 1.0000E-03 3.2274E-01  1.5416E-02  1.7136E-07  7.4506E-09
 1.0000E-03 3.2391E-01  1.5087E-02  0.0000E+00 -2.7940E-09
 1.0000E-03 3.2509E-01  1.4746E-02 -1.1176E-07  2.1420E-08
 1.0000E-03 3.2628E-01  1.4392E-02  6.7055E-08 -9.3132E-09
 1.0000E-03 3.2747E-01  1.3986E-02  1.4156E-07  0.0000E+00
 1.0000E-03 3.2868E-01  1.3568E-02  6.7055E-08 -5.5879E-09
 1.0000E-03 3.2989E-01  1.3136E-02  8.1956E-08  2.7940E-09
 1.0000E-03 3.3111E-01  1.2692E-02  1.1921E-07  9.3132E-10
 1.0000E-03 3.3234E-01  1.2238E-02 -4.4703E-08  6.5193E-09
 1.0000E-03 3.3358E-01  1.1772E-02  8.9407E-08  1.6764E-08
 1.0000E-03 3.3483E-01  1.1291E-02  4.4703E-08 -1.5832E-08
 1.0000E-03 3.3609E-01  1.0796E-02  1.3411E-07  5.5879E-09
 1.0000E-03 3.3736E-01  1.0297E-02 -2.9802E-07 -5.5879E-09
 1.0000E-03 3.3864E-01  9.7939E-03 -8.9407E-08  4.6566E-09
 1.0000E-03 3.3992E-01  9.2861E-03  1.2666E-07  3.7253E-09
 1.0000E-03 3.4122E-01  8.7726E-03  7.4506E-08  2.0489E-08
 1.0000E-03 3.4253E-01  8.2524E-03  5.9605E-08 -2.0489E-08
 1.0000E-03 3.4385E-01  7.7241E-03  5.2154E-08  7.4506E-09
 1.0000E-03 3.4517E-01  7.1956E-03 -1.1921E-07  9.7789E-09
 1.0000E-03 3.4651E-01  6.6784E-03 -2.2352E-08  8.3819E-09
 1.0000E-03 3.4786E-01  6.1632E-03 -1.5646E-07  4.6566E-10
 1.0000E-03 3.4922E-01  5.6497E-03 -2.9802E-08 -5.5879E-09
 1.0000E-03 3.5059E-01  5.1376E-03 -2.9802E-08 -4.6566E-09
 1.0000E-03 3.5197E-01  4.6268E-03  1.0431E-07  1.1176E-08
 1.0000E-03 3.5336E-01  4.1170E-03  7.4506E-09  5.1223E-09
 1.0000E-03 3.5476E-01  3.6173E-03  4.4703E-08 -1.1642E-09
 1.0000E-03 3.5618E-01  3.1267E-03 -1.4901E-08  0.0000E+00
 1.0000E-03 3.5760E-01  2.6426E-03  1.1176E-07  2.5611E-09
 1.0000E-03 3.5904E-01  2.1657E-03  6.7055E-08 -6.5193E-09
 1.0000E-03 3.6048E-01  1.6967E-03 -8.1956E-08  1.5134E-09
 1.0000E-03 3.6194E-01  1.2362E-03  0.0000E+00 -2.7940E-09
 1.0000E-03 3.6341E-01  7.8731E-04 -7.4506E-09 -3.7835E-09
 1.0000E-03 3.6490E-01  3.5410E-04  1.2666E-07  8.1491E-10
 1.0000E-03 3.6639E-01 -6.7126E-05 -1.4901E-08 -1.5207E-09
 1.0000E-03 3.6790E-01 -4.7474E-04  7.4506E-09  3.7544E-09
 1.0000E-03 3.6942E-01 -8.6596E-04  1.2666E-07 -1.9209E-09
 1.0000E-03 3.7095E-01 -1.2400E-03 -2.2352E-08 -1.3970E-09
 1.0000E-03 3.7250E-01 -1.5933E-03 -2.2352E-08  2.2119E-09
 1.0000E-03 3.7406E-01 -1.9250E-03  2.2352E-08 -4.1910E-09
 1.0000E-03 3.7563E-01 -2.2365E-03 -2.3842E-07 -3.2596E-09
 1.0000E-03 3.7722E-01 -2.5245E-03 -1.9372E-07  6.2864E-09
 1.0000E-03 3.7881E-01 -2.7855E-03 -5.9605E-08  1.0477E-08
 1.0000E-03 3.8043E-01 -3.0152E-03 -1.3411E-07 -1.4901E-08
 1.0000E-03 3.8205E-01 -3.2099E-03  1.5646E-07 -2.0955E-09
 1.0000E-03 3.8369E-01 -3.3726E-03 -1.4901E-08 -6.2864E-09
 1.0000E-03 3.8534E-01 -3.4988E-03 -1.1176E-07  5.1223E-09
 1.0000E-03 3.8701E-01 -3.5827E-03  2.4587E-07  2.2119E-08
 1.0000E-03 3.8870E-01 -3.6167E-03  2.4587E-07  1.5600E-08
 1.0000E-03 3.9039E-01 -3.5936E-03  4.6194E-07  2.0489E-08
 1.0000E-03 3.9211E-01 -3.5127E-03  4.4703E-08  3.5157E-08
 1.0000E-03 3.9383E-01 -3.3685E-03 -2.0862E-07  2.1188E-08
 1.0000E-03 3.9558E-01 -3.1505E-03 -7.4506E-08  7.5903E-08
 1.0000E-03 3.9733E-01 -2.8469E-03 -1.0580E-06  9.4064E-08
 1.0000E-03 3.9911E-01 -2.4420E-03  2.6822E-07 -2.5611E-08
 1.0000E-03 4.0090E-01 -1.9331E-03  5.9605E-08  6.8685E-09
 1.0000E-03 4.0270E-01 -1.3061E-03 -2.3842E-07  1.5018E-08
 1.0000E-03 4.0452E-01 -5.4131E-04 -8.9407E-08 -1.1642E-09
 1.0000E-03 4.0636E-01  3.8133E-04  1.7881E-07 -1.8132E-08
 1.0000E-03 4.0822E-01  1.4832E-03  5.5134E-07 -2.9011E-07
 1.0000E-03 4.1009E-01  2.7739E-03 -2.8312E-07 -5.3551E-09
 1.0000E-03 4.1198E-01  4.2852E-03  5.0664E-07  6.2864E-08
 1.0000E-03 4.1389E-01  6.0442E-03 -1.4901E-07  5.5879E-09
 1.0000E-03 4.1581E-01  8.0729E-03 -8.9407E-08  3.1665E-08
 1.0000E-03 4.1776E-01  1.0391E-02  7.4506E-08  1.1362E-07
 1.0000E-03 4.1972E-01  1.3011E-02  6.1095E-07 -3.3528E-08
 1.0000E-03 4.2170E-01  1.5947E-02  6.8545E-07  2.6822E-07
 1.0000E-03 4.2370E-01  1.9192E-02 -6.5565E-07 -1.3411E-07
 1.0000E-03 4.2571E-01  2.2724E-02 -1.7881E-07  5.7742E-08
 1.0000E-03 4.2775E-01  2.6519E-02  4.7684E-07  6.7055E-08
 1.0000E-03 4.2981E-01  3.0548E-02 -2.9802E-07 -5.7742E-08
 1.0000E-03 4.3188E-01  3.4755E-02  8.9407E-08  3.7253E-08
 1.0000E-03 4.3398E-01  3.9089E-02 -4.3213E-07 -5.5879E-08
 1.0000E-03 4.3610E-01  4.3501E-02  4.4703E-08  2.5705E-07
 1.0000E-03 4.3824E-01  4.7949E-02  4.0233E-07 -1.4901E-08
 1.0000E-03 4.4039E-01  5.2370E-02  3.4273E-07  1.0058E-07
 1.0000E-03 4.4257E-01  5.6718E-02  5.0664E-07 -1.1921E-07
 1.0000E-03 4.4478E-01  6.0946E-02 -1.4901E-07  9.6858E-08
 1.0000E-03 4.4700E-01  6.5009E-02 -3.5763E-07 -1.5646E-07
 1.0000E-03 4.4925E-01  6.8854E-02  2.6822E-07  1.0431E-07
 1.0000E-03 4.5152E-01  7.2441E-02 -3.2783E-07 -1.1921E-07
 1.0000E-03 4.5381E-01  7.5730E-02  4.3213E-07 -1.4901E-08
 1.0000E-03 4.5612E-01  7.8664E-02 -8.9407E-08 -8.9407E-08
 1.0000E-03 4.5846E-01  8.1193E-02  0.0000E+00  9.6858E-08
 1.0000E-03 4.6082E-01  8.3284E-02 -2.8312E-07 -3.3528E-07
 1.0000E-03 4.6321E-01  8.4913E-02 -5.9605E-08 -2.9802E-08
 1.0000E-03 4.6563E-01  8.6062E-02  1.3411E-07 -1.2666E-07
 1.0000E-03 4.6806E-01  8.6741E-02  3.6508E-07 -1.1176E-07
 1.0000E-03 4.7053E-01  8.6977E-02  2.0862E-07  9.6858E-08
 1.0000E-03 4.7302E-01  8.6792E-02  5.9605E-08  8.9407E-08
 1.0000E-03 4.7553E-01  8.6244E-02  6.5565E-07  2.2352E-08
 1.0000E-03 4.7807E-01  8.5406E-02 -6.2585E-07  7.4506E-09
 1.0000E-03 4.8065E-01  8.4328E-02 -8.1956E-08 -5.9605E-08
 1.0000E-03 4.8324E-01  8.3063E-02 -1.4901E-08  4.4703E-08
 1.0000E-03 4.8587E-01  8.1665E-02  0.0000E+00  2.4587E-07
 1.0000E-03 4.8852E-01  8.0174E-02  1.4901E-08  2.9802E-08
 1.0000E-03 4.9121E-01  7.8623E-02 -1.0431E-07 -1.1176E-07
 1.0000E-03 4.9392E-01  7.7047E-02  1.8626E-08 -5.9605E-08
 1.0000E-03 4.9667E-01  7.5484E-02  5.9605E-08 -7.4506E-09
 1.0000E-03 4.9944E-01  7.3979E-02  5.6252E-07 -6.0350E-07
 1.0000E-03 5.0225E-01  7.2514E-02  7.4506E-09 -1.0431E-07
 1.0000E-03 5.0508E-01  7.1105E-02  6.2212E-07  2.2352E-08
 1.0000E-03 5.0795E-01  6.9764E-02  4.6939E-07  3.4273E-07
 1.0000E-03 5.1086E-01  6.8504E-02  1.2666E-07  8.1956E-08
 1.0000E-03 5.1379E-01  6.7334E-02 -5.2154E-08 -5.2154E-08
 1.0000E-03 5.1676E-01  6.6260E-02 -6.3330E-08 -1.1176E-07
 1.0000E-03 5.1977E-01  6.5284E-02 -9.3132E-08 -9.6858E-08
 1.0000E-03 5.2281E-01  6.4329E-02  1.8254E-07  7.4506E-09
 1.0000E-03 5.2588E-01  6.3367E-02 -7.0781E-08  0.0000E+00
 1.0000E-03 5.2899E-01  6.2414E-02  2.3842E-07 -1.6764E-07
 1.0000E-03 5.3214E-01  6.1458E-02  5.1223E-07 -2.1234E-07
 1.0000E-03 5.3533E-01  6.0489E-02  6.8918E-08  1.4901E-07
 1.0000E-03 5.3855E-01  5.9507E-02 -1.1921E-07  3.7253E-09
 1.0000E-03 5.4182E-01  5.8515E-02 -2.0303E-07  3.5390E-07
 1.0000E-03 5.4512E-01  5.7519E-02 -2.2352E-08 -3.9116E-07
 1.0000E-03 5.4847E-01  5.6529E-02 -7.3202E-07 -4.8429E-07
 1.0000E-03 5.5185E-01  5.5576E-02  5.3830E-07  2.0489E-07
 1.0000E-03 5.5528E-01  5.4650E-02  7.4692E-07  0.0000E+00
 1.0000E-03 5.5875E-01  5.3749E-02  2.9430E-07  1.8626E-08
 1.0000E-03 5.6226E-01  5.2870E-02 -1.9744E-07 -1.3784E-07
 1.0000E-03 5.6582E-01  5.2009E-02 -1.1735E-07  1.8254E-07
 1.0000E-03 5.6943E-01  5.1160E-02 -2.4214E-07 -1.8626E-08
 1.0000E-03 5.7308E-01  5.0317E-02 -2.1793E-07 -6.7055E-08
 1.0000E-03 5.7677E-01  4.9478E-02 -5.0291E-08  0.0000E+00
 1.0000E-03 5.8052E-01  4.8641E-02 -8.6613E-08 -2.6077E-08
 1.0000E-03 5.8431E-01  4.7806E-02  2.0489E-07  1.9372E-07
 1.0000E-03 5.8816E-01  4.6984E-02 -9.2480E-07 -1.5646E-07
 1.0000E-03 5.9205E-01  4.6191E-02  2.9709E-07  2.2352E-08
 1.0000E-03 5.9600E-01  4.5436E-02  9.3132E-10  4.4703E-08
 1.0000E-03 6.0000E-01  4.4728E-02  6.6124E-08 -7.4506E-09
