 DDSCAT --- DDSCAT 7.3.3 [22.01.20]   
 TARGET --->TARGSPHER  spherical target with explicit spacing                 
 GPFAFT --- method of solution 
 FLTRCD --- prescription for polarizabilities
 FROM_FILE --- shape 
    4169 = NAT0 = number of dipoles
 ../../diel/Pena-Rioux_dielectric_26Au_74Ag                  
 ../../diel/Pena-Rioux_dielectric_34Au_66Ag                  
 ../../diel/Pena-Rioux_dielectric_92Au_8Ag                   
   0.000   0.000 = beta_min, beta_max ;  NBETA = 1
   0.000   0.000 = theta_min, theta_max; NTHETA= 1
   0.000   0.000 = phi_min, phi_max   ;   NPHI = 1
 Results averaged over    1 target orientations
                   and  2 incident polarizations
   aeff       wave       Q_pha       Q_pol       Q_cpol
 8.0000E-02 3.0000E-01 -1.6497E-01  7.1526E-06  2.9802E-07
 8.0000E-02 3.0101E-01 -1.6349E-01 -5.0068E-06  8.6427E-07
 8.0000E-02 3.0203E-01 -1.6208E-01 -6.9141E-06 -2.6822E-07
 8.0000E-02 3.0305E-01 -1.6075E-01 -7.1526E-07  7.8976E-07
 8.0000E-02 3.0408E-01 -1.5950E-01  3.0994E-06 -5.0664E-07
 8.0000E-02 3.0512E-01 -1.5833E-01  7.1526E-07  8.6427E-07
 8.0000E-02 3.0616E-01 -1.5725E-01 -5.0068E-06  2.5332E-07
 8.0000E-02 3.0722E-01 -1.5626E-01 -2.3842E-07  8.4937E-07
 8.0000E-02 3.0828E-01 -1.5537E-01 -4.7684E-07  1.7881E-07
 8.0000E-02 3.0934E-01 -1.5455E-01 -4.5300E-06 -2.6822E-07
 8.0000E-02 3.1042E-01 -1.5382E-01 -8.8215E-06  2.9802E-07
 8.0000E-02 3.1150E-01 -1.5318E-01  1.6689E-06 -3.2783E-07
 8.0000E-02 3.1259E-01 -1.5262E-01  1.4305E-06 -3.2783E-07
 8.0000E-02 3.1368E-01 -1.5216E-01 -4.0531E-06 -1.4901E-08
 8.0000E-02 3.1479E-01 -1.5178E-01  4.5300E-06  2.0862E-07
 8.0000E-02 3.1590E-01 -1.5151E-01 -5.7220E-06 -6.4075E-07
 8.0000E-02 3.1702E-01 -1.5133E-01  2.8610E-06 -5.9605E-08
 8.0000E-02 3.1815E-01 -1.5106E-01 -3.8147E-06  1.1921E-07
 8.0000E-02 3.1929E-01 -1.5089E-01 -1.4305E-06  1.4901E-08
 8.0000E-02 3.2043E-01 -1.5088E-01  7.6294E-06  9.6858E-07
 8.0000E-02 3.2158E-01 -1.5102E-01  8.5831E-06  8.9407E-08
 8.0000E-02 3.2274E-01 -1.5134E-01 -7.3910E-06  6.8545E-07
 8.0000E-02 3.2391E-01 -1.5182E-01 -1.6689E-06  1.6391E-07
 8.0000E-02 3.2509E-01 -1.5248E-01  5.0068E-06 -1.6391E-07
 8.0000E-02 3.2628E-01 -1.5333E-01  7.1526E-06  1.8030E-06
 8.0000E-02 3.2747E-01 -1.5459E-01  7.1526E-07  2.2799E-06
 8.0000E-02 3.2868E-01 -1.5616E-01 -9.2983E-06  3.7998E-06
 8.0000E-02 3.2989E-01 -1.5804E-01 -2.6226E-06 -5.5134E-07
 8.0000E-02 3.3111E-01 -1.6024E-01  6.1989E-06 -8.9407E-07
 8.0000E-02 3.3234E-01 -1.6279E-01  5.7220E-06  1.8775E-06
 8.0000E-02 3.3358E-01 -1.6569E-01  2.8610E-06  3.2187E-06
 8.0000E-02 3.3483E-01 -1.6896E-01 -3.0756E-05 -8.6427E-07
 8.0000E-02 3.3609E-01 -1.7277E-01 -2.6226E-06  5.9605E-08
 8.0000E-02 3.3736E-01 -1.7708E-01 -2.3842E-06  1.1995E-05
 8.0000E-02 3.3864E-01 -1.8176E-01 -1.4305E-06  1.6391E-07
 8.0000E-02 3.3992E-01 -1.8679E-01  5.9605E-06  1.2815E-06
 8.0000E-02 3.4122E-01 -1.9219E-01 -1.9073E-06  1.1325E-06
 8.0000E-02 3.4253E-01 -1.9796E-01  9.5367E-07  1.1474E-06
 8.0000E-02 3.4385E-01 -2.0412E-01 -7.1526E-07 -1.4305E-06
 8.0000E-02 3.4517E-01 -2.1064E-01  7.1526E-07 -9.9838E-07
 8.0000E-02 3.4651E-01 -2.1739E-01  4.0531E-06 -2.3842E-07
 8.0000E-02 3.4786E-01 -2.2436E-01 -4.7684E-07  1.6391E-06
 8.0000E-02 3.4922E-01 -2.3155E-01 -4.2915E-06  4.9770E-06
 8.0000E-02 3.5059E-01 -2.3896E-01  5.7220E-06  2.9802E-08
 8.0000E-02 3.5197E-01 -2.4657E-01  2.3842E-06 -2.9802E-08
 8.0000E-02 3.5336E-01 -2.5440E-01 -1.1921E-06  2.9802E-08
 8.0000E-02 3.5476E-01 -2.6229E-01 -2.0742E-05 -1.9073E-06
 8.0000E-02 3.5618E-01 -2.7020E-01  8.5831E-06  2.9802E-07
 8.0000E-02 3.5760E-01 -2.7816E-01 -2.8610E-06 -2.0862E-07
 8.0000E-02 3.5904E-01 -2.8616E-01 -1.0490E-05  1.7285E-06
 8.0000E-02 3.6048E-01 -2.9419E-01  1.1921E-06 -2.6822E-07
 8.0000E-02 3.6194E-01 -3.0225E-01  1.1444E-05 -8.6427E-06
 8.0000E-02 3.6341E-01 -3.1028E-01  1.2875E-05 -3.9041E-06
 8.0000E-02 3.6490E-01 -3.1818E-01  7.1526E-06 -1.5795E-06
 8.0000E-02 3.6639E-01 -3.2601E-01 -1.3828E-05 -2.5928E-06
 8.0000E-02 3.6790E-01 -3.3379E-01 -2.5988E-05  1.1921E-07
 8.0000E-02 3.6942E-01 -3.4148E-01 -8.1062E-06  1.6093E-06
 8.0000E-02 3.7095E-01 -3.4908E-01 -3.8147E-06  1.4007E-06
 8.0000E-02 3.7250E-01 -3.5658E-01  3.8147E-06  4.4703E-07
 8.0000E-02 3.7406E-01 -3.6395E-01  4.7684E-06  1.5497E-06
 8.0000E-02 3.7563E-01 -3.7120E-01  5.0068E-06  1.3709E-06
 8.0000E-02 3.7722E-01 -3.7833E-01 -1.9312E-05  4.1425E-06
 8.0000E-02 3.7881E-01 -3.8535E-01 -1.1921E-06 -5.8413E-06
 8.0000E-02 3.8043E-01 -3.9223E-01  0.0000E+00  2.5332E-06
 8.0000E-02 3.8205E-01 -3.9896E-01  1.1921E-05  2.6524E-06
 8.0000E-02 3.8369E-01 -4.0556E-01 -9.5367E-07  1.9968E-06
 8.0000E-02 3.8534E-01 -4.1204E-01 -1.0014E-05  4.1425E-06
 8.0000E-02 3.8701E-01 -4.1839E-01 -1.9073E-06  1.4007E-06
 8.0000E-02 3.8870E-01 -4.2459E-01 -5.2452E-06  1.0133E-06
 8.0000E-02 3.9039E-01 -4.3066E-01 -1.6212E-05  3.8445E-06
 8.0000E-02 3.9211E-01 -4.3658E-01  6.6757E-06  4.1723E-06
 8.0000E-02 3.9383E-01 -4.4239E-01 -3.8147E-06  3.7849E-06
 8.0000E-02 3.9558E-01 -4.4808E-01  3.3379E-06  1.0133E-06
 8.0000E-02 3.9733E-01 -4.5364E-01  8.3447E-06 -1.2219E-06
 8.0000E-02 3.9911E-01 -4.5906E-01 -5.4836E-06 -1.2219E-06
 8.0000E-02 4.0090E-01 -4.6434E-01 -1.9073E-06  1.1921E-07
 8.0000E-02 4.0270E-01 -4.6950E-01  1.0014E-05 -1.2219E-06
 8.0000E-02 4.0452E-01 -4.7453E-01  1.6212E-05  3.3081E-06
 8.0000E-02 4.0636E-01 -4.7939E-01  1.1206E-05 -1.7881E-07
 8.0000E-02 4.0822E-01 -4.8405E-01 -4.0531E-06 -2.3544E-06
 8.0000E-02 4.1009E-01 -4.8848E-01 -1.4067E-05 -2.5928E-06
 8.0000E-02 4.1198E-01 -4.9267E-01  1.0252E-05 -2.6822E-07
 8.0000E-02 4.1389E-01 -4.9658E-01  5.4836E-06  8.0466E-07
 8.0000E-02 4.1581E-01 -5.0013E-01 -6.4373E-06  1.7881E-07
 8.0000E-02 4.1776E-01 -5.0326E-01  6.6757E-06  2.9802E-06
 8.0000E-02 4.1972E-01 -5.0593E-01  1.1921E-06  2.5630E-06
 8.0000E-02 4.2170E-01 -5.0818E-01 -3.5763E-06  2.9802E-07
 8.0000E-02 4.2370E-01 -5.0996E-01  1.0967E-05 -1.9670E-06
 8.0000E-02 4.2571E-01 -5.1131E-01 -6.6757E-06 -2.2054E-06
 8.0000E-02 4.2775E-01 -5.1222E-01  9.0599E-06  4.4703E-06
 8.0000E-02 4.2981E-01 -5.1282E-01  4.7684E-06  4.9472E-06
 8.0000E-02 4.3188E-01 -5.1311E-01 -5.7220E-06 -4.1127E-06
 8.0000E-02 4.3398E-01 -5.1306E-01  8.5831E-06 -1.8477E-06
 8.0000E-02 4.3610E-01 -5.1263E-01 -1.3828E-05 -5.6028E-06
 8.0000E-02 4.3824E-01 -5.1186E-01 -5.4836E-06 -2.3842E-07
 8.0000E-02 4.4039E-01 -5.1056E-01  1.1921E-06  1.1325E-06
 8.0000E-02 4.4257E-01 -5.0864E-01  1.7643E-05 -1.0729E-06
 8.0000E-02 4.4478E-01 -5.0600E-01  1.1921E-06  6.5565E-07
 8.0000E-02 4.4700E-01 -5.0269E-01  0.0000E+00 -2.3842E-07
 8.0000E-02 4.4925E-01 -4.9856E-01 -1.7166E-05 -3.9339E-06
 8.0000E-02 4.5152E-01 -4.9363E-01  5.2452E-06  6.3777E-06
 8.0000E-02 4.5381E-01 -4.8800E-01 -1.4067E-05  3.4869E-06
 8.0000E-02 4.5612E-01 -4.8180E-01 -1.3590E-05 -2.8312E-06
 8.0000E-02 4.5846E-01 -4.7510E-01  1.4067E-05  2.6822E-06
 8.0000E-02 4.6082E-01 -4.6806E-01  6.1989E-06 -5.8413E-06
 8.0000E-02 4.6321E-01 -4.6093E-01  1.0490E-05 -3.3677E-06
 8.0000E-02 4.6563E-01 -4.5375E-01 -3.0994E-06  1.0729E-06
 8.0000E-02 4.6806E-01 -4.4660E-01 -1.6212E-05  1.5497E-06
 8.0000E-02 4.7053E-01 -4.3955E-01  2.3842E-06 -4.2021E-06
 8.0000E-02 4.7302E-01 -4.3266E-01 -1.4305E-06 -4.2915E-06
 8.0000E-02 4.7553E-01 -4.2566E-01 -6.1989E-06 -6.5565E-07
 8.0000E-02 4.7807E-01 -4.1839E-01  2.3842E-06  3.2485E-06
 8.0000E-02 4.8065E-01 -4.1064E-01 -4.7684E-06  8.9407E-08
 8.0000E-02 4.8324E-01 -4.0200E-01 -4.2915E-06 -1.8179E-06
 8.0000E-02 4.8587E-01 -3.9191E-01  3.3379E-06  1.1027E-06
 8.0000E-02 4.8852E-01 -3.7992E-01  6.1989E-06 -1.0729E-06
 8.0000E-02 4.9121E-01 -3.6545E-01 -1.2398E-05  1.1623E-06
 8.0000E-02 4.9392E-01 -3.4775E-01 -5.7220E-06  1.2219E-06
 8.0000E-02 4.9667E-01 -3.2640E-01  9.0599E-06 -1.2517E-06
 8.0000E-02 4.9944E-01 -3.0086E-01  4.7684E-07  5.9605E-08
 8.0000E-02 5.0225E-01 -2.7073E-01  1.2398E-05 -1.4901E-07
 8.0000E-02 5.0508E-01 -2.3607E-01  1.9073E-06  7.5996E-07
 8.0000E-02 5.0795E-01 -1.9691E-01  1.1921E-05 -3.0994E-06
 8.0000E-02 5.1086E-01 -1.5350E-01  9.5367E-06 -2.9504E-06
 8.0000E-02 5.1379E-01 -1.0652E-01  1.9550E-05 -3.0175E-06
 8.0000E-02 5.1676E-01 -5.6500E-02 -1.0014E-05 -2.3209E-06
 8.0000E-02 5.1977E-01 -4.0787E-03  1.9550E-05 -3.0906E-06
 8.0000E-02 5.2281E-01  4.9688E-02 -1.4305E-06 -1.8924E-05
 8.0000E-02 5.2588E-01  1.0394E-01  1.9550E-05  4.5523E-06
 8.0000E-02 5.2899E-01  1.5769E-01 -1.0014E-05 -5.4538E-06
 8.0000E-02 5.3214E-01  2.0993E-01 -1.9073E-06 -4.0382E-06
 8.0000E-02 5.3533E-01  2.5993E-01  4.7684E-07 -3.0994E-06
 8.0000E-02 5.3855E-01  3.0676E-01  8.1062E-06 -9.8348E-07
 8.0000E-02 5.4182E-01  3.4952E-01  9.5367E-06  9.9242E-06
 8.0000E-02 5.4512E-01  3.8728E-01 -8.1062E-06 -8.9407E-08
 8.0000E-02 5.4847E-01  4.1935E-01 -4.0054E-05  1.2219E-06
 8.0000E-02 5.5185E-01  4.4565E-01  5.7220E-06  1.8954E-05
 8.0000E-02 5.5528E-01  4.6623E-01  1.9073E-06 -2.8014E-06
 8.0000E-02 5.5875E-01  4.8156E-01  4.1485E-05 -3.5167E-06
 8.0000E-02 5.6226E-01  4.9256E-01  2.1935E-05  5.9605E-06
 8.0000E-02 5.6582E-01  5.0055E-01  3.4809E-05 -8.4043E-06
 8.0000E-02 5.6943E-01  5.0677E-01  7.7248E-05  2.6822E-06
 8.0000E-02 5.7308E-01  5.1208E-01  2.3365E-05 -2.7716E-05
 8.0000E-02 5.7677E-01  5.1696E-01  5.8651E-05 -5.1856E-06
 8.0000E-02 5.8052E-01  5.2137E-01  9.9659E-05 -3.3796E-05
 8.0000E-02 5.8431E-01  5.2473E-01 -1.7023E-04 -6.2585E-06
 8.0000E-02 5.8816E-01  5.2630E-01  1.2398E-05 -2.4080E-05
 8.0000E-02 5.9205E-01  5.2587E-01 -6.8665E-05  9.0003E-06
 8.0000E-02 5.9600E-01  5.2351E-01 -7.6294E-06 -6.7115E-05
 8.0000E-02 6.0000E-01  5.1868E-01 -5.2452E-06 -1.8299E-05
