 DDSCAT --- DDSCAT 7.3.3 [22.01.20]   
 TARGET --->TARGSPHER  spherical target with explicit spacing                 
 GPFAFT --- method of solution 
 FLTRCD --- prescription for polarizabilities
 FROM_FILE --- shape 
    4169 = NAT0 = number of dipoles
 ../../diel/Pena-Rioux_dielectric_26Au_74Ag                  
 ../../diel/Pena-Rioux_dielectric_65Au_35Ag                  
 ../../diel/Pena-Rioux_dielectric_76Au_24Ag                  
   0.000   0.000 = beta_min, beta_max ;  NBETA = 1
   0.000   0.000 = theta_min, theta_max; NTHETA= 1
   0.000   0.000 = phi_min, phi_max   ;   NPHI = 1
 0.5000 = ETASCA (param. controlling # of scatt. dirs used to calculate <cos> etc.
 Results averaged over    1 target orientations
                   and  2 incident polarizations
   aeff       wave       Q_ext     Q_abs      Q_sca     g(1)=<cos>  <cos^2>    Q_bk       Nsca
 4.0000E-02 3.0000E-01 2.5581E+00 1.7748E+00 7.8325E-01  2.4654E-01 4.1409E-01 4.1310E-02   408
 4.0000E-02 3.0101E-01 2.5506E+00 1.7742E+00 7.7640E-01  2.4479E-01 4.1391E-01 4.1298E-02   408
 4.0000E-02 3.0203E-01 2.5431E+00 1.7736E+00 7.6951E-01  2.4306E-01 4.1373E-01 4.1276E-02   408
 4.0000E-02 3.0305E-01 2.5355E+00 1.7729E+00 7.6258E-01  2.4133E-01 4.1355E-01 4.1244E-02   408
 4.0000E-02 3.0408E-01 2.5278E+00 1.7722E+00 7.5562E-01  2.3962E-01 4.1338E-01 4.1202E-02   408
 4.0000E-02 3.0512E-01 2.5200E+00 1.7714E+00 7.4861E-01  2.3791E-01 4.1321E-01 4.1151E-02   408
 4.0000E-02 3.0616E-01 2.5121E+00 1.7705E+00 7.4157E-01  2.3622E-01 4.1304E-01 4.1090E-02   408
 4.0000E-02 3.0722E-01 2.5041E+00 1.7696E+00 7.3451E-01  2.3453E-01 4.1288E-01 4.1019E-02   408
 4.0000E-02 3.0828E-01 2.4962E+00 1.7687E+00 7.2752E-01  2.3284E-01 4.1271E-01 4.0946E-02   408
 4.0000E-02 3.0934E-01 2.4888E+00 1.7679E+00 7.2085E-01  2.3114E-01 4.1255E-01 4.0887E-02   408
 4.0000E-02 3.1042E-01 2.4813E+00 1.7671E+00 7.1415E-01  2.2944E-01 4.1239E-01 4.0820E-02   408
 4.0000E-02 3.1150E-01 2.4736E+00 1.7662E+00 7.0742E-01  2.2775E-01 4.1223E-01 4.0745E-02   408
 4.0000E-02 3.1259E-01 2.4659E+00 1.7652E+00 7.0067E-01  2.2606E-01 4.1207E-01 4.0661E-02   408
 4.0000E-02 3.1368E-01 2.4580E+00 1.7642E+00 6.9386E-01  2.2437E-01 4.1191E-01 4.0568E-02   408
 4.0000E-02 3.1479E-01 2.4501E+00 1.7630E+00 6.8702E-01  2.2279E-01 4.1191E-01 4.0467E-02   362
 4.0000E-02 3.1590E-01 2.4420E+00 1.7619E+00 6.8016E-01  2.2112E-01 4.1176E-01 4.0357E-02   362
 4.0000E-02 3.1702E-01 2.4339E+00 1.7606E+00 6.7327E-01  2.1945E-01 4.1161E-01 4.0238E-02   363
 4.0000E-02 3.1815E-01 2.4251E+00 1.7590E+00 6.6606E-01  2.1780E-01 4.1146E-01 4.0093E-02   363
 4.0000E-02 3.1929E-01 2.4160E+00 1.7573E+00 6.5871E-01  2.1616E-01 4.1132E-01 3.9932E-02   363
 4.0000E-02 3.2043E-01 2.4067E+00 1.7554E+00 6.5130E-01  2.1452E-01 4.1117E-01 3.9759E-02   363
 4.0000E-02 3.2158E-01 2.3973E+00 1.7534E+00 6.4382E-01  2.1289E-01 4.1104E-01 3.9573E-02   363
 4.0000E-02 3.2274E-01 2.3876E+00 1.7513E+00 6.3627E-01  2.1127E-01 4.1090E-01 3.9377E-02   363
 4.0000E-02 3.2391E-01 2.3777E+00 1.7490E+00 6.2866E-01  2.0965E-01 4.1076E-01 3.9168E-02   363
 4.0000E-02 3.2509E-01 2.3675E+00 1.7466E+00 6.2098E-01  2.0804E-01 4.1063E-01 3.8949E-02   363
 4.0000E-02 3.2628E-01 2.3572E+00 1.7440E+00 6.1325E-01  2.0643E-01 4.1050E-01 3.8718E-02   363
 4.0000E-02 3.2747E-01 2.3457E+00 1.7407E+00 6.0497E-01  2.0487E-01 4.1038E-01 3.8440E-02   363
 4.0000E-02 3.2868E-01 2.3343E+00 1.7375E+00 5.9683E-01  2.0329E-01 4.1025E-01 3.8165E-02   363
 4.0000E-02 3.2989E-01 2.3230E+00 1.7342E+00 5.8888E-01  2.0170E-01 4.1013E-01 3.7895E-02   363
 4.0000E-02 3.3111E-01 2.3119E+00 1.7308E+00 5.8111E-01  2.0009E-01 4.1000E-01 3.7631E-02   363
 4.0000E-02 3.3234E-01 2.3010E+00 1.7275E+00 5.7354E-01  1.9847E-01 4.0988E-01 3.7376E-02   363
 4.0000E-02 3.3358E-01 2.2902E+00 1.7240E+00 5.6618E-01  1.9683E-01 4.0975E-01 3.7130E-02   363
 4.0000E-02 3.3483E-01 2.2796E+00 1.7206E+00 5.5905E-01  1.9517E-01 4.0963E-01 3.6893E-02   363
 4.0000E-02 3.3609E-01 2.2697E+00 1.7173E+00 5.5245E-01  1.9346E-01 4.0950E-01 3.6691E-02   363
 4.0000E-02 3.3736E-01 2.2610E+00 1.7144E+00 5.4661E-01  1.9169E-01 4.0937E-01 3.6539E-02   363
 4.0000E-02 3.3864E-01 2.2531E+00 1.7118E+00 5.4129E-01  1.8989E-01 4.0923E-01 3.6420E-02   363
 4.0000E-02 3.3992E-01 2.2459E+00 1.7094E+00 5.3649E-01  1.8805E-01 4.0909E-01 3.6336E-02   363
 4.0000E-02 3.4122E-01 2.2395E+00 1.7073E+00 5.3226E-01  1.8617E-01 4.0895E-01 3.6289E-02   363
 4.0000E-02 3.4253E-01 2.2340E+00 1.7054E+00 5.2860E-01  1.8425E-01 4.0881E-01 3.6281E-02   363
 4.0000E-02 3.4385E-01 2.2294E+00 1.7039E+00 5.2553E-01  1.8230E-01 4.0867E-01 3.6313E-02   363
 4.0000E-02 3.4517E-01 2.2260E+00 1.7028E+00 5.2319E-01  1.8030E-01 4.0852E-01 3.6398E-02   363
 4.0000E-02 3.4651E-01 2.2240E+00 1.7023E+00 5.2167E-01  1.7826E-01 4.0837E-01 3.6541E-02   363
 4.0000E-02 3.4786E-01 2.2230E+00 1.7023E+00 5.2077E-01  1.7620E-01 4.0822E-01 3.6730E-02   363
 4.0000E-02 3.4922E-01 2.2232E+00 1.7027E+00 5.2054E-01  1.7411E-01 4.0807E-01 3.6967E-02   363
 4.0000E-02 3.5059E-01 2.2245E+00 1.7035E+00 5.2099E-01  1.7200E-01 4.0791E-01 3.7254E-02   363
 4.0000E-02 3.5197E-01 2.2270E+00 1.7049E+00 5.2214E-01  1.6987E-01 4.0776E-01 3.7594E-02   363
 4.0000E-02 3.5336E-01 2.2308E+00 1.7068E+00 5.2402E-01  1.6772E-01 4.0760E-01 3.7990E-02   363
 4.0000E-02 3.5476E-01 2.2360E+00 1.7093E+00 5.2665E-01  1.6556E-01 4.0744E-01 3.8444E-02   363
 4.0000E-02 3.5618E-01 2.2423E+00 1.7124E+00 5.2991E-01  1.6340E-01 4.0729E-01 3.8947E-02   363
 4.0000E-02 3.5760E-01 2.2499E+00 1.7160E+00 5.3384E-01  1.6124E-01 4.0713E-01 3.9503E-02   363
 4.0000E-02 3.5904E-01 2.2586E+00 1.7202E+00 5.3843E-01  1.5906E-01 4.0698E-01 4.0114E-02   363
 4.0000E-02 3.6048E-01 2.2687E+00 1.7249E+00 5.4372E-01  1.5689E-01 4.0682E-01 4.0781E-02   363
 4.0000E-02 3.6194E-01 2.2800E+00 1.7303E+00 5.4973E-01  1.5471E-01 4.0667E-01 4.1509E-02   363
 4.0000E-02 3.6341E-01 2.2928E+00 1.7363E+00 5.5647E-01  1.5253E-01 4.0652E-01 4.2299E-02   363
 4.0000E-02 3.6490E-01 2.3067E+00 1.7429E+00 5.6382E-01  1.5036E-01 4.0636E-01 4.3142E-02   363
 4.0000E-02 3.6639E-01 2.3217E+00 1.7500E+00 5.7179E-01  1.4819E-01 4.0621E-01 4.4040E-02   363
 4.0000E-02 3.6790E-01 2.3380E+00 1.7576E+00 5.8039E-01  1.4602E-01 4.0606E-01 4.4997E-02   363
 4.0000E-02 3.6942E-01 2.3555E+00 1.7659E+00 5.8967E-01  1.4386E-01 4.0591E-01 4.6015E-02   363
 4.0000E-02 3.7095E-01 2.3744E+00 1.7748E+00 5.9967E-01  1.4169E-01 4.0577E-01 4.7101E-02   363
 4.0000E-02 3.7250E-01 2.3947E+00 1.7843E+00 6.1038E-01  1.3952E-01 4.0562E-01 4.8254E-02   363
 4.0000E-02 3.7406E-01 2.4160E+00 1.7944E+00 6.2166E-01  1.3736E-01 4.0547E-01 4.9465E-02   363
 4.0000E-02 3.7563E-01 2.4386E+00 1.8050E+00 6.3358E-01  1.3521E-01 4.0533E-01 5.0740E-02   363
 4.0000E-02 3.7722E-01 2.4623E+00 1.8161E+00 6.4623E-01  1.3303E-01 4.0519E-01 5.2087E-02   363
 4.0000E-02 3.7881E-01 2.4874E+00 1.8279E+00 6.5954E-01  1.3087E-01 4.0505E-01 5.3503E-02   363
 4.0000E-02 3.8043E-01 2.5139E+00 1.8403E+00 6.7362E-01  1.2870E-01 4.0491E-01 5.4998E-02   363
 4.0000E-02 3.8205E-01 2.5418E+00 1.8534E+00 6.8841E-01  1.2653E-01 4.0477E-01 5.6570E-02   363
 4.0000E-02 3.8369E-01 2.5709E+00 1.8670E+00 7.0389E-01  1.2436E-01 4.0464E-01 5.8214E-02   363
 4.0000E-02 3.8534E-01 2.6012E+00 1.8811E+00 7.2010E-01  1.2218E-01 4.0450E-01 5.9941E-02   363
 4.0000E-02 3.8701E-01 2.6330E+00 1.8959E+00 7.3713E-01  1.2000E-01 4.0437E-01 6.1757E-02   363
 4.0000E-02 3.8870E-01 2.6662E+00 1.9113E+00 7.5499E-01  1.1780E-01 4.0424E-01 6.3667E-02   363
 4.0000E-02 3.9039E-01 2.7011E+00 1.9273E+00 7.7375E-01  1.1567E-01 4.0428E-01 6.5678E-02   323
 4.0000E-02 3.9211E-01 2.7373E+00 1.9440E+00 7.9333E-01  1.1346E-01 4.0415E-01 6.7784E-02   323
 4.0000E-02 3.9383E-01 2.7751E+00 1.9612E+00 8.1386E-01  1.1123E-01 4.0403E-01 7.0000E-02   323
 4.0000E-02 3.9558E-01 2.8145E+00 1.9791E+00 8.3540E-01  1.0899E-01 4.0390E-01 7.2333E-02   323
 4.0000E-02 3.9733E-01 2.8557E+00 1.9977E+00 8.5801E-01  1.0673E-01 4.0378E-01 7.4791E-02   323
 4.0000E-02 3.9911E-01 2.8988E+00 2.0171E+00 8.8177E-01  1.0446E-01 4.0366E-01 7.7381E-02   323
 4.0000E-02 4.0090E-01 2.9438E+00 2.0371E+00 9.0665E-01  1.0218E-01 4.0354E-01 8.0105E-02   323
 4.0000E-02 4.0270E-01 2.9907E+00 2.0579E+00 9.3279E-01  9.9888E-02 4.0342E-01 8.2977E-02   323
 4.0000E-02 4.0452E-01 3.0398E+00 2.0796E+00 9.6030E-01  9.7584E-02 4.0331E-01 8.6011E-02   323
 4.0000E-02 4.0636E-01 3.0914E+00 2.1021E+00 9.8930E-01  9.5272E-02 4.0320E-01 8.9216E-02   323
 4.0000E-02 4.0822E-01 3.1453E+00 2.1255E+00 1.0198E+00  9.2947E-02 4.0309E-01 9.2601E-02   323
 4.0000E-02 4.1009E-01 3.2017E+00 2.1499E+00 1.0518E+00  9.0613E-02 4.0298E-01 9.6170E-02   323
 4.0000E-02 4.1198E-01 3.2608E+00 2.1752E+00 1.0855E+00  8.8270E-02 4.0287E-01 9.9945E-02   323
 4.0000E-02 4.1389E-01 3.3227E+00 2.2017E+00 1.1211E+00  8.5921E-02 4.0277E-01 1.0393E-01   323
 4.0000E-02 4.1581E-01 3.3877E+00 2.2293E+00 1.1584E+00  8.3563E-02 4.0267E-01 1.0815E-01   323
 4.0000E-02 4.1776E-01 3.4554E+00 2.2579E+00 1.1975E+00  8.1202E-02 4.0257E-01 1.1258E-01   323
 4.0000E-02 4.1972E-01 3.5260E+00 2.2877E+00 1.2384E+00  7.8840E-02 4.0248E-01 1.1723E-01   323
 4.0000E-02 4.2170E-01 3.5995E+00 2.3186E+00 1.2810E+00  7.6482E-02 4.0238E-01 1.2212E-01   323
 4.0000E-02 4.2370E-01 3.6757E+00 2.3505E+00 1.3252E+00  7.4133E-02 4.0230E-01 1.2721E-01   323
 4.0000E-02 4.2571E-01 3.7542E+00 2.3833E+00 1.3709E+00  7.1798E-02 4.0221E-01 1.3250E-01   323
 4.0000E-02 4.2775E-01 3.8349E+00 2.4170E+00 1.4179E+00  6.9480E-02 4.0213E-01 1.3798E-01   323
 4.0000E-02 4.2981E-01 3.9179E+00 2.4515E+00 1.4664E+00  6.7188E-02 4.0206E-01 1.4367E-01   323
 4.0000E-02 4.3188E-01 4.0029E+00 2.4867E+00 1.5161E+00  6.4930E-02 4.0198E-01 1.4953E-01   323
 4.0000E-02 4.3398E-01 4.0898E+00 2.5227E+00 1.5672E+00  6.2708E-02 4.0192E-01 1.5558E-01   323
 4.0000E-02 4.3610E-01 4.1787E+00 2.5592E+00 1.6196E+00  6.0530E-02 4.0185E-01 1.6181E-01   323
 4.0000E-02 4.3824E-01 4.2699E+00 2.5964E+00 1.6735E+00  5.8404E-02 4.0179E-01 1.6824E-01   323
 4.0000E-02 4.4039E-01 4.3633E+00 2.6343E+00 1.7290E+00  5.6330E-02 4.0174E-01 1.7487E-01   323
 4.0000E-02 4.4257E-01 4.4590E+00 2.6728E+00 1.7862E+00  5.4310E-02 4.0169E-01 1.8172E-01   323
 4.0000E-02 4.4478E-01 4.5572E+00 2.7119E+00 1.8453E+00  5.2344E-02 4.0164E-01 1.8880E-01   323
 4.0000E-02 4.4700E-01 4.6584E+00 2.7517E+00 1.9067E+00  5.0429E-02 4.0160E-01 1.9616E-01   323
 4.0000E-02 4.4925E-01 4.7629E+00 2.7921E+00 1.9708E+00  4.8553E-02 4.0155E-01 2.0385E-01   323
 4.0000E-02 4.5152E-01 4.8710E+00 2.8330E+00 2.0380E+00  4.6708E-02 4.0151E-01 2.1191E-01   323
 4.0000E-02 4.5381E-01 4.9833E+00 2.8744E+00 2.1089E+00  4.4887E-02 4.0148E-01 2.2043E-01   323
 4.0000E-02 4.5612E-01 5.1006E+00 2.9163E+00 2.1843E+00  4.3075E-02 4.0144E-01 2.2949E-01   323
 4.0000E-02 4.5846E-01 5.2230E+00 2.9586E+00 2.2644E+00  4.1262E-02 4.0141E-01 2.3914E-01   323
 4.0000E-02 4.6082E-01 5.3510E+00 3.0011E+00 2.3499E+00  3.9443E-02 4.0137E-01 2.4947E-01   323
 4.0000E-02 4.6321E-01 5.4850E+00 3.0437E+00 2.4414E+00  3.7612E-02 4.0134E-01 2.6053E-01   323
 4.0000E-02 4.6563E-01 5.6250E+00 3.0860E+00 2.5390E+00  3.5764E-02 4.0131E-01 2.7238E-01   323
 4.0000E-02 4.6806E-01 5.7703E+00 3.1277E+00 2.6426E+00  3.3908E-02 4.0129E-01 2.8500E-01   323
 4.0000E-02 4.7053E-01 5.9206E+00 3.1683E+00 2.7523E+00  3.2047E-02 4.0127E-01 2.9841E-01   323
 4.0000E-02 4.7302E-01 6.0752E+00 3.2072E+00 2.8680E+00  3.0194E-02 4.0125E-01 3.1259E-01   323
 4.0000E-02 4.7553E-01 6.2322E+00 3.2438E+00 2.9884E+00  2.8364E-02 4.0123E-01 3.2741E-01   323
 4.0000E-02 4.7807E-01 6.3901E+00 3.2771E+00 3.1130E+00  2.6573E-02 4.0122E-01 3.4277E-01   323
 4.0000E-02 4.8065E-01 6.5465E+00 3.3062E+00 3.2403E+00  2.4835E-02 4.0121E-01 3.5851E-01   323
 4.0000E-02 4.8324E-01 6.6984E+00 3.3299E+00 3.3686E+00  2.3166E-02 4.0120E-01 3.7441E-01   323
 4.0000E-02 4.8587E-01 6.8417E+00 3.3467E+00 3.4950E+00  2.1574E-02 4.0119E-01 3.9013E-01   323
 4.0000E-02 4.8852E-01 6.9721E+00 3.3551E+00 3.6170E+00  2.0065E-02 4.0119E-01 4.0535E-01   323
 4.0000E-02 4.9121E-01 7.0842E+00 3.3534E+00 3.7308E+00  1.8638E-02 4.0119E-01 4.1964E-01   323
 4.0000E-02 4.9392E-01 7.1719E+00 3.3400E+00 3.8319E+00  1.7293E-02 4.0119E-01 4.3248E-01   323
 4.0000E-02 4.9667E-01 7.2302E+00 3.3134E+00 3.9167E+00  1.6021E-02 4.0119E-01 4.4343E-01   323
 4.0000E-02 4.9944E-01 7.2535E+00 3.2726E+00 3.9809E+00  1.4813E-02 4.0119E-01 4.5199E-01   323
 4.0000E-02 5.0225E-01 7.2380E+00 3.2171E+00 4.0209E+00  1.3662E-02 4.0119E-01 4.5775E-01   323
 4.0000E-02 5.0508E-01 7.1818E+00 3.1471E+00 4.0347E+00  1.2559E-02 4.0119E-01 4.6047E-01   323
 4.0000E-02 5.0795E-01 7.0843E+00 3.0635E+00 4.0208E+00  1.1495E-02 4.0119E-01 4.5997E-01   324
 4.0000E-02 5.1086E-01 6.9469E+00 2.9678E+00 3.9791E+00  1.0465E-02 4.0119E-01 4.5621E-01   324
 4.0000E-02 5.1379E-01 6.7734E+00 2.8619E+00 3.9115E+00  9.4962E-03 4.0139E-01 4.4941E-01   285
 4.0000E-02 5.1676E-01 6.5682E+00 2.7483E+00 3.8198E+00  8.5128E-03 4.0139E-01 4.3977E-01   285
 4.0000E-02 5.1977E-01 6.3365E+00 2.6296E+00 3.7069E+00  7.5451E-03 4.0138E-01 4.2762E-01   285
 4.0000E-02 5.2281E-01 6.0850E+00 2.5083E+00 3.5767E+00  6.5882E-03 4.0138E-01 4.1339E-01   285
 4.0000E-02 5.2588E-01 5.8196E+00 2.3870E+00 3.4326E+00  5.6392E-03 4.0137E-01 3.9749E-01   285
 4.0000E-02 5.2899E-01 5.5469E+00 2.2683E+00 3.2786E+00  4.6925E-03 4.0136E-01 3.8037E-01   285
 4.0000E-02 5.3214E-01 5.2731E+00 2.1543E+00 3.1188E+00  3.7481E-03 4.0135E-01 3.6250E-01   285
 4.0000E-02 5.3533E-01 5.0037E+00 2.0468E+00 2.9569E+00  2.8060E-03 4.0134E-01 3.4433E-01   285
 4.0000E-02 5.3855E-01 4.7433E+00 1.9467E+00 2.7966E+00  1.8681E-03 4.0133E-01 3.2626E-01   285
 4.0000E-02 5.4182E-01 4.4951E+00 1.8545E+00 2.6407E+00  9.3397E-04 4.0132E-01 3.0864E-01   285
 4.0000E-02 5.4512E-01 4.2610E+00 1.7698E+00 2.4912E+00  4.6287E-06 4.0131E-01 2.9172E-01   285
 4.0000E-02 5.4847E-01 4.0416E+00 1.6922E+00 2.3495E+00 -9.1882E-04 4.0130E-01 2.7564E-01   285
 4.0000E-02 5.5185E-01 3.8363E+00 1.6204E+00 2.2158E+00 -1.8377E-03 4.0130E-01 2.6046E-01   285
 4.0000E-02 5.5528E-01 3.6441E+00 1.5539E+00 2.0901E+00 -2.7477E-03 4.0129E-01 2.4615E-01   285
 4.0000E-02 5.5875E-01 3.4638E+00 1.4921E+00 1.9717E+00 -3.6507E-03 4.0128E-01 2.3264E-01   285
 4.0000E-02 5.6226E-01 3.2949E+00 1.4348E+00 1.8602E+00 -4.5479E-03 4.0128E-01 2.1988E-01   285
 4.0000E-02 5.6582E-01 3.1367E+00 1.3819E+00 1.7548E+00 -5.4380E-03 4.0127E-01 2.0782E-01   285
 4.0000E-02 5.6943E-01 2.9892E+00 1.3338E+00 1.6553E+00 -6.3212E-03 4.0126E-01 1.9640E-01   285
 4.0000E-02 5.7308E-01 2.8525E+00 1.2909E+00 1.5616E+00 -7.1964E-03 4.0126E-01 1.8562E-01   285
 4.0000E-02 5.7677E-01 2.7269E+00 1.2532E+00 1.4737E+00 -8.0606E-03 4.0125E-01 1.7548E-01   285
 4.0000E-02 5.8052E-01 2.6127E+00 1.2211E+00 1.3916E+00 -8.9097E-03 4.0124E-01 1.6600E-01   285
 4.0000E-02 5.8431E-01 2.5099E+00 1.1944E+00 1.3155E+00 -9.7389E-03 4.0123E-01 1.5719E-01   285
 4.0000E-02 5.8816E-01 2.4181E+00 1.1728E+00 1.2453E+00 -1.0543E-02 4.0122E-01 1.4906E-01   285
 4.0000E-02 5.9205E-01 2.3372E+00 1.1562E+00 1.1810E+00 -1.1316E-02 4.0121E-01 1.4159E-01   285
 4.0000E-02 5.9600E-01 2.2676E+00 1.1449E+00 1.1227E+00 -1.2051E-02 4.0121E-01 1.3482E-01   285
 4.0000E-02 6.0000E-01 2.2096E+00 1.1385E+00 1.0711E+00 -1.2738E-02 4.0120E-01 1.2882E-01   285
