 DDSCAT --- DDSCAT 7.3.3 [22.01.20]   
 TARGET --->TARGSPHER  spherical target with explicit spacing                 
 GPFAFT --- method of solution 
 GKDLDR --- prescription for polarizabilities
 FROM_FILE --- shape 
    4169 = NAT0 = number of dipoles
 ../../diel/Pena-Rioux_dielectric_26Au_74Ag                  
 ../../diel/Pena-Rioux_dielectric_65Au_35Ag                  
 ../../diel/Pena-Rioux_dielectric_92Au_8Ag                   
   0.000   0.000 = beta_min, beta_max ;  NBETA = 1
   0.000   0.000 = theta_min, theta_max; NTHETA= 1
   0.000   0.000 = phi_min, phi_max   ;   NPHI = 1
 Results averaged over    1 target orientations
                   and  2 incident polarizations
   aeff       wave       Q_pha       Q_pol       Q_cpol
 4.0000E-02 3.0000E-01 -1.2463E-02 -2.1458E-06 -3.3528E-08
 4.0000E-02 3.0101E-01 -1.0940E-02  4.7684E-06  3.5390E-08
 4.0000E-02 3.0203E-01 -9.5647E-03  3.8147E-06  2.4214E-08
 4.0000E-02 3.0305E-01 -8.3435E-03 -2.3842E-06  9.3132E-09
 4.0000E-02 3.0408E-01 -7.2812E-03  9.5367E-07 -2.9802E-08
 4.0000E-02 3.0512E-01 -6.3827E-03  5.9605E-06 -4.1910E-09
 4.0000E-02 3.0616E-01 -5.6540E-03 -1.4305E-06  2.7474E-08
 4.0000E-02 3.0722E-01 -5.1004E-03  4.7684E-07 -6.1002E-08
 4.0000E-02 3.0828E-01 -4.6983E-03  1.6689E-06  6.7055E-08
 4.0000E-02 3.0934E-01 -4.3431E-03  6.6757E-06 -3.7253E-09
 4.0000E-02 3.1042E-01 -4.1191E-03 -5.0068E-06  2.6543E-08
 4.0000E-02 3.1150E-01 -4.0299E-03  3.5763E-06 -1.0245E-08
 4.0000E-02 3.1259E-01 -4.0792E-03 -9.5367E-07 -2.1886E-08
 4.0000E-02 3.1368E-01 -4.2709E-03  1.9073E-06  2.3283E-08
 4.0000E-02 3.1479E-01 -4.6088E-03  5.4836E-06  8.4750E-08
 4.0000E-02 3.1590E-01 -5.0973E-03  3.8147E-06 -1.1688E-07
 4.0000E-02 3.1702E-01 -5.7402E-03  6.9141E-06 -1.7695E-08
 4.0000E-02 3.1815E-01 -6.1524E-03 -1.9073E-06 -1.1176E-08
 4.0000E-02 3.1929E-01 -6.7437E-03 -4.0531E-06  2.7008E-08
 4.0000E-02 3.2043E-01 -7.5948E-03  1.4305E-06 -2.1886E-08
 4.0000E-02 3.2158E-01 -8.7137E-03 -2.3842E-06  4.3772E-08
 4.0000E-02 3.2274E-01 -1.0109E-02  1.4305E-06 -2.0489E-08
 4.0000E-02 3.2391E-01 -1.1790E-02  5.7220E-06  1.7695E-08
 4.0000E-02 3.2509E-01 -1.3764E-02 -8.5831E-06 -1.6764E-08
 4.0000E-02 3.2628E-01 -1.6041E-02  1.4305E-06 -1.3039E-08
 4.0000E-02 3.2747E-01 -1.9147E-02 -9.7752E-06 -8.3819E-08
 4.0000E-02 3.2868E-01 -2.2735E-02  2.3842E-06 -3.3528E-08
 4.0000E-02 3.2989E-01 -2.6795E-02 -2.3842E-06  4.2841E-08
 4.0000E-02 3.3111E-01 -3.1344E-02 -1.0252E-05 -3.3528E-08
 4.0000E-02 3.3234E-01 -3.6393E-02  1.4305E-06  7.0781E-08
 4.0000E-02 3.3358E-01 -4.1954E-02  5.2452E-06 -1.1548E-07
 4.0000E-02 3.3483E-01 -4.8048E-02  9.5367E-07 -1.8626E-08
 4.0000E-02 3.3609E-01 -5.4911E-02 -9.5367E-07 -3.7253E-08
 4.0000E-02 3.3736E-01 -6.2475E-02 -2.1458E-06  1.0058E-07
 4.0000E-02 3.3864E-01 -7.0489E-02 -7.3910E-06 -2.9802E-07
 4.0000E-02 3.3992E-01 -7.8968E-02  5.0068E-06  5.9605E-08
 4.0000E-02 3.4122E-01 -8.7924E-02 -1.6689E-06 -1.2666E-07
 4.0000E-02 3.4253E-01 -9.7374E-02 -1.4305E-06 -1.4156E-07
 4.0000E-02 3.4385E-01 -1.0733E-01  2.3842E-07 -1.1176E-07
 4.0000E-02 3.4517E-01 -1.1775E-01  2.6226E-06  2.1607E-07
 4.0000E-02 3.4651E-01 -1.2841E-01  8.1062E-06 -2.9802E-08
 4.0000E-02 3.4786E-01 -1.3934E-01  9.0599E-06  3.4273E-07
 4.0000E-02 3.4922E-01 -1.5055E-01  1.4305E-06  2.0862E-07
 4.0000E-02 3.5059E-01 -1.6204E-01  4.5300E-06 -3.8743E-07
 4.0000E-02 3.5197E-01 -1.7382E-01  5.4836E-06  3.2783E-07
 4.0000E-02 3.5336E-01 -1.8590E-01 -2.3842E-06 -2.9802E-08
 4.0000E-02 3.5476E-01 -1.9810E-01 -1.4305E-06  0.0000E+00
 4.0000E-02 3.5618E-01 -2.1033E-01 -1.1921E-06  8.9407E-08
 4.0000E-02 3.5760E-01 -2.2266E-01  4.5300E-06  4.4703E-08
 4.0000E-02 3.5904E-01 -2.3508E-01  1.9073E-06  2.0862E-07
 4.0000E-02 3.6048E-01 -2.4759E-01  2.3842E-07  4.4703E-08
 4.0000E-02 3.6194E-01 -2.6019E-01  2.3842E-06 -4.1723E-07
 4.0000E-02 3.6341E-01 -2.7282E-01  2.1458E-06  2.9802E-08
 4.0000E-02 3.6490E-01 -2.8530E-01 -3.5763E-06 -1.1921E-07
 4.0000E-02 3.6639E-01 -2.9775E-01  4.5300E-06 -8.9407E-08
 4.0000E-02 3.6790E-01 -3.1019E-01 -2.3842E-06  0.0000E+00
 4.0000E-02 3.6942E-01 -3.2256E-01 -1.4305E-06  6.2585E-07
 4.0000E-02 3.7095E-01 -3.3489E-01  2.3842E-07  1.4007E-06
 4.0000E-02 3.7250E-01 -3.4712E-01 -1.1921E-06 -5.9605E-08
 4.0000E-02 3.7406E-01 -3.5918E-01  7.1526E-07  8.3447E-07
 4.0000E-02 3.7563E-01 -3.7114E-01  9.2983E-06  4.4703E-07
 4.0000E-02 3.7722E-01 -3.8302E-01  3.0994E-06 -1.3113E-06
 4.0000E-02 3.7881E-01 -3.9475E-01  5.9605E-06 -1.4603E-06
 4.0000E-02 3.8043E-01 -4.0633E-01  1.3113E-05 -8.9407E-08
 4.0000E-02 3.8205E-01 -4.1770E-01 -3.3379E-06 -3.6955E-06
 4.0000E-02 3.8369E-01 -4.2892E-01  9.5367E-07  3.2783E-07
 4.0000E-02 3.8534E-01 -4.3997E-01 -5.2452E-06  6.8545E-07
 4.0000E-02 3.8701E-01 -4.5084E-01 -2.6226E-06  3.9041E-06
 4.0000E-02 3.8870E-01 -4.6150E-01  2.1458E-06 -6.2585E-07
 4.0000E-02 3.9039E-01 -4.7191E-01 -4.2915E-06  3.5763E-07
 4.0000E-02 3.9211E-01 -4.8207E-01  2.8610E-06  8.6427E-07
 4.0000E-02 3.9383E-01 -4.9201E-01  1.4305E-06  9.2387E-07
 4.0000E-02 3.9558E-01 -5.0169E-01  9.2983E-06  1.1921E-07
 4.0000E-02 3.9733E-01 -5.1107E-01 -7.3910E-06  5.9605E-08
 4.0000E-02 3.9911E-01 -5.2011E-01  1.9073E-06  2.1458E-06
 4.0000E-02 4.0090E-01 -5.2879E-01  1.5736E-05 -5.0664E-06
 4.0000E-02 4.0270E-01 -5.3715E-01  2.1458E-06 -1.3113E-06
 4.0000E-02 4.0452E-01 -5.4515E-01 -5.0068E-06  6.5565E-07
 4.0000E-02 4.0636E-01 -5.5273E-01 -8.5831E-06  8.3447E-07
 4.0000E-02 4.0822E-01 -5.5983E-01 -1.1921E-06 -1.7881E-07
 4.0000E-02 4.1009E-01 -5.6644E-01 -7.3910E-06 -3.7551E-06
 4.0000E-02 4.1198E-01 -5.7259E-01 -1.4305E-06 -1.4305E-06
 4.0000E-02 4.1389E-01 -5.7821E-01  2.3842E-06  5.9605E-08
 4.0000E-02 4.1581E-01 -5.8321E-01  1.1921E-06 -1.1921E-07
 4.0000E-02 4.1776E-01 -5.8751E-01 -7.3910E-06  1.3709E-06
 4.0000E-02 4.1972E-01 -5.9112E-01  8.1062E-06 -2.9802E-07
 4.0000E-02 4.2170E-01 -5.9399E-01  1.9073E-06 -1.3113E-06
 4.0000E-02 4.2370E-01 -5.9599E-01  2.6226E-06  1.9073E-06
 4.0000E-02 4.2571E-01 -5.9701E-01  3.3379E-06  6.5565E-07
 4.0000E-02 4.2775E-01 -5.9690E-01  5.2452E-06 -5.3644E-07
 4.0000E-02 4.2981E-01 -5.9561E-01 -3.5763E-06  1.4901E-06
 4.0000E-02 4.3188E-01 -5.9300E-01 -2.1458E-06 -9.5367E-07
 4.0000E-02 4.3398E-01 -5.8891E-01 -1.3113E-05  2.6822E-06
 4.0000E-02 4.3610E-01 -5.8317E-01  7.1526E-06  7.7486E-07
 4.0000E-02 4.3824E-01 -5.7580E-01 -2.8610E-06  6.4969E-06
 4.0000E-02 4.4039E-01 -5.6658E-01  3.3379E-06  4.7684E-07
 4.0000E-02 4.4257E-01 -5.5541E-01  1.0490E-05 -1.1921E-07
 4.0000E-02 4.4478E-01 -5.4216E-01  6.1989E-06  6.5565E-07
 4.0000E-02 4.4700E-01 -5.2690E-01  9.5367E-07 -2.3246E-06
 4.0000E-02 4.4925E-01 -5.0936E-01 -2.3842E-06  1.6093E-06
 4.0000E-02 4.5152E-01 -4.8940E-01 -2.8610E-06 -8.0466E-07
 4.0000E-02 4.5381E-01 -4.6696E-01 -9.5367E-07 -8.9407E-08
 4.0000E-02 4.5612E-01 -4.4202E-01 -6.1989E-06 -1.9968E-06
 4.0000E-02 4.5846E-01 -4.1442E-01  1.0490E-05  3.8743E-07
 4.0000E-02 4.6082E-01 -3.8420E-01  1.9073E-06  8.9407E-08
 4.0000E-02 4.6321E-01 -3.5148E-01  1.0014E-05  1.2517E-06
 4.0000E-02 4.6563E-01 -3.1619E-01  3.8147E-06 -2.2948E-06
 4.0000E-02 4.6806E-01 -2.7832E-01 -4.7684E-06 -1.8477E-06
 4.0000E-02 4.7053E-01 -2.3793E-01 -3.8147E-06 -3.8296E-06
 4.0000E-02 4.7302E-01 -1.9500E-01  4.7684E-07 -1.3262E-06
 4.0000E-02 4.7553E-01 -1.4910E-01 -1.1921E-05 -3.5763E-07
 4.0000E-02 4.7807E-01 -9.9956E-02  6.1989E-06  1.6168E-06
 4.0000E-02 4.8065E-01 -4.7128E-02  1.5736E-05  7.9721E-07
 4.0000E-02 4.8324E-01  1.0109E-02 -1.2398E-05  6.6310E-07
 4.0000E-02 4.8587E-01  7.2700E-02 -1.9073E-05  3.7998E-07
 4.0000E-02 4.8852E-01  1.4154E-01  1.1444E-05  2.3842E-07
 4.0000E-02 4.9121E-01  2.1778E-01 -1.3351E-05 -5.0664E-07
 4.0000E-02 4.9392E-01  3.0277E-01  3.0518E-05  1.0431E-06
 4.0000E-02 4.9667E-01  3.9744E-01  1.7166E-05 -4.7684E-07
 4.0000E-02 4.9944E-01  5.0282E-01 -4.7684E-06 -5.6028E-06
 4.0000E-02 5.0225E-01  6.1948E-01  2.3365E-05 -7.6890E-06
 4.0000E-02 5.0508E-01  7.4695E-01 -2.5749E-05 -1.1325E-06
 4.0000E-02 5.0795E-01  8.8431E-01 -3.0994E-05 -5.5432E-06
 4.0000E-02 5.1086E-01  1.0295E+00 -1.8597E-05 -1.9073E-06
 4.0000E-02 5.1379E-01  1.1792E+00  2.8133E-05 -2.9802E-06
 4.0000E-02 5.1676E-01  1.3299E+00 -9.0599E-06  6.6757E-06
 4.0000E-02 5.1977E-01  1.4775E+00 -1.5736E-05 -4.5300E-06
 4.0000E-02 5.2281E-01  1.6183E+00  2.2888E-05  9.4175E-06
 4.0000E-02 5.2588E-01  1.7495E+00  0.0000E+00  3.5763E-07
 4.0000E-02 5.2899E-01  1.8688E+00 -1.4305E-06  2.1458E-06
 4.0000E-02 5.3214E-01  1.9751E+00  9.0599E-06  6.4373E-06
 4.0000E-02 5.3533E-01  2.0680E+00 -3.8147E-05  4.2915E-06
 4.0000E-02 5.3855E-01  2.1481E+00 -9.5367E-06 -2.1458E-06
 4.0000E-02 5.4182E-01  2.2164E+00  4.2915E-06 -1.2398E-05
 4.0000E-02 5.4512E-01  2.2742E+00  0.0000E+00  1.4305E-06
 4.0000E-02 5.4847E-01  2.3227E+00 -3.3855E-05  2.6226E-06
 4.0000E-02 5.5185E-01  2.3627E+00  7.6294E-06 -3.4094E-05
 4.0000E-02 5.5528E-01  2.3943E+00 -1.4305E-05 -3.0041E-05
 4.0000E-02 5.5875E-01  2.4177E+00 -2.9564E-05 -2.4796E-05
 4.0000E-02 5.6226E-01  2.4325E+00  2.8610E-05 -1.5736E-05
 4.0000E-02 5.6582E-01  2.4386E+00  8.1062E-06  4.7684E-06
 4.0000E-02 5.6943E-01  2.4359E+00 -2.6941E-05 -3.2187E-05
 4.0000E-02 5.7308E-01  2.4249E+00  1.9073E-06 -4.7684E-06
 4.0000E-02 5.7677E-01  2.4069E+00 -1.8358E-05  1.5259E-05
 4.0000E-02 5.8052E-01  2.3834E+00  1.8358E-05  9.7752E-06
 4.0000E-02 5.8431E-01  2.3559E+00 -1.9789E-05  1.7166E-05
 4.0000E-02 5.8816E-01  2.3255E+00  3.0518E-05 -1.1683E-05
 4.0000E-02 5.9205E-01  2.2928E+00 -5.2929E-05  0.0000E+00
 4.0000E-02 5.9600E-01  2.2580E+00 -1.2636E-05 -7.1526E-06
 4.0000E-02 6.0000E-01  2.2216E+00 -2.7657E-05  2.1458E-06
