 DDSCAT --- DDSCAT 7.3.3 [22.01.20]   
 TARGET --->TARGSPHER  spherical target with explicit spacing                 
 GPFAFT --- method of solution 
 GKDLDR --- prescription for polarizabilities
 FROM_FILE --- shape 
    4169 = NAT0 = number of dipoles
 ../../diel/Pena-Rioux_dielectric_26Au_74Ag                  
 ../../diel/Pena-Rioux_dielectric_65Au_35Ag                  
 ../../diel/Pena-Rioux_dielectric_92Au_8Ag                   
   0.000   0.000 = beta_min, beta_max ;  NBETA = 1
   0.000   0.000 = theta_min, theta_max; NTHETA= 1
   0.000   0.000 = phi_min, phi_max   ;   NPHI = 1
 0.5000 = ETASCA (param. controlling # of scatt. dirs used to calculate <cos> etc.
 Results averaged over    1 target orientations
                   and  2 incident polarizations
   aeff       wave       Q_ext     Q_abs      Q_sca     g(1)=<cos>  <cos^2>    Q_bk       Nsca
 4.0000E-02 3.0000E-01 2.6006E+00 1.8029E+00 7.9770E-01  2.5545E-01 4.1467E-01 4.0139E-02   408
 4.0000E-02 3.0101E-01 2.5933E+00 1.8024E+00 7.9091E-01  2.5369E-01 4.1448E-01 4.0152E-02   408
 4.0000E-02 3.0203E-01 2.5860E+00 1.8019E+00 7.8409E-01  2.5195E-01 4.1429E-01 4.0155E-02   408
 4.0000E-02 3.0305E-01 2.5785E+00 1.8013E+00 7.7722E-01  2.5021E-01 4.1410E-01 4.0149E-02   408
 4.0000E-02 3.0408E-01 2.5709E+00 1.8006E+00 7.7031E-01  2.4849E-01 4.1392E-01 4.0133E-02   408
 4.0000E-02 3.0512E-01 2.5633E+00 1.7999E+00 7.6336E-01  2.4676E-01 4.1374E-01 4.0107E-02   408
 4.0000E-02 3.0616E-01 2.5555E+00 1.7992E+00 7.5637E-01  2.4505E-01 4.1356E-01 4.0071E-02   408
 4.0000E-02 3.0722E-01 2.5477E+00 1.7983E+00 7.4935E-01  2.4335E-01 4.1338E-01 4.0026E-02   408
 4.0000E-02 3.0828E-01 2.5399E+00 1.7975E+00 7.4240E-01  2.4164E-01 4.1321E-01 3.9979E-02   408
 4.0000E-02 3.0934E-01 2.5326E+00 1.7968E+00 7.3576E-01  2.3992E-01 4.1303E-01 3.9946E-02   408
 4.0000E-02 3.1042E-01 2.5252E+00 1.7961E+00 7.2911E-01  2.3820E-01 4.1285E-01 3.9905E-02   408
 4.0000E-02 3.1150E-01 2.5177E+00 1.7953E+00 7.2239E-01  2.3648E-01 4.1268E-01 3.9855E-02   408
 4.0000E-02 3.1259E-01 2.5101E+00 1.7944E+00 7.1564E-01  2.3477E-01 4.1251E-01 3.9796E-02   408
 4.0000E-02 3.1368E-01 2.5023E+00 1.7935E+00 7.0886E-01  2.3307E-01 4.1235E-01 3.9728E-02   408
 4.0000E-02 3.1479E-01 2.4945E+00 1.7925E+00 7.0204E-01  2.3147E-01 4.1233E-01 3.9651E-02   362
 4.0000E-02 3.1590E-01 2.4865E+00 1.7914E+00 6.9519E-01  2.2978E-01 4.1217E-01 3.9566E-02   362
 4.0000E-02 3.1702E-01 2.4785E+00 1.7902E+00 6.8830E-01  2.2808E-01 4.1201E-01 3.9473E-02   363
 4.0000E-02 3.1815E-01 2.4698E+00 1.7888E+00 6.8109E-01  2.2641E-01 4.1185E-01 3.9353E-02   363
 4.0000E-02 3.1929E-01 2.4609E+00 1.7871E+00 6.7375E-01  2.2475E-01 4.1170E-01 3.9217E-02   363
 4.0000E-02 3.2043E-01 2.4517E+00 1.7854E+00 6.6632E-01  2.2310E-01 4.1155E-01 3.9068E-02   363
 4.0000E-02 3.2158E-01 2.4423E+00 1.7835E+00 6.5880E-01  2.2145E-01 4.1140E-01 3.8907E-02   363
 4.0000E-02 3.2274E-01 2.4327E+00 1.7815E+00 6.5119E-01  2.1981E-01 4.1125E-01 3.8733E-02   363
 4.0000E-02 3.2391E-01 2.4228E+00 1.7793E+00 6.4351E-01  2.1818E-01 4.1111E-01 3.8547E-02   363
 4.0000E-02 3.2509E-01 2.4128E+00 1.7770E+00 6.3575E-01  2.1655E-01 4.1096E-01 3.8348E-02   363
 4.0000E-02 3.2628E-01 2.4024E+00 1.7745E+00 6.2792E-01  2.1492E-01 4.1082E-01 3.8137E-02   363
 4.0000E-02 3.2747E-01 2.3909E+00 1.7714E+00 6.1948E-01  2.1334E-01 4.1069E-01 3.7877E-02   363
 4.0000E-02 3.2868E-01 2.3794E+00 1.7683E+00 6.1115E-01  2.1175E-01 4.1056E-01 3.7616E-02   363
 4.0000E-02 3.2989E-01 2.3681E+00 1.7651E+00 6.0298E-01  2.1014E-01 4.1042E-01 3.7360E-02   363
 4.0000E-02 3.3111E-01 2.3569E+00 1.7619E+00 5.9498E-01  2.0852E-01 4.1029E-01 3.7107E-02   363
 4.0000E-02 3.3234E-01 2.3458E+00 1.7586E+00 5.8714E-01  2.0688E-01 4.1016E-01 3.6861E-02   363
 4.0000E-02 3.3358E-01 2.3348E+00 1.7553E+00 5.7949E-01  2.0521E-01 4.1002E-01 3.6621E-02   363
 4.0000E-02 3.3483E-01 2.3240E+00 1.7520E+00 5.7202E-01  2.0353E-01 4.0989E-01 3.6389E-02   363
 4.0000E-02 3.3609E-01 2.3138E+00 1.7487E+00 5.6503E-01  2.0179E-01 4.0975E-01 3.6186E-02   363
 4.0000E-02 3.3736E-01 2.3046E+00 1.7459E+00 5.5875E-01  1.9998E-01 4.0960E-01 3.6030E-02   363
 4.0000E-02 3.3864E-01 2.2963E+00 1.7433E+00 5.5298E-01  1.9813E-01 4.0946E-01 3.5906E-02   363
 4.0000E-02 3.3992E-01 2.2886E+00 1.7409E+00 5.4771E-01  1.9624E-01 4.0931E-01 3.5814E-02   363
 4.0000E-02 3.4122E-01 2.2818E+00 1.7388E+00 5.4299E-01  1.9431E-01 4.0916E-01 3.5756E-02   363
 4.0000E-02 3.4253E-01 2.2758E+00 1.7370E+00 5.3880E-01  1.9233E-01 4.0901E-01 3.5735E-02   363
 4.0000E-02 3.4385E-01 2.2706E+00 1.7354E+00 5.3517E-01  1.9030E-01 4.0885E-01 3.5752E-02   363
 4.0000E-02 3.4517E-01 2.2666E+00 1.7343E+00 5.3229E-01  1.8822E-01 4.0869E-01 3.5820E-02   363
 4.0000E-02 3.4651E-01 2.2640E+00 1.7338E+00 5.3021E-01  1.8609E-01 4.0853E-01 3.5945E-02   363
 4.0000E-02 3.4786E-01 2.2625E+00 1.7337E+00 5.2877E-01  1.8394E-01 4.0837E-01 3.6114E-02   363
 4.0000E-02 3.4922E-01 2.2621E+00 1.7341E+00 5.2798E-01  1.8175E-01 4.0820E-01 3.6330E-02   363
 4.0000E-02 3.5059E-01 2.2628E+00 1.7349E+00 5.2787E-01  1.7954E-01 4.0803E-01 3.6594E-02   363
 4.0000E-02 3.5197E-01 2.2648E+00 1.7363E+00 5.2846E-01  1.7730E-01 4.0787E-01 3.6910E-02   363
 4.0000E-02 3.5336E-01 2.2680E+00 1.7382E+00 5.2978E-01  1.7504E-01 4.0770E-01 3.7281E-02   363
 4.0000E-02 3.5476E-01 2.2727E+00 1.7408E+00 5.3189E-01  1.7276E-01 4.0753E-01 3.7710E-02   363
 4.0000E-02 3.5618E-01 2.2787E+00 1.7440E+00 5.3467E-01  1.7049E-01 4.0736E-01 3.8190E-02   363
 4.0000E-02 3.5760E-01 2.2858E+00 1.7477E+00 5.3810E-01  1.6820E-01 4.0719E-01 3.8720E-02   363
 4.0000E-02 3.5904E-01 2.2942E+00 1.7520E+00 5.4221E-01  1.6591E-01 4.0703E-01 3.9305E-02   363
 4.0000E-02 3.6048E-01 2.3040E+00 1.7569E+00 5.4702E-01  1.6361E-01 4.0686E-01 3.9946E-02   363
 4.0000E-02 3.6194E-01 2.3150E+00 1.7625E+00 5.5257E-01  1.6130E-01 4.0669E-01 4.0647E-02   363
 4.0000E-02 3.6341E-01 2.3275E+00 1.7687E+00 5.5885E-01  1.5900E-01 4.0653E-01 4.1410E-02   363
 4.0000E-02 3.6490E-01 2.3412E+00 1.7755E+00 5.6573E-01  1.5670E-01 4.0637E-01 4.2225E-02   363
 4.0000E-02 3.6639E-01 2.3560E+00 1.7828E+00 5.7324E-01  1.5440E-01 4.0620E-01 4.3095E-02   363
 4.0000E-02 3.6790E-01 2.3721E+00 1.7907E+00 5.8140E-01  1.5209E-01 4.0604E-01 4.4024E-02   363
 4.0000E-02 3.6942E-01 2.3894E+00 1.7992E+00 5.9022E-01  1.4979E-01 4.0588E-01 4.5014E-02   363
 4.0000E-02 3.7095E-01 2.4081E+00 1.8084E+00 5.9974E-01  1.4748E-01 4.0573E-01 4.6071E-02   363
 4.0000E-02 3.7250E-01 2.4282E+00 1.8182E+00 6.0999E-01  1.4517E-01 4.0557E-01 4.7194E-02   363
 4.0000E-02 3.7406E-01 2.4493E+00 1.8286E+00 6.2079E-01  1.4286E-01 4.0542E-01 4.8375E-02   363
 4.0000E-02 3.7563E-01 2.4717E+00 1.8395E+00 6.3222E-01  1.4055E-01 4.0527E-01 4.9620E-02   363
 4.0000E-02 3.7722E-01 2.4953E+00 1.8509E+00 6.4438E-01  1.3823E-01 4.0512E-01 5.0937E-02   363
 4.0000E-02 3.7881E-01 2.5202E+00 1.8630E+00 6.5718E-01  1.3591E-01 4.0497E-01 5.2324E-02   363
 4.0000E-02 3.8043E-01 2.5465E+00 1.8757E+00 6.7072E-01  1.3358E-01 4.0482E-01 5.3787E-02   363
 4.0000E-02 3.8205E-01 2.5741E+00 1.8892E+00 6.8492E-01  1.3125E-01 4.0468E-01 5.5322E-02   363
 4.0000E-02 3.8369E-01 2.6029E+00 1.9031E+00 6.9980E-01  1.2891E-01 4.0454E-01 5.6933E-02   363
 4.0000E-02 3.8534E-01 2.6329E+00 1.9175E+00 7.1536E-01  1.2657E-01 4.0440E-01 5.8623E-02   363
 4.0000E-02 3.8701E-01 2.6643E+00 1.9326E+00 7.3167E-01  1.2422E-01 4.0426E-01 6.0397E-02   363
 4.0000E-02 3.8870E-01 2.6971E+00 1.9484E+00 7.4877E-01  1.2185E-01 4.0413E-01 6.2262E-02   363
 4.0000E-02 3.9039E-01 2.7315E+00 1.9648E+00 7.6670E-01  1.1956E-01 4.0417E-01 6.4221E-02   323
 4.0000E-02 3.9211E-01 2.7671E+00 1.9818E+00 7.8535E-01  1.1718E-01 4.0404E-01 6.6269E-02   323
 4.0000E-02 3.9383E-01 2.8042E+00 1.9994E+00 8.0481E-01  1.1479E-01 4.0391E-01 6.8415E-02   323
 4.0000E-02 3.9558E-01 2.8427E+00 2.0176E+00 8.2511E-01  1.1239E-01 4.0379E-01 7.0663E-02   323
 4.0000E-02 3.9733E-01 2.8828E+00 2.0365E+00 8.4631E-01  1.0998E-01 4.0367E-01 7.3019E-02   323
 4.0000E-02 3.9911E-01 2.9245E+00 2.0560E+00 8.6842E-01  1.0755E-01 4.0355E-01 7.5490E-02   323
 4.0000E-02 4.0090E-01 2.9677E+00 2.0763E+00 8.9145E-01  1.0513E-01 4.0343E-01 7.8073E-02   323
 4.0000E-02 4.0270E-01 3.0125E+00 2.0971E+00 9.1539E-01  1.0269E-01 4.0332E-01 8.0776E-02   323
 4.0000E-02 4.0452E-01 3.0590E+00 2.1186E+00 9.4036E-01  1.0024E-01 4.0321E-01 8.3607E-02   323
 4.0000E-02 4.0636E-01 3.1072E+00 2.1409E+00 9.6638E-01  9.7793E-02 4.0310E-01 8.6570E-02   323
 4.0000E-02 4.0822E-01 3.1573E+00 2.1638E+00 9.9349E-01  9.5334E-02 4.0299E-01 8.9673E-02   323
 4.0000E-02 4.1009E-01 3.2091E+00 2.1874E+00 1.0217E+00  9.2869E-02 4.0289E-01 9.2915E-02   323
 4.0000E-02 4.1198E-01 3.2628E+00 2.2118E+00 1.0510E+00  9.0401E-02 4.0279E-01 9.6309E-02   323
 4.0000E-02 4.1389E-01 3.3184E+00 2.2369E+00 1.0816E+00  8.7930E-02 4.0270E-01 9.9862E-02   323
 4.0000E-02 4.1581E-01 3.3761E+00 2.2627E+00 1.1134E+00  8.5458E-02 4.0261E-01 1.0358E-01   323
 4.0000E-02 4.1776E-01 3.4359E+00 2.2893E+00 1.1466E+00  8.2986E-02 4.0252E-01 1.0747E-01   323
 4.0000E-02 4.1972E-01 3.4979E+00 2.3167E+00 1.1811E+00  8.0515E-02 4.0243E-01 1.1154E-01   323
 4.0000E-02 4.2170E-01 3.5621E+00 2.3450E+00 1.2171E+00  7.8051E-02 4.0235E-01 1.1579E-01   323
 4.0000E-02 4.2370E-01 3.6287E+00 2.3740E+00 1.2547E+00  7.5595E-02 4.0227E-01 1.2025E-01   323
 4.0000E-02 4.2571E-01 3.6977E+00 2.4040E+00 1.2937E+00  7.3150E-02 4.0219E-01 1.2490E-01   323
 4.0000E-02 4.2775E-01 3.7691E+00 2.4348E+00 1.3343E+00  7.0720E-02 4.0212E-01 1.2975E-01   323
 4.0000E-02 4.2981E-01 3.8430E+00 2.4666E+00 1.3764E+00  6.8309E-02 4.0205E-01 1.3481E-01   323
 4.0000E-02 4.3188E-01 3.9194E+00 2.4992E+00 1.4202E+00  6.5924E-02 4.0198E-01 1.4008E-01   323
 4.0000E-02 4.3398E-01 3.9983E+00 2.5328E+00 1.4655E+00  6.3568E-02 4.0192E-01 1.4555E-01   323
 4.0000E-02 4.3610E-01 4.0794E+00 2.5672E+00 1.5122E+00  6.1247E-02 4.0186E-01 1.5122E-01   323
 4.0000E-02 4.3824E-01 4.1626E+00 2.6024E+00 1.5602E+00  5.8967E-02 4.0180E-01 1.5705E-01   323
 4.0000E-02 4.4039E-01 4.2480E+00 2.6384E+00 1.6097E+00  5.6731E-02 4.0175E-01 1.6307E-01   323
 4.0000E-02 4.4257E-01 4.3354E+00 2.6751E+00 1.6603E+00  5.4545E-02 4.0169E-01 1.6925E-01   323
 4.0000E-02 4.4478E-01 4.4246E+00 2.7125E+00 1.7121E+00  5.2410E-02 4.0165E-01 1.7559E-01   323
 4.0000E-02 4.4700E-01 4.5155E+00 2.7505E+00 1.7650E+00  5.0335E-02 4.0160E-01 1.8207E-01   323
 4.0000E-02 4.4925E-01 4.6081E+00 2.7891E+00 1.8190E+00  4.8319E-02 4.0156E-01 1.8870E-01   323
 4.0000E-02 4.5152E-01 4.7020E+00 2.8282E+00 1.8739E+00  4.6367E-02 4.0152E-01 1.9545E-01   323
 4.0000E-02 4.5381E-01 4.7969E+00 2.8676E+00 1.9294E+00  4.4484E-02 4.0148E-01 2.0228E-01   323
 4.0000E-02 4.5612E-01 4.8928E+00 2.9072E+00 1.9856E+00  4.2670E-02 4.0145E-01 2.0920E-01   323
 4.0000E-02 4.5846E-01 4.9894E+00 2.9471E+00 2.0423E+00  4.0928E-02 4.0141E-01 2.1619E-01   323
 4.0000E-02 4.6082E-01 5.0862E+00 2.9869E+00 2.0993E+00  3.9259E-02 4.0138E-01 2.2322E-01   323
 4.0000E-02 4.6321E-01 5.1831E+00 3.0265E+00 2.1565E+00  3.7662E-02 4.0136E-01 2.3028E-01   323
 4.0000E-02 4.6563E-01 5.2803E+00 3.0659E+00 2.2143E+00  3.6133E-02 4.0133E-01 2.3741E-01   323
 4.0000E-02 4.6806E-01 5.3776E+00 3.1049E+00 2.2727E+00  3.4666E-02 4.0131E-01 2.4461E-01   323
 4.0000E-02 4.7053E-01 5.4753E+00 3.1433E+00 2.3320E+00  3.3256E-02 4.0128E-01 2.5191E-01   323
 4.0000E-02 4.7302E-01 5.5739E+00 3.1811E+00 2.3929E+00  3.1895E-02 4.0126E-01 2.5939E-01   323
 4.0000E-02 4.7553E-01 5.6738E+00 3.2180E+00 2.4558E+00  3.0570E-02 4.0124E-01 2.6712E-01   323
 4.0000E-02 4.7807E-01 5.7752E+00 3.2539E+00 2.5213E+00  2.9273E-02 4.0122E-01 2.7515E-01   323
 4.0000E-02 4.8065E-01 5.8787E+00 3.2885E+00 2.5901E+00  2.7993E-02 4.0120E-01 2.8358E-01   323
 4.0000E-02 4.8324E-01 5.9845E+00 3.3215E+00 2.6631E+00  2.6717E-02 4.0118E-01 2.9251E-01   323
 4.0000E-02 4.8587E-01 6.0923E+00 3.3521E+00 2.7402E+00  2.5433E-02 4.0116E-01 3.0197E-01   323
 4.0000E-02 4.8852E-01 6.2017E+00 3.3797E+00 2.8220E+00  2.4134E-02 4.0114E-01 3.1200E-01   323
 4.0000E-02 4.9121E-01 6.3118E+00 3.4034E+00 2.9085E+00  2.2810E-02 4.0111E-01 3.2265E-01   323
 4.0000E-02 4.9392E-01 6.4204E+00 3.4217E+00 2.9987E+00  2.1457E-02 4.0109E-01 3.3381E-01   323
 4.0000E-02 4.9667E-01 6.5246E+00 3.4332E+00 3.0914E+00  2.0078E-02 4.0107E-01 3.4534E-01   323
 4.0000E-02 4.9944E-01 6.6209E+00 3.4363E+00 3.1847E+00  1.8674E-02 4.0106E-01 3.5704E-01   323
 4.0000E-02 5.0225E-01 6.7043E+00 3.4289E+00 3.2755E+00  1.7255E-02 4.0104E-01 3.6854E-01   323
 4.0000E-02 5.0508E-01 6.7689E+00 3.4093E+00 3.3596E+00  1.5838E-02 4.0103E-01 3.7936E-01   323
 4.0000E-02 5.0795E-01 6.8091E+00 3.3760E+00 3.4332E+00  1.4434E-02 4.0102E-01 3.8903E-01   324
 4.0000E-02 5.1086E-01 6.8190E+00 3.3278E+00 3.4912E+00  1.3058E-02 4.0101E-01 3.9695E-01   324
 4.0000E-02 5.1379E-01 6.7943E+00 3.2648E+00 3.5295E+00  1.1760E-02 4.0120E-01 4.0262E-01   285
 4.0000E-02 5.1676E-01 6.7330E+00 3.1875E+00 3.5455E+00  1.0472E-02 4.0120E-01 4.0570E-01   285
 4.0000E-02 5.1977E-01 6.6347E+00 3.0973E+00 3.5373E+00  9.2329E-03 4.0120E-01 4.0596E-01   285
 4.0000E-02 5.2281E-01 6.5023E+00 2.9966E+00 3.5057E+00  8.0450E-03 4.0120E-01 4.0345E-01   285
 4.0000E-02 5.2588E-01 6.3401E+00 2.8877E+00 3.4524E+00  6.9021E-03 4.0120E-01 3.9836E-01   285
 4.0000E-02 5.2899E-01 6.1533E+00 2.7732E+00 3.3801E+00  5.7997E-03 4.0121E-01 3.9101E-01   285
 4.0000E-02 5.3214E-01 5.9482E+00 2.6554E+00 3.2928E+00  4.7337E-03 4.0121E-01 3.8182E-01   285
 4.0000E-02 5.3533E-01 5.7303E+00 2.5364E+00 3.1940E+00  3.6986E-03 4.0122E-01 3.7122E-01   285
 4.0000E-02 5.3855E-01 5.5050E+00 2.4176E+00 3.0874E+00  2.6919E-03 4.0123E-01 3.5964E-01   285
 4.0000E-02 5.4182E-01 5.2764E+00 2.2999E+00 2.9765E+00  1.7132E-03 4.0123E-01 3.4748E-01   285
 4.0000E-02 5.4512E-01 5.0466E+00 2.1831E+00 2.8635E+00  7.6066E-04 4.0124E-01 3.3498E-01   285
 4.0000E-02 5.4847E-01 4.8168E+00 2.0673E+00 2.7495E+00 -1.6584E-04 4.0124E-01 3.2229E-01   285
 4.0000E-02 5.5185E-01 4.5874E+00 1.9522E+00 2.6352E+00 -1.0703E-03 4.0124E-01 3.0949E-01   285
 4.0000E-02 5.5528E-01 4.3583E+00 1.8380E+00 2.5203E+00 -1.9570E-03 4.0124E-01 2.9657E-01   285
 4.0000E-02 5.5875E-01 4.1305E+00 1.7253E+00 2.4052E+00 -2.8333E-03 4.0124E-01 2.8354E-01   285
 4.0000E-02 5.6226E-01 3.9045E+00 1.6149E+00 2.2896E+00 -3.7088E-03 4.0124E-01 2.7039E-01   285
 4.0000E-02 5.6582E-01 3.6819E+00 1.5084E+00 2.1736E+00 -4.5914E-03 4.0123E-01 2.5715E-01   285
 4.0000E-02 5.6943E-01 3.4655E+00 1.4075E+00 2.0580E+00 -5.4858E-03 4.0122E-01 2.4392E-01   285
 4.0000E-02 5.7308E-01 3.2580E+00 1.3139E+00 1.9441E+00 -6.3918E-03 4.0121E-01 2.3084E-01   285
 4.0000E-02 5.7677E-01 3.0622E+00 1.2285E+00 1.8337E+00 -7.3090E-03 4.0120E-01 2.1812E-01   285
 4.0000E-02 5.8052E-01 2.8790E+00 1.1510E+00 1.7279E+00 -8.2354E-03 4.0119E-01 2.0592E-01   285
 4.0000E-02 5.8431E-01 2.7085E+00 1.0807E+00 1.6278E+00 -9.1699E-03 4.0118E-01 1.9434E-01   285
 4.0000E-02 5.8816E-01 2.5497E+00 1.0164E+00 1.5333E+00 -1.0112E-02 4.0117E-01 1.8341E-01   285
 4.0000E-02 5.9205E-01 2.4017E+00 9.5757E-01 1.4441E+00 -1.1060E-02 4.0116E-01 1.7308E-01   285
 4.0000E-02 5.9600E-01 2.2641E+00 9.0409E-01 1.3600E+00 -1.2011E-02 4.0116E-01 1.6330E-01   285
 4.0000E-02 6.0000E-01 2.1370E+00 8.5627E-01 1.2807E+00 -1.2960E-02 4.0115E-01 1.5408E-01   285
