 DDSCAT --- DDSCAT 7.3.3 [22.01.20]   
 TARGET --->TARGSPHER  spherical target with explicit spacing                 
 GPFAFT --- method of solution 
 GKDLDR --- prescription for polarizabilities
 FROM_FILE --- shape 
    4169 = NAT0 = number of dipoles
 ../../diel/Pena-Rioux_dielectric_26Au_74Ag                  
 ../../diel/Pena-Rioux_dielectric_34Au_66Ag                  
 ../../diel/Pena-Rioux_dielectric_85Au_15Ag                  
 ../../diel/Pena-Rioux_dielectric_92Au_8Ag                   
   0.000   0.000 = beta_min, beta_max ;  NBETA = 1
   0.000   0.000 = theta_min, theta_max; NTHETA= 1
   0.000   0.000 = phi_min, phi_max   ;   NPHI = 1
 0.5000 = ETASCA (param. controlling # of scatt. dirs used to calculate <cos> etc.
 Results averaged over    1 target orientations
                   and  2 incident polarizations
   aeff       wave       Q_ext     Q_abs      Q_sca     g(1)=<cos>  <cos^2>    Q_bk       Nsca
 4.0000E-02 3.0000E-01 2.4890E+00 1.7547E+00 7.3431E-01  2.5244E-01 4.1501E-01 3.7708E-02   408
 4.0000E-02 3.0101E-01 2.4797E+00 1.7529E+00 7.2673E-01  2.5060E-01 4.1481E-01 3.7656E-02   408
 4.0000E-02 3.0203E-01 2.4702E+00 1.7511E+00 7.1911E-01  2.4877E-01 4.1461E-01 3.7595E-02   408
 4.0000E-02 3.0305E-01 2.4605E+00 1.7491E+00 7.1145E-01  2.4693E-01 4.1442E-01 3.7524E-02   408
 4.0000E-02 3.0408E-01 2.4507E+00 1.7470E+00 7.0376E-01  2.4509E-01 4.1422E-01 3.7444E-02   408
 4.0000E-02 3.0512E-01 2.4408E+00 1.7448E+00 6.9604E-01  2.4325E-01 4.1403E-01 3.7355E-02   408
 4.0000E-02 3.0616E-01 2.4307E+00 1.7425E+00 6.8828E-01  2.4141E-01 4.1384E-01 3.7257E-02   408
 4.0000E-02 3.0722E-01 2.4205E+00 1.7400E+00 6.8049E-01  2.3957E-01 4.1365E-01 3.7151E-02   408
 4.0000E-02 3.0828E-01 2.4103E+00 1.7375E+00 6.7276E-01  2.3772E-01 4.1347E-01 3.7041E-02   408
 4.0000E-02 3.0934E-01 2.4004E+00 1.7351E+00 6.6534E-01  2.3584E-01 4.1328E-01 3.6945E-02   408
 4.0000E-02 3.1042E-01 2.3905E+00 1.7326E+00 6.5792E-01  2.3395E-01 4.1309E-01 3.6843E-02   408
 4.0000E-02 3.1150E-01 2.3805E+00 1.7300E+00 6.5052E-01  2.3206E-01 4.1290E-01 3.6735E-02   408
 4.0000E-02 3.1259E-01 2.3704E+00 1.7273E+00 6.4313E-01  2.3016E-01 4.1272E-01 3.6621E-02   408
 4.0000E-02 3.1368E-01 2.3603E+00 1.7245E+00 6.3575E-01  2.2825E-01 4.1254E-01 3.6500E-02   408
 4.0000E-02 3.1479E-01 2.3500E+00 1.7216E+00 6.2839E-01  2.2645E-01 4.1251E-01 3.6375E-02   362
 4.0000E-02 3.1590E-01 2.3397E+00 1.7187E+00 6.2105E-01  2.2453E-01 4.1233E-01 3.6244E-02   362
 4.0000E-02 3.1702E-01 2.3293E+00 1.7156E+00 6.1373E-01  2.2260E-01 4.1215E-01 3.6109E-02   363
 4.0000E-02 3.1815E-01 2.3184E+00 1.7122E+00 6.0621E-01  2.2067E-01 4.1197E-01 3.5954E-02   363
 4.0000E-02 3.1929E-01 2.3073E+00 1.7087E+00 5.9867E-01  2.1875E-01 4.1180E-01 3.5790E-02   363
 4.0000E-02 3.2043E-01 2.2962E+00 1.7050E+00 5.9117E-01  2.1682E-01 4.1162E-01 3.5620E-02   363
 4.0000E-02 3.2158E-01 2.2850E+00 1.7013E+00 5.8370E-01  2.1490E-01 4.1145E-01 3.5445E-02   363
 4.0000E-02 3.2274E-01 2.2737E+00 1.6974E+00 5.7627E-01  2.1297E-01 4.1128E-01 3.5264E-02   363
 4.0000E-02 3.2391E-01 2.2623E+00 1.6934E+00 5.6888E-01  2.1105E-01 4.1112E-01 3.5078E-02   363
 4.0000E-02 3.2509E-01 2.2508E+00 1.6893E+00 5.6154E-01  2.0912E-01 4.1095E-01 3.4888E-02   363
 4.0000E-02 3.2628E-01 2.2392E+00 1.6850E+00 5.5426E-01  2.0719E-01 4.1078E-01 3.4694E-02   363
 4.0000E-02 3.2747E-01 2.2270E+00 1.6802E+00 5.4674E-01  2.0529E-01 4.1063E-01 3.4473E-02   363
 4.0000E-02 3.2868E-01 2.2149E+00 1.6755E+00 5.3948E-01  2.0339E-01 4.1047E-01 3.4260E-02   363
 4.0000E-02 3.2989E-01 2.2032E+00 1.6707E+00 5.3251E-01  2.0148E-01 4.1031E-01 3.4059E-02   363
 4.0000E-02 3.3111E-01 2.1918E+00 1.6660E+00 5.2583E-01  1.9957E-01 4.1015E-01 3.3870E-02   363
 4.0000E-02 3.3234E-01 2.1808E+00 1.6613E+00 5.1948E-01  1.9765E-01 4.1000E-01 3.3696E-02   363
 4.0000E-02 3.3358E-01 2.1701E+00 1.6567E+00 5.1346E-01  1.9573E-01 4.0984E-01 3.3536E-02   363
 4.0000E-02 3.3483E-01 2.1598E+00 1.6520E+00 5.0779E-01  1.9381E-01 4.0968E-01 3.3394E-02   363
 4.0000E-02 3.3609E-01 2.1505E+00 1.6477E+00 5.0279E-01  1.9186E-01 4.0953E-01 3.3293E-02   363
 4.0000E-02 3.3736E-01 2.1426E+00 1.6440E+00 4.9862E-01  1.8989E-01 4.0937E-01 3.3244E-02   363
 4.0000E-02 3.3864E-01 2.1355E+00 1.6405E+00 4.9502E-01  1.8791E-01 4.0921E-01 3.3229E-02   363
 4.0000E-02 3.3992E-01 2.1293E+00 1.6373E+00 4.9198E-01  1.8592E-01 4.0905E-01 3.3250E-02   363
 4.0000E-02 3.4122E-01 2.1239E+00 1.6344E+00 4.8953E-01  1.8392E-01 4.0889E-01 3.3308E-02   363
 4.0000E-02 3.4253E-01 2.1195E+00 1.6319E+00 4.8768E-01  1.8192E-01 4.0873E-01 3.3406E-02   363
 4.0000E-02 3.4385E-01 2.1161E+00 1.6296E+00 4.8647E-01  1.7990E-01 4.0858E-01 3.3547E-02   363
 4.0000E-02 3.4517E-01 2.1138E+00 1.6279E+00 4.8595E-01  1.7787E-01 4.0842E-01 3.3735E-02   363
 4.0000E-02 3.4651E-01 2.1128E+00 1.6267E+00 4.8611E-01  1.7584E-01 4.0826E-01 3.3971E-02   363
 4.0000E-02 3.4786E-01 2.1127E+00 1.6258E+00 4.8687E-01  1.7380E-01 4.0810E-01 3.4248E-02   363
 4.0000E-02 3.4922E-01 2.1136E+00 1.6254E+00 4.8823E-01  1.7176E-01 4.0794E-01 3.4569E-02   363
 4.0000E-02 3.5059E-01 2.1156E+00 1.6254E+00 4.9021E-01  1.6972E-01 4.0778E-01 3.4937E-02   363
 4.0000E-02 3.5197E-01 2.1186E+00 1.6257E+00 4.9285E-01  1.6767E-01 4.0763E-01 3.5352E-02   363
 4.0000E-02 3.5336E-01 2.1227E+00 1.6266E+00 4.9615E-01  1.6562E-01 4.0747E-01 3.5818E-02   363
 4.0000E-02 3.5476E-01 2.1278E+00 1.6278E+00 5.0001E-01  1.6358E-01 4.0731E-01 3.6328E-02   363
 4.0000E-02 3.5618E-01 2.1338E+00 1.6294E+00 5.0443E-01  1.6154E-01 4.0716E-01 3.6882E-02   363
 4.0000E-02 3.5760E-01 2.1408E+00 1.6313E+00 5.0948E-01  1.5950E-01 4.0701E-01 3.7485E-02   363
 4.0000E-02 3.5904E-01 2.1489E+00 1.6337E+00 5.1517E-01  1.5746E-01 4.0685E-01 3.8140E-02   363
 4.0000E-02 3.6048E-01 2.1581E+00 1.6366E+00 5.2152E-01  1.5543E-01 4.0670E-01 3.8849E-02   363
 4.0000E-02 3.6194E-01 2.1685E+00 1.6399E+00 5.2857E-01  1.5342E-01 4.0655E-01 3.9615E-02   363
 4.0000E-02 3.6341E-01 2.1800E+00 1.6437E+00 5.3634E-01  1.5140E-01 4.0640E-01 4.0441E-02   363
 4.0000E-02 3.6490E-01 2.1926E+00 1.6478E+00 5.4480E-01  1.4939E-01 4.0626E-01 4.1325E-02   363
 4.0000E-02 3.6639E-01 2.2064E+00 1.6524E+00 5.5402E-01  1.4739E-01 4.0611E-01 4.2273E-02   363
 4.0000E-02 3.6790E-01 2.2215E+00 1.6575E+00 5.6403E-01  1.4541E-01 4.0597E-01 4.3288E-02   363
 4.0000E-02 3.6942E-01 2.2381E+00 1.6632E+00 5.7489E-01  1.4344E-01 4.0583E-01 4.4375E-02   363
 4.0000E-02 3.7095E-01 2.2561E+00 1.6695E+00 5.8665E-01  1.4148E-01 4.0569E-01 4.5539E-02   363
 4.0000E-02 3.7250E-01 2.2758E+00 1.6764E+00 5.9941E-01  1.3955E-01 4.0555E-01 4.6788E-02   363
 4.0000E-02 3.7406E-01 2.2973E+00 1.6841E+00 6.1321E-01  1.3763E-01 4.0541E-01 4.8126E-02   363
 4.0000E-02 3.7563E-01 2.3204E+00 1.6924E+00 6.2799E-01  1.3575E-01 4.0528E-01 4.9549E-02   363
 4.0000E-02 3.7722E-01 2.3454E+00 1.7016E+00 6.4388E-01  1.3388E-01 4.0515E-01 5.1069E-02   363
 4.0000E-02 3.7881E-01 2.3724E+00 1.7114E+00 6.6093E-01  1.3202E-01 4.0502E-01 5.2692E-02   363
 4.0000E-02 3.8043E-01 2.4014E+00 1.7222E+00 6.7922E-01  1.3020E-01 4.0489E-01 5.4424E-02   363
 4.0000E-02 3.8205E-01 2.4329E+00 1.7340E+00 6.9885E-01  1.2839E-01 4.0476E-01 5.6275E-02   363
 4.0000E-02 3.8369E-01 2.4666E+00 1.7468E+00 7.1978E-01  1.2661E-01 4.0463E-01 5.8242E-02   363
 4.0000E-02 3.8534E-01 2.5026E+00 1.7605E+00 7.4207E-01  1.2485E-01 4.0450E-01 6.0333E-02   363
 4.0000E-02 3.8701E-01 2.5412E+00 1.7753E+00 7.6584E-01  1.2311E-01 4.0438E-01 6.2558E-02   363
 4.0000E-02 3.8870E-01 2.5825E+00 1.7913E+00 7.9119E-01  1.2139E-01 4.0425E-01 6.4928E-02   363
 4.0000E-02 3.9039E-01 2.6267E+00 1.8084E+00 8.1830E-01  1.1975E-01 4.0430E-01 6.7461E-02   323
 4.0000E-02 3.9211E-01 2.6738E+00 1.8268E+00 8.4700E-01  1.1804E-01 4.0417E-01 7.0146E-02   323
 4.0000E-02 3.9383E-01 2.7239E+00 1.8465E+00 8.7746E-01  1.1634E-01 4.0404E-01 7.2999E-02   323
 4.0000E-02 3.9558E-01 2.7772E+00 1.8674E+00 9.0982E-01  1.1464E-01 4.0391E-01 7.6034E-02   323
 4.0000E-02 3.9733E-01 2.8339E+00 1.8897E+00 9.4421E-01  1.1293E-01 4.0379E-01 7.9268E-02   323
 4.0000E-02 3.9911E-01 2.8943E+00 1.9135E+00 9.8078E-01  1.1120E-01 4.0365E-01 8.2720E-02   323
 4.0000E-02 4.0090E-01 2.9583E+00 1.9388E+00 1.0195E+00  1.0946E-01 4.0352E-01 8.6395E-02   323
 4.0000E-02 4.0270E-01 3.0260E+00 1.9654E+00 1.0606E+00  1.0767E-01 4.0339E-01 9.0312E-02   323
 4.0000E-02 4.0452E-01 3.0976E+00 1.9935E+00 1.1041E+00  1.0584E-01 4.0325E-01 9.4494E-02   323
 4.0000E-02 4.0636E-01 3.1734E+00 2.0231E+00 1.1503E+00  1.0396E-01 4.0311E-01 9.8966E-02   323
 4.0000E-02 4.0822E-01 3.2535E+00 2.0542E+00 1.1993E+00  1.0200E-01 4.0297E-01 1.0376E-01   323
 4.0000E-02 4.1009E-01 3.3380E+00 2.0868E+00 1.2512E+00  9.9941E-02 4.0282E-01 1.0890E-01   323
 4.0000E-02 4.1198E-01 3.4268E+00 2.1206E+00 1.3062E+00  9.7779E-02 4.0267E-01 1.1442E-01   323
 4.0000E-02 4.1389E-01 3.5201E+00 2.1556E+00 1.3645E+00  9.5486E-02 4.0252E-01 1.2035E-01   323
 4.0000E-02 4.1581E-01 3.6180E+00 2.1918E+00 1.4262E+00  9.3044E-02 4.0237E-01 1.2675E-01   323
 4.0000E-02 4.1776E-01 3.7205E+00 2.2289E+00 1.4916E+00  9.0429E-02 4.0222E-01 1.3366E-01   323
 4.0000E-02 4.1972E-01 3.8275E+00 2.2666E+00 1.5608E+00  8.7627E-02 4.0207E-01 1.4113E-01   323
 4.0000E-02 4.2170E-01 3.9388E+00 2.3048E+00 1.6341E+00  8.4627E-02 4.0192E-01 1.4920E-01   323
 4.0000E-02 4.2370E-01 4.0546E+00 2.3431E+00 1.7115E+00  8.1422E-02 4.0177E-01 1.5792E-01   323
 4.0000E-02 4.2571E-01 4.1746E+00 2.3814E+00 1.7932E+00  7.8013E-02 4.0163E-01 1.6736E-01   323
 4.0000E-02 4.2775E-01 4.2988E+00 2.4193E+00 1.8795E+00  7.4409E-02 4.0150E-01 1.7754E-01   323
 4.0000E-02 4.2981E-01 4.4270E+00 2.4567E+00 1.9703E+00  7.0644E-02 4.0138E-01 1.8848E-01   323
 4.0000E-02 4.3188E-01 4.5592E+00 2.4935E+00 2.0657E+00  6.6752E-02 4.0126E-01 2.0020E-01   323
 4.0000E-02 4.3398E-01 4.6954E+00 2.5297E+00 2.1657E+00  6.2777E-02 4.0116E-01 2.1270E-01   323
 4.0000E-02 4.3610E-01 4.8355E+00 2.5653E+00 2.2702E+00  5.8773E-02 4.0107E-01 2.2595E-01   323
 4.0000E-02 4.3824E-01 4.9793E+00 2.6007E+00 2.3786E+00  5.4804E-02 4.0100E-01 2.3987E-01   323
 4.0000E-02 4.4039E-01 5.1266E+00 2.6358E+00 2.4908E+00  5.0925E-02 4.0094E-01 2.5438E-01   323
 4.0000E-02 4.4257E-01 5.2772E+00 2.6712E+00 2.6060E+00  4.7193E-02 4.0089E-01 2.6937E-01   323
 4.0000E-02 4.4478E-01 5.4304E+00 2.7070E+00 2.7234E+00  4.3653E-02 4.0085E-01 2.8470E-01   323
 4.0000E-02 4.4700E-01 5.5852E+00 2.7434E+00 2.8418E+00  4.0347E-02 4.0083E-01 3.0017E-01   323
 4.0000E-02 4.4925E-01 5.7406E+00 2.7807E+00 2.9600E+00  3.7296E-02 4.0081E-01 3.1561E-01   323
 4.0000E-02 4.5152E-01 5.8952E+00 2.8186E+00 3.0766E+00  3.4514E-02 4.0080E-01 3.3082E-01   323
 4.0000E-02 4.5381E-01 6.0470E+00 2.8570E+00 3.1900E+00  3.1998E-02 4.0080E-01 3.4559E-01   323
 4.0000E-02 4.5612E-01 6.1942E+00 2.8956E+00 3.2987E+00  2.9738E-02 4.0080E-01 3.5971E-01   323
 4.0000E-02 4.5846E-01 6.3349E+00 2.9336E+00 3.4013E+00  2.7710E-02 4.0081E-01 3.7303E-01   323
 4.0000E-02 4.6082E-01 6.4669E+00 2.9705E+00 3.4964E+00  2.5890E-02 4.0082E-01 3.8540E-01   323
 4.0000E-02 4.6321E-01 6.5882E+00 3.0056E+00 3.5826E+00  2.4252E-02 4.0083E-01 3.9665E-01   323
 4.0000E-02 4.6563E-01 6.6974E+00 3.0382E+00 3.6592E+00  2.2771E-02 4.0084E-01 4.0672E-01   323
 4.0000E-02 4.6806E-01 6.7933E+00 3.0675E+00 3.7258E+00  2.1420E-02 4.0085E-01 4.1557E-01   323
 4.0000E-02 4.7053E-01 6.8751E+00 3.0929E+00 3.7821E+00  2.0181E-02 4.0087E-01 4.2317E-01   323
 4.0000E-02 4.7302E-01 6.9421E+00 3.1140E+00 3.8281E+00  1.9033E-02 4.0088E-01 4.2953E-01   323
 4.0000E-02 4.7553E-01 6.9948E+00 3.1301E+00 3.8647E+00  1.7959E-02 4.0089E-01 4.3476E-01   323
 4.0000E-02 4.7807E-01 7.0330E+00 3.1409E+00 3.8921E+00  1.6943E-02 4.0091E-01 4.3890E-01   323
 4.0000E-02 4.8065E-01 7.0563E+00 3.1459E+00 3.9103E+00  1.5974E-02 4.0092E-01 4.4196E-01   323
 4.0000E-02 4.8324E-01 7.0642E+00 3.1449E+00 3.9193E+00  1.5042E-02 4.0092E-01 4.4391E-01   323
 4.0000E-02 4.8587E-01 7.0562E+00 3.1376E+00 3.9187E+00  1.4141E-02 4.0093E-01 4.4473E-01   323
 4.0000E-02 4.8852E-01 7.0319E+00 3.1240E+00 3.9079E+00  1.3267E-02 4.0093E-01 4.4436E-01   323
 4.0000E-02 4.9121E-01 6.9911E+00 3.1042E+00 3.8869E+00  1.2418E-02 4.0093E-01 4.4277E-01   323
 4.0000E-02 4.9392E-01 6.9347E+00 3.0785E+00 3.8562E+00  1.1588E-02 4.0093E-01 4.4004E-01   323
 4.0000E-02 4.9667E-01 6.8640E+00 3.0472E+00 3.8168E+00  1.0774E-02 4.0093E-01 4.3628E-01   323
 4.0000E-02 4.9944E-01 6.7807E+00 3.0107E+00 3.7701E+00  9.9722E-03 4.0092E-01 4.3165E-01   323
 4.0000E-02 5.0225E-01 6.6863E+00 2.9690E+00 3.7173E+00  9.1779E-03 4.0092E-01 4.2631E-01   323
 4.0000E-02 5.0508E-01 6.5817E+00 2.9223E+00 3.6594E+00  8.3884E-03 4.0091E-01 4.2035E-01   323
 4.0000E-02 5.0795E-01 6.4677E+00 2.8709E+00 3.5968E+00  7.6023E-03 4.0091E-01 4.1385E-01   324
 4.0000E-02 5.1086E-01 6.3446E+00 2.8147E+00 3.5299E+00  6.8202E-03 4.0091E-01 4.0683E-01   324
 4.0000E-02 5.1379E-01 6.2129E+00 2.7544E+00 3.4585E+00  6.0778E-03 4.0111E-01 3.9929E-01   285
 4.0000E-02 5.1676E-01 6.0737E+00 2.6904E+00 3.3832E+00  5.3073E-03 4.0111E-01 3.9125E-01   285
 4.0000E-02 5.1977E-01 5.9282E+00 2.6234E+00 3.3049E+00  4.5421E-03 4.0112E-01 3.8284E-01   285
 4.0000E-02 5.2281E-01 5.7785E+00 2.5537E+00 3.2248E+00  3.7803E-03 4.0113E-01 3.7422E-01   285
 4.0000E-02 5.2588E-01 5.6260E+00 2.4812E+00 3.1448E+00  3.0182E-03 4.0113E-01 3.6556E-01   285
 4.0000E-02 5.2899E-01 5.4713E+00 2.4053E+00 3.0660E+00  2.2515E-03 4.0114E-01 3.5704E-01   285
 4.0000E-02 5.3214E-01 5.3136E+00 2.3245E+00 2.9891E+00  1.4753E-03 4.0115E-01 3.4870E-01   285
 4.0000E-02 5.3533E-01 5.1501E+00 2.2374E+00 2.9127E+00  6.8567E-04 4.0116E-01 3.4041E-01   285
 4.0000E-02 5.3855E-01 4.9776E+00 2.1431E+00 2.8345E+00 -1.2044E-04 4.0117E-01 3.3187E-01   285
 4.0000E-02 5.4182E-01 4.7938E+00 2.0420E+00 2.7518E+00 -9.4421E-04 4.0117E-01 3.2279E-01   285
 4.0000E-02 5.4512E-01 4.5983E+00 1.9358E+00 2.6625E+00 -1.7844E-03 4.0118E-01 3.1290E-01   285
 4.0000E-02 5.4847E-01 4.3928E+00 1.8269E+00 2.5658E+00 -2.6369E-03 4.0118E-01 3.0210E-01   285
 4.0000E-02 5.5185E-01 4.1808E+00 1.7184E+00 2.4623E+00 -3.4973E-03 4.0118E-01 2.9045E-01   285
 4.0000E-02 5.5528E-01 3.9665E+00 1.6130E+00 2.3535E+00 -4.3608E-03 4.0118E-01 2.7812E-01   285
 4.0000E-02 5.5875E-01 3.7541E+00 1.5127E+00 2.2414E+00 -5.2241E-03 4.0118E-01 2.6535E-01   285
 4.0000E-02 5.6226E-01 3.5473E+00 1.4191E+00 2.1282E+00 -6.0840E-03 4.0117E-01 2.5239E-01   285
 4.0000E-02 5.6582E-01 3.3497E+00 1.3336E+00 2.0161E+00 -6.9363E-03 4.0116E-01 2.3950E-01   285
 4.0000E-02 5.6943E-01 3.1632E+00 1.2561E+00 1.9072E+00 -7.7831E-03 4.0115E-01 2.2695E-01   285
 4.0000E-02 5.7308E-01 2.9890E+00 1.1860E+00 1.8031E+00 -8.6270E-03 4.0114E-01 2.1492E-01   285
 4.0000E-02 5.7677E-01 2.8264E+00 1.1217E+00 1.7046E+00 -9.4744E-03 4.0114E-01 2.0354E-01   285
 4.0000E-02 5.8052E-01 2.6738E+00 1.0620E+00 1.6118E+00 -1.0330E-02 4.0113E-01 1.9279E-01   285
 4.0000E-02 5.8431E-01 2.5300E+00 1.0061E+00 1.5239E+00 -1.1196E-02 4.0113E-01 1.8260E-01   285
 4.0000E-02 5.8816E-01 2.3943E+00 9.5378E-01 1.4405E+00 -1.2074E-02 4.0112E-01 1.7291E-01   285
 4.0000E-02 5.9205E-01 2.2668E+00 9.0570E-01 1.3611E+00 -1.2961E-02 4.0112E-01 1.6367E-01   285
 4.0000E-02 5.9600E-01 2.1484E+00 8.6245E-01 1.2860E+00 -1.3854E-02 4.0111E-01 1.5492E-01   285
 4.0000E-02 6.0000E-01 2.0394E+00 8.2409E-01 1.2153E+00 -1.4746E-02 4.0111E-01 1.4668E-01   285
