 DDSCAT --- DDSCAT 7.3.3 [22.01.20]   
 TARGET --->TARGSPHER  spherical target with explicit spacing                 
 GPFAFT --- method of solution 
 FLTRCD --- prescription for polarizabilities
 FROM_FILE --- shape 
    4169 = NAT0 = number of dipoles
 ../../diel/Pena-Rioux_dielectric_26Au_74Ag                  
 ../../diel/Pena-Rioux_dielectric_52Au_48Ag                  
 ../../diel/Pena-Rioux_dielectric_76Au_24Ag                  
 ../../diel/Pena-Rioux_dielectric_85Au_15Ag                  
   0.000   0.000 = beta_min, beta_max ;  NBETA = 1
   0.000   0.000 = theta_min, theta_max; NTHETA= 1
   0.000   0.000 = phi_min, phi_max   ;   NPHI = 1
 0.5000 = ETASCA (param. controlling # of scatt. dirs used to calculate <cos> etc.
 Results averaged over    1 target orientations
                   and  2 incident polarizations
   aeff       wave       Q_ext     Q_abs      Q_sca     g(1)=<cos>  <cos^2>    Q_bk       Nsca
 4.0000E-02 3.0000E-01 2.5275E+00 1.7633E+00 7.6417E-01  2.4682E-01 4.1430E-01 4.0320E-02   408
 4.0000E-02 3.0101E-01 2.5193E+00 1.7623E+00 7.5698E-01  2.4506E-01 4.1411E-01 4.0283E-02   408
 4.0000E-02 3.0203E-01 2.5109E+00 1.7612E+00 7.4973E-01  2.4331E-01 4.1393E-01 4.0235E-02   408
 4.0000E-02 3.0305E-01 2.5025E+00 1.7600E+00 7.4244E-01  2.4156E-01 4.1375E-01 4.0178E-02   408
 4.0000E-02 3.0408E-01 2.4939E+00 1.7588E+00 7.3512E-01  2.3983E-01 4.1358E-01 4.0110E-02   408
 4.0000E-02 3.0512E-01 2.4852E+00 1.7575E+00 7.2776E-01  2.3809E-01 4.1340E-01 4.0033E-02   408
 4.0000E-02 3.0616E-01 2.4764E+00 1.7561E+00 7.2036E-01  2.3637E-01 4.1323E-01 3.9946E-02   408
 4.0000E-02 3.0722E-01 2.4675E+00 1.7546E+00 7.1292E-01  2.3465E-01 4.1307E-01 3.9849E-02   408
 4.0000E-02 3.0828E-01 2.4587E+00 1.7531E+00 7.0555E-01  2.3293E-01 4.1290E-01 3.9749E-02   408
 4.0000E-02 3.0934E-01 2.4502E+00 1.7517E+00 6.9849E-01  2.3119E-01 4.1273E-01 3.9663E-02   408
 4.0000E-02 3.1042E-01 2.4416E+00 1.7503E+00 6.9139E-01  2.2945E-01 4.1257E-01 3.9568E-02   408
 4.0000E-02 3.1150E-01 2.4330E+00 1.7487E+00 6.8427E-01  2.2771E-01 4.1240E-01 3.9465E-02   408
 4.0000E-02 3.1259E-01 2.4242E+00 1.7471E+00 6.7712E-01  2.2597E-01 4.1224E-01 3.9353E-02   408
 4.0000E-02 3.1368E-01 2.4153E+00 1.7453E+00 6.6996E-01  2.2424E-01 4.1208E-01 3.9234E-02   408
 4.0000E-02 3.1479E-01 2.4063E+00 1.7435E+00 6.6279E-01  2.2260E-01 4.1207E-01 3.9107E-02   362
 4.0000E-02 3.1590E-01 2.3972E+00 1.7416E+00 6.5559E-01  2.2086E-01 4.1191E-01 3.8973E-02   362
 4.0000E-02 3.1702E-01 2.3879E+00 1.7395E+00 6.4837E-01  2.1912E-01 4.1176E-01 3.8831E-02   363
 4.0000E-02 3.1815E-01 2.3780E+00 1.7372E+00 6.4082E-01  2.1739E-01 4.1161E-01 3.8662E-02   363
 4.0000E-02 3.1929E-01 2.3678E+00 1.7347E+00 6.3319E-01  2.1567E-01 4.1146E-01 3.8480E-02   363
 4.0000E-02 3.2043E-01 2.3575E+00 1.7320E+00 6.2553E-01  2.1394E-01 4.1131E-01 3.8289E-02   363
 4.0000E-02 3.2158E-01 2.3470E+00 1.7292E+00 6.1784E-01  2.1222E-01 4.1116E-01 3.8089E-02   363
 4.0000E-02 3.2274E-01 2.3363E+00 1.7262E+00 6.1013E-01  2.1049E-01 4.1101E-01 3.7879E-02   363
 4.0000E-02 3.2391E-01 2.3255E+00 1.7231E+00 6.0241E-01  2.0876E-01 4.1087E-01 3.7662E-02   363
 4.0000E-02 3.2509E-01 2.3145E+00 1.7198E+00 5.9466E-01  2.0704E-01 4.1073E-01 3.7436E-02   363
 4.0000E-02 3.2628E-01 2.3032E+00 1.7163E+00 5.8691E-01  2.0530E-01 4.1059E-01 3.7203E-02   363
 4.0000E-02 3.2747E-01 2.2910E+00 1.7123E+00 5.7874E-01  2.0359E-01 4.1045E-01 3.6932E-02   363
 4.0000E-02 3.2868E-01 2.2790E+00 1.7082E+00 5.7079E-01  2.0187E-01 4.1031E-01 3.6668E-02   363
 4.0000E-02 3.2989E-01 2.2672E+00 1.7042E+00 5.6309E-01  2.0013E-01 4.1018E-01 3.6414E-02   363
 4.0000E-02 3.3111E-01 2.2557E+00 1.7001E+00 5.5566E-01  1.9837E-01 4.1004E-01 3.6172E-02   363
 4.0000E-02 3.3234E-01 2.2445E+00 1.6960E+00 5.4850E-01  1.9660E-01 4.0990E-01 3.5942E-02   363
 4.0000E-02 3.3358E-01 2.2335E+00 1.6919E+00 5.4164E-01  1.9482E-01 4.0976E-01 3.5727E-02   363
 4.0000E-02 3.3483E-01 2.2229E+00 1.6878E+00 5.3509E-01  1.9302E-01 4.0963E-01 3.5527E-02   363
 4.0000E-02 3.3609E-01 2.2133E+00 1.6841E+00 5.2922E-01  1.9118E-01 4.0948E-01 3.5369E-02   363
 4.0000E-02 3.3736E-01 2.2051E+00 1.6808E+00 5.2423E-01  1.8929E-01 4.0934E-01 3.5269E-02   363
 4.0000E-02 3.3864E-01 2.1977E+00 1.6779E+00 5.1982E-01  1.8738E-01 4.0919E-01 3.5205E-02   363
 4.0000E-02 3.3992E-01 2.1913E+00 1.6753E+00 5.1601E-01  1.8544E-01 4.0904E-01 3.5180E-02   363
 4.0000E-02 3.4122E-01 2.1858E+00 1.6730E+00 5.1282E-01  1.8348E-01 4.0889E-01 3.5196E-02   363
 4.0000E-02 3.4253E-01 2.1813E+00 1.6711E+00 5.1025E-01  1.8151E-01 4.0874E-01 3.5254E-02   363
 4.0000E-02 3.4385E-01 2.1778E+00 1.6695E+00 5.0835E-01  1.7950E-01 4.0859E-01 3.5358E-02   363
 4.0000E-02 3.4517E-01 2.1757E+00 1.6685E+00 5.0724E-01  1.7748E-01 4.0844E-01 3.5516E-02   363
 4.0000E-02 3.4651E-01 2.1750E+00 1.6681E+00 5.0691E-01  1.7545E-01 4.0828E-01 3.5730E-02   363
 4.0000E-02 3.4786E-01 2.1754E+00 1.6682E+00 5.0724E-01  1.7340E-01 4.0813E-01 3.5991E-02   363
 4.0000E-02 3.4922E-01 2.1770E+00 1.6688E+00 5.0822E-01  1.7134E-01 4.0797E-01 3.6299E-02   363
 4.0000E-02 3.5059E-01 2.1797E+00 1.6698E+00 5.0988E-01  1.6928E-01 4.0782E-01 3.6657E-02   363
 4.0000E-02 3.5197E-01 2.1836E+00 1.6714E+00 5.1222E-01  1.6721E-01 4.0766E-01 3.7069E-02   363
 4.0000E-02 3.5336E-01 2.1888E+00 1.6736E+00 5.1530E-01  1.6513E-01 4.0751E-01 3.7535E-02   363
 4.0000E-02 3.5476E-01 2.1953E+00 1.6763E+00 5.1905E-01  1.6305E-01 4.0735E-01 3.8054E-02   363
 4.0000E-02 3.5618E-01 2.2028E+00 1.6795E+00 5.2338E-01  1.6098E-01 4.0720E-01 3.8619E-02   363
 4.0000E-02 3.5760E-01 2.2114E+00 1.6832E+00 5.2829E-01  1.5891E-01 4.0705E-01 3.9232E-02   363
 4.0000E-02 3.5904E-01 2.2212E+00 1.6874E+00 5.3385E-01  1.5685E-01 4.0690E-01 3.9897E-02   363
 4.0000E-02 3.6048E-01 2.2321E+00 1.6921E+00 5.4006E-01  1.5478E-01 4.0674E-01 4.0617E-02   363
 4.0000E-02 3.6194E-01 2.2443E+00 1.6974E+00 5.4695E-01  1.5271E-01 4.0659E-01 4.1394E-02   363
 4.0000E-02 3.6341E-01 2.2578E+00 1.7033E+00 5.5450E-01  1.5065E-01 4.0644E-01 4.2229E-02   363
 4.0000E-02 3.6490E-01 2.2722E+00 1.7096E+00 5.6261E-01  1.4859E-01 4.0630E-01 4.3113E-02   363
 4.0000E-02 3.6639E-01 2.2877E+00 1.7164E+00 5.7129E-01  1.4653E-01 4.0615E-01 4.4050E-02   363
 4.0000E-02 3.6790E-01 2.3043E+00 1.7237E+00 5.8058E-01  1.4448E-01 4.0600E-01 4.5043E-02   363
 4.0000E-02 3.6942E-01 2.3221E+00 1.7316E+00 5.9052E-01  1.4243E-01 4.0586E-01 4.6096E-02   363
 4.0000E-02 3.7095E-01 2.3410E+00 1.7399E+00 6.0114E-01  1.4037E-01 4.0572E-01 4.7212E-02   363
 4.0000E-02 3.7250E-01 2.3613E+00 1.7488E+00 6.1244E-01  1.3832E-01 4.0557E-01 4.8393E-02   363
 4.0000E-02 3.7406E-01 2.3825E+00 1.7582E+00 6.2430E-01  1.3628E-01 4.0543E-01 4.9631E-02   363
 4.0000E-02 3.7563E-01 2.4048E+00 1.7680E+00 6.3680E-01  1.3423E-01 4.0529E-01 5.0932E-02   363
 4.0000E-02 3.7722E-01 2.4284E+00 1.7784E+00 6.5002E-01  1.3217E-01 4.0516E-01 5.2305E-02   363
 4.0000E-02 3.7881E-01 2.4532E+00 1.7892E+00 6.6395E-01  1.3012E-01 4.0502E-01 5.3748E-02   363
 4.0000E-02 3.8043E-01 2.4793E+00 1.8007E+00 6.7865E-01  1.2807E-01 4.0488E-01 5.5271E-02   363
 4.0000E-02 3.8205E-01 2.5067E+00 1.8126E+00 6.9408E-01  1.2602E-01 4.0475E-01 5.6869E-02   363
 4.0000E-02 3.8369E-01 2.5352E+00 1.8250E+00 7.1026E-01  1.2396E-01 4.0462E-01 5.8545E-02   363
 4.0000E-02 3.8534E-01 2.5652E+00 1.8379E+00 7.2728E-01  1.2190E-01 4.0449E-01 6.0311E-02   363
 4.0000E-02 3.8701E-01 2.5966E+00 1.8514E+00 7.4524E-01  1.1984E-01 4.0436E-01 6.2172E-02   363
 4.0000E-02 3.8870E-01 2.6296E+00 1.8654E+00 7.6419E-01  1.1778E-01 4.0423E-01 6.4138E-02   363
 4.0000E-02 3.9039E-01 2.6644E+00 1.8802E+00 7.8421E-01  1.1579E-01 4.0427E-01 6.6216E-02   323
 4.0000E-02 3.9211E-01 2.7005E+00 1.8953E+00 8.0523E-01  1.1371E-01 4.0415E-01 6.8401E-02   323
 4.0000E-02 3.9383E-01 2.7387E+00 1.9112E+00 8.2750E-01  1.1164E-01 4.0402E-01 7.0717E-02   323
 4.0000E-02 3.9558E-01 2.7789E+00 1.9278E+00 8.5114E-01  1.0956E-01 4.0390E-01 7.3177E-02   323
 4.0000E-02 3.9733E-01 2.8214E+00 1.9452E+00 8.7623E-01  1.0747E-01 4.0378E-01 7.5788E-02   323
 4.0000E-02 3.9911E-01 2.8662E+00 1.9634E+00 9.0286E-01  1.0538E-01 4.0366E-01 7.8565E-02   323
 4.0000E-02 4.0090E-01 2.9136E+00 1.9823E+00 9.3123E-01  1.0328E-01 4.0354E-01 8.1526E-02   323
 4.0000E-02 4.0270E-01 2.9638E+00 2.0023E+00 9.6152E-01  1.0118E-01 4.0342E-01 8.4691E-02   323
 4.0000E-02 4.0452E-01 3.0172E+00 2.0234E+00 9.9387E-01  9.9064E-02 4.0331E-01 8.8077E-02   323
 4.0000E-02 4.0636E-01 3.0739E+00 2.0455E+00 1.0284E+00  9.6934E-02 4.0319E-01 9.1701E-02   323
 4.0000E-02 4.0822E-01 3.1341E+00 2.0688E+00 1.0653E+00  9.4786E-02 4.0308E-01 9.5585E-02   323
 4.0000E-02 4.1009E-01 3.1983E+00 2.0933E+00 1.1049E+00  9.2613E-02 4.0297E-01 9.9772E-02   323
 4.0000E-02 4.1198E-01 3.2666E+00 2.1192E+00 1.1474E+00  9.0408E-02 4.0286E-01 1.0428E-01   323
 4.0000E-02 4.1389E-01 3.3393E+00 2.1465E+00 1.1929E+00  8.8165E-02 4.0275E-01 1.0913E-01   323
 4.0000E-02 4.1581E-01 3.4165E+00 2.1751E+00 1.2415E+00  8.5880E-02 4.0264E-01 1.1435E-01   323
 4.0000E-02 4.1776E-01 3.4984E+00 2.2050E+00 1.2934E+00  8.3547E-02 4.0254E-01 1.1997E-01   323
 4.0000E-02 4.1972E-01 3.5857E+00 2.2365E+00 1.3492E+00  8.1155E-02 4.0243E-01 1.2605E-01   323
 4.0000E-02 4.2170E-01 3.6779E+00 2.2694E+00 1.4085E+00  7.8706E-02 4.0233E-01 1.3257E-01   323
 4.0000E-02 4.2370E-01 3.7753E+00 2.3035E+00 1.4718E+00  7.6199E-02 4.0223E-01 1.3959E-01   323
 4.0000E-02 4.2571E-01 3.8781E+00 2.3389E+00 1.5392E+00  7.3631E-02 4.0213E-01 1.4714E-01   323
 4.0000E-02 4.2775E-01 3.9867E+00 2.3756E+00 1.6111E+00  7.0994E-02 4.0203E-01 1.5528E-01   323
 4.0000E-02 4.2981E-01 4.1010E+00 2.4134E+00 1.6876E+00  6.8286E-02 4.0194E-01 1.6401E-01   323
 4.0000E-02 4.3188E-01 4.2209E+00 2.4522E+00 1.7688E+00  6.5511E-02 4.0185E-01 1.7340E-01   323
 4.0000E-02 4.3398E-01 4.3469E+00 2.4918E+00 1.8551E+00  6.2664E-02 4.0176E-01 1.8348E-01   323
 4.0000E-02 4.3610E-01 4.4793E+00 2.5322E+00 1.9471E+00  5.9743E-02 4.0168E-01 1.9435E-01   323
 4.0000E-02 4.3824E-01 4.6177E+00 2.5733E+00 2.0443E+00  5.6765E-02 4.0160E-01 2.0595E-01   323
 4.0000E-02 4.4039E-01 4.7619E+00 2.6149E+00 2.1469E+00  5.3748E-02 4.0153E-01 2.1833E-01   323
 4.0000E-02 4.4257E-01 4.9120E+00 2.6571E+00 2.2550E+00  5.0715E-02 4.0146E-01 2.3149E-01   323
 4.0000E-02 4.4478E-01 5.0678E+00 2.6997E+00 2.3681E+00  4.7691E-02 4.0141E-01 2.4539E-01   323
 4.0000E-02 4.4700E-01 5.2280E+00 2.7428E+00 2.4852E+00  4.4724E-02 4.0136E-01 2.5988E-01   323
 4.0000E-02 4.4925E-01 5.3916E+00 2.7862E+00 2.6054E+00  4.1850E-02 4.0132E-01 2.7484E-01   323
 4.0000E-02 4.5152E-01 5.5574E+00 2.8299E+00 2.7275E+00  3.9097E-02 4.0129E-01 2.9011E-01   323
 4.0000E-02 4.5381E-01 5.7234E+00 2.8736E+00 2.8498E+00  3.6492E-02 4.0126E-01 3.0547E-01   323
 4.0000E-02 4.5612E-01 5.8872E+00 2.9170E+00 2.9702E+00  3.4060E-02 4.0124E-01 3.2065E-01   323
 4.0000E-02 4.5846E-01 6.0469E+00 2.9596E+00 3.0873E+00  3.1809E-02 4.0123E-01 3.3545E-01   323
 4.0000E-02 4.6082E-01 6.2001E+00 3.0008E+00 3.1993E+00  2.9740E-02 4.0121E-01 3.4964E-01   323
 4.0000E-02 4.6321E-01 6.3444E+00 3.0401E+00 3.3043E+00  2.7852E-02 4.0121E-01 3.6299E-01   323
 4.0000E-02 4.6563E-01 6.4781E+00 3.0767E+00 3.4014E+00  2.6135E-02 4.0120E-01 3.7538E-01   323
 4.0000E-02 4.6806E-01 6.6000E+00 3.1102E+00 3.4899E+00  2.4575E-02 4.0119E-01 3.8672E-01   323
 4.0000E-02 4.7053E-01 6.7088E+00 3.1398E+00 3.5691E+00  2.3155E-02 4.0119E-01 3.9693E-01   323
 4.0000E-02 4.7302E-01 6.8034E+00 3.1650E+00 3.6384E+00  2.1863E-02 4.0119E-01 4.0594E-01   323
 4.0000E-02 4.7553E-01 6.8840E+00 3.1853E+00 3.6987E+00  2.0676E-02 4.0119E-01 4.1385E-01   323
 4.0000E-02 4.7807E-01 6.9499E+00 3.2002E+00 3.7498E+00  1.9576E-02 4.0118E-01 4.2065E-01   323
 4.0000E-02 4.8065E-01 7.0010E+00 3.2091E+00 3.7919E+00  1.8551E-02 4.0118E-01 4.2638E-01   323
 4.0000E-02 4.8324E-01 7.0375E+00 3.2117E+00 3.8258E+00  1.7580E-02 4.0117E-01 4.3112E-01   323
 4.0000E-02 4.8587E-01 7.0593E+00 3.2075E+00 3.8519E+00  1.6647E-02 4.0117E-01 4.3495E-01   323
 4.0000E-02 4.8852E-01 7.0666E+00 3.1960E+00 3.8706E+00  1.5739E-02 4.0116E-01 4.3794E-01   323
 4.0000E-02 4.9121E-01 7.0596E+00 3.1769E+00 3.8827E+00  1.4843E-02 4.0115E-01 4.4018E-01   323
 4.0000E-02 4.9392E-01 7.0381E+00 3.1494E+00 3.8887E+00  1.3949E-02 4.0115E-01 4.4172E-01   323
 4.0000E-02 4.9667E-01 7.0014E+00 3.1131E+00 3.8883E+00  1.3049E-02 4.0114E-01 4.4257E-01   323
 4.0000E-02 4.9944E-01 6.9485E+00 3.0671E+00 3.8814E+00  1.2136E-02 4.0114E-01 4.4269E-01   323
 4.0000E-02 5.0225E-01 6.8769E+00 3.0107E+00 3.8662E+00  1.1214E-02 4.0114E-01 4.4189E-01   323
 4.0000E-02 5.0508E-01 6.7841E+00 2.9434E+00 3.8407E+00  1.0283E-02 4.0114E-01 4.3991E-01   323
 4.0000E-02 5.0795E-01 6.6672E+00 2.8649E+00 3.8023E+00  9.3464E-03 4.0114E-01 4.3644E-01   324
 4.0000E-02 5.1086E-01 6.5238E+00 2.7759E+00 3.7479E+00  8.4110E-03 4.0114E-01 4.3110E-01   324
 4.0000E-02 5.1379E-01 6.3535E+00 2.6778E+00 3.6757E+00  7.5145E-03 4.0134E-01 4.2366E-01   285
 4.0000E-02 5.1676E-01 6.1574E+00 2.5727E+00 3.5847E+00  6.5894E-03 4.0134E-01 4.1401E-01   285
 4.0000E-02 5.1977E-01 5.9391E+00 2.4634E+00 3.4757E+00  5.6684E-03 4.0134E-01 4.0221E-01   285
 4.0000E-02 5.2281E-01 5.7042E+00 2.3529E+00 3.3513E+00  4.7519E-03 4.0134E-01 3.8855E-01   285
 4.0000E-02 5.2588E-01 5.4591E+00 2.2441E+00 3.2150E+00  3.8391E-03 4.0134E-01 3.7344E-01   285
 4.0000E-02 5.2899E-01 5.2105E+00 2.1394E+00 3.0711E+00  2.9287E-03 4.0133E-01 3.5738E-01   285
 4.0000E-02 5.3214E-01 4.9643E+00 2.0403E+00 2.9240E+00  2.0227E-03 4.0132E-01 3.4088E-01   285
 4.0000E-02 5.3533E-01 4.7251E+00 1.9476E+00 2.7775E+00  1.1185E-03 4.0131E-01 3.2439E-01   285
 4.0000E-02 5.3855E-01 4.4955E+00 1.8611E+00 2.6344E+00  2.1422E-04 4.0130E-01 3.0824E-01   285
 4.0000E-02 5.4182E-01 4.2769E+00 1.7804E+00 2.4965E+00 -6.8992E-04 4.0129E-01 2.9265E-01   285
 4.0000E-02 5.4512E-01 4.0691E+00 1.7045E+00 2.3646E+00 -1.5915E-03 4.0128E-01 2.7770E-01   285
 4.0000E-02 5.4847E-01 3.8715E+00 1.6331E+00 2.2384E+00 -2.4894E-03 4.0127E-01 2.6338E-01   285
 4.0000E-02 5.5185E-01 3.6838E+00 1.5659E+00 2.1179E+00 -3.3835E-03 4.0127E-01 2.4966E-01   285
 4.0000E-02 5.5528E-01 3.5055E+00 1.5027E+00 2.0028E+00 -4.2722E-03 4.0126E-01 2.3653E-01   285
 4.0000E-02 5.5875E-01 3.3364E+00 1.4439E+00 1.8925E+00 -5.1550E-03 4.0126E-01 2.2393E-01   285
 4.0000E-02 5.6226E-01 3.1771E+00 1.3899E+00 1.7872E+00 -6.0329E-03 4.0125E-01 2.1185E-01   285
 4.0000E-02 5.6582E-01 3.0280E+00 1.3412E+00 1.6868E+00 -6.9039E-03 4.0124E-01 2.0031E-01   285
 4.0000E-02 5.6943E-01 2.8898E+00 1.2983E+00 1.5915E+00 -7.7666E-03 4.0124E-01 1.8933E-01   285
 4.0000E-02 5.7308E-01 2.7633E+00 1.2616E+00 1.5017E+00 -8.6166E-03 4.0123E-01 1.7896E-01   285
 4.0000E-02 5.7677E-01 2.6489E+00 1.2311E+00 1.4178E+00 -9.4493E-03 4.0122E-01 1.6926E-01   285
 4.0000E-02 5.8052E-01 2.5462E+00 1.2062E+00 1.3400E+00 -1.0260E-02 4.0121E-01 1.6024E-01   285
 4.0000E-02 5.8431E-01 2.4549E+00 1.1867E+00 1.2682E+00 -1.1044E-02 4.0120E-01 1.5191E-01   285
 4.0000E-02 5.8816E-01 2.3750E+00 1.1727E+00 1.2023E+00 -1.1796E-02 4.0120E-01 1.4425E-01   285
 4.0000E-02 5.9205E-01 2.3072E+00 1.1646E+00 1.1426E+00 -1.2507E-02 4.0119E-01 1.3729E-01   285
 4.0000E-02 5.9600E-01 2.2520E+00 1.1621E+00 1.0899E+00 -1.3166E-02 4.0118E-01 1.3116E-01   285
 4.0000E-02 6.0000E-01 2.2088E+00 1.1637E+00 1.0451E+00 -1.3766E-02 4.0118E-01 1.2594E-01   285
