 DDSCAT --- DDSCAT 7.3.3 [22.01.20]   
 TARGET --->TARGSPHER  spherical target with explicit spacing                 
 GPFAFT --- method of solution 
 FLTRCD --- prescription for polarizabilities
 FROM_FILE --- shape 
    4169 = NAT0 = number of dipoles
 ../../diel/Pena-Rioux_dielectric_26Au_74Ag                  
 ../../diel/Pena-Rioux_dielectric_34Au_66Ag                  
 ../../diel/Pena-Rioux_dielectric_85Au_15Ag                  
 ../../diel/Pena-Rioux_dielectric_92Au_8Ag                   
   0.000   0.000 = beta_min, beta_max ;  NBETA = 1
   0.000   0.000 = theta_min, theta_max; NTHETA= 1
   0.000   0.000 = phi_min, phi_max   ;   NPHI = 1
 0.5000 = ETASCA (param. controlling # of scatt. dirs used to calculate <cos> etc.
 Results averaged over    1 target orientations
                   and  2 incident polarizations
   aeff       wave       Q_ext     Q_abs      Q_sca     g(1)=<cos>  <cos^2>    Q_bk       Nsca
 4.0000E-02 3.0000E-01 2.4825E+00 1.7458E+00 7.3676E-01  2.4746E-01 4.1457E-01 3.8898E-02   408
 4.0000E-02 3.0101E-01 2.4733E+00 1.7441E+00 7.2914E-01  2.4568E-01 4.1438E-01 3.8829E-02   408
 4.0000E-02 3.0203E-01 2.4639E+00 1.7424E+00 7.2149E-01  2.4389E-01 4.1420E-01 3.8751E-02   408
 4.0000E-02 3.0305E-01 2.4543E+00 1.7405E+00 7.1379E-01  2.4210E-01 4.1402E-01 3.8664E-02   408
 4.0000E-02 3.0408E-01 2.4447E+00 1.7386E+00 7.0606E-01  2.4032E-01 4.1384E-01 3.8566E-02   408
 4.0000E-02 3.0512E-01 2.4348E+00 1.7366E+00 6.9830E-01  2.3854E-01 4.1366E-01 3.8459E-02   408
 4.0000E-02 3.0616E-01 2.4249E+00 1.7344E+00 6.9051E-01  2.3676E-01 4.1348E-01 3.8343E-02   408
 4.0000E-02 3.0722E-01 2.4148E+00 1.7321E+00 6.8269E-01  2.3498E-01 4.1331E-01 3.8217E-02   408
 4.0000E-02 3.0828E-01 2.4047E+00 1.7298E+00 6.7491E-01  2.3319E-01 4.1313E-01 3.8088E-02   408
 4.0000E-02 3.0934E-01 2.3950E+00 1.7276E+00 6.6744E-01  2.3138E-01 4.1296E-01 3.7972E-02   408
 4.0000E-02 3.1042E-01 2.3852E+00 1.7252E+00 6.5997E-01  2.2956E-01 4.1279E-01 3.7850E-02   408
 4.0000E-02 3.1150E-01 2.3753E+00 1.7228E+00 6.5251E-01  2.2773E-01 4.1261E-01 3.7722E-02   408
 4.0000E-02 3.1259E-01 2.3653E+00 1.7203E+00 6.4506E-01  2.2590E-01 4.1244E-01 3.7587E-02   408
 4.0000E-02 3.1368E-01 2.3553E+00 1.7177E+00 6.3763E-01  2.2406E-01 4.1227E-01 3.7447E-02   408
 4.0000E-02 3.1479E-01 2.3452E+00 1.7150E+00 6.3022E-01  2.2232E-01 4.1225E-01 3.7301E-02   362
 4.0000E-02 3.1590E-01 2.3349E+00 1.7121E+00 6.2281E-01  2.2046E-01 4.1209E-01 3.7150E-02   362
 4.0000E-02 3.1702E-01 2.3246E+00 1.7092E+00 6.1544E-01  2.1860E-01 4.1192E-01 3.6994E-02   363
 4.0000E-02 3.1815E-01 2.3139E+00 1.7060E+00 6.0785E-01  2.1674E-01 4.1175E-01 3.6819E-02   363
 4.0000E-02 3.1929E-01 2.3029E+00 1.7026E+00 6.0025E-01  2.1488E-01 4.1159E-01 3.6634E-02   363
 4.0000E-02 3.2043E-01 2.2919E+00 1.6992E+00 5.9268E-01  2.1301E-01 4.1143E-01 3.6445E-02   363
 4.0000E-02 3.2158E-01 2.2807E+00 1.6956E+00 5.8514E-01  2.1115E-01 4.1127E-01 3.6250E-02   363
 4.0000E-02 3.2274E-01 2.2695E+00 1.6919E+00 5.7765E-01  2.0927E-01 4.1111E-01 3.6050E-02   363
 4.0000E-02 3.2391E-01 2.2582E+00 1.6880E+00 5.7020E-01  2.0740E-01 4.1095E-01 3.5846E-02   363
 4.0000E-02 3.2509E-01 2.2468E+00 1.6840E+00 5.6281E-01  2.0552E-01 4.1079E-01 3.5637E-02   363
 4.0000E-02 3.2628E-01 2.2354E+00 1.6799E+00 5.5547E-01  2.0364E-01 4.1064E-01 3.5426E-02   363
 4.0000E-02 3.2747E-01 2.2232E+00 1.6753E+00 5.4791E-01  2.0178E-01 4.1049E-01 3.5188E-02   363
 4.0000E-02 3.2868E-01 2.2113E+00 1.6707E+00 5.4060E-01  1.9992E-01 4.1034E-01 3.4960E-02   363
 4.0000E-02 3.2989E-01 2.1998E+00 1.6661E+00 5.3363E-01  1.9804E-01 4.1018E-01 3.4747E-02   363
 4.0000E-02 3.3111E-01 2.1885E+00 1.6616E+00 5.2693E-01  1.9617E-01 4.1003E-01 3.4545E-02   363
 4.0000E-02 3.3234E-01 2.1776E+00 1.6571E+00 5.2056E-01  1.9429E-01 4.0988E-01 3.4358E-02   363
 4.0000E-02 3.3358E-01 2.1671E+00 1.6526E+00 5.1451E-01  1.9240E-01 4.0974E-01 3.4187E-02   363
 4.0000E-02 3.3483E-01 2.1570E+00 1.6482E+00 5.0883E-01  1.9051E-01 4.0959E-01 3.4035E-02   363
 4.0000E-02 3.3609E-01 2.1479E+00 1.6441E+00 5.0384E-01  1.8859E-01 4.0944E-01 3.3925E-02   363
 4.0000E-02 3.3736E-01 2.1402E+00 1.6406E+00 4.9969E-01  1.8666E-01 4.0929E-01 3.3870E-02   363
 4.0000E-02 3.3864E-01 2.1334E+00 1.6373E+00 4.9610E-01  1.8471E-01 4.0913E-01 3.3849E-02   363
 4.0000E-02 3.3992E-01 2.1274E+00 1.6343E+00 4.9309E-01  1.8275E-01 4.0898E-01 3.3865E-02   363
 4.0000E-02 3.4122E-01 2.1224E+00 1.6317E+00 4.9068E-01  1.8078E-01 4.0883E-01 3.3921E-02   363
 4.0000E-02 3.4253E-01 2.1182E+00 1.6294E+00 4.8889E-01  1.7880E-01 4.0867E-01 3.4017E-02   363
 4.0000E-02 3.4385E-01 2.1151E+00 1.6274E+00 4.8772E-01  1.7681E-01 4.0852E-01 3.4157E-02   363
 4.0000E-02 3.4517E-01 2.1132E+00 1.6259E+00 4.8727E-01  1.7482E-01 4.0837E-01 3.4346E-02   363
 4.0000E-02 3.4651E-01 2.1124E+00 1.6249E+00 4.8748E-01  1.7282E-01 4.0821E-01 3.4583E-02   363
 4.0000E-02 3.4786E-01 2.1127E+00 1.6244E+00 4.8831E-01  1.7081E-01 4.0806E-01 3.4863E-02   363
 4.0000E-02 3.4922E-01 2.1139E+00 1.6242E+00 4.8973E-01  1.6880E-01 4.0791E-01 3.5187E-02   363
 4.0000E-02 3.5059E-01 2.1162E+00 1.6244E+00 4.9178E-01  1.6679E-01 4.0776E-01 3.5558E-02   363
 4.0000E-02 3.5197E-01 2.1196E+00 1.6251E+00 4.9447E-01  1.6478E-01 4.0760E-01 3.5978E-02   363
 4.0000E-02 3.5336E-01 2.1240E+00 1.6262E+00 4.9783E-01  1.6277E-01 4.0745E-01 3.6449E-02   363
 4.0000E-02 3.5476E-01 2.1294E+00 1.6277E+00 5.0176E-01  1.6076E-01 4.0730E-01 3.6964E-02   363
 4.0000E-02 3.5618E-01 2.1358E+00 1.6295E+00 5.0622E-01  1.5876E-01 4.0715E-01 3.7523E-02   363
 4.0000E-02 3.5760E-01 2.1431E+00 1.6318E+00 5.1129E-01  1.5676E-01 4.0700E-01 3.8129E-02   363
 4.0000E-02 3.5904E-01 2.1515E+00 1.6345E+00 5.1701E-01  1.5476E-01 4.0686E-01 3.8789E-02   363
 4.0000E-02 3.6048E-01 2.1609E+00 1.6376E+00 5.2339E-01  1.5277E-01 4.0671E-01 3.9503E-02   363
 4.0000E-02 3.6194E-01 2.1715E+00 1.6411E+00 5.3046E-01  1.5078E-01 4.0656E-01 4.0274E-02   363
 4.0000E-02 3.6341E-01 2.1833E+00 1.6450E+00 5.3825E-01  1.4880E-01 4.0642E-01 4.1104E-02   363
 4.0000E-02 3.6490E-01 2.1960E+00 1.6494E+00 5.4669E-01  1.4682E-01 4.0628E-01 4.1991E-02   363
 4.0000E-02 3.6639E-01 2.2100E+00 1.6542E+00 5.5587E-01  1.4486E-01 4.0613E-01 4.2942E-02   363
 4.0000E-02 3.6790E-01 2.2253E+00 1.6594E+00 5.6585E-01  1.4290E-01 4.0599E-01 4.3959E-02   363
 4.0000E-02 3.6942E-01 2.2419E+00 1.6653E+00 5.7666E-01  1.4096E-01 4.0585E-01 4.5050E-02   363
 4.0000E-02 3.7095E-01 2.2600E+00 1.6716E+00 5.8836E-01  1.3903E-01 4.0572E-01 4.6217E-02   363
 4.0000E-02 3.7250E-01 2.2797E+00 1.6786E+00 6.0105E-01  1.3712E-01 4.0558E-01 4.7469E-02   363
 4.0000E-02 3.7406E-01 2.3011E+00 1.6864E+00 6.1479E-01  1.3522E-01 4.0545E-01 4.8813E-02   363
 4.0000E-02 3.7563E-01 2.3243E+00 1.6947E+00 6.2954E-01  1.3334E-01 4.0531E-01 5.0246E-02   363
 4.0000E-02 3.7722E-01 2.3492E+00 1.7038E+00 6.4537E-01  1.3149E-01 4.0518E-01 5.1776E-02   363
 4.0000E-02 3.7881E-01 2.3760E+00 1.7137E+00 6.6238E-01  1.2964E-01 4.0505E-01 5.3410E-02   363
 4.0000E-02 3.8043E-01 2.4050E+00 1.7244E+00 6.8065E-01  1.2781E-01 4.0492E-01 5.5157E-02   363
 4.0000E-02 3.8205E-01 2.4363E+00 1.7360E+00 7.0027E-01  1.2600E-01 4.0479E-01 5.7028E-02   363
 4.0000E-02 3.8369E-01 2.4698E+00 1.7486E+00 7.2123E-01  1.2420E-01 4.0466E-01 5.9021E-02   363
 4.0000E-02 3.8534E-01 2.5057E+00 1.7621E+00 7.4359E-01  1.2242E-01 4.0453E-01 6.1146E-02   363
 4.0000E-02 3.8701E-01 2.5441E+00 1.7767E+00 7.6746E-01  1.2065E-01 4.0441E-01 6.3413E-02   363
 4.0000E-02 3.8870E-01 2.5853E+00 1.7923E+00 7.9299E-01  1.1888E-01 4.0428E-01 6.5834E-02   363
 4.0000E-02 3.9039E-01 2.6294E+00 1.8091E+00 8.2030E-01  1.1719E-01 4.0433E-01 6.8428E-02   323
 4.0000E-02 3.9211E-01 2.6764E+00 1.8271E+00 8.4933E-01  1.1542E-01 4.0420E-01 7.1191E-02   323
 4.0000E-02 3.9383E-01 2.7264E+00 1.8461E+00 8.8025E-01  1.1363E-01 4.0408E-01 7.4143E-02   323
 4.0000E-02 3.9558E-01 2.7796E+00 1.8665E+00 9.1316E-01  1.1183E-01 4.0395E-01 7.7297E-02   323
 4.0000E-02 3.9733E-01 2.8363E+00 1.8881E+00 9.4825E-01  1.1000E-01 4.0382E-01 8.0676E-02   323
 4.0000E-02 3.9911E-01 2.8969E+00 1.9112E+00 9.8570E-01  1.0814E-01 4.0370E-01 8.4299E-02   323
 4.0000E-02 4.0090E-01 2.9611E+00 1.9355E+00 1.0255E+00  1.0624E-01 4.0357E-01 8.8181E-02   323
 4.0000E-02 4.0270E-01 3.0291E+00 1.9612E+00 1.0679E+00  1.0428E-01 4.0344E-01 9.2342E-02   323
 4.0000E-02 4.0452E-01 3.1012E+00 1.9882E+00 1.1130E+00  1.0226E-01 4.0331E-01 9.6812E-02   323
 4.0000E-02 4.0636E-01 3.1777E+00 2.0166E+00 1.1610E+00  1.0015E-01 4.0317E-01 1.0162E-01   323
 4.0000E-02 4.0822E-01 3.2587E+00 2.0465E+00 1.2122E+00  9.7963E-02 4.0304E-01 1.0680E-01   323
 4.0000E-02 4.1009E-01 3.3442E+00 2.0775E+00 1.2667E+00  9.5662E-02 4.0290E-01 1.1239E-01   323
 4.0000E-02 4.1198E-01 3.4343E+00 2.1097E+00 1.3245E+00  9.3239E-02 4.0277E-01 1.1842E-01   323
 4.0000E-02 4.1389E-01 3.5291E+00 2.1430E+00 1.3861E+00  9.0678E-02 4.0263E-01 1.2493E-01   323
 4.0000E-02 4.1581E-01 3.6288E+00 2.1772E+00 1.4517E+00  8.7958E-02 4.0249E-01 1.3198E-01   323
 4.0000E-02 4.1776E-01 3.7335E+00 2.2121E+00 1.5214E+00  8.5062E-02 4.0236E-01 1.3963E-01   323
 4.0000E-02 4.1972E-01 3.8430E+00 2.2474E+00 1.5956E+00  8.1980E-02 4.0222E-01 1.4793E-01   323
 4.0000E-02 4.2170E-01 3.9575E+00 2.2829E+00 1.6746E+00  7.8712E-02 4.0209E-01 1.5694E-01   323
 4.0000E-02 4.2370E-01 4.0770E+00 2.3184E+00 1.7586E+00  7.5261E-02 4.0196E-01 1.6672E-01   323
 4.0000E-02 4.2571E-01 4.2019E+00 2.3538E+00 1.8481E+00  7.1645E-02 4.0184E-01 1.7733E-01   323
 4.0000E-02 4.2775E-01 4.3324E+00 2.3891E+00 1.9434E+00  6.7897E-02 4.0173E-01 1.8881E-01   323
 4.0000E-02 4.2981E-01 4.4687E+00 2.4243E+00 2.0444E+00  6.4075E-02 4.0163E-01 2.0116E-01   323
 4.0000E-02 4.3188E-01 4.6112E+00 2.4597E+00 2.1515E+00  6.0239E-02 4.0154E-01 2.1438E-01   323
 4.0000E-02 4.3398E-01 4.7600E+00 2.4957E+00 2.2644E+00  5.6450E-02 4.0147E-01 2.2843E-01   323
 4.0000E-02 4.3610E-01 4.9154E+00 2.5327E+00 2.3827E+00  5.2774E-02 4.0140E-01 2.4324E-01   323
 4.0000E-02 4.3824E-01 5.0767E+00 2.5710E+00 2.5056E+00  4.9263E-02 4.0135E-01 2.5864E-01   323
 4.0000E-02 4.4039E-01 5.2431E+00 2.6109E+00 2.6322E+00  4.5946E-02 4.0131E-01 2.7453E-01   323
 4.0000E-02 4.4257E-01 5.4133E+00 2.6523E+00 2.7610E+00  4.2839E-02 4.0127E-01 2.9072E-01   323
 4.0000E-02 4.4478E-01 5.5854E+00 2.6952E+00 2.8903E+00  3.9944E-02 4.0125E-01 3.0698E-01   323
 4.0000E-02 4.4700E-01 5.7567E+00 2.7390E+00 3.0178E+00  3.7257E-02 4.0123E-01 3.2307E-01   323
 4.0000E-02 4.4925E-01 5.9248E+00 2.7830E+00 3.1418E+00  3.4768E-02 4.0121E-01 3.3878E-01   323
 4.0000E-02 4.5152E-01 6.0870E+00 2.8269E+00 3.2602E+00  3.2467E-02 4.0120E-01 3.5383E-01   323
 4.0000E-02 4.5381E-01 6.2405E+00 2.8697E+00 3.3707E+00  3.0345E-02 4.0119E-01 3.6798E-01   323
 4.0000E-02 4.5612E-01 6.3826E+00 2.9110E+00 3.4717E+00  2.8397E-02 4.0118E-01 3.8101E-01   323
 4.0000E-02 4.5846E-01 6.5119E+00 2.9498E+00 3.5621E+00  2.6610E-02 4.0117E-01 3.9279E-01   323
 4.0000E-02 4.6082E-01 6.6263E+00 2.9858E+00 3.6405E+00  2.4975E-02 4.0117E-01 4.0314E-01   323
 4.0000E-02 4.6321E-01 6.7244E+00 3.0184E+00 3.7060E+00  2.3483E-02 4.0117E-01 4.1195E-01   323
 4.0000E-02 4.6563E-01 6.8056E+00 3.0470E+00 3.7586E+00  2.2119E-02 4.0116E-01 4.1922E-01   323
 4.0000E-02 4.6806E-01 6.8697E+00 3.0713E+00 3.7984E+00  2.0869E-02 4.0117E-01 4.2494E-01   323
 4.0000E-02 4.7053E-01 6.9165E+00 3.0911E+00 3.8254E+00  1.9722E-02 4.0117E-01 4.2913E-01   323
 4.0000E-02 4.7302E-01 6.9462E+00 3.1061E+00 3.8401E+00  1.8665E-02 4.0117E-01 4.3183E-01   323
 4.0000E-02 4.7553E-01 6.9600E+00 3.1162E+00 3.8438E+00  1.7687E-02 4.0117E-01 4.3320E-01   323
 4.0000E-02 4.7807E-01 6.9588E+00 3.1216E+00 3.8372E+00  1.6777E-02 4.0117E-01 4.3333E-01   323
 4.0000E-02 4.8065E-01 6.9438E+00 3.1222E+00 3.8216E+00  1.5930E-02 4.0117E-01 4.3236E-01   323
 4.0000E-02 4.8324E-01 6.9168E+00 3.1184E+00 3.7985E+00  1.5133E-02 4.0117E-01 4.3047E-01   323
 4.0000E-02 4.8587E-01 6.8798E+00 3.1101E+00 3.7697E+00  1.4378E-02 4.0117E-01 4.2788E-01   323
 4.0000E-02 4.8852E-01 6.8345E+00 3.0975E+00 3.7370E+00  1.3655E-02 4.0117E-01 4.2480E-01   323
 4.0000E-02 4.9121E-01 6.7830E+00 3.0806E+00 3.7025E+00  1.2954E-02 4.0116E-01 4.2147E-01   323
 4.0000E-02 4.9392E-01 6.7267E+00 3.0591E+00 3.6676E+00  1.2264E-02 4.0116E-01 4.1810E-01   323
 4.0000E-02 4.9667E-01 6.6665E+00 3.0327E+00 3.6338E+00  1.1574E-02 4.0115E-01 4.1483E-01   323
 4.0000E-02 4.9944E-01 6.6028E+00 3.0007E+00 3.6021E+00  1.0873E-02 4.0114E-01 4.1181E-01   323
 4.0000E-02 5.0225E-01 6.5346E+00 2.9621E+00 3.5726E+00  1.0155E-02 4.0113E-01 4.0906E-01   323
 4.0000E-02 5.0508E-01 6.4599E+00 2.9156E+00 3.5443E+00  9.4130E-03 4.0113E-01 4.0647E-01   323
 4.0000E-02 5.0795E-01 6.3758E+00 2.8601E+00 3.5157E+00  8.6432E-03 4.0112E-01 4.0388E-01   324
 4.0000E-02 5.1086E-01 6.2783E+00 2.7942E+00 3.4841E+00  7.8453E-03 4.0112E-01 4.0097E-01   324
 4.0000E-02 5.1379E-01 6.1629E+00 2.7172E+00 3.4457E+00  7.0575E-03 4.0132E-01 3.9729E-01   285
 4.0000E-02 5.1676E-01 6.0256E+00 2.6289E+00 3.3967E+00  6.2117E-03 4.0132E-01 3.9240E-01   285
 4.0000E-02 5.1977E-01 5.8638E+00 2.5305E+00 3.3333E+00  5.3485E-03 4.0132E-01 3.8582E-01   285
 4.0000E-02 5.2281E-01 5.6776E+00 2.4244E+00 3.2532E+00  4.4720E-03 4.0132E-01 3.7727E-01   285
 4.0000E-02 5.2588E-01 5.4700E+00 2.3139E+00 3.1561E+00  3.5850E-03 4.0132E-01 3.6671E-01   285
 4.0000E-02 5.2899E-01 5.2467E+00 2.2029E+00 3.0438E+00  2.6915E-03 4.0132E-01 3.5433E-01   285
 4.0000E-02 5.3214E-01 5.0151E+00 2.0949E+00 2.9202E+00  1.7969E-03 4.0131E-01 3.4057E-01   285
 4.0000E-02 5.3533E-01 4.7822E+00 1.9923E+00 2.7899E+00  9.0367E-04 4.0131E-01 3.2597E-01   285
 4.0000E-02 5.3855E-01 4.5538E+00 1.8962E+00 2.6576E+00  8.8279E-06 4.0129E-01 3.1108E-01   285
 4.0000E-02 5.4182E-01 4.3332E+00 1.8064E+00 2.5268E+00 -8.8707E-04 4.0128E-01 2.9631E-01   285
 4.0000E-02 5.4512E-01 4.1214E+00 1.7221E+00 2.3992E+00 -1.7852E-03 4.0128E-01 2.8187E-01   285
 4.0000E-02 5.4847E-01 3.9184E+00 1.6427E+00 2.2756E+00 -2.6837E-03 4.0127E-01 2.6785E-01   285
 4.0000E-02 5.5185E-01 3.7239E+00 1.5679E+00 2.1560E+00 -3.5817E-03 4.0126E-01 2.5426E-01   285
 4.0000E-02 5.5528E-01 3.5383E+00 1.4978E+00 2.0405E+00 -4.4766E-03 4.0126E-01 2.4109E-01   285
 4.0000E-02 5.5875E-01 3.3614E+00 1.4323E+00 1.9291E+00 -5.3674E-03 4.0126E-01 2.2836E-01   285
 4.0000E-02 5.6226E-01 3.1935E+00 1.3718E+00 1.8217E+00 -6.2545E-03 4.0125E-01 2.1604E-01   285
 4.0000E-02 5.6582E-01 3.0354E+00 1.3171E+00 1.7182E+00 -7.1365E-03 4.0124E-01 2.0414E-01   285
 4.0000E-02 5.6943E-01 2.8881E+00 1.2690E+00 1.6191E+00 -8.0126E-03 4.0124E-01 1.9271E-01   285
 4.0000E-02 5.7308E-01 2.7532E+00 1.2283E+00 1.5249E+00 -8.8784E-03 4.0123E-01 1.8182E-01   285
 4.0000E-02 5.7677E-01 2.6315E+00 1.1950E+00 1.4365E+00 -9.7272E-03 4.0122E-01 1.7158E-01   285
 4.0000E-02 5.8052E-01 2.5231E+00 1.1686E+00 1.3545E+00 -1.0555E-02 4.0121E-01 1.6206E-01   285
 4.0000E-02 5.8431E-01 2.4271E+00 1.1483E+00 1.2788E+00 -1.1355E-02 4.0120E-01 1.5326E-01   285
 4.0000E-02 5.8816E-01 2.3430E+00 1.1339E+00 1.2090E+00 -1.2123E-02 4.0120E-01 1.4514E-01   285
 4.0000E-02 5.9205E-01 2.2714E+00 1.1260E+00 1.1453E+00 -1.2852E-02 4.0119E-01 1.3770E-01   285
 4.0000E-02 5.9600E-01 2.2137E+00 1.1254E+00 1.0884E+00 -1.3528E-02 4.0118E-01 1.3105E-01   285
 4.0000E-02 6.0000E-01 2.1707E+00 1.1312E+00 1.0394E+00 -1.4140E-02 4.0118E-01 1.2533E-01   285
