 DDSCAT --- DDSCAT 7.3.3 [22.01.20]   
 TARGET --->TARGSPHER  spherical target with explicit spacing                 
 GPFAFT --- method of solution 
 FLTRCD --- prescription for polarizabilities
 FROM_FILE --- shape 
    4169 = NAT0 = number of dipoles
 ../../diel/Pena-Rioux_dielectric_26Au_74Ag                  
 ../../diel/Pena-Rioux_dielectric_34Au_66Ag                  
 ../../diel/Pena-Rioux_dielectric_85Au_15Ag                  
 ../../diel/Pena-Rioux_dielectric_92Au_8Ag                   
   0.000   0.000 = beta_min, beta_max ;  NBETA = 1
   0.000   0.000 = theta_min, theta_max; NTHETA= 1
   0.000   0.000 = phi_min, phi_max   ;   NPHI = 1
 Results averaged over    1 target orientations
                   and  2 incident polarizations
   aeff       wave       Q_pha       Q_pol       Q_cpol
 4.0000E-02 3.0000E-01 -4.2010E-02  4.7684E-06  1.1176E-07
 4.0000E-02 3.0101E-01 -4.1139E-02  3.5763E-06 -1.0803E-07
 4.0000E-02 3.0203E-01 -4.0471E-02  1.6689E-06  2.6077E-08
 4.0000E-02 3.0305E-01 -4.0012E-02 -2.6226E-06 -6.3330E-08
 4.0000E-02 3.0408E-01 -3.9770E-02  2.1458E-06  5.9605E-08
 4.0000E-02 3.0512E-01 -3.9750E-02  1.6689E-06  2.2352E-08
 4.0000E-02 3.0616E-01 -3.9961E-02  1.4305E-06 -5.2154E-08
 4.0000E-02 3.0722E-01 -4.0408E-02  2.8610E-06  1.4901E-08
 4.0000E-02 3.0828E-01 -4.1085E-02 -4.7684E-07  1.1176E-08
 4.0000E-02 3.0934E-01 -4.1925E-02  1.6689E-06 -7.8231E-08
 4.0000E-02 3.1042E-01 -4.2977E-02 -7.1526E-07  7.0781E-08
 4.0000E-02 3.1150E-01 -4.4247E-02 -3.3379E-06  2.9802E-08
 4.0000E-02 3.1259E-01 -4.5741E-02  4.5300E-06 -7.0781E-08
 4.0000E-02 3.1368E-01 -4.7467E-02  2.3842E-06  4.4703E-08
 4.0000E-02 3.1479E-01 -4.9432E-02 -3.3379E-06  2.6077E-08
 4.0000E-02 3.1590E-01 -5.1643E-02  7.1526E-06  1.0058E-07
 4.0000E-02 3.1702E-01 -5.4108E-02 -1.6689E-06 -7.8231E-08
 4.0000E-02 3.1815E-01 -5.6536E-02 -2.6226E-06  5.5879E-08
 4.0000E-02 3.1929E-01 -5.9235E-02 -9.5367E-07  2.2352E-08
 4.0000E-02 3.2043E-01 -6.2274E-02  1.4305E-06 -5.2154E-08
 4.0000E-02 3.2158E-01 -6.5663E-02 -3.3379E-06 -8.9407E-08
 4.0000E-02 3.2274E-01 -6.9414E-02  2.1458E-06  3.7253E-08
 4.0000E-02 3.2391E-01 -7.3540E-02  4.2915E-06 -3.7253E-08
 4.0000E-02 3.2509E-01 -7.8052E-02  4.7684E-06 -8.9407E-08
 4.0000E-02 3.2628E-01 -8.2965E-02  9.5367E-07  2.2352E-08
 4.0000E-02 3.2747E-01 -8.8820E-02  3.5763E-06  1.8626E-07
 4.0000E-02 3.2868E-01 -9.5183E-02 -1.6689E-06 -3.5763E-07
 4.0000E-02 3.2989E-01 -1.0203E-01 -9.5367E-07  1.2666E-07
 4.0000E-02 3.3111E-01 -1.0941E-01 -1.9073E-06 -5.2154E-08
 4.0000E-02 3.3234E-01 -1.1731E-01 -5.4836E-06 -7.4506E-09
 4.0000E-02 3.3358E-01 -1.2575E-01  2.3842E-06  1.7881E-07
 4.0000E-02 3.3483E-01 -1.3476E-01 -3.3379E-06 -3.1292E-07
 4.0000E-02 3.3609E-01 -1.4447E-01 -1.9073E-06  1.3411E-07
 4.0000E-02 3.3736E-01 -1.5475E-01 -7.1526E-07  1.0431E-07
 4.0000E-02 3.3864E-01 -1.6543E-01  1.1921E-06 -1.1921E-07
 4.0000E-02 3.3992E-01 -1.7653E-01 -7.1526E-07  2.2352E-07
 4.0000E-02 3.4122E-01 -1.8806E-01 -4.0531E-06 -3.8743E-07
 4.0000E-02 3.4253E-01 -2.0002E-01  1.6689E-06 -2.9802E-08
 4.0000E-02 3.4385E-01 -2.1243E-01  4.7684E-07 -1.4901E-08
 4.0000E-02 3.4517E-01 -2.2514E-01  3.0994E-06  0.0000E+00
 4.0000E-02 3.4651E-01 -2.3793E-01 -4.0531E-06  5.9605E-08
 4.0000E-02 3.4786E-01 -2.5096E-01  9.5367E-07 -3.5763E-07
 4.0000E-02 3.4922E-01 -2.6425E-01  1.1921E-06 -1.4901E-07
 4.0000E-02 3.5059E-01 -2.7780E-01 -2.3842E-06  2.9802E-07
 4.0000E-02 3.5197E-01 -2.9162E-01 -7.1526E-07  1.1921E-07
 4.0000E-02 3.5336E-01 -3.0573E-01  7.1526E-07  2.9802E-07
 4.0000E-02 3.5476E-01 -3.1998E-01 -4.2915E-06  7.1526E-07
 4.0000E-02 3.5618E-01 -3.3439E-01  2.3842E-06  5.9605E-07
 4.0000E-02 3.5760E-01 -3.4901E-01 -9.5367E-07  5.3644E-07
 4.0000E-02 3.5904E-01 -3.6389E-01 -1.9073E-06  3.5763E-07
 4.0000E-02 3.6048E-01 -3.7903E-01  3.5763E-06 -5.0664E-07
 4.0000E-02 3.6194E-01 -3.9444E-01 -1.6689E-06  8.9407E-08
 4.0000E-02 3.6341E-01 -4.1015E-01  3.8147E-06  8.9407E-08
 4.0000E-02 3.6490E-01 -4.2617E-01  2.1458E-06  2.0862E-07
 4.0000E-02 3.6639E-01 -4.4247E-01  2.1458E-06 -3.8743E-07
 4.0000E-02 3.6790E-01 -4.5906E-01 -3.8147E-06  4.4703E-07
 4.0000E-02 3.6942E-01 -4.7596E-01 -1.9073E-06 -7.1526E-07
 4.0000E-02 3.7095E-01 -4.9318E-01  4.0531E-06  7.1526E-07
 4.0000E-02 3.7250E-01 -5.1077E-01  2.1458E-06  4.7684E-07
 4.0000E-02 3.7406E-01 -5.2870E-01 -5.0068E-06 -6.5565E-07
 4.0000E-02 3.7563E-01 -5.4691E-01  9.5367E-07 -1.7881E-06
 4.0000E-02 3.7722E-01 -5.6541E-01 -1.1444E-05  9.5367E-07
 4.0000E-02 3.7881E-01 -5.8421E-01  3.5763E-06 -1.7881E-07
 4.0000E-02 3.8043E-01 -6.0332E-01 -4.0531E-06 -2.9802E-07
 4.0000E-02 3.8205E-01 -6.2267E-01 -2.3842E-07 -1.3113E-06
 4.0000E-02 3.8369E-01 -6.4217E-01 -9.2983E-06  1.9073E-06
 4.0000E-02 3.8534E-01 -6.6186E-01 -5.2452E-06 -1.3709E-06
 4.0000E-02 3.8701E-01 -6.8173E-01 -9.5367E-07  7.7486E-07
 4.0000E-02 3.8870E-01 -7.0175E-01 -4.2915E-06 -4.7684E-07
 4.0000E-02 3.9039E-01 -7.2189E-01 -1.9073E-06  1.4305E-06
 4.0000E-02 3.9211E-01 -7.4198E-01 -4.5300E-06  6.5565E-07
 4.0000E-02 3.9383E-01 -7.6210E-01 -1.6689E-06  5.9605E-08
 4.0000E-02 3.9558E-01 -7.8214E-01 -5.4836E-06 -5.9605E-08
 4.0000E-02 3.9733E-01 -8.0206E-01  2.1458E-06  1.3113E-06
 4.0000E-02 3.9911E-01 -8.2176E-01 -6.6757E-06  7.3314E-06
 4.0000E-02 4.0090E-01 -8.4111E-01 -9.7752E-06 -6.4373E-06
 4.0000E-02 4.0270E-01 -8.6007E-01 -3.0994E-06  1.1802E-05
 4.0000E-02 4.0452E-01 -8.7852E-01  1.6928E-05  0.0000E+00
 4.0000E-02 4.0636E-01 -8.9633E-01  1.3828E-05 -9.5367E-07
 4.0000E-02 4.0822E-01 -9.1331E-01 -4.5300E-06  2.3246E-06
 4.0000E-02 4.1009E-01 -9.2932E-01 -3.5763E-06  2.9802E-06
 4.0000E-02 4.1198E-01 -9.4425E-01 -5.0068E-06  2.3246E-06
 4.0000E-02 4.1389E-01 -9.5789E-01  5.4836E-06  7.7486E-07
 4.0000E-02 4.1581E-01 -9.7004E-01 -3.0994E-06  1.7881E-06
 4.0000E-02 4.1776E-01 -9.8049E-01 -4.0531E-06 -1.9670E-06
 4.0000E-02 4.1972E-01 -9.8915E-01  7.3910E-06 -2.6226E-06
 4.0000E-02 4.2170E-01 -9.9584E-01 -7.8678E-06 -2.6226E-06
 4.0000E-02 4.2370E-01 -1.0004E+00 -3.8147E-06 -3.5763E-06
 4.0000E-02 4.2571E-01 -1.0025E+00 -1.9073E-06  1.7881E-06
 4.0000E-02 4.2775E-01 -1.0019E+00  4.7684E-07 -1.3113E-06
 4.0000E-02 4.2981E-01 -9.9846E-01  4.2915E-06  4.1723E-07
 4.0000E-02 4.3188E-01 -9.9160E-01  1.9073E-06 -1.5497E-06
 4.0000E-02 4.3398E-01 -9.8075E-01  6.6757E-06  2.9802E-07
 4.0000E-02 4.3610E-01 -9.6512E-01 -4.7684E-07 -3.8743E-06
 4.0000E-02 4.3824E-01 -9.4385E-01  9.5367E-06 -2.5034E-06
 4.0000E-02 4.4039E-01 -9.1615E-01  4.7684E-06 -3.6359E-06
 4.0000E-02 4.4257E-01 -8.8106E-01 -1.4305E-06  3.5763E-06
 4.0000E-02 4.4478E-01 -8.3773E-01  8.5831E-06  5.5432E-06
 4.0000E-02 4.4700E-01 -7.8573E-01 -1.7643E-05  5.1856E-06
 4.0000E-02 4.4925E-01 -7.2491E-01 -4.2915E-06  1.1921E-07
 4.0000E-02 4.5152E-01 -6.5524E-01  3.8147E-06  2.2650E-06
 4.0000E-02 4.5381E-01 -5.7699E-01 -4.2915E-06 -1.1921E-06
 4.0000E-02 4.5612E-01 -4.9092E-01  4.6253E-05 -1.5497E-05
 4.0000E-02 4.5846E-01 -3.9793E-01 -2.4796E-05 -6.8545E-07
 4.0000E-02 4.6082E-01 -2.9887E-01  1.4782E-05 -2.8312E-06
 4.0000E-02 4.6321E-01 -1.9483E-01  6.1989E-06  4.7684E-06
 4.0000E-02 4.6563E-01 -8.7096E-02 -1.2398E-05  1.3635E-06
 4.0000E-02 4.6806E-01  2.3280E-02 -1.0967E-05  2.8946E-06
 4.0000E-02 4.7053E-01  1.3518E-01 -2.5749E-05  5.3644E-06
 4.0000E-02 4.7302E-01  2.4739E-01  1.8120E-05 -7.0333E-06
 4.0000E-02 4.7553E-01  3.5902E-01  9.5367E-07 -3.4273E-06
 4.0000E-02 4.7807E-01  4.6926E-01 -1.0967E-05 -1.4603E-06
 4.0000E-02 4.8065E-01  5.7722E-01  1.0014E-05  1.3709E-06
 4.0000E-02 4.8324E-01  6.8229E-01 -1.2398E-05  1.3113E-06
 4.0000E-02 4.8587E-01  7.8435E-01  2.3842E-05 -2.2650E-06
 4.0000E-02 4.8852E-01  8.8321E-01 -2.3842E-06  4.7684E-06
 4.0000E-02 4.9121E-01  9.7909E-01 -3.3379E-06  2.9802E-07
 4.0000E-02 4.9392E-01  1.0728E+00 -1.0967E-05  4.8876E-06
 4.0000E-02 4.9667E-01  1.1651E+00  1.6212E-05  5.0068E-06
 4.0000E-02 4.9944E-01  1.2570E+00 -5.7220E-05 -2.0266E-06
 4.0000E-02 5.0225E-01  1.3497E+00 -3.9577E-05  2.6226E-06
 4.0000E-02 5.0508E-01  1.4442E+00  1.0014E-05  8.5831E-06
 4.0000E-02 5.0795E-01  1.5411E+00 -8.1062E-06 -3.2187E-06
 4.0000E-02 5.1086E-01  1.6406E+00 -1.9073E-05 -3.9339E-06
 4.0000E-02 5.1379E-01  1.7417E+00 -3.8147E-05 -2.2173E-05
 4.0000E-02 5.1676E-01  1.8424E+00  3.9101E-05  1.1921E-07
 4.0000E-02 5.1977E-01  1.9399E+00 -2.5272E-05 -2.7895E-05
 4.0000E-02 5.2281E-01  2.0306E+00  3.2425E-05 -1.3590E-05
 4.0000E-02 5.2588E-01  2.1109E+00  1.4782E-05 -1.8120E-05
 4.0000E-02 5.2899E-01  2.1783E+00 -1.0014E-05  4.0531E-06
 4.0000E-02 5.3214E-01  2.2315E+00 -1.1921E-05  8.3447E-06
 4.0000E-02 5.3533E-01  2.2708E+00  1.7166E-05 -5.0068E-06
 4.0000E-02 5.3855E-01  2.2977E+00  4.6253E-05  5.0068E-06
 4.0000E-02 5.4182E-01  2.3144E+00  2.4796E-05 -9.7752E-06
 4.0000E-02 5.4512E-01  2.3228E+00 -9.5367E-07 -2.3842E-06
 4.0000E-02 5.4847E-01  2.3241E+00  1.6451E-05 -1.2636E-05
 4.0000E-02 5.5185E-01  2.3193E+00 -2.5749E-05  3.8147E-06
 4.0000E-02 5.5528E-01  2.3089E+00  6.6757E-06 -1.0729E-05
 4.0000E-02 5.5875E-01  2.2933E+00  1.4305E-05 -3.0279E-05
 4.0000E-02 5.6226E-01  2.2729E+00  3.7193E-05  1.1921E-06
 4.0000E-02 5.6582E-01  2.2479E+00 -1.0228E-04 -3.7909E-05
 4.0000E-02 5.6943E-01  2.2185E+00 -4.7684E-06 -2.4557E-05
 4.0000E-02 5.7308E-01  2.1856E+00 -3.9577E-05 -2.3842E-07
 4.0000E-02 5.7677E-01  2.1502E+00  1.9073E-05 -2.0027E-05
 4.0000E-02 5.8052E-01  2.1136E+00  4.2915E-06 -5.7220E-06
 4.0000E-02 5.8431E-01  2.0766E+00 -3.4094E-05 -1.8597E-05
 4.0000E-02 5.8816E-01  2.0395E+00  1.0014E-05 -5.0068E-06
 4.0000E-02 5.9205E-01  2.0028E+00 -5.0545E-05  3.0994E-06
 4.0000E-02 5.9600E-01  1.9676E+00  3.3379E-06 -2.1458E-06
 4.0000E-02 6.0000E-01  1.9359E+00 -2.0742E-05  1.1683E-05
