 DDSCAT --- DDSCAT 7.3.3 [22.01.20]   
 TARGET --->TARGSPHER  spherical target with explicit spacing                 
 GPFAFT --- method of solution 
 GKDLDR --- prescription for polarizabilities
 FROM_FILE --- shape 
   33401 = NAT0 = number of dipoles
 ../diel/Pena26Au74Ag                                        
 ../diel/Pena26Au74Ag                                        
   0.000   0.000 = beta_min, beta_max ;  NBETA = 1
   0.000   0.000 = theta_min, theta_max; NTHETA= 1
   0.000   0.000 = phi_min, phi_max   ;   NPHI = 1
 0.5000 = ETASCA (param. controlling # of scatt. dirs used to calculate <cos> etc.
 Results averaged over    1 target orientations
                   and  1 incident polarizations
   aeff       wave       Q_ext     Q_abs      Q_sca     g(1)=<cos>  <cos^2>    Q_bk       Nsca
 1.0000E-03 3.0000E-01 8.0015E-02 8.0014E-02 9.6493E-07  2.5771E-04 4.0217E-01 1.1501E-07   214
 1.0000E-03 3.0151E-01 7.9362E-02 7.9361E-02 9.3443E-07  2.5683E-04 4.0217E-01 1.1138E-07   214
 1.0000E-03 3.0302E-01 7.8759E-02 7.8758E-02 9.0568E-07  2.5629E-04 4.0217E-01 1.0795E-07   214
 1.0000E-03 3.0452E-01 7.8204E-02 7.8202E-02 8.7860E-07  2.5495E-04 4.0217E-01 1.0472E-07   214
 1.0000E-03 3.0603E-01 7.7694E-02 7.7694E-02 8.5309E-07  2.5443E-04 4.0217E-01 1.0168E-07   214
 1.0000E-03 3.0754E-01 7.7233E-02 7.7231E-02 8.2909E-07  2.5344E-04 4.0217E-01 9.8821E-08   214
 1.0000E-03 3.0905E-01 7.6838E-02 7.6837E-02 8.0737E-07  2.5194E-04 4.0217E-01 9.6232E-08   214
 1.0000E-03 3.1055E-01 7.6482E-02 7.6481E-02 7.8714E-07  2.5129E-04 4.0217E-01 9.3820E-08   214
 1.0000E-03 3.1206E-01 7.6150E-02 7.6149E-02 7.6787E-07  2.5070E-04 4.0217E-01 9.1523E-08   214
 1.0000E-03 3.1357E-01 7.5840E-02 7.5840E-02 7.4954E-07  2.4931E-04 4.0217E-01 8.9340E-08   214
 1.0000E-03 3.1508E-01 7.5554E-02 7.5553E-02 7.3210E-07  2.4860E-04 4.0217E-01 8.7262E-08   214
 1.0000E-03 3.1658E-01 7.5290E-02 7.5289E-02 7.1553E-07  2.4726E-04 4.0217E-01 8.5286E-08   214
 1.0000E-03 3.1809E-01 7.4975E-02 7.4975E-02 6.9864E-07  2.4639E-04 4.0217E-01 8.3274E-08   214
 1.0000E-03 3.1960E-01 7.4636E-02 7.4636E-02 6.8176E-07  2.4534E-04 4.0217E-01 8.1262E-08   214
 1.0000E-03 3.2111E-01 7.4320E-02 7.4320E-02 6.6564E-07  2.4463E-04 4.0217E-01 7.9340E-08   214
 1.0000E-03 3.2261E-01 7.4026E-02 7.4025E-02 6.5024E-07  2.4397E-04 4.0217E-01 7.7504E-08   214
 1.0000E-03 3.2412E-01 7.3751E-02 7.3752E-02 6.3555E-07  2.4293E-04 4.0217E-01 7.5753E-08   214
 1.0000E-03 3.2563E-01 7.3497E-02 7.3495E-02 6.2155E-07  2.4128E-04 4.0217E-01 7.4085E-08   214
 1.0000E-03 3.2714E-01 7.3254E-02 7.3254E-02 6.0792E-07  2.4048E-04 4.0217E-01 7.2462E-08   214
 1.0000E-03 3.2864E-01 7.3057E-02 7.3056E-02 5.9529E-07  2.3973E-04 4.0217E-01 7.0954E-08   214
 1.0000E-03 3.3015E-01 7.2917E-02 7.2916E-02 5.8405E-07  2.3907E-04 4.0217E-01 6.9617E-08   214
 1.0000E-03 3.3166E-01 7.2832E-02 7.2832E-02 5.7420E-07  2.3812E-04 4.0217E-01 6.8442E-08   214
 1.0000E-03 3.3317E-01 7.2802E-02 7.2802E-02 5.6571E-07  2.3752E-04 4.0217E-01 6.7429E-08   214
 1.0000E-03 3.3467E-01 7.2827E-02 7.2826E-02 5.5858E-07  2.3560E-04 4.0217E-01 6.6581E-08   214
 1.0000E-03 3.3618E-01 7.2964E-02 7.2964E-02 5.5373E-07  2.3549E-04 4.0217E-01 6.6002E-08   214
 1.0000E-03 3.3769E-01 7.3240E-02 7.3240E-02 5.5156E-07  2.3437E-04 4.0217E-01 6.5744E-08   214
 1.0000E-03 3.3920E-01 7.3594E-02 7.3593E-02 5.5114E-07  2.3248E-04 4.0217E-01 6.5695E-08   214
 1.0000E-03 3.4070E-01 7.4027E-02 7.4026E-02 5.5251E-07  2.3094E-04 4.0217E-01 6.5858E-08   214
 1.0000E-03 3.4221E-01 7.4543E-02 7.4543E-02 5.5572E-07  2.3103E-04 4.0217E-01 6.6240E-08   214
 1.0000E-03 3.4372E-01 7.5147E-02 7.5146E-02 5.6084E-07  2.2851E-04 4.0217E-01 6.6851E-08   214
 1.0000E-03 3.4523E-01 7.5844E-02 7.5843E-02 5.6797E-07  2.2843E-04 4.0217E-01 6.7700E-08   214
 1.0000E-03 3.4673E-01 7.6626E-02 7.6625E-02 5.7693E-07  2.2709E-04 4.0217E-01 6.8771E-08   214
 1.0000E-03 3.4824E-01 7.7486E-02 7.7487E-02 5.8765E-07  2.2599E-04 4.0217E-01 7.0046E-08   214
 1.0000E-03 3.4975E-01 7.8430E-02 7.8430E-02 6.0022E-07  2.2491E-04 4.0217E-01 7.1545E-08   214
 1.0000E-03 3.5126E-01 7.9464E-02 7.9463E-02 6.1475E-07  2.2312E-04 4.0217E-01 7.3278E-08   214
 1.0000E-03 3.5276E-01 8.0594E-02 8.0593E-02 6.3138E-07  2.2243E-04 4.0217E-01 7.5260E-08   214
 1.0000E-03 3.5427E-01 8.1822E-02 8.1821E-02 6.5018E-07  2.2113E-04 4.0217E-01 7.7502E-08   214
 1.0000E-03 3.5578E-01 8.3131E-02 8.3132E-02 6.7087E-07  2.2127E-04 4.0217E-01 7.9968E-08   214
 1.0000E-03 3.5729E-01 8.4532E-02 8.4535E-02 6.9366E-07  2.1761E-04 4.0217E-01 8.2684E-08   214
 1.0000E-03 3.5879E-01 8.6041E-02 8.6036E-02 7.1872E-07  2.1966E-04 4.0217E-01 8.5671E-08   214
 1.0000E-03 3.6030E-01 8.7649E-02 8.7647E-02 7.4624E-07  2.1699E-04 4.0217E-01 8.8952E-08   214
 1.0000E-03 3.6181E-01 8.9383E-02 8.9378E-02 7.7646E-07  2.1585E-04 4.0217E-01 9.2555E-08   214
 1.0000E-03 3.6332E-01 9.1235E-02 9.1236E-02 8.0961E-07  2.1439E-04 4.0217E-01 9.6507E-08   214
 1.0000E-03 3.6482E-01 9.3217E-02 9.3215E-02 8.4555E-07  2.1461E-04 4.0217E-01 1.0079E-07   214
 1.0000E-03 3.6633E-01 9.5325E-02 9.5322E-02 8.8453E-07  2.1293E-04 4.0217E-01 1.0544E-07   214
 1.0000E-03 3.6784E-01 9.7569E-02 9.7569E-02 9.2686E-07  2.1213E-04 4.0217E-01 1.1048E-07   214
 1.0000E-03 3.6935E-01 9.9971E-02 9.9970E-02 9.7288E-07  2.1060E-04 4.0217E-01 1.1597E-07   214
 1.0000E-03 3.7085E-01 1.0254E-01 1.0254E-01 1.0230E-06  2.0935E-04 4.0217E-01 1.2194E-07   214
 1.0000E-03 3.7236E-01 1.0531E-01 1.0530E-01 1.0776E-06  2.0953E-04 4.0217E-01 1.2845E-07   214
 1.0000E-03 3.7387E-01 1.0825E-01 1.0824E-01 1.1367E-06  2.0799E-04 4.0217E-01 1.3549E-07   214
 1.0000E-03 3.7538E-01 1.1138E-01 1.1138E-01 1.2007E-06  2.0731E-04 4.0217E-01 1.4313E-07   214
 1.0000E-03 3.7688E-01 1.1474E-01 1.1474E-01 1.2704E-06  2.3376E-04 4.0254E-01 1.5141E-07   184
 1.0000E-03 3.7839E-01 1.1833E-01 1.1833E-01 1.3460E-06  2.3274E-04 4.0254E-01 1.6042E-07   184
 1.0000E-03 3.7990E-01 1.2218E-01 1.2218E-01 1.4284E-06  2.3121E-04 4.0253E-01 1.7024E-07   184
 1.0000E-03 3.8141E-01 1.2633E-01 1.2633E-01 1.5183E-06  2.3132E-04 4.0254E-01 1.8095E-07   184
 1.0000E-03 3.8291E-01 1.3076E-01 1.3075E-01 1.6158E-06  2.3075E-04 4.0254E-01 1.9257E-07   184
 1.0000E-03 3.8442E-01 1.3550E-01 1.3550E-01 1.7219E-06  2.2963E-04 4.0254E-01 2.0521E-07   184
 1.0000E-03 3.8593E-01 1.4059E-01 1.4059E-01 1.8375E-06  2.2782E-04 4.0253E-01 2.1899E-07   184
 1.0000E-03 3.8744E-01 1.4606E-01 1.4605E-01 1.9638E-06  2.2739E-04 4.0254E-01 2.3405E-07   184
 1.0000E-03 3.8894E-01 1.5194E-01 1.5194E-01 2.1019E-06  2.2656E-04 4.0254E-01 2.5051E-07   184
 1.0000E-03 3.9045E-01 1.5827E-01 1.5827E-01 2.2530E-06  2.2511E-04 4.0254E-01 2.6852E-07   184
 1.0000E-03 3.9196E-01 1.6506E-01 1.6506E-01 2.4178E-06  2.2385E-04 4.0254E-01 2.8816E-07   184
 1.0000E-03 3.9347E-01 1.7235E-01 1.7235E-01 2.5981E-06  2.2317E-04 4.0254E-01 3.0965E-07   184
 1.0000E-03 3.9497E-01 1.8019E-01 1.8018E-01 2.7955E-06  2.2205E-04 4.0254E-01 3.3317E-07   184
 1.0000E-03 3.9648E-01 1.8860E-01 1.8860E-01 3.0116E-06  2.2050E-04 4.0254E-01 3.5893E-07   184
 1.0000E-03 3.9799E-01 1.9763E-01 1.9763E-01 3.2481E-06  2.1873E-04 4.0254E-01 3.8713E-07   184
 1.0000E-03 3.9950E-01 2.0731E-01 2.0731E-01 3.5070E-06  2.1763E-04 4.0254E-01 4.1798E-07   184
 1.0000E-03 4.0101E-01 2.1764E-01 2.1763E-01 3.7893E-06  2.1663E-04 4.0254E-01 4.5163E-07   184
 1.0000E-03 4.0251E-01 2.2862E-01 2.2861E-01 4.0970E-06  2.1503E-04 4.0254E-01 4.8830E-07   184
 1.0000E-03 4.0402E-01 2.4025E-01 2.4024E-01 4.4312E-06  2.1326E-04 4.0254E-01 5.2813E-07   184
 1.0000E-03 4.0553E-01 2.5248E-01 2.5248E-01 4.7926E-06  2.1168E-04 4.0253E-01 5.7120E-07   184
 1.0000E-03 4.0704E-01 2.6524E-01 2.6524E-01 5.1810E-06  2.1056E-04 4.0253E-01 6.1750E-07   184
 1.0000E-03 4.0854E-01 2.7840E-01 2.7839E-01 5.5951E-06  2.0843E-04 4.0254E-01 6.6686E-07   184
 1.0000E-03 4.1005E-01 2.9176E-01 2.9175E-01 6.0322E-06  2.0749E-04 4.0254E-01 7.1896E-07   184
 1.0000E-03 4.1156E-01 3.0506E-01 3.0505E-01 6.4874E-06  2.0621E-04 4.0253E-01 7.7321E-07   184
 1.0000E-03 4.1307E-01 3.1796E-01 3.1795E-01 6.9532E-06  2.0399E-04 4.0253E-01 8.2872E-07   184
 1.0000E-03 4.1457E-01 3.3003E-01 3.3003E-01 7.4196E-06  2.0283E-04 4.0254E-01 8.8433E-07   184
 1.0000E-03 4.1608E-01 3.4079E-01 3.4078E-01 7.8735E-06  2.0193E-04 4.0253E-01 9.3842E-07   184
 1.0000E-03 4.1759E-01 3.4969E-01 3.4968E-01 8.2994E-06  2.0100E-04 4.0254E-01 9.8919E-07   184
 1.0000E-03 4.1910E-01 3.5619E-01 3.5618E-01 8.6810E-06  1.9930E-04 4.0253E-01 1.0347E-06   184
 1.0000E-03 4.2060E-01 3.5980E-01 3.5979E-01 9.0005E-06  1.9878E-04 4.0253E-01 1.0728E-06   184
 1.0000E-03 4.2211E-01 3.6014E-01 3.6013E-01 9.2420E-06  1.9760E-04 4.0253E-01 1.1016E-06   184
 1.0000E-03 4.2362E-01 3.5700E-01 3.5699E-01 9.3929E-06  1.9662E-04 4.0253E-01 1.1195E-06   184
 1.0000E-03 4.2513E-01 3.5040E-01 3.5039E-01 9.4457E-06  1.9539E-04 4.0253E-01 1.1258E-06   184
 1.0000E-03 4.2663E-01 3.4054E-01 3.4053E-01 9.3990E-06  1.9490E-04 4.0253E-01 1.1203E-06   184
 1.0000E-03 4.2814E-01 3.2783E-01 3.2782E-01 9.2567E-06  1.9398E-04 4.0254E-01 1.1033E-06   184
 1.0000E-03 4.2965E-01 3.1291E-01 3.1290E-01 9.0316E-06  1.9324E-04 4.0253E-01 1.0765E-06   184
 1.0000E-03 4.3116E-01 2.9643E-01 2.9642E-01 8.7385E-06  1.9231E-04 4.0253E-01 1.0415E-06   184
 1.0000E-03 4.3266E-01 2.7902E-01 2.7901E-01 8.3934E-06  1.9199E-04 4.0253E-01 1.0004E-06   184
 1.0000E-03 4.3417E-01 2.6126E-01 2.6125E-01 8.0126E-06  1.9167E-04 4.0253E-01 9.5504E-07   184
 1.0000E-03 4.3568E-01 2.4363E-01 2.4362E-01 7.6109E-06  1.9096E-04 4.0253E-01 9.0715E-07   184
 1.0000E-03 4.3719E-01 2.2653E-01 2.2653E-01 7.2008E-06  1.8986E-04 4.0253E-01 8.5828E-07   184
 1.0000E-03 4.3869E-01 2.1026E-01 2.1025E-01 6.7946E-06  1.8977E-04 4.0254E-01 8.0986E-07   184
 1.0000E-03 4.4020E-01 1.9495E-01 1.9494E-01 6.3997E-06  1.8964E-04 4.0253E-01 7.6278E-07   184
 1.0000E-03 4.4171E-01 1.8068E-01 1.8067E-01 6.0207E-06  1.8875E-04 4.0254E-01 7.1763E-07   184
 1.0000E-03 4.4322E-01 1.6748E-01 1.6747E-01 5.6607E-06  1.8821E-04 4.0253E-01 6.7471E-07   184
 1.0000E-03 4.4472E-01 1.5532E-01 1.5532E-01 5.3213E-06  1.8752E-04 4.0253E-01 6.3427E-07   184
 1.0000E-03 4.4623E-01 1.4420E-01 1.4419E-01 5.0039E-06  1.8752E-04 4.0253E-01 5.9643E-07   184
 1.0000E-03 4.4774E-01 1.3402E-01 1.3402E-01 4.7086E-06  1.8719E-04 4.0253E-01 5.6123E-07   184
 1.0000E-03 4.4925E-01 1.2472E-01 1.2471E-01 4.4342E-06  1.8600E-04 4.0253E-01 5.2852E-07   184
 1.0000E-03 4.5075E-01 1.1621E-01 1.1621E-01 4.1794E-06  1.8597E-04 4.0253E-01 4.9815E-07   184
 1.0000E-03 4.5226E-01 1.0843E-01 1.0843E-01 3.9430E-06  1.8543E-04 4.0253E-01 4.6998E-07   184
 1.0000E-03 4.5377E-01 1.0132E-01 1.0132E-01 3.7237E-06  1.8461E-04 4.0254E-01 4.4384E-07   184
 1.0000E-03 4.5528E-01 9.4812E-02 9.4809E-02 3.5203E-06  1.8437E-04 4.0253E-01 4.1960E-07   184
 1.0000E-03 4.5678E-01 8.8840E-02 8.8837E-02 3.3318E-06  1.8452E-04 4.0254E-01 3.9713E-07   184
 1.0000E-03 4.5829E-01 8.3356E-02 8.3353E-02 3.1566E-06  1.8313E-04 4.0253E-01 3.7624E-07   184
 1.0000E-03 4.5980E-01 7.8318E-02 7.8315E-02 2.9936E-06  1.8322E-04 4.0254E-01 3.5682E-07   184
 1.0000E-03 4.6131E-01 7.3690E-02 7.3688E-02 2.8418E-06  1.8298E-04 4.0253E-01 3.3873E-07   184
 1.0000E-03 4.6281E-01 6.9441E-02 6.9438E-02 2.7005E-06  1.8204E-04 4.0253E-01 3.2188E-07   184
 1.0000E-03 4.6432E-01 6.5534E-02 6.5531E-02 2.5687E-06  1.8153E-04 4.0253E-01 3.0617E-07   184
 1.0000E-03 4.6583E-01 6.1935E-02 6.1933E-02 2.4458E-06  1.8075E-04 4.0253E-01 2.9153E-07   184
 1.0000E-03 4.6734E-01 5.8622E-02 5.8620E-02 2.3312E-06  1.8072E-04 4.0253E-01 2.7786E-07   184
 1.0000E-03 4.6884E-01 5.5569E-02 5.5567E-02 2.2242E-06  1.7989E-04 4.0254E-01 2.6511E-07   184
 1.0000E-03 4.7035E-01 5.2754E-02 5.2752E-02 2.1242E-06  1.7936E-04 4.0254E-01 2.5319E-07   184
 1.0000E-03 4.7186E-01 5.0156E-02 5.0154E-02 2.0307E-06  1.7976E-04 4.0254E-01 2.4205E-07   184
 1.0000E-03 4.7337E-01 4.7752E-02 4.7750E-02 1.9432E-06  1.7945E-04 4.0253E-01 2.3162E-07   184
 1.0000E-03 4.7487E-01 4.5521E-02 4.5519E-02 1.8612E-06  1.7883E-04 4.0254E-01 2.2185E-07   184
 1.0000E-03 4.7638E-01 4.3448E-02 4.3446E-02 1.7843E-06  1.7852E-04 4.0253E-01 2.1268E-07   184
 1.0000E-03 4.7789E-01 4.1520E-02 4.1518E-02 1.7120E-06  1.7812E-04 4.0253E-01 2.0407E-07   184
 1.0000E-03 4.7940E-01 3.9726E-02 3.9724E-02 1.6441E-06  1.7711E-04 4.0253E-01 1.9597E-07   184
 1.0000E-03 4.8090E-01 3.8053E-02 3.8051E-02 1.5802E-06  1.7747E-04 4.0254E-01 1.8835E-07   184
 1.0000E-03 4.8241E-01 3.6493E-02 3.6491E-02 1.5199E-06  1.7626E-04 4.0253E-01 1.8116E-07   184
 1.0000E-03 4.8392E-01 3.5033E-02 3.5032E-02 1.4630E-06  1.7591E-04 4.0253E-01 1.7438E-07   184
 1.0000E-03 4.8543E-01 3.3668E-02 3.3667E-02 1.4093E-06  1.7609E-04 4.0253E-01 1.6798E-07   184
 1.0000E-03 4.8693E-01 3.2391E-02 3.2389E-02 1.3585E-06  1.7536E-04 4.0254E-01 1.6193E-07   184
 1.0000E-03 4.8844E-01 3.1194E-02 3.1193E-02 1.3105E-06  1.7441E-04 4.0253E-01 1.5621E-07   184
 1.0000E-03 4.8995E-01 3.0073E-02 3.0072E-02 1.2651E-06  1.7496E-04 4.0253E-01 1.5079E-07   184
 1.0000E-03 4.9146E-01 2.9020E-02 2.9019E-02 1.2221E-06  1.7412E-04 4.0253E-01 1.4566E-07   184
 1.0000E-03 4.9296E-01 2.8030E-02 2.8028E-02 1.1813E-06  1.7397E-04 4.0253E-01 1.4080E-07   184
 1.0000E-03 4.9447E-01 2.7096E-02 2.7094E-02 1.1426E-06  1.7377E-04 4.0253E-01 1.3620E-07   184
 1.0000E-03 4.9598E-01 2.6213E-02 2.6212E-02 1.1059E-06  1.7294E-04 4.0253E-01 1.3182E-07   184
 1.0000E-03 4.9749E-01 2.5377E-02 2.5376E-02 1.0711E-06  1.7220E-04 4.0253E-01 1.2767E-07   184
 1.0000E-03 4.9900E-01 2.4583E-02 2.4582E-02 1.0379E-06  1.7285E-04 4.0253E-01 1.2372E-07   184
 1.0000E-03 5.0050E-01 2.3826E-02 2.3825E-02 1.0064E-06  1.7241E-04 4.0254E-01 1.1996E-07   184
 1.0000E-03 5.0201E-01 2.3103E-02 2.3102E-02 9.7631E-07  1.7167E-04 4.0253E-01 1.1637E-07   184
 1.0000E-03 5.0352E-01 2.2410E-02 2.2409E-02 9.4760E-07  1.7201E-04 4.0253E-01 1.1295E-07   184
 1.0000E-03 5.0503E-01 2.1745E-02 2.1744E-02 9.2016E-07  1.7086E-04 4.0253E-01 1.0968E-07   184
 1.0000E-03 5.0653E-01 2.1107E-02 2.1106E-02 8.9390E-07  1.7062E-04 4.0253E-01 1.0655E-07   184
 1.0000E-03 5.0804E-01 2.0493E-02 2.0492E-02 8.6875E-07  1.7090E-04 4.0253E-01 1.0355E-07   184
 1.0000E-03 5.0955E-01 1.9901E-02 1.9900E-02 8.4463E-07  1.7031E-04 4.0253E-01 1.0068E-07   184
 1.0000E-03 5.1106E-01 1.9332E-02 1.9331E-02 8.2147E-07  1.6987E-04 4.0253E-01 9.7917E-08   184
 1.0000E-03 5.1256E-01 1.8783E-02 1.8782E-02 7.9921E-07  1.6873E-04 4.0254E-01 9.5264E-08   184
 1.0000E-03 5.1407E-01 1.8254E-02 1.8254E-02 7.7780E-07  1.6852E-04 4.0253E-01 9.2712E-08   184
 1.0000E-03 5.1558E-01 1.7746E-02 1.7745E-02 7.5718E-07  1.6823E-04 4.0253E-01 9.0254E-08   184
 1.0000E-03 5.1709E-01 1.7257E-02 1.7256E-02 7.3733E-07  1.6787E-04 4.0253E-01 8.7887E-08   184
 1.0000E-03 5.1859E-01 1.6787E-02 1.6786E-02 7.1819E-07  1.6857E-04 4.0253E-01 8.5605E-08   184
 1.0000E-03 5.2010E-01 1.6335E-02 1.6335E-02 6.9973E-07  1.6729E-04 4.0253E-01 8.3405E-08   184
 1.0000E-03 5.2161E-01 1.5903E-02 1.5902E-02 6.8193E-07  1.6730E-04 4.0253E-01 8.1285E-08   184
 1.0000E-03 5.2312E-01 1.5488E-02 1.5488E-02 6.6475E-07  1.6731E-04 4.0253E-01 7.9237E-08   184
 1.0000E-03 5.2462E-01 1.5091E-02 1.5091E-02 6.4818E-07  1.6607E-04 4.0253E-01 7.7262E-08   184
 1.0000E-03 5.2613E-01 1.4712E-02 1.4711E-02 6.3219E-07  1.6633E-04 4.0254E-01 7.5355E-08   184
 1.0000E-03 5.2764E-01 1.4348E-02 1.4347E-02 6.1676E-07  1.6558E-04 4.0253E-01 7.3516E-08   184
 1.0000E-03 5.2915E-01 1.4000E-02 1.3999E-02 6.0186E-07  1.6588E-04 4.0253E-01 7.1740E-08   184
 1.0000E-03 5.3065E-01 1.3666E-02 1.3665E-02 5.8747E-07  1.6520E-04 4.0253E-01 7.0026E-08   184
 1.0000E-03 5.3216E-01 1.3346E-02 1.3346E-02 5.7357E-07  1.6466E-04 4.0254E-01 6.8369E-08   184
 1.0000E-03 5.3367E-01 1.3039E-02 1.3038E-02 5.6014E-07  1.6442E-04 4.0253E-01 6.6768E-08   184
 1.0000E-03 5.3518E-01 1.2744E-02 1.2744E-02 5.4716E-07  1.6463E-04 4.0253E-01 6.5220E-08   184
 1.0000E-03 5.3668E-01 1.2462E-02 1.2461E-02 5.3460E-07  1.6374E-04 4.0253E-01 6.3725E-08   184
 1.0000E-03 5.3819E-01 1.2190E-02 1.2189E-02 5.2245E-07  1.6368E-04 4.0253E-01 6.2276E-08   184
 1.0000E-03 5.3970E-01 1.1929E-02 1.1929E-02 5.1070E-07  1.6365E-04 4.0253E-01 6.0874E-08   184
 1.0000E-03 5.4121E-01 1.1679E-02 1.1679E-02 4.9931E-07  1.6336E-04 4.0253E-01 5.9517E-08   184
 1.0000E-03 5.4271E-01 1.1440E-02 1.1439E-02 4.8829E-07  1.6277E-04 4.0253E-01 5.8203E-08   184
 1.0000E-03 5.4422E-01 1.1211E-02 1.1210E-02 4.7762E-07  1.6232E-04 4.0253E-01 5.6930E-08   184
 1.0000E-03 5.4573E-01 1.0991E-02 1.0991E-02 4.6728E-07  1.6206E-04 4.0253E-01 5.5698E-08   184
 1.0000E-03 5.4724E-01 1.0781E-02 1.0781E-02 4.5726E-07  1.6165E-04 4.0254E-01 5.4505E-08   184
 1.0000E-03 5.4874E-01 1.0580E-02 1.0580E-02 4.4755E-07  1.6188E-04 4.0253E-01 5.3348E-08   184
 1.0000E-03 5.5025E-01 1.0388E-02 1.0388E-02 4.3815E-07  1.6095E-04 4.0253E-01 5.2227E-08   184
 1.0000E-03 5.5176E-01 1.0205E-02 1.0204E-02 4.2904E-07  1.6125E-04 4.0253E-01 5.1141E-08   184
 1.0000E-03 5.5327E-01 1.0029E-02 1.0029E-02 4.2021E-07  1.6110E-04 4.0253E-01 5.0089E-08   184
 1.0000E-03 5.5477E-01 9.8611E-03 9.8608E-03 4.1166E-07  1.6056E-04 4.0253E-01 4.9070E-08   184
 1.0000E-03 5.5628E-01 9.6999E-03 9.6994E-03 4.0338E-07  1.6050E-04 4.0253E-01 4.8082E-08   184
 1.0000E-03 5.5779E-01 9.5444E-03 9.5440E-03 3.9535E-07  1.5962E-04 4.0253E-01 4.7126E-08   184
 1.0000E-03 5.5930E-01 9.3943E-03 9.3939E-03 3.8757E-07  1.5997E-04 4.0253E-01 4.6199E-08   184
 1.0000E-03 5.6080E-01 9.2488E-03 9.2485E-03 3.8003E-07  1.5944E-04 4.0253E-01 4.5300E-08   184
 1.0000E-03 5.6231E-01 9.1074E-03 9.1070E-03 3.7272E-07  1.5866E-04 4.0253E-01 4.4428E-08   184
 1.0000E-03 5.6382E-01 8.9692E-03 8.9688E-03 3.6562E-07  1.5861E-04 4.0253E-01 4.3582E-08   184
 1.0000E-03 5.6533E-01 8.8338E-03 8.8336E-03 3.5873E-07  1.5899E-04 4.0253E-01 4.2760E-08   184
 1.0000E-03 5.6683E-01 8.7009E-03 8.7006E-03 3.5203E-07  1.5812E-04 4.0254E-01 4.1962E-08   184
 1.0000E-03 5.6834E-01 8.5701E-03 8.5697E-03 3.4552E-07  1.5886E-04 4.0254E-01 4.1186E-08   184
 1.0000E-03 5.6985E-01 8.4410E-03 8.4407E-03 3.3919E-07  1.5782E-04 4.0253E-01 4.0432E-08   184
 1.0000E-03 5.7136E-01 8.3137E-03 8.3134E-03 3.3302E-07  1.5774E-04 4.0254E-01 3.9697E-08   184
 1.0000E-03 5.7286E-01 8.1882E-03 8.1878E-03 3.2702E-07  1.5754E-04 4.0253E-01 3.8981E-08   184
 1.0000E-03 5.7437E-01 8.0645E-03 8.0642E-03 3.2116E-07  1.5772E-04 4.0253E-01 3.8282E-08   184
 1.0000E-03 5.7588E-01 7.9428E-03 7.9424E-03 3.1544E-07  1.5685E-04 4.0253E-01 3.7601E-08   184
 1.0000E-03 5.7739E-01 7.8232E-03 7.8229E-03 3.0987E-07  1.5692E-04 4.0253E-01 3.6937E-08   184
 1.0000E-03 5.7889E-01 7.7062E-03 7.7059E-03 3.0443E-07  1.5658E-04 4.0253E-01 3.6288E-08   184
 1.0000E-03 5.8040E-01 7.5918E-03 7.5915E-03 2.9911E-07  1.5639E-04 4.0253E-01 3.5654E-08   184
 1.0000E-03 5.8191E-01 7.4802E-03 7.4799E-03 2.9393E-07  1.5607E-04 4.0253E-01 3.5036E-08   184
 1.0000E-03 5.8342E-01 7.3716E-03 7.3713E-03 2.8886E-07  1.5554E-04 4.0253E-01 3.4433E-08   184
 1.0000E-03 5.8492E-01 7.2659E-03 7.2656E-03 2.8392E-07  1.5503E-04 4.0253E-01 3.3843E-08   184
 1.0000E-03 5.8643E-01 7.1632E-03 7.1629E-03 2.7909E-07  1.5555E-04 4.0253E-01 3.3268E-08   184
 1.0000E-03 5.8794E-01 7.0634E-03 7.0631E-03 2.7438E-07  1.5529E-04 4.0253E-01 3.2706E-08   184
 1.0000E-03 5.8945E-01 6.9663E-03 6.9660E-03 2.6978E-07  1.5498E-04 4.0253E-01 3.2158E-08   184
 1.0000E-03 5.9095E-01 6.8718E-03 6.8715E-03 2.6529E-07  1.5474E-04 4.0253E-01 3.1623E-08   184
 1.0000E-03 5.9246E-01 6.7798E-03 6.7795E-03 2.6091E-07  1.5471E-04 4.0253E-01 3.1100E-08   184
 1.0000E-03 5.9397E-01 6.6900E-03 6.6897E-03 2.5663E-07  1.5406E-04 4.0253E-01 3.0590E-08   184
 1.0000E-03 5.9548E-01 6.6023E-03 6.6020E-03 2.5245E-07  1.5365E-04 4.0254E-01 3.0092E-08   184
 1.0000E-03 5.9698E-01 6.5165E-03 6.5162E-03 2.4837E-07  1.5378E-04 4.0253E-01 2.9606E-08   184
 1.0000E-03 5.9849E-01 6.4325E-03 6.4323E-03 2.4438E-07  1.5370E-04 4.0253E-01 2.9130E-08   184
 1.0000E-03 6.0000E-01 6.3502E-03 6.3499E-03 2.4048E-07  1.5365E-04 4.0253E-01 2.8666E-08   184
