 DDSCAT --- DDSCAT 7.3.3 [22.01.20]   
 TARGET --->TARGSPHER  spherical target with explicit spacing                 
 GPFAFT --- method of solution 
 FLTRCD --- prescription for polarizabilities
 FROM_FILE --- shape 
    4169 = NAT0 = number of dipoles
 ../../diel/Pena-Rioux_dielectric_26Au_74Ag                  
 ../../diel/Pena-Rioux_dielectric_34Au_66Ag                  
 ../../diel/Pena-Rioux_dielectric_52Au_48Ag                  
 ../../diel/Pena-Rioux_dielectric_92Au_8Ag                   
   0.000   0.000 = beta_min, beta_max ;  NBETA = 1
   0.000   0.000 = theta_min, theta_max; NTHETA= 1
   0.000   0.000 = phi_min, phi_max   ;   NPHI = 1
 0.5000 = ETASCA (param. controlling # of scatt. dirs used to calculate <cos> etc.
 Results averaged over    1 target orientations
                   and  2 incident polarizations
   aeff       wave       Q_ext     Q_abs      Q_sca     g(1)=<cos>  <cos^2>    Q_bk       Nsca
 8.0000E-02 3.0000E-01 2.7233E+00 1.5352E+00 1.1882E+00  6.5292E-01 6.1686E-01 2.5536E-02   656
 8.0000E-02 3.0101E-01 2.7188E+00 1.5363E+00 1.1825E+00  6.5253E-01 6.1571E-01 2.5390E-02   656
 8.0000E-02 3.0203E-01 2.7141E+00 1.5375E+00 1.1767E+00  6.5213E-01 6.1454E-01 2.5226E-02   656
 8.0000E-02 3.0305E-01 2.7092E+00 1.5385E+00 1.1708E+00  6.5173E-01 6.1335E-01 2.5043E-02   656
 8.0000E-02 3.0408E-01 2.7041E+00 1.5394E+00 1.1647E+00  6.5133E-01 6.1214E-01 2.4842E-02   656
 8.0000E-02 3.0512E-01 2.6989E+00 1.5403E+00 1.1586E+00  6.5092E-01 6.1091E-01 2.4622E-02   656
 8.0000E-02 3.0616E-01 2.6934E+00 1.5411E+00 1.1524E+00  6.5050E-01 6.0967E-01 2.4385E-02   656
 8.0000E-02 3.0722E-01 2.6878E+00 1.5417E+00 1.1460E+00  6.5008E-01 6.0840E-01 2.4129E-02   656
 8.0000E-02 3.0828E-01 2.6820E+00 1.5423E+00 1.1397E+00  6.4964E-01 6.0712E-01 2.3858E-02   656
 8.0000E-02 3.0934E-01 2.6762E+00 1.5428E+00 1.1334E+00  6.4917E-01 6.0580E-01 2.3581E-02   656
 8.0000E-02 3.1042E-01 2.6703E+00 1.5432E+00 1.1271E+00  6.4866E-01 6.0446E-01 2.3292E-02   656
 8.0000E-02 3.1150E-01 2.6643E+00 1.5435E+00 1.1208E+00  6.4813E-01 6.0309E-01 2.2991E-02   656
 8.0000E-02 3.1259E-01 2.6581E+00 1.5437E+00 1.1145E+00  6.4757E-01 6.0170E-01 2.2680E-02   656
 8.0000E-02 3.1368E-01 2.6518E+00 1.5437E+00 1.1081E+00  6.4698E-01 6.0029E-01 2.2359E-02   656
 8.0000E-02 3.1479E-01 2.6454E+00 1.5437E+00 1.1017E+00  6.4636E-01 5.9884E-01 2.2028E-02   656
 8.0000E-02 3.1590E-01 2.6388E+00 1.5435E+00 1.0953E+00  6.4570E-01 5.9737E-01 2.1688E-02   656
 8.0000E-02 3.1702E-01 2.6320E+00 1.5432E+00 1.0889E+00  6.4500E-01 5.9588E-01 2.1341E-02   656
 8.0000E-02 3.1815E-01 2.6250E+00 1.5427E+00 1.0824E+00  6.4425E-01 5.9435E-01 2.0986E-02   656
 8.0000E-02 3.1929E-01 2.6179E+00 1.5421E+00 1.0758E+00  6.4345E-01 5.9279E-01 2.0627E-02   656
 8.0000E-02 3.2043E-01 2.6106E+00 1.5414E+00 1.0693E+00  6.4260E-01 5.9121E-01 2.0265E-02   656
 8.0000E-02 3.2158E-01 2.6033E+00 1.5405E+00 1.0628E+00  6.4169E-01 5.8959E-01 1.9900E-02   657
 8.0000E-02 3.2274E-01 2.5957E+00 1.5394E+00 1.0563E+00  6.4073E-01 5.8795E-01 1.9534E-02   657
 8.0000E-02 3.2391E-01 2.5881E+00 1.5382E+00 1.0499E+00  6.3979E-01 5.8639E-01 1.9169E-02   602
 8.0000E-02 3.2509E-01 2.5803E+00 1.5368E+00 1.0435E+00  6.3869E-01 5.8470E-01 1.8804E-02   602
 8.0000E-02 3.2628E-01 2.5724E+00 1.5352E+00 1.0372E+00  6.3753E-01 5.8297E-01 1.8441E-02   602
 8.0000E-02 3.2747E-01 2.5640E+00 1.5333E+00 1.0307E+00  6.3631E-01 5.8122E-01 1.8076E-02   602
 8.0000E-02 3.2868E-01 2.5557E+00 1.5312E+00 1.0245E+00  6.3500E-01 5.7944E-01 1.7721E-02   602
 8.0000E-02 3.2989E-01 2.5475E+00 1.5290E+00 1.0185E+00  6.3360E-01 5.7763E-01 1.7378E-02   602
 8.0000E-02 3.3111E-01 2.5394E+00 1.5266E+00 1.0129E+00  6.3211E-01 5.7580E-01 1.7049E-02   602
 8.0000E-02 3.3234E-01 2.5316E+00 1.5240E+00 1.0076E+00  6.3053E-01 5.7394E-01 1.6735E-02   603
 8.0000E-02 3.3358E-01 2.5239E+00 1.5213E+00 1.0026E+00  6.2884E-01 5.7205E-01 1.6438E-02   603
 8.0000E-02 3.3483E-01 2.5164E+00 1.5183E+00 9.9812E-01  6.2706E-01 5.7014E-01 1.6159E-02   603
 8.0000E-02 3.3609E-01 2.5096E+00 1.5153E+00 9.9437E-01  6.2514E-01 5.6820E-01 1.5911E-02   603
 8.0000E-02 3.3736E-01 2.5037E+00 1.5122E+00 9.9155E-01  6.2308E-01 5.6623E-01 1.5697E-02   604
 8.0000E-02 3.3864E-01 2.4984E+00 1.5090E+00 9.8938E-01  6.2092E-01 5.6424E-01 1.5509E-02   604
 8.0000E-02 3.3992E-01 2.4937E+00 1.5057E+00 9.8792E-01  6.1864E-01 5.6224E-01 1.5348E-02   604
 8.0000E-02 3.4122E-01 2.4896E+00 1.5024E+00 9.8720E-01  6.1625E-01 5.6022E-01 1.5215E-02   604
 8.0000E-02 3.4253E-01 2.4863E+00 1.4991E+00 9.8726E-01  6.1374E-01 5.5818E-01 1.5112E-02   604
 8.0000E-02 3.4385E-01 2.4837E+00 1.4956E+00 9.8813E-01  6.1112E-01 5.5613E-01 1.5039E-02   604
 8.0000E-02 3.4517E-01 2.4821E+00 1.4922E+00 9.8988E-01  6.0839E-01 5.5406E-01 1.5000E-02   604
 8.0000E-02 3.4651E-01 2.4814E+00 1.4889E+00 9.9246E-01  6.0558E-01 5.5201E-01 1.4987E-02   605
 8.0000E-02 3.4786E-01 2.4814E+00 1.4856E+00 9.9579E-01  6.0266E-01 5.4994E-01 1.5005E-02   605
 8.0000E-02 3.4922E-01 2.4822E+00 1.4824E+00 9.9989E-01  5.9965E-01 5.4787E-01 1.5051E-02   605
 8.0000E-02 3.5059E-01 2.4839E+00 1.4791E+00 1.0048E+00  5.9655E-01 5.4579E-01 1.5128E-02   605
 8.0000E-02 3.5197E-01 2.4863E+00 1.4758E+00 1.0105E+00  5.9335E-01 5.4371E-01 1.5236E-02   605
 8.0000E-02 3.5336E-01 2.4897E+00 1.4726E+00 1.0171E+00  5.9007E-01 5.4163E-01 1.5376E-02   606
 8.0000E-02 3.5476E-01 2.4937E+00 1.4694E+00 1.0243E+00  5.8672E-01 5.3956E-01 1.5539E-02   606
 8.0000E-02 3.5618E-01 2.4984E+00 1.4662E+00 1.0322E+00  5.8330E-01 5.3749E-01 1.5729E-02   606
 8.0000E-02 3.5760E-01 2.5038E+00 1.4631E+00 1.0408E+00  5.7990E-01 5.3554E-01 1.5950E-02   551
 8.0000E-02 3.5904E-01 2.5101E+00 1.4599E+00 1.0502E+00  5.7632E-01 5.3348E-01 1.6201E-02   551
 8.0000E-02 3.6048E-01 2.5171E+00 1.4567E+00 1.0604E+00  5.7268E-01 5.3142E-01 1.6485E-02   551
 8.0000E-02 3.6194E-01 2.5250E+00 1.4536E+00 1.0714E+00  5.6896E-01 5.2937E-01 1.6803E-02   551
 8.0000E-02 3.6341E-01 2.5336E+00 1.4504E+00 1.0832E+00  5.6517E-01 5.2732E-01 1.7154E-02   551
 8.0000E-02 3.6490E-01 2.5430E+00 1.4472E+00 1.0958E+00  5.6129E-01 5.2528E-01 1.7540E-02   551
 8.0000E-02 3.6639E-01 2.5532E+00 1.4439E+00 1.1093E+00  5.5736E-01 5.2324E-01 1.7964E-02   551
 8.0000E-02 3.6790E-01 2.5643E+00 1.4407E+00 1.1236E+00  5.5338E-01 5.2123E-01 1.8425E-02   551
 8.0000E-02 3.6942E-01 2.5763E+00 1.4376E+00 1.1388E+00  5.4935E-01 5.1923E-01 1.8925E-02   551
 8.0000E-02 3.7095E-01 2.5893E+00 1.4344E+00 1.1549E+00  5.4527E-01 5.1724E-01 1.9468E-02   551
 8.0000E-02 3.7250E-01 2.6034E+00 1.4313E+00 1.1721E+00  5.4115E-01 5.1527E-01 2.0053E-02   551
 8.0000E-02 3.7406E-01 2.6187E+00 1.4283E+00 1.1904E+00  5.3700E-01 5.1333E-01 2.0688E-02   552
 8.0000E-02 3.7563E-01 2.6350E+00 1.4254E+00 1.2096E+00  5.3283E-01 5.1141E-01 2.1365E-02   552
 8.0000E-02 3.7722E-01 2.6525E+00 1.4226E+00 1.2299E+00  5.2865E-01 5.0952E-01 2.2086E-02   552
 8.0000E-02 3.7881E-01 2.6712E+00 1.4200E+00 1.2512E+00  5.2448E-01 5.0766E-01 2.2852E-02   552
 8.0000E-02 3.8043E-01 2.6912E+00 1.4176E+00 1.2736E+00  5.2032E-01 5.0583E-01 2.3664E-02   552
 8.0000E-02 3.8205E-01 2.7125E+00 1.4154E+00 1.2971E+00  5.1618E-01 5.0403E-01 2.4523E-02   552
 8.0000E-02 3.8369E-01 2.7352E+00 1.4135E+00 1.3217E+00  5.1210E-01 5.0227E-01 2.5421E-02   552
 8.0000E-02 3.8534E-01 2.7592E+00 1.4118E+00 1.3474E+00  5.0805E-01 5.0054E-01 2.6364E-02   552
 8.0000E-02 3.8701E-01 2.7847E+00 1.4105E+00 1.3742E+00  5.0406E-01 4.9885E-01 2.7347E-02   552
 8.0000E-02 3.8870E-01 2.8116E+00 1.4095E+00 1.4021E+00  5.0013E-01 4.9720E-01 2.8373E-02   552
 8.0000E-02 3.9039E-01 2.8401E+00 1.4088E+00 1.4313E+00  4.9627E-01 4.9558E-01 2.9442E-02   552
 8.0000E-02 3.9211E-01 2.8701E+00 1.4086E+00 1.4614E+00  4.9250E-01 4.9399E-01 3.0543E-02   552
 8.0000E-02 3.9383E-01 2.9016E+00 1.4088E+00 1.4927E+00  4.8882E-01 4.9244E-01 3.1678E-02   552
 8.0000E-02 3.9558E-01 2.9347E+00 1.4095E+00 1.5252E+00  4.8523E-01 4.9092E-01 3.2846E-02   552
 8.0000E-02 3.9733E-01 2.9695E+00 1.4107E+00 1.5588E+00  4.8174E-01 4.8943E-01 3.4044E-02   552
 8.0000E-02 3.9911E-01 3.0060E+00 1.4124E+00 1.5937E+00  4.7836E-01 4.8796E-01 3.5271E-02   552
 8.0000E-02 4.0090E-01 3.0443E+00 1.4146E+00 1.6297E+00  4.7521E-01 4.8666E-01 3.6518E-02   499
 8.0000E-02 4.0270E-01 3.0843E+00 1.4174E+00 1.6669E+00  4.7206E-01 4.8524E-01 3.7777E-02   499
 8.0000E-02 4.0452E-01 3.1261E+00 1.4208E+00 1.7053E+00  4.6905E-01 4.8384E-01 3.9042E-02   499
 8.0000E-02 4.0636E-01 3.1698E+00 1.4249E+00 1.7449E+00  4.6617E-01 4.8246E-01 4.0305E-02   499
 8.0000E-02 4.0822E-01 3.2155E+00 1.4297E+00 1.7858E+00  4.6344E-01 4.8108E-01 4.1552E-02   499
 8.0000E-02 4.1009E-01 3.2631E+00 1.4351E+00 1.8279E+00  4.6087E-01 4.7970E-01 4.2765E-02   499
 8.0000E-02 4.1198E-01 3.3126E+00 1.4413E+00 1.8713E+00  4.5846E-01 4.7831E-01 4.3927E-02   499
 8.0000E-02 4.1389E-01 3.3642E+00 1.4482E+00 1.9160E+00  4.5623E-01 4.7691E-01 4.5016E-02   499
 8.0000E-02 4.1581E-01 3.4179E+00 1.4559E+00 1.9620E+00  4.5417E-01 4.7549E-01 4.6013E-02   500
 8.0000E-02 4.1776E-01 3.4738E+00 1.4644E+00 2.0094E+00  4.5231E-01 4.7403E-01 4.6888E-02   500
 8.0000E-02 4.1972E-01 3.5319E+00 1.4737E+00 2.0582E+00  4.5063E-01 4.7253E-01 4.7617E-02   501
 8.0000E-02 4.2170E-01 3.5921E+00 1.4838E+00 2.1083E+00  4.4913E-01 4.7097E-01 4.8171E-02   501
 8.0000E-02 4.2370E-01 3.6545E+00 1.4946E+00 2.1599E+00  4.4779E-01 4.6933E-01 4.8528E-02   501
 8.0000E-02 4.2571E-01 3.7189E+00 1.5061E+00 2.2129E+00  4.4660E-01 4.6762E-01 4.8661E-02   501
 8.0000E-02 4.2775E-01 3.7853E+00 1.5181E+00 2.2671E+00  4.4551E-01 4.6580E-01 4.8548E-02   501
 8.0000E-02 4.2981E-01 3.8531E+00 1.5306E+00 2.3225E+00  4.4448E-01 4.6387E-01 4.8168E-02   501
 8.0000E-02 4.3188E-01 3.9220E+00 1.5433E+00 2.3787E+00  4.4349E-01 4.6182E-01 4.7505E-02   501
 8.0000E-02 4.3398E-01 3.9915E+00 1.5561E+00 2.4354E+00  4.4247E-01 4.5964E-01 4.6551E-02   501
 8.0000E-02 4.3610E-01 4.0611E+00 1.5687E+00 2.4924E+00  4.4139E-01 4.5734E-01 4.5296E-02   501
 8.0000E-02 4.3824E-01 4.1301E+00 1.5810E+00 2.5491E+00  4.4021E-01 4.5490E-01 4.3740E-02   501
 8.0000E-02 4.4039E-01 4.1979E+00 1.5928E+00 2.6052E+00  4.3890E-01 4.5236E-01 4.1906E-02   501
 8.0000E-02 4.4257E-01 4.2643E+00 1.6040E+00 2.6604E+00  4.3745E-01 4.4972E-01 3.9807E-02   501
 8.0000E-02 4.4478E-01 4.3288E+00 1.6145E+00 2.7143E+00  4.3584E-01 4.4700E-01 3.7474E-02   501
 8.0000E-02 4.4700E-01 4.3912E+00 1.6244E+00 2.7668E+00  4.3407E-01 4.4423E-01 3.4947E-02   501
 8.0000E-02 4.4925E-01 4.4514E+00 1.6338E+00 2.8177E+00  4.3214E-01 4.4143E-01 3.2279E-02   501
 8.0000E-02 4.5152E-01 4.5096E+00 1.6426E+00 2.8670E+00  4.3006E-01 4.3863E-01 2.9509E-02   501
 8.0000E-02 4.5381E-01 4.5656E+00 1.6511E+00 2.9145E+00  4.2783E-01 4.3583E-01 2.6700E-02   501
 8.0000E-02 4.5612E-01 4.6195E+00 1.6594E+00 2.9601E+00  4.2559E-01 4.3320E-01 2.3891E-02   452
 8.0000E-02 4.5846E-01 4.6713E+00 1.6674E+00 3.0038E+00  4.2306E-01 4.3047E-01 2.1154E-02   452
 8.0000E-02 4.6082E-01 4.7205E+00 1.6752E+00 3.0453E+00  4.2034E-01 4.2779E-01 1.8546E-02   452
 8.0000E-02 4.6321E-01 4.7666E+00 1.6826E+00 3.0841E+00  4.1742E-01 4.2517E-01 1.6134E-02   452
 8.0000E-02 4.6563E-01 4.8094E+00 1.6894E+00 3.1199E+00  4.1426E-01 4.2260E-01 1.3983E-02   452
 8.0000E-02 4.6806E-01 4.8484E+00 1.6956E+00 3.1528E+00  4.1085E-01 4.2011E-01 1.2162E-02   452
 8.0000E-02 4.7053E-01 4.8834E+00 1.7009E+00 3.1825E+00  4.0717E-01 4.1769E-01 1.0723E-02   452
 8.0000E-02 4.7302E-01 4.9142E+00 1.7053E+00 3.2089E+00  4.0321E-01 4.1535E-01 9.7107E-03   452
 8.0000E-02 4.7553E-01 4.9407E+00 1.7085E+00 3.2323E+00  3.9896E-01 4.1309E-01 9.1595E-03   452
 8.0000E-02 4.7807E-01 4.9631E+00 1.7103E+00 3.2528E+00  3.9442E-01 4.1091E-01 9.0964E-03   452
 8.0000E-02 4.8065E-01 4.9810E+00 1.7106E+00 3.2704E+00  3.8955E-01 4.0881E-01 9.5540E-03   452
 8.0000E-02 4.8324E-01 4.9943E+00 1.7091E+00 3.2852E+00  3.8435E-01 4.0678E-01 1.0560E-02   452
 8.0000E-02 4.8587E-01 5.0035E+00 1.7058E+00 3.2977E+00  3.7881E-01 4.0483E-01 1.2128E-02   452
 8.0000E-02 4.8852E-01 5.0082E+00 1.7004E+00 3.3078E+00  3.7289E-01 4.0296E-01 1.4281E-02   452
 8.0000E-02 4.9121E-01 5.0090E+00 1.6928E+00 3.3162E+00  3.6663E-01 4.0117E-01 1.7019E-02   452
 8.0000E-02 4.9392E-01 5.0064E+00 1.6830E+00 3.3234E+00  3.6001E-01 3.9946E-01 2.0344E-02   452
 8.0000E-02 4.9667E-01 5.0011E+00 1.6708E+00 3.3303E+00  3.5304E-01 3.9783E-01 2.4258E-02   452
 8.0000E-02 4.9944E-01 4.9935E+00 1.6559E+00 3.3375E+00  3.4572E-01 3.9628E-01 2.8770E-02   452
 8.0000E-02 5.0225E-01 4.9843E+00 1.6382E+00 3.3460E+00  3.3804E-01 3.9481E-01 3.3897E-02   452
 8.0000E-02 5.0508E-01 4.9737E+00 1.6175E+00 3.3562E+00  3.2996E-01 3.9341E-01 3.9680E-02   452
 8.0000E-02 5.0795E-01 4.9616E+00 1.5932E+00 3.3684E+00  3.2146E-01 3.9206E-01 4.6159E-02   452
 8.0000E-02 5.1086E-01 4.9477E+00 1.5653E+00 3.3824E+00  3.1249E-01 3.9078E-01 5.3382E-02   452
 8.0000E-02 5.1379E-01 4.9309E+00 1.5335E+00 3.3975E+00  3.0301E-01 3.8955E-01 6.1383E-02   453
 8.0000E-02 5.1676E-01 4.9104E+00 1.4978E+00 3.4125E+00  2.9299E-01 3.8838E-01 7.0163E-02   453
 8.0000E-02 5.1977E-01 4.8849E+00 1.4586E+00 3.4263E+00  2.8244E-01 3.8726E-01 7.9688E-02   453
 8.0000E-02 5.2281E-01 4.8535E+00 1.4161E+00 3.4374E+00  2.7136E-01 3.8621E-01 8.9892E-02   453
 8.0000E-02 5.2588E-01 4.8159E+00 1.3712E+00 3.4447E+00  2.5982E-01 3.8522E-01 1.0067E-01   453
 8.0000E-02 5.2899E-01 4.7720E+00 1.3244E+00 3.4476E+00  2.4798E-01 3.8443E-01 1.1194E-01   407
 8.0000E-02 5.3214E-01 4.7224E+00 1.2765E+00 3.4459E+00  2.3565E-01 3.8361E-01 1.2363E-01   407
 8.0000E-02 5.3533E-01 4.6680E+00 1.2279E+00 3.4401E+00  2.2297E-01 3.8290E-01 1.3573E-01   407
 8.0000E-02 5.3855E-01 4.6102E+00 1.1794E+00 3.4308E+00  2.1003E-01 3.8233E-01 1.4818E-01   407
 8.0000E-02 5.4182E-01 4.5514E+00 1.1321E+00 3.4193E+00  1.9699E-01 3.8194E-01 1.6086E-01   407
 8.0000E-02 5.4512E-01 4.4939E+00 1.0873E+00 3.4066E+00  1.8408E-01 3.8175E-01 1.7353E-01   407
 8.0000E-02 5.4847E-01 4.4394E+00 1.0460E+00 3.3934E+00  1.7154E-01 3.8174E-01 1.8596E-01   408
 8.0000E-02 5.5185E-01 4.3892E+00 1.0092E+00 3.3800E+00  1.5957E-01 3.8190E-01 1.9790E-01   408
 8.0000E-02 5.5528E-01 4.3434E+00 9.7720E-01 3.3662E+00  1.4828E-01 3.8218E-01 2.0912E-01   408
 8.0000E-02 5.5875E-01 4.3016E+00 9.5043E-01 3.3512E+00  1.3776E-01 3.8255E-01 2.1946E-01   408
 8.0000E-02 5.6226E-01 4.2629E+00 9.2898E-01 3.3340E+00  1.2800E-01 3.8296E-01 2.2878E-01   408
 8.0000E-02 5.6582E-01 4.2261E+00 9.1300E-01 3.3131E+00  1.1896E-01 3.8341E-01 2.3702E-01   408
 8.0000E-02 5.6943E-01 4.1906E+00 9.0290E-01 3.2877E+00  1.1062E-01 3.8387E-01 2.4409E-01   408
 8.0000E-02 5.7308E-01 4.1561E+00 8.9876E-01 3.2573E+00  1.0294E-01 3.8433E-01 2.5000E-01   408
 8.0000E-02 5.7677E-01 4.1233E+00 9.0042E-01 3.2229E+00  9.5922E-02 3.8480E-01 2.5483E-01   408
 8.0000E-02 5.8052E-01 4.0927E+00 9.0742E-01 3.1853E+00  8.9538E-02 3.8528E-01 2.5864E-01   408
 8.0000E-02 5.8431E-01 4.0638E+00 9.1937E-01 3.1444E+00  8.3737E-02 3.8574E-01 2.6150E-01   408
 8.0000E-02 5.8816E-01 4.0360E+00 9.3588E-01 3.1002E+00  7.8441E-02 3.8619E-01 2.6350E-01   408
 8.0000E-02 5.9205E-01 4.0098E+00 9.5633E-01 3.0535E+00  7.3560E-02 3.8662E-01 2.6484E-01   408
 8.0000E-02 5.9600E-01 3.9874E+00 9.7940E-01 3.0080E+00  6.8990E-02 3.8706E-01 2.6603E-01   408
 8.0000E-02 6.0000E-01 3.9732E+00 1.0028E+00 2.9704E+00  6.4638E-02 3.8755E-01 2.6787E-01   408
