 DDSCAT --- DDSCAT 7.3.3 [22.01.20]   
 TARGET --->TARGSPHER  spherical target with explicit spacing                 
 GPFAFT --- method of solution 
 FLTRCD --- prescription for polarizabilities
 FROM_FILE --- shape 
    4169 = NAT0 = number of dipoles
 ../../diel/Pena-Rioux_dielectric_26Au_74Ag                  
 ../../diel/Pena-Rioux_dielectric_34Au_66Ag                  
 ../../diel/Pena-Rioux_dielectric_52Au_48Ag                  
 ../../diel/Pena-Rioux_dielectric_92Au_8Ag                   
   0.000   0.000 = beta_min, beta_max ;  NBETA = 1
   0.000   0.000 = theta_min, theta_max; NTHETA= 1
   0.000   0.000 = phi_min, phi_max   ;   NPHI = 1
 Results averaged over    1 target orientations
                   and  2 incident polarizations
   aeff       wave       Q_pha       Q_pol       Q_cpol
 8.0000E-02 3.0000E-01 -1.9781E-01 -1.9073E-06  2.3842E-07
 8.0000E-02 3.0101E-01 -1.9671E-01 -9.5367E-07 -4.9174E-07
 8.0000E-02 3.0203E-01 -1.9571E-01  3.3379E-06  0.0000E+00
 8.0000E-02 3.0305E-01 -1.9484E-01 -2.8610E-06  8.9407E-08
 8.0000E-02 3.0408E-01 -1.9409E-01  1.1206E-05  8.7917E-07
 8.0000E-02 3.0512E-01 -1.9347E-01 -6.6757E-06 -1.4901E-08
 8.0000E-02 3.0616E-01 -1.9298E-01  4.2915E-06 -7.4506E-08
 8.0000E-02 3.0722E-01 -1.9263E-01 -2.3842E-07 -1.9372E-07
 8.0000E-02 3.0828E-01 -1.9244E-01  5.2452E-06  1.7881E-07
 8.0000E-02 3.0934E-01 -1.9243E-01  3.8147E-06  5.0664E-07
 8.0000E-02 3.1042E-01 -1.9257E-01  2.6226E-06 -2.9802E-07
 8.0000E-02 3.1150E-01 -1.9286E-01  4.5300E-06  5.0664E-07
 8.0000E-02 3.1259E-01 -1.9331E-01  7.1526E-07  2.8312E-07
 8.0000E-02 3.1368E-01 -1.9392E-01 -7.1526E-07 -1.4901E-07
 8.0000E-02 3.1479E-01 -1.9471E-01  1.9073E-06  2.3842E-07
 8.0000E-02 3.1590E-01 -1.9569E-01 -2.1458E-06 -3.5763E-07
 8.0000E-02 3.1702E-01 -1.9685E-01 -7.1526E-07  1.9372E-07
 8.0000E-02 3.1815E-01 -1.9807E-01  4.7684E-07 -1.9372E-07
 8.0000E-02 3.1929E-01 -1.9948E-01 -3.0994E-06  7.4506E-08
 8.0000E-02 3.2043E-01 -2.0113E-01  4.0531E-06 -6.4075E-07
 8.0000E-02 3.2158E-01 -2.0302E-01  3.3379E-06 -1.0431E-07
 8.0000E-02 3.2274E-01 -2.0518E-01  9.0599E-06  4.4703E-08
 8.0000E-02 3.2391E-01 -2.0760E-01  1.4305E-06  7.4506E-08
 8.0000E-02 3.2509E-01 -2.1032E-01 -1.6689E-06  1.7881E-07
 8.0000E-02 3.2628E-01 -2.1333E-01  7.1526E-06 -3.2783E-07
 8.0000E-02 3.2747E-01 -2.1690E-01 -2.8610E-06 -7.4506E-08
 8.0000E-02 3.2868E-01 -2.2084E-01  3.3379E-06  1.3411E-07
 8.0000E-02 3.2989E-01 -2.2517E-01  7.3910E-06 -2.9802E-08
 8.0000E-02 3.3111E-01 -2.2988E-01 -3.3379E-06 -1.1921E-07
 8.0000E-02 3.3234E-01 -2.3501E-01 -4.5300E-06 -3.2783E-07
 8.0000E-02 3.3358E-01 -2.4056E-01 -1.4305E-06  1.3411E-07
 8.0000E-02 3.3483E-01 -2.4655E-01 -6.1989E-06 -1.3411E-07
 8.0000E-02 3.3609E-01 -2.5307E-01  7.3910E-06  3.5763E-07
 8.0000E-02 3.3736E-01 -2.6006E-01  4.7684E-06  1.4901E-07
 8.0000E-02 3.3864E-01 -2.6738E-01  9.5367E-07  1.4901E-07
 8.0000E-02 3.3992E-01 -2.7505E-01 -3.0994E-06 -3.5763E-07
 8.0000E-02 3.4122E-01 -2.8307E-01 -2.3842E-06  1.4901E-07
 8.0000E-02 3.4253E-01 -2.9143E-01 -7.8678E-06 -3.5763E-07
 8.0000E-02 3.4385E-01 -3.0013E-01 -7.8678E-06 -8.3447E-07
 8.0000E-02 3.4517E-01 -3.0907E-01 -6.4373E-06 -4.1723E-07
 8.0000E-02 3.4651E-01 -3.1808E-01  6.6757E-06 -4.7684E-07
 8.0000E-02 3.4786E-01 -3.2727E-01 -3.0994E-06  7.7486E-07
 8.0000E-02 3.4922E-01 -3.3664E-01  2.3842E-07 -2.0862E-07
 8.0000E-02 3.5059E-01 -3.4619E-01  1.4305E-06 -2.6822E-07
 8.0000E-02 3.5197E-01 -3.5590E-01 -5.9605E-06 -3.8743E-07
 8.0000E-02 3.5336E-01 -3.6578E-01  2.3842E-07 -2.9802E-08
 8.0000E-02 3.5476E-01 -3.7571E-01  9.5367E-07  0.0000E+00
 8.0000E-02 3.5618E-01 -3.8573E-01 -2.3842E-06 -4.4703E-07
 8.0000E-02 3.5760E-01 -3.9586E-01  1.6689E-06  8.9407E-08
 8.0000E-02 3.5904E-01 -4.0611E-01 -7.8678E-06 -2.3842E-07
 8.0000E-02 3.6048E-01 -4.1648E-01  9.5367E-07  5.3644E-07
 8.0000E-02 3.6194E-01 -4.2696E-01  2.3842E-06 -1.4603E-06
 8.0000E-02 3.6341E-01 -4.3759E-01  2.6226E-06 -3.8743E-07
 8.0000E-02 3.6490E-01 -4.4839E-01  2.8610E-06 -6.2585E-07
 8.0000E-02 3.6639E-01 -4.5930E-01  2.3842E-07 -2.8312E-06
 8.0000E-02 3.6790E-01 -4.7032E-01  9.5367E-07  8.9407E-08
 8.0000E-02 3.6942E-01 -4.8146E-01  1.6689E-06 -1.2219E-06
 8.0000E-02 3.7095E-01 -4.9272E-01  8.5831E-06  1.8477E-06
 8.0000E-02 3.7250E-01 -5.0412E-01 -4.0531E-06 -1.0729E-06
 8.0000E-02 3.7406E-01 -5.1565E-01  1.4305E-06 -1.1921E-06
 8.0000E-02 3.7563E-01 -5.2724E-01 -3.5763E-06  5.3644E-07
 8.0000E-02 3.7722E-01 -5.3889E-01  2.8610E-06  2.9802E-07
 8.0000E-02 3.7881E-01 -5.5060E-01  8.5831E-06 -8.1658E-06
 8.0000E-02 3.8043E-01 -5.6236E-01 -2.1458E-06  1.4901E-06
 8.0000E-02 3.8205E-01 -5.7412E-01 -1.9073E-06  5.9605E-08
 8.0000E-02 3.8369E-01 -5.8582E-01 -3.0994E-06  5.3644E-07
 8.0000E-02 3.8534E-01 -5.9746E-01 -5.0068E-06  4.1723E-07
 8.0000E-02 3.8701E-01 -6.0905E-01  1.0729E-05 -8.3447E-07
 8.0000E-02 3.8870E-01 -6.2056E-01 -1.2875E-05  5.4836E-06
 8.0000E-02 3.9039E-01 -6.3196E-01 -3.3379E-06 -7.3314E-06
 8.0000E-02 3.9211E-01 -6.4315E-01  1.5974E-05  7.6294E-06
 8.0000E-02 3.9383E-01 -6.5417E-01  6.4373E-06  3.5763E-07
 8.0000E-02 3.9558E-01 -6.6497E-01  7.6294E-06 -1.0133E-06
 8.0000E-02 3.9733E-01 -6.7552E-01  9.5367E-07  4.1723E-07
 8.0000E-02 3.9911E-01 -6.8577E-01  1.8358E-05 -8.7023E-06
 8.0000E-02 4.0090E-01 -6.9567E-01 -2.6226E-06  2.3246E-06
 8.0000E-02 4.0270E-01 -7.0520E-01  1.7405E-05  0.0000E+00
 8.0000E-02 4.0452E-01 -7.1429E-01 -6.4373E-06 -4.9472E-06
 8.0000E-02 4.0636E-01 -7.2290E-01 -3.3379E-06 -5.3644E-07
 8.0000E-02 4.0822E-01 -7.3095E-01  1.4305E-06  2.5034E-06
 8.0000E-02 4.1009E-01 -7.3841E-01  1.0252E-05 -1.5497E-06
 8.0000E-02 4.1198E-01 -7.4521E-01 -1.6689E-06 -2.9206E-06
 8.0000E-02 4.1389E-01 -7.5127E-01  1.4067E-05  8.1062E-06
 8.0000E-02 4.1581E-01 -7.5647E-01  1.0014E-05  6.6161E-06
 8.0000E-02 4.1776E-01 -7.6074E-01  2.6226E-06 -1.9670E-06
 8.0000E-02 4.1972E-01 -7.6392E-01  1.0490E-05 -3.3379E-06
 8.0000E-02 4.2170E-01 -7.6590E-01 -8.3447E-06  1.7285E-06
 8.0000E-02 4.2370E-01 -7.6651E-01  1.2875E-05  7.1526E-07
 8.0000E-02 4.2571E-01 -7.6552E-01  4.7684E-06  1.2696E-05
 8.0000E-02 4.2775E-01 -7.6273E-01 -8.5831E-06  3.7551E-06
 8.0000E-02 4.2981E-01 -7.5795E-01  1.8597E-05 -1.3590E-05
 8.0000E-02 4.3188E-01 -7.5105E-01 -4.7684E-07 -4.5300E-06
 8.0000E-02 4.3398E-01 -7.4189E-01  1.1921E-06 -6.6757E-06
 8.0000E-02 4.3610E-01 -7.3038E-01 -2.8610E-06  1.1921E-06
 8.0000E-02 4.3824E-01 -7.1654E-01  5.2452E-06  1.1921E-07
 8.0000E-02 4.4039E-01 -7.0050E-01 -4.7684E-06 -3.6955E-06
 8.0000E-02 4.4257E-01 -6.8237E-01  3.0518E-05  1.9670E-06
 8.0000E-02 4.4478E-01 -6.6226E-01  4.3392E-05  8.5235E-06
 8.0000E-02 4.4700E-01 -6.4040E-01 -7.6294E-06  3.9339E-06
 8.0000E-02 4.4925E-01 -6.1700E-01 -1.3828E-05  1.4305E-06
 8.0000E-02 4.5152E-01 -5.9208E-01  1.7643E-05  1.6272E-05
 8.0000E-02 4.5381E-01 -5.6573E-01  5.7220E-06  2.2650E-06
 8.0000E-02 4.5612E-01 -5.3788E-01 -1.0490E-05 -1.5497E-06
 8.0000E-02 4.5846E-01 -5.0856E-01 -2.0027E-05 -9.7156E-06
 8.0000E-02 4.6082E-01 -4.7768E-01  1.8120E-05 -1.0073E-05
 8.0000E-02 4.6321E-01 -4.4523E-01  6.6757E-06 -1.4216E-05
 8.0000E-02 4.6563E-01 -4.1131E-01  3.0041E-05  1.3471E-05
 8.0000E-02 4.6806E-01 -3.7615E-01 -1.6212E-05 -4.9472E-06
 8.0000E-02 4.7053E-01 -3.3992E-01  2.1458E-05 -4.0531E-06
 8.0000E-02 4.7302E-01 -3.0283E-01 -8.5831E-06  1.7583E-06
 8.0000E-02 4.7553E-01 -2.6513E-01  0.0000E+00  7.1228E-06
 8.0000E-02 4.7807E-01 -2.2690E-01 -4.0531E-05 -5.3942E-06
 8.0000E-02 4.8065E-01 -1.8836E-01  4.4346E-05 -1.7583E-06
 8.0000E-02 4.8324E-01 -1.4977E-01 -4.7684E-07 -4.8578E-06
 8.0000E-02 4.8587E-01 -1.1128E-01 -4.7684E-07 -3.2522E-05
 8.0000E-02 4.8852E-01 -7.3193E-02  2.8610E-06 -1.9126E-05
 8.0000E-02 4.9121E-01 -3.5857E-02  0.0000E+00 -3.3528E-06
 8.0000E-02 4.9392E-01  6.4936E-04  1.5736E-05 -1.7767E-05
 8.0000E-02 4.9667E-01  3.6220E-02  8.1062E-06  1.4305E-06
 8.0000E-02 4.9944E-01  7.0847E-02 -2.3365E-05  9.2685E-06
 8.0000E-02 5.0225E-01  1.0474E-01  1.9073E-06  1.2778E-05
 8.0000E-02 5.0508E-01  1.3825E-01  1.0014E-05  1.1697E-05
 8.0000E-02 5.0795E-01  1.7168E-01  5.2929E-05 -1.1325E-06
 8.0000E-02 5.1086E-01  2.0538E-01  2.0504E-05  1.2070E-06
 8.0000E-02 5.1379E-01  2.3949E-01 -4.6253E-05 -4.8280E-06
 8.0000E-02 5.1676E-01  2.7399E-01 -1.5259E-05 -4.1425E-06
 8.0000E-02 5.1977E-01  3.0868E-01  0.0000E+00 -9.6858E-06
 8.0000E-02 5.2281E-01  3.4293E-01 -2.8133E-05 -2.0266E-06
 8.0000E-02 5.2588E-01  3.7609E-01 -2.5272E-05  2.0862E-07
 8.0000E-02 5.2899E-01  4.0736E-01 -1.9073E-05  9.9242E-06
 8.0000E-02 5.3214E-01  4.3595E-01  2.6703E-05  3.3855E-05
 8.0000E-02 5.3533E-01  4.6114E-01  5.6744E-05  1.8507E-05
 8.0000E-02 5.3855E-01  4.8224E-01  3.8147E-05  1.9163E-05
 8.0000E-02 5.4182E-01  4.9888E-01  6.6757E-06  1.6659E-05
 8.0000E-02 5.4512E-01  5.1127E-01  1.9073E-05 -1.6630E-05
 8.0000E-02 5.4847E-01  5.1996E-01  3.8147E-06  1.7881E-06
 8.0000E-02 5.5185E-01  5.2583E-01 -7.1526E-06 -2.7835E-05
 8.0000E-02 5.5528E-01  5.2975E-01  9.5367E-07 -2.2054E-05
 8.0000E-02 5.5875E-01  5.3247E-01 -1.5259E-05  1.3709E-06
 8.0000E-02 5.6226E-01  5.3441E-01 -1.5736E-05 -9.7156E-06
 8.0000E-02 5.6582E-01  5.3567E-01 -1.2398E-05 -4.2319E-06
 8.0000E-02 5.6943E-01  5.3591E-01 -6.7711E-05  4.7684E-07
 8.0000E-02 5.7308E-01  5.3477E-01  9.5367E-05  2.9504E-05
 8.0000E-02 5.7677E-01  5.3195E-01 -3.9577E-05 -1.2636E-05
 8.0000E-02 5.8052E-01  5.2761E-01  6.2466E-05 -6.3479E-05
 8.0000E-02 5.8431E-01  5.2170E-01 -1.1969E-04 -9.3579E-06
 8.0000E-02 5.8816E-01  5.1369E-01 -4.0054E-05 -1.7583E-05
 8.0000E-02 5.9205E-01  5.0259E-01  1.2875E-05 -2.1338E-05
 8.0000E-02 5.9600E-01  4.8714E-01  9.0599E-06  1.5259E-05
 8.0000E-02 6.0000E-01  4.6689E-01  4.4823E-05  2.6613E-05
