 DDSCAT --- DDSCAT 7.3.3 [22.01.20]   
 TARGET --->TARGSPHER  spherical target with explicit spacing                 
 GPFAFT --- method of solution 
 FLTRCD --- prescription for polarizabilities
 FROM_FILE --- shape 
    4169 = NAT0 = number of dipoles
 ../../diel/Pena-Rioux_dielectric_26Au_74Ag                  
 ../../diel/Pena-Rioux_dielectric_52Au_48Ag                  
 ../../diel/Pena-Rioux_dielectric_65Au_35Ag                  
 ../../diel/Pena-Rioux_dielectric_92Au_8Ag                   
   0.000   0.000 = beta_min, beta_max ;  NBETA = 1
   0.000   0.000 = theta_min, theta_max; NTHETA= 1
   0.000   0.000 = phi_min, phi_max   ;   NPHI = 1
 0.5000 = ETASCA (param. controlling # of scatt. dirs used to calculate <cos> etc.
 Results averaged over    1 target orientations
                   and  2 incident polarizations
   aeff       wave       Q_ext     Q_abs      Q_sca     g(1)=<cos>  <cos^2>    Q_bk       Nsca
 4.0000E-02 3.0000E-01 2.5287E+00 1.7642E+00 7.6457E-01  2.4708E-01 4.1431E-01 4.0298E-02   408
 4.0000E-02 3.0101E-01 2.5204E+00 1.7631E+00 7.5734E-01  2.4532E-01 4.1413E-01 4.0261E-02   408
 4.0000E-02 3.0203E-01 2.5121E+00 1.7620E+00 7.5008E-01  2.4357E-01 4.1395E-01 4.0213E-02   408
 4.0000E-02 3.0305E-01 2.5036E+00 1.7608E+00 7.4277E-01  2.4182E-01 4.1377E-01 4.0155E-02   408
 4.0000E-02 3.0408E-01 2.4949E+00 1.7595E+00 7.3541E-01  2.4008E-01 4.1359E-01 4.0087E-02   408
 4.0000E-02 3.0512E-01 2.4862E+00 1.7582E+00 7.2802E-01  2.3835E-01 4.1342E-01 4.0010E-02   408
 4.0000E-02 3.0616E-01 2.4774E+00 1.7568E+00 7.2059E-01  2.3662E-01 4.1325E-01 3.9922E-02   408
 4.0000E-02 3.0722E-01 2.4684E+00 1.7553E+00 7.1312E-01  2.3490E-01 4.1308E-01 3.9824E-02   408
 4.0000E-02 3.0828E-01 2.4595E+00 1.7537E+00 7.0572E-01  2.3318E-01 4.1292E-01 3.9724E-02   408
 4.0000E-02 3.0934E-01 2.4509E+00 1.7523E+00 6.9861E-01  2.3143E-01 4.1275E-01 3.9636E-02   408
 4.0000E-02 3.1042E-01 2.4423E+00 1.7508E+00 6.9148E-01  2.2969E-01 4.1258E-01 3.9540E-02   408
 4.0000E-02 3.1150E-01 2.4335E+00 1.7492E+00 6.8432E-01  2.2795E-01 4.1242E-01 3.9436E-02   408
 4.0000E-02 3.1259E-01 2.4247E+00 1.7476E+00 6.7714E-01  2.2621E-01 4.1225E-01 3.9323E-02   408
 4.0000E-02 3.1368E-01 2.4157E+00 1.7458E+00 6.6994E-01  2.2446E-01 4.1209E-01 3.9203E-02   408
 4.0000E-02 3.1479E-01 2.4066E+00 1.7439E+00 6.6272E-01  2.2282E-01 4.1209E-01 3.9075E-02   362
 4.0000E-02 3.1590E-01 2.3974E+00 1.7419E+00 6.5547E-01  2.2108E-01 4.1193E-01 3.8939E-02   362
 4.0000E-02 3.1702E-01 2.3881E+00 1.7399E+00 6.4821E-01  2.1934E-01 4.1177E-01 3.8796E-02   363
 4.0000E-02 3.1815E-01 2.3781E+00 1.7375E+00 6.4062E-01  2.1760E-01 4.1162E-01 3.8625E-02   363
 4.0000E-02 3.1929E-01 2.3678E+00 1.7349E+00 6.3295E-01  2.1587E-01 4.1147E-01 3.8442E-02   363
 4.0000E-02 3.2043E-01 2.3574E+00 1.7322E+00 6.2524E-01  2.1414E-01 4.1132E-01 3.8249E-02   363
 4.0000E-02 3.2158E-01 2.3468E+00 1.7293E+00 6.1750E-01  2.1241E-01 4.1117E-01 3.8046E-02   363
 4.0000E-02 3.2274E-01 2.3360E+00 1.7263E+00 6.0975E-01  2.1067E-01 4.1103E-01 3.7835E-02   363
 4.0000E-02 3.2391E-01 2.3250E+00 1.7231E+00 6.0197E-01  2.0893E-01 4.1088E-01 3.7616E-02   363
 4.0000E-02 3.2509E-01 2.3139E+00 1.7197E+00 5.9418E-01  2.0720E-01 4.1074E-01 3.7389E-02   363
 4.0000E-02 3.2628E-01 2.3026E+00 1.7162E+00 5.8638E-01  2.0545E-01 4.1060E-01 3.7154E-02   363
 4.0000E-02 3.2747E-01 2.2903E+00 1.7121E+00 5.7816E-01  2.0373E-01 4.1046E-01 3.6881E-02   363
 4.0000E-02 3.2868E-01 2.2781E+00 1.7080E+00 5.7015E-01  2.0199E-01 4.1032E-01 3.6615E-02   363
 4.0000E-02 3.2989E-01 2.2662E+00 1.7038E+00 5.6241E-01  2.0024E-01 4.1018E-01 3.6360E-02   363
 4.0000E-02 3.3111E-01 2.2546E+00 1.6997E+00 5.5494E-01  1.9848E-01 4.1005E-01 3.6116E-02   363
 4.0000E-02 3.3234E-01 2.2433E+00 1.6955E+00 5.4775E-01  1.9669E-01 4.0991E-01 3.5885E-02   363
 4.0000E-02 3.3358E-01 2.2322E+00 1.6914E+00 5.4085E-01  1.9490E-01 4.0977E-01 3.5668E-02   363
 4.0000E-02 3.3483E-01 2.2215E+00 1.6872E+00 5.3427E-01  1.9308E-01 4.0963E-01 3.5467E-02   363
 4.0000E-02 3.3609E-01 2.2118E+00 1.6834E+00 5.2837E-01  1.9123E-01 4.0949E-01 3.5309E-02   363
 4.0000E-02 3.3736E-01 2.2035E+00 1.6801E+00 5.2337E-01  1.8933E-01 4.0934E-01 3.5208E-02   363
 4.0000E-02 3.3864E-01 2.1961E+00 1.6772E+00 5.1894E-01  1.8740E-01 4.0919E-01 3.5145E-02   363
 4.0000E-02 3.3992E-01 2.1896E+00 1.6745E+00 5.1512E-01  1.8546E-01 4.0905E-01 3.5120E-02   363
 4.0000E-02 3.4122E-01 2.1841E+00 1.6722E+00 5.1192E-01  1.8349E-01 4.0890E-01 3.5136E-02   363
 4.0000E-02 3.4253E-01 2.1796E+00 1.6702E+00 5.0938E-01  1.8150E-01 4.0874E-01 3.5195E-02   363
 4.0000E-02 3.4385E-01 2.1761E+00 1.6686E+00 5.0750E-01  1.7949E-01 4.0859E-01 3.5300E-02   363
 4.0000E-02 3.4517E-01 2.1740E+00 1.6676E+00 5.0641E-01  1.7746E-01 4.0844E-01 3.5460E-02   363
 4.0000E-02 3.4651E-01 2.1734E+00 1.6673E+00 5.0613E-01  1.7542E-01 4.0828E-01 3.5676E-02   363
 4.0000E-02 3.4786E-01 2.1739E+00 1.6674E+00 5.0649E-01  1.7337E-01 4.0813E-01 3.5939E-02   363
 4.0000E-02 3.4922E-01 2.1755E+00 1.6680E+00 5.0751E-01  1.7132E-01 4.0797E-01 3.6250E-02   363
 4.0000E-02 3.5059E-01 2.1783E+00 1.6691E+00 5.0923E-01  1.6925E-01 4.0782E-01 3.6612E-02   363
 4.0000E-02 3.5197E-01 2.1824E+00 1.6707E+00 5.1164E-01  1.6718E-01 4.0766E-01 3.7026E-02   363
 4.0000E-02 3.5336E-01 2.1877E+00 1.6729E+00 5.1478E-01  1.6511E-01 4.0751E-01 3.7496E-02   363
 4.0000E-02 3.5476E-01 2.1943E+00 1.6757E+00 5.1859E-01  1.6304E-01 4.0735E-01 3.8019E-02   363
 4.0000E-02 3.5618E-01 2.2019E+00 1.6790E+00 5.2298E-01  1.6098E-01 4.0720E-01 3.8586E-02   363
 4.0000E-02 3.5760E-01 2.2107E+00 1.6827E+00 5.2797E-01  1.5891E-01 4.0705E-01 3.9203E-02   363
 4.0000E-02 3.5904E-01 2.2206E+00 1.6870E+00 5.3359E-01  1.5685E-01 4.0689E-01 3.9872E-02   363
 4.0000E-02 3.6048E-01 2.2317E+00 1.6918E+00 5.3986E-01  1.5479E-01 4.0674E-01 4.0594E-02   363
 4.0000E-02 3.6194E-01 2.2440E+00 1.6972E+00 5.4680E-01  1.5274E-01 4.0659E-01 4.1374E-02   363
 4.0000E-02 3.6341E-01 2.2575E+00 1.7031E+00 5.5441E-01  1.5068E-01 4.0644E-01 4.2212E-02   363
 4.0000E-02 3.6490E-01 2.2721E+00 1.7095E+00 5.6256E-01  1.4863E-01 4.0630E-01 4.3098E-02   363
 4.0000E-02 3.6639E-01 2.2877E+00 1.7164E+00 5.7128E-01  1.4658E-01 4.0615E-01 4.4036E-02   363
 4.0000E-02 3.6790E-01 2.3044E+00 1.7238E+00 5.8060E-01  1.4454E-01 4.0600E-01 4.5029E-02   363
 4.0000E-02 3.6942E-01 2.3222E+00 1.7316E+00 5.9056E-01  1.4250E-01 4.0586E-01 4.6082E-02   363
 4.0000E-02 3.7095E-01 2.3412E+00 1.7400E+00 6.0121E-01  1.4045E-01 4.0572E-01 4.7199E-02   363
 4.0000E-02 3.7250E-01 2.3615E+00 1.7490E+00 6.1251E-01  1.3840E-01 4.0557E-01 4.8379E-02   363
 4.0000E-02 3.7406E-01 2.3827E+00 1.7584E+00 6.2437E-01  1.3636E-01 4.0543E-01 4.9615E-02   363
 4.0000E-02 3.7563E-01 2.4051E+00 1.7682E+00 6.3688E-01  1.3432E-01 4.0529E-01 5.0915E-02   363
 4.0000E-02 3.7722E-01 2.4286E+00 1.7785E+00 6.5009E-01  1.3227E-01 4.0516E-01 5.2285E-02   363
 4.0000E-02 3.7881E-01 2.4534E+00 1.7894E+00 6.6399E-01  1.3022E-01 4.0502E-01 5.3726E-02   363
 4.0000E-02 3.8043E-01 2.4795E+00 1.8008E+00 6.7867E-01  1.2818E-01 4.0488E-01 5.5244E-02   363
 4.0000E-02 3.8205E-01 2.5068E+00 1.8127E+00 6.9408E-01  1.2613E-01 4.0475E-01 5.6839E-02   363
 4.0000E-02 3.8369E-01 2.5352E+00 1.8250E+00 7.1021E-01  1.2407E-01 4.0462E-01 5.8511E-02   363
 4.0000E-02 3.8534E-01 2.5651E+00 1.8379E+00 7.2721E-01  1.2202E-01 4.0449E-01 6.0271E-02   363
 4.0000E-02 3.8701E-01 2.5964E+00 1.8513E+00 7.4513E-01  1.1997E-01 4.0436E-01 6.2128E-02   363
 4.0000E-02 3.8870E-01 2.6293E+00 1.8653E+00 7.6405E-01  1.1791E-01 4.0423E-01 6.4088E-02   363
 4.0000E-02 3.9039E-01 2.6639E+00 1.8799E+00 7.8402E-01  1.1592E-01 4.0427E-01 6.6159E-02   323
 4.0000E-02 3.9211E-01 2.6999E+00 1.8949E+00 8.0502E-01  1.1385E-01 4.0415E-01 6.8339E-02   323
 4.0000E-02 3.9383E-01 2.7379E+00 1.9107E+00 8.2725E-01  1.1178E-01 4.0402E-01 7.0649E-02   323
 4.0000E-02 3.9558E-01 2.7780E+00 1.9271E+00 8.5087E-01  1.0970E-01 4.0390E-01 7.3103E-02   323
 4.0000E-02 3.9733E-01 2.8203E+00 1.9443E+00 8.7596E-01  1.0762E-01 4.0378E-01 7.5711E-02   323
 4.0000E-02 3.9911E-01 2.8650E+00 1.9624E+00 9.0257E-01  1.0554E-01 4.0366E-01 7.8481E-02   323
 4.0000E-02 4.0090E-01 2.9122E+00 1.9812E+00 9.3096E-01  1.0346E-01 4.0354E-01 8.1437E-02   323
 4.0000E-02 4.0270E-01 2.9624E+00 2.0011E+00 9.6131E-01  1.0136E-01 4.0342E-01 8.4600E-02   323
 4.0000E-02 4.0452E-01 3.0157E+00 2.0219E+00 9.9373E-01  9.9263E-02 4.0331E-01 8.7984E-02   323
 4.0000E-02 4.0636E-01 3.0723E+00 2.0439E+00 1.0284E+00  9.7149E-02 4.0319E-01 9.1610E-02   323
 4.0000E-02 4.0822E-01 3.1325E+00 2.0670E+00 1.0655E+00  9.5017E-02 4.0308E-01 9.5498E-02   323
 4.0000E-02 4.1009E-01 3.1967E+00 2.0914E+00 1.1053E+00  9.2862E-02 4.0297E-01 9.9694E-02   323
 4.0000E-02 4.1198E-01 3.2653E+00 2.1172E+00 1.1481E+00  9.0677E-02 4.0286E-01 1.0421E-01   323
 4.0000E-02 4.1389E-01 3.3382E+00 2.1443E+00 1.1939E+00  8.8455E-02 4.0275E-01 1.0908E-01   323
 4.0000E-02 4.1581E-01 3.4157E+00 2.1728E+00 1.2429E+00  8.6192E-02 4.0264E-01 1.1433E-01   323
 4.0000E-02 4.1776E-01 3.4981E+00 2.2026E+00 1.2955E+00  8.3882E-02 4.0253E-01 1.1998E-01   323
 4.0000E-02 4.1972E-01 3.5860E+00 2.2341E+00 1.3519E+00  8.1510E-02 4.0243E-01 1.2611E-01   323
 4.0000E-02 4.2170E-01 3.6790E+00 2.2669E+00 1.4121E+00  7.9080E-02 4.0232E-01 1.3270E-01   323
 4.0000E-02 4.2370E-01 3.7774E+00 2.3010E+00 1.4764E+00  7.6584E-02 4.0222E-01 1.3980E-01   323
 4.0000E-02 4.2571E-01 3.8815E+00 2.3364E+00 1.5451E+00  7.4020E-02 4.0212E-01 1.4746E-01   323
 4.0000E-02 4.2775E-01 3.9916E+00 2.3730E+00 1.6187E+00  7.1376E-02 4.0202E-01 1.5575E-01   323
 4.0000E-02 4.2981E-01 4.1077E+00 2.4107E+00 1.6970E+00  6.8649E-02 4.0192E-01 1.6467E-01   323
 4.0000E-02 4.3188E-01 4.2298E+00 2.4493E+00 1.7804E+00  6.5837E-02 4.0183E-01 1.7429E-01   323
 4.0000E-02 4.3398E-01 4.3582E+00 2.4887E+00 1.8695E+00  6.2936E-02 4.0174E-01 1.8468E-01   323
 4.0000E-02 4.3610E-01 4.4935E+00 2.5287E+00 1.9647E+00  5.9944E-02 4.0165E-01 1.9592E-01   323
 4.0000E-02 4.3824E-01 4.6350E+00 2.5694E+00 2.0657E+00  5.6874E-02 4.0157E-01 2.0799E-01   323
 4.0000E-02 4.4039E-01 4.7831E+00 2.6103E+00 2.1728E+00  5.3750E-02 4.0150E-01 2.2092E-01   323
 4.0000E-02 4.4257E-01 4.9376E+00 2.6516E+00 2.2860E+00  5.0600E-02 4.0143E-01 2.3474E-01   323
 4.0000E-02 4.4478E-01 5.0986E+00 2.6933E+00 2.4053E+00  4.7455E-02 4.0138E-01 2.4942E-01   323
 4.0000E-02 4.4700E-01 5.2649E+00 2.7354E+00 2.5295E+00  4.4367E-02 4.0133E-01 2.6481E-01   323
 4.0000E-02 4.4925E-01 5.4356E+00 2.7778E+00 2.6579E+00  4.1379E-02 4.0129E-01 2.8080E-01   323
 4.0000E-02 4.5152E-01 5.6098E+00 2.8205E+00 2.7894E+00  3.8524E-02 4.0126E-01 2.9725E-01   323
 4.0000E-02 4.5381E-01 5.7856E+00 2.8633E+00 2.9224E+00  3.5830E-02 4.0123E-01 3.1393E-01   323
 4.0000E-02 4.5612E-01 5.9605E+00 2.9059E+00 3.0546E+00  3.3324E-02 4.0122E-01 3.3055E-01   323
 4.0000E-02 4.5846E-01 6.1323E+00 2.9477E+00 3.1846E+00  3.1012E-02 4.0120E-01 3.4691E-01   323
 4.0000E-02 4.6082E-01 6.2983E+00 2.9882E+00 3.3101E+00  2.8892E-02 4.0120E-01 3.6274E-01   323
 4.0000E-02 4.6321E-01 6.4554E+00 3.0267E+00 3.4287E+00  2.6959E-02 4.0119E-01 3.7773E-01   323
 4.0000E-02 4.6563E-01 6.6008E+00 3.0622E+00 3.5386E+00  2.5201E-02 4.0119E-01 3.9168E-01   323
 4.0000E-02 4.6806E-01 6.7322E+00 3.0939E+00 3.6383E+00  2.3600E-02 4.0119E-01 4.0439E-01   323
 4.0000E-02 4.7053E-01 6.8467E+00 3.1210E+00 3.7257E+00  2.2139E-02 4.0119E-01 4.1563E-01   323
 4.0000E-02 4.7302E-01 6.9418E+00 3.1427E+00 3.7991E+00  2.0803E-02 4.0118E-01 4.2522E-01   323
 4.0000E-02 4.7553E-01 7.0162E+00 3.1582E+00 3.8580E+00  1.9573E-02 4.0118E-01 4.3307E-01   323
 4.0000E-02 4.7807E-01 7.0682E+00 3.1671E+00 3.9010E+00  1.8435E-02 4.0118E-01 4.3905E-01   323
 4.0000E-02 4.8065E-01 7.0967E+00 3.1691E+00 3.9277E+00  1.7375E-02 4.0118E-01 4.4310E-01   323
 4.0000E-02 4.8324E-01 7.1018E+00 3.1640E+00 3.9378E+00  1.6382E-02 4.0118E-01 4.4521E-01   323
 4.0000E-02 4.8587E-01 7.0845E+00 3.1520E+00 3.9325E+00  1.5444E-02 4.0118E-01 4.4550E-01   323
 4.0000E-02 4.8852E-01 7.0461E+00 3.1333E+00 3.9128E+00  1.4550E-02 4.0117E-01 4.4409E-01   323
 4.0000E-02 4.9121E-01 6.9890E+00 3.1087E+00 3.8804E+00  1.3694E-02 4.0116E-01 4.4120E-01   323
 4.0000E-02 4.9392E-01 6.9166E+00 3.0784E+00 3.8383E+00  1.2865E-02 4.0116E-01 4.3715E-01   323
 4.0000E-02 4.9667E-01 6.8320E+00 3.0428E+00 3.7892E+00  1.2055E-02 4.0115E-01 4.3229E-01   323
 4.0000E-02 4.9944E-01 6.7384E+00 3.0023E+00 3.7360E+00  1.1258E-02 4.0115E-01 4.2693E-01   323
 4.0000E-02 5.0225E-01 6.6381E+00 2.9565E+00 3.6815E+00  1.0464E-02 4.0114E-01 4.2140E-01   323
 4.0000E-02 5.0508E-01 6.5317E+00 2.9047E+00 3.6270E+00  9.6682E-03 4.0113E-01 4.1587E-01   323
 4.0000E-02 5.0795E-01 6.4185E+00 2.8458E+00 3.5727E+00  8.8635E-03 4.0113E-01 4.1036E-01   324
 4.0000E-02 5.1086E-01 6.2957E+00 2.7785E+00 3.5172E+00  8.0475E-03 4.0113E-01 4.0472E-01   324
 4.0000E-02 5.1379E-01 6.1593E+00 2.7019E+00 3.4574E+00  7.2534E-03 4.0133E-01 3.9857E-01   285
 4.0000E-02 5.1676E-01 6.0060E+00 2.6160E+00 3.3900E+00  6.4116E-03 4.0133E-01 3.9154E-01   285
 4.0000E-02 5.1977E-01 5.8331E+00 2.5214E+00 3.3117E+00  5.5584E-03 4.0133E-01 3.8321E-01   285
 4.0000E-02 5.2281E-01 5.6406E+00 2.4202E+00 3.2203E+00  4.6967E-03 4.0133E-01 3.7333E-01   285
 4.0000E-02 5.2588E-01 5.4310E+00 2.3154E+00 3.1156E+00  3.8263E-03 4.0133E-01 3.6186E-01   285
 4.0000E-02 5.2899E-01 5.2088E+00 2.2100E+00 2.9988E+00  2.9502E-03 4.0132E-01 3.4894E-01   285
 4.0000E-02 5.3214E-01 4.9805E+00 2.1073E+00 2.8732E+00  2.0716E-03 4.0132E-01 3.3492E-01   285
 4.0000E-02 5.3533E-01 4.7519E+00 2.0093E+00 2.7426E+00  1.1910E-03 4.0131E-01 3.2027E-01   285
 4.0000E-02 5.3855E-01 4.5282E+00 1.9173E+00 2.6109E+00  3.0586E-04 4.0130E-01 3.0544E-01   285
 4.0000E-02 5.4182E-01 4.3127E+00 1.8314E+00 2.4813E+00 -5.8357E-04 4.0129E-01 2.9081E-01   285
 4.0000E-02 5.4512E-01 4.1067E+00 1.7511E+00 2.3556E+00 -1.4770E-03 4.0128E-01 2.7658E-01   285
 4.0000E-02 5.4847E-01 3.9103E+00 1.6757E+00 2.2347E+00 -2.3719E-03 4.0128E-01 2.6287E-01   285
 4.0000E-02 5.5185E-01 3.7231E+00 1.6045E+00 2.1186E+00 -3.2672E-03 4.0127E-01 2.4969E-01   285
 4.0000E-02 5.5528E-01 3.5446E+00 1.5373E+00 2.0074E+00 -4.1613E-03 4.0127E-01 2.3703E-01   285
 4.0000E-02 5.5875E-01 3.3743E+00 1.4738E+00 1.9005E+00 -5.0520E-03 4.0126E-01 2.2484E-01   285
 4.0000E-02 5.6226E-01 3.2121E+00 1.4145E+00 1.7976E+00 -5.9390E-03 4.0126E-01 2.1306E-01   285
 4.0000E-02 5.6582E-01 3.0586E+00 1.3601E+00 1.6985E+00 -6.8223E-03 4.0125E-01 2.0168E-01   285
 4.0000E-02 5.6943E-01 2.9149E+00 1.3116E+00 1.6033E+00 -7.6991E-03 4.0124E-01 1.9073E-01   285
 4.0000E-02 5.7308E-01 2.7824E+00 1.2697E+00 1.5127E+00 -8.5652E-03 4.0124E-01 1.8026E-01   285
 4.0000E-02 5.7677E-01 2.6622E+00 1.2349E+00 1.4273E+00 -9.4158E-03 4.0123E-01 1.7039E-01   285
 4.0000E-02 5.8052E-01 2.5544E+00 1.2067E+00 1.3477E+00 -1.0244E-02 4.0122E-01 1.6117E-01   285
 4.0000E-02 5.8431E-01 2.4590E+00 1.1849E+00 1.2741E+00 -1.1044E-02 4.0121E-01 1.5262E-01   285
 4.0000E-02 5.8816E-01 2.3756E+00 1.1692E+00 1.2065E+00 -1.1810E-02 4.0120E-01 1.4475E-01   285
 4.0000E-02 5.9205E-01 2.3050E+00 1.1599E+00 1.1450E+00 -1.2534E-02 4.0119E-01 1.3760E-01   285
 4.0000E-02 5.9600E-01 2.2477E+00 1.1572E+00 1.0906E+00 -1.3205E-02 4.0119E-01 1.3125E-01   285
 4.0000E-02 6.0000E-01 2.2038E+00 1.1596E+00 1.0442E+00 -1.3814E-02 4.0119E-01 1.2584E-01   285
