 DDSCAT --- DDSCAT 7.3.3 [22.01.20]   
 TARGET --->TARGSPHER  spherical target with explicit spacing                 
 GPFAFT --- method of solution 
 FLTRCD --- prescription for polarizabilities
 FROM_FILE --- shape 
    4169 = NAT0 = number of dipoles
 ../../diel/Pena-Rioux_dielectric_26Au_74Ag                  
 ../../diel/Pena-Rioux_dielectric_52Au_48Ag                  
 ../../diel/Pena-Rioux_dielectric_85Au_15Ag                  
 ../../diel/Au_evap                                          
   0.000   0.000 = beta_min, beta_max ;  NBETA = 1
   0.000   0.000 = theta_min, theta_max; NTHETA= 1
   0.000   0.000 = phi_min, phi_max   ;   NPHI = 1
 Results averaged over    1 target orientations
                   and  2 incident polarizations
   aeff       wave       Q_pha       Q_pol       Q_cpol
 1.0000E-03 3.0000E-01  1.9839E-02 -7.4506E-09  1.8626E-08
 1.0000E-03 3.0101E-01  1.9623E-02 -6.7055E-08  1.4901E-08
 1.0000E-03 3.0203E-01  1.9399E-02  5.9605E-08  1.8626E-08
 1.0000E-03 3.0305E-01  1.9169E-02  1.4901E-08  9.3132E-09
 1.0000E-03 3.0408E-01  1.8934E-02  1.4156E-07  2.0489E-08
 1.0000E-03 3.0512E-01  1.8692E-02 -1.6391E-07  7.4506E-09
 1.0000E-03 3.0616E-01  1.8445E-02  5.2154E-08  5.5879E-08
 1.0000E-03 3.0722E-01  1.8192E-02  2.2352E-08 -3.7253E-09
 1.0000E-03 3.0828E-01  1.7937E-02  1.9372E-07  3.5390E-08
 1.0000E-03 3.0934E-01  1.7693E-02  1.4901E-07 -3.3528E-08
 1.0000E-03 3.1042E-01  1.7443E-02  4.4703E-08 -2.0489E-08
 1.0000E-03 3.1150E-01  1.7192E-02 -3.7253E-08  4.8429E-08
 1.0000E-03 3.1259E-01  1.6936E-02  2.1607E-07  3.1665E-08
 1.0000E-03 3.1368E-01  1.6674E-02 -1.1921E-07 -3.7253E-08
 1.0000E-03 3.1479E-01  1.6405E-02  1.1176E-07 -7.4506E-09
 1.0000E-03 3.1590E-01  1.6130E-02 -1.5646E-07  2.2352E-08
 1.0000E-03 3.1702E-01  1.5848E-02 -2.8312E-07  3.5390E-08
 1.0000E-03 3.1815E-01  1.5559E-02 -3.7253E-08 -1.0245E-08
 1.0000E-03 3.1929E-01  1.5260E-02  9.6858E-08  2.3283E-08
 1.0000E-03 3.2043E-01  1.4948E-02  1.4901E-08  1.6764E-08
 1.0000E-03 3.2158E-01  1.4616E-02  1.4901E-08 -1.8626E-09
 1.0000E-03 3.2274E-01  1.4272E-02  3.7253E-08  1.2107E-08
 1.0000E-03 3.2391E-01  1.3915E-02  7.4506E-08 -5.5879E-09
 1.0000E-03 3.2509E-01  1.3544E-02 -2.2352E-08  1.8626E-09
 1.0000E-03 3.2628E-01  1.3159E-02 -1.3411E-07 -3.7253E-09
 1.0000E-03 3.2747E-01  1.2722E-02 -4.4703E-08  1.8626E-09
 1.0000E-03 3.2868E-01  1.2271E-02  8.1956E-08 -1.3039E-08
 1.0000E-03 3.2989E-01  1.1808E-02  5.9605E-08  1.0245E-08
 1.0000E-03 3.3111E-01  1.1331E-02 -1.6391E-07 -4.6566E-09
 1.0000E-03 3.3234E-01  1.0844E-02  1.4901E-08  7.4506E-09
 1.0000E-03 3.3358E-01  1.0344E-02  1.7881E-07  8.3819E-09
 1.0000E-03 3.3483E-01  9.8292E-03 -1.9372E-07 -1.2107E-08
 1.0000E-03 3.3609E-01  9.3016E-03  1.6391E-07  4.6566E-09
 1.0000E-03 3.3736E-01  8.7719E-03  2.3097E-07  1.1176E-08
 1.0000E-03 3.3864E-01  8.2384E-03 -9.6858E-08  2.7008E-08
 1.0000E-03 3.3992E-01  7.7005E-03  2.1607E-07  1.8161E-08
 1.0000E-03 3.4122E-01  7.1573E-03 -6.7055E-08 -1.4435E-08
 1.0000E-03 3.4253E-01  6.6080E-03 -5.2154E-08  1.2573E-08
 1.0000E-03 3.4385E-01  6.0509E-03  3.7253E-08 -1.3039E-08
 1.0000E-03 3.4517E-01  5.4957E-03 -2.0117E-07 -8.8476E-09
 1.0000E-03 3.4651E-01  4.9541E-03  5.2154E-08 -4.1910E-09
 1.0000E-03 3.4786E-01  4.4145E-03 -3.7253E-08  1.3970E-08
 1.0000E-03 3.4922E-01  3.8768E-03  1.1176E-07 -4.6566E-09
 1.0000E-03 3.5059E-01  3.3406E-03  1.5646E-07  6.9849E-10
 1.0000E-03 3.5197E-01  2.8060E-03  5.2154E-08  4.6566E-09
 1.0000E-03 3.5336E-01  2.2727E-03  5.9605E-08 -3.4925E-09
 1.0000E-03 3.5476E-01  1.7483E-03 -5.2154E-08  2.6776E-09
 1.0000E-03 3.5618E-01  1.2312E-03  7.4506E-08  2.3283E-10
 1.0000E-03 3.5760E-01  7.1888E-04 -1.1176E-07  5.8208E-11
 1.0000E-03 3.5904E-01  2.1187E-04  1.1176E-07  1.6007E-09
 1.0000E-03 3.6048E-01 -2.8930E-04 -1.2666E-07  4.9477E-10
 1.0000E-03 3.6194E-01 -7.8395E-04  1.0431E-07 -6.4028E-10
 1.0000E-03 3.6341E-01 -1.2700E-03 -3.7253E-08  1.8626E-09
 1.0000E-03 3.6490E-01 -1.7451E-03  6.7055E-08  4.4238E-09
 1.0000E-03 3.6639E-01 -2.2124E-03 -1.4901E-08 -6.9849E-10
 1.0000E-03 3.6790E-01 -2.6706E-03  4.4703E-08  1.1176E-08
 1.0000E-03 3.6942E-01 -3.1175E-03  1.4901E-08 -9.5461E-09
 1.0000E-03 3.7095E-01 -3.5526E-03 -7.4506E-09 -4.1910E-09
 1.0000E-03 3.7250E-01 -3.9729E-03 -1.2666E-07  1.3039E-08
 1.0000E-03 3.7406E-01 -4.3786E-03  8.1956E-08  1.1176E-08
 1.0000E-03 3.7563E-01 -4.7718E-03 -1.1176E-07 -2.7940E-09
 1.0000E-03 3.7722E-01 -5.1500E-03 -5.2154E-08  1.3970E-09
 1.0000E-03 3.7881E-01 -5.5102E-03 -4.4703E-08  0.0000E+00
 1.0000E-03 3.8043E-01 -5.8487E-03 -2.9802E-07  1.8161E-08
 1.0000E-03 3.8205E-01 -6.1635E-03  1.1176E-07 -3.7253E-09
 1.0000E-03 3.8369E-01 -6.4579E-03  5.2154E-08  2.1420E-08
 1.0000E-03 3.8534E-01 -6.7284E-03 -2.9802E-07  1.1642E-08
 1.0000E-03 3.8701E-01 -6.9689E-03  4.2468E-07  3.4925E-08
 1.0000E-03 3.8870E-01 -7.1731E-03  2.5332E-07  6.1933E-08
 1.0000E-03 3.9039E-01 -7.3335E-03  3.5763E-07  1.8580E-07
 1.0000E-03 3.9211E-01 -7.4571E-03  1.4901E-08  9.2201E-08
 1.0000E-03 3.9383E-01 -7.5278E-03  5.2154E-07  1.3504E-08
 1.0000E-03 3.9558E-01 -7.5343E-03 -1.6391E-07 -2.7474E-08
 1.0000E-03 3.9733E-01 -7.4643E-03 -1.4901E-08 -8.1956E-08
 1.0000E-03 3.9911E-01 -7.3006E-03 -5.0664E-07 -7.6368E-08
 1.0000E-03 4.0090E-01 -7.0406E-03 -1.3411E-07  5.1223E-09
 1.0000E-03 4.0270E-01 -6.6533E-03  8.9407E-08 -6.0536E-09
 1.0000E-03 4.0452E-01 -6.1114E-03  1.0431E-07 -8.8010E-08
 1.0000E-03 4.0636E-01 -5.3884E-03  1.1921E-07  1.6671E-07
 1.0000E-03 4.0822E-01 -4.4531E-03  1.4901E-08  0.0000E+00
 1.0000E-03 4.1009E-01 -3.2671E-03 -4.3213E-07  2.9104E-08
 1.0000E-03 4.1198E-01 -1.7811E-03 -2.2352E-07 -7.0431E-08
 1.0000E-03 4.1389E-01  4.7888E-05 -2.6822E-07 -2.3847E-08
 1.0000E-03 4.1581E-01  2.2650E-03  1.9372E-07  1.9558E-08
 1.0000E-03 4.1776E-01  4.9189E-03 -7.4506E-08  7.4971E-08
 1.0000E-03 4.1972E-01  8.0801E-03 -4.3213E-07  3.3434E-07
 1.0000E-03 4.2170E-01  1.1768E-02  4.0233E-07  2.3283E-08
 1.0000E-03 4.2370E-01  1.6006E-02  2.9802E-08  6.8918E-08
 1.0000E-03 4.2571E-01  2.0804E-02 -6.7055E-07  1.5460E-07
 1.0000E-03 4.2775E-01  2.6164E-02  3.1292E-07 -1.6764E-08
 1.0000E-03 4.2981E-01  3.2034E-02 -7.4506E-08 -4.8429E-08
 1.0000E-03 4.3188E-01  3.8333E-02 -1.3411E-07 -3.3528E-08
 1.0000E-03 4.3398E-01  4.4965E-02  0.0000E+00  1.0058E-07
 1.0000E-03 4.3610E-01  5.1809E-02 -2.9802E-07 -9.3132E-08
 1.0000E-03 4.3824E-01  5.8663E-02 -7.4506E-08 -1.5646E-07
 1.0000E-03 4.4039E-01  6.5340E-02 -4.4703E-08  2.2352E-08
 1.0000E-03 4.4257E-01  7.1647E-02 -3.1292E-07 -1.6391E-07
 1.0000E-03 4.4478E-01  7.7390E-02  6.4075E-07 -1.2666E-07
 1.0000E-03 4.4700E-01  8.2373E-02  4.4703E-07 -1.4156E-07
 1.0000E-03 4.4925E-01  8.6490E-02  6.8545E-07 -1.2666E-07
 1.0000E-03 4.5152E-01  8.9686E-02 -2.5332E-07  2.3842E-07
 1.0000E-03 4.5381E-01  9.1958E-02 -8.9407E-07 -2.0862E-07
 1.0000E-03 4.5612E-01  9.3351E-02  2.9802E-08  1.0431E-07
 1.0000E-03 4.5846E-01  9.3976E-02 -7.4506E-08 -9.6858E-08
 1.0000E-03 4.6082E-01  9.3948E-02  6.8545E-07 -2.0862E-07
 1.0000E-03 4.6321E-01  9.3385E-02  2.6822E-07  1.0431E-07
 1.0000E-03 4.6563E-01  9.2417E-02  2.6822E-07 -4.6939E-07
 1.0000E-03 4.6806E-01  9.1149E-02  5.9605E-08  0.0000E+00
 1.0000E-03 4.7053E-01  8.9664E-02 -2.9802E-08  2.8312E-07
 1.0000E-03 4.7302E-01  8.8015E-02 -2.6822E-07  1.9372E-07
 1.0000E-03 4.7553E-01  8.6282E-02  1.1921E-07  6.4820E-07
 1.0000E-03 4.7807E-01  8.4514E-02 -8.5682E-07 -8.4192E-07
 1.0000E-03 4.8065E-01  8.2745E-02 -4.6194E-07 -1.4901E-08
 1.0000E-03 4.8324E-01  8.1000E-02 -3.7253E-08 -8.1956E-08
 1.0000E-03 4.8587E-01  7.9298E-02  1.2927E-06  1.0431E-07
 1.0000E-03 4.8852E-01  7.7652E-02 -1.3411E-07 -2.3097E-07
 1.0000E-03 4.9121E-01  7.6072E-02 -2.9802E-08 -1.4156E-07
 1.0000E-03 4.9392E-01  7.4561E-02  1.2293E-07 -7.4506E-08
 1.0000E-03 4.9667E-01  7.3137E-02 -3.2410E-07 -4.4703E-08
 1.0000E-03 4.9944E-01  7.1826E-02  4.6194E-07 -1.4901E-07
 1.0000E-03 5.0225E-01  7.0583E-02  5.5507E-07 -1.4901E-08
 1.0000E-03 5.0508E-01  6.9405E-02 -5.9605E-08 -7.4506E-09
 1.0000E-03 5.0795E-01  6.8290E-02  2.8685E-07  2.7567E-07
 1.0000E-03 5.1086E-01  6.7240E-02  4.1351E-07 -1.3411E-07
 1.0000E-03 5.1379E-01  6.6258E-02 -2.6450E-07 -8.1956E-08
 1.0000E-03 5.1676E-01  6.5346E-02  7.4506E-09 -4.4703E-08
 1.0000E-03 5.1977E-01  6.4504E-02 -1.1176E-08  2.9802E-08
 1.0000E-03 5.2281E-01  6.3655E-02 -7.4506E-08 -9.6858E-08
 1.0000E-03 5.2588E-01  6.2775E-02 -1.9744E-07  1.4901E-08
 1.0000E-03 5.2899E-01  6.1884E-02  5.0850E-07  1.6764E-07
 1.0000E-03 5.3214E-01  6.0977E-02  2.9616E-07  3.2783E-07
 1.0000E-03 5.3533E-01  6.0047E-02 -2.4214E-08 -1.1921E-07
 1.0000E-03 5.3855E-01  5.9099E-02 -8.9407E-08  9.3132E-08
 1.0000E-03 5.4182E-01  5.8138E-02 -7.6368E-07  1.8626E-08
 1.0000E-03 5.4512E-01  5.7174E-02 -4.7125E-07  2.3842E-07
 1.0000E-03 5.4847E-01  5.6217E-02  4.0792E-07  4.7311E-07
 1.0000E-03 5.5185E-01  5.5296E-02 -8.7358E-07 -2.0862E-07
 1.0000E-03 5.5528E-01  5.4398E-02 -5.3272E-07  7.4506E-08
 1.0000E-03 5.5875E-01  5.3519E-02  2.1793E-07  1.9372E-07
 1.0000E-03 5.6226E-01  5.2657E-02 -2.6636E-07  1.4529E-07
 1.0000E-03 5.6582E-01  5.1806E-02  1.4901E-07 -8.5682E-08
 1.0000E-03 5.6943E-01  5.0963E-02 -2.1048E-07  1.4901E-08
 1.0000E-03 5.7308E-01  5.0123E-02  4.9733E-07 -2.0489E-07
 1.0000E-03 5.7677E-01  4.9285E-02  7.1712E-08 -1.3411E-07
 1.0000E-03 5.8052E-01  4.8449E-02  2.1048E-07  1.8626E-08
 1.0000E-03 5.8431E-01  4.7618E-02 -8.4750E-08  1.4156E-07
 1.0000E-03 5.8816E-01  4.6804E-02  9.5926E-08  1.8999E-07
 1.0000E-03 5.9205E-01  4.6023E-02  1.1455E-07  3.7253E-09
 1.0000E-03 5.9600E-01  4.5283E-02  2.3283E-08  1.3784E-07
 1.0000E-03 6.0000E-01  4.4595E-02  1.8906E-07 -2.1234E-07
