 DDSCAT --- DDSCAT 7.3.3 [22.01.20]   
 TARGET --->TARGSPHER  spherical target with explicit spacing                 
 GPFAFT --- method of solution 
 FLTRCD --- prescription for polarizabilities
 FROM_FILE --- shape 
    4169 = NAT0 = number of dipoles
 ../../diel/Pena-Rioux_dielectric_26Au_74Ag                  
 ../../diel/Pena-Rioux_dielectric_65Au_35Ag                  
 ../../diel/Pena-Rioux_dielectric_92Au_8Ag                   
 ../../diel/Au_evap                                          
   0.000   0.000 = beta_min, beta_max ;  NBETA = 1
   0.000   0.000 = theta_min, theta_max; NTHETA= 1
   0.000   0.000 = phi_min, phi_max   ;   NPHI = 1
 Results averaged over    1 target orientations
                   and  2 incident polarizations
   aeff       wave       Q_pha       Q_pol       Q_cpol
 8.0000E-02 3.0000E-01 -1.7512E-01 -5.2452E-06  0.0000E+00
 8.0000E-02 3.0101E-01 -1.7378E-01  3.5763E-06 -1.1921E-07
 8.0000E-02 3.0203E-01 -1.7263E-01 -2.6226E-06  8.9407E-08
 8.0000E-02 3.0305E-01 -1.7157E-01 -2.3842E-06  4.3213E-07
 8.0000E-02 3.0408E-01 -1.7059E-01 -1.9073E-06 -8.3447E-07
 8.0000E-02 3.0512E-01 -1.6971E-01 -5.2452E-06  2.9802E-07
 8.0000E-02 3.0616E-01 -1.6891E-01 -1.0490E-05  2.5332E-07
 8.0000E-02 3.0722E-01 -1.6822E-01  2.1458E-06 -1.4901E-07
 8.0000E-02 3.0828E-01 -1.6763E-01  1.1921E-06 -2.5332E-07
 8.0000E-02 3.0934E-01 -1.6712E-01 -4.7684E-07 -4.6194E-07
 8.0000E-02 3.1042E-01 -1.6670E-01 -7.1526E-07 -2.2352E-07
 8.0000E-02 3.1150E-01 -1.6624E-01 -2.3842E-07 -2.8312E-07
 8.0000E-02 3.1259E-01 -1.6585E-01 -7.1526E-07  4.7684E-07
 8.0000E-02 3.1368E-01 -1.6555E-01 -4.5300E-06 -3.7253E-07
 8.0000E-02 3.1479E-01 -1.6537E-01  1.9073E-06 -3.8743E-07
 8.0000E-02 3.1590E-01 -1.6529E-01 -3.8147E-06 -6.1095E-07
 8.0000E-02 3.1702E-01 -1.6533E-01 -3.3379E-06 -7.8976E-07
 8.0000E-02 3.1815E-01 -1.6527E-01  7.1526E-06 -4.9174E-07
 8.0000E-02 3.1929E-01 -1.6533E-01  5.9605E-06  8.7917E-07
 8.0000E-02 3.2043E-01 -1.6556E-01 -3.0994E-06  8.4937E-07
 8.0000E-02 3.2158E-01 -1.6623E-01  9.2983E-06  1.7285E-06
 8.0000E-02 3.2274E-01 -1.6707E-01 -1.1921E-06  2.9802E-08
 8.0000E-02 3.2391E-01 -1.6808E-01  0.0000E+00  1.0431E-07
 8.0000E-02 3.2509E-01 -1.6927E-01  8.3447E-06  2.5183E-06
 8.0000E-02 3.2628E-01 -1.7066E-01 -1.5974E-05 -9.9838E-07
 8.0000E-02 3.2747E-01 -1.7247E-01 -6.9141E-06  1.9968E-06
 8.0000E-02 3.2868E-01 -1.7459E-01 -1.1921E-06  1.3858E-06
 8.0000E-02 3.2989E-01 -1.7703E-01 -5.7220E-06  1.3411E-07
 8.0000E-02 3.3111E-01 -1.7980E-01 -9.5367E-07 -2.0564E-06
 8.0000E-02 3.3234E-01 -1.8277E-01  5.0068E-06  4.4703E-07
 8.0000E-02 3.3358E-01 -1.8600E-01  5.4836E-06  2.9206E-06
 8.0000E-02 3.3483E-01 -1.8958E-01 -7.1526E-07  6.8545E-07
 8.0000E-02 3.3609E-01 -1.9368E-01  6.6757E-06 -3.9041E-06
 8.0000E-02 3.3736E-01 -1.9828E-01  4.7684E-06 -1.2666E-06
 8.0000E-02 3.3864E-01 -2.0319E-01 -3.0994E-06 -4.2170E-06
 8.0000E-02 3.3992E-01 -2.0844E-01  9.7752E-06 -3.2037E-06
 8.0000E-02 3.4122E-01 -2.1403E-01  2.8610E-06 -3.1292E-07
 8.0000E-02 3.4253E-01 -2.1995E-01  2.1458E-06 -1.2964E-06
 8.0000E-02 3.4385E-01 -2.2622E-01  1.0729E-05  8.0466E-07
 8.0000E-02 3.4517E-01 -2.3283E-01 -1.4305E-06  9.3877E-07
 8.0000E-02 3.4651E-01 -2.3963E-01  1.4305E-06 -2.6077E-06
 8.0000E-02 3.4786E-01 -2.4665E-01 -4.7684E-07 -3.5763E-06
 8.0000E-02 3.4922E-01 -2.5387E-01  9.7752E-06 -7.3314E-06
 8.0000E-02 3.5059E-01 -2.6130E-01  1.3828E-05 -2.9802E-08
 8.0000E-02 3.5197E-01 -2.6893E-01 -8.8215E-06 -2.0862E-07
 8.0000E-02 3.5336E-01 -2.7676E-01  6.4373E-06  8.9407E-08
 8.0000E-02 3.5476E-01 -2.8467E-01 -2.6226E-06  2.1458E-06
 8.0000E-02 3.5618E-01 -2.9264E-01  1.5974E-05 -6.9141E-06
 8.0000E-02 3.5760E-01 -3.0067E-01  8.8215E-06 -1.8477E-06
 8.0000E-02 3.5904E-01 -3.0873E-01  3.0994E-06 -2.6822E-07
 8.0000E-02 3.6048E-01 -3.1683E-01  1.1921E-06 -4.7684E-07
 8.0000E-02 3.6194E-01 -3.2495E-01 -1.4305E-06  1.8477E-06
 8.0000E-02 3.6341E-01 -3.3304E-01  6.1989E-06  6.2585E-07
 8.0000E-02 3.6490E-01 -3.4103E-01 -2.8610E-06 -3.8743E-07
 8.0000E-02 3.6639E-01 -3.4896E-01 -1.3590E-05  1.1921E-07
 8.0000E-02 3.6790E-01 -3.5683E-01 -8.5831E-06  9.5665E-06
 8.0000E-02 3.6942E-01 -3.6461E-01  1.0252E-05 -4.6790E-06
 8.0000E-02 3.7095E-01 -3.7231E-01 -2.3842E-05 -7.0632E-06
 8.0000E-02 3.7250E-01 -3.7990E-01 -7.1526E-07 -3.7253E-06
 8.0000E-02 3.7406E-01 -3.8735E-01  7.1526E-06  1.4007E-06
 8.0000E-02 3.7563E-01 -3.9470E-01 -7.6294E-06 -5.6624E-07
 8.0000E-02 3.7722E-01 -4.0195E-01 -1.9073E-06 -2.9504E-06
 8.0000E-02 3.7881E-01 -4.0910E-01  1.0490E-05 -5.0366E-06
 8.0000E-02 3.8043E-01 -4.1611E-01  7.8678E-06  4.0829E-06
 8.0000E-02 3.8205E-01 -4.2298E-01 -7.1526E-07  2.3544E-06
 8.0000E-02 3.8369E-01 -4.2973E-01 -2.1458E-06 -1.6093E-06
 8.0000E-02 3.8534E-01 -4.3640E-01  7.1526E-07  5.9605E-07
 8.0000E-02 3.8701E-01 -4.4299E-01 -1.4305E-06 -2.0564E-06
 8.0000E-02 3.8870E-01 -4.4948E-01 -3.0994E-06  1.8775E-06
 8.0000E-02 3.9039E-01 -4.5586E-01 -1.1921E-06  4.8280E-06
 8.0000E-02 3.9211E-01 -4.6216E-01 -2.8610E-06  1.7881E-06
 8.0000E-02 3.9383E-01 -4.6842E-01 -4.0531E-06 -1.7583E-06
 8.0000E-02 3.9558E-01 -4.7463E-01 -1.0014E-05  9.8348E-07
 8.0000E-02 3.9733E-01 -4.8079E-01  1.7166E-05 -9.2387E-07
 8.0000E-02 3.9911E-01 -4.8690E-01  3.8147E-06 -1.0431E-06
 8.0000E-02 4.0090E-01 -4.9298E-01  5.0068E-06 -5.9605E-07
 8.0000E-02 4.0270E-01 -4.9907E-01  3.0994E-06  5.5134E-06
 8.0000E-02 4.0452E-01 -5.0514E-01 -1.5497E-05 -1.4305E-06
 8.0000E-02 4.0636E-01 -5.1115E-01 -1.4544E-05  3.6359E-06
 8.0000E-02 4.0822E-01 -5.1710E-01 -7.8678E-06 -4.3511E-06
 8.0000E-02 4.1009E-01 -5.2304E-01  5.7220E-06 -7.4506E-06
 8.0000E-02 4.1198E-01 -5.2891E-01 -3.5763E-06 -9.1195E-06
 8.0000E-02 4.1389E-01 -5.3465E-01  3.5763E-06  1.1921E-07
 8.0000E-02 4.1581E-01 -5.4018E-01  9.2983E-06 -5.8413E-06
 8.0000E-02 4.1776E-01 -5.4549E-01  4.7684E-07 -4.8876E-06
 8.0000E-02 4.1972E-01 -5.5066E-01  1.7643E-05 -4.8280E-06
 8.0000E-02 4.2170E-01 -5.5547E-01 -5.2452E-06 -1.6093E-06
 8.0000E-02 4.2370E-01 -5.5994E-01  1.7881E-05 -3.8147E-06
 8.0000E-02 4.2571E-01 -5.6404E-01  1.1921E-06  3.9339E-06
 8.0000E-02 4.2775E-01 -5.6778E-01 -1.8358E-05  1.6689E-06
 8.0000E-02 4.2981E-01 -5.7106E-01 -4.2915E-06 -5.9605E-07
 8.0000E-02 4.3188E-01 -5.7389E-01 -1.9073E-06  5.9605E-07
 8.0000E-02 4.3398E-01 -5.7626E-01 -6.6757E-06  1.7881E-06
 8.0000E-02 4.3610E-01 -5.7817E-01 -9.7752E-06  2.8610E-06
 8.0000E-02 4.3824E-01 -5.7949E-01 -1.2636E-05  2.3246E-06
 8.0000E-02 4.4039E-01 -5.8021E-01  1.1921E-06 -2.3246E-06
 8.0000E-02 4.4257E-01 -5.8032E-01  3.5763E-06  6.0201E-06
 8.0000E-02 4.4478E-01 -5.7975E-01 -4.7684E-07  1.6689E-06
 8.0000E-02 4.4700E-01 -5.7834E-01  8.1062E-06 -2.3842E-06
 8.0000E-02 4.4925E-01 -5.7596E-01 -4.7684E-07  1.0729E-06
 8.0000E-02 4.5152E-01 -5.7242E-01  8.8215E-06 -4.1723E-06
 8.0000E-02 4.5381E-01 -5.6751E-01 -1.6451E-05  1.4305E-06
 8.0000E-02 4.5612E-01 -5.6094E-01  0.0000E+00  3.1590E-06
 8.0000E-02 4.5846E-01 -5.5244E-01  8.1062E-06 -2.9802E-07
 8.0000E-02 4.6082E-01 -5.4176E-01  3.3379E-06  7.7486E-07
 8.0000E-02 4.6321E-01 -5.2858E-01 -8.1062E-06 -3.9935E-06
 8.0000E-02 4.6563E-01 -5.1259E-01 -8.5831E-06 -1.1325E-06
 8.0000E-02 4.6806E-01 -4.9366E-01  1.4305E-06 -1.1921E-07
 8.0000E-02 4.7053E-01 -4.7157E-01  0.0000E+00  7.7486E-07
 8.0000E-02 4.7302E-01 -4.4617E-01  2.3842E-06 -1.4365E-05
 8.0000E-02 4.7553E-01 -4.1759E-01 -1.2875E-05  7.3612E-06
 8.0000E-02 4.7807E-01 -3.8605E-01 -1.9073E-06  2.8014E-06
 8.0000E-02 4.8065E-01 -3.5184E-01  0.0000E+00  2.6822E-07
 8.0000E-02 4.8324E-01 -3.1552E-01 -2.4796E-05  3.5167E-06
 8.0000E-02 4.8587E-01 -2.7778E-01  1.5736E-05  3.7551E-06
 8.0000E-02 4.8852E-01 -2.3935E-01  3.8147E-06 -6.8396E-06
 8.0000E-02 4.9121E-01 -2.0093E-01 -1.0014E-05 -8.8960E-06
 8.0000E-02 4.9392E-01 -1.6329E-01 -1.2398E-05  7.2569E-06
 8.0000E-02 4.9667E-01 -1.2746E-01  8.1062E-06 -2.8759E-06
 8.0000E-02 4.9944E-01 -9.4577E-02 -8.1062E-06 -2.0266E-06
 8.0000E-02 5.0225E-01 -6.3339E-02  7.6294E-06 -5.8860E-07
 8.0000E-02 5.0508E-01 -3.3473E-02 -1.0014E-05  2.5705E-07
 8.0000E-02 5.0795E-01 -4.5577E-03 -1.6212E-05 -5.8440E-07
 8.0000E-02 5.1086E-01  2.3892E-02  2.8610E-06  1.0207E-06
 8.0000E-02 5.1379E-01  5.2323E-02 -1.9073E-05  2.2314E-06
 8.0000E-02 5.1676E-01  8.1174E-02 -1.0490E-05 -8.7023E-06
 8.0000E-02 5.1977E-01  1.1084E-01  1.9550E-05  8.7246E-06
 8.0000E-02 5.2281E-01  1.4418E-01 -4.7684E-06  1.4901E-06
 8.0000E-02 5.2588E-01  1.7974E-01 -3.0994E-05  1.2726E-05
 8.0000E-02 5.2899E-01  2.1541E-01 -1.8597E-05 -9.4920E-06
 8.0000E-02 5.3214E-01  2.5071E-01  1.2875E-05 -7.5400E-06
 8.0000E-02 5.3533E-01  2.8501E-01  8.0585E-05 -1.1653E-05
 8.0000E-02 5.3855E-01  3.1764E-01 -3.7670E-05 -7.7486E-07
 8.0000E-02 5.4182E-01  3.4793E-01  3.4809E-05  2.9206E-06
 8.0000E-02 5.4512E-01  3.7526E-01 -2.2411E-05  2.2948E-06
 8.0000E-02 5.4847E-01  3.9912E-01  1.2875E-05  7.1526E-06
 8.0000E-02 5.5185E-01  4.1861E-01  2.0027E-05 -1.2845E-05
 8.0000E-02 5.5528E-01  4.3471E-01 -1.9073E-06 -1.4514E-05
 8.0000E-02 5.5875E-01  4.4777E-01 -5.7220E-06  4.3511E-06
 8.0000E-02 5.6226E-01  4.5825E-01  2.4796E-05  8.6427E-07
 8.0000E-02 5.6582E-01  4.6679E-01 -2.5272E-05  5.6624E-06
 8.0000E-02 5.6943E-01  4.7403E-01 -1.1110E-04  2.8312E-05
 8.0000E-02 5.7308E-01  4.8043E-01 -1.1921E-05 -3.0100E-06
 8.0000E-02 5.7677E-01  4.8641E-01 -3.4809E-05  8.6725E-06
 8.0000E-02 5.8052E-01  4.9199E-01  3.8147E-05 -3.8564E-05
 8.0000E-02 5.8431E-01  4.9689E-01  4.5776E-05 -1.5110E-05
 8.0000E-02 5.8816E-01  5.0046E-01 -9.5367E-07  2.0206E-05
 8.0000E-02 5.9205E-01  5.0216E-01 -1.9073E-05 -2.6524E-05
 8.0000E-02 5.9600E-01  5.0167E-01 -1.3828E-05 -2.2233E-05
 8.0000E-02 6.0000E-01  4.9875E-01  1.1730E-04 -1.1116E-05
