 DDSCAT --- DDSCAT 7.3.3 [22.01.20]   
 TARGET --->TARGSPHER  spherical target with explicit spacing                 
 GPFAFT --- method of solution 
 FLTRCD --- prescription for polarizabilities
 FROM_FILE --- shape 
    4169 = NAT0 = number of dipoles
 ../../diel/Pena-Rioux_dielectric_26Au_74Ag                  
 ../../diel/Pena-Rioux_dielectric_52Au_48Ag                  
 ../../diel/Au_evap                                          
   0.000   0.000 = beta_min, beta_max ;  NBETA = 1
   0.000   0.000 = theta_min, theta_max; NTHETA= 1
   0.000   0.000 = phi_min, phi_max   ;   NPHI = 1
 0.5000 = ETASCA (param. controlling # of scatt. dirs used to calculate <cos> etc.
 Results averaged over    1 target orientations
                   and  2 incident polarizations
   aeff       wave       Q_ext     Q_abs      Q_sca     g(1)=<cos>  <cos^2>    Q_bk       Nsca
 1.0000E-03 3.0000E-01 8.5297E-02 8.5296E-02 1.1925E-06  2.5932E-04 4.0217E-01 1.4213E-07   214
 1.0000E-03 3.0101E-01 8.4872E-02 8.4870E-02 1.1704E-06  2.5904E-04 4.0217E-01 1.3950E-07   214
 1.0000E-03 3.0203E-01 8.4512E-02 8.4511E-02 1.1495E-06  2.5850E-04 4.0217E-01 1.3701E-07   214
 1.0000E-03 3.0305E-01 8.4170E-02 8.4169E-02 1.1292E-06  2.5829E-04 4.0217E-01 1.3459E-07   214
 1.0000E-03 3.0408E-01 8.3845E-02 8.3844E-02 1.1095E-06  2.5745E-04 4.0217E-01 1.3224E-07   214
 1.0000E-03 3.0512E-01 8.3537E-02 8.3536E-02 1.0903E-06  2.5703E-04 4.0217E-01 1.2995E-07   214
 1.0000E-03 3.0616E-01 8.3247E-02 8.3246E-02 1.0716E-06  2.5672E-04 4.0217E-01 1.2773E-07   214
 1.0000E-03 3.0722E-01 8.2975E-02 8.2974E-02 1.0535E-06  2.5601E-04 4.0217E-01 1.2557E-07   214
 1.0000E-03 3.0828E-01 8.2723E-02 8.2721E-02 1.0360E-06  2.5543E-04 4.0217E-01 1.2349E-07   214
 1.0000E-03 3.0934E-01 8.2492E-02 8.2491E-02 1.0195E-06  2.5498E-04 4.0217E-01 1.2152E-07   214
 1.0000E-03 3.1042E-01 8.2273E-02 8.2273E-02 1.0034E-06  2.5434E-04 4.0217E-01 1.1959E-07   214
 1.0000E-03 3.1150E-01 8.2023E-02 8.2021E-02 9.8710E-07  2.5376E-04 4.0217E-01 1.1765E-07   214
 1.0000E-03 3.1259E-01 8.1770E-02 8.1769E-02 9.7106E-07  2.5311E-04 4.0217E-01 1.1574E-07   214
 1.0000E-03 3.1368E-01 8.1533E-02 8.1532E-02 9.5542E-07  2.5262E-04 4.0217E-01 1.1388E-07   214
 1.0000E-03 3.1479E-01 8.1311E-02 8.1310E-02 9.4018E-07  2.5206E-04 4.0217E-01 1.1206E-07   214
 1.0000E-03 3.1590E-01 8.1104E-02 8.1103E-02 9.2533E-07  2.5139E-04 4.0217E-01 1.1029E-07   214
 1.0000E-03 3.1702E-01 8.0912E-02 8.0911E-02 9.1086E-07  2.5102E-04 4.0217E-01 1.0857E-07   214
 1.0000E-03 3.1815E-01 8.0685E-02 8.0684E-02 8.9586E-07  2.5058E-04 4.0217E-01 1.0678E-07   214
 1.0000E-03 3.1929E-01 8.0468E-02 8.0467E-02 8.8109E-07  2.4994E-04 4.0217E-01 1.0502E-07   214
 1.0000E-03 3.2043E-01 8.0273E-02 8.0272E-02 8.6673E-07  2.4960E-04 4.0217E-01 1.0331E-07   214
 1.0000E-03 3.2158E-01 8.0186E-02 8.0186E-02 8.5373E-07  2.4840E-04 4.0217E-01 1.0176E-07   214
 1.0000E-03 3.2274E-01 8.0111E-02 8.0110E-02 8.4100E-07  2.4780E-04 4.0217E-01 1.0024E-07   214
 1.0000E-03 3.2391E-01 8.0047E-02 8.0046E-02 8.2854E-07  2.4724E-04 4.0217E-01 9.8756E-08   214
 1.0000E-03 3.2509E-01 7.9993E-02 7.9992E-02 8.1635E-07  2.4656E-04 4.0217E-01 9.7302E-08   214
 1.0000E-03 3.2628E-01 7.9950E-02 7.9949E-02 8.0442E-07  2.4576E-04 4.0217E-01 9.5881E-08   214
 1.0000E-03 3.2747E-01 7.9932E-02 7.9932E-02 7.9257E-07  2.4521E-04 4.0217E-01 9.4469E-08   214
 1.0000E-03 3.2868E-01 7.9944E-02 7.9943E-02 7.8135E-07  2.4461E-04 4.0217E-01 9.3132E-08   214
 1.0000E-03 3.2989E-01 7.9985E-02 7.9984E-02 7.7077E-07  2.4374E-04 4.0217E-01 9.1871E-08   214
 1.0000E-03 3.3111E-01 8.0055E-02 8.0054E-02 7.6084E-07  2.4300E-04 4.0217E-01 9.0687E-08   214
 1.0000E-03 3.3234E-01 8.0101E-02 8.0101E-02 7.5090E-07  2.4231E-04 4.0217E-01 8.9503E-08   214
 1.0000E-03 3.3358E-01 8.0147E-02 8.0147E-02 7.4126E-07  2.4174E-04 4.0217E-01 8.8354E-08   214
 1.0000E-03 3.3483E-01 8.0219E-02 8.0218E-02 7.3221E-07  2.4118E-04 4.0217E-01 8.7276E-08   214
 1.0000E-03 3.3609E-01 8.0348E-02 8.0347E-02 7.2434E-07  2.4048E-04 4.0217E-01 8.6338E-08   214
 1.0000E-03 3.3736E-01 8.0541E-02 8.0540E-02 7.1782E-07  2.3959E-04 4.0217E-01 8.5561E-08   214
 1.0000E-03 3.3864E-01 8.0765E-02 8.0765E-02 7.1208E-07  2.3866E-04 4.0217E-01 8.4876E-08   214
 1.0000E-03 3.3992E-01 8.1024E-02 8.1023E-02 7.0711E-07  2.3803E-04 4.0217E-01 8.4284E-08   214
 1.0000E-03 3.4122E-01 8.1317E-02 8.1316E-02 7.0293E-07  2.3695E-04 4.0217E-01 8.3786E-08   214
 1.0000E-03 3.4253E-01 8.1646E-02 8.1645E-02 6.9953E-07  2.3623E-04 4.0217E-01 8.3381E-08   214
 1.0000E-03 3.4385E-01 8.1996E-02 8.1995E-02 6.9664E-07  2.3534E-04 4.0217E-01 8.3037E-08   214
 1.0000E-03 3.4517E-01 8.2401E-02 8.2400E-02 6.9486E-07  2.3426E-04 4.0217E-01 8.2824E-08   214
 1.0000E-03 3.4651E-01 8.2853E-02 8.2853E-02 6.9407E-07  2.3352E-04 4.0217E-01 8.2731E-08   214
 1.0000E-03 3.4786E-01 8.3352E-02 8.3352E-02 6.9421E-07  2.3262E-04 4.0217E-01 8.2748E-08   214
 1.0000E-03 3.4922E-01 8.3902E-02 8.3901E-02 6.9531E-07  2.3160E-04 4.0217E-01 8.2879E-08   214
 1.0000E-03 3.5059E-01 8.4505E-02 8.4504E-02 6.9739E-07  2.3054E-04 4.0217E-01 8.3128E-08   214
 1.0000E-03 3.5197E-01 8.5164E-02 8.5163E-02 7.0051E-07  2.2940E-04 4.0217E-01 8.3500E-08   214
 1.0000E-03 3.5336E-01 8.5884E-02 8.5883E-02 7.0472E-07  2.2830E-04 4.0217E-01 8.4001E-08   214
 1.0000E-03 3.5476E-01 8.6688E-02 8.6688E-02 7.1041E-07  2.2716E-04 4.0217E-01 8.4680E-08   214
 1.0000E-03 3.5618E-01 8.7590E-02 8.7590E-02 7.1776E-07  2.2578E-04 4.0217E-01 8.5557E-08   214
 1.0000E-03 3.5760E-01 8.8548E-02 8.8548E-02 7.2612E-07  2.2484E-04 4.0217E-01 8.6553E-08   214
 1.0000E-03 3.5904E-01 8.9566E-02 8.9566E-02 7.3555E-07  2.2371E-04 4.0217E-01 8.7677E-08   214
 1.0000E-03 3.6048E-01 9.0648E-02 9.0647E-02 7.4612E-07  2.2227E-04 4.0217E-01 8.8937E-08   214
 1.0000E-03 3.6194E-01 9.1800E-02 9.1799E-02 7.5791E-07  2.2132E-04 4.0217E-01 9.0343E-08   214
 1.0000E-03 3.6341E-01 9.3023E-02 9.3022E-02 7.7097E-07  2.2002E-04 4.0217E-01 9.1900E-08   214
 1.0000E-03 3.6490E-01 9.4310E-02 9.4309E-02 7.8517E-07  2.1882E-04 4.0217E-01 9.3594E-08   214
 1.0000E-03 3.6639E-01 9.5666E-02 9.5665E-02 8.0061E-07  2.1748E-04 4.0217E-01 9.5434E-08   214
 1.0000E-03 3.6790E-01 9.7096E-02 9.7096E-02 8.1738E-07  2.1598E-04 4.0217E-01 9.7433E-08   214
 1.0000E-03 3.6942E-01 9.8602E-02 9.8601E-02 8.3550E-07  2.1487E-04 4.0217E-01 9.9593E-08   214
 1.0000E-03 3.7095E-01 1.0017E-01 1.0017E-01 8.5483E-07  2.1377E-04 4.0217E-01 1.0190E-07   214
 1.0000E-03 3.7250E-01 1.0182E-01 1.0182E-01 8.7546E-07  2.1244E-04 4.0217E-01 1.0436E-07   214
 1.0000E-03 3.7406E-01 1.0352E-01 1.0352E-01 8.9717E-07  2.1105E-04 4.0217E-01 1.0695E-07   214
 1.0000E-03 3.7563E-01 1.0529E-01 1.0528E-01 9.2011E-07  2.0967E-04 4.0217E-01 1.0968E-07   214
 1.0000E-03 3.7722E-01 1.0712E-01 1.0712E-01 9.4456E-07  2.3691E-04 4.0254E-01 1.1257E-07   184
 1.0000E-03 3.7881E-01 1.0903E-01 1.0903E-01 9.7023E-07  2.3570E-04 4.0254E-01 1.1563E-07   184
 1.0000E-03 3.8043E-01 1.1103E-01 1.1103E-01 9.9743E-07  2.3438E-04 4.0254E-01 1.1887E-07   184
 1.0000E-03 3.8205E-01 1.1306E-01 1.1306E-01 1.0255E-06  2.3301E-04 4.0254E-01 1.2222E-07   184
 1.0000E-03 3.8369E-01 1.1510E-01 1.1510E-01 1.0538E-06  2.3183E-04 4.0254E-01 1.2559E-07   184
 1.0000E-03 3.8534E-01 1.1723E-01 1.1723E-01 1.0837E-06  2.3059E-04 4.0254E-01 1.2915E-07   184
 1.0000E-03 3.8701E-01 1.1944E-01 1.1944E-01 1.1154E-06  2.2932E-04 4.0254E-01 1.3293E-07   184
 1.0000E-03 3.8870E-01 1.2175E-01 1.2175E-01 1.1490E-06  2.2809E-04 4.0254E-01 1.3693E-07   184
 1.0000E-03 3.9039E-01 1.2416E-01 1.2416E-01 1.1846E-06  2.2687E-04 4.0254E-01 1.4118E-07   184
 1.0000E-03 3.9211E-01 1.2666E-01 1.2666E-01 1.2221E-06  2.2561E-04 4.0254E-01 1.4566E-07   184
 1.0000E-03 3.9383E-01 1.2926E-01 1.2926E-01 1.2619E-06  2.2450E-04 4.0254E-01 1.5040E-07   184
 1.0000E-03 3.9558E-01 1.3197E-01 1.3197E-01 1.3040E-06  2.2302E-04 4.0254E-01 1.5541E-07   184
 1.0000E-03 3.9733E-01 1.3478E-01 1.3478E-01 1.3486E-06  2.2164E-04 4.0254E-01 1.6073E-07   184
 1.0000E-03 3.9911E-01 1.3778E-01 1.3778E-01 1.3974E-06  2.2035E-04 4.0254E-01 1.6655E-07   184
 1.0000E-03 4.0090E-01 1.4090E-01 1.4090E-01 1.4493E-06  2.1937E-04 4.0254E-01 1.7273E-07   184
 1.0000E-03 4.0270E-01 1.4412E-01 1.4412E-01 1.5041E-06  2.1807E-04 4.0254E-01 1.7927E-07   184
 1.0000E-03 4.0452E-01 1.4745E-01 1.4745E-01 1.5620E-06  2.1698E-04 4.0254E-01 1.8617E-07   184
 1.0000E-03 4.0636E-01 1.5087E-01 1.5087E-01 1.6230E-06  2.1562E-04 4.0253E-01 1.9344E-07   184
 1.0000E-03 4.0822E-01 1.5435E-01 1.5435E-01 1.6870E-06  2.1440E-04 4.0254E-01 2.0106E-07   184
 1.0000E-03 4.1009E-01 1.5789E-01 1.5788E-01 1.7538E-06  2.1321E-04 4.0254E-01 2.0903E-07   184
 1.0000E-03 4.1198E-01 1.6143E-01 1.6143E-01 1.8232E-06  2.1213E-04 4.0254E-01 2.1730E-07   184
 1.0000E-03 4.1389E-01 1.6491E-01 1.6491E-01 1.8937E-06  2.1099E-04 4.0254E-01 2.2571E-07   184
 1.0000E-03 4.1581E-01 1.6822E-01 1.6822E-01 1.9638E-06  2.0959E-04 4.0254E-01 2.3406E-07   184
 1.0000E-03 4.1776E-01 1.7138E-01 1.7138E-01 2.0341E-06  2.0865E-04 4.0254E-01 2.4244E-07   184
 1.0000E-03 4.1972E-01 1.7431E-01 1.7431E-01 2.1038E-06  2.0759E-04 4.0254E-01 2.5074E-07   184
 1.0000E-03 4.2170E-01 1.7691E-01 1.7690E-01 2.1708E-06  2.0631E-04 4.0253E-01 2.5873E-07   184
 1.0000E-03 4.2370E-01 1.7907E-01 1.7907E-01 2.2334E-06  2.0515E-04 4.0254E-01 2.6620E-07   184
 1.0000E-03 4.2571E-01 1.8073E-01 1.8073E-01 2.2900E-06  2.0425E-04 4.0254E-01 2.7295E-07   184
 1.0000E-03 4.2775E-01 1.8179E-01 1.8179E-01 2.3390E-06  2.0312E-04 4.0254E-01 2.7878E-07   184
 1.0000E-03 4.2981E-01 1.8221E-01 1.8221E-01 2.3789E-06  2.0211E-04 4.0254E-01 2.8354E-07   184
 1.0000E-03 4.3188E-01 1.8206E-01 1.8205E-01 2.4113E-06  2.0129E-04 4.0254E-01 2.8740E-07   184
 1.0000E-03 4.3398E-01 1.8127E-01 1.8127E-01 2.4344E-06  2.0053E-04 4.0254E-01 2.9015E-07   184
 1.0000E-03 4.3610E-01 1.7982E-01 1.7982E-01 2.4469E-06  1.9942E-04 4.0254E-01 2.9164E-07   184
 1.0000E-03 4.3824E-01 1.7774E-01 1.7774E-01 2.4485E-06  1.9862E-04 4.0253E-01 2.9184E-07   184
 1.0000E-03 4.4039E-01 1.7509E-01 1.7509E-01 2.4402E-06  1.9788E-04 4.0254E-01 2.9085E-07   184
 1.0000E-03 4.4257E-01 1.7192E-01 1.7191E-01 2.4225E-06  1.9707E-04 4.0253E-01 2.8873E-07   184
 1.0000E-03 4.4478E-01 1.6826E-01 1.6825E-01 2.3956E-06  1.9636E-04 4.0253E-01 2.8553E-07   184
 1.0000E-03 4.4700E-01 1.6418E-01 1.6418E-01 2.3601E-06  1.9557E-04 4.0254E-01 2.8131E-07   184
 1.0000E-03 4.4925E-01 1.5975E-01 1.5975E-01 2.3173E-06  1.9463E-04 4.0254E-01 2.7620E-07   184
 1.0000E-03 4.5152E-01 1.5502E-01 1.5502E-01 2.2664E-06  1.9402E-04 4.0253E-01 2.7013E-07   184
 1.0000E-03 4.5381E-01 1.5003E-01 1.5003E-01 2.2066E-06  1.9343E-04 4.0254E-01 2.6301E-07   184
 1.0000E-03 4.5612E-01 1.4490E-01 1.4490E-01 2.1430E-06  1.9263E-04 4.0253E-01 2.5542E-07   184
 1.0000E-03 4.5846E-01 1.3969E-01 1.3969E-01 2.0763E-06  1.9193E-04 4.0253E-01 2.4747E-07   184
 1.0000E-03 4.6082E-01 1.3445E-01 1.3445E-01 2.0072E-06  1.9128E-04 4.0253E-01 2.3925E-07   184
 1.0000E-03 4.6321E-01 1.2924E-01 1.2924E-01 1.9366E-06  1.9073E-04 4.0253E-01 2.3083E-07   184
 1.0000E-03 4.6563E-01 1.2410E-01 1.2410E-01 1.8654E-06  1.8989E-04 4.0254E-01 2.2234E-07   184
 1.0000E-03 4.6806E-01 1.1907E-01 1.1907E-01 1.7942E-06  1.8936E-04 4.0254E-01 2.1385E-07   184
 1.0000E-03 4.7053E-01 1.1419E-01 1.1419E-01 1.7236E-06  1.8880E-04 4.0253E-01 2.0544E-07   184
 1.0000E-03 4.7302E-01 1.0959E-01 1.0959E-01 1.6557E-06  1.8812E-04 4.0254E-01 1.9734E-07   184
 1.0000E-03 4.7553E-01 1.0521E-01 1.0521E-01 1.5901E-06  1.8764E-04 4.0253E-01 1.8953E-07   184
 1.0000E-03 4.7807E-01 1.0103E-01 1.0103E-01 1.5266E-06  1.8719E-04 4.0254E-01 1.8196E-07   184
 1.0000E-03 4.8065E-01 9.7060E-02 9.7059E-02 1.4655E-06  1.8662E-04 4.0253E-01 1.7468E-07   184
 1.0000E-03 4.8324E-01 9.3315E-02 9.3313E-02 1.4074E-06  1.8617E-04 4.0253E-01 1.6775E-07   184
 1.0000E-03 4.8587E-01 8.9793E-02 8.9792E-02 1.3524E-06  1.8558E-04 4.0254E-01 1.6120E-07   184
 1.0000E-03 4.8852E-01 8.6493E-02 8.6492E-02 1.3010E-06  1.8502E-04 4.0253E-01 1.5507E-07   184
 1.0000E-03 4.9121E-01 8.3407E-02 8.3406E-02 1.2532E-06  1.8470E-04 4.0253E-01 1.4937E-07   184
 1.0000E-03 4.9392E-01 8.0513E-02 8.0512E-02 1.2092E-06  1.8406E-04 4.0253E-01 1.4413E-07   184
 1.0000E-03 4.9667E-01 7.7781E-02 7.7780E-02 1.1706E-06  1.8383E-04 4.0253E-01 1.3952E-07   184
 1.0000E-03 4.9944E-01 7.5106E-02 7.5105E-02 1.1390E-06  1.8342E-04 4.0253E-01 1.3576E-07   184
 1.0000E-03 5.0225E-01 7.2418E-02 7.2417E-02 1.1094E-06  1.8275E-04 4.0253E-01 1.3223E-07   184
 1.0000E-03 5.0508E-01 6.9665E-02 6.9664E-02 1.0813E-06  1.8239E-04 4.0253E-01 1.2889E-07   184
 1.0000E-03 5.0795E-01 6.6805E-02 6.6804E-02 1.0541E-06  1.8199E-04 4.0253E-01 1.2565E-07   184
 1.0000E-03 5.1086E-01 6.3801E-02 6.3800E-02 1.0272E-06  1.8135E-04 4.0253E-01 1.2244E-07   184
 1.0000E-03 5.1379E-01 6.0626E-02 6.0625E-02 1.0000E-06  1.8109E-04 4.0254E-01 1.1920E-07   184
 1.0000E-03 5.1676E-01 5.7271E-02 5.7270E-02 9.7188E-07  1.8055E-04 4.0253E-01 1.1584E-07   184
 1.0000E-03 5.1977E-01 5.3737E-02 5.3737E-02 9.4240E-07  1.7993E-04 4.0253E-01 1.1233E-07   184
 1.0000E-03 5.2281E-01 5.0095E-02 5.0094E-02 9.0604E-07  1.7935E-04 4.0253E-01 1.0799E-07   184
 1.0000E-03 5.2588E-01 4.6543E-02 4.6543E-02 8.6601E-07  1.7881E-04 4.0253E-01 1.0322E-07   184
 1.0000E-03 5.2899E-01 4.3125E-02 4.3124E-02 8.2592E-07  1.7810E-04 4.0253E-01 9.8446E-08   184
 1.0000E-03 5.3214E-01 3.9863E-02 3.9862E-02 7.8603E-07  1.7748E-04 4.0253E-01 9.3691E-08   184
 1.0000E-03 5.3533E-01 3.6782E-02 3.6781E-02 7.4663E-07  1.7686E-04 4.0253E-01 8.8994E-08   184
 1.0000E-03 5.3855E-01 3.3897E-02 3.3897E-02 7.0795E-07  1.7628E-04 4.0253E-01 8.4384E-08   184
 1.0000E-03 5.4182E-01 3.1223E-02 3.1222E-02 6.7023E-07  1.7582E-04 4.0253E-01 7.9888E-08   184
 1.0000E-03 5.4512E-01 2.8768E-02 2.8767E-02 6.3367E-07  1.7514E-04 4.0253E-01 7.5530E-08   184
 1.0000E-03 5.4847E-01 2.6536E-02 2.6536E-02 5.9844E-07  1.7426E-04 4.0253E-01 7.1331E-08   184
 1.0000E-03 5.5185E-01 2.4531E-02 2.4531E-02 5.6588E-07  1.7399E-04 4.0253E-01 6.7451E-08   184
 1.0000E-03 5.5528E-01 2.2714E-02 2.2713E-02 5.3493E-07  1.7308E-04 4.0253E-01 6.3762E-08   184
 1.0000E-03 5.5875E-01 2.1077E-02 2.1077E-02 5.0556E-07  1.7222E-04 4.0253E-01 6.0261E-08   184
 1.0000E-03 5.6226E-01 1.9618E-02 1.9618E-02 4.7778E-07  1.7182E-04 4.0253E-01 5.6950E-08   184
 1.0000E-03 5.6582E-01 1.8330E-02 1.8329E-02 4.5161E-07  1.7113E-04 4.0253E-01 5.3830E-08   184
 1.0000E-03 5.6943E-01 1.7205E-02 1.7204E-02 4.2705E-07  1.7039E-04 4.0253E-01 5.0903E-08   184
 1.0000E-03 5.7308E-01 1.6229E-02 1.6228E-02 4.0413E-07  1.6968E-04 4.0253E-01 4.8171E-08   184
 1.0000E-03 5.7677E-01 1.5387E-02 1.5386E-02 3.8281E-07  1.6914E-04 4.0253E-01 4.5630E-08   184
 1.0000E-03 5.8052E-01 1.4657E-02 1.4656E-02 3.6305E-07  1.6816E-04 4.0253E-01 4.3275E-08   184
 1.0000E-03 5.8431E-01 1.4016E-02 1.4016E-02 3.4463E-07  1.6751E-04 4.0253E-01 4.1079E-08   184
 1.0000E-03 5.8816E-01 1.3434E-02 1.3433E-02 3.2750E-07  1.6659E-04 4.0253E-01 3.9037E-08   184
 1.0000E-03 5.9205E-01 1.2885E-02 1.2884E-02 3.1150E-07  1.6585E-04 4.0253E-01 3.7130E-08   184
 1.0000E-03 5.9600E-01 1.2369E-02 1.2369E-02 2.9640E-07  1.6514E-04 4.0253E-01 3.5331E-08   184
 1.0000E-03 6.0000E-01 1.1903E-02 1.1903E-02 2.8208E-07  1.6433E-04 4.0253E-01 3.3624E-08   184
