 DDSCAT --- DDSCAT 7.3.3 [22.01.20]   
 TARGET --->TARGSPHER  spherical target with explicit spacing                 
 GPFAFT --- method of solution 
 FLTRCD --- prescription for polarizabilities
 FROM_FILE --- shape 
    4169 = NAT0 = number of dipoles
 ../../diel/Pena-Rioux_dielectric_26Au_74Ag                  
 ../../diel/Pena-Rioux_dielectric_65Au_35Ag                  
 ../../diel/Pena-Rioux_dielectric_85Au_15Ag                  
   0.000   0.000 = beta_min, beta_max ;  NBETA = 1
   0.000   0.000 = theta_min, theta_max; NTHETA= 1
   0.000   0.000 = phi_min, phi_max   ;   NPHI = 1
 0.5000 = ETASCA (param. controlling # of scatt. dirs used to calculate <cos> etc.
 Results averaged over    1 target orientations
                   and  2 incident polarizations
   aeff       wave       Q_ext     Q_abs      Q_sca     g(1)=<cos>  <cos^2>    Q_bk       Nsca
 8.0000E-02 3.0000E-01 2.8082E+00 1.5496E+00 1.2586E+00  6.4394E-01 6.1500E-01 2.9604E-02   656
 8.0000E-02 3.0101E-01 2.8054E+00 1.5513E+00 1.2542E+00  6.4341E-01 6.1385E-01 2.9553E-02   656
 8.0000E-02 3.0203E-01 2.8026E+00 1.5529E+00 1.2496E+00  6.4289E-01 6.1270E-01 2.9481E-02   656
 8.0000E-02 3.0305E-01 2.7996E+00 1.5546E+00 1.2450E+00  6.4238E-01 6.1153E-01 2.9387E-02   656
 8.0000E-02 3.0408E-01 2.7964E+00 1.5562E+00 1.2403E+00  6.4188E-01 6.1036E-01 2.9271E-02   656
 8.0000E-02 3.0512E-01 2.7932E+00 1.5578E+00 1.2354E+00  6.4139E-01 6.0918E-01 2.9133E-02   656
 8.0000E-02 3.0616E-01 2.7898E+00 1.5594E+00 1.2305E+00  6.4091E-01 6.0799E-01 2.8974E-02   656
 8.0000E-02 3.0722E-01 2.7863E+00 1.5609E+00 1.2254E+00  6.4044E-01 6.0679E-01 2.8793E-02   656
 8.0000E-02 3.0828E-01 2.7828E+00 1.5625E+00 1.2203E+00  6.3997E-01 6.0558E-01 2.8593E-02   656
 8.0000E-02 3.0934E-01 2.7794E+00 1.5640E+00 1.2153E+00  6.3949E-01 6.0435E-01 2.8385E-02   656
 8.0000E-02 3.1042E-01 2.7759E+00 1.5656E+00 1.2103E+00  6.3901E-01 6.0311E-01 2.8157E-02   656
 8.0000E-02 3.1150E-01 2.7722E+00 1.5671E+00 1.2052E+00  6.3854E-01 6.0186E-01 2.7909E-02   656
 8.0000E-02 3.1259E-01 2.7685E+00 1.5686E+00 1.1999E+00  6.3807E-01 6.0060E-01 2.7642E-02   656
 8.0000E-02 3.1368E-01 2.7646E+00 1.5700E+00 1.1946E+00  6.3761E-01 5.9934E-01 2.7357E-02   656
 8.0000E-02 3.1479E-01 2.7606E+00 1.5714E+00 1.1892E+00  6.3715E-01 5.9806E-01 2.7054E-02   656
 8.0000E-02 3.1590E-01 2.7565E+00 1.5729E+00 1.1836E+00  6.3670E-01 5.9678E-01 2.6733E-02   656
 8.0000E-02 3.1702E-01 2.7522E+00 1.5742E+00 1.1780E+00  6.3626E-01 5.9549E-01 2.6394E-02   656
 8.0000E-02 3.1815E-01 2.7477E+00 1.5756E+00 1.1721E+00  6.3583E-01 5.9419E-01 2.6034E-02   656
 8.0000E-02 3.1929E-01 2.7430E+00 1.5769E+00 1.1661E+00  6.3540E-01 5.9288E-01 2.5655E-02   656
 8.0000E-02 3.2043E-01 2.7381E+00 1.5782E+00 1.1599E+00  6.3498E-01 5.9157E-01 2.5260E-02   656
 8.0000E-02 3.2158E-01 2.7329E+00 1.5794E+00 1.1536E+00  6.3456E-01 5.9025E-01 2.4847E-02   657
 8.0000E-02 3.2274E-01 2.7276E+00 1.5805E+00 1.1471E+00  6.3415E-01 5.8892E-01 2.4419E-02   657
 8.0000E-02 3.2391E-01 2.7220E+00 1.5816E+00 1.1404E+00  6.3383E-01 5.8769E-01 2.3976E-02   602
 8.0000E-02 3.2509E-01 2.7162E+00 1.5826E+00 1.1336E+00  6.3342E-01 5.8635E-01 2.3519E-02   602
 8.0000E-02 3.2628E-01 2.7102E+00 1.5835E+00 1.1267E+00  6.3301E-01 5.8500E-01 2.3049E-02   602
 8.0000E-02 3.2747E-01 2.7033E+00 1.5842E+00 1.1190E+00  6.3266E-01 5.8366E-01 2.2544E-02   602
 8.0000E-02 3.2868E-01 2.6962E+00 1.5849E+00 1.1114E+00  6.3230E-01 5.8232E-01 2.2035E-02   602
 8.0000E-02 3.2989E-01 2.6892E+00 1.5854E+00 1.1038E+00  6.3191E-01 5.8095E-01 2.1524E-02   602
 8.0000E-02 3.3111E-01 2.6820E+00 1.5858E+00 1.0963E+00  6.3148E-01 5.7957E-01 2.1012E-02   602
 8.0000E-02 3.3234E-01 2.6748E+00 1.5861E+00 1.0888E+00  6.3103E-01 5.7818E-01 2.0501E-02   603
 8.0000E-02 3.3358E-01 2.6676E+00 1.5862E+00 1.0814E+00  6.3054E-01 5.7677E-01 1.9992E-02   603
 8.0000E-02 3.3483E-01 2.6603E+00 1.5862E+00 1.0741E+00  6.3001E-01 5.7534E-01 1.9487E-02   603
 8.0000E-02 3.3609E-01 2.6532E+00 1.5860E+00 1.0672E+00  6.2941E-01 5.7388E-01 1.8994E-02   603
 8.0000E-02 3.3736E-01 2.6466E+00 1.5857E+00 1.0609E+00  6.2869E-01 5.7237E-01 1.8526E-02   604
 8.0000E-02 3.3864E-01 2.6404E+00 1.5853E+00 1.0551E+00  6.2788E-01 5.7083E-01 1.8076E-02   604
 8.0000E-02 3.3992E-01 2.6346E+00 1.5848E+00 1.0498E+00  6.2698E-01 5.6926E-01 1.7647E-02   604
 8.0000E-02 3.4122E-01 2.6292E+00 1.5841E+00 1.0451E+00  6.2596E-01 5.6765E-01 1.7238E-02   604
 8.0000E-02 3.4253E-01 2.6243E+00 1.5834E+00 1.0409E+00  6.2483E-01 5.6600E-01 1.6851E-02   604
 8.0000E-02 3.4385E-01 2.6199E+00 1.5825E+00 1.0374E+00  6.2357E-01 5.6432E-01 1.6489E-02   604
 8.0000E-02 3.4517E-01 2.6162E+00 1.5816E+00 1.0347E+00  6.2217E-01 5.6259E-01 1.6159E-02   604
 8.0000E-02 3.4651E-01 2.6135E+00 1.5806E+00 1.0329E+00  6.2060E-01 5.6080E-01 1.5866E-02   605
 8.0000E-02 3.4786E-01 2.6114E+00 1.5797E+00 1.0318E+00  6.1888E-01 5.5898E-01 1.5601E-02   605
 8.0000E-02 3.4922E-01 2.6101E+00 1.5787E+00 1.0315E+00  6.1703E-01 5.5712E-01 1.5365E-02   605
 8.0000E-02 3.5059E-01 2.6096E+00 1.5776E+00 1.0320E+00  6.1505E-01 5.5524E-01 1.5160E-02   605
 8.0000E-02 3.5197E-01 2.6099E+00 1.5766E+00 1.0333E+00  6.1292E-01 5.5331E-01 1.4984E-02   605
 8.0000E-02 3.5336E-01 2.6111E+00 1.5756E+00 1.0355E+00  6.1064E-01 5.5136E-01 1.4842E-02   606
 8.0000E-02 3.5476E-01 2.6132E+00 1.5746E+00 1.0386E+00  6.0823E-01 5.4938E-01 1.4733E-02   606
 8.0000E-02 3.5618E-01 2.6162E+00 1.5738E+00 1.0425E+00  6.0571E-01 5.4739E-01 1.4652E-02   606
 8.0000E-02 3.5760E-01 2.6201E+00 1.5730E+00 1.0471E+00  6.0318E-01 5.4550E-01 1.4597E-02   551
 8.0000E-02 3.5904E-01 2.6247E+00 1.5723E+00 1.0524E+00  6.0045E-01 5.4347E-01 1.4569E-02   551
 8.0000E-02 3.6048E-01 2.6302E+00 1.5717E+00 1.0586E+00  5.9761E-01 5.4143E-01 1.4568E-02   551
 8.0000E-02 3.6194E-01 2.6366E+00 1.5712E+00 1.0655E+00  5.9467E-01 5.3938E-01 1.4593E-02   551
 8.0000E-02 3.6341E-01 2.6440E+00 1.5708E+00 1.0732E+00  5.9164E-01 5.3732E-01 1.4645E-02   551
 8.0000E-02 3.6490E-01 2.6520E+00 1.5706E+00 1.0814E+00  5.8857E-01 5.3527E-01 1.4713E-02   551
 8.0000E-02 3.6639E-01 2.6608E+00 1.5705E+00 1.0903E+00  5.8543E-01 5.3322E-01 1.4801E-02   551
 8.0000E-02 3.6790E-01 2.6704E+00 1.5706E+00 1.0998E+00  5.8224E-01 5.3117E-01 1.4907E-02   551
 8.0000E-02 3.6942E-01 2.6807E+00 1.5708E+00 1.1099E+00  5.7899E-01 5.2912E-01 1.5030E-02   551
 8.0000E-02 3.7095E-01 2.6917E+00 1.5712E+00 1.1206E+00  5.7570E-01 5.2707E-01 1.5170E-02   551
 8.0000E-02 3.7250E-01 2.7036E+00 1.5717E+00 1.1319E+00  5.7237E-01 5.2503E-01 1.5327E-02   551
 8.0000E-02 3.7406E-01 2.7160E+00 1.5724E+00 1.1436E+00  5.6903E-01 5.2300E-01 1.5492E-02   552
 8.0000E-02 3.7563E-01 2.7290E+00 1.5732E+00 1.1558E+00  5.6566E-01 5.2098E-01 1.5665E-02   552
 8.0000E-02 3.7722E-01 2.7426E+00 1.5741E+00 1.1685E+00  5.6227E-01 5.1896E-01 1.5849E-02   552
 8.0000E-02 3.7881E-01 2.7568E+00 1.5752E+00 1.1816E+00  5.5886E-01 5.1695E-01 1.6041E-02   552
 8.0000E-02 3.8043E-01 2.7717E+00 1.5765E+00 1.1952E+00  5.5543E-01 5.1494E-01 1.6241E-02   552
 8.0000E-02 3.8205E-01 2.7872E+00 1.5780E+00 1.2092E+00  5.5200E-01 5.1295E-01 1.6446E-02   552
 8.0000E-02 3.8369E-01 2.8031E+00 1.5795E+00 1.2236E+00  5.4856E-01 5.1096E-01 1.6654E-02   552
 8.0000E-02 3.8534E-01 2.8195E+00 1.5812E+00 1.2383E+00  5.4511E-01 5.0898E-01 1.6865E-02   552
 8.0000E-02 3.8701E-01 2.8365E+00 1.5830E+00 1.2535E+00  5.4166E-01 5.0700E-01 1.7080E-02   552
 8.0000E-02 3.8870E-01 2.8539E+00 1.5849E+00 1.2690E+00  5.3820E-01 5.0503E-01 1.7298E-02   552
 8.0000E-02 3.9039E-01 2.8720E+00 1.5870E+00 1.2850E+00  5.3473E-01 5.0306E-01 1.7518E-02   552
 8.0000E-02 3.9211E-01 2.8904E+00 1.5892E+00 1.3013E+00  5.3126E-01 5.0111E-01 1.7739E-02   552
 8.0000E-02 3.9383E-01 2.9094E+00 1.5914E+00 1.3180E+00  5.2777E-01 4.9915E-01 1.7964E-02   552
 8.0000E-02 3.9558E-01 2.9288E+00 1.5937E+00 1.3350E+00  5.2427E-01 4.9720E-01 1.8193E-02   552
 8.0000E-02 3.9733E-01 2.9487E+00 1.5962E+00 1.3526E+00  5.2076E-01 4.9525E-01 1.8426E-02   552
 8.0000E-02 3.9911E-01 2.9692E+00 1.5987E+00 1.3705E+00  5.1723E-01 4.9330E-01 1.8664E-02   552
 8.0000E-02 4.0090E-01 2.9901E+00 1.6012E+00 1.3888E+00  5.1380E-01 4.9149E-01 1.8906E-02   499
 8.0000E-02 4.0270E-01 3.0115E+00 1.6039E+00 1.4076E+00  5.1023E-01 4.8955E-01 1.9155E-02   499
 8.0000E-02 4.0452E-01 3.0335E+00 1.6065E+00 1.4270E+00  5.0663E-01 4.8761E-01 1.9416E-02   499
 8.0000E-02 4.0636E-01 3.0562E+00 1.6092E+00 1.4470E+00  5.0301E-01 4.8567E-01 1.9684E-02   499
 8.0000E-02 4.0822E-01 3.0794E+00 1.6120E+00 1.4675E+00  4.9936E-01 4.8373E-01 1.9961E-02   499
 8.0000E-02 4.1009E-01 3.1033E+00 1.6148E+00 1.4885E+00  4.9570E-01 4.8179E-01 2.0243E-02   499
 8.0000E-02 4.1198E-01 3.1279E+00 1.6177E+00 1.5102E+00  4.9201E-01 4.7985E-01 2.0534E-02   499
 8.0000E-02 4.1389E-01 3.1533E+00 1.6207E+00 1.5326E+00  4.8831E-01 4.7791E-01 2.0831E-02   499
 8.0000E-02 4.1581E-01 3.1794E+00 1.6238E+00 1.5556E+00  4.8460E-01 4.7597E-01 2.1128E-02   500
 8.0000E-02 4.1776E-01 3.2063E+00 1.6271E+00 1.5792E+00  4.8090E-01 4.7404E-01 2.1419E-02   500
 8.0000E-02 4.1972E-01 3.2338E+00 1.6305E+00 1.6033E+00  4.7721E-01 4.7211E-01 2.1699E-02   501
 8.0000E-02 4.2170E-01 3.2621E+00 1.6342E+00 1.6279E+00  4.7356E-01 4.7018E-01 2.1961E-02   501
 8.0000E-02 4.2370E-01 3.2911E+00 1.6381E+00 1.6530E+00  4.6995E-01 4.6827E-01 2.2195E-02   501
 8.0000E-02 4.2571E-01 3.3208E+00 1.6423E+00 1.6785E+00  4.6642E-01 4.6636E-01 2.2391E-02   501
 8.0000E-02 4.2775E-01 3.3510E+00 1.6467E+00 1.7043E+00  4.6296E-01 4.6446E-01 2.2547E-02   501
 8.0000E-02 4.2981E-01 3.3819E+00 1.6514E+00 1.7306E+00  4.5956E-01 4.6257E-01 2.2663E-02   501
 8.0000E-02 4.3188E-01 3.4136E+00 1.6563E+00 1.7573E+00  4.5623E-01 4.6070E-01 2.2739E-02   501
 8.0000E-02 4.3398E-01 3.4460E+00 1.6615E+00 1.7845E+00  4.5297E-01 4.5883E-01 2.2780E-02   501
 8.0000E-02 4.3610E-01 3.4790E+00 1.6668E+00 1.8122E+00  4.4973E-01 4.5697E-01 2.2799E-02   501
 8.0000E-02 4.3824E-01 3.5128E+00 1.6722E+00 1.8406E+00  4.4650E-01 4.5512E-01 2.2816E-02   501
 8.0000E-02 4.4039E-01 3.5473E+00 1.6777E+00 1.8697E+00  4.4327E-01 4.5328E-01 2.2832E-02   501
 8.0000E-02 4.4257E-01 3.5826E+00 1.6832E+00 1.8995E+00  4.4005E-01 4.5147E-01 2.2860E-02   501
 8.0000E-02 4.4478E-01 3.6187E+00 1.6887E+00 1.9300E+00  4.3681E-01 4.4967E-01 2.2909E-02   501
 8.0000E-02 4.4700E-01 3.6558E+00 1.6944E+00 1.9614E+00  4.3357E-01 4.4790E-01 2.2986E-02   501
 8.0000E-02 4.4925E-01 3.6940E+00 1.7001E+00 1.9939E+00  4.3035E-01 4.4617E-01 2.3084E-02   501
 8.0000E-02 4.5152E-01 3.7334E+00 1.7061E+00 2.0273E+00  4.2716E-01 4.4446E-01 2.3202E-02   501
 8.0000E-02 4.5381E-01 3.7742E+00 1.7123E+00 2.0619E+00  4.2401E-01 4.4279E-01 2.3338E-02   501
 8.0000E-02 4.5612E-01 3.8167E+00 1.7189E+00 2.0978E+00  4.2108E-01 4.4130E-01 2.3482E-02   452
 8.0000E-02 4.5846E-01 3.8611E+00 1.7259E+00 2.1352E+00  4.1811E-01 4.3970E-01 2.3615E-02   452
 8.0000E-02 4.6082E-01 3.9075E+00 1.7335E+00 2.1740E+00  4.1525E-01 4.3813E-01 2.3730E-02   452
 8.0000E-02 4.6321E-01 3.9563E+00 1.7416E+00 2.2147E+00  4.1251E-01 4.3659E-01 2.3814E-02   452
 8.0000E-02 4.6563E-01 4.0077E+00 1.7504E+00 2.2573E+00  4.0993E-01 4.3507E-01 2.3841E-02   452
 8.0000E-02 4.6806E-01 4.0618E+00 1.7599E+00 2.3020E+00  4.0749E-01 4.3355E-01 2.3797E-02   452
 8.0000E-02 4.7053E-01 4.1189E+00 1.7701E+00 2.3488E+00  4.0520E-01 4.3203E-01 2.3666E-02   452
 8.0000E-02 4.7302E-01 4.1792E+00 1.7810E+00 2.3982E+00  4.0305E-01 4.3049E-01 2.3434E-02   452
 8.0000E-02 4.7553E-01 4.2425E+00 1.7925E+00 2.4500E+00  4.0100E-01 4.2891E-01 2.3091E-02   452
 8.0000E-02 4.7807E-01 4.3087E+00 1.8043E+00 2.5044E+00  3.9901E-01 4.2728E-01 2.2650E-02   452
 8.0000E-02 4.8065E-01 4.3776E+00 1.8163E+00 2.5613E+00  3.9702E-01 4.2558E-01 2.2127E-02   452
 8.0000E-02 4.8324E-01 4.4487E+00 1.8279E+00 2.6208E+00  3.9495E-01 4.2380E-01 2.1560E-02   452
 8.0000E-02 4.8587E-01 4.5210E+00 1.8386E+00 2.6824E+00  3.9266E-01 4.2192E-01 2.1020E-02   452
 8.0000E-02 4.8852E-01 4.5935E+00 1.8478E+00 2.7457E+00  3.9007E-01 4.1994E-01 2.0593E-02   452
 8.0000E-02 4.9121E-01 4.6653E+00 1.8547E+00 2.8106E+00  3.8703E-01 4.1787E-01 2.0385E-02   452
 8.0000E-02 4.9392E-01 4.7346E+00 1.8586E+00 2.8760E+00  3.8343E-01 4.1570E-01 2.0536E-02   452
 8.0000E-02 4.9667E-01 4.8002E+00 1.8588E+00 2.9414E+00  3.7917E-01 4.1347E-01 2.1178E-02   452
 8.0000E-02 4.9944E-01 4.8609E+00 1.8547E+00 3.0063E+00  3.7416E-01 4.1118E-01 2.2446E-02   452
 8.0000E-02 5.0225E-01 4.9156E+00 1.8458E+00 3.0699E+00  3.6836E-01 4.0888E-01 2.4471E-02   452
 8.0000E-02 5.0508E-01 4.9634E+00 1.8319E+00 3.1315E+00  3.6176E-01 4.0658E-01 2.7358E-02   452
 8.0000E-02 5.0795E-01 5.0035E+00 1.8129E+00 3.1906E+00  3.5434E-01 4.0431E-01 3.1207E-02   452
 8.0000E-02 5.1086E-01 5.0351E+00 1.7885E+00 3.2466E+00  3.4609E-01 4.0209E-01 3.6095E-02   452
 8.0000E-02 5.1379E-01 5.0577E+00 1.7589E+00 3.2988E+00  3.3705E-01 3.9993E-01 4.2076E-02   453
 8.0000E-02 5.1676E-01 5.0707E+00 1.7239E+00 3.3468E+00  3.2722E-01 3.9786E-01 4.9197E-02   453
 8.0000E-02 5.1977E-01 5.0736E+00 1.6836E+00 3.3900E+00  3.1659E-01 3.9588E-01 5.7480E-02   453
 8.0000E-02 5.2281E-01 5.0665E+00 1.6383E+00 3.4283E+00  3.0522E-01 3.9401E-01 6.6910E-02   453
 8.0000E-02 5.2588E-01 5.0491E+00 1.5880E+00 3.4611E+00  2.9311E-01 3.9226E-01 7.7471E-02   453
 8.0000E-02 5.2899E-01 5.0212E+00 1.5332E+00 3.4881E+00  2.8041E-01 3.9076E-01 8.9113E-02   407
 8.0000E-02 5.3214E-01 4.9831E+00 1.4743E+00 3.5088E+00  2.6691E-01 3.8927E-01 1.0176E-01   407
 8.0000E-02 5.3533E-01 4.9351E+00 1.4125E+00 3.5227E+00  2.5282E-01 3.8793E-01 1.1527E-01   407
 8.0000E-02 5.3855E-01 4.8788E+00 1.3492E+00 3.5296E+00  2.3831E-01 3.8678E-01 1.2941E-01   407
 8.0000E-02 5.4182E-01 4.8163E+00 1.2861E+00 3.5301E+00  2.2360E-01 3.8583E-01 1.4390E-01   407
 8.0000E-02 5.4512E-01 4.7501E+00 1.2251E+00 3.5250E+00  2.0891E-01 3.8508E-01 1.5847E-01   407
 8.0000E-02 5.4847E-01 4.6830E+00 1.1676E+00 3.5154E+00  1.9446E-01 3.8456E-01 1.7285E-01   408
 8.0000E-02 5.5185E-01 4.6174E+00 1.1146E+00 3.5028E+00  1.8045E-01 3.8424E-01 1.8684E-01   408
 8.0000E-02 5.5528E-01 4.5556E+00 1.0673E+00 3.4884E+00  1.6709E-01 3.8413E-01 2.0021E-01   408
 8.0000E-02 5.5875E-01 4.4992E+00 1.0259E+00 3.4733E+00  1.5453E-01 3.8418E-01 2.1279E-01   408
 8.0000E-02 5.6226E-01 4.4483E+00 9.9052E-01 3.4577E+00  1.4284E-01 3.8437E-01 2.2447E-01   408
 8.0000E-02 5.6582E-01 4.4024E+00 9.6097E-01 3.4414E+00  1.3201E-01 3.8465E-01 2.3519E-01   408
 8.0000E-02 5.6943E-01 4.3607E+00 9.3705E-01 3.4236E+00  1.2201E-01 3.8499E-01 2.4488E-01   408
 8.0000E-02 5.7308E-01 4.3219E+00 9.1879E-01 3.4031E+00  1.1279E-01 3.8537E-01 2.5347E-01   408
 8.0000E-02 5.7677E-01 4.2851E+00 9.0629E-01 3.3788E+00  1.0429E-01 3.8577E-01 2.6090E-01   408
 8.0000E-02 5.8052E-01 4.2498E+00 8.9982E-01 3.3500E+00  9.6488E-02 3.8618E-01 2.6713E-01   408
 8.0000E-02 5.8431E-01 4.2161E+00 8.9939E-01 3.3168E+00  8.9352E-02 3.8660E-01 2.7220E-01   408
 8.0000E-02 5.8816E-01 4.1845E+00 9.0466E-01 3.2799E+00  8.2862E-02 3.8702E-01 2.7618E-01   408
 8.0000E-02 5.9205E-01 4.1549E+00 9.1538E-01 3.2395E+00  7.6990E-02 3.8744E-01 2.7913E-01   408
 8.0000E-02 5.9600E-01 4.1269E+00 9.3142E-01 3.1954E+00  7.1686E-02 3.8785E-01 2.8108E-01   408
 8.0000E-02 6.0000E-01 4.1011E+00 9.5217E-01 3.1489E+00  6.6872E-02 3.8825E-01 2.8229E-01   408
