 DDSCAT --- DDSCAT 7.3.3 [22.01.20]   
 TARGET --->TARGSPHER  spherical target with explicit spacing                 
 GPFAFT --- method of solution 
 FLTRCD --- prescription for polarizabilities
 FROM_FILE --- shape 
    4169 = NAT0 = number of dipoles
 ../../diel/Pena-Rioux_dielectric_26Au_74Ag                  
 ../../diel/Pena-Rioux_dielectric_52Au_48Ag                  
 ../../diel/Pena-Rioux_dielectric_76Au_24Ag                  
 ../../diel/Au_evap                                          
   0.000   0.000 = beta_min, beta_max ;  NBETA = 1
   0.000   0.000 = theta_min, theta_max; NTHETA= 1
   0.000   0.000 = phi_min, phi_max   ;   NPHI = 1
 Results averaged over    1 target orientations
                   and  2 incident polarizations
   aeff       wave       Q_pha       Q_pol       Q_cpol
 1.0000E-03 3.0000E-01  1.9720E-02 -2.9802E-08 -2.7940E-08
 1.0000E-03 3.0101E-01  1.9504E-02 -8.1956E-08  5.4017E-08
 1.0000E-03 3.0203E-01  1.9279E-02 -2.2352E-08 -2.2352E-08
 1.0000E-03 3.0305E-01  1.9049E-02 -1.2666E-07  1.6764E-08
 1.0000E-03 3.0408E-01  1.8813E-02 -1.4901E-07  2.7940E-08
 1.0000E-03 3.0512E-01  1.8572E-02 -5.2154E-08 -1.6764E-08
 1.0000E-03 3.0616E-01  1.8324E-02  4.4703E-08 -3.7253E-08
 1.0000E-03 3.0722E-01  1.8070E-02 -6.7055E-08 -3.1665E-08
 1.0000E-03 3.0828E-01  1.7815E-02  2.3097E-07  2.2352E-08
 1.0000E-03 3.0934E-01  1.7570E-02 -7.4506E-09  2.4214E-08
 1.0000E-03 3.1042E-01  1.7320E-02  1.4901E-07  5.5879E-09
 1.0000E-03 3.1150E-01  1.7068E-02 -1.4901E-07 -1.6764E-08
 1.0000E-03 3.1259E-01  1.6812E-02  4.4703E-08  1.3039E-08
 1.0000E-03 3.1368E-01  1.6549E-02 -2.6822E-07 -3.7253E-09
 1.0000E-03 3.1479E-01  1.6279E-02  2.4587E-07 -9.3132E-09
 1.0000E-03 3.1590E-01  1.6003E-02 -2.2352E-08 -1.1176E-08
 1.0000E-03 3.1702E-01  1.5720E-02 -3.7253E-08  1.6764E-08
 1.0000E-03 3.1815E-01  1.5430E-02  9.6858E-08  2.7940E-09
 1.0000E-03 3.1929E-01  1.5130E-02  8.1956E-08  2.8871E-08
 1.0000E-03 3.2043E-01  1.4817E-02  8.1956E-08 -3.0734E-08
 1.0000E-03 3.2158E-01  1.4484E-02 -1.5646E-07  9.3132E-10
 1.0000E-03 3.2274E-01  1.4139E-02 -1.3411E-07  2.0489E-08
 1.0000E-03 3.2391E-01  1.3780E-02 -1.1176E-07  5.5879E-09
 1.0000E-03 3.2509E-01  1.3408E-02 -1.4901E-08  0.0000E+00
 1.0000E-03 3.2628E-01  1.3022E-02  2.3842E-07 -1.1176E-08
 1.0000E-03 3.2747E-01  1.2583E-02 -4.4703E-08  5.5879E-09
 1.0000E-03 3.2868E-01  1.2131E-02 -2.1607E-07 -1.0245E-08
 1.0000E-03 3.2989E-01  1.1666E-02  2.2352E-07  3.7253E-09
 1.0000E-03 3.3111E-01  1.1187E-02 -1.9372E-07 -3.7253E-09
 1.0000E-03 3.3234E-01  1.0698E-02 -3.7253E-08 -6.5193E-09
 1.0000E-03 3.3358E-01  1.0196E-02  6.7055E-08  9.3132E-10
 1.0000E-03 3.3483E-01  9.6787E-03 -2.1607E-07 -3.7253E-09
 1.0000E-03 3.3609E-01  9.1485E-03 -1.2666E-07  8.3819E-09
 1.0000E-03 3.3736E-01  8.6158E-03 -8.1956E-08 -6.5193E-09
 1.0000E-03 3.3864E-01  8.0793E-03 -4.4703E-08 -9.3132E-09
 1.0000E-03 3.3992E-01  7.5383E-03  3.7253E-08  9.3132E-10
 1.0000E-03 3.4122E-01  6.9916E-03  2.9802E-08 -2.1420E-08
 1.0000E-03 3.4253E-01  6.4386E-03 -1.3411E-07 -1.0710E-08
 1.0000E-03 3.4385E-01  5.8777E-03  1.8626E-07  5.5879E-09
 1.0000E-03 3.4517E-01  5.3185E-03  1.4901E-08  1.0710E-08
 1.0000E-03 3.4651E-01  4.7727E-03 -1.4901E-07  1.8626E-09
 1.0000E-03 3.4786E-01  4.2288E-03  5.9605E-08 -2.7940E-09
 1.0000E-03 3.4922E-01  3.6865E-03 -3.7253E-08 -4.1910E-09
 1.0000E-03 3.5059E-01  3.1457E-03 -1.4901E-08 -3.2596E-09
 1.0000E-03 3.5197E-01  2.6061E-03  2.9802E-08 -4.6566E-10
 1.0000E-03 3.5336E-01  2.0676E-03  1.4901E-08 -1.6298E-09
 1.0000E-03 3.5476E-01  1.5378E-03  7.4506E-09  8.1491E-10
 1.0000E-03 3.5618E-01  1.0152E-03  7.4506E-09 -2.3283E-09
 1.0000E-03 3.5760E-01  4.9721E-04  1.4901E-08  2.2701E-09
 1.0000E-03 3.5904E-01 -1.5795E-05 -1.0431E-07  1.9572E-09
 1.0000E-03 3.6048E-01 -5.2321E-04  7.4506E-09 -5.8208E-11
 1.0000E-03 3.6194E-01 -1.0244E-03  1.1176E-07  1.9791E-09
 1.0000E-03 3.6341E-01 -1.5167E-03 -2.2352E-08 -2.6776E-09
 1.0000E-03 3.6490E-01 -1.9993E-03 -3.7253E-08  1.6298E-09
 1.0000E-03 3.6639E-01 -2.4740E-03  4.4703E-08  6.2864E-09
 1.0000E-03 3.6790E-01 -2.9399E-03  1.1176E-07 -1.1642E-09
 1.0000E-03 3.6942E-01 -3.3947E-03 -1.7136E-07  1.8626E-09
 1.0000E-03 3.7095E-01 -3.8381E-03 -1.6391E-07  5.1223E-09
 1.0000E-03 3.7250E-01 -4.2670E-03 -2.6822E-07  6.9849E-09
 1.0000E-03 3.7406E-01 -4.6817E-03 -2.9802E-08  6.5193E-09
 1.0000E-03 3.7563E-01 -5.0840E-03 -2.4587E-07  2.7940E-09
 1.0000E-03 3.7722E-01 -5.4718E-03 -2.3097E-07  2.3283E-09
 1.0000E-03 3.7881E-01 -5.8417E-03 -2.3842E-07 -8.3819E-09
 1.0000E-03 3.8043E-01 -6.1903E-03 -4.4703E-08  1.9092E-08
 1.0000E-03 3.8205E-01 -6.5155E-03 -1.9372E-07  3.2596E-09
 1.0000E-03 3.8369E-01 -6.8203E-03  0.0000E+00  8.8476E-09
 1.0000E-03 3.8534E-01 -7.1015E-03 -3.7253E-08 -4.6566E-09
 1.0000E-03 3.8701E-01 -7.3529E-03 -2.2352E-08  6.0536E-09
 1.0000E-03 3.8870E-01 -7.5680E-03  1.8626E-07  4.5635E-08
 1.0000E-03 3.9039E-01 -7.7394E-03 -7.4506E-08  7.4040E-08
 1.0000E-03 3.9211E-01 -7.8740E-03 -8.9407E-08  1.4901E-08
 1.0000E-03 3.9383E-01 -7.9554E-03  2.3842E-07  5.0291E-08
 1.0000E-03 3.9558E-01 -7.9732E-03  1.4901E-08 -1.6764E-08
 1.0000E-03 3.9733E-01 -7.9136E-03  1.4901E-07  6.8918E-08
 1.0000E-03 3.9911E-01 -7.7602E-03 -1.9372E-07  3.1665E-08
 1.0000E-03 4.0090E-01 -7.5100E-03  1.7881E-07  6.1467E-08
 1.0000E-03 4.0270E-01 -7.1323E-03  4.4703E-08 -1.4435E-08
 1.0000E-03 4.0452E-01 -6.5988E-03 -5.9605E-08  2.1933E-07
 1.0000E-03 4.0636E-01 -5.8830E-03 -4.4703E-08 -1.4389E-07
 1.0000E-03 4.0822E-01 -4.9538E-03  2.3842E-07 -9.9652E-08
 1.0000E-03 4.1009E-01 -3.7724E-03 -1.4901E-08  4.1910E-08
 1.0000E-03 4.1198E-01 -2.2888E-03 -3.4273E-07 -4.2841E-08
 1.0000E-03 4.1389E-01 -4.5887E-04 -1.4901E-07 -1.6793E-08
 1.0000E-03 4.1581E-01  1.7631E-03  1.0431E-07  6.7055E-08
 1.0000E-03 4.1776E-01  4.4256E-03 -2.9802E-07  2.7474E-07
 1.0000E-03 4.1972E-01  7.6014E-03  1.6242E-06  3.0268E-08
 1.0000E-03 4.2170E-01  1.1310E-02 -1.1921E-07 -6.7055E-08
 1.0000E-03 4.2370E-01  1.5578E-02  1.9372E-07  1.5087E-07
 1.0000E-03 4.2571E-01  2.0419E-02 -1.1921E-07  4.8429E-08
 1.0000E-03 4.2775E-01  2.5835E-02 -6.1095E-07 -8.0094E-08
 1.0000E-03 4.2981E-01  3.1780E-02  3.4273E-07 -5.9605E-08
 1.0000E-03 4.3188E-01  3.8170E-02 -2.9802E-07 -3.7253E-09
 1.0000E-03 4.3398E-01  4.4911E-02  1.3411E-07  6.7055E-08
 1.0000E-03 4.3610E-01  5.1878E-02  1.4901E-07 -2.6077E-08
 1.0000E-03 4.3824E-01  5.8867E-02 -3.4273E-07  1.0803E-07
 1.0000E-03 4.4039E-01  6.5681E-02 -4.4703E-08  5.2154E-08
 1.0000E-03 4.4257E-01  7.2120E-02  4.1723E-07  2.5332E-07
 1.0000E-03 4.4478E-01  7.7984E-02 -2.9802E-08  8.9407E-08
 1.0000E-03 4.4700E-01  8.3074E-02  5.5134E-07  2.0862E-07
 1.0000E-03 4.4925E-01  8.7279E-02 -2.3842E-07 -3.2037E-07
 1.0000E-03 4.5152E-01  9.0547E-02 -1.4007E-06 -1.9372E-07
 1.0000E-03 4.5381E-01  9.2877E-02  1.3262E-06 -3.5763E-07
 1.0000E-03 4.5612E-01  9.4312E-02  1.7881E-07 -5.9605E-08
 1.0000E-03 4.5846E-01  9.4969E-02 -3.8743E-07 -4.9174E-07
 1.0000E-03 4.6082E-01  9.4961E-02 -6.8545E-07 -2.8312E-07
 1.0000E-03 4.6321E-01  9.4409E-02  9.6858E-08 -2.4587E-07
 1.0000E-03 4.6563E-01  9.3442E-02 -1.9372E-07 -6.7055E-08
 1.0000E-03 4.6806E-01  9.2167E-02  5.9605E-08  6.7055E-08
 1.0000E-03 4.7053E-01  9.0667E-02  7.4506E-08 -1.9372E-07
 1.0000E-03 4.7302E-01  8.8998E-02  2.4587E-07  3.7998E-07
 1.0000E-03 4.7553E-01  8.7239E-02 -3.7998E-07  2.0862E-07
 1.0000E-03 4.7807E-01  8.5439E-02  5.1409E-07  0.0000E+00
 1.0000E-03 4.8065E-01  8.3631E-02 -5.4389E-07 -2.6077E-07
 1.0000E-03 4.8324E-01  8.1837E-02 -1.7881E-07 -2.9802E-07
 1.0000E-03 4.8587E-01  8.0077E-02  2.6077E-08  1.4901E-08
 1.0000E-03 4.8852E-01  7.8360E-02 -7.4133E-07 -7.4506E-09
 1.0000E-03 4.9121E-01  7.6694E-02 -1.3411E-07  2.9802E-08
 1.0000E-03 4.9392E-01  7.5084E-02 -1.0431E-07 -1.3411E-07
 1.0000E-03 4.9667E-01  7.3548E-02  2.1234E-07 -8.9407E-08
 1.0000E-03 4.9944E-01  7.2115E-02 -4.7311E-07  2.3097E-07
 1.0000E-03 5.0225E-01  7.0747E-02  9.3132E-08  8.9407E-08
 1.0000E-03 5.0508E-01  6.9449E-02 -4.5449E-07 -1.5646E-07
 1.0000E-03 5.0795E-01  6.8226E-02  1.1548E-07  2.2352E-08
 1.0000E-03 5.1086E-01  6.7085E-02 -1.0803E-07  2.0117E-07
 1.0000E-03 5.1379E-01  6.6031E-02 -1.3039E-07 -4.4703E-08
 1.0000E-03 5.1676E-01  6.5066E-02 -1.0431E-07  1.4901E-08
 1.0000E-03 5.1977E-01  6.4189E-02 -9.6858E-08 -1.1176E-07
 1.0000E-03 5.2281E-01  6.3319E-02  5.9605E-08 -5.2154E-08
 1.0000E-03 5.2588E-01  6.2429E-02 -2.6077E-08 -9.6858E-08
 1.0000E-03 5.2899E-01  6.1540E-02 -6.1467E-08 -2.0862E-07
 1.0000E-03 5.3214E-01  6.0641E-02  1.2666E-07  1.1176E-08
 1.0000E-03 5.3533E-01  5.9730E-02 -3.4645E-07 -1.1548E-07
 1.0000E-03 5.3855E-01  5.8806E-02  1.1921E-07 -8.9407E-08
 1.0000E-03 5.4182E-01  5.7874E-02  1.8626E-09 -4.8429E-07
 1.0000E-03 5.4512E-01  5.6942E-02 -2.5332E-07 -2.7567E-07
 1.0000E-03 5.4847E-01  5.6018E-02 -1.4901E-07 -1.3411E-07
 1.0000E-03 5.5185E-01  5.5128E-02  5.9232E-07 -3.8370E-07
 1.0000E-03 5.5528E-01  5.4259E-02 -9.8720E-08  4.3213E-07
 1.0000E-03 5.5875E-01  5.3406E-02 -3.0547E-07 -2.1234E-07
 1.0000E-03 5.6226E-01  5.2566E-02 -4.9733E-07  0.0000E+00
 1.0000E-03 5.6582E-01  5.1733E-02  1.0431E-07 -1.0803E-07
 1.0000E-03 5.6943E-01  5.0902E-02  0.0000E+00  3.7253E-08
 1.0000E-03 5.7308E-01  5.0071E-02  3.2224E-07 -2.1234E-07
 1.0000E-03 5.7677E-01  4.9239E-02  2.9989E-07 -1.8626E-08
 1.0000E-03 5.8052E-01  4.8409E-02  3.3062E-07  1.1176E-07
 1.0000E-03 5.8431E-01  4.7583E-02  5.6811E-08  4.4703E-08
 1.0000E-03 5.8816E-01  4.6775E-02  3.0361E-07  1.5646E-07
 1.0000E-03 5.9205E-01  4.6002E-02 -1.3132E-07  2.1979E-07
 1.0000E-03 5.9600E-01  4.5271E-02 -1.0058E-07 -3.7253E-09
 1.0000E-03 6.0000E-01  4.4591E-02  3.0641E-07 -6.3330E-08
