 DDSCAT --- DDSCAT 7.3.3 [22.01.20]   
 TARGET --->TARGSPHER  spherical target with explicit spacing                 
 GPFAFT --- method of solution 
 FLTRCD --- prescription for polarizabilities
 FROM_FILE --- shape 
    4169 = NAT0 = number of dipoles
 ../../diel/Pena-Rioux_dielectric_26Au_74Ag                  
 ../../diel/Pena-Rioux_dielectric_34Au_66Ag                  
 ../../diel/Pena-Rioux_dielectric_85Au_15Ag                  
 ../../diel/Pena-Rioux_dielectric_92Au_8Ag                   
   0.000   0.000 = beta_min, beta_max ;  NBETA = 1
   0.000   0.000 = theta_min, theta_max; NTHETA= 1
   0.000   0.000 = phi_min, phi_max   ;   NPHI = 1
 Results averaged over    1 target orientations
                   and  2 incident polarizations
   aeff       wave       Q_pha       Q_pol       Q_cpol
 8.0000E-02 3.0000E-01 -1.9272E-01 -4.7684E-06  3.7253E-07
 8.0000E-02 3.0101E-01 -1.9155E-01 -4.7684E-07 -2.9802E-08
 8.0000E-02 3.0203E-01 -1.9049E-01  0.0000E+00  1.9372E-07
 8.0000E-02 3.0305E-01 -1.8955E-01 -9.5367E-07 -1.0431E-07
 8.0000E-02 3.0408E-01 -1.8872E-01  4.7684E-06  1.0431E-06
 8.0000E-02 3.0512E-01 -1.8802E-01  1.9073E-06 -2.2352E-07
 8.0000E-02 3.0616E-01 -1.8744E-01 -7.1526E-06 -6.1095E-07
 8.0000E-02 3.0722E-01 -1.8700E-01  8.3447E-06 -3.4273E-07
 8.0000E-02 3.0828E-01 -1.8671E-01 -3.0994E-06 -4.4703E-07
 8.0000E-02 3.0934E-01 -1.8659E-01 -4.7684E-06  4.3213E-07
 8.0000E-02 3.1042E-01 -1.8661E-01  8.8215E-06 -1.3411E-07
 8.0000E-02 3.1150E-01 -1.8678E-01  0.0000E+00  7.4506E-08
 8.0000E-02 3.1259E-01 -1.8709E-01  9.5367E-07  4.6194E-07
 8.0000E-02 3.1368E-01 -1.8756E-01 -7.1526E-07 -1.6391E-07
 8.0000E-02 3.1479E-01 -1.8820E-01  2.6226E-06  3.1292E-07
 8.0000E-02 3.1590E-01 -1.8901E-01  2.1458E-06 -5.6624E-07
 8.0000E-02 3.1702E-01 -1.9000E-01 -9.5367E-07  7.4506E-08
 8.0000E-02 3.1815E-01 -1.9102E-01 -6.1989E-06 -3.8743E-07
 8.0000E-02 3.1929E-01 -1.9223E-01 -6.4373E-06 -3.4273E-07
 8.0000E-02 3.2043E-01 -1.9366E-01  4.7684E-06 -1.4901E-08
 8.0000E-02 3.2158E-01 -1.9533E-01  4.7684E-07  5.6624E-07
 8.0000E-02 3.2274E-01 -1.9725E-01 -6.1989E-06  1.6391E-07
 8.0000E-02 3.2391E-01 -1.9942E-01 -4.2915E-06  2.2352E-07
 8.0000E-02 3.2509E-01 -2.0187E-01  4.2915E-06  5.0664E-07
 8.0000E-02 3.2628E-01 -2.0460E-01  9.5367E-07 -8.9407E-08
 8.0000E-02 3.2747E-01 -2.0787E-01 -5.7220E-06  5.9605E-08
 8.0000E-02 3.2868E-01 -2.1150E-01  7.3910E-06  4.3213E-07
 8.0000E-02 3.2989E-01 -2.1551E-01  7.1526E-07 -1.3411E-07
 8.0000E-02 3.3111E-01 -2.1990E-01  2.6226E-06 -4.6194E-07
 8.0000E-02 3.3234E-01 -2.2469E-01  2.8610E-06  3.4273E-07
 8.0000E-02 3.3358E-01 -2.2990E-01  2.6226E-06 -1.4901E-07
 8.0000E-02 3.3483E-01 -2.3555E-01  6.4373E-06  7.4506E-08
 8.0000E-02 3.3609E-01 -2.4173E-01  1.1921E-06 -7.4506E-08
 8.0000E-02 3.3736E-01 -2.4837E-01 -4.7684E-07  5.9605E-08
 8.0000E-02 3.3864E-01 -2.5537E-01  9.5367E-07  3.5763E-07
 8.0000E-02 3.3992E-01 -2.6272E-01 -3.5763E-06 -2.9802E-08
 8.0000E-02 3.4122E-01 -2.7041E-01 -1.9073E-06  2.0862E-07
 8.0000E-02 3.4253E-01 -2.7846E-01 -6.9141E-06  2.9802E-08
 8.0000E-02 3.4385E-01 -2.8687E-01 -2.8610E-06  5.3644E-07
 8.0000E-02 3.4517E-01 -2.9553E-01  2.1458E-06  3.2783E-07
 8.0000E-02 3.4651E-01 -3.0429E-01 -1.1921E-06 -2.3842E-07
 8.0000E-02 3.4786E-01 -3.1325E-01 -7.1526E-07  2.6822E-07
 8.0000E-02 3.4922E-01 -3.2240E-01  9.5367E-07 -3.8743E-07
 8.0000E-02 3.5059E-01 -3.3174E-01 -1.1921E-06 -2.0862E-07
 8.0000E-02 3.5197E-01 -3.4126E-01 -3.3379E-06 -4.7684E-07
 8.0000E-02 3.5336E-01 -3.5097E-01 -4.7684E-06 -1.1921E-06
 8.0000E-02 3.5476E-01 -3.6074E-01 -2.3842E-07  5.3644E-07
 8.0000E-02 3.5618E-01 -3.7060E-01 -7.1526E-07 -2.9802E-07
 8.0000E-02 3.5760E-01 -3.8059E-01  8.1062E-06 -5.0664E-07
 8.0000E-02 3.5904E-01 -3.9071E-01 -2.3842E-07 -2.9802E-07
 8.0000E-02 3.6048E-01 -4.0095E-01  0.0000E+00 -1.4901E-07
 8.0000E-02 3.6194E-01 -4.1132E-01  3.5763E-06  5.3644E-07
 8.0000E-02 3.6341E-01 -4.2183E-01  9.5367E-07 -6.8545E-07
 8.0000E-02 3.6490E-01 -4.3250E-01  3.8147E-06 -7.7486E-07
 8.0000E-02 3.6639E-01 -4.4329E-01 -2.1458E-06  7.4506E-07
 8.0000E-02 3.6790E-01 -4.5419E-01  2.3842E-07  2.8610E-06
 8.0000E-02 3.6942E-01 -4.6520E-01  4.7684E-06 -5.7518E-06
 8.0000E-02 3.7095E-01 -4.7632E-01  0.0000E+00 -1.2726E-05
 8.0000E-02 3.7250E-01 -4.8757E-01 -1.0490E-05 -6.5863E-06
 8.0000E-02 3.7406E-01 -4.9894E-01  5.9605E-06  3.4273E-06
 8.0000E-02 3.7563E-01 -5.1036E-01  5.2452E-06 -8.7023E-06
 8.0000E-02 3.7722E-01 -5.2183E-01  3.3379E-06  1.0133E-06
 8.0000E-02 3.7881E-01 -5.3333E-01 -4.7684E-06  1.0252E-05
 8.0000E-02 3.8043E-01 -5.4487E-01 -4.7684E-07  1.6689E-06
 8.0000E-02 3.8205E-01 -5.5639E-01  3.5763E-06 -2.0266E-06
 8.0000E-02 3.8369E-01 -5.6781E-01 -1.8597E-05  8.9407E-07
 8.0000E-02 3.8534E-01 -5.7915E-01 -1.6689E-06  3.2783E-06
 8.0000E-02 3.8701E-01 -5.9041E-01 -4.2915E-06 -1.4305E-06
 8.0000E-02 3.8870E-01 -6.0155E-01  1.5259E-05 -4.9472E-06
 8.0000E-02 3.9039E-01 -6.1256E-01 -2.1458E-06 -2.6226E-06
 8.0000E-02 3.9211E-01 -6.2330E-01  2.8610E-06  4.1723E-07
 8.0000E-02 3.9383E-01 -6.3382E-01 -9.5367E-07 -1.9073E-06
 8.0000E-02 3.9558E-01 -6.4409E-01  4.7684E-06 -1.0133E-06
 8.0000E-02 3.9733E-01 -6.5407E-01  2.8610E-06 -5.9605E-08
 8.0000E-02 3.9911E-01 -6.6370E-01  3.3379E-06 -4.7684E-07
 8.0000E-02 4.0090E-01 -6.7292E-01 -2.3842E-07  4.1723E-07
 8.0000E-02 4.0270E-01 -6.8171E-01  5.4836E-06 -1.0550E-05
 8.0000E-02 4.0452E-01 -6.9002E-01  1.6689E-06 -2.3842E-07
 8.0000E-02 4.0636E-01 -6.9780E-01 -2.8610E-06 -1.2517E-06
 8.0000E-02 4.0822E-01 -7.0497E-01  6.9141E-06 -2.8610E-06
 8.0000E-02 4.1009E-01 -7.1145E-01 -5.0068E-06  4.1723E-07
 8.0000E-02 4.1198E-01 -7.1722E-01  4.2915E-06 -1.3709E-06
 8.0000E-02 4.1389E-01 -7.2218E-01 -2.3842E-06 -2.4438E-06
 8.0000E-02 4.1581E-01 -7.2622E-01  8.5831E-06 -3.2187E-06
 8.0000E-02 4.1776E-01 -7.2921E-01 -1.3590E-05 -1.1921E-07
 8.0000E-02 4.1972E-01 -7.3107E-01 -2.3842E-07  8.3447E-07
 8.0000E-02 4.2170E-01 -7.3167E-01 -1.6689E-06 -2.2650E-06
 8.0000E-02 4.2370E-01 -7.3084E-01  0.0000E+00 -7.7486E-06
 8.0000E-02 4.2571E-01 -7.2841E-01 -7.1526E-07 -2.3246E-06
 8.0000E-02 4.2775E-01 -7.2423E-01 -9.5367E-06 -4.0531E-06
 8.0000E-02 4.2981E-01 -7.1827E-01  1.0252E-05  6.0797E-06
 8.0000E-02 4.3188E-01 -7.1048E-01  1.1683E-05  3.6955E-06
 8.0000E-02 4.3398E-01 -7.0087E-01  1.6689E-06  1.7881E-07
 8.0000E-02 4.3610E-01 -6.8955E-01 -5.7220E-06 -1.6093E-06
 8.0000E-02 4.3824E-01 -6.7675E-01  4.2915E-06  4.1723E-07
 8.0000E-02 4.4039E-01 -6.6265E-01 -1.0967E-05 -6.5565E-07
 8.0000E-02 4.4257E-01 -6.4738E-01 -9.5367E-07 -9.0599E-06
 8.0000E-02 4.4478E-01 -6.3097E-01  3.8147E-06 -3.3975E-06
 8.0000E-02 4.4700E-01 -6.1338E-01 -3.5763E-05 -8.1658E-06
 8.0000E-02 4.4925E-01 -5.9443E-01  2.8610E-06 -3.8743E-06
 8.0000E-02 4.5152E-01 -5.7385E-01 -1.4305E-05  1.0788E-05
 8.0000E-02 4.5381E-01 -5.5136E-01 -5.7220E-06  4.1127E-06
 8.0000E-02 4.5612E-01 -5.2674E-01  1.9073E-06 -1.8477E-06
 8.0000E-02 4.5846E-01 -4.9988E-01 -1.0014E-05  1.8477E-06
 8.0000E-02 4.6082E-01 -4.7082E-01 -2.3842E-06 -2.6822E-07
 8.0000E-02 4.6321E-01 -4.3971E-01 -1.8597E-05  2.5034E-06
 8.0000E-02 4.6563E-01 -4.0693E-01  9.5367E-07 -4.2021E-06
 8.0000E-02 4.6806E-01 -3.7292E-01  1.8120E-05  8.3447E-06
 8.0000E-02 4.7053E-01 -3.3824E-01  8.1062E-06  2.9802E-06
 8.0000E-02 4.7302E-01 -3.0356E-01  3.3379E-06  1.0669E-05
 8.0000E-02 4.7553E-01 -2.6949E-01  6.1989E-06 -3.5167E-06
 8.0000E-02 4.7807E-01 -2.3651E-01  0.0000E+00 -7.4506E-07
 8.0000E-02 4.8065E-01 -2.0508E-01 -1.5259E-05 -6.6757E-06
 8.0000E-02 4.8324E-01 -1.7539E-01  9.5367E-07  6.0052E-06
 8.0000E-02 4.8587E-01 -1.4730E-01  6.1989E-06  1.3709E-06
 8.0000E-02 4.8852E-01 -1.2055E-01 -1.9073E-06 -2.2501E-06
 8.0000E-02 4.9121E-01 -9.4700E-02 -1.0490E-05  2.7269E-06
 8.0000E-02 4.9392E-01 -6.8965E-02  4.7684E-06  3.2708E-06
 8.0000E-02 4.9667E-01 -4.2670E-02 -7.6294E-06  5.3458E-06
 8.0000E-02 4.9944E-01 -1.5137E-02  4.7684E-06 -1.2945E-07
 8.0000E-02 5.0225E-01  1.4343E-02 -1.1921E-05 -5.5516E-06
 8.0000E-02 5.0508E-01  4.6213E-02 -1.3828E-05 -4.9174E-07
 8.0000E-02 5.0795E-01  8.0788E-02  2.6703E-05  9.7901E-06
 8.0000E-02 5.1086E-01  1.1817E-01 -1.0490E-05  9.2387E-07
 8.0000E-02 5.1379E-01  1.5800E-01  2.3842E-06  5.9456E-06
 8.0000E-02 5.1676E-01  1.9989E-01 -4.7684E-07 -1.0714E-05
 8.0000E-02 5.1977E-01  2.4307E-01 -3.3379E-05 -8.3596E-06
 8.0000E-02 5.2281E-01  2.8642E-01  3.3379E-06  8.0466E-07
 8.0000E-02 5.2588E-01  3.2879E-01  3.8147E-06 -9.8646E-06
 8.0000E-02 5.2899E-01  3.6880E-01  1.9073E-06 -1.3798E-05
 8.0000E-02 5.3214E-01  4.0516E-01  1.1444E-05 -7.2718E-06
 8.0000E-02 5.3533E-01  4.3699E-01  3.8147E-06  1.7881E-07
 8.0000E-02 5.3855E-01  4.6374E-01 -9.5367E-06 -2.3842E-07
 8.0000E-02 5.4182E-01  4.8519E-01  1.5736E-05 -3.1471E-05
 8.0000E-02 5.4512E-01  5.0151E-01 -3.0041E-05 -1.1623E-05
 8.0000E-02 5.4847E-01  5.1338E-01  3.3855E-05 -1.0610E-05
 8.0000E-02 5.5185E-01  5.2175E-01  4.7684E-06  2.0266E-05
 8.0000E-02 5.5528E-01  5.2764E-01  1.2875E-05 -8.7023E-06
 8.0000E-02 5.5875E-01  5.3186E-01  1.4782E-05 -8.2850E-06
 8.0000E-02 5.6226E-01  5.3496E-01 -2.6703E-05  3.9935E-06
 8.0000E-02 5.6582E-01  5.3715E-01 -2.7657E-05 -7.2718E-06
 8.0000E-02 5.6943E-01  5.3840E-01  1.5259E-05  7.6294E-06
 8.0000E-02 5.7308E-01  5.3843E-01 -1.5259E-05  5.1856E-06
 8.0000E-02 5.7677E-01  5.3693E-01 -4.5300E-05 -3.7432E-05
 8.0000E-02 5.8052E-01  5.3384E-01  1.0967E-05 -2.6286E-05
 8.0000E-02 5.8431E-01  5.2932E-01  1.9073E-06  3.2604E-05
 8.0000E-02 5.8816E-01  5.2315E-01 -2.3842E-06 -1.8001E-05
 8.0000E-02 5.9205E-01  5.1449E-01  3.3379E-06  1.1206E-05
 8.0000E-02 5.9600E-01  5.0200E-01  1.5736E-05  3.6657E-05
 8.0000E-02 6.0000E-01  4.8458E-01  5.3406E-05  1.4335E-05
