 DDSCAT --- DDSCAT 7.3.3 [22.01.20]   
 TARGET --->TARGSPHER  spherical target with explicit spacing                 
 GPFAFT --- method of solution 
 FLTRCD --- prescription for polarizabilities
 FROM_FILE --- shape 
    4169 = NAT0 = number of dipoles
 ../../diel/Pena-Rioux_dielectric_26Au_74Ag                  
 ../../diel/Pena-Rioux_dielectric_76Au_24Ag                  
 ../../diel/Pena-Rioux_dielectric_85Au_15Ag                  
 ../../diel/Pena-Rioux_dielectric_92Au_8Ag                   
   0.000   0.000 = beta_min, beta_max ;  NBETA = 1
   0.000   0.000 = theta_min, theta_max; NTHETA= 1
   0.000   0.000 = phi_min, phi_max   ;   NPHI = 1
 Results averaged over    1 target orientations
                   and  2 incident polarizations
   aeff       wave       Q_pha       Q_pol       Q_cpol
 1.0000E-03 3.0000E-01  2.1019E-02  3.7253E-08  2.9802E-08
 1.0000E-03 3.0101E-01  2.0823E-02 -8.9407E-08  0.0000E+00
 1.0000E-03 3.0203E-01  2.0622E-02  2.2352E-08 -1.3039E-08
 1.0000E-03 3.0305E-01  2.0416E-02  5.9605E-08 -5.2154E-08
 1.0000E-03 3.0408E-01  2.0206E-02 -6.7055E-08 -7.4506E-09
 1.0000E-03 3.0512E-01  1.9992E-02 -5.9605E-08 -1.4901E-08
 1.0000E-03 3.0616E-01  1.9772E-02 -1.0431E-07 -3.1665E-08
 1.0000E-03 3.0722E-01  1.9547E-02 -1.8626E-07  3.9116E-08
 1.0000E-03 3.0828E-01  1.9322E-02  4.4703E-08  2.0489E-08
 1.0000E-03 3.0934E-01  1.9110E-02 -5.9605E-08 -4.2841E-08
 1.0000E-03 3.1042E-01  1.8894E-02  1.0431E-07 -2.0489E-08
 1.0000E-03 3.1150E-01  1.8673E-02  5.9605E-08  3.7253E-09
 1.0000E-03 3.1259E-01  1.8447E-02  8.9407E-08  1.6764E-08
 1.0000E-03 3.1368E-01  1.8217E-02 -5.2154E-08  7.4506E-09
 1.0000E-03 3.1479E-01  1.7981E-02 -2.1607E-07 -3.3528E-08
 1.0000E-03 3.1590E-01  1.7741E-02 -2.3842E-07  2.7940E-08
 1.0000E-03 3.1702E-01  1.7496E-02  4.4703E-08  2.2352E-08
 1.0000E-03 3.1815E-01  1.7247E-02 -1.8626E-07 -2.9802E-08
 1.0000E-03 3.1929E-01  1.6988E-02 -2.0117E-07 -1.1176E-08
 1.0000E-03 3.2043E-01  1.6719E-02 -3.2783E-07 -3.7253E-09
 1.0000E-03 3.2158E-01  1.6438E-02  9.6858E-08 -5.4017E-08
 1.0000E-03 3.2274E-01  1.6146E-02 -3.3528E-07 -4.8429E-08
 1.0000E-03 3.2391E-01  1.5842E-02  0.0000E+00  3.3528E-08
 1.0000E-03 3.2509E-01  1.5526E-02 -7.4506E-09  2.1420E-08
 1.0000E-03 3.2628E-01  1.5198E-02 -1.7881E-07  1.2107E-08
 1.0000E-03 3.2747E-01  1.4819E-02 -3.7253E-08 -1.3970E-08
 1.0000E-03 3.2868E-01  1.4428E-02 -1.1176E-07  1.2107E-08
 1.0000E-03 3.2989E-01  1.4024E-02  8.9407E-08 -1.9558E-08
 1.0000E-03 3.3111E-01  1.3608E-02  2.2352E-08  2.6077E-08
 1.0000E-03 3.3234E-01  1.3177E-02 -2.9802E-08  0.0000E+00
 1.0000E-03 3.3358E-01  1.2733E-02  5.2154E-08 -1.8626E-09
 1.0000E-03 3.3483E-01  1.2273E-02 -8.9407E-08  1.1176E-08
 1.0000E-03 3.3609E-01  1.1798E-02  0.0000E+00  3.7253E-09
 1.0000E-03 3.3736E-01  1.1317E-02 -1.4156E-07  4.6566E-09
 1.0000E-03 3.3864E-01  1.0831E-02  1.2666E-07  6.5193E-09
 1.0000E-03 3.3992E-01  1.0340E-02  4.4703E-08 -9.3132E-09
 1.0000E-03 3.4122E-01  9.8413E-03  3.7253E-08  1.2107E-08
 1.0000E-03 3.4253E-01  9.3352E-03 -1.3411E-07  1.5832E-08
 1.0000E-03 3.4385E-01  8.8204E-03  6.7055E-08  2.7940E-09
 1.0000E-03 3.4517E-01  8.3036E-03  4.4703E-08 -1.3970E-08
 1.0000E-03 3.4651E-01  7.7958E-03 -2.9802E-08 -1.6298E-08
 1.0000E-03 3.4786E-01  7.2896E-03 -8.9407E-08 -1.9558E-08
 1.0000E-03 3.4922E-01  6.7847E-03  5.2154E-08  1.2573E-08
 1.0000E-03 3.5059E-01  6.2808E-03  1.1176E-07 -5.5879E-09
 1.0000E-03 3.5197E-01  5.7777E-03 -1.4901E-08  7.4506E-09
 1.0000E-03 3.5336E-01  5.2752E-03 -5.2154E-08  6.0536E-09
 1.0000E-03 3.5476E-01  4.7829E-03 -7.4506E-08  6.0536E-09
 1.0000E-03 3.5618E-01  4.3008E-03 -3.7253E-08  3.7253E-09
 1.0000E-03 3.5760E-01  3.8262E-03  1.1176E-07 -1.6298E-09
 1.0000E-03 3.5904E-01  3.3596E-03 -5.9605E-08  1.1642E-09
 1.0000E-03 3.6048E-01  2.9018E-03  6.7055E-08  3.2596E-09
 1.0000E-03 3.6194E-01  2.4532E-03  2.2352E-08  3.0268E-09
 1.0000E-03 3.6341E-01  2.0187E-03  3.7253E-08  2.7940E-09
 1.0000E-03 3.6490E-01  1.6025E-03 -4.4703E-08  3.6089E-09
 1.0000E-03 3.6639E-01  1.2002E-03  2.9802E-08 -5.8208E-10
 1.0000E-03 3.6790E-01  8.1351E-04  1.4901E-08 -2.5611E-09
 1.0000E-03 3.6942E-01  4.4440E-04 -2.9802E-08 -2.9977E-09
 1.0000E-03 3.7095E-01  9.5186E-05  0.0000E+00  5.9663E-10
 1.0000E-03 3.7250E-01 -2.3042E-04 -2.2352E-08 -8.2946E-10
 1.0000E-03 3.7406E-01 -5.3083E-04 -1.5646E-07 -3.4925E-10
 1.0000E-03 3.7563E-01 -8.0815E-04 -2.6822E-07  4.3656E-09
 1.0000E-03 3.7722E-01 -1.0588E-03  1.9372E-07  5.2387E-09
 1.0000E-03 3.7881E-01 -1.2790E-03 -1.1921E-07 -1.0477E-09
 1.0000E-03 3.8043E-01 -1.4644E-03  1.0431E-07  2.8173E-08
 1.0000E-03 3.8205E-01 -1.6107E-03  2.7567E-07 -7.2177E-09
 1.0000E-03 3.8369E-01 -1.7201E-03  2.2352E-08  1.4319E-08
 1.0000E-03 3.8534E-01 -1.7886E-03  1.4901E-08  4.5635E-08
 1.0000E-03 3.8701E-01 -1.8103E-03  2.5332E-07 -5.3900E-08
 1.0000E-03 3.8870E-01 -1.7780E-03 -2.7567E-07 -6.4378E-08
 1.0000E-03 3.9039E-01 -1.6837E-03  7.4506E-09 -5.3318E-08
 1.0000E-03 3.9211E-01 -1.5272E-03  1.7881E-07  3.9581E-09
 1.0000E-03 3.9383E-01 -1.3037E-03  7.4506E-08 -6.2864E-09
 1.0000E-03 3.9558E-01 -1.0015E-03 -1.1921E-07  1.8894E-07
 1.0000E-03 3.9733E-01 -6.1182E-04 -2.5332E-07 -9.0164E-08
 1.0000E-03 3.9911E-01 -1.2048E-04  2.8312E-07 -1.3418E-07
 1.0000E-03 4.0090E-01  4.7851E-04  2.1309E-06 -1.4232E-08
 1.0000E-03 4.0270E-01  1.1939E-03 -5.9605E-08  1.8277E-08
 1.0000E-03 4.0452E-01  2.0427E-03  8.1956E-07  1.3737E-08
 1.0000E-03 4.0636E-01  3.0428E-03  4.0233E-07 -2.5937E-07
 1.0000E-03 4.0822E-01  4.2122E-03  7.4506E-08 -3.8650E-08
 1.0000E-03 4.1009E-01  5.5624E-03 -2.9802E-08 -4.7497E-08
 1.0000E-03 4.1198E-01  7.1113E-03  2.2352E-07 -3.7253E-09
 1.0000E-03 4.1389E-01  8.8799E-03  7.4506E-08  1.0245E-08
 1.0000E-03 4.1581E-01  1.0885E-02 -1.1176E-06 -1.6205E-07
 1.0000E-03 4.1776E-01  1.3140E-02 -4.3213E-07  3.0268E-07
 1.0000E-03 4.1972E-01  1.5639E-02 -1.4901E-07 -3.7253E-07
 1.0000E-03 4.2170E-01  1.8386E-02 -9.0897E-07  2.9802E-08
 1.0000E-03 4.2370E-01  2.1365E-02 -2.5332E-07  2.4214E-08
 1.0000E-03 4.2571E-01  2.4545E-02  2.6822E-07  1.4529E-07
 1.0000E-03 4.2775E-01  2.7889E-02 -9.3877E-07  5.2154E-08
 1.0000E-03 4.2981E-01  3.1356E-02 -5.2154E-07 -3.3528E-08
 1.0000E-03 4.3188E-01  3.4903E-02  1.6391E-07  8.9407E-08
 1.0000E-03 4.3398E-01  3.8486E-02  1.7881E-07  1.8626E-08
 1.0000E-03 4.3610E-01  4.2058E-02  0.0000E+00 -8.1956E-08
 1.0000E-03 4.3824E-01  4.5586E-02 -2.2352E-07  7.8231E-08
 1.0000E-03 4.4039E-01  4.9033E-02  2.8312E-07 -3.3528E-08
 1.0000E-03 4.4257E-01  5.2363E-02 -7.4506E-08 -2.1234E-07
 1.0000E-03 4.4478E-01  5.5545E-02  5.8115E-07  8.5682E-08
 1.0000E-03 4.4700E-01  5.8563E-02  1.1921E-07 -1.4901E-08
 1.0000E-03 4.4925E-01  6.1403E-02  1.0431E-07  1.0803E-07
 1.0000E-03 4.5152E-01  6.4056E-02  2.2352E-07  1.3411E-07
 1.0000E-03 4.5381E-01  6.6520E-02 -2.9802E-08  1.2666E-07
 1.0000E-03 4.5612E-01  6.8807E-02  2.2352E-07 -1.4901E-07
 1.0000E-03 4.5846E-01  7.0913E-02 -1.7881E-07 -1.7136E-07
 1.0000E-03 4.6082E-01  7.2838E-02 -1.3411E-07 -1.5646E-07
 1.0000E-03 4.6321E-01  7.4583E-02  4.0233E-07 -1.1921E-07
 1.0000E-03 4.6563E-01  7.6139E-02 -2.3842E-07 -6.7055E-08
 1.0000E-03 4.6806E-01  7.7483E-02  2.5332E-07 -1.4901E-07
 1.0000E-03 4.7053E-01  7.8605E-02  2.1607E-07  4.3958E-07
 1.0000E-03 4.7302E-01  7.9491E-02  1.4901E-08 -1.2666E-07
 1.0000E-03 4.7553E-01  8.0123E-02 -2.3842E-07  1.9372E-07
 1.0000E-03 4.7807E-01  8.0500E-02 -2.4587E-07  1.4901E-07
 1.0000E-03 4.8065E-01  8.0631E-02  6.7055E-08  4.2468E-07
 1.0000E-03 4.8324E-01  8.0529E-02 -8.1956E-08 -1.4901E-08
 1.0000E-03 4.8587E-01  8.0217E-02 -1.1176E-07 -2.2352E-08
 1.0000E-03 4.8852E-01  7.9725E-02  2.6077E-07 -7.4506E-09
 1.0000E-03 4.9121E-01  7.9082E-02 -6.5565E-07  1.0431E-07
 1.0000E-03 4.9392E-01  7.8318E-02 -3.2783E-07  7.4506E-08
 1.0000E-03 4.9667E-01  7.7462E-02 -1.5646E-07  5.2154E-08
 1.0000E-03 4.9944E-01  7.6537E-02 -4.6939E-07 -2.3842E-07
 1.0000E-03 5.0225E-01  7.5561E-02 -1.1176E-08 -7.4506E-08
 1.0000E-03 5.0508E-01  7.4548E-02 -5.5879E-07  4.0978E-07
 1.0000E-03 5.0795E-01  7.3504E-02  1.6019E-07 -1.1176E-07
 1.0000E-03 5.1086E-01  7.2433E-02 -1.8254E-07  2.9802E-07
 1.0000E-03 5.1379E-01  7.1332E-02  2.2352E-08  4.7684E-07
 1.0000E-03 5.1676E-01  7.0196E-02  2.1234E-07 -3.4273E-07
 1.0000E-03 5.1977E-01  6.9017E-02  2.9802E-08  5.2154E-07
 1.0000E-03 5.2281E-01  6.7792E-02 -1.6764E-07 -1.6391E-07
 1.0000E-03 5.2588E-01  6.6520E-02  2.9802E-08  6.7055E-08
 1.0000E-03 5.2899E-01  6.5207E-02  4.3213E-07  2.9802E-08
 1.0000E-03 5.3214E-01  6.3867E-02 -1.5274E-07 -9.6858E-08
 1.0000E-03 5.3533E-01  6.2515E-02  2.0117E-07 -1.8626E-07
 1.0000E-03 5.3855E-01  6.1167E-02 -3.9116E-08  1.3411E-07
 1.0000E-03 5.4182E-01  5.9843E-02  4.7311E-07  8.5682E-08
 1.0000E-03 5.4512E-01  5.8555E-02 -7.0594E-07  2.4959E-07
 1.0000E-03 5.4847E-01  5.7316E-02 -5.2899E-07  6.7055E-08
 1.0000E-03 5.5185E-01  5.6131E-02 -9.4995E-08 -1.5274E-07
 1.0000E-03 5.5528E-01  5.5001E-02  4.6566E-07  1.7136E-07
 1.0000E-03 5.5875E-01  5.3925E-02 -1.0375E-06  2.3842E-07
 1.0000E-03 5.6226E-01  5.2896E-02 -1.9558E-07  3.1292E-07
 1.0000E-03 5.6582E-01  5.1906E-02  1.3337E-06  5.9605E-08
 1.0000E-03 5.6943E-01  5.0950E-02 -1.3001E-06  9.8720E-07
 1.0000E-03 5.7308E-01  5.0021E-02  2.4587E-07 -7.1898E-07
 1.0000E-03 5.7677E-01  4.9119E-02 -6.8918E-08 -5.5879E-07
 1.0000E-03 5.8052E-01  4.8244E-02  1.1921E-07 -3.8370E-07
 1.0000E-03 5.8431E-01  4.7404E-02  1.7602E-07 -6.0350E-07
 1.0000E-03 5.8816E-01  4.6602E-02  2.8592E-07 -2.2352E-08
 1.0000E-03 5.9205E-01  4.5842E-02  7.7300E-08  5.0291E-07
 1.0000E-03 5.9600E-01  4.5124E-02  1.6056E-06  2.1234E-07
 1.0000E-03 6.0000E-01  4.4454E-02 -6.2119E-07 -6.1467E-07
