 DDSCAT --- DDSCAT 7.3.3 [22.01.20]   
 TARGET --->TARGSPHER  spherical target with explicit spacing                 
 GPFAFT --- method of solution 
 FLTRCD --- prescription for polarizabilities
 FROM_FILE --- shape 
    4169 = NAT0 = number of dipoles
 ../../diel/Pena-Rioux_dielectric_26Au_74Ag                  
 ../../diel/Pena-Rioux_dielectric_52Au_48Ag                  
 ../../diel/Pena-Rioux_dielectric_65Au_35Ag                  
 ../../diel/Pena-Rioux_dielectric_85Au_15Ag                  
   0.000   0.000 = beta_min, beta_max ;  NBETA = 1
   0.000   0.000 = theta_min, theta_max; NTHETA= 1
   0.000   0.000 = phi_min, phi_max   ;   NPHI = 1
 Results averaged over    1 target orientations
                   and  2 incident polarizations
   aeff       wave       Q_pha       Q_pol       Q_cpol
 8.0000E-02 3.0000E-01 -1.8860E-01 -6.6757E-06  4.6194E-07
 8.0000E-02 3.0101E-01 -1.8731E-01 -3.3379E-06 -1.4901E-08
 8.0000E-02 3.0203E-01 -1.8610E-01  3.5763E-06  5.2154E-07
 8.0000E-02 3.0305E-01 -1.8499E-01 -1.1921E-06 -3.2783E-07
 8.0000E-02 3.0408E-01 -1.8398E-01 -6.4373E-06 -6.1095E-07
 8.0000E-02 3.0512E-01 -1.8306E-01 -1.0967E-05 -1.4901E-08
 8.0000E-02 3.0616E-01 -1.8225E-01 -9.5367E-07 -1.0431E-07
 8.0000E-02 3.0722E-01 -1.8155E-01 -5.7220E-06  8.9407E-08
 8.0000E-02 3.0828E-01 -1.8097E-01  2.3842E-07 -8.9407E-08
 8.0000E-02 3.0934E-01 -1.8048E-01 -3.5763E-06 -5.0664E-07
 8.0000E-02 3.1042E-01 -1.8011E-01  7.1526E-07 -1.4901E-08
 8.0000E-02 3.1150E-01 -1.7985E-01  4.2915E-06  3.2783E-07
 8.0000E-02 3.1259E-01 -1.7970E-01 -3.3379E-06  3.5763E-07
 8.0000E-02 3.1368E-01 -1.7967E-01  2.3842E-07 -4.1723E-07
 8.0000E-02 3.1479E-01 -1.7977E-01  4.0531E-06 -3.4273E-07
 8.0000E-02 3.1590E-01 -1.7999E-01  3.3379E-06 -5.3644E-07
 8.0000E-02 3.1702E-01 -1.8036E-01  1.0729E-05 -4.0233E-06
 8.0000E-02 3.1815E-01 -1.8066E-01 -9.0599E-06 -6.5565E-07
 8.0000E-02 3.1929E-01 -1.8111E-01 -2.3842E-07  2.9802E-08
 8.0000E-02 3.2043E-01 -1.8176E-01  5.9605E-06 -2.0862E-07
 8.0000E-02 3.2158E-01 -1.8261E-01  1.4305E-06 -1.9372E-07
 8.0000E-02 3.2274E-01 -1.8368E-01 -6.1989E-06  3.5763E-07
 8.0000E-02 3.2391E-01 -1.8497E-01 -7.8678E-06  3.4273E-07
 8.0000E-02 3.2509E-01 -1.8650E-01 -5.7220E-06 -4.7684E-07
 8.0000E-02 3.2628E-01 -1.8828E-01  5.7220E-06 -5.2154E-07
 8.0000E-02 3.2747E-01 -1.9061E-01  2.8610E-06 -1.0431E-07
 8.0000E-02 3.2868E-01 -1.9330E-01  4.7684E-07  1.6391E-07
 8.0000E-02 3.2989E-01 -1.9637E-01 -3.8147E-06 -7.4506E-08
 8.0000E-02 3.3111E-01 -1.9982E-01 -4.5300E-06 -2.9802E-07
 8.0000E-02 3.3234E-01 -2.0367E-01 -2.3842E-06 -1.7881E-07
 8.0000E-02 3.3358E-01 -2.0795E-01 -1.9073E-06  1.9372E-07
 8.0000E-02 3.3483E-01 -2.1266E-01 -1.9073E-06 -1.0431E-07
 8.0000E-02 3.3609E-01 -2.1798E-01 -7.6294E-06  3.1292E-07
 8.0000E-02 3.3736E-01 -2.2384E-01 -2.1458E-06  1.3411E-07
 8.0000E-02 3.3864E-01 -2.3006E-01  2.6226E-06 -8.7917E-07
 8.0000E-02 3.3992E-01 -2.3665E-01  5.7220E-06 -1.7136E-06
 8.0000E-02 3.4122E-01 -2.4362E-01  9.5367E-07  2.9802E-08
 8.0000E-02 3.4253E-01 -2.5097E-01  0.0000E+00  1.8179E-06
 8.0000E-02 3.4385E-01 -2.5871E-01 -4.7684E-07 -6.8545E-07
 8.0000E-02 3.4517E-01 -2.6673E-01  7.1526E-07 -3.2783E-07
 8.0000E-02 3.4651E-01 -2.7487E-01  9.5367E-07 -4.7684E-07
 8.0000E-02 3.4786E-01 -2.8318E-01  9.5367E-07 -2.9802E-07
 8.0000E-02 3.4922E-01 -2.9166E-01  3.8147E-06  0.0000E+00
 8.0000E-02 3.5059E-01 -3.0030E-01  5.9605E-06 -8.9407E-08
 8.0000E-02 3.5197E-01 -3.0909E-01 -1.1921E-06  3.2783E-07
 8.0000E-02 3.5336E-01 -3.1803E-01  2.3842E-06  9.5367E-07
 8.0000E-02 3.5476E-01 -3.2696E-01  1.0252E-05  2.4438E-06
 8.0000E-02 3.5618E-01 -3.3587E-01  3.2663E-05 -5.5730E-06
 8.0000E-02 3.5760E-01 -3.4479E-01 -2.3842E-07  3.4869E-06
 8.0000E-02 3.5904E-01 -3.5372E-01 -1.3113E-05  5.0366E-06
 8.0000E-02 3.6048E-01 -3.6265E-01  2.1458E-06 -4.4107E-06
 8.0000E-02 3.6194E-01 -3.7157E-01  1.5259E-05  2.9504E-06
 8.0000E-02 3.6341E-01 -3.8044E-01  2.1458E-06  4.4703E-07
 8.0000E-02 3.6490E-01 -3.8920E-01 -1.1921E-05  6.7949E-06
 8.0000E-02 3.6639E-01 -3.9792E-01  2.3842E-06  1.1921E-07
 8.0000E-02 3.6790E-01 -4.0658E-01 -6.1989E-06  3.4571E-06
 8.0000E-02 3.6942E-01 -4.1518E-01 -7.6294E-06  6.5565E-07
 8.0000E-02 3.7095E-01 -4.2372E-01 -4.2915E-06  1.1235E-05
 8.0000E-02 3.7250E-01 -4.3216E-01 -7.8678E-06 -5.9605E-07
 8.0000E-02 3.7406E-01 -4.4052E-01 -3.3379E-06  2.2352E-06
 8.0000E-02 3.7563E-01 -4.4883E-01  8.3447E-06  2.0862E-06
 8.0000E-02 3.7722E-01 -4.5711E-01  3.8147E-06 -5.7817E-06
 8.0000E-02 3.7881E-01 -4.6533E-01 -9.0599E-06  1.2517E-06
 8.0000E-02 3.8043E-01 -4.7351E-01  5.2452E-06 -7.1526E-07
 8.0000E-02 3.8205E-01 -4.8162E-01  1.6689E-06 -5.9605E-07
 8.0000E-02 3.8369E-01 -4.8974E-01 -2.6226E-06  1.2815E-06
 8.0000E-02 3.8534E-01 -4.9788E-01 -9.7752E-06  3.2783E-07
 8.0000E-02 3.8701E-01 -5.0604E-01  2.3842E-07  0.0000E+00
 8.0000E-02 3.8870E-01 -5.1422E-01  1.2398E-05  1.5497E-06
 8.0000E-02 3.9039E-01 -5.2240E-01  1.0252E-05  1.1325E-06
 8.0000E-02 3.9211E-01 -5.3071E-01 -1.0014E-05 -6.6161E-06
 8.0000E-02 3.9383E-01 -5.3910E-01 -2.8610E-06 -3.5763E-07
 8.0000E-02 3.9558E-01 -5.4757E-01  3.3379E-06 -1.1921E-07
 8.0000E-02 3.9733E-01 -5.5611E-01 -5.7220E-06 -8.3447E-07
 8.0000E-02 3.9911E-01 -5.6472E-01  1.1921E-06 -1.1921E-07
 8.0000E-02 4.0090E-01 -5.7352E-01  6.1989E-06  3.5763E-07
 8.0000E-02 4.0270E-01 -5.8240E-01 -1.1921E-06 -5.3048E-06
 8.0000E-02 4.0452E-01 -5.9131E-01 -2.3842E-06 -2.9802E-07
 8.0000E-02 4.0636E-01 -6.0023E-01 -2.3842E-06 -3.6359E-06
 8.0000E-02 4.0822E-01 -6.0914E-01 -9.5367E-06 -6.7353E-06
 8.0000E-02 4.1009E-01 -6.1805E-01  1.9073E-06 -4.8280E-06
 8.0000E-02 4.1198E-01 -6.2680E-01  1.1921E-06 -1.0729E-06
 8.0000E-02 4.1389E-01 -6.3532E-01 -4.7684E-06  5.9605E-07
 8.0000E-02 4.1581E-01 -6.4359E-01 -8.5831E-06 -2.3842E-06
 8.0000E-02 4.1776E-01 -6.5156E-01  0.0000E+00  1.9073E-06
 8.0000E-02 4.1972E-01 -6.5906E-01 -5.7220E-06 -1.1921E-07
 8.0000E-02 4.2170E-01 -6.6601E-01  0.0000E+00 -8.9407E-07
 8.0000E-02 4.2370E-01 -6.7237E-01 -6.4373E-06  1.1921E-07
 8.0000E-02 4.2571E-01 -6.7808E-01  8.8215E-06 -2.9802E-07
 8.0000E-02 4.2775E-01 -6.8301E-01  4.5300E-06  1.3113E-06
 8.0000E-02 4.2981E-01 -6.8695E-01 -4.2915E-06  8.9407E-07
 8.0000E-02 4.3188E-01 -6.8984E-01  4.7684E-07 -1.6093E-06
 8.0000E-02 4.3398E-01 -6.9154E-01 -2.3842E-07  1.0729E-06
 8.0000E-02 4.3610E-01 -6.9183E-01 -4.0531E-06  5.9605E-08
 8.0000E-02 4.3824E-01 -6.9039E-01  5.0068E-06 -3.0994E-06
 8.0000E-02 4.4039E-01 -6.8712E-01  1.9789E-05 -5.7817E-06
 8.0000E-02 4.4257E-01 -6.8180E-01 -4.2915E-06  3.2187E-06
 8.0000E-02 4.4478E-01 -6.7415E-01 -1.9073E-05 -5.9605E-07
 8.0000E-02 4.4700E-01 -6.6399E-01 -9.5367E-07  1.7881E-06
 8.0000E-02 4.4925E-01 -6.5126E-01 -1.2398E-05  8.3447E-07
 8.0000E-02 4.5152E-01 -6.3582E-01 -9.5367E-07  3.0994E-06
 8.0000E-02 4.5381E-01 -6.1757E-01  4.7684E-07  1.9073E-06
 8.0000E-02 4.5612E-01 -5.9659E-01 -2.8610E-06 -7.8082E-06
 8.0000E-02 4.5846E-01 -5.7304E-01 -4.2915E-06  4.2915E-06
 8.0000E-02 4.6082E-01 -5.4707E-01  2.2888E-05 -6.6757E-06
 8.0000E-02 4.6321E-01 -5.1891E-01 -1.6212E-05  2.4438E-06
 8.0000E-02 4.6563E-01 -4.8903E-01 -2.3842E-06  2.7716E-06
 8.0000E-02 4.6806E-01 -4.5783E-01 -5.2452E-06  3.3081E-06
 8.0000E-02 4.7053E-01 -4.2571E-01 -7.6294E-06 -2.6524E-06
 8.0000E-02 4.7302E-01 -3.9307E-01 -6.1989E-06  1.7285E-06
 8.0000E-02 4.7553E-01 -3.6030E-01 -7.6294E-06  4.3213E-06
 8.0000E-02 4.7807E-01 -3.2755E-01  1.6689E-05  1.8477E-06
 8.0000E-02 4.8065E-01 -2.9486E-01 -8.5831E-06  1.4901E-06
 8.0000E-02 4.8324E-01 -2.6211E-01 -7.6294E-06 -6.1691E-06
 8.0000E-02 4.8587E-01 -2.2895E-01 -2.2411E-05 -1.5050E-06
 8.0000E-02 4.8852E-01 -1.9494E-01 -7.1526E-06 -1.6838E-06
 8.0000E-02 4.9121E-01 -1.5962E-01  3.5763E-05 -3.4869E-06
 8.0000E-02 4.9392E-01 -1.2243E-01  9.5367E-06  1.0483E-05
 8.0000E-02 4.9667E-01 -8.3025E-02  3.1948E-05 -3.6955E-06
 8.0000E-02 4.9944E-01 -4.1222E-02  4.4346E-05 -5.5246E-06
 8.0000E-02 5.0225E-01  2.9016E-03 -3.9577E-05 -1.2492E-05
 8.0000E-02 5.0508E-01  4.8914E-02 -2.6226E-05 -1.6503E-05
 8.0000E-02 5.0795E-01  9.6254E-02 -2.7657E-05  7.6592E-06
 8.0000E-02 5.1086E-01  1.4424E-01  3.3379E-06  1.0818E-05
 8.0000E-02 5.1379E-01  1.9210E-01 -2.2888E-05 -7.1973E-06
 8.0000E-02 5.1676E-01  2.3918E-01 -9.5367E-06 -3.6061E-06
 8.0000E-02 5.1977E-01  2.8476E-01 -8.5831E-06  8.8811E-06
 8.0000E-02 5.2281E-01  3.2802E-01  2.9087E-05  8.3447E-07
 8.0000E-02 5.2588E-01  3.6815E-01  1.1921E-05  2.5451E-05
 8.0000E-02 5.2899E-01  4.0439E-01  3.1471E-05  1.7315E-05
 8.0000E-02 5.3214E-01  4.3609E-01  1.4305E-06  4.0829E-06
 8.0000E-02 5.3533E-01  4.6279E-01  1.6689E-05  1.7136E-05
 8.0000E-02 5.3855E-01  4.8418E-01  7.0572E-05  1.2815E-06
 8.0000E-02 5.4182E-01  5.0040E-01  2.5272E-05 -2.3305E-05
 8.0000E-02 5.4512E-01  5.1205E-01 -1.5736E-05  1.1325E-05
 8.0000E-02 5.4847E-01  5.2004E-01  9.5367E-07 -5.0068E-06
 8.0000E-02 5.5185E-01  5.2533E-01  1.6689E-05 -6.4373E-06
 8.0000E-02 5.5528E-01  5.2878E-01 -2.7180E-05 -1.1742E-05
 8.0000E-02 5.5875E-01  5.3090E-01 -1.9073E-05  4.4107E-06
 8.0000E-02 5.6226E-01  5.3204E-01 -1.7643E-05 -8.2850E-06
 8.0000E-02 5.6582E-01  5.3220E-01  1.1444E-05  1.7285E-06
 8.0000E-02 5.6943E-01  5.3128E-01 -8.5831E-06  6.6757E-06
 8.0000E-02 5.7308E-01  5.2906E-01 -2.9564E-05 -1.1623E-05
 8.0000E-02 5.7677E-01  5.2542E-01 -1.5259E-05 -1.2517E-06
 8.0000E-02 5.8052E-01  5.2035E-01  1.4305E-05  4.1127E-06
 8.0000E-02 5.8431E-01  5.1376E-01  2.1458E-05  3.5107E-05
 8.0000E-02 5.8816E-01  5.0511E-01 -8.1062E-05  1.3113E-06
 8.0000E-02 5.9205E-01  4.9347E-01 -1.1921E-05 -4.9800E-05
 8.0000E-02 5.9600E-01  4.7812E-01  2.8849E-05 -2.3961E-05
 8.0000E-02 6.0000E-01  4.5888E-01 -3.5763E-06  2.3842E-07
