Rioux calculated dielectric data (40Au/60Ag)
wave(um),Re(n),Im(n),eps1,eps2
0.270000,1.320412,1.517616,-0.559672,4.007756
0.271000,1.323315,1.520070,-0.559451,4.023064
0.272000,1.326191,1.522449,-0.559069,4.038118
0.273000,1.329038,1.524753,-0.558528,4.052911
0.274000,1.331856,1.526981,-0.557831,4.067436
0.275000,1.334642,1.529133,-0.556979,4.081689
0.276000,1.337395,1.531209,-0.555974,4.095662
0.277000,1.340115,1.533208,-0.554818,4.109349
0.278000,1.342799,1.535130,-0.553514,4.122743
0.279000,1.345447,1.536975,-0.552065,4.135839
0.280000,1.348058,1.538743,-0.550472,4.148630
0.281000,1.350629,1.540434,-0.548739,4.161108
0.282000,1.353159,1.542047,-0.546869,4.173268
0.283000,1.355647,1.543581,-0.544865,4.185102
0.284000,1.358091,1.545038,-0.542731,4.196604
0.285000,1.360490,1.546416,-0.540471,4.207768
0.286000,1.362842,1.547716,-0.538087,4.218586
0.287000,1.365146,1.548938,-0.535585,4.229051
0.288000,1.367399,1.550080,-0.532968,4.239158
0.289000,1.369601,1.551144,-0.530241,4.248898
0.290000,1.371749,1.552129,-0.527409,4.258265
0.291000,1.373842,1.553036,-0.524478,4.267253
0.292000,1.375878,1.553864,-0.521451,4.275854
0.293000,1.377855,1.554613,-0.518335,4.284063
0.294000,1.379772,1.555283,-0.515136,4.291871
0.295000,1.381625,1.555875,-0.511859,4.299272
0.296000,1.383414,1.556389,-0.508511,4.306261
0.297000,1.385137,1.556824,-0.505098,4.312829
0.298000,1.386791,1.557182,-0.501628,4.318972
0.299000,1.388374,1.557463,-0.498107,4.324682
0.300000,1.389885,1.557666,-0.494543,4.329952
0.301000,1.391321,1.557792,-0.490944,4.334778
0.302000,1.392680,1.557843,-0.487317,4.339153
0.303000,1.393960,1.557817,-0.483671,4.343071
0.304000,1.395159,1.557717,-0.480014,4.346526
0.305000,1.396274,1.557542,-0.476356,4.349513
0.306000,1.397304,1.557294,-0.472704,4.352026
0.307000,1.398246,1.556972,-0.469070,4.354061
0.308000,1.399098,1.556579,-0.465462,4.355613
0.309000,1.399857,1.556114,-0.461891,4.356676
0.310000,1.400522,1.555580,-0.458366,4.357247
0.311000,1.401090,1.554976,-0.454899,4.357322
0.312000,1.401558,1.554305,-0.451499,4.356897
0.313000,1.401925,1.553567,-0.448178,4.355968
0.314000,1.402187,1.552764,-0.444948,4.354532
0.315000,1.402343,1.551898,-0.441819,4.352587
0.316000,1.402391,1.550969,-0.438803,4.350130
0.317000,1.402328,1.549980,-0.435913,4.347160
0.318000,1.402152,1.548932,-0.433159,4.343674
0.319000,1.401860,1.547827,-0.430555,4.339673
0.320000,1.401451,1.546666,-0.428113,4.335154
0.321000,1.400922,1.545453,-0.425844,4.330118
0.322000,1.400271,1.544189,-0.423761,4.324566
0.323000,1.399496,1.542876,-0.421878,4.318498
0.324000,1.398595,1.541517,-0.420206,4.311915
0.325000,1.397566,1.540113,-0.418757,4.304819
0.326000,1.396407,1.538668,-0.417545,4.297213
0.327000,1.395117,1.537183,-0.416582,4.289100
0.328000,1.393692,1.535662,-0.415880,4.280482
0.329000,1.392133,1.534108,-0.415452,4.271364
0.330000,1.390437,1.532522,-0.415308,4.261749
0.331000,1.388602,1.530908,-0.415461,4.251644
0.332000,1.386628,1.529268,-0.415923,4.241054
0.333000,1.384513,1.527607,-0.416705,4.229983
0.334000,1.382256,1.525926,-0.417817,4.218440
0.335000,1.379856,1.524228,-0.419270,4.206430
0.336000,1.377311,1.522518,-0.421075,4.193961
0.337000,1.374621,1.520797,-0.423240,4.181040
0.338000,1.371786,1.519070,-0.425776,4.167676
0.339000,1.368804,1.517338,-0.428690,4.153878
0.340000,1.365676,1.515606,-0.431991,4.139653
0.341000,1.362400,1.513876,-0.435686,4.125011
0.342000,1.358978,1.512152,-0.439783,4.109962
0.343000,1.355408,1.510436,-0.444287,4.094513
0.344000,1.351690,1.508732,-0.449204,4.078676
0.345000,1.347826,1.507042,-0.454540,4.062460
0.346000,1.343815,1.505369,-0.460297,4.045873
0.347000,1.339657,1.503716,-0.466481,4.028926
0.348000,1.335353,1.502086,-0.473094,4.011629
0.349000,1.330903,1.500481,-0.480138,3.993989
0.350000,1.326309,1.498903,-0.487614,3.976017
0.351000,1.321570,1.497355,-0.495524,3.957720
0.352000,1.316688,1.495839,-0.503867,3.939108
0.353000,1.311663,1.494357,-0.512643,3.920186
0.354000,1.306496,1.492911,-0.521850,3.900964
0.355000,1.301188,1.491501,-0.531488,3.881446
0.356000,1.295738,1.490131,-0.541553,3.861640
0.357000,1.290149,1.488801,-0.552043,3.841548
0.358000,1.284420,1.487511,-0.562955,3.821177
0.359000,1.278551,1.486263,-0.574286,3.800528
0.360000,1.272543,1.485059,-0.586032,3.779603
0.361000,1.266397,1.483897,-0.598189,3.758404
0.362000,1.260110,1.482779,-0.610754,3.736929
0.363000,1.253684,1.481704,-0.623723,3.715177
0.364000,1.247117,1.480673,-0.637093,3.693146
0.365000,1.240408,1.479687,-0.650860,3.670830
0.366000,1.233555,1.478744,-0.665024,3.648224
0.367000,1.226557,1.477844,-0.679581,3.625321
0.368000,1.219411,1.476989,-0.694533,3.602112
0.369000,1.212113,1.476177,-0.709881,3.578587
0.370000,1.204660,1.475409,-0.725626,3.554735
0.371000,1.197049,1.474686,-0.741774,3.530542
0.372000,1.189273,1.474008,-0.758330,3.505997
0.373000,1.181328,1.473377,-0.775305,3.481083
0.374000,1.173207,1.472794,-0.792709,3.455785
0.375000,1.164903,1.472263,-0.810558,3.430088
0.376000,1.156410,1.471786,-0.828869,3.403976
0.377000,1.147719,1.471368,-0.847664,3.377435
0.378000,1.138822,1.471015,-0.866968,3.350449
0.379000,1.129711,1.470733,-0.886811,3.323006
0.380000,1.120375,1.470532,-0.907224,3.295096
0.381000,1.110808,1.470421,-0.928245,3.266711
0.382000,1.101000,1.470413,-0.949914,3.237848
0.383000,1.090943,1.470520,-0.972273,3.208507
0.384000,1.080631,1.470759,-0.995369,3.178696
0.385000,1.070058,1.471147,-1.019247,3.148425
0.386000,1.059220,1.471702,-1.043958,3.117713
0.387000,1.048116,1.472445,-1.069547,3.086585
0.388000,1.036744,1.473397,-1.096062,3.055072
0.389000,1.025108,1.474582,-1.123545,3.023213
0.390000,1.013214,1.476022,-1.152038,2.991052
0.391000,1.001069,1.477740,-1.181575,2.958639
0.392000,0.988685,1.479758,-1.212185,2.926029
0.393000,0.976075,1.482099,-1.243893,2.893280
0.394000,0.963257,1.484782,-1.276714,2.860453
0.395000,0.950248,1.487827,-1.310658,2.827610
0.396000,0.937070,1.491250,-1.345727,2.794814
0.397000,0.923747,1.495067,-1.381917,2.762126
0.398000,0.910301,1.499288,-1.419218,2.729607
0.399000,0.896759,1.503925,-1.457614,2.697315
0.400000,0.883146,1.508983,-1.497084,2.665305
0.401000,0.869489,1.514468,-1.537603,2.633628
0.402000,0.855815,1.520381,-1.579140,2.602331
0.403000,0.842150,1.526722,-1.621664,2.571459
0.404000,0.828520,1.533488,-1.665141,2.541052
0.405000,0.814950,1.540674,-1.709533,2.511146
0.406000,0.801465,1.548273,-1.754803,2.481772
0.407000,0.788087,1.556275,-1.800911,2.452960
0.408000,0.774839,1.564670,-1.847817,2.424735
0.409000,0.761741,1.573445,-1.895480,2.397117
0.410000,0.748814,1.582587,-1.943861,2.370126
0.411000,0.736073,1.592081,-1.992917,2.343776
0.412000,0.723536,1.601910,-2.042610,2.318079
0.413000,0.711217,1.612057,-2.092898,2.293045
0.414000,0.699129,1.622505,-2.143742,2.268680
0.415000,0.687282,1.633236,-2.195103,2.244988
0.416000,0.675687,1.644231,-2.246943,2.221969
0.417000,0.664349,1.655472,-2.299226,2.199623
0.418000,0.653277,1.666939,-2.351915,2.177946
0.419000,0.642474,1.678615,-2.404977,2.156932
0.420000,0.631942,1.690482,-2.458378,2.136573
0.421000,0.621684,1.702521,-2.512088,2.116860
0.422000,0.611700,1.714716,-2.566076,2.097783
0.423000,0.601988,1.727051,-2.620315,2.079327
0.424000,0.592547,1.739509,-2.674780,2.061481
0.425000,0.583373,1.752076,-2.729445,2.044228
0.426000,0.574463,1.764737,-2.784290,2.027554
0.427000,0.565813,1.777481,-2.839293,2.011443
0.428000,0.557417,1.790293,-2.894436,1.995879
0.429000,0.549269,1.803164,-2.949702,1.980844
0.430000,0.541364,1.816081,-3.005077,1.966323
0.431000,0.533695,1.829037,-3.060546,1.952298
0.432000,0.526257,1.842021,-3.116097,1.938752
0.433000,0.519041,1.855027,-3.171720,1.925671
0.434000,0.512043,1.868045,-3.227404,1.913037
0.435000,0.505254,1.881070,-3.283143,1.900836
0.436000,0.498669,1.894096,-3.338928,1.889052
0.437000,0.492280,1.907116,-3.394752,1.877670
0.438000,0.486082,1.920127,-3.450611,1.866677
0.439000,0.480068,1.933123,-3.506500,1.856059
0.440000,0.474231,1.946101,-3.562415,1.845803
0.441000,0.468566,1.959057,-3.618351,1.835896
0.442000,0.463067,1.971989,-3.674308,1.826326
0.443000,0.457728,1.984892,-3.730281,1.817082
0.444000,0.452544,1.997765,-3.786270,1.808153
0.445000,0.447509,2.010606,-3.842273,1.799529
0.446000,0.442618,2.023413,-3.898288,1.791198
0.447000,0.437866,2.036183,-3.954315,1.783152
0.448000,0.433249,2.048916,-4.010353,1.775382
0.449000,0.428762,2.061611,-4.066402,1.767879
0.450000,0.424399,2.074265,-4.122461,1.760633
0.451000,0.420158,2.086879,-4.178531,1.753639
0.452000,0.416034,2.099451,-4.234612,1.746887
0.453000,0.412023,2.111982,-4.290704,1.740371
0.454000,0.408122,2.124470,-4.346807,1.734084
0.455000,0.404326,2.136914,-4.402923,1.728019
0.456000,0.400632,2.149316,-4.459051,1.722169
0.457000,0.397037,2.161673,-4.515193,1.716530
0.458000,0.393538,2.173987,-4.571348,1.711094
0.459000,0.390132,2.186257,-4.627519,1.705857
0.460000,0.386815,2.198484,-4.683705,1.700813
0.461000,0.383585,2.210666,-4.739908,1.695957
0.462000,0.380439,2.222805,-4.796128,1.691284
0.463000,0.377375,2.234900,-4.852366,1.686789
0.464000,0.374389,2.246952,-4.908624,1.682469
0.465000,0.371480,2.258960,-4.964902,1.678319
0.466000,0.368646,2.270925,-5.021201,1.674334
0.467000,0.365883,2.282848,-5.077523,1.670511
0.468000,0.363190,2.294728,-5.133868,1.666846
0.469000,0.360565,2.306565,-5.190236,1.663335
0.470000,0.358006,2.318361,-5.246630,1.659975
0.471000,0.355511,2.330116,-5.303051,1.656763
0.472000,0.353078,2.341829,-5.359498,1.653694
0.473000,0.350705,2.353501,-5.415973,1.650767
0.474000,0.348390,2.365133,-5.472477,1.647978
0.475000,0.346133,2.376724,-5.529011,1.645323
0.476000,0.343930,2.388276,-5.585577,1.642801
0.477000,0.341782,2.399789,-5.642173,1.640409
0.478000,0.339686,2.411263,-5.698803,1.638143
0.479000,0.337640,2.422698,-5.755467,1.636002
0.480000,0.335645,2.434096,-5.812164,1.633983
0.481000,0.333697,2.445455,-5.868898,1.632084
0.482000,0.331797,2.456778,-5.925668,1.630302
0.483000,0.329942,2.468063,-5.982475,1.628635
0.484000,0.328132,2.479312,-6.039320,1.627081
0.485000,0.326365,2.490526,-6.096204,1.625638
0.486000,0.324640,2.501703,-6.153127,1.624305
0.487000,0.322956,2.512845,-6.210092,1.623078
0.488000,0.321313,2.523953,-6.267097,1.621956
0.489000,0.319708,2.535026,-6.324145,1.620938
0.490000,0.318142,2.546066,-6.381235,1.620021
0.491000,0.316613,2.557071,-6.438370,1.619205
0.492000,0.315120,2.568044,-6.495549,1.618486
0.493000,0.313663,2.578984,-6.552773,1.617864
0.494000,0.312240,2.589891,-6.610043,1.617338
0.495000,0.310852,2.600767,-6.667359,1.616905
0.496000,0.309496,2.611611,-6.724723,1.616564
0.497000,0.308172,2.622424,-6.782135,1.616313
0.498000,0.306879,2.633205,-6.839596,1.616152
0.499000,0.305618,2.643957,-6.897106,1.616079
0.500000,0.304386,2.654678,-6.954667,1.616093
0.501000,0.303183,2.665370,-7.012278,1.616192
0.502000,0.302010,2.676033,-7.069940,1.616375
0.503000,0.300864,2.686666,-7.127655,1.616641
0.504000,0.299745,2.697271,-7.185422,1.616989
0.505000,0.298654,2.707847,-7.243242,1.617417
0.506000,0.297588,2.718396,-7.301117,1.617925
0.507000,0.296548,2.728917,-7.359045,1.618511
0.508000,0.295533,2.739410,-7.417029,1.619175
0.509000,0.294543,2.749877,-7.475068,1.619915
0.510000,0.293577,2.760317,-7.533164,1.620731
0.511000,0.292634,2.770731,-7.591316,1.621621
0.512000,0.291714,2.781119,-7.649526,1.622584
0.513000,0.290817,2.791481,-7.707793,1.623620
0.514000,0.289942,2.801818,-7.766119,1.624727
0.515000,0.289088,2.812130,-7.824503,1.625906
0.516000,0.288255,2.822417,-7.882947,1.627154
0.517000,0.287444,2.832680,-7.941451,1.628471
0.518000,0.286652,2.842918,-8.000015,1.629857
0.519000,0.285880,2.853133,-8.058641,1.631310
0.520000,0.285128,2.863324,-8.117327,1.632830
0.521000,0.284395,2.873492,-8.176075,1.634415
0.522000,0.283681,2.883637,-8.234886,1.636066
0.523000,0.282985,2.893759,-8.293759,1.637782
0.524000,0.282307,2.903858,-8.352696,1.639561
0.525000,0.281647,2.913936,-8.411696,1.641403
0.526000,0.281004,2.923991,-8.470760,1.643308
0.527000,0.280378,2.934025,-8.529889,1.645275
0.528000,0.279769,2.944037,-8.589082,1.647303
0.529000,0.279177,2.954028,-8.648342,1.649391
0.530000,0.278600,2.963998,-8.707666,1.651539
0.531000,0.278039,2.973947,-8.767057,1.653747
0.532000,0.277494,2.983876,-8.826515,1.656013
0.533000,0.276963,2.993785,-8.886039,1.658337
0.534000,0.276448,3.003674,-8.945631,1.660720
0.535000,0.275947,3.013542,-9.005291,1.663159
0.536000,0.275461,3.023392,-9.065018,1.665655
0.537000,0.274989,3.033222,-9.124814,1.668207
0.538000,0.274531,3.043032,-9.184679,1.670814
0.539000,0.274087,3.052824,-9.244614,1.673476
0.540000,0.273656,3.062598,-9.304617,1.676194
0.541000,0.273238,3.072352,-9.364691,1.678965
0.542000,0.272833,3.082089,-9.424835,1.681789
0.543000,0.272441,3.091807,-9.485049,1.684667
0.544000,0.272061,3.101508,-9.545334,1.687598
0.545000,0.271694,3.111191,-9.605691,1.690581
0.546000,0.271338,3.120856,-9.666119,1.693616
0.547000,0.270995,3.130504,-9.726619,1.696702
0.548000,0.270663,3.140135,-9.787191,1.699840
0.549000,0.270343,3.149749,-9.847836,1.703028
0.550000,0.270035,3.159347,-9.908553,1.706266
0.551000,0.269737,3.168928,-9.969344,1.709555
0.552000,0.269451,3.178492,-10.030208,1.712893
0.553000,0.269175,3.188040,-10.091145,1.716280
0.554000,0.268910,3.197572,-10.152157,1.719715
0.555000,0.268655,3.207089,-10.213242,1.723200
0.556000,0.268410,3.216589,-10.274403,1.726732
0.557000,0.268176,3.226074,-10.335638,1.730312
0.558000,0.267952,3.235544,-10.396948,1.733940
0.559000,0.267737,3.244999,-10.458334,1.737615
0.560000,0.267533,3.254438,-10.519795,1.741337
0.561000,0.267337,3.263863,-10.581332,1.745105
0.562000,0.267151,3.273273,-10.642945,1.748919
0.563000,0.266975,3.282668,-10.704635,1.752780
0.564000,0.266807,3.292049,-10.766401,1.756686
0.565000,0.266649,3.301416,-10.828244,1.760637
0.566000,0.266499,3.310768,-10.890164,1.764634
0.567000,0.266358,3.320107,-10.952161,1.768675
0.568000,0.266226,3.329431,-11.014237,1.772761
0.569000,0.266102,3.338742,-11.076389,1.776891
0.570000,0.265986,3.348040,-11.138620,1.781065
0.571000,0.265879,3.357323,-11.200929,1.785283
0.572000,0.265780,3.366594,-11.263317,1.789544
0.573000,0.265688,3.375852,-11.325784,1.793849
0.574000,0.265605,3.385096,-11.388329,1.798197
0.575000,0.265529,3.394327,-11.450953,1.802588
0.576000,0.265462,3.403546,-11.513657,1.807021
0.577000,0.265401,3.412752,-11.576440,1.811497
0.578000,0.265348,3.421946,-11.639304,1.816015
0.579000,0.265303,3.431127,-11.702247,1.820575
0.580000,0.265264,3.440296,-11.765270,1.825176
0.581000,0.265233,3.449452,-11.828373,1.829820
0.582000,0.265209,3.458597,-11.891558,1.834504
0.583000,0.265192,3.467730,-11.954822,1.839230
0.584000,0.265182,3.476851,-12.018168,1.843996
0.585000,0.265179,3.485960,-12.081595,1.848804
0.586000,0.265182,3.495057,-12.145103,1.853652
0.587000,0.265192,3.504143,-12.208693,1.858540
0.588000,0.265208,3.513218,-12.272364,1.863469
0.589000,0.265231,3.522281,-12.336118,1.868438
0.590000,0.265261,3.531333,-12.399953,1.873447
0.591000,0.265296,3.540375,-12.463870,1.878495
0.592000,0.265338,3.549405,-12.527870,1.883583
0.593000,0.265386,3.558424,-12.591952,1.888711
0.594000,0.265440,3.567433,-12.656117,1.893877
0.595000,0.265500,3.576430,-12.720365,1.899083
0.596000,0.265566,3.585418,-12.784696,1.904328
0.597000,0.265637,3.594395,-12.849110,1.909611
0.598000,0.265715,3.603361,-12.913607,1.914934
0.599000,0.265798,3.612317,-12.978188,1.920294
0.600000,0.265887,3.621263,-13.042852,1.925693
0.601000,0.265981,3.630199,-13.107600,1.931131
0.602000,0.266081,3.639125,-13.172432,1.936606
0.603000,0.266187,3.648041,-13.237348,1.942120
0.604000,0.266297,3.656947,-13.302349,1.947671
0.605000,0.266413,3.665844,-13.367433,1.953260
0.606000,0.266535,3.674730,-13.432602,1.958886
0.607000,0.266661,3.683608,-13.497856,1.964551
0.608000,0.266793,3.692475,-13.563195,1.970252
0.609000,0.266930,3.701334,-13.628618,1.975991
0.610000,0.267071,3.710182,-13.694127,1.981767
0.611000,0.267218,3.719022,-13.759721,1.987580
0.612000,0.267370,3.727853,-13.825400,1.993429
0.613000,0.267526,3.736674,-13.891164,1.999316
0.614000,0.267687,3.745487,-13.957014,2.005239
0.615000,0.267853,3.754290,-14.022950,2.011199
0.616000,0.268024,3.763085,-14.088971,2.017196
0.617000,0.268200,3.771871,-14.155079,2.023229
0.618000,0.268380,3.780648,-14.221272,2.029298
0.619000,0.268564,3.789417,-14.287552,2.035403
0.620000,0.268753,3.798177,-14.353918,2.041545
0.621000,0.268947,3.806928,-14.420370,2.047722
0.622000,0.269145,3.815671,-14.486909,2.053936
0.623000,0.269347,3.824406,-14.553534,2.060185
0.624000,0.269554,3.833133,-14.620247,2.066470
0.625000,0.269765,3.841851,-14.687046,2.072791
0.626000,0.269980,3.850561,-14.753932,2.079147
0.627000,0.270199,3.859263,-14.820905,2.085539
0.628000,0.270423,3.867957,-14.887965,2.091967
0.629000,0.270650,3.876643,-14.955113,2.098429
0.630000,0.270882,3.885322,-15.022348,2.104927
0.631000,0.271118,3.893992,-15.089670,2.111461
0.632000,0.271357,3.902655,-15.157080,2.118029
0.633000,0.271601,3.911310,-15.224578,2.124633
0.634000,0.271849,3.919957,-15.292163,2.131271
0.635000,0.272100,3.928597,-15.359836,2.137945
0.636000,0.272356,3.937229,-15.427598,2.144653
0.637000,0.272615,3.945854,-15.495447,2.151396
0.638000,0.272878,3.954472,-15.563384,2.158174
0.639000,0.273144,3.963082,-15.631410,2.164987
0.640000,0.273415,3.971685,-15.699524,2.171834
0.641000,0.273689,3.980280,-15.767727,2.178716
0.642000,0.273966,3.988869,-15.836018,2.185632
0.643000,0.274248,3.997450,-15.904398,2.192583
0.644000,0.274533,4.006025,-15.972866,2.199569
0.645000,0.274821,4.014592,-16.041423,2.206588
0.646000,0.275113,4.023153,-16.110069,2.213642
0.647000,0.275408,4.031706,-16.178804,2.220730
0.648000,0.275707,4.040253,-16.247628,2.227853
0.649000,0.276009,4.048793,-16.316541,2.235009
0.650000,0.276315,4.057326,-16.385543,2.242200
0.651000,0.276624,4.065852,-16.454635,2.249424
0.652000,0.276936,4.074372,-16.523816,2.256683
0.653000,0.277252,4.082886,-16.593086,2.263976
0.654000,0.277571,4.091392,-16.662446,2.271302
0.655000,0.277893,4.099893,-16.731895,2.278663
0.656000,0.278218,4.108386,-16.801434,2.286057
0.657000,0.278547,4.116874,-16.871063,2.293485
0.658000,0.278879,4.125355,-16.940781,2.300947
0.659000,0.279214,4.133830,-17.010590,2.308442
0.660000,0.279552,4.142299,-17.080488,2.315972
0.661000,0.279893,4.150761,-17.150477,2.323534
0.662000,0.280237,4.159217,-17.220555,2.331131
0.663000,0.280584,4.167667,-17.290724,2.338761
0.664000,0.280934,4.176111,-17.360982,2.346425
0.665000,0.281287,4.184549,-17.431332,2.354122
0.666000,0.281644,4.192982,-17.501771,2.361852
0.667000,0.282003,4.201408,-17.572301,2.369616
0.668000,0.282365,4.209828,-17.642921,2.377414
0.669000,0.282730,4.218242,-17.713632,2.385245
0.670000,0.283098,4.226651,-17.784433,2.393109
0.671000,0.283468,4.235054,-17.855325,2.401006
0.672000,0.283842,4.243451,-17.926308,2.408937
0.673000,0.284218,4.251842,-17.997382,2.416901
0.674000,0.284597,4.260228,-18.068546,2.424899
0.675000,0.284979,4.268608,-18.139802,2.432929
0.676000,0.285364,4.276983,-18.211148,2.440993
0.677000,0.285751,4.285352,-18.282585,2.449090
0.678000,0.286142,4.293715,-18.354114,2.457220
0.679000,0.286534,4.302073,-18.425733,2.465384
0.680000,0.286930,4.310426,-18.497444,2.473580
0.681000,0.287328,4.318773,-18.569246,2.481809
0.682000,0.287729,4.327115,-18.641139,2.490072
0.683000,0.288132,4.335452,-18.713123,2.498368
0.684000,0.288538,4.343783,-18.785199,2.506696
0.685000,0.288947,4.352109,-18.857367,2.515058
0.686000,0.289358,4.360430,-18.929625,2.523453
0.687000,0.289772,4.368746,-19.001976,2.531880
0.688000,0.290188,4.377057,-19.074418,2.540341
0.689000,0.290607,4.385362,-19.146951,2.548835
0.690000,0.291028,4.393663,-19.219577,2.557361
0.691000,0.291452,4.401958,-19.292294,2.565921
0.692000,0.291878,4.410249,-19.365103,2.574513
0.693000,0.292307,4.418534,-19.438003,2.583138
0.694000,0.292738,4.426815,-19.510996,2.591797
0.695000,0.293172,4.435091,-19.584080,2.600488
0.696000,0.293608,4.443362,-19.657257,2.609212
0.697000,0.294046,4.451628,-19.730525,2.617968
0.698000,0.294487,4.459889,-19.803886,2.626758
0.699000,0.294930,4.468145,-19.877338,2.635581
0.700000,0.295375,4.476397,-19.950883,2.644436
0.701000,0.295823,4.484644,-20.024520,2.653324
0.702000,0.296273,4.492886,-20.098249,2.662245
0.703000,0.296726,4.501124,-20.172071,2.671199
0.704000,0.297180,4.509357,-20.245984,2.680185
0.705000,0.297637,4.517585,-20.319990,2.689205
0.706000,0.298097,4.525809,-20.394089,2.698257
0.707000,0.298558,4.534029,-20.468280,2.707342
0.708000,0.299022,4.542244,-20.542563,2.716460
0.709000,0.299488,4.550454,-20.616939,2.725610
0.710000,0.299956,4.558660,-20.691407,2.734793
0.711000,0.300426,4.566862,-20.765968,2.744009
0.712000,0.300899,4.575059,-20.840622,2.753258
0.713000,0.301373,4.583251,-20.915368,2.762540
0.714000,0.301850,4.591440,-20.990207,2.771854
0.715000,0.302329,4.599624,-21.065138,2.781201
0.716000,0.302810,4.607804,-21.140163,2.790581
0.717000,0.303294,4.615979,-21.215280,2.799994
0.718000,0.303779,4.624151,-21.290490,2.809439
0.719000,0.304266,4.632318,-21.365792,2.818917
0.720000,0.304756,4.640481,-21.441188,2.828428
0.721000,0.305248,4.648640,-21.516677,2.837971
0.722000,0.305741,4.656795,-21.592258,2.847548
0.723000,0.306237,4.664945,-21.667932,2.857157
0.724000,0.306735,4.673092,-21.743700,2.866799
0.725000,0.307235,4.681234,-21.819560,2.876473
0.726000,0.307736,4.689373,-21.895514,2.886181
0.727000,0.308240,4.697507,-21.971561,2.895921
0.728000,0.308746,4.705638,-22.047701,2.905694
0.729000,0.309254,4.713764,-22.123933,2.915500
0.730000,0.309764,4.721887,-22.200260,2.925338
0.731000,0.310275,4.730005,-22.276679,2.935209
0.732000,0.310789,4.738120,-22.353192,2.945114
0.733000,0.311305,4.746231,-22.429797,2.955050
0.734000,0.311823,4.754338,-22.506497,2.965020
0.735000,0.312342,4.762441,-22.583289,2.975023
0.736000,0.312864,4.770541,-22.660175,2.985058
0.737000,0.313387,4.778636,-22.737154,2.995126
0.738000,0.313912,4.786728,-22.814226,3.005227
0.739000,0.314440,4.794816,-22.891392,3.015361
0.740000,0.314969,4.802901,-22.968652,3.025527
0.741000,0.315500,4.810982,-23.046005,3.035727
0.742000,0.316033,4.819059,-23.123451,3.045959
0.743000,0.316567,4.827132,-23.200991,3.056224
0.744000,0.317104,4.835202,-23.278624,3.066522
0.745000,0.317642,4.843268,-23.356351,3.076853
0.746000,0.318182,4.851331,-23.434172,3.087217
0.747000,0.318724,4.859390,-23.512086,3.097613
0.748000,0.319268,4.867446,-23.590094,3.108043
0.749000,0.319814,4.875498,-23.668195,3.118505
0.750000,0.320362,4.883546,-23.746390,3.129001
0.751000,0.320911,4.891591,-23.824679,3.139529
0.752000,0.321462,4.899633,-23.903062,3.150090
0.753000,0.322015,4.907671,-23.981538,3.160684
0.754000,0.322569,4.915705,-24.060108,3.171312
0.755000,0.323126,4.923737,-24.138772,3.181972
0.756000,0.323684,4.931764,-24.217529,3.192665
0.757000,0.324244,4.939789,-24.296381,3.203391
0.758000,0.324805,4.947810,-24.375326,3.214150
0.759000,0.325369,4.955828,-24.454365,3.224942
0.760000,0.325934,4.963842,-24.533498,3.235768
0.761000,0.326501,4.971853,-24.612724,3.246626
0.762000,0.327069,4.979861,-24.692045,3.257517
0.763000,0.327639,4.987866,-24.771460,3.268442
0.764000,0.328211,4.995867,-24.850968,3.279399
0.765000,0.328785,5.003866,-24.930571,3.290390
0.766000,0.329360,5.011860,-25.010267,3.301414
0.767000,0.329937,5.019852,-25.090057,3.312470
0.768000,0.330516,5.027841,-25.169942,3.323560
0.769000,0.331096,5.035826,-25.249920,3.334684
0.770000,0.331678,5.043808,-25.329992,3.345840
0.771000,0.332262,5.051787,-25.410159,3.357029
0.772000,0.332847,5.059763,-25.490419,3.368252
0.773000,0.333434,5.067736,-25.570774,3.379508
0.774000,0.334022,5.075706,-25.651223,3.390797
0.775000,0.334612,5.083673,-25.731765,3.402120
0.776000,0.335204,5.091637,-25.812402,3.413475
0.777000,0.335798,5.099597,-25.893133,3.424864
0.778000,0.336393,5.107555,-25.973958,3.436287
0.779000,0.336989,5.115510,-26.054878,3.447742
0.780000,0.337587,5.123461,-26.135891,3.459231
0.781000,0.338187,5.131410,-26.216999,3.470753
0.782000,0.338788,5.139356,-26.298200,3.482309
0.783000,0.339391,5.147299,-26.379496,3.493898
0.784000,0.339996,5.155238,-26.460886,3.505520
0.785000,0.340602,5.163175,-26.542371,3.517176
0.786000,0.341210,5.171110,-26.623950,3.528866
0.787000,0.341819,5.179041,-26.705622,3.540588
0.788000,0.342430,5.186969,-26.787390,3.552344
0.789000,0.343042,5.194894,-26.869251,3.564134
0.790000,0.343656,5.202817,-26.951207,3.575957
0.791000,0.344271,5.210737,-27.033257,3.587814
0.792000,0.344888,5.218654,-27.115401,3.599704
0.793000,0.345507,5.226568,-27.197639,3.611628
0.794000,0.346127,5.234480,-27.279972,3.623585
0.795000,0.346748,5.242388,-27.362399,3.635576
0.796000,0.347371,5.250294,-27.444921,3.647601
0.797000,0.347996,5.258197,-27.527537,3.659659
0.798000,0.348622,5.266098,-27.610247,3.671751
0.799000,0.349249,5.273995,-27.693051,3.683877
0.800000,0.349878,5.281890,-27.775950,3.696036
0.801000,0.350509,5.289783,-27.858944,3.708229
0.802000,0.351141,5.297672,-27.942031,3.720455
0.803000,0.351774,5.305559,-28.025213,3.732716
0.804000,0.352409,5.313444,-28.108490,3.745010
0.805000,0.353045,5.321325,-28.191861,3.757338
0.806000,0.353683,5.329204,-28.275326,3.769700
0.807000,0.354323,5.337081,-28.358886,3.782096
0.808000,0.354963,5.344955,-28.442540,3.794525
0.809000,0.355606,5.352826,-28.526288,3.806989
0.810000,0.356249,5.360694,-28.610131,3.819486
0.811000,0.356894,5.368561,-28.694069,3.832017
0.812000,0.357541,5.376424,-28.778100,3.844582
0.813000,0.358189,5.384285,-28.862227,3.857181
0.814000,0.358838,5.392144,-28.946448,3.869815
0.815000,0.359489,5.400000,-29.030763,3.882482
0.816000,0.360141,5.407853,-29.115172,3.895183
0.817000,0.360795,5.415704,-29.199677,3.907918
0.818000,0.361450,5.423552,-29.284275,3.920687
0.819000,0.362107,5.431398,-29.368968,3.933491
0.820000,0.362765,5.439242,-29.453756,3.946328
0.821000,0.363424,5.447083,-29.538638,3.959200
0.822000,0.364085,5.454922,-29.623614,3.972106
0.823000,0.364747,5.462758,-29.708686,3.985046
0.824000,0.365410,5.470592,-29.793851,3.998020
0.825000,0.366075,5.478423,-29.879111,4.011028
0.826000,0.366741,5.486252,-29.964466,4.024071
0.827000,0.367409,5.494079,-30.049915,4.037148
0.828000,0.368078,5.501903,-30.135458,4.050259
0.829000,0.368748,5.509725,-30.221097,4.063405
0.830000,0.369420,5.517545,-30.306829,4.076584
0.831000,0.370093,5.525362,-30.392656,4.089799
0.832000,0.370768,5.533177,-30.478578,4.103047
0.833000,0.371444,5.540989,-30.564594,4.116330
0.834000,0.372121,5.548800,-30.650705,4.129648
0.835000,0.372799,5.556608,-30.736910,4.143000
0.836000,0.373479,5.564413,-30.823210,4.156386
0.837000,0.374161,5.572217,-30.909604,4.169807
0.838000,0.374843,5.580018,-30.996093,4.183263
0.839000,0.375527,5.587817,-31.082677,4.196753
0.840000,0.376212,5.595613,-31.169355,4.210278
0.841000,0.376899,5.603408,-31.256127,4.223837
0.842000,0.377587,5.611200,-31.342994,4.237431
0.843000,0.378276,5.618990,-31.429956,4.251059
0.844000,0.378967,5.626778,-31.517012,4.264722
0.845000,0.379659,5.634563,-31.604162,4.278420
0.846000,0.380352,5.642347,-31.691408,4.292153
0.847000,0.381046,5.650128,-31.778747,4.305920
0.848000,0.381742,5.657907,-31.866182,4.319722
0.849000,0.382439,5.665684,-31.953710,4.333559
0.850000,0.383138,5.673458,-32.041334,4.347431
0.851000,0.383837,5.681231,-32.129052,4.361338
0.852000,0.384538,5.689001,-32.216864,4.375279
0.853000,0.385241,5.696769,-32.304771,4.389256
0.854000,0.385944,5.704536,-32.392772,4.403267
0.855000,0.386649,5.712300,-32.480868,4.417314
0.856000,0.387356,5.720061,-32.569059,4.431395
0.857000,0.388063,5.727821,-32.657344,4.445511
0.858000,0.388772,5.735579,-32.745724,4.459662
0.859000,0.389482,5.743335,-32.834198,4.473849
0.860000,0.390193,5.751088,-32.922767,4.488070
0.861000,0.390906,5.758840,-33.011430,4.502327
0.862000,0.391620,5.766589,-33.100188,4.516619
0.863000,0.392335,5.774337,-33.189040,4.530945
0.864000,0.393051,5.782082,-33.277987,4.545308
0.865000,0.393769,5.789826,-33.367028,4.559705
0.866000,0.394488,5.797567,-33.456164,4.574137
0.867000,0.395208,5.805306,-33.545394,4.588605
0.868000,0.395929,5.813044,-33.634719,4.603108
0.869000,0.396652,5.820779,-33.724139,4.617647
0.870000,0.397376,5.828513,-33.813652,4.632220
0.871000,0.398101,5.836244,-33.903261,4.646829
0.872000,0.398827,5.843974,-33.992964,4.661474
0.873000,0.399555,5.851701,-34.082761,4.676154
0.874000,0.400284,5.859427,-34.172653,4.690869
0.875000,0.401014,5.867150,-34.262639,4.705620
0.876000,0.401745,5.874872,-34.352720,4.720406
0.877000,0.402478,5.882592,-34.442896,4.735228
0.878000,0.403212,5.890309,-34.533166,4.750086
0.879000,0.403947,5.898025,-34.623530,4.764979
0.880000,0.404683,5.905739,-34.713989,4.779907
0.881000,0.405421,5.913451,-34.804542,4.794871
0.882000,0.406159,5.921162,-34.895190,4.809871
0.883000,0.406899,5.928870,-34.985932,4.824907
0.884000,0.407641,5.936576,-35.076769,4.839978
0.885000,0.408383,5.944281,-35.167700,4.855085
0.886000,0.409126,5.951984,-35.258725,4.870228
0.887000,0.409871,5.959685,-35.349845,4.885407
0.888000,0.410617,5.967384,-35.441060,4.900621
0.889000,0.411364,5.975081,-35.532369,4.915872
0.890000,0.412113,5.982776,-35.623772,4.931158
0.891000,0.412862,5.990470,-35.715270,4.946480
0.892000,0.413613,5.998161,-35.806862,4.961838
0.893000,0.414365,6.005851,-35.898548,4.977232
0.894000,0.415118,6.013539,-35.990329,4.992662
0.895000,0.415873,6.021225,-36.082205,5.008128
0.896000,0.416628,6.028910,-36.174175,5.023630
0.897000,0.417385,6.036593,-36.266239,5.039168
0.898000,0.418143,6.044273,-36.358397,5.054742
0.899000,0.418902,6.051953,-36.450650,5.070353
0.900000,0.419663,6.059630,-36.542998,5.085999
0.901000,0.420424,6.067305,-36.635439,5.101682
0.902000,0.421187,6.074979,-36.727975,5.117401
0.903000,0.421951,6.082651,-36.820606,5.133156
0.904000,0.422716,6.090322,-36.913330,5.148948
0.905000,0.423482,6.097990,-37.006150,5.164775
0.906000,0.424249,6.105657,-37.099063,5.180640
0.907000,0.425018,6.113322,-37.192071,5.196540
0.908000,0.425787,6.120986,-37.285173,5.212477
0.909000,0.426558,6.128648,-37.378369,5.228450
0.910000,0.427330,6.136308,-37.471660,5.244460
0.911000,0.428103,6.143966,-37.565045,5.260506
0.912000,0.428878,6.151623,-37.658524,5.276589
0.913000,0.429653,6.159278,-37.752098,5.292708
0.914000,0.430430,6.166931,-37.845766,5.308864
0.915000,0.431208,6.174582,-37.939528,5.325056
0.916000,0.431987,6.182232,-38.033385,5.341285
0.917000,0.432767,6.189881,-38.127335,5.357550
0.918000,0.433548,6.197527,-38.221380,5.373853
0.919000,0.434331,6.205172,-38.315519,5.390192
0.920000,0.435114,6.212816,-38.409753,5.406567
0.921000,0.435899,6.220457,-38.504081,5.422980
0.922000,0.436685,6.228097,-38.598502,5.439429
0.923000,0.437472,6.235736,-38.693019,5.455915
0.924000,0.438260,6.243373,-38.787629,5.472438
0.925000,0.439049,6.251008,-38.882333,5.488997
0.926000,0.439839,6.258641,-38.977132,5.505594
0.927000,0.440631,6.266273,-39.072025,5.522228
0.928000,0.441424,6.273904,-39.167012,5.538898
0.929000,0.442217,6.281532,-39.262093,5.555606
0.930000,0.443012,6.289160,-39.357269,5.572350
0.931000,0.443808,6.296785,-39.452538,5.589132
0.932000,0.444606,6.304409,-39.547902,5.605950
0.933000,0.445404,6.312032,-39.643360,5.622806
0.934000,0.446203,6.319653,-39.738912,5.639699
0.935000,0.447004,6.327272,-39.834558,5.656629
0.936000,0.447805,6.334890,-39.930298,5.673596
0.937000,0.448608,6.342506,-40.026132,5.690601
0.938000,0.449412,6.350121,-40.122060,5.707643
0.939000,0.450217,6.357734,-40.218083,5.724721
0.940000,0.451023,6.365345,-40.314199,5.741838
0.941000,0.451831,6.372955,-40.410410,5.758991
0.942000,0.452639,6.380564,-40.506714,5.776182
0.943000,0.453448,6.388171,-40.603113,5.793411
0.944000,0.454259,6.395776,-40.699606,5.810677
0.945000,0.455071,6.403380,-40.796192,5.827980
0.946000,0.455883,6.410983,-40.892873,5.845321
0.947000,0.456697,6.418584,-40.989648,5.862699
0.948000,0.457512,6.426183,-41.086516,5.880115
0.949000,0.458328,6.433781,-41.183479,5.897568
0.950000,0.459145,6.441378,-41.280536,5.915059
0.951000,0.459964,6.448973,-41.377686,5.932588
0.952000,0.460783,6.456567,-41.474931,5.950154
0.953000,0.461604,6.464159,-41.572269,5.967758
0.954000,0.462425,6.471749,-41.669702,5.985400
0.955000,0.463248,6.479338,-41.767228,6.003079
0.956000,0.464072,6.486926,-41.864848,6.020796
0.957000,0.464896,6.494512,-41.962562,6.038551
0.958000,0.465722,6.502097,-42.060370,6.056344
0.959000,0.466549,6.509681,-42.158272,6.074175
0.960000,0.467377,6.517262,-42.256268,6.092044
0.961000,0.468207,6.524843,-42.354358,6.109950
0.962000,0.469037,6.532422,-42.452541,6.127895
0.963000,0.469868,6.540000,-42.550819,6.145877
0.964000,0.470701,6.547576,-42.649190,6.163898
0.965000,0.471534,6.555151,-42.747655,6.181956
0.966000,0.472369,6.562724,-42.846214,6.200053
0.967000,0.473205,6.570296,-42.944866,6.218188
0.968000,0.474041,6.577866,-43.043612,6.236361
0.969000,0.474879,6.585436,-43.142453,6.254572
0.970000,0.475718,6.593003,-43.241386,6.272821
0.971000,0.476558,6.600570,-43.340414,6.291109
0.972000,0.477399,6.608135,-43.439535,6.309434
0.973000,0.478241,6.615698,-43.538751,6.327798
0.974000,0.479084,6.623261,-43.638059,6.346201
0.975000,0.479929,6.630821,-43.737462,6.364641
0.976000,0.480774,6.638381,-43.836958,6.383121
0.977000,0.481620,6.645939,-43.936548,6.401638
0.978000,0.482468,6.653496,-44.036231,6.420194
0.979000,0.483316,6.661051,-44.136009,6.438788
0.980000,0.484166,6.668605,-44.235880,6.457421
0.981000,0.485016,6.676158,-44.335844,6.476093
0.982000,0.485868,6.683709,-44.435902,6.494803
0.983000,0.486721,6.691259,-44.536054,6.513551
0.984000,0.487575,6.698808,-44.636299,6.532339
0.985000,0.488430,6.706355,-44.736638,6.551165
0.986000,0.489285,6.713901,-44.837070,6.570029
0.987000,0.490142,6.721446,-44.937596,6.588932
0.988000,0.491001,6.728989,-45.038216,6.607874
0.989000,0.491860,6.736531,-45.138929,6.626855
0.990000,0.492720,6.744072,-45.239736,6.645875
0.991000,0.493581,6.751612,-45.340636,6.664933
0.992000,0.494443,6.759150,-45.441629,6.684030
0.993000,0.495306,6.766686,-45.542717,6.703166
0.994000,0.496171,6.774222,-45.643897,6.722342
0.995000,0.497036,6.781756,-45.745171,6.741556
0.996000,0.497903,6.789289,-45.846539,6.760809
0.997000,0.498770,6.796821,-45.948000,6.780101
0.998000,0.499639,6.804351,-46.049554,6.799432
0.999000,0.500508,6.811880,-46.151202,6.818802
1.000000,0.501379,6.819408,-46.252943,6.838211
1.001000,0.502250,6.826934,-46.354777,6.857660
1.002000,0.503123,6.834460,-46.456705,6.877147
1.003000,0.503997,6.841984,-46.558727,6.896674
1.004000,0.504871,6.849506,-46.660841,6.916240
1.005000,0.505747,6.857028,-46.763049,6.935845
1.006000,0.506624,6.864548,-46.865350,6.955490
1.007000,0.507502,6.872067,-46.967745,6.975174
1.008000,0.508381,6.879585,-47.070233,6.994897
1.009000,0.509261,6.887101,-47.172814,7.014659
1.010000,0.510142,6.894616,-47.275488,7.034461
1.011000,0.511024,6.902130,-47.378256,7.054303
1.012000,0.511907,6.909643,-47.481117,7.074184
1.013000,0.512791,6.917154,-47.584071,7.094104
1.014000,0.513676,6.924665,-47.687118,7.114064
1.015000,0.514562,6.932174,-47.790259,7.134063
1.016000,0.515449,6.939682,-47.893492,7.154103
1.017000,0.516337,6.947188,-47.996819,7.174181
1.018000,0.517226,6.954694,-48.100239,7.194300
1.019000,0.518116,6.962198,-48.203752,7.214458
1.020000,0.519008,6.969701,-48.307358,7.234655
1.021000,0.519900,6.977202,-48.411058,7.254893
1.022000,0.520793,6.984703,-48.514850,7.275170
1.023000,0.521687,6.992202,-48.618736,7.295487
1.024000,0.522583,6.999701,-48.722714,7.315844
1.025000,0.523479,7.007197,-48.826786,7.336241
1.026000,0.524376,7.014693,-48.930951,7.356678
1.027000,0.525275,7.022188,-49.035209,7.377155
1.028000,0.526174,7.029681,-49.139559,7.397671
1.029000,0.527074,7.037173,-49.244003,7.418228
1.030000,0.527976,7.044665,-49.348540,7.438824
1.031000,0.528878,7.052154,-49.453170,7.459461
1.032000,0.529782,7.059643,-49.557892,7.480138
1.033000,0.530686,7.067131,-49.662708,7.500855
1.034000,0.531591,7.074617,-49.767616,7.521612
1.035000,0.532498,7.082102,-49.872618,7.542409
1.036000,0.533405,7.089586,-49.977712,7.563246
1.037000,0.534314,7.097069,-50.082899,7.584124
1.038000,0.535223,7.104551,-50.188180,7.605042
1.039000,0.536134,7.112031,-50.293553,7.626000
1.040000,0.537045,7.119511,-50.399018,7.646999
1.041000,0.537958,7.126989,-50.504577,7.668037
1.042000,0.538871,7.134466,-50.610228,7.689117
1.043000,0.539786,7.141942,-50.715973,7.710236
1.044000,0.540701,7.149417,-50.821810,7.731397
1.045000,0.541618,7.156891,-50.927739,7.752597
1.046000,0.542535,7.164364,-51.033762,7.773838
1.047000,0.543454,7.171835,-51.139877,7.795120
1.048000,0.544373,7.179305,-51.246085,7.816442
1.049000,0.545294,7.186775,-51.352386,7.837805
1.050000,0.546215,7.194243,-51.458779,7.859209
1.051000,0.547138,7.201710,-51.565265,7.880653
1.052000,0.548061,7.209176,-51.671844,7.902138
1.053000,0.548986,7.216641,-51.778515,7.923663
1.054000,0.549911,7.224104,-51.885279,7.945230
1.055000,0.550838,7.231567,-51.992136,7.966837
1.056000,0.551765,7.239028,-52.099085,7.988485
1.057000,0.552693,7.246489,-52.206126,8.010174
1.058000,0.553623,7.253948,-52.313261,8.031904
1.059000,0.554553,7.261406,-52.420488,8.053674
1.060000,0.555485,7.268863,-52.527807,8.075486
1.061000,0.556417,7.276319,-52.635219,8.097338
1.062000,0.557351,7.283774,-52.742723,8.119232
1.063000,0.558285,7.291228,-52.850320,8.141167
1.064000,0.559220,7.298680,-52.958009,8.163142
1.065000,0.560157,7.306132,-53.065791,8.185159
1.066000,0.561094,7.313583,-53.173665,8.207217
1.067000,0.562033,7.321032,-53.281632,8.229316
1.068000,0.562972,7.328481,-53.389691,8.251456
1.069000,0.563912,7.335928,-53.497843,8.273638
1.070000,0.564853,7.343374,-53.606086,8.295861
1.071000,0.565796,7.350820,-53.714423,8.318125
1.072000,0.566739,7.358264,-53.822851,8.340430
1.073000,0.567683,7.365707,-53.931372,8.362777
1.074000,0.568628,7.373149,-54.039985,8.385165
1.075000,0.569575,7.380590,-54.148691,8.407594
1.076000,0.570522,7.388030,-54.257488,8.430065
1.077000,0.571470,7.395469,-54.366378,8.452577
1.078000,0.572419,7.402906,-54.475361,8.475131
1.079000,0.573369,7.410343,-54.584435,8.497727
1.080000,0.574320,7.417779,-54.693602,8.520364
1.081000,0.575272,7.425214,-54.802861,8.543042
1.082000,0.576226,7.432647,-54.912212,8.565763
1.083000,0.577180,7.440080,-55.021655,8.588524
1.084000,0.578135,7.447512,-55.131190,8.611328
1.085000,0.579091,7.454942,-55.240818,8.634173
1.086000,0.580048,7.462372,-55.350537,8.657060
1.087000,0.581005,7.469800,-55.460349,8.679989
1.088000,0.581964,7.477228,-55.570253,8.702960
1.089000,0.582924,7.484654,-55.680249,8.725972
1.090000,0.583885,7.492080,-55.790336,8.749026
1.091000,0.584847,7.499504,-55.900516,8.772122
1.092000,0.585810,7.506928,-56.010788,8.795261
1.093000,0.586773,7.514350,-56.121152,8.818441
1.094000,0.587738,7.521771,-56.231608,8.841663
1.095000,0.588704,7.529192,-56.342156,8.864927
1.096000,0.589670,7.536611,-56.452796,8.888233
1.097000,0.590638,7.544029,-56.563527,8.911581
1.098000,0.591607,7.551447,-56.674351,8.934972
1.099000,0.592576,7.558863,-56.785267,8.958404
1.100000,0.593547,7.566279,-56.896274,8.981879
1.101000,0.594518,7.573693,-57.007373,9.005396
1.102000,0.595491,7.581106,-57.118564,9.028955
1.103000,0.596464,7.588519,-57.229847,9.052556
1.104000,0.597438,7.595930,-57.341222,9.076200
1.105000,0.598414,7.603341,-57.452689,9.099886
1.106000,0.599390,7.610750,-57.564247,9.123615
1.107000,0.600367,7.618158,-57.675897,9.147385
1.108000,0.601345,7.625566,-57.787639,9.171199
1.109000,0.602325,7.632972,-57.899472,9.195054
1.110000,0.603305,7.640378,-58.011397,9.218952
1.111000,0.604286,7.647782,-58.123414,9.242893
1.112000,0.605268,7.655186,-58.235523,9.266876
1.113000,0.606251,7.662589,-58.347723,9.290902
1.114000,0.607235,7.669990,-58.460015,9.314971
1.115000,0.608220,7.677391,-58.572398,9.339082
1.116000,0.609206,7.684790,-58.684873,9.363236
1.117000,0.610192,7.692189,-58.797440,9.387432
1.118000,0.611180,7.699587,-58.910098,9.411671
1.119000,0.612169,7.706984,-59.022848,9.435953
1.120000,0.613159,7.714380,-59.135689,9.460278
1.121000,0.614149,7.721775,-59.248622,9.484645
1.122000,0.615141,7.729168,-59.361646,9.509056
1.123000,0.616133,7.736561,-59.474762,9.533509
1.124000,0.617127,7.743953,-59.587969,9.558005
1.125000,0.618121,7.751345,-59.701268,9.582545
1.126000,0.619117,7.758735,-59.814658,9.607127
1.127000,0.620113,7.766124,-59.928139,9.631752
1.128000,0.621111,7.773512,-60.041712,9.656420
1.129000,0.622109,7.780899,-60.155376,9.681131
1.130000,0.623108,7.788286,-60.269132,9.705886
1.131000,0.624108,7.795671,-60.382979,9.730683
1.132000,0.625109,7.803056,-60.496917,9.755524
1.133000,0.626111,7.810439,-60.610946,9.780408
1.134000,0.627114,7.817822,-60.725067,9.805335
1.135000,0.628118,7.825204,-60.839279,9.830305
1.136000,0.629123,7.832584,-60.953582,9.855319
1.137000,0.630129,7.839964,-61.067977,9.880376
1.138000,0.631136,7.847343,-61.182463,9.905476
1.139000,0.632143,7.854721,-61.297039,9.930620
1.140000,0.633152,7.862098,-61.411707,9.955807
1.141000,0.634162,7.869474,-61.526467,9.981038
1.142000,0.635172,7.876850,-61.641317,10.006312
1.143000,0.636184,7.884224,-61.756258,10.031629
1.144000,0.637196,7.891597,-61.871291,10.056990
1.145000,0.638209,7.898970,-61.986414,10.082395
1.146000,0.639224,7.906342,-62.101629,10.107843
1.147000,0.640239,7.913712,-62.216935,10.133335
1.148000,0.641255,7.921082,-62.332331,10.158871
1.149000,0.642272,7.928451,-62.447819,10.184450
1.150000,0.643290,7.935819,-62.563398,10.210073
1.151000,0.644309,7.943186,-62.679067,10.235739
1.152000,0.645329,7.950552,-62.794828,10.261450
1.153000,0.646350,7.957917,-62.910679,10.287204
1.154000,0.647372,7.965282,-63.026621,10.313002
1.155000,0.648395,7.972645,-63.142655,10.338844
1.156000,0.649419,7.980008,-63.258779,10.364730
1.157000,0.650443,7.987369,-63.374994,10.390660
1.158000,0.651469,7.994730,-63.491300,10.416633
1.159000,0.652495,8.002090,-63.607696,10.442651
1.160000,0.653523,8.009449,-63.724184,10.468713
1.161000,0.654551,8.016807,-63.840762,10.494819
1.162000,0.655580,8.024165,-63.957431,10.520968
1.163000,0.656611,8.031521,-64.074190,10.547162
1.164000,0.657642,8.038876,-64.191041,10.573401
1.165000,0.658674,8.046231,-64.307982,10.599683
1.166000,0.659707,8.053585,-64.425013,10.626009
1.167000,0.660741,8.060938,-64.542136,10.652380
1.168000,0.661776,8.068290,-64.659349,10.678795
1.169000,0.662811,8.075641,-64.776653,10.705255
1.170000,0.663848,8.082991,-64.894047,10.731758
1.171000,0.664886,8.090340,-65.011532,10.758306
1.172000,0.665925,8.097689,-65.129107,10.784899
1.173000,0.666964,8.105036,-65.246773,10.811535
1.174000,0.668004,8.112383,-65.364529,10.838217
1.175000,0.669046,8.119729,-65.482376,10.864943
1.176000,0.670088,8.127074,-65.600314,10.891713
1.177000,0.671131,8.134418,-65.718342,10.918528
1.178000,0.672176,8.141761,-65.836460,10.945387
1.179000,0.673221,8.149104,-65.954669,10.972291
1.180000,0.674267,8.156446,-66.072968,10.999240
1.181000,0.675314,8.163786,-66.191358,11.026233
1.182000,0.676362,8.171126,-66.309838,11.053271
1.183000,0.677410,8.178465,-66.428408,11.080354
1.184000,0.678460,8.185803,-66.547068,11.107481
1.185000,0.679511,8.193141,-66.665819,11.134653
1.186000,0.680562,8.200477,-66.784661,11.161870
1.187000,0.681615,8.207813,-66.903592,11.189132
1.188000,0.682668,8.215148,-67.022614,11.216439
1.189000,0.683722,8.222482,-67.141726,11.243791
1.190000,0.684778,8.229815,-67.260928,11.271187
1.191000,0.685834,8.237147,-67.380220,11.298629
1.192000,0.686891,8.244478,-67.499603,11.326116
1.193000,0.687949,8.251809,-67.619075,11.353647
1.194000,0.689008,8.259139,-67.738638,11.381224
1.195000,0.690068,8.266467,-67.858291,11.408846
1.196000,0.691129,8.273796,-67.978034,11.436513
1.197000,0.692190,8.281123,-68.097867,11.464225
1.198000,0.693253,8.288449,-68.217790,11.491982
1.199000,0.694316,8.295775,-68.337804,11.519784
1.200000,0.695381,8.303099,-68.457907,11.547632
