Rioux calculated dielectric data (5Au/95Ag)
wave(um),Re(n),Im(n),eps1,eps2
0.270000,1.270633,1.321797,-0.132639,3.359039
0.271000,1.276117,1.320229,-0.114530,3.369532
0.272000,1.281611,1.318410,-0.095678,3.379375
0.273000,1.287111,1.316331,-0.076073,3.388527
0.274000,1.292613,1.313983,-0.055704,3.396942
0.275000,1.298112,1.311357,-0.034562,3.404576
0.276000,1.303603,1.308442,-0.012640,3.411379
0.277000,1.309080,1.305229,0.010070,3.417298
0.278000,1.314537,1.301705,0.033571,3.422280
0.279000,1.319965,1.297862,0.057864,3.426264
0.280000,1.325357,1.293686,0.082948,3.429191
0.281000,1.330703,1.289166,0.108820,3.430994
0.282000,1.335992,1.284292,0.135471,3.431608
0.283000,1.341214,1.279050,0.162887,3.430960
0.284000,1.346356,1.273429,0.191053,3.428978
0.285000,1.351404,1.267418,0.219944,3.425586
0.286000,1.356342,1.261004,0.249531,3.420706
0.287000,1.361154,1.254178,0.279779,3.414259
0.288000,1.365823,1.246928,0.310642,3.406165
0.289000,1.370329,1.239245,0.342071,3.396347
0.290000,1.374651,1.231122,0.374004,3.384726
0.291000,1.378769,1.222550,0.406374,3.371229
0.292000,1.382660,1.213526,0.439103,3.355787
0.293000,1.386301,1.204045,0.472107,3.338338
0.294000,1.389670,1.194107,0.505293,3.318829
0.295000,1.392745,1.183712,0.538565,3.297218
0.296000,1.395505,1.172865,0.571823,3.273477
0.297000,1.397932,1.161570,0.604968,3.247591
0.298000,1.400010,1.149836,0.637905,3.219564
0.299000,1.401730,1.137671,0.670552,3.189414
0.300000,1.403086,1.125083,0.702840,3.157177
0.301000,1.404082,1.112079,0.734728,3.122901
0.302000,1.404729,1.098662,0.766205,3.086643
0.303000,1.405045,1.084827,0.797304,3.048461
0.304000,1.405063,1.070558,0.828107,3.008403
0.305000,1.404822,1.055825,0.858759,2.966491
0.306000,1.404373,1.040572,0.889473,2.922701
0.307000,1.403772,1.024713,0.920539,2.876929
0.308000,1.403082,1.008122,0.952329,2.828954
0.309000,1.402355,0.990610,0.985291,2.778375
0.310000,1.401625,0.971917,1.019932,2.724526
0.311000,1.400870,0.951676,1.056751,2.666349
0.312000,1.399953,0.929395,1.096093,2.602220
0.313000,1.398507,0.904451,1.137790,2.529762
0.314000,1.395750,0.876168,1.180448,2.445825
0.315000,1.390298,0.844134,1.220366,2.347196
0.316000,1.380304,0.808799,1.251084,2.232775
0.317000,1.364327,0.771832,1.265663,2.106064
0.318000,1.342239,0.735393,1.260802,1.974145
0.319000,1.314964,0.700997,1.237734,1.843573
0.320000,1.283609,0.669277,1.199720,1.718181
0.321000,1.248989,0.640353,1.149923,1.599588
0.322000,1.211593,0.614182,1.090739,1.488279
0.323000,1.171675,0.590746,1.023841,1.384326
0.324000,1.129354,0.570131,0.950391,1.287759
0.325000,1.084713,0.552567,0.871271,1.198753
0.326000,1.037903,0.538441,0.787324,1.117699
0.327000,0.989273,0.528241,0.699621,1.045149
0.328000,0.939453,0.522393,0.609678,0.981527
0.329000,0.889277,0.521035,0.519336,0.926690
0.330000,0.839517,0.523955,0.430260,0.879738
0.331000,0.790699,0.530754,0.343506,0.839333
0.332000,0.743132,0.541053,0.259507,0.804148
0.333000,0.697024,0.554564,0.178302,0.773088
0.334000,0.652577,0.571063,0.099743,0.745325
0.335000,0.610019,0.590346,0.023614,0.720245
0.336000,0.569601,0.612172,-0.050310,0.697388
0.337000,0.531565,0.636242,-0.122243,0.676408
0.338000,0.496108,0.662192,-0.192375,0.657038
0.339000,0.463350,0.689615,-0.260876,0.639067
0.340000,0.433318,0.718094,-0.327895,0.622327
0.341000,0.405951,0.747233,-0.393561,0.606680
0.342000,0.381115,0.776684,-0.457989,0.592011
0.343000,0.358629,0.806161,-0.521280,0.578225
0.344000,0.338288,0.835441,-0.583523,0.565239
0.345000,0.319880,0.864361,-0.644796,0.552984
0.346000,0.303201,0.892806,-0.705171,0.541398
0.347000,0.288057,0.920700,-0.764711,0.530428
0.348000,0.274277,0.947998,-0.823473,0.520027
0.349000,0.261703,0.974678,-0.881509,0.510153
0.350000,0.250201,1.000733,-0.938865,0.500768
0.351000,0.239649,1.026166,-0.995586,0.491839
0.352000,0.229943,1.050991,-1.051709,0.483336
0.353000,0.220991,1.075225,-1.107271,0.475230
0.354000,0.212714,1.098887,-1.162305,0.467497
0.355000,0.205042,1.122000,-1.216841,0.460115
0.356000,0.197915,1.144587,-1.270909,0.453062
0.357000,0.191279,1.166671,-1.324534,0.446319
0.358000,0.185087,1.188275,-1.377740,0.439869
0.359000,0.179299,1.209421,-1.430551,0.433695
0.360000,0.173877,1.230131,-1.482988,0.427783
0.361000,0.168790,1.250424,-1.535071,0.422118
0.362000,0.164009,1.270322,-1.586818,0.416688
0.363000,0.159508,1.289841,-1.638248,0.411481
0.364000,0.155265,1.309001,-1.689375,0.406485
0.365000,0.151260,1.327817,-1.740218,0.401690
0.366000,0.147473,1.346305,-1.790789,0.397087
0.367000,0.143888,1.364480,-1.841102,0.392665
0.368000,0.140491,1.382357,-1.891172,0.388418
0.369000,0.137268,1.399947,-1.941010,0.384337
0.370000,0.134207,1.417265,-1.990627,0.380413
0.371000,0.131296,1.434320,-2.040037,0.376642
0.372000,0.128526,1.451126,-2.089247,0.373015
0.373000,0.125887,1.467691,-2.138270,0.369526
0.374000,0.123371,1.484027,-2.187115,0.366171
0.375000,0.120969,1.500141,-2.235789,0.362942
0.376000,0.118676,1.516043,-2.284304,0.359835
0.377000,0.116484,1.531742,-2.332666,0.356846
0.378000,0.114387,1.547245,-2.380883,0.353969
0.379000,0.112380,1.562560,-2.428964,0.351200
0.380000,0.110457,1.577693,-2.476915,0.348534
0.381000,0.108614,1.592652,-2.524743,0.345969
0.382000,0.106847,1.607443,-2.572455,0.343500
0.383000,0.105151,1.622071,-2.620058,0.341123
0.384000,0.103522,1.636543,-2.667557,0.338836
0.385000,0.101957,1.650865,-2.714958,0.336634
0.386000,0.100453,1.665040,-2.762268,0.334516
0.387000,0.099006,1.679075,-2.809490,0.332478
0.388000,0.097614,1.692973,-2.856631,0.330516
0.389000,0.096274,1.706741,-2.903695,0.328630
0.390000,0.094984,1.720380,-2.950687,0.326816
0.391000,0.093740,1.733897,-2.997612,0.325071
0.392000,0.092542,1.747294,-3.044474,0.323395
0.393000,0.091386,1.760576,-3.091278,0.321783
0.394000,0.090271,1.773746,-3.138027,0.320235
0.395000,0.089195,1.786807,-3.184725,0.318748
0.396000,0.088156,1.799763,-3.231377,0.317320
0.397000,0.087153,1.812617,-3.277985,0.315950
0.398000,0.086184,1.825372,-3.324554,0.314636
0.399000,0.085248,1.838030,-3.371087,0.313376
0.400000,0.084343,1.850595,-3.417588,0.312169
0.401000,0.083468,1.863069,-3.464058,0.311012
0.402000,0.082621,1.875454,-3.510502,0.309906
0.403000,0.081803,1.887754,-3.556923,0.308847
0.404000,0.081011,1.899970,-3.603322,0.307836
0.405000,0.080244,1.912104,-3.649704,0.306870
0.406000,0.079502,1.924160,-3.696071,0.305948
0.407000,0.078783,1.936138,-3.742425,0.305070
0.408000,0.078087,1.948042,-3.788769,0.304233
0.409000,0.077413,1.959872,-3.835106,0.303438
0.410000,0.076759,1.971631,-3.881437,0.302682
0.411000,0.076126,1.983321,-3.927765,0.301965
0.412000,0.075513,1.994942,-3.974093,0.301287
0.413000,0.074918,2.006498,-4.020422,0.300645
0.414000,0.074341,2.017989,-4.066754,0.300039
0.415000,0.073782,2.029418,-4.113092,0.299468
0.416000,0.073240,2.040785,-4.159438,0.298932
0.417000,0.072713,2.052092,-4.205793,0.298429
0.418000,0.072203,2.063340,-4.252159,0.297960
0.419000,0.071708,2.074531,-4.298538,0.297522
0.420000,0.071228,2.085667,-4.344933,0.297115
0.421000,0.070762,2.096748,-4.391343,0.296739
0.422000,0.070310,2.107775,-4.437772,0.296393
0.423000,0.069871,2.118750,-4.484221,0.296077
0.424000,0.069445,2.129675,-4.530691,0.295789
0.425000,0.069031,2.140549,-4.577184,0.295529
0.426000,0.068630,2.151374,-4.623702,0.295296
0.427000,0.068240,2.162152,-4.670245,0.295091
0.428000,0.067862,2.172883,-4.716816,0.294911
0.429000,0.067495,2.183568,-4.763415,0.294758
0.430000,0.067138,2.194209,-4.810044,0.294630
0.431000,0.066792,2.204805,-4.856704,0.294527
0.432000,0.066456,2.215358,-4.903396,0.294448
0.433000,0.066130,2.225870,-4.950122,0.294394
0.434000,0.065813,2.236340,-4.996883,0.294362
0.435000,0.065506,2.246769,-5.043681,0.294354
0.436000,0.065208,2.257159,-5.090515,0.294368
0.437000,0.064918,2.267510,-5.137387,0.294405
0.438000,0.064637,2.277823,-5.184299,0.294463
0.439000,0.064364,2.288098,-5.231251,0.294543
0.440000,0.064099,2.298337,-5.278245,0.294644
0.441000,0.063842,2.308540,-5.325281,0.294765
0.442000,0.063593,2.318707,-5.372360,0.294907
0.443000,0.063351,2.328840,-5.419484,0.295069
0.444000,0.063116,2.338939,-5.466653,0.295251
0.445000,0.062889,2.349005,-5.513868,0.295452
0.446000,0.062668,2.359037,-5.561130,0.295672
0.447000,0.062454,2.369038,-5.608440,0.295911
0.448000,0.062246,2.379007,-5.655799,0.296169
0.449000,0.062045,2.388945,-5.703207,0.296445
0.450000,0.061850,2.398852,-5.750666,0.296738
0.451000,0.061661,2.408729,-5.798175,0.297050
0.452000,0.061478,2.418577,-5.845737,0.297379
0.453000,0.061301,2.428396,-5.893352,0.297725
0.454000,0.061129,2.438187,-5.941019,0.298088
0.455000,0.060963,2.447950,-5.988741,0.298468
0.456000,0.060802,2.457685,-6.036518,0.298864
0.457000,0.060646,2.467393,-6.084350,0.299276
0.458000,0.060496,2.477075,-6.132239,0.299705
0.459000,0.060350,2.486730,-6.180184,0.300150
0.460000,0.060210,2.496360,-6.228187,0.300610
0.461000,0.060074,2.505964,-6.276248,0.301085
0.462000,0.059943,2.515544,-6.324367,0.301576
0.463000,0.059816,2.525099,-6.372546,0.302082
0.464000,0.059694,2.534630,-6.420785,0.302603
0.465000,0.059576,2.544137,-6.469084,0.303139
0.466000,0.059462,2.553621,-6.517444,0.303689
0.467000,0.059353,2.563082,-6.565866,0.304253
0.468000,0.059248,2.572520,-6.614350,0.304832
0.469000,0.059146,2.581936,-6.662897,0.305425
0.470000,0.059049,2.591330,-6.711507,0.306032
0.471000,0.058956,2.600703,-6.760180,0.306652
0.472000,0.058866,2.610054,-6.808918,0.307286
0.473000,0.058780,2.619385,-6.857720,0.307934
0.474000,0.058697,2.628694,-6.906588,0.308595
0.475000,0.058618,2.637984,-6.955521,0.309269
0.476000,0.058543,2.647253,-7.004520,0.309956
0.477000,0.058471,2.656502,-7.053586,0.310656
0.478000,0.058402,2.665732,-7.102719,0.311369
0.479000,0.058337,2.674943,-7.151919,0.312095
0.480000,0.058274,2.684135,-7.201187,0.312833
0.481000,0.058215,2.693309,-7.250523,0.313584
0.482000,0.058159,2.702464,-7.299928,0.314347
0.483000,0.058106,2.711601,-7.349401,0.315122
0.484000,0.058056,2.720720,-7.398945,0.315909
0.485000,0.058009,2.729821,-7.448558,0.316709
0.486000,0.057965,2.738905,-7.498241,0.317520
0.487000,0.057923,2.747972,-7.547994,0.318344
0.488000,0.057885,2.757022,-7.597819,0.319179
0.489000,0.057849,2.766055,-7.647715,0.320025
0.490000,0.057815,2.775072,-7.697683,0.320883
0.491000,0.057785,2.784073,-7.747722,0.321753
0.492000,0.057756,2.793057,-7.797834,0.322634
0.493000,0.057731,2.802026,-7.848019,0.323526
0.494000,0.057708,2.810980,-7.898276,0.324430
0.495000,0.057687,2.819917,-7.948607,0.325345
0.496000,0.057669,2.828840,-7.999011,0.326270
0.497000,0.057653,2.837748,-8.049489,0.327207
0.498000,0.057639,2.846641,-8.100042,0.328155
0.499000,0.057628,2.855519,-8.150668,0.329113
0.500000,0.057618,2.864383,-8.201370,0.330083
0.501000,0.057611,2.873233,-8.252147,0.331062
0.502000,0.057607,2.882068,-8.302999,0.332053
0.503000,0.057604,2.890890,-8.353927,0.333054
0.504000,0.057604,2.899698,-8.404930,0.334066
0.505000,0.057605,2.908492,-8.456010,0.335088
0.506000,0.057609,2.917274,-8.507166,0.336120
0.507000,0.057614,2.926041,-8.558399,0.337163
0.508000,0.057622,2.934796,-8.609709,0.338216
0.509000,0.057631,2.943538,-8.661096,0.339279
0.510000,0.057643,2.952267,-8.712561,0.340352
0.511000,0.057656,2.960984,-8.764103,0.341436
0.512000,0.057671,2.969688,-8.815723,0.342529
0.513000,0.057688,2.978380,-8.867421,0.343632
0.514000,0.057707,2.987060,-8.919197,0.344746
0.515000,0.057727,2.995728,-8.971053,0.345869
0.516000,0.057749,3.004384,-9.022987,0.347002
0.517000,0.057773,3.013028,-9.075000,0.348145
0.518000,0.057799,3.021661,-9.127092,0.349298
0.519000,0.057826,3.030282,-9.179263,0.350460
0.520000,0.057855,3.038892,-9.231515,0.351632
0.521000,0.057886,3.047490,-9.283846,0.352813
0.522000,0.057918,3.056078,-9.336257,0.354004
0.523000,0.057952,3.064654,-9.388749,0.355205
0.524000,0.057987,3.073220,-9.441321,0.356415
0.525000,0.058024,3.081775,-9.493973,0.357635
0.526000,0.058063,3.090320,-9.546707,0.358864
0.527000,0.058102,3.098854,-9.599521,0.360102
0.528000,0.058144,3.107378,-9.652417,0.361350
0.529000,0.058187,3.115892,-9.705394,0.362607
0.530000,0.058231,3.124395,-9.758453,0.363873
0.531000,0.058277,3.132888,-9.811593,0.365149
0.532000,0.058324,3.141372,-9.864815,0.366434
0.533000,0.058372,3.149846,-9.918120,0.367728
0.534000,0.058422,3.158310,-9.971506,0.369031
0.535000,0.058473,3.166764,-10.024975,0.370343
0.536000,0.058526,3.175209,-10.078527,0.371664
0.537000,0.058580,3.183645,-10.132161,0.372994
0.538000,0.058635,3.192071,-10.185878,0.374334
0.539000,0.058691,3.200488,-10.239679,0.375682
0.540000,0.058749,3.208896,-10.293562,0.377040
0.541000,0.058808,3.217295,-10.347529,0.378406
0.542000,0.058868,3.225685,-10.401579,0.379781
0.543000,0.058930,3.234066,-10.455712,0.381165
0.544000,0.058992,3.242439,-10.509930,0.382558
0.545000,0.059056,3.250803,-10.564231,0.383960
0.546000,0.059121,3.259158,-10.618617,0.385371
0.547000,0.059187,3.267505,-10.673087,0.386790
0.548000,0.059255,3.275844,-10.727640,0.388219
0.549000,0.059323,3.284174,-10.782279,0.389656
0.550000,0.059393,3.292496,-10.837002,0.391102
0.551000,0.059464,3.300810,-10.891810,0.392556
0.552000,0.059535,3.309116,-10.946702,0.394020
0.553000,0.059608,3.317414,-11.001679,0.395492
0.554000,0.059682,3.325704,-11.056742,0.396972
0.555000,0.059758,3.333986,-11.111890,0.398461
0.556000,0.059834,3.342260,-11.167123,0.399959
0.557000,0.059911,3.350527,-11.222441,0.401466
0.558000,0.059989,3.358786,-11.277845,0.402981
0.559000,0.060068,3.367038,-11.333335,0.404505
0.560000,0.060149,3.375282,-11.388910,0.406037
0.561000,0.060230,3.383519,-11.444572,0.407578
0.562000,0.060312,3.391748,-11.500319,0.409127
0.563000,0.060395,3.399971,-11.556153,0.410685
0.564000,0.060480,3.408186,-11.612072,0.412252
0.565000,0.060565,3.416394,-11.668078,0.413827
0.566000,0.060651,3.424595,-11.724171,0.415410
0.567000,0.060738,3.432789,-11.780350,0.417002
0.568000,0.060826,3.440976,-11.836615,0.418602
0.569000,0.060915,3.449156,-11.892968,0.420211
0.570000,0.061005,3.457330,-11.949407,0.421828
0.571000,0.061096,3.465496,-12.005933,0.423454
0.572000,0.061187,3.473657,-12.062546,0.425088
0.573000,0.061280,3.481810,-12.119246,0.426731
0.574000,0.061373,3.489957,-12.176033,0.428382
0.575000,0.061468,3.498098,-12.232908,0.430041
0.576000,0.061563,3.506232,-12.289870,0.431709
0.577000,0.061659,3.514359,-12.346920,0.433385
0.578000,0.061756,3.522481,-12.404057,0.435069
0.579000,0.061854,3.530596,-12.461282,0.436762
0.580000,0.061952,3.538705,-12.518594,0.438463
0.581000,0.062052,3.546808,-12.575995,0.440172
0.582000,0.062152,3.554904,-12.633483,0.441890
0.583000,0.062253,3.562995,-12.691059,0.443616
0.584000,0.062355,3.571080,-12.748723,0.445351
0.585000,0.062458,3.579159,-12.806476,0.447093
0.586000,0.062561,3.587232,-12.864317,0.448844
0.587000,0.062666,3.595299,-12.922246,0.450604
0.588000,0.062771,3.603360,-12.980263,0.452371
0.589000,0.062877,3.611416,-13.038369,0.454147
0.590000,0.062983,3.619465,-13.096563,0.455931
0.591000,0.063091,3.627510,-13.154846,0.457724
0.592000,0.063199,3.635548,-13.213218,0.459525
0.593000,0.063308,3.643582,-13.271678,0.461333
0.594000,0.063417,3.651609,-13.330228,0.463151
0.595000,0.063528,3.659631,-13.388866,0.464976
0.596000,0.063639,3.667648,-13.447593,0.466810
0.597000,0.063751,3.675660,-13.506409,0.468652
0.598000,0.063863,3.683666,-13.565315,0.470502
0.599000,0.063977,3.691667,-13.624309,0.472360
0.600000,0.064091,3.699662,-13.683393,0.474227
0.601000,0.064205,3.707653,-13.742566,0.476102
0.602000,0.064321,3.715638,-13.801829,0.477985
0.603000,0.064437,3.723618,-13.861181,0.479877
0.604000,0.064554,3.731593,-13.920622,0.481776
0.605000,0.064671,3.739564,-13.980153,0.483684
0.606000,0.064789,3.747529,-14.039774,0.485600
0.607000,0.064908,3.755489,-14.099484,0.487524
0.608000,0.065028,3.763444,-14.159284,0.489457
0.609000,0.065148,3.771395,-14.219174,0.491397
0.610000,0.065269,3.779340,-14.279154,0.493346
0.611000,0.065390,3.787281,-14.339223,0.495303
0.612000,0.065513,3.795217,-14.399383,0.497269
0.613000,0.065635,3.803149,-14.459633,0.499242
0.614000,0.065759,3.811076,-14.519972,0.501224
0.615000,0.065883,3.818998,-14.580402,0.503214
0.616000,0.066008,3.826915,-14.640922,0.505212
0.617000,0.066133,3.834828,-14.701533,0.507218
0.618000,0.066259,3.842737,-14.762234,0.509233
0.619000,0.066386,3.850640,-14.823025,0.511256
0.620000,0.066513,3.858540,-14.883906,0.513287
0.621000,0.066641,3.866435,-14.944878,0.515326
0.622000,0.066769,3.874326,-15.005941,0.517373
0.623000,0.066899,3.882212,-15.067094,0.519429
0.624000,0.067028,3.890094,-15.128338,0.521493
0.625000,0.067159,3.897972,-15.189672,0.523565
0.626000,0.067290,3.905845,-15.251097,0.525645
0.627000,0.067421,3.913714,-15.312613,0.527733
0.628000,0.067553,3.921579,-15.374220,0.529830
0.629000,0.067686,3.929440,-15.435917,0.531935
0.630000,0.067819,3.937297,-15.497706,0.534048
0.631000,0.067953,3.945149,-15.559585,0.536169
0.632000,0.068087,3.952998,-15.621556,0.538299
0.633000,0.068222,3.960842,-15.683617,0.540437
0.634000,0.068358,3.968683,-15.745770,0.542583
0.635000,0.068494,3.976519,-15.808014,0.544737
0.636000,0.068631,3.984352,-15.870349,0.546899
0.637000,0.068768,3.992180,-15.932775,0.549070
0.638000,0.068906,4.000005,-15.995292,0.551249
0.639000,0.069044,4.007826,-16.057901,0.553436
0.640000,0.069183,4.015643,-16.120601,0.555632
0.641000,0.069323,4.023456,-16.183392,0.557835
0.642000,0.069463,4.031265,-16.246275,0.560047
0.643000,0.069604,4.039071,-16.309250,0.562267
0.644000,0.069745,4.046873,-16.372315,0.564496
0.645000,0.069886,4.054671,-16.435473,0.566733
0.646000,0.070029,4.062466,-16.498722,0.568978
0.647000,0.070171,4.070256,-16.562063,0.571231
0.648000,0.070315,4.078044,-16.625495,0.573492
0.649000,0.070458,4.085827,-16.689019,0.575762
0.650000,0.070603,4.093607,-16.752635,0.578040
0.651000,0.070748,4.101384,-16.816342,0.580326
0.652000,0.070893,4.109157,-16.880142,0.582621
0.653000,0.071039,4.116926,-16.944033,0.584924
0.654000,0.071185,4.124692,-17.008016,0.587235
0.655000,0.071332,4.132454,-17.072091,0.589554
0.656000,0.071480,4.140213,-17.136258,0.591882
0.657000,0.071628,4.147969,-17.200517,0.594218
0.658000,0.071776,4.155721,-17.264868,0.596563
0.659000,0.071925,4.163470,-17.329311,0.598915
0.660000,0.072074,4.171216,-17.393846,0.601276
0.661000,0.072224,4.178958,-17.458473,0.603646
0.662000,0.072375,4.186697,-17.523193,0.606023
0.663000,0.072526,4.194433,-17.588004,0.608409
0.664000,0.072677,4.202165,-17.652908,0.610804
0.665000,0.072829,4.209894,-17.717904,0.613206
0.666000,0.072982,4.217620,-17.782993,0.615617
0.667000,0.073135,4.225343,-17.848173,0.618037
0.668000,0.073288,4.233062,-17.913446,0.620464
0.669000,0.073442,4.240779,-17.978812,0.622901
0.670000,0.073596,4.248492,-18.044269,0.625345
0.671000,0.073751,4.256202,-18.109820,0.627798
0.672000,0.073906,4.263910,-18.175462,0.630259
0.673000,0.074062,4.271614,-18.241198,0.632729
0.674000,0.074218,4.279315,-18.307025,0.635207
0.675000,0.074375,4.287013,-18.372946,0.637693
0.676000,0.074532,4.294708,-18.438958,0.640188
0.677000,0.074690,4.302400,-18.505064,0.642691
0.678000,0.074848,4.310089,-18.571262,0.645203
0.679000,0.075007,4.317775,-18.637553,0.647723
0.680000,0.075166,4.325458,-18.703936,0.650251
0.681000,0.075325,4.333138,-18.770412,0.652788
0.682000,0.075485,4.340816,-18.836981,0.655333
0.683000,0.075645,4.348490,-18.903643,0.657887
0.684000,0.075806,4.356162,-18.970398,0.660449
0.685000,0.075968,4.363830,-19.037245,0.663020
0.686000,0.076129,4.371496,-19.104185,0.665599
0.687000,0.076292,4.379160,-19.171218,0.668187
0.688000,0.076454,4.386820,-19.238344,0.670783
0.689000,0.076617,4.394478,-19.305563,0.673388
0.690000,0.076781,4.402132,-19.372875,0.676001
0.691000,0.076945,4.409785,-19.440279,0.678622
0.692000,0.077110,4.417434,-19.507777,0.681252
0.693000,0.077274,4.425081,-19.575368,0.683891
0.694000,0.077440,4.432725,-19.643052,0.686538
0.695000,0.077606,4.440366,-19.710828,0.689194
0.696000,0.077772,4.448005,-19.778698,0.691858
0.697000,0.077938,4.455641,-19.846661,0.694531
0.698000,0.078105,4.463274,-19.914718,0.697212
0.699000,0.078273,4.470905,-19.982867,0.699902
0.700000,0.078441,4.478534,-20.051110,0.702600
0.701000,0.078609,4.486159,-20.119445,0.705307
0.702000,0.078778,4.493782,-20.187874,0.708022
0.703000,0.078947,4.501403,-20.256396,0.710746
0.704000,0.079117,4.509021,-20.325012,0.713479
0.705000,0.079287,4.516637,-20.393721,0.716220
0.706000,0.079457,4.524250,-20.462523,0.718970
0.707000,0.079628,4.531860,-20.531418,0.721729
0.708000,0.079800,4.539469,-20.600407,0.724496
0.709000,0.079971,4.547074,-20.669489,0.727271
0.710000,0.080144,4.554677,-20.738664,0.730056
0.711000,0.080316,4.562278,-20.807933,0.732849
0.712000,0.080489,4.569877,-20.877295,0.735650
0.713000,0.080662,4.577473,-20.946751,0.738460
0.714000,0.080836,4.585066,-21.016300,0.741279
0.715000,0.081010,4.592658,-21.085943,0.744107
0.716000,0.081185,4.600247,-21.155679,0.746943
0.717000,0.081360,4.607833,-21.225509,0.749788
0.718000,0.081536,4.615418,-21.295432,0.752642
0.719000,0.081711,4.623000,-21.365449,0.755504
0.720000,0.081888,4.630579,-21.435559,0.758375
0.721000,0.082064,4.638157,-21.505763,0.761255
0.722000,0.082241,4.645732,-21.576060,0.764143
0.723000,0.082419,4.653305,-21.646452,0.767041
0.724000,0.082597,4.660875,-21.716936,0.769947
0.725000,0.082775,4.668444,-21.787515,0.772861
0.726000,0.082954,4.676010,-21.858187,0.775785
0.727000,0.083133,4.683574,-21.928953,0.778717
0.728000,0.083312,4.691136,-21.999812,0.781658
0.729000,0.083492,4.698695,-22.070766,0.784608
0.730000,0.083672,4.706253,-22.141813,0.787566
0.731000,0.083853,4.713808,-22.212954,0.790534
0.732000,0.084034,4.721361,-22.284188,0.793510
0.733000,0.084215,4.728912,-22.355516,0.796495
0.734000,0.084397,4.736461,-22.426939,0.799489
0.735000,0.084579,4.744008,-22.498455,0.802491
0.736000,0.084762,4.751552,-22.570064,0.805503
0.737000,0.084945,4.759095,-22.641768,0.808523
0.738000,0.085128,4.766635,-22.713566,0.811552
0.739000,0.085312,4.774174,-22.785457,0.814590
0.740000,0.085496,4.781710,-22.857443,0.817637
0.741000,0.085681,4.789245,-22.929522,0.820693
0.742000,0.085866,4.796777,-23.001695,0.823758
0.743000,0.086051,4.804307,-23.073962,0.826831
0.744000,0.086237,4.811835,-23.146323,0.829914
0.745000,0.086423,4.819362,-23.218778,0.833005
0.746000,0.086609,4.826886,-23.291327,0.836106
0.747000,0.086796,4.834408,-23.363970,0.839215
0.748000,0.086983,4.841929,-23.436708,0.842333
0.749000,0.087171,4.849447,-23.509539,0.845460
0.750000,0.087359,4.856964,-23.582464,0.848596
0.751000,0.087547,4.864478,-23.655483,0.851741
0.752000,0.087736,4.871991,-23.728596,0.854895
0.753000,0.087925,4.879501,-23.801804,0.858058
0.754000,0.088114,4.887010,-23.875105,0.861230
0.755000,0.088304,4.894517,-23.948501,0.864412
0.756000,0.088494,4.902022,-24.021990,0.867602
0.757000,0.088685,4.909525,-24.095574,0.870801
0.758000,0.088876,4.917027,-24.169252,0.874009
0.759000,0.089067,4.924526,-24.243024,0.877226
0.760000,0.089259,4.932024,-24.316891,0.880452
0.761000,0.089451,4.939519,-24.390851,0.883687
0.762000,0.089643,4.947013,-24.464906,0.886932
0.763000,0.089836,4.954506,-24.539055,0.890185
0.764000,0.090029,4.961996,-24.613298,0.893447
0.765000,0.090223,4.969484,-24.687635,0.896719
0.766000,0.090416,4.976971,-24.762067,0.900000
0.767000,0.090611,4.984456,-24.836592,0.903289
0.768000,0.090805,4.991939,-24.911213,0.906588
0.769000,0.091000,4.999421,-24.985927,0.909896
0.770000,0.091195,5.006900,-25.060736,0.913213
0.771000,0.091391,5.014378,-25.135639,0.916540
0.772000,0.091587,5.021855,-25.210636,0.919875
0.773000,0.091784,5.029329,-25.285727,0.923220
0.774000,0.091980,5.036802,-25.360913,0.926573
0.775000,0.092177,5.044273,-25.436194,0.929936
0.776000,0.092375,5.051742,-25.511568,0.933309
0.777000,0.092573,5.059210,-25.587037,0.936690
0.778000,0.092771,5.066676,-25.662601,0.940080
0.779000,0.092969,5.074140,-25.738258,0.943480
0.780000,0.093168,5.081603,-25.814011,0.946889
0.781000,0.093368,5.089064,-25.889857,0.950308
0.782000,0.093567,5.096524,-25.965798,0.953735
0.783000,0.093767,5.103981,-26.041834,0.957172
0.784000,0.093967,5.111437,-26.117963,0.960618
0.785000,0.094168,5.118892,-26.194188,0.964073
0.786000,0.094369,5.126345,-26.270506,0.967538
0.787000,0.094571,5.133796,-26.346920,0.971012
0.788000,0.094772,5.141246,-26.423427,0.974495
0.789000,0.094974,5.148694,-26.500029,0.977987
0.790000,0.095177,5.156140,-26.576726,0.981489
0.791000,0.095380,5.163585,-26.653517,0.985000
0.792000,0.095583,5.171029,-26.730403,0.988521
0.793000,0.095786,5.178471,-26.807383,0.992051
0.794000,0.095990,5.185911,-26.884458,0.995590
0.795000,0.096194,5.193350,-26.961627,0.999139
0.796000,0.096399,5.200787,-27.038891,1.002697
0.797000,0.096603,5.208222,-27.116249,1.006264
0.798000,0.096809,5.215657,-27.193702,1.009841
0.799000,0.097014,5.223089,-27.271250,1.013427
0.800000,0.097220,5.230520,-27.348892,1.017023
0.801000,0.097426,5.237950,-27.426628,1.020628
0.802000,0.097633,5.245378,-27.504460,1.024242
0.803000,0.097840,5.252805,-27.582386,1.027866
0.804000,0.098047,5.260230,-27.660406,1.031500
0.805000,0.098255,5.267654,-27.738521,1.035142
0.806000,0.098463,5.275076,-27.816731,1.038795
0.807000,0.098671,5.282497,-27.895035,1.042457
0.808000,0.098879,5.289916,-27.973434,1.046128
0.809000,0.099088,5.297334,-28.051928,1.049809
0.810000,0.099298,5.304750,-28.130517,1.053499
0.811000,0.099507,5.312165,-28.209200,1.057199
0.812000,0.099717,5.319579,-28.287977,1.060909
0.813000,0.099928,5.326991,-28.366850,1.064627
0.814000,0.100138,5.334402,-28.445817,1.068356
0.815000,0.100349,5.341811,-28.524879,1.072094
0.816000,0.100561,5.349219,-28.604035,1.075842
0.817000,0.100772,5.356626,-28.683286,1.079599
0.818000,0.100984,5.364031,-28.762632,1.083366
0.819000,0.101197,5.371435,-28.842073,1.087142
0.820000,0.101409,5.378837,-28.921608,1.090929
0.821000,0.101622,5.386239,-29.001238,1.094724
0.822000,0.101836,5.393638,-29.080963,1.098530
0.823000,0.102049,5.401037,-29.160783,1.102345
0.824000,0.102263,5.408434,-29.240697,1.106169
0.825000,0.102478,5.415829,-29.320707,1.110004
0.826000,0.102692,5.423224,-29.400811,1.113848
0.827000,0.102907,5.430617,-29.481009,1.117701
0.828000,0.103123,5.438009,-29.561303,1.121565
0.829000,0.103338,5.445399,-29.641691,1.125438
0.830000,0.103554,5.452788,-29.722175,1.129321
0.831000,0.103771,5.460176,-29.802752,1.133213
0.832000,0.103987,5.467562,-29.883425,1.137115
0.833000,0.104204,5.474948,-29.964193,1.141027
0.834000,0.104422,5.482332,-30.045055,1.144949
0.835000,0.104639,5.489714,-30.126013,1.148881
0.836000,0.104857,5.497096,-30.207065,1.152822
0.837000,0.105076,5.504476,-30.288212,1.156773
0.838000,0.105294,5.511855,-30.369454,1.160734
0.839000,0.105513,5.519232,-30.450790,1.164705
0.840000,0.105733,5.526608,-30.532222,1.168685
0.841000,0.105952,5.533984,-30.613748,1.172676
0.842000,0.106172,5.541357,-30.695370,1.176676
0.843000,0.106392,5.548730,-30.777086,1.180686
0.844000,0.106613,5.556101,-30.858897,1.184706
0.845000,0.106834,5.563472,-30.940803,1.188736
0.846000,0.107055,5.570841,-31.022804,1.192775
0.847000,0.107277,5.578208,-31.104899,1.196825
0.848000,0.107499,5.585575,-31.187090,1.200884
0.849000,0.107721,5.592940,-31.269376,1.204953
0.850000,0.107943,5.600304,-31.351756,1.209033
0.851000,0.108166,5.607667,-31.434232,1.213122
0.852000,0.108390,5.615029,-31.516802,1.217221
0.853000,0.108613,5.622390,-31.599468,1.221330
0.854000,0.108837,5.629749,-31.682228,1.225449
0.855000,0.109061,5.637107,-31.765083,1.229578
0.856000,0.109286,5.644464,-31.848033,1.233717
0.857000,0.109510,5.651820,-31.931078,1.237866
0.858000,0.109736,5.659175,-32.014218,1.242025
0.859000,0.109961,5.666528,-32.097454,1.246194
0.860000,0.110187,5.673881,-32.180784,1.250373
0.861000,0.110413,5.681232,-32.264209,1.254562
0.862000,0.110639,5.688582,-32.347729,1.258761
0.863000,0.110866,5.695931,-32.431344,1.262970
0.864000,0.111093,5.703279,-32.515054,1.267190
0.865000,0.111320,5.710626,-32.598859,1.271419
0.866000,0.111548,5.717972,-32.682759,1.275658
0.867000,0.111776,5.725316,-32.766754,1.279908
0.868000,0.112004,5.732660,-32.850844,1.284167
0.869000,0.112233,5.740002,-32.935029,1.288437
0.870000,0.112462,5.747343,-33.019309,1.292717
0.871000,0.112691,5.754684,-33.103684,1.297007
0.872000,0.112921,5.762023,-33.188154,1.301307
0.873000,0.113151,5.769361,-33.272719,1.305617
0.874000,0.113381,5.776698,-33.357379,1.309938
0.875000,0.113612,5.784033,-33.442134,1.314268
0.876000,0.113843,5.791368,-33.526985,1.318609
0.877000,0.114074,5.798702,-33.611930,1.322960
0.878000,0.114305,5.806034,-33.696970,1.327321
0.879000,0.114537,5.813366,-33.782106,1.331692
0.880000,0.114769,5.820697,-33.867336,1.336074
0.881000,0.115002,5.828026,-33.952662,1.340466
0.882000,0.115234,5.835354,-34.038082,1.344868
0.883000,0.115468,5.842682,-34.123598,1.349280
0.884000,0.115701,5.850008,-34.209209,1.353703
0.885000,0.115935,5.857333,-34.294915,1.358136
0.886000,0.116169,5.864658,-34.380715,1.362579
0.887000,0.116403,5.871981,-34.466611,1.367033
0.888000,0.116638,5.879303,-34.552603,1.371497
0.889000,0.116873,5.886625,-34.638689,1.375971
0.890000,0.117108,5.893945,-34.724870,1.380455
0.891000,0.117344,5.901264,-34.811147,1.384950
0.892000,0.117579,5.908582,-34.897518,1.389455
0.893000,0.117816,5.915899,-34.983985,1.393971
0.894000,0.118052,5.923216,-35.070546,1.398497
0.895000,0.118289,5.930531,-35.157203,1.403033
0.896000,0.118526,5.937845,-35.243955,1.407580
0.897000,0.118764,5.945158,-35.330802,1.412137
0.898000,0.119001,5.952471,-35.417745,1.416704
0.899000,0.119239,5.959782,-35.504782,1.421282
0.900000,0.119478,5.967092,-35.591914,1.425871
0.901000,0.119717,5.974402,-35.679142,1.430470
0.902000,0.119956,5.981710,-35.766465,1.435079
0.903000,0.120195,5.989017,-35.853883,1.439699
0.904000,0.120435,5.996324,-35.941396,1.444329
0.905000,0.120674,6.003629,-36.029004,1.448970
0.906000,0.120915,6.010934,-36.116708,1.453621
0.907000,0.121155,6.018238,-36.204506,1.458283
0.908000,0.121396,6.025540,-36.292400,1.462955
0.909000,0.121637,6.032842,-36.380389,1.467638
0.910000,0.121879,6.040143,-36.468473,1.472331
0.911000,0.122121,6.047443,-36.556652,1.477035
0.912000,0.122363,6.054742,-36.644926,1.481750
0.913000,0.122605,6.062040,-36.733296,1.486475
0.914000,0.122848,6.069337,-36.821760,1.491211
0.915000,0.123091,6.076633,-36.910320,1.495957
0.916000,0.123334,6.083929,-36.998975,1.500714
0.917000,0.123578,6.091223,-37.087726,1.505481
0.918000,0.123822,6.098516,-37.176571,1.510259
0.919000,0.124066,6.105809,-37.265512,1.515048
0.920000,0.124311,6.113101,-37.354548,1.519847
0.921000,0.124556,6.120392,-37.443679,1.524657
0.922000,0.124801,6.127681,-37.532905,1.529478
0.923000,0.125046,6.134970,-37.622226,1.534310
0.924000,0.125292,6.142259,-37.711643,1.539152
0.925000,0.125538,6.149546,-37.801155,1.544005
0.926000,0.125784,6.156832,-37.890762,1.548868
0.927000,0.126031,6.164118,-37.980464,1.553742
0.928000,0.126278,6.171402,-38.070262,1.558627
0.929000,0.126526,6.178686,-38.160154,1.563523
0.930000,0.126773,6.185969,-38.250142,1.568430
0.931000,0.127021,6.193251,-38.340225,1.573347
0.932000,0.127269,6.200532,-38.430404,1.578275
0.933000,0.127518,6.207813,-38.520677,1.583214
0.934000,0.127767,6.215092,-38.611046,1.588163
0.935000,0.128016,6.222371,-38.701510,1.593124
0.936000,0.128265,6.229649,-38.792069,1.598095
0.937000,0.128515,6.236926,-38.882724,1.603077
0.938000,0.128765,6.244202,-38.973474,1.608070
0.939000,0.129015,6.251477,-39.064319,1.613074
0.940000,0.129266,6.258751,-39.155259,1.618089
0.941000,0.129517,6.266025,-39.246294,1.623114
0.942000,0.129768,6.273298,-39.337425,1.628151
0.943000,0.130020,6.280570,-39.428651,1.633198
0.944000,0.130272,6.287841,-39.519972,1.638256
0.945000,0.130524,6.295111,-39.611389,1.643325
0.946000,0.130776,6.302381,-39.702900,1.648405
0.947000,0.131029,6.309649,-39.794507,1.653496
0.948000,0.131282,6.316917,-39.886210,1.658598
0.949000,0.131536,6.324184,-39.978007,1.663711
0.950000,0.131789,6.331451,-40.069900,1.668835
0.951000,0.132043,6.338716,-40.161888,1.673970
0.952000,0.132298,6.345981,-40.253971,1.679116
0.953000,0.132552,6.353245,-40.346150,1.684273
0.954000,0.132807,6.360508,-40.438424,1.689441
0.955000,0.133062,6.367770,-40.530793,1.694620
0.956000,0.133318,6.375032,-40.623257,1.699810
0.957000,0.133574,6.382293,-40.715817,1.705011
0.958000,0.133830,6.389553,-40.808472,1.710223
0.959000,0.134086,6.396812,-40.901222,1.715446
0.960000,0.134343,6.404070,-40.994067,1.720680
0.961000,0.134600,6.411328,-41.087008,1.725925
0.962000,0.134857,6.418585,-41.180044,1.731182
0.963000,0.135115,6.425841,-41.273175,1.736449
0.964000,0.135372,6.433096,-41.366402,1.741728
0.965000,0.135631,6.440351,-41.459724,1.747018
0.966000,0.135889,6.447605,-41.553141,1.752318
0.967000,0.136148,6.454858,-41.646653,1.757630
0.968000,0.136407,6.462110,-41.740261,1.762954
0.969000,0.136666,6.469362,-41.833964,1.768288
0.970000,0.136926,6.476613,-41.927762,1.773634
0.971000,0.137186,6.483863,-42.021656,1.778990
0.972000,0.137446,6.491112,-42.115645,1.784358
0.973000,0.137707,6.498361,-42.209729,1.789738
0.974000,0.137968,6.505609,-42.303909,1.795128
0.975000,0.138229,6.512856,-42.398184,1.800530
0.976000,0.138490,6.520102,-42.492554,1.805943
0.977000,0.138752,6.527348,-42.587019,1.811367
0.978000,0.139014,6.534593,-42.681580,1.816802
0.979000,0.139277,6.541837,-42.776236,1.822249
0.980000,0.139539,6.549081,-42.870987,1.827707
0.981000,0.139802,6.556324,-42.965834,1.833177
0.982000,0.140065,6.563566,-43.060776,1.838657
0.983000,0.140329,6.570807,-43.155813,1.844149
0.984000,0.140593,6.578048,-43.250946,1.849653
0.985000,0.140857,6.585288,-43.346174,1.855167
0.986000,0.141121,6.592527,-43.441497,1.860693
0.987000,0.141386,6.599766,-43.536915,1.866231
0.988000,0.141651,6.607003,-43.632429,1.871780
0.989000,0.141917,6.614241,-43.728038,1.877340
0.990000,0.142182,6.621477,-43.823743,1.882912
0.991000,0.142448,6.628713,-43.919543,1.888495
0.992000,0.142714,6.635948,-44.015438,1.894089
0.993000,0.142981,6.643182,-44.111428,1.899695
0.994000,0.143248,6.650416,-44.207514,1.905312
0.995000,0.143515,6.657649,-44.303695,1.910941
0.996000,0.143782,6.664881,-44.399971,1.916581
0.997000,0.144050,6.672113,-44.496343,1.922233
0.998000,0.144318,6.679344,-44.592810,1.927896
0.999000,0.144586,6.686574,-44.689372,1.933571
1.000000,0.144855,6.693804,-44.786030,1.939257
1.001000,0.145124,6.701033,-44.882783,1.944955
1.002000,0.145393,6.708261,-44.979632,1.950664
1.003000,0.145662,6.715489,-45.076575,1.956385
1.004000,0.145932,6.722716,-45.173614,1.962118
1.005000,0.146202,6.729942,-45.270749,1.967862
1.006000,0.146472,6.737168,-45.367978,1.973617
1.007000,0.146743,6.744393,-45.465303,1.979384
1.008000,0.147014,6.751617,-45.562724,1.985163
1.009000,0.147285,6.758841,-45.660239,1.990953
1.010000,0.147557,6.766064,-45.757850,1.996755
1.011000,0.147828,6.773287,-45.855557,2.002569
1.012000,0.148101,6.780508,-45.953359,2.008394
1.013000,0.148373,6.787729,-46.051256,2.014231
1.014000,0.148646,6.794950,-46.149248,2.020080
1.015000,0.148919,6.802170,-46.247336,2.025940
1.016000,0.149192,6.809389,-46.345519,2.031812
1.017000,0.149466,6.816607,-46.443797,2.037695
1.018000,0.149739,6.823825,-46.542171,2.043591
1.019000,0.150014,6.831043,-46.640640,2.049498
1.020000,0.150288,6.838259,-46.739204,2.055417
1.021000,0.150563,6.845475,-46.837864,2.061347
1.022000,0.150838,6.852691,-46.936619,2.067290
1.023000,0.151113,6.859906,-47.035470,2.073244
1.024000,0.151389,6.867120,-47.134416,2.079209
1.025000,0.151665,6.874333,-47.233457,2.085187
1.026000,0.151941,6.881546,-47.332593,2.091176
1.027000,0.152217,6.888759,-47.431825,2.097178
1.028000,0.152494,6.895970,-47.531152,2.103191
1.029000,0.152771,6.903181,-47.630575,2.109216
1.030000,0.153049,6.910392,-47.730093,2.115252
1.031000,0.153326,6.917602,-47.829706,2.121301
1.032000,0.153604,6.924811,-47.929414,2.127361
1.033000,0.153883,6.932020,-48.029218,2.133433
1.034000,0.154161,6.939228,-48.129117,2.139518
1.035000,0.154440,6.946435,-48.229112,2.145614
1.036000,0.154719,6.953642,-48.329202,2.151722
1.037000,0.154998,6.960848,-48.429387,2.157842
1.038000,0.155278,6.968054,-48.529668,2.163973
1.039000,0.155558,6.975259,-48.630044,2.170117
1.040000,0.155838,6.982464,-48.730515,2.176273
1.041000,0.156119,6.989668,-48.831082,2.182441
1.042000,0.156400,6.996871,-48.931744,2.188620
1.043000,0.156681,7.004074,-49.032501,2.194812
1.044000,0.156963,7.011276,-49.133354,2.201015
1.045000,0.157244,7.018478,-49.234302,2.207231
1.046000,0.157526,7.025679,-49.335346,2.213459
1.047000,0.157809,7.032879,-49.436485,2.219698
1.048000,0.158091,7.040079,-49.537719,2.225950
1.049000,0.158374,7.047278,-49.639048,2.232214
1.050000,0.158657,7.054477,-49.740473,2.238490
1.051000,0.158941,7.061675,-49.841993,2.244777
1.052000,0.159225,7.068873,-49.943609,2.251077
1.053000,0.159509,7.076070,-50.045320,2.257389
1.054000,0.159793,7.083266,-50.147126,2.263714
1.055000,0.160078,7.090462,-50.249028,2.270050
1.056000,0.160363,7.097657,-50.351025,2.276398
1.057000,0.160648,7.104852,-50.453117,2.282759
1.058000,0.160933,7.112046,-50.555305,2.289131
1.059000,0.161219,7.119240,-50.657588,2.295516
1.060000,0.161505,7.126433,-50.759966,2.301913
1.061000,0.161792,7.133626,-50.862440,2.308322
1.062000,0.162078,7.140818,-50.965009,2.314744
1.063000,0.162365,7.148009,-51.067673,2.321177
1.064000,0.162653,7.155200,-51.170433,2.327623
1.065000,0.162940,7.162390,-51.273288,2.334081
1.066000,0.163228,7.169580,-51.376239,2.340551
1.067000,0.163516,7.176770,-51.479285,2.347034
1.068000,0.163804,7.183958,-51.582426,2.353529
1.069000,0.164093,7.191147,-51.685662,2.360036
1.070000,0.164382,7.198334,-51.788994,2.366555
1.071000,0.164671,7.205521,-51.892421,2.373087
1.072000,0.164961,7.212708,-51.995944,2.379631
1.073000,0.165251,7.219894,-52.099562,2.386187
1.074000,0.165541,7.227080,-52.203275,2.392755
1.075000,0.165831,7.234265,-52.307084,2.399336
1.076000,0.166122,7.241449,-52.410988,2.405929
1.077000,0.166413,7.248633,-52.514987,2.412535
1.078000,0.166704,7.255816,-52.619082,2.419153
1.079000,0.166996,7.262999,-52.723272,2.425783
1.080000,0.167288,7.270182,-52.827557,2.432426
1.081000,0.167580,7.277364,-52.931938,2.439081
1.082000,0.167872,7.284545,-53.036414,2.445748
1.083000,0.168165,7.291726,-53.140986,2.452428
1.084000,0.168458,7.298906,-53.245653,2.459121
1.085000,0.168751,7.306086,-53.350415,2.465825
1.086000,0.169045,7.313265,-53.455272,2.472543
1.087000,0.169339,7.320444,-53.560225,2.479272
1.088000,0.169633,7.327622,-53.665273,2.486015
1.089000,0.169928,7.334800,-53.770417,2.492769
1.090000,0.170222,7.341977,-53.875656,2.499537
1.091000,0.170517,7.349154,-53.980990,2.506316
1.092000,0.170813,7.356330,-54.086420,2.513108
1.093000,0.171108,7.363506,-54.191945,2.519913
1.094000,0.171404,7.370681,-54.297565,2.526730
1.095000,0.171700,7.377856,-54.403280,2.533560
1.096000,0.171997,7.385030,-54.509091,2.540403
1.097000,0.172294,7.392204,-54.614998,2.547258
1.098000,0.172591,7.399377,-54.720999,2.554125
1.099000,0.172888,7.406550,-54.827096,2.561005
1.100000,0.173185,7.413723,-54.933289,2.567898
1.101000,0.173483,7.420894,-55.039577,2.574804
1.102000,0.173782,7.428066,-55.145960,2.581722
1.103000,0.174080,7.435236,-55.252438,2.588652
1.104000,0.174379,7.442407,-55.359012,2.595596
1.105000,0.174678,7.449577,-55.465681,2.602552
1.106000,0.174977,7.456746,-55.572445,2.609520
1.107000,0.175277,7.463915,-55.679305,2.616502
1.108000,0.175577,7.471083,-55.786260,2.623496
1.109000,0.175877,7.478251,-55.893310,2.630503
1.110000,0.176177,7.485419,-56.000456,2.637522
1.111000,0.176478,7.492586,-56.107697,2.644554
1.112000,0.176779,7.499752,-56.215034,2.651599
1.113000,0.177080,7.506918,-56.322465,2.658657
1.114000,0.177382,7.514084,-56.429993,2.665727
1.115000,0.177684,7.521249,-56.537615,2.672811
1.116000,0.177986,7.528414,-56.645333,2.679907
1.117000,0.178289,7.535578,-56.753146,2.687015
1.118000,0.178591,7.542741,-56.861054,2.694137
1.119000,0.178894,7.549905,-56.969058,2.701272
1.120000,0.179198,7.557067,-57.077157,2.708419
1.121000,0.179501,7.564230,-57.185352,2.715579
1.122000,0.179805,7.571392,-57.293642,2.722752
1.123000,0.180109,7.578553,-57.402027,2.729938
1.124000,0.180414,7.585714,-57.510507,2.737137
1.125000,0.180719,7.592874,-57.619083,2.744348
1.126000,0.181024,7.600034,-57.727754,2.751573
1.127000,0.181329,7.607194,-57.836521,2.758810
1.128000,0.181635,7.614353,-57.945382,2.766060
1.129000,0.181941,7.621512,-58.054339,2.773324
1.130000,0.182247,7.628670,-58.163392,2.780600
1.131000,0.182553,7.635828,-58.272540,2.787889
1.132000,0.182860,7.642985,-58.381783,2.795191
1.133000,0.183167,7.650142,-58.491121,2.802506
1.134000,0.183474,7.657298,-58.600555,2.809834
1.135000,0.183782,7.664454,-58.710084,2.817175
1.136000,0.184090,7.671610,-58.819708,2.824529
1.137000,0.184398,7.678765,-58.929428,2.831896
1.138000,0.184706,7.685920,-59.039243,2.839276
1.139000,0.185015,7.693074,-59.149153,2.846670
1.140000,0.185324,7.700228,-59.259159,2.854076
1.141000,0.185633,7.707381,-59.369260,2.861495
1.142000,0.185943,7.714534,-59.479456,2.868927
1.143000,0.186253,7.721686,-59.589748,2.876373
1.144000,0.186563,7.728838,-59.700135,2.883831
1.145000,0.186873,7.735990,-59.810617,2.891303
1.146000,0.187184,7.743141,-59.921195,2.898788
1.147000,0.187495,7.750292,-60.031867,2.906286
1.148000,0.187807,7.757442,-60.142636,2.913797
1.149000,0.188118,7.764592,-60.253499,2.921321
1.150000,0.188430,7.771741,-60.364458,2.928858
1.151000,0.188742,7.778890,-60.475512,2.936409
1.152000,0.189055,7.786039,-60.586661,2.943972
1.153000,0.189367,7.793187,-60.697906,2.951549
1.154000,0.189680,7.800335,-60.809246,2.959139
1.155000,0.189994,7.807482,-60.920682,2.966742
1.156000,0.190307,7.814629,-61.032212,2.974359
1.157000,0.190621,7.821776,-61.143838,2.981989
1.158000,0.190935,7.828922,-61.255560,2.989632
1.159000,0.191250,7.836067,-61.367376,2.997288
1.160000,0.191564,7.843213,-61.479288,3.004958
1.161000,0.191879,7.850357,-61.591295,3.012640
1.162000,0.192194,7.857502,-61.703398,3.020336
1.163000,0.192510,7.864646,-61.815595,3.028046
1.164000,0.192826,7.871790,-61.927889,3.035769
1.165000,0.193142,7.878933,-62.040277,3.043505
1.166000,0.193458,7.886075,-62.152761,3.051254
1.167000,0.193775,7.893218,-62.265340,3.059017
1.168000,0.194092,7.900360,-62.378014,3.066793
1.169000,0.194409,7.907501,-62.490783,3.074582
1.170000,0.194727,7.914643,-62.603648,3.082385
1.171000,0.195045,7.921783,-62.716608,3.090202
1.172000,0.195363,7.928924,-62.829664,3.098031
1.173000,0.195681,7.936064,-62.942815,3.105874
1.174000,0.196000,7.943203,-63.056061,3.113731
1.175000,0.196319,7.950342,-63.169402,3.121601
1.176000,0.196638,7.957481,-63.282838,3.129484
1.177000,0.196957,7.964619,-63.396370,3.137381
1.178000,0.197277,7.971757,-63.509997,3.145291
1.179000,0.197597,7.978895,-63.623720,3.153215
1.180000,0.197918,7.986032,-63.737538,3.161152
1.181000,0.198238,7.993169,-63.851451,3.169103
1.182000,0.198559,8.000305,-63.965459,3.177068
1.183000,0.198880,8.007441,-64.079563,3.185045
1.184000,0.199202,8.014577,-64.193761,3.193037
1.185000,0.199524,8.021712,-64.308056,3.201042
1.186000,0.199846,8.028847,-64.422445,3.209060
1.187000,0.200168,8.035981,-64.536930,3.217092
1.188000,0.200491,8.043115,-64.651510,3.225138
1.189000,0.200813,8.050249,-64.766185,3.233197
1.190000,0.201137,8.057382,-64.880955,3.241270
1.191000,0.201460,8.064515,-64.995821,3.249357
1.192000,0.201784,8.071648,-65.110782,3.257457
1.193000,0.202108,8.078780,-65.225838,3.265570
1.194000,0.202432,8.085912,-65.340990,3.273698
1.195000,0.202757,8.093043,-65.456237,3.281839
1.196000,0.203082,8.100174,-65.571579,3.289993
1.197000,0.203407,8.107305,-65.687016,3.298162
1.198000,0.203732,8.114435,-65.802549,3.306344
1.199000,0.204058,8.121565,-65.918177,3.314540
1.200000,0.204384,8.128694,-66.033900,3.322749
