Rioux calculated dielectric data (70Au/30Ag)
wave(um),Re(n),Im(n),eps1,eps2
0.270000,1.387619,1.653618,-0.808965,4.589182
0.271000,1.391107,1.656976,-0.810393,4.610062
0.272000,1.394577,1.660269,-0.811648,4.630748
0.273000,1.398030,1.663496,-0.812733,4.651234
0.274000,1.401463,1.666657,-0.813646,4.671515
0.275000,1.404876,1.669751,-0.814390,4.691586
0.276000,1.408269,1.672778,-0.814965,4.711441
0.277000,1.411639,1.675738,-0.815373,4.731076
0.278000,1.414987,1.678631,-0.815614,4.750484
0.279000,1.418312,1.681457,-0.815691,4.769661
0.280000,1.421612,1.684216,-0.815603,4.788601
0.281000,1.424886,1.686907,-0.815354,4.807299
0.282000,1.428134,1.689530,-0.814944,4.825748
0.283000,1.431354,1.692084,-0.814376,4.843943
0.284000,1.434546,1.694571,-0.813651,4.861879
0.285000,1.437708,1.696990,-0.812771,4.879550
0.286000,1.440839,1.699340,-0.811739,4.896949
0.287000,1.443938,1.701621,-0.810557,4.914072
0.288000,1.447005,1.703834,-0.809228,4.930912
0.289000,1.450037,1.705978,-0.807754,4.947463
0.290000,1.453034,1.708053,-0.806137,4.963719
0.291000,1.455995,1.710059,-0.804382,4.979676
0.292000,1.458918,1.711997,-0.802491,4.995325
0.293000,1.461802,1.713865,-0.800468,5.010662
0.294000,1.464646,1.715664,-0.798315,5.025681
0.295000,1.467448,1.717394,-0.796038,5.040375
0.296000,1.470208,1.719055,-0.793639,5.054738
0.297000,1.472924,1.720647,-0.791122,5.068765
0.298000,1.475594,1.722170,-0.788493,5.082449
0.299000,1.478218,1.723625,-0.785755,5.095785
0.300000,1.480793,1.725010,-0.782914,5.108766
0.301000,1.483318,1.726327,-0.779973,5.121386
0.302000,1.485793,1.727576,-0.776939,5.133640
0.303000,1.488215,1.728756,-0.773816,5.145521
0.304000,1.490582,1.729869,-0.770610,5.157025
0.305000,1.492895,1.730914,-0.767327,5.168144
0.306000,1.495150,1.731891,-0.763973,5.178873
0.307000,1.497346,1.732801,-0.760555,5.189207
0.308000,1.499482,1.733645,-0.757078,5.199140
0.309000,1.501557,1.734422,-0.753549,5.208666
0.310000,1.503567,1.735134,-0.749976,5.217781
0.311000,1.505513,1.735780,-0.746365,5.226479
0.312000,1.507392,1.736362,-0.742725,5.234755
0.313000,1.509202,1.736880,-0.739062,5.242605
0.314000,1.510942,1.737334,-0.735385,5.250022
0.315000,1.512610,1.737726,-0.731702,5.257003
0.316000,1.514205,1.738055,-0.728021,5.263544
0.317000,1.515724,1.738324,-0.724351,5.269639
0.318000,1.517166,1.738532,-0.720701,5.275286
0.319000,1.518530,1.738682,-0.717081,5.280480
0.320000,1.519813,1.738773,-0.713498,5.285218
0.321000,1.521014,1.738806,-0.709964,5.289497
0.322000,1.522131,1.738784,-0.706488,5.293313
0.323000,1.523162,1.738707,-0.703079,5.296664
0.324000,1.524106,1.738576,-0.699749,5.299548
0.325000,1.524960,1.738393,-0.696507,5.301962
0.326000,1.525724,1.738160,-0.693364,5.303904
0.327000,1.526396,1.737877,-0.690331,5.305375
0.328000,1.526973,1.737546,-0.687419,5.306371
0.329000,1.527455,1.737169,-0.684639,5.306893
0.330000,1.527839,1.736748,-0.682001,5.306941
0.331000,1.528124,1.736284,-0.679518,5.306514
0.332000,1.528309,1.735779,-0.677200,5.305614
0.333000,1.528392,1.735235,-0.675059,5.304240
0.334000,1.528372,1.734655,-0.673107,5.302396
0.335000,1.528247,1.734040,-0.671355,5.300082
0.336000,1.528016,1.733392,-0.669814,5.297301
0.337000,1.527678,1.732713,-0.668497,5.294055
0.338000,1.527231,1.732007,-0.667413,5.290349
0.339000,1.526675,1.731275,-0.666576,5.286186
0.340000,1.526008,1.730519,-0.665996,5.281570
0.341000,1.525229,1.729742,-0.665683,5.276506
0.342000,1.524338,1.728947,-0.665650,5.270999
0.343000,1.523334,1.728136,-0.665907,5.265055
0.344000,1.522215,1.727311,-0.666465,5.258680
0.345000,1.520982,1.726476,-0.667334,5.251880
0.346000,1.519634,1.725634,-0.668523,5.244664
0.347000,1.518171,1.724786,-0.670044,5.237038
0.348000,1.516591,1.723936,-0.671905,5.229010
0.349000,1.514896,1.723086,-0.674115,5.220590
0.350000,1.513084,1.722239,-0.676684,5.211785
0.351000,1.511157,1.721399,-0.679619,5.202605
0.352000,1.509113,1.720567,-0.682929,5.193060
0.353000,1.506954,1.719747,-0.686620,5.183160
0.354000,1.504680,1.718942,-0.690700,5.172914
0.355000,1.502291,1.718154,-0.695175,5.162335
0.356000,1.499788,1.717386,-0.700051,5.151431
0.357000,1.497172,1.716641,-0.705333,5.140215
0.358000,1.494444,1.715922,-0.711027,5.128697
0.359000,1.491604,1.715231,-0.717136,5.116890
0.360000,1.488654,1.714571,-0.723664,5.104805
0.361000,1.485595,1.713944,-0.730613,5.092453
0.362000,1.482428,1.713354,-0.737987,5.079847
0.363000,1.479155,1.712801,-0.745787,5.066998
0.364000,1.475778,1.712289,-0.754014,5.053917
0.365000,1.472298,1.711820,-0.762669,5.040618
0.366000,1.468716,1.711396,-0.771751,5.027111
0.367000,1.465035,1.711019,-0.781259,5.013407
0.368000,1.461257,1.710691,-0.791194,4.999520
0.369000,1.457383,1.710414,-0.801551,4.985458
0.370000,1.453416,1.710189,-0.812329,4.971234
0.371000,1.449358,1.710019,-0.823525,4.956859
0.372000,1.445211,1.709903,-0.835135,4.942342
0.373000,1.440977,1.709845,-0.847155,4.927693
0.374000,1.436658,1.709844,-0.859579,4.912923
0.375000,1.432258,1.709902,-0.872403,4.898040
0.376000,1.427777,1.710020,-0.885621,4.883054
0.377000,1.423219,1.710198,-0.899226,4.867973
0.378000,1.418585,1.710438,-0.913213,4.852804
0.379000,1.413879,1.710739,-0.927573,4.837555
0.380000,1.409102,1.711101,-0.942299,4.822233
0.381000,1.404257,1.711526,-0.957384,4.806843
0.382000,1.399345,1.712012,-0.972820,4.791393
0.383000,1.394370,1.712561,-0.988597,4.775886
0.384000,1.389333,1.713171,-1.004709,4.760328
0.385000,1.384236,1.713842,-1.021145,4.744721
0.386000,1.379081,1.714573,-1.037896,4.729070
0.387000,1.373870,1.715364,-1.054955,4.713377
0.388000,1.368606,1.716214,-1.072310,4.697642
0.389000,1.363289,1.717123,-1.089954,4.681869
0.390000,1.357921,1.718088,-1.107876,4.666056
0.391000,1.352504,1.719109,-1.126068,4.650205
0.392000,1.347039,1.720185,-1.144520,4.634313
0.393000,1.341528,1.721313,-1.163223,4.618379
0.394000,1.335970,1.722494,-1.182167,4.602401
0.395000,1.330368,1.723724,-1.201345,4.586376
0.396000,1.324722,1.725003,-1.220748,4.570299
0.397000,1.319032,1.726329,-1.240366,4.554167
0.398000,1.313299,1.727700,-1.260192,4.537974
0.399000,1.307523,1.729114,-1.280218,4.521714
0.400000,1.301705,1.730569,-1.300436,4.505380
0.401000,1.295843,1.732065,-1.320840,4.488966
0.402000,1.289937,1.733598,-1.341423,4.472463
0.403000,1.283987,1.735166,-1.362180,4.455862
0.404000,1.277992,1.736769,-1.383103,4.439155
0.405000,1.271951,1.738404,-1.404190,4.422331
0.406000,1.265863,1.740070,-1.425435,4.405379
0.407000,1.259725,1.741764,-1.446836,4.388289
0.408000,1.253537,1.743486,-1.468389,4.371048
0.409000,1.247296,1.745233,-1.490093,4.353645
0.410000,1.241000,1.747005,-1.511946,4.336066
0.411000,1.234646,1.748800,-1.533950,4.318298
0.412000,1.228232,1.750617,-1.556105,4.300327
0.413000,1.221755,1.752455,-1.578413,4.282140
0.414000,1.215211,1.754313,-1.600878,4.263722
0.415000,1.208597,1.756192,-1.623504,4.245058
0.416000,1.201910,1.758091,-1.646296,4.226134
0.417000,1.195145,1.760010,-1.669263,4.206934
0.418000,1.188299,1.761949,-1.692412,4.187444
0.419000,1.181366,1.763910,-1.715754,4.167649
0.420000,1.174344,1.765894,-1.739300,4.147534
0.421000,1.167226,1.767903,-1.763062,4.127085
0.422000,1.160010,1.769937,-1.787056,4.106289
0.423000,1.152689,1.772001,-1.811297,4.085132
0.424000,1.145259,1.774097,-1.835803,4.063602
0.425000,1.137716,1.776229,-1.860593,4.041688
0.426000,1.130054,1.778401,-1.885688,4.019380
0.427000,1.122270,1.780618,-1.911109,3.996669
0.428000,1.114359,1.782884,-1.936880,3.973547
0.429000,1.106317,1.785207,-1.963027,3.950009
0.430000,1.098140,1.787592,-1.989574,3.926051
0.431000,1.089824,1.790046,-2.016548,3.901670
0.432000,1.081367,1.792577,-2.043978,3.876868
0.433000,1.072766,1.795193,-2.071891,3.851645
0.434000,1.064020,1.797903,-2.100317,3.826009
0.435000,1.055126,1.800715,-2.129284,3.799964
0.436000,1.046085,1.803640,-2.158821,3.773522
0.437000,1.036897,1.806686,-2.188957,3.746695
0.438000,1.027563,1.809863,-2.219719,3.719497
0.439000,1.018085,1.813182,-2.251134,3.691946
0.440000,1.008465,1.816653,-2.283229,3.664061
0.441000,0.998707,1.820286,-2.316026,3.635865
0.442000,0.988816,1.824091,-2.349550,3.607381
0.443000,0.978798,1.828077,-2.383821,3.578635
0.444000,0.968658,1.832254,-2.418858,3.549655
0.445000,0.958404,1.836631,-2.454677,3.520470
0.446000,0.948044,1.841217,-2.491292,3.491110
0.447000,0.937587,1.846019,-2.528716,3.461607
0.448000,0.927042,1.851044,-2.566958,3.431991
0.449000,0.916419,1.856299,-2.606024,3.402296
0.450000,0.905729,1.861790,-2.645920,3.372554
0.451000,0.894982,1.867522,-2.686646,3.342796
0.452000,0.884190,1.873498,-2.728204,3.313056
0.453000,0.873364,1.879722,-2.770590,3.283365
0.454000,0.862517,1.886196,-2.813801,3.253754
0.455000,0.851660,1.892922,-2.857829,3.224252
0.456000,0.840805,1.899900,-2.902666,3.194889
0.457000,0.829963,1.907129,-2.948303,3.165692
0.458000,0.819146,1.914609,-2.994728,3.136689
0.459000,0.808366,1.922338,-3.041928,3.107905
0.460000,0.797634,1.930313,-3.089890,3.079365
0.461000,0.786960,1.938531,-3.138597,3.051091
0.462000,0.776354,1.946988,-3.188035,3.023105
0.463000,0.765828,1.955679,-3.238186,2.995427
0.464000,0.755390,1.964599,-3.289034,2.968077
0.465000,0.745050,1.973742,-3.340559,2.941071
0.466000,0.734815,1.983103,-3.392744,2.914427
0.467000,0.724694,1.992674,-3.445569,2.888160
0.468000,0.714695,2.002450,-3.499015,2.862284
0.469000,0.704825,2.012422,-3.553064,2.836810
0.470000,0.695089,2.022583,-3.607695,2.811751
0.471000,0.685494,2.032926,-3.662888,2.787118
0.472000,0.676045,2.043443,-3.718624,2.762919
0.473000,0.666747,2.054126,-3.774883,2.739163
0.474000,0.657603,2.064967,-3.831645,2.715857
0.475000,0.648618,2.075957,-3.888891,2.693007
0.476000,0.639795,2.087089,-3.946602,2.670619
0.477000,0.631137,2.098354,-4.004757,2.648697
0.478000,0.622645,2.109745,-4.063337,2.627244
0.479000,0.614321,2.121253,-4.122325,2.606263
0.480000,0.606168,2.132871,-4.181700,2.585755
0.481000,0.598184,2.144591,-4.241446,2.565721
0.482000,0.590372,2.156405,-4.301543,2.546163
0.483000,0.582731,2.168306,-4.361975,2.527078
0.484000,0.575260,2.180286,-4.422723,2.508465
0.485000,0.567960,2.192339,-4.483772,2.490322
0.486000,0.560829,2.204458,-4.545105,2.472647
0.487000,0.553866,2.216636,-4.606706,2.455437
0.488000,0.547069,2.228866,-4.668560,2.438686
0.489000,0.540437,2.241143,-4.730652,2.422391
0.490000,0.533967,2.253461,-4.792968,2.406547
0.491000,0.527658,2.265815,-4.855493,2.391149
0.492000,0.521506,2.278198,-4.918215,2.376190
0.493000,0.515511,2.290605,-4.981121,2.361663
0.494000,0.509668,2.303033,-5.044199,2.347564
0.495000,0.503975,2.315476,-5.107438,2.333884
0.496000,0.498429,2.327930,-5.170826,2.320617
0.497000,0.493028,2.340391,-5.234354,2.307755
0.498000,0.487767,2.352855,-5.298011,2.295290
0.499000,0.482644,2.365319,-5.361789,2.283215
0.500000,0.477656,2.377779,-5.425678,2.271523
0.501000,0.472800,2.390232,-5.489671,2.260204
0.502000,0.468072,2.402676,-5.553760,2.249252
0.503000,0.463470,2.415107,-5.617938,2.238658
0.504000,0.458989,2.427523,-5.682198,2.228414
0.505000,0.454628,2.439922,-5.746535,2.218512
0.506000,0.450382,2.452302,-5.810942,2.208945
0.507000,0.446249,2.464661,-5.875414,2.199704
0.508000,0.442225,2.476996,-5.939947,2.190781
0.509000,0.438309,2.489307,-6.004535,2.182170
0.510000,0.434496,2.501592,-6.069176,2.173862
0.511000,0.430784,2.513850,-6.133865,2.165850
0.512000,0.427169,2.526079,-6.198599,2.158127
0.513000,0.423650,2.538278,-6.263375,2.150685
0.514000,0.420224,2.550447,-6.328190,2.143518
0.515000,0.416887,2.562584,-6.393042,2.136618
0.516000,0.413638,2.574689,-6.457928,2.129979
0.517000,0.410474,2.586762,-6.522846,2.123595
0.518000,0.407392,2.598800,-6.587796,2.117459
0.519000,0.404390,2.610805,-6.652774,2.111565
0.520000,0.401465,2.622776,-6.717780,2.105906
0.521000,0.398616,2.634712,-6.782813,2.100477
0.522000,0.395840,2.646613,-6.847872,2.095273
0.523000,0.393136,2.658479,-6.912955,2.090287
0.524000,0.390501,2.670310,-6.978063,2.085515
0.525000,0.387932,2.682105,-7.043194,2.080950
0.526000,0.385429,2.693864,-7.108349,2.076589
0.527000,0.382990,2.705588,-7.173526,2.072425
0.528000,0.380612,2.717277,-7.238727,2.068455
0.529000,0.378294,2.728929,-7.303950,2.064674
0.530000,0.376034,2.740547,-7.369195,2.061077
0.531000,0.373831,2.752129,-7.434463,2.057659
0.532000,0.371682,2.763675,-7.499754,2.054418
0.533000,0.369587,2.775187,-7.565068,2.051348
0.534000,0.367544,2.786664,-7.630405,2.048446
0.535000,0.365552,2.798106,-7.695766,2.045707
0.536000,0.363609,2.809513,-7.761151,2.043129
0.537000,0.361714,2.820886,-7.826560,2.040708
0.538000,0.359865,2.832225,-7.891994,2.038440
0.539000,0.358062,2.843530,-7.957453,2.036321
0.540000,0.356303,2.854801,-8.022939,2.034350
0.541000,0.354587,2.866039,-8.088450,2.032521
0.542000,0.352913,2.877245,-8.153989,2.030834
0.543000,0.351280,2.888417,-8.219555,2.029284
0.544000,0.349686,2.899557,-8.285150,2.027868
0.545000,0.348131,2.910665,-8.350773,2.026585
0.546000,0.346614,2.921740,-8.416426,2.025430
0.547000,0.345133,2.932785,-8.482109,2.024403
0.548000,0.343689,2.943798,-8.547824,2.023500
0.549000,0.342279,2.954780,-8.613569,2.022718
0.550000,0.340903,2.965731,-8.679347,2.022056
0.551000,0.339561,2.976653,-8.745158,2.021512
0.552000,0.338251,2.987544,-8.811003,2.021082
0.553000,0.336973,2.998405,-8.876883,2.020765
0.554000,0.335726,3.009237,-8.942797,2.020559
0.555000,0.334509,3.020040,-9.008748,2.020462
0.556000,0.333322,3.030815,-9.074735,2.020471
0.557000,0.332163,3.041561,-9.140759,2.020586
0.558000,0.331032,3.052278,-9.206822,2.020804
0.559000,0.329929,3.062969,-9.272923,2.021123
0.560000,0.328852,3.073631,-9.339064,2.021542
0.561000,0.327802,3.084266,-9.405245,2.022059
0.562000,0.326778,3.094875,-9.471467,2.022672
0.563000,0.325778,3.105457,-9.537731,2.023381
0.564000,0.324803,3.116013,-9.604037,2.024182
0.565000,0.323852,3.126542,-9.670386,2.025075
0.566000,0.322925,3.137046,-9.736779,2.026059
0.567000,0.322020,3.147525,-9.803216,2.027132
0.568000,0.321138,3.157978,-9.869699,2.028292
0.569000,0.320278,3.168407,-9.936227,2.029539
0.570000,0.319439,3.178811,-10.002801,2.030871
0.571000,0.318621,3.189192,-10.069423,2.032287
0.572000,0.317824,3.199548,-10.136093,2.033785
0.573000,0.317047,3.209880,-10.202811,2.035365
0.574000,0.316290,3.220189,-10.269578,2.037025
0.575000,0.315552,3.230475,-10.336394,2.038764
0.576000,0.314833,3.240738,-10.403261,2.040582
0.577000,0.314133,3.250978,-10.470179,2.042476
0.578000,0.313450,3.261196,-10.537149,2.044447
0.579000,0.312786,3.271392,-10.604170,2.046492
0.580000,0.312139,3.281566,-10.671244,2.048612
0.581000,0.311510,3.291718,-10.738372,2.050805
0.582000,0.310897,3.301850,-10.805553,2.053070
0.583000,0.310301,3.311960,-10.872789,2.055406
0.584000,0.309720,3.322049,-10.940080,2.057813
0.585000,0.309156,3.332117,-11.007427,2.060289
0.586000,0.308608,3.342165,-11.074830,2.062835
0.587000,0.308074,3.352193,-11.142289,2.065448
0.588000,0.307556,3.362201,-11.209806,2.068129
0.589000,0.307052,3.372189,-11.277380,2.070876
0.590000,0.306563,3.382158,-11.345013,2.073689
0.591000,0.306088,3.392108,-11.412704,2.076566
0.592000,0.305627,3.402038,-11.480455,2.079508
0.593000,0.305179,3.411950,-11.548265,2.082514
0.594000,0.304746,3.421842,-11.616136,2.085583
0.595000,0.304325,3.431717,-11.684067,2.088713
0.596000,0.303917,3.441573,-11.752060,2.091906
0.597000,0.303522,3.451411,-11.820114,2.095159
0.598000,0.303140,3.461232,-11.888231,2.098473
0.599000,0.302770,3.471034,-11.956410,2.101847
0.600000,0.302412,3.480820,-12.024652,2.105280
0.601000,0.302065,3.490588,-12.092958,2.108772
0.602000,0.301731,3.500338,-12.161328,2.112322
0.603000,0.301408,3.510072,-12.229762,2.115929
0.604000,0.301097,3.519790,-12.298261,2.119594
0.605000,0.300796,3.529491,-12.366825,2.123315
0.606000,0.300507,3.539175,-12.435455,2.127092
0.607000,0.300228,3.548843,-12.504151,2.130925
0.608000,0.299960,3.558495,-12.572913,2.134812
0.609000,0.299702,3.568132,-12.641742,2.138755
0.610000,0.299455,3.577752,-12.710639,2.142751
0.611000,0.299218,3.587358,-12.779603,2.146802
0.612000,0.298990,3.596947,-12.848635,2.150905
0.613000,0.298773,3.606522,-12.917735,2.155062
0.614000,0.298565,3.616082,-12.986905,2.159271
0.615000,0.298367,3.625626,-13.056143,2.163532
0.616000,0.298178,3.635156,-13.125451,2.167844
0.617000,0.297998,3.644672,-13.194829,2.172208
0.618000,0.297827,3.654173,-13.264276,2.176623
0.619000,0.297665,3.663659,-13.333795,2.181088
0.620000,0.297512,3.673132,-13.403384,2.185603
0.621000,0.297368,3.682590,-13.473045,2.190169
0.622000,0.297232,3.692035,-13.542777,2.194783
0.623000,0.297105,3.701466,-13.612580,2.199447
0.624000,0.296986,3.710884,-13.682456,2.204160
0.625000,0.296875,3.720288,-13.752405,2.208921
0.626000,0.296772,3.729678,-13.822426,2.213730
0.627000,0.296677,3.739056,-13.892520,2.218587
0.628000,0.296590,3.748420,-13.962688,2.223491
0.629000,0.296511,3.757772,-14.032930,2.228443
0.630000,0.296440,3.767110,-14.103245,2.233442
0.631000,0.296376,3.776437,-14.173635,2.238487
0.632000,0.296319,3.785750,-14.244099,2.243579
0.633000,0.296270,3.795051,-14.314638,2.248717
0.634000,0.296228,3.804340,-14.385252,2.253900
0.635000,0.296193,3.813617,-14.455942,2.259130
0.636000,0.296165,3.822881,-14.526707,2.264404
0.637000,0.296144,3.832134,-14.597548,2.269724
0.638000,0.296129,3.841375,-14.668466,2.275088
0.639000,0.296122,3.850604,-14.739459,2.280497
0.640000,0.296121,3.859821,-14.810530,2.285951
0.641000,0.296127,3.869027,-14.881677,2.291448
0.642000,0.296140,3.878221,-14.952902,2.296989
0.643000,0.296158,3.887405,-15.024204,2.302575
0.644000,0.296183,3.896577,-15.095584,2.308203
0.645000,0.296215,3.905737,-15.167042,2.313875
0.646000,0.296252,3.914887,-15.238577,2.319590
0.647000,0.296296,3.924026,-15.310192,2.325347
0.648000,0.296346,3.933155,-15.381885,2.331148
0.649000,0.296401,3.942272,-15.453656,2.336990
0.650000,0.296463,3.951379,-15.525507,2.342875
0.651000,0.296530,3.960476,-15.597437,2.348802
0.652000,0.296603,3.969562,-15.669447,2.354771
0.653000,0.296682,3.978637,-15.741536,2.360782
0.654000,0.296767,3.987703,-15.813705,2.366834
0.655000,0.296857,3.996758,-15.885954,2.372928
0.656000,0.296952,4.005804,-15.958284,2.379063
0.657000,0.297053,4.014839,-16.030694,2.385238
0.658000,0.297159,4.023865,-16.103185,2.391455
0.659000,0.297270,4.032881,-16.175756,2.397712
0.660000,0.297387,4.041887,-16.248409,2.404010
0.661000,0.297509,4.050883,-16.321143,2.410349
0.662000,0.297636,4.059870,-16.393959,2.416727
0.663000,0.297768,4.068848,-16.466856,2.423146
0.664000,0.297905,4.077816,-16.539835,2.429604
0.665000,0.298047,4.086775,-16.612897,2.436103
0.666000,0.298194,4.095725,-16.686040,2.442641
0.667000,0.298346,4.104665,-16.759266,2.449219
0.668000,0.298502,4.113597,-16.832574,2.455836
0.669000,0.298664,4.122519,-16.905966,2.462492
0.670000,0.298829,4.131433,-16.979440,2.469188
0.671000,0.299000,4.140338,-17.052997,2.475922
0.672000,0.299175,4.149234,-17.126637,2.482696
0.673000,0.299355,4.158122,-17.200361,2.489508
0.674000,0.299539,4.167000,-17.274168,2.496359
0.675000,0.299728,4.175871,-17.348060,2.503249
0.676000,0.299921,4.184733,-17.422035,2.510177
0.677000,0.300118,4.193586,-17.496094,2.517143
0.678000,0.300320,4.202431,-17.570237,2.524148
0.679000,0.300526,4.211268,-17.644464,2.531190
0.680000,0.300736,4.220097,-17.718776,2.538271
0.681000,0.300951,4.228918,-17.793173,2.545390
0.682000,0.301169,4.237730,-17.867654,2.552546
0.683000,0.301392,4.246535,-17.942221,2.559741
0.684000,0.301618,4.255331,-18.016872,2.566972
0.685000,0.301849,4.264120,-18.091609,2.574242
0.686000,0.302084,4.272901,-18.166431,2.581549
0.687000,0.302322,4.281675,-18.241338,2.588893
0.688000,0.302565,4.290440,-18.316331,2.596275
0.689000,0.302811,4.299198,-18.391410,2.603693
0.690000,0.303062,4.307949,-18.466575,2.611149
0.691000,0.303316,4.316692,-18.541825,2.618642
0.692000,0.303574,4.325427,-18.617162,2.626172
0.693000,0.303835,4.334155,-18.692585,2.633738
0.694000,0.304101,4.342876,-18.768095,2.641342
0.695000,0.304369,4.351590,-18.843691,2.648982
0.696000,0.304642,4.360296,-18.919373,2.656659
0.697000,0.304918,4.368995,-18.995142,2.664372
0.698000,0.305198,4.377687,-19.070999,2.672122
0.699000,0.305481,4.386372,-19.146942,2.679908
0.700000,0.305768,4.395050,-19.222972,2.687731
0.701000,0.306058,4.403721,-19.299089,2.695589
0.702000,0.306352,4.412385,-19.375294,2.703485
0.703000,0.306649,4.421043,-19.451586,2.711416
0.704000,0.306949,4.429693,-19.527966,2.719383
0.705000,0.307253,4.438337,-19.604433,2.727387
0.706000,0.307560,4.446974,-19.680988,2.735426
0.707000,0.307871,4.455605,-19.757631,2.743501
0.708000,0.308185,4.464229,-19.834362,2.751612
0.709000,0.308501,4.472846,-19.911181,2.759759
0.710000,0.308822,4.481457,-19.988088,2.767942
0.711000,0.309145,4.490062,-20.065084,2.776160
0.712000,0.309472,4.498660,-20.142167,2.784415
0.713000,0.309801,4.507252,-20.219340,2.792704
0.714000,0.310134,4.515837,-20.296600,2.801029
0.715000,0.310470,4.524416,-20.373950,2.809390
0.716000,0.310809,4.532989,-20.451388,2.817786
0.717000,0.311151,4.541556,-20.528915,2.826218
0.718000,0.311496,4.550117,-20.606531,2.834684
0.719000,0.311844,4.558671,-20.684236,2.843187
0.720000,0.312195,4.567220,-20.762030,2.851724
0.721000,0.312549,4.575762,-20.839913,2.860297
0.722000,0.312905,4.584299,-20.917886,2.868905
0.723000,0.313265,4.592829,-20.995948,2.877547
0.724000,0.313628,4.601354,-21.074099,2.886226
0.725000,0.313993,4.609873,-21.152340,2.894939
0.726000,0.314362,4.618386,-21.230671,2.903687
0.727000,0.314733,4.626894,-21.309091,2.912470
0.728000,0.315107,4.635396,-21.387601,2.921288
0.729000,0.315483,4.643892,-21.466201,2.930141
0.730000,0.315863,4.652382,-21.544891,2.939029
0.731000,0.316245,4.660867,-21.623671,2.947952
0.732000,0.316630,4.669346,-21.702541,2.956909
0.733000,0.317017,4.677820,-21.781501,2.965901
0.734000,0.317408,4.686288,-21.860551,2.974928
0.735000,0.317801,4.694751,-21.939692,2.983990
0.736000,0.318196,4.703209,-22.018924,2.993087
0.737000,0.318594,4.711661,-22.098245,3.002218
0.738000,0.318995,4.720108,-22.177657,3.011384
0.739000,0.319399,4.728549,-22.257160,3.020584
0.740000,0.319805,4.736985,-22.336754,3.029819
0.741000,0.320213,4.745416,-22.416438,3.039089
0.742000,0.320624,4.753842,-22.496213,3.048393
0.743000,0.321038,4.762263,-22.576079,3.057731
0.744000,0.321454,4.770678,-22.656036,3.067104
0.745000,0.321872,4.779088,-22.736085,3.076512
0.746000,0.322293,4.787494,-22.816224,3.085954
0.747000,0.322717,4.795894,-22.896454,3.095430
0.748000,0.323143,4.804289,-22.976776,3.104941
0.749000,0.323571,4.812680,-23.057188,3.114486
0.750000,0.324002,4.821065,-23.137693,3.124066
0.751000,0.324435,4.829446,-23.218288,3.133679
0.752000,0.324870,4.837821,-23.298975,3.143328
0.753000,0.325308,4.846192,-23.379754,3.153010
0.754000,0.325748,4.854558,-23.460624,3.162727
0.755000,0.326191,4.862920,-23.541586,3.172478
0.756000,0.326636,4.871276,-23.622639,3.182263
0.757000,0.327083,4.879628,-23.703785,3.192083
0.758000,0.327532,4.887975,-23.785022,3.201937
0.759000,0.327984,4.896317,-23.866351,3.211825
0.760000,0.328438,4.904655,-23.947772,3.221747
0.761000,0.328894,4.912988,-24.029285,3.231703
0.762000,0.329352,4.921317,-24.110890,3.241694
0.763000,0.329813,4.929641,-24.192587,3.251719
0.764000,0.330276,4.937961,-24.274376,3.261778
0.765000,0.330741,4.946276,-24.356257,3.271871
0.766000,0.331208,4.954587,-24.438231,3.281998
0.767000,0.331677,4.962893,-24.520297,3.292159
0.768000,0.332149,4.971195,-24.602455,3.302355
0.769000,0.332623,4.979492,-24.684706,3.312584
0.770000,0.333098,4.987785,-24.767049,3.322848
0.771000,0.333576,4.996074,-24.849484,3.333145
0.772000,0.334057,5.004359,-24.932013,3.343477
0.773000,0.334539,5.012639,-25.014633,3.353843
0.774000,0.335023,5.020915,-25.097347,3.364243
0.775000,0.335509,5.029187,-25.180153,3.374677
0.776000,0.335998,5.037454,-25.263052,3.385145
0.777000,0.336488,5.045718,-25.346043,3.395647
0.778000,0.336980,5.053977,-25.429127,3.406183
0.779000,0.337475,5.062232,-25.512305,3.416754
0.780000,0.337972,5.070483,-25.595575,3.427358
0.781000,0.338470,5.078730,-25.678938,3.437996
0.782000,0.338971,5.086973,-25.762394,3.448668
0.783000,0.339473,5.095212,-25.845943,3.459375
0.784000,0.339978,5.103447,-25.929585,3.470115
0.785000,0.340484,5.111678,-26.013320,3.480889
0.786000,0.340992,5.119905,-26.097149,3.491698
0.787000,0.341503,5.128128,-26.181070,3.502540
0.788000,0.342015,5.136347,-26.265085,3.513417
0.789000,0.342529,5.144562,-26.349193,3.524327
0.790000,0.343046,5.152773,-26.433394,3.535272
0.791000,0.343564,5.160981,-26.517689,3.546250
0.792000,0.344084,5.169185,-26.602077,3.557263
0.793000,0.344605,5.177385,-26.686559,3.568310
0.794000,0.345129,5.185581,-26.771134,3.579390
0.795000,0.345655,5.193773,-26.855802,3.590505
0.796000,0.346182,5.201962,-26.940564,3.601654
0.797000,0.346712,5.210147,-27.025420,3.612836
0.798000,0.347243,5.218328,-27.110369,3.624053
0.799000,0.347776,5.226505,-27.195411,3.635304
0.800000,0.348311,5.234679,-27.280548,3.646589
0.801000,0.348847,5.242850,-27.365778,3.657908
0.802000,0.349386,5.251016,-27.451101,3.669261
0.803000,0.349926,5.259179,-27.536519,3.680648
0.804000,0.350468,5.267339,-27.622030,3.692069
0.805000,0.351012,5.275495,-27.707635,3.703524
0.806000,0.351558,5.283647,-27.793334,3.715013
0.807000,0.352105,5.291796,-27.879127,3.726537
0.808000,0.352654,5.299941,-27.965014,3.738094
0.809000,0.353205,5.308083,-28.050995,3.749685
0.810000,0.353758,5.316222,-28.137069,3.761311
0.811000,0.354312,5.324357,-28.223238,3.772971
0.812000,0.354869,5.332488,-28.309500,3.784664
0.813000,0.355426,5.340617,-28.395857,3.796392
0.814000,0.355986,5.348741,-28.482308,3.808154
0.815000,0.356547,5.356863,-28.568853,3.819950
0.816000,0.357110,5.364981,-28.655492,3.831781
0.817000,0.357675,5.373096,-28.742225,3.843645
0.818000,0.358242,5.381207,-28.829052,3.855544
0.819000,0.358810,5.389315,-28.915974,3.867477
0.820000,0.359379,5.397420,-29.002990,3.879444
0.821000,0.359951,5.405522,-29.090100,3.891445
0.822000,0.360524,5.413620,-29.177304,3.903480
0.823000,0.361099,5.421715,-29.264603,3.915549
0.824000,0.361675,5.429807,-29.351996,3.927653
0.825000,0.362253,5.437896,-29.439483,3.939791
0.826000,0.362833,5.445981,-29.527065,3.951963
0.827000,0.363414,5.454064,-29.614741,3.964170
0.828000,0.363997,5.462143,-29.702512,3.976410
0.829000,0.364582,5.470219,-29.790377,3.988685
0.830000,0.365168,5.478292,-29.878336,4.000995
0.831000,0.365756,5.486362,-29.966390,4.013338
0.832000,0.366345,5.494429,-30.054539,4.025716
0.833000,0.366936,5.502493,-30.142782,4.038128
0.834000,0.367529,5.510553,-30.231119,4.050575
0.835000,0.368123,5.518611,-30.319552,4.063055
0.836000,0.368719,5.526666,-30.408078,4.075571
0.837000,0.369316,5.534717,-30.496700,4.088120
0.838000,0.369915,5.542766,-30.585416,4.100704
0.839000,0.370515,5.550811,-30.674226,4.113322
0.840000,0.371117,5.558854,-30.763132,4.125975
0.841000,0.371721,5.566894,-30.852132,4.138662
0.842000,0.372326,5.574931,-30.941227,4.151383
0.843000,0.372933,5.582965,-31.030416,4.164139
0.844000,0.373541,5.590996,-31.119701,4.176930
0.845000,0.374150,5.599024,-31.209080,4.189755
0.846000,0.374762,5.607049,-31.298553,4.202614
0.847000,0.375374,5.615072,-31.388122,4.215508
0.848000,0.375989,5.623091,-31.477786,4.228436
0.849000,0.376604,5.631108,-31.567544,4.241399
0.850000,0.377222,5.639122,-31.657397,4.254397
0.851000,0.377840,5.647133,-31.747345,4.267429
0.852000,0.378461,5.655141,-31.837388,4.280495
0.853000,0.379082,5.663147,-31.927526,4.293596
0.854000,0.379705,5.671149,-32.017759,4.306732
0.855000,0.380330,5.679149,-32.108086,4.319903
0.856000,0.380956,5.687147,-32.198509,4.333108
0.857000,0.381584,5.695141,-32.289026,4.346347
0.858000,0.382213,5.703133,-32.379639,4.359622
0.859000,0.382843,5.711122,-32.470346,4.372931
0.860000,0.383475,5.719109,-32.561149,4.386275
0.861000,0.384109,5.727092,-32.652047,4.399653
0.862000,0.384744,5.735073,-32.743039,4.413066
0.863000,0.385380,5.743052,-32.834127,4.426514
0.864000,0.386018,5.751028,-32.925310,4.439997
0.865000,0.386657,5.759001,-33.016587,4.453515
0.866000,0.387297,5.766971,-33.107960,4.467067
0.867000,0.387940,5.774939,-33.199428,4.480654
0.868000,0.388583,5.782905,-33.290991,4.494276
0.869000,0.389228,5.790868,-33.382649,4.507933
0.870000,0.389874,5.798828,-33.474403,4.521625
0.871000,0.390522,5.806786,-33.566251,4.535352
0.872000,0.391171,5.814741,-33.658195,4.549113
0.873000,0.391821,5.822693,-33.750233,4.562910
0.874000,0.392473,5.830643,-33.842367,4.576741
0.875000,0.393126,5.838591,-33.934596,4.590608
0.876000,0.393781,5.846536,-34.026921,4.604509
0.877000,0.394437,5.854479,-34.119340,4.618445
0.878000,0.395094,5.862419,-34.211855,4.632417
0.879000,0.395753,5.870357,-34.304465,4.646423
0.880000,0.396413,5.878292,-34.397170,4.660465
0.881000,0.397075,5.886225,-34.489971,4.674542
0.882000,0.397738,5.894155,-34.582866,4.688653
0.883000,0.398402,5.902083,-34.675857,4.702800
0.884000,0.399067,5.910008,-34.768944,4.716982
0.885000,0.399734,5.917931,-34.862125,4.731199
0.886000,0.400402,5.925852,-34.955402,4.745452
0.887000,0.401072,5.933771,-35.048774,4.759739
0.888000,0.401743,5.941687,-35.142241,4.774062
0.889000,0.402415,5.949600,-35.235804,4.788420
0.890000,0.403089,5.957511,-35.329462,4.802814
0.891000,0.403764,5.965420,-35.423215,4.817242
0.892000,0.404440,5.973327,-35.517064,4.831706
0.893000,0.405118,5.981231,-35.611008,4.846205
0.894000,0.405797,5.989133,-35.705047,4.860740
0.895000,0.406477,5.997033,-35.799182,4.875310
0.896000,0.407158,6.004930,-35.893412,4.889915
0.897000,0.407841,6.012826,-35.987738,4.904556
0.898000,0.408525,6.020719,-36.082159,4.919232
0.899000,0.409211,6.028609,-36.176675,4.933944
0.900000,0.409898,6.036498,-36.271286,4.948691
0.901000,0.410586,6.044384,-36.365993,4.963474
0.902000,0.411275,6.052268,-36.460796,4.978292
0.903000,0.411966,6.060149,-36.555693,4.993146
0.904000,0.412657,6.068029,-36.650687,5.008035
0.905000,0.413351,6.075906,-36.745775,5.022960
0.906000,0.414045,6.083781,-36.840959,5.037920
0.907000,0.414741,6.091654,-36.936239,5.052916
0.908000,0.415438,6.099525,-37.031614,5.067948
0.909000,0.416136,6.107393,-37.127084,5.083015
0.910000,0.416836,6.115260,-37.222649,5.098118
0.911000,0.417537,6.123124,-37.318311,5.113257
0.912000,0.418239,6.130986,-37.414067,5.128432
0.913000,0.418942,6.138846,-37.509919,5.143642
0.914000,0.419647,6.146704,-37.605867,5.158888
0.915000,0.420353,6.154560,-37.701910,5.174170
0.916000,0.421060,6.162413,-37.798048,5.189488
0.917000,0.421768,6.170265,-37.894282,5.204841
0.918000,0.422478,6.178114,-37.990611,5.220231
0.919000,0.423189,6.185962,-38.087036,5.235656
0.920000,0.423901,6.193807,-38.183556,5.251118
0.921000,0.424614,6.201650,-38.280172,5.266615
0.922000,0.425329,6.209492,-38.376883,5.282148
0.923000,0.426044,6.217331,-38.473690,5.297717
0.924000,0.426761,6.225168,-38.570592,5.313322
0.925000,0.427480,6.233003,-38.667589,5.328964
0.926000,0.428199,6.240836,-38.764682,5.344641
0.927000,0.428920,6.248667,-38.861871,5.360354
0.928000,0.429642,6.256496,-38.959155,5.376104
0.929000,0.430365,6.264323,-39.056535,5.391890
0.930000,0.431089,6.272149,-39.154010,5.407711
0.931000,0.431815,6.279972,-39.251580,5.423569
0.932000,0.432542,6.287793,-39.349246,5.439464
0.933000,0.433270,6.295612,-39.447008,5.455394
0.934000,0.433999,6.303429,-39.544864,5.471361
0.935000,0.434729,6.311244,-39.642817,5.487364
0.936000,0.435461,6.319058,-39.740865,5.503403
0.937000,0.436194,6.326869,-39.839008,5.519479
0.938000,0.436927,6.334679,-39.937247,5.535591
0.939000,0.437663,6.342486,-40.035582,5.551739
0.940000,0.438399,6.350292,-40.134011,5.567924
0.941000,0.439137,6.358095,-40.232537,5.584145
0.942000,0.439875,6.365897,-40.331158,5.600402
0.943000,0.440615,6.373697,-40.429874,5.616696
0.944000,0.441356,6.381495,-40.528686,5.633027
0.945000,0.442099,6.389291,-40.627593,5.649394
0.946000,0.442842,6.397086,-40.726596,5.665798
0.947000,0.443587,6.404878,-40.825694,5.682238
0.948000,0.444333,6.412669,-40.924888,5.698715
0.949000,0.445080,6.420457,-41.024177,5.715228
0.950000,0.445828,6.428244,-41.123562,5.731778
0.951000,0.446577,6.436029,-41.223042,5.748365
0.952000,0.447327,6.443813,-41.322618,5.764988
0.953000,0.448079,6.451594,-41.422289,5.781649
0.954000,0.448832,6.459373,-41.522056,5.798345
0.955000,0.449586,6.467151,-41.621918,5.815079
0.956000,0.450341,6.474927,-41.721876,5.831850
0.957000,0.451097,6.482701,-41.821929,5.848657
0.958000,0.451855,6.490474,-41.922077,5.865501
0.959000,0.452613,6.498244,-42.022321,5.882382
0.960000,0.453373,6.506013,-42.122661,5.899300
0.961000,0.454134,6.513780,-42.223096,5.916255
0.962000,0.454896,6.521546,-42.323626,5.933247
0.963000,0.455659,6.529309,-42.424252,5.950276
0.964000,0.456423,6.537071,-42.524973,5.967341
0.965000,0.457189,6.544831,-42.625790,5.984444
0.966000,0.457955,6.552589,-42.726702,6.001584
0.967000,0.458723,6.560346,-42.827710,6.018761
0.968000,0.459492,6.568101,-42.928813,6.035975
0.969000,0.460262,6.575854,-43.030011,6.053226
0.970000,0.461033,6.583605,-43.131305,6.070515
0.971000,0.461805,6.591355,-43.232695,6.087840
0.972000,0.462578,6.599103,-43.334180,6.105203
0.973000,0.463353,6.606849,-43.435760,6.122603
0.974000,0.464128,6.614594,-43.537435,6.140040
0.975000,0.464905,6.622337,-43.639206,6.157515
0.976000,0.465683,6.630078,-43.741073,6.175027
0.977000,0.466462,6.637818,-43.843035,6.192576
0.978000,0.467242,6.645555,-43.945092,6.210163
0.979000,0.468023,6.653292,-44.047245,6.227787
0.980000,0.468805,6.661026,-44.149493,6.245448
0.981000,0.469589,6.668759,-44.251836,6.263147
0.982000,0.470373,6.676491,-44.354275,6.280883
0.983000,0.471159,6.684220,-44.456809,6.298657
0.984000,0.471945,6.691948,-44.559439,6.316468
0.985000,0.472733,6.699675,-44.662164,6.334317
0.986000,0.473522,6.707399,-44.764984,6.352204
0.987000,0.474312,6.715123,-44.867900,6.370128
0.988000,0.475103,6.722844,-44.970911,6.388090
0.989000,0.475895,6.730564,-45.074017,6.406089
0.990000,0.476689,6.738283,-45.177219,6.424126
0.991000,0.477483,6.745999,-45.280516,6.442201
0.992000,0.478279,6.753714,-45.383909,6.460314
0.993000,0.479075,6.761428,-45.487396,6.478464
0.994000,0.479873,6.769140,-45.590979,6.496652
0.995000,0.480672,6.776851,-45.694658,6.514878
0.996000,0.481471,6.784559,-45.798431,6.533142
0.997000,0.482272,6.792267,-45.902300,6.551443
0.998000,0.483074,6.799972,-46.006265,6.569783
0.999000,0.483877,6.807677,-46.110324,6.588160
1.000000,0.484681,6.815379,-46.214479,6.606576
1.001000,0.485487,6.823080,-46.318729,6.625029
1.002000,0.486293,6.830780,-46.423075,6.643521
1.003000,0.487100,6.838478,-46.527515,6.662050
1.004000,0.487909,6.846175,-46.632051,6.680618
1.005000,0.488718,6.853870,-46.736683,6.699223
1.006000,0.489529,6.861563,-46.841409,6.717867
1.007000,0.490341,6.869255,-46.946231,6.736549
1.008000,0.491153,6.876945,-47.051148,6.755269
1.009000,0.491967,6.884634,-47.156160,6.774027
1.010000,0.492782,6.892322,-47.261267,6.792824
1.011000,0.493598,6.900008,-47.366470,6.811659
1.012000,0.494415,6.907692,-47.471768,6.830532
1.013000,0.495233,6.915375,-47.577161,6.849443
1.014000,0.496052,6.923057,-47.682649,6.868393
1.015000,0.496872,6.930737,-47.788232,6.887381
1.016000,0.497693,6.938415,-47.893911,6.906407
1.017000,0.498516,6.946093,-47.999684,6.925472
1.018000,0.499339,6.953768,-48.105553,6.944576
1.019000,0.500163,6.961442,-48.211517,6.963717
1.020000,0.500989,6.969115,-48.317576,6.982898
1.021000,0.501815,6.976786,-48.423731,7.002117
1.022000,0.502643,6.984456,-48.529980,7.021374
1.023000,0.503471,6.992125,-48.636325,7.040670
1.024000,0.504301,6.999792,-48.742764,7.060005
1.025000,0.505132,7.007457,-48.849299,7.079378
1.026000,0.505963,7.015121,-48.955929,7.098790
1.027000,0.506796,7.022784,-49.062654,7.118240
1.028000,0.507630,7.030445,-49.169474,7.137730
1.029000,0.508465,7.038105,-49.276389,7.157258
1.030000,0.509301,7.045764,-49.383399,7.176825
1.031000,0.510138,7.053421,-49.490504,7.196431
1.032000,0.510976,7.061076,-49.597705,7.216075
1.033000,0.511815,7.068731,-49.705000,7.235759
1.034000,0.512655,7.076384,-49.812390,7.255481
1.035000,0.513496,7.084035,-49.919876,7.275242
1.036000,0.514338,7.091685,-50.027456,7.295042
1.037000,0.515181,7.099334,-50.135131,7.314882
1.038000,0.516025,7.106981,-50.242902,7.334760
1.039000,0.516870,7.114627,-50.350767,7.354677
1.040000,0.517716,7.122272,-50.458728,7.374633
1.041000,0.518564,7.129915,-50.566783,7.394629
1.042000,0.519412,7.137557,-50.674933,7.414663
1.043000,0.520261,7.145198,-50.783178,7.434737
1.044000,0.521111,7.152837,-50.891518,7.454850
1.045000,0.521963,7.160475,-50.999953,7.475002
1.046000,0.522815,7.168111,-51.108483,7.495193
1.047000,0.523668,7.175746,-51.217108,7.515423
1.048000,0.524523,7.183380,-51.325828,7.535693
1.049000,0.525378,7.191013,-51.434643,7.556002
1.050000,0.526235,7.198644,-51.543552,7.576351
1.051000,0.527092,7.206274,-51.652557,7.596739
1.052000,0.527950,7.213902,-51.761656,7.617166
1.053000,0.528810,7.221530,-51.870850,7.637633
1.054000,0.529670,7.229156,-51.980139,7.658139
1.055000,0.530532,7.236780,-52.089523,7.678684
1.056000,0.531394,7.244403,-52.199002,7.699270
1.057000,0.532258,7.252025,-52.308575,7.719894
1.058000,0.533122,7.259646,-52.418243,7.740559
1.059000,0.533988,7.267266,-52.528007,7.761262
1.060000,0.534854,7.274884,-52.637864,7.782006
1.061000,0.535722,7.282501,-52.747817,7.802789
1.062000,0.536590,7.290116,-52.857864,7.823612
1.063000,0.537460,7.297730,-52.968006,7.844474
1.064000,0.538330,7.305343,-53.078243,7.865377
1.065000,0.539202,7.312955,-53.188575,7.886319
1.066000,0.540074,7.320566,-53.299001,7.907301
1.067000,0.540948,7.328175,-53.409522,7.928322
1.068000,0.541822,7.335783,-53.520138,7.949384
1.069000,0.542698,7.343389,-53.630848,7.970485
1.070000,0.543574,7.350995,-53.741653,7.991627
1.071000,0.544452,7.358599,-53.852553,8.012808
1.072000,0.545330,7.366202,-53.963547,8.034029
1.073000,0.546210,7.373804,-54.074636,8.055291
1.074000,0.547090,7.381404,-54.185820,8.076592
1.075000,0.547972,7.389003,-54.297098,8.097933
1.076000,0.548854,7.396601,-54.408471,8.119315
1.077000,0.549738,7.404198,-54.519938,8.140736
1.078000,0.550622,7.411794,-54.631500,8.162198
1.079000,0.551508,7.419388,-54.743157,8.183700
1.080000,0.552394,7.426981,-54.854908,8.205242
1.081000,0.553282,7.434573,-54.966754,8.226824
1.082000,0.554170,7.442164,-55.078694,8.248447
1.083000,0.555059,7.449753,-55.190729,8.270110
1.084000,0.555950,7.457341,-55.302858,8.291813
1.085000,0.556841,7.464928,-55.415082,8.313556
1.086000,0.557733,7.472514,-55.527400,8.335340
1.087000,0.558627,7.480099,-55.639813,8.357164
1.088000,0.559521,7.487682,-55.752320,8.379029
1.089000,0.560416,7.495264,-55.864922,8.400934
1.090000,0.561312,7.502845,-55.977618,8.422880
1.091000,0.562210,7.510425,-56.090408,8.444866
1.092000,0.563108,7.518004,-56.203293,8.466893
1.093000,0.564007,7.525581,-56.316273,8.488960
1.094000,0.564907,7.533158,-56.429346,8.511068
1.095000,0.565808,7.540733,-56.542515,8.533217
1.096000,0.566710,7.548307,-56.655777,8.555406
1.097000,0.567613,7.555880,-56.769134,8.577636
1.098000,0.568517,7.563451,-56.882585,8.599906
1.099000,0.569422,7.571022,-56.996131,8.622218
1.100000,0.570328,7.578591,-57.109771,8.644570
1.101000,0.571235,7.586159,-57.223505,8.666963
1.102000,0.572143,7.593726,-57.337333,8.689397
1.103000,0.573052,7.601292,-57.451256,8.711871
1.104000,0.573962,7.608857,-57.565273,8.734387
1.105000,0.574873,7.616421,-57.679384,8.756943
1.106000,0.575784,7.623983,-57.793590,8.779541
1.107000,0.576697,7.631544,-57.907890,8.802179
1.108000,0.577611,7.639105,-58.022284,8.824858
1.109000,0.578525,7.646664,-58.136772,8.847579
1.110000,0.579441,7.654221,-58.251354,8.870340
1.111000,0.580358,7.661778,-58.366031,8.893143
1.112000,0.581275,7.669334,-58.480801,8.915987
1.113000,0.582194,7.676888,-58.595666,8.938871
1.114000,0.583113,7.684442,-58.710625,8.961797
1.115000,0.584034,7.691994,-58.825678,8.984765
1.116000,0.584955,7.699545,-58.940826,9.007773
1.117000,0.585877,7.707095,-59.056067,9.030823
1.118000,0.586800,7.714644,-59.171402,9.053914
1.119000,0.587725,7.722192,-59.286832,9.077046
1.120000,0.588650,7.729739,-59.402356,9.100220
1.121000,0.589576,7.737285,-59.517973,9.123435
1.122000,0.590503,7.744829,-59.633685,9.146692
1.123000,0.591431,7.752373,-59.749490,9.169990
1.124000,0.592360,7.759915,-59.865390,9.193329
1.125000,0.593290,7.767456,-59.981384,9.216710
1.126000,0.594221,7.774996,-60.097472,9.240133
1.127000,0.595153,7.782536,-60.213653,9.263597
1.128000,0.596086,7.790074,-60.329929,9.287102
1.129000,0.597019,7.797611,-60.446298,9.310650
1.130000,0.597954,7.805146,-60.562762,9.334239
1.131000,0.598890,7.812681,-60.679319,9.357869
1.132000,0.599826,7.820215,-60.795970,9.381542
1.133000,0.600764,7.827748,-60.912715,9.405256
1.134000,0.601702,7.835279,-61.029554,9.429011
1.135000,0.602642,7.842810,-61.146487,9.452809
1.136000,0.603582,7.850339,-61.263514,9.476648
1.137000,0.604523,7.857868,-61.380634,9.500530
1.138000,0.605466,7.865395,-61.497849,9.524453
1.139000,0.606409,7.872921,-61.615157,9.548418
1.140000,0.607353,7.880446,-61.732559,9.572425
1.141000,0.608298,7.887971,-61.850054,9.596474
1.142000,0.609244,7.895494,-61.967644,9.620565
1.143000,0.610191,7.903016,-62.085327,9.644698
1.144000,0.611139,7.910537,-62.203104,9.668873
1.145000,0.612088,7.918057,-62.320975,9.693090
1.146000,0.613037,7.925576,-62.438939,9.717349
1.147000,0.613988,7.933094,-62.556997,9.741650
1.148000,0.614940,7.940611,-62.675148,9.765994
1.149000,0.615892,7.948127,-62.793394,9.790379
1.150000,0.616846,7.955641,-62.911733,9.814807
1.151000,0.617800,7.963155,-63.030165,9.839278
1.152000,0.618756,7.970668,-63.148692,9.863790
1.153000,0.619712,7.978180,-63.267311,9.888345
1.154000,0.620669,7.985691,-63.386025,9.912942
1.155000,0.621627,7.993200,-63.504832,9.937582
1.156000,0.622586,8.000709,-63.623732,9.962263
1.157000,0.623546,8.008217,-63.742726,9.986988
1.158000,0.624507,8.015723,-63.861814,10.011755
1.159000,0.625469,8.023229,-63.980995,10.036564
1.160000,0.626432,8.030734,-64.100269,10.061416
1.161000,0.627396,8.038238,-64.219637,10.086310
1.162000,0.628360,8.045740,-64.339099,10.111247
1.163000,0.629326,8.053242,-64.458654,10.136227
1.164000,0.630292,8.060743,-64.578302,10.161249
1.165000,0.631260,8.068242,-64.698044,10.186314
1.166000,0.632228,8.075741,-64.817879,10.211421
1.167000,0.633197,8.083239,-64.937807,10.236572
1.168000,0.634168,8.090735,-65.057829,10.261765
1.169000,0.635139,8.098231,-65.177945,10.287001
1.170000,0.636111,8.105726,-65.298153,10.312279
1.171000,0.637084,8.113220,-65.418455,10.337601
1.172000,0.638058,8.120712,-65.538850,10.362965
1.173000,0.639032,8.128204,-65.659339,10.388372
1.174000,0.640008,8.135695,-65.779921,10.413822
1.175000,0.640985,8.143185,-65.900596,10.439316
1.176000,0.641962,8.150674,-66.021364,10.464852
1.177000,0.642941,8.158161,-66.142226,10.490431
1.178000,0.643920,8.165648,-66.263181,10.516053
1.179000,0.644901,8.173134,-66.384229,10.541718
1.180000,0.645882,8.180619,-66.505370,10.567427
1.181000,0.646864,8.188103,-66.626604,10.593178
1.182000,0.647847,8.195586,-66.747932,10.618973
1.183000,0.648831,8.203069,-66.869352,10.644811
1.184000,0.649816,8.210550,-66.990866,10.670692
1.185000,0.650802,8.218030,-67.112473,10.696616
1.186000,0.651788,8.225509,-67.234173,10.722583
1.187000,0.652776,8.232987,-67.355966,10.748594
1.188000,0.653765,8.240465,-67.477852,10.774649
1.189000,0.654754,8.247941,-67.599831,10.800746
1.190000,0.655744,8.255417,-67.721903,10.826887
1.191000,0.656736,8.262891,-67.844068,10.853072
1.192000,0.657728,8.270365,-67.966326,10.879299
1.193000,0.658721,8.277837,-68.088677,10.905571
1.194000,0.659715,8.285309,-68.211121,10.931886
1.195000,0.660710,8.292780,-68.333658,10.958244
1.196000,0.661706,8.300250,-68.456288,10.984646
1.197000,0.662702,8.307718,-68.579011,11.011092
1.198000,0.663700,8.315186,-68.701827,11.037581
1.199000,0.664699,8.322653,-68.824736,11.064114
1.200000,0.665698,8.330120,-68.947737,11.090690
