Rioux calculated dielectric data (0Au/100Ag)
wave(um),Re(n),Im(n),eps1,eps2
0.270000,1.278043,1.275042,0.007662,3.259116
0.271000,1.285304,1.271743,0.034676,3.269152
0.272000,1.292641,1.268058,0.062949,3.278289
0.273000,1.300051,1.263967,0.092521,3.286442
0.274000,1.307528,1.259445,0.123427,3.293520
0.275000,1.315066,1.254470,0.155705,3.299422
0.276000,1.322658,1.249015,0.189386,3.304039
0.277000,1.330293,1.243052,0.224499,3.307247
0.278000,1.337958,1.236554,0.261067,3.308914
0.279000,1.345639,1.229488,0.299104,3.308894
0.280000,1.353317,1.221823,0.338617,3.307027
0.281000,1.360970,1.213525,0.379596,3.303142
0.282000,1.368570,1.204561,0.422017,3.297051
0.283000,1.376086,1.194896,0.465835,3.288559
0.284000,1.383480,1.184498,0.510980,3.277458
0.285000,1.390708,1.173336,0.557353,3.263535
0.286000,1.397722,1.161381,0.604819,3.246576
0.287000,1.404464,1.148614,0.653207,3.226374
0.288000,1.410876,1.135019,0.702302,3.202741
0.289000,1.416891,1.120594,0.751851,3.175518
0.290000,1.422447,1.105348,0.801562,3.144598
0.291000,1.427484,1.089307,0.851119,3.109937
0.292000,1.431952,1.072513,0.900204,3.071576
0.293000,1.435824,1.055023,0.948519,3.029654
0.294000,1.439100,1.036905,0.995838,2.984419
0.295000,1.441821,1.018231,1.042051,2.936214
0.296000,1.444080,0.999067,1.087232,2.885463
0.297000,1.446033,0.979445,1.131700,2.832620
0.298000,1.447910,0.959347,1.176097,2.778096
0.299000,1.450019,0.938664,1.221465,2.722161
0.300000,1.452760,0.917144,1.269359,2.664782
0.301000,1.456636,0.894308,1.322001,2.605361
0.302000,1.462253,0.869281,1.382535,2.542217
0.303000,1.470275,0.840435,1.455377,2.471340
0.304000,1.480960,0.804545,1.545950,2.382999
0.305000,1.491440,0.755515,1.653590,2.253612
0.306000,1.488513,0.690711,1.738588,2.056266
0.307000,1.463854,0.626121,1.750841,1.833098
0.308000,1.427685,0.570997,1.712246,1.630407
0.309000,1.386511,0.523532,1.648325,1.451766
0.310000,1.342244,0.481438,1.569836,1.292415
0.311000,1.295256,0.443326,1.481151,1.148442
0.312000,1.245331,0.408463,1.384006,1.017344
0.313000,1.191909,0.376641,1.278789,0.897845
0.314000,1.134166,0.348296,1.165023,0.790052
0.315000,1.071307,0.325024,1.042057,0.696402
0.316000,1.004289,0.309968,0.912515,0.622595
0.317000,0.937540,0.304259,0.786408,0.570511
0.318000,0.873671,0.304879,0.670349,0.532729
0.319000,0.812188,0.309577,0.563812,0.502869
0.320000,0.752201,0.317636,0.464913,0.477853
0.321000,0.693109,0.329066,0.372116,0.456158
0.322000,0.634658,0.344229,0.284297,0.436935
0.323000,0.576964,0.363676,0.200627,0.419656
0.324000,0.520591,0.387989,0.120480,0.403967
0.325000,0.466578,0.417523,0.043370,0.389614
0.326000,0.416292,0.452092,-0.031088,0.376404
0.327000,0.371029,0.490785,-0.103207,0.364191
0.328000,0.331547,0.532134,-0.173243,0.352854
0.329000,0.297869,0.574576,-0.241412,0.342297
0.330000,0.269464,0.616851,-0.307895,0.332439
0.331000,0.245549,0.658136,-0.372849,0.323209
0.332000,0.225328,0.697984,-0.436409,0.314551
0.333000,0.208102,0.736205,-0.498692,0.306411
0.334000,0.193297,0.772765,-0.559802,0.298746
0.335000,0.180458,0.807711,-0.619832,0.291516
0.336000,0.169228,0.841130,-0.678862,0.284686
0.337000,0.159327,0.873127,-0.736965,0.278226
0.338000,0.150534,0.903808,-0.794209,0.272108
0.339000,0.142673,0.933277,-0.850651,0.266306
0.340000,0.135602,0.961631,-0.906345,0.260799
0.341000,0.129209,0.988958,-0.961342,0.255565
0.342000,0.123401,1.015339,-1.015686,0.250588
0.343000,0.118100,1.040849,-1.069419,0.245849
0.344000,0.113243,1.065552,-1.122577,0.241333
0.345000,0.108777,1.089509,-1.175196,0.237027
0.346000,0.104656,1.112772,-1.227309,0.232918
0.347000,0.100843,1.135392,-1.278945,0.228993
0.348000,0.097304,1.157411,-1.330132,0.225242
0.349000,0.094011,1.178870,-1.380895,0.221655
0.350000,0.090941,1.199804,-1.431260,0.218222
0.351000,0.088070,1.220247,-1.481247,0.214935
0.352000,0.085382,1.240229,-1.530879,0.211787
0.353000,0.082859,1.259778,-1.580175,0.208769
0.354000,0.080488,1.278918,-1.629153,0.205874
0.355000,0.078254,1.297673,-1.677831,0.203097
0.356000,0.076148,1.316064,-1.726225,0.200432
0.357000,0.074159,1.334110,-1.774350,0.197872
0.358000,0.072277,1.351830,-1.822221,0.195414
0.359000,0.070495,1.369241,-1.869852,0.193051
0.360000,0.068806,1.386358,-1.917254,0.190779
0.361000,0.067202,1.403196,-1.964442,0.188594
0.362000,0.065677,1.419767,-2.011425,0.186493
0.363000,0.064227,1.436085,-2.058216,0.184470
0.364000,0.062846,1.452162,-2.104824,0.182524
0.365000,0.061529,1.468007,-2.151259,0.180650
0.366000,0.060273,1.483632,-2.197531,0.178845
0.367000,0.059073,1.499046,-2.243648,0.177107
0.368000,0.057927,1.514257,-2.289620,0.175432
0.369000,0.056830,1.529275,-2.335454,0.173818
0.370000,0.055781,1.544108,-2.381158,0.172263
0.371000,0.054775,1.558762,-2.426739,0.170764
0.372000,0.053812,1.573245,-2.472204,0.169318
0.373000,0.052888,1.587563,-2.517560,0.167925
0.374000,0.052001,1.601723,-2.562814,0.166582
0.375000,0.051149,1.615731,-2.607971,0.165286
0.376000,0.050331,1.629592,-2.653037,0.164037
0.377000,0.049544,1.643312,-2.698018,0.162832
0.378000,0.048787,1.656895,-2.742920,0.161670
0.379000,0.048059,1.670346,-2.787748,0.160549
0.380000,0.047357,1.683671,-2.832505,0.159469
0.381000,0.046682,1.696873,-2.877198,0.158426
0.382000,0.046031,1.709956,-2.921831,0.157421
0.383000,0.045403,1.722925,-2.966408,0.156452
0.384000,0.044798,1.735782,-3.010934,0.155518
0.385000,0.044213,1.748533,-3.055411,0.154617
0.386000,0.043649,1.761179,-3.099846,0.153748
0.387000,0.043105,1.773724,-3.144240,0.152911
0.388000,0.042578,1.786172,-3.188598,0.152105
0.389000,0.042070,1.798525,-3.232923,0.151328
0.390000,0.041578,1.810786,-3.277218,0.150579
0.391000,0.041103,1.822958,-3.321488,0.149859
0.392000,0.040643,1.835044,-3.365734,0.149165
0.393000,0.040199,1.847045,-3.409960,0.148497
0.394000,0.039768,1.858965,-3.454169,0.147854
0.395000,0.039351,1.870805,-3.498363,0.147237
0.396000,0.038947,1.882568,-3.542546,0.146642
0.397000,0.038556,1.894256,-3.586719,0.146072
0.398000,0.038178,1.905871,-3.630886,0.145523
0.399000,0.037811,1.917415,-3.675049,0.144997
0.400000,0.037455,1.928889,-3.719210,0.144492
0.401000,0.037110,1.940296,-3.763372,0.144008
0.402000,0.036775,1.951637,-3.807536,0.143544
0.403000,0.036451,1.962915,-3.851705,0.143099
0.404000,0.036136,1.974129,-3.895881,0.142674
0.405000,0.035831,1.985283,-3.940066,0.142268
0.406000,0.035534,1.996378,-3.984262,0.141879
0.407000,0.035247,2.007414,-4.028470,0.141509
0.408000,0.034967,2.018394,-4.072694,0.141156
0.409000,0.034696,2.029319,-4.116933,0.140819
0.410000,0.034433,2.040190,-4.161191,0.140500
0.411000,0.034177,2.051009,-4.205468,0.140196
0.412000,0.033929,2.061776,-4.249767,0.139908
0.413000,0.033688,2.072492,-4.294089,0.139636
0.414000,0.033454,2.083160,-4.338435,0.139379
0.415000,0.033226,2.093779,-4.382807,0.139136
0.416000,0.033005,2.104352,-4.427207,0.138908
0.417000,0.032790,2.114878,-4.471635,0.138693
0.418000,0.032581,2.125360,-4.516094,0.138493
0.419000,0.032378,2.135798,-4.560584,0.138306
0.420000,0.032181,2.146193,-4.605107,0.138132
0.421000,0.031989,2.156545,-4.649664,0.137971
0.422000,0.031803,2.166857,-4.694256,0.137823
0.423000,0.031621,2.177128,-4.738884,0.137687
0.424000,0.031445,2.187359,-4.783550,0.137563
0.425000,0.031274,2.197552,-4.828255,0.137452
0.426000,0.031107,2.207706,-4.873000,0.137352
0.427000,0.030945,2.217824,-4.917785,0.137263
0.428000,0.030788,2.227905,-4.962613,0.137186
0.429000,0.030635,2.237950,-5.007483,0.137119
0.430000,0.030486,2.247960,-5.052397,0.137064
0.431000,0.030342,2.257936,-5.097356,0.137019
0.432000,0.030201,2.267878,-5.142361,0.136985
0.433000,0.030064,2.277787,-5.187412,0.136960
0.434000,0.029931,2.287664,-5.232511,0.136946
0.435000,0.029802,2.297509,-5.277658,0.136942
0.436000,0.029677,2.307322,-5.322855,0.136948
0.437000,0.029555,2.317105,-5.368102,0.136963
0.438000,0.029436,2.326858,-5.413399,0.136987
0.439000,0.029321,2.336581,-5.458749,0.137021
0.440000,0.029209,2.346274,-5.504151,0.137064
0.441000,0.029100,2.355940,-5.549606,0.137116
0.442000,0.028994,2.365577,-5.595115,0.137177
0.443000,0.028892,2.375187,-5.640678,0.137247
0.444000,0.028792,2.384770,-5.686297,0.137325
0.445000,0.028695,2.394326,-5.731972,0.137411
0.446000,0.028601,2.403856,-5.777704,0.137506
0.447000,0.028510,2.413360,-5.823493,0.137609
0.448000,0.028421,2.422839,-5.869340,0.137720
0.449000,0.028335,2.432293,-5.915245,0.137839
0.450000,0.028252,2.441722,-5.961210,0.137966
0.451000,0.028171,2.451128,-6.007235,0.138101
0.452000,0.028092,2.460510,-6.053320,0.138243
0.453000,0.028016,2.469869,-6.099466,0.138393
0.454000,0.027942,2.479204,-6.145673,0.138550
0.455000,0.027871,2.488517,-6.191942,0.138715
0.456000,0.027802,2.497808,-6.238274,0.138887
0.457000,0.027735,2.507078,-6.284669,0.139066
0.458000,0.027670,2.516325,-6.331128,0.139252
0.459000,0.027607,2.525552,-6.377651,0.139445
0.460000,0.027546,2.534758,-6.424238,0.139645
0.461000,0.027487,2.543943,-6.470890,0.139852
0.462000,0.027430,2.553108,-6.517608,0.140066
0.463000,0.027375,2.562253,-6.564392,0.140286
0.464000,0.027322,2.571379,-6.611242,0.140513
0.465000,0.027271,2.580485,-6.658160,0.140746
0.466000,0.027222,2.589572,-6.705144,0.140986
0.467000,0.027174,2.598641,-6.752196,0.141232
0.468000,0.027128,2.607691,-6.799316,0.141485
0.469000,0.027084,2.616723,-6.846505,0.141743
0.470000,0.027042,2.625737,-6.893763,0.142008
0.471000,0.027001,2.634733,-6.941090,0.142279
0.472000,0.026961,2.643712,-6.988487,0.142556
0.473000,0.026924,2.652674,-7.035953,0.142839
0.474000,0.026887,2.661619,-7.083491,0.143128
0.475000,0.026853,2.670547,-7.131099,0.143423
0.476000,0.026820,2.679458,-7.178778,0.143724
0.477000,0.026788,2.688354,-7.226528,0.144030
0.478000,0.026758,2.697233,-7.274351,0.144343
0.479000,0.026729,2.706097,-7.322245,0.144660
0.480000,0.026701,2.714945,-7.370212,0.144984
0.481000,0.026675,2.723777,-7.418252,0.145313
0.482000,0.026650,2.732595,-7.466365,0.145648
0.483000,0.026626,2.741398,-7.514551,0.145988
0.484000,0.026604,2.750185,-7.562811,0.146333
0.485000,0.026583,2.758959,-7.611146,0.146684
0.486000,0.026563,2.767717,-7.659554,0.147040
0.487000,0.026545,2.776462,-7.708037,0.147402
0.488000,0.026528,2.785193,-7.756595,0.147768
0.489000,0.026511,2.793910,-7.805228,0.148140
0.490000,0.026496,2.802613,-7.853936,0.148518
0.491000,0.026482,2.811302,-7.902720,0.148900
0.492000,0.026470,2.819979,-7.951580,0.149287
0.493000,0.026458,2.828642,-8.000516,0.149680
0.494000,0.026447,2.837292,-8.049529,0.150077
0.495000,0.026438,2.845930,-8.098618,0.150480
0.496000,0.026429,2.854555,-8.147785,0.150888
0.497000,0.026422,2.863167,-8.197028,0.151300
0.498000,0.026415,2.871767,-8.246349,0.151717
0.499000,0.026410,2.880355,-8.295747,0.152140
0.500000,0.026405,2.888931,-8.345224,0.152567
0.501000,0.026402,2.897495,-8.394778,0.152998
0.502000,0.026399,2.906047,-8.444411,0.153435
0.503000,0.026398,2.914587,-8.494122,0.153877
0.504000,0.026397,2.923116,-8.543912,0.154323
0.505000,0.026397,2.931634,-8.593781,0.154774
0.506000,0.026398,2.940140,-8.643729,0.155229
0.507000,0.026400,2.948636,-8.693756,0.155689
0.508000,0.026403,2.957120,-8.743863,0.156154
0.509000,0.026407,2.965594,-8.794050,0.156623
0.510000,0.026411,2.974057,-8.844316,0.157097
0.511000,0.026417,2.982509,-8.894663,0.157576
0.512000,0.026423,2.990951,-8.945090,0.158059
0.513000,0.026430,2.999383,-8.995597,0.158547
0.514000,0.026438,3.007804,-9.046186,0.159039
0.515000,0.026446,3.016215,-9.096854,0.159535
0.516000,0.026456,3.024616,-9.147604,0.160036
0.517000,0.026466,3.033008,-9.198435,0.160541
0.518000,0.026477,3.041389,-9.249348,0.161051
0.519000,0.026488,3.049761,-9.300342,0.161565
0.520000,0.026501,3.058124,-9.351417,0.162084
0.521000,0.026514,3.066476,-9.402575,0.162607
0.522000,0.026527,3.074820,-9.453814,0.163134
0.523000,0.026542,3.083154,-9.505136,0.163666
0.524000,0.026557,3.091479,-9.556539,0.164201
0.525000,0.026573,3.099795,-9.608026,0.164741
0.526000,0.026589,3.108103,-9.659594,0.165286
0.527000,0.026607,3.116401,-9.711246,0.165834
0.528000,0.026625,3.124690,-9.762980,0.166387
0.529000,0.026643,3.132971,-9.814798,0.166944
0.530000,0.026662,3.141243,-9.866698,0.167505
0.531000,0.026682,3.149507,-9.918682,0.168071
0.532000,0.026703,3.157762,-9.970750,0.168640
0.533000,0.026724,3.166009,-10.022901,0.169214
0.534000,0.026745,3.174248,-10.075135,0.169792
0.535000,0.026768,3.182479,-10.127453,0.170374
0.536000,0.026790,3.190701,-10.179856,0.170960
0.537000,0.026814,3.198916,-10.232342,0.171550
0.538000,0.026838,3.207122,-10.284913,0.172145
0.539000,0.026863,3.215321,-10.337567,0.172743
0.540000,0.026888,3.223512,-10.390307,0.173346
0.541000,0.026913,3.231695,-10.443131,0.173952
0.542000,0.026940,3.239871,-10.496039,0.174563
0.543000,0.026967,3.248039,-10.549032,0.175177
0.544000,0.026994,3.256200,-10.602111,0.175796
0.545000,0.027022,3.264354,-10.655274,0.176419
0.546000,0.027050,3.272500,-10.708522,0.177045
0.547000,0.027079,3.280638,-10.761855,0.177676
0.548000,0.027109,3.288770,-10.815274,0.178311
0.549000,0.027139,3.296895,-10.868779,0.178949
0.550000,0.027170,3.305012,-10.922368,0.179592
0.551000,0.027201,3.313123,-10.976044,0.180238
0.552000,0.027232,3.321227,-11.029805,0.180889
0.553000,0.027264,3.329324,-11.083652,0.181543
0.554000,0.027297,3.337414,-11.137585,0.182202
0.555000,0.027330,3.345497,-11.191604,0.182864
0.556000,0.027363,3.353574,-11.245709,0.183530
0.557000,0.027397,3.361644,-11.299900,0.184200
0.558000,0.027432,3.369708,-11.354178,0.184874
0.559000,0.027467,3.377765,-11.408542,0.185552
0.560000,0.027502,3.385816,-11.462992,0.186234
0.561000,0.027538,3.393860,-11.517529,0.186920
0.562000,0.027574,3.401898,-11.572153,0.187609
0.563000,0.027611,3.409930,-11.626863,0.188303
0.564000,0.027648,3.417956,-11.681661,0.189000
0.565000,0.027686,3.425976,-11.736545,0.189701
0.566000,0.027724,3.433990,-11.791516,0.190406
0.567000,0.027762,3.441997,-11.846574,0.191115
0.568000,0.027801,3.449999,-11.901720,0.191828
0.569000,0.027840,3.457995,-11.956953,0.192544
0.570000,0.027880,3.465985,-12.012273,0.193264
0.571000,0.027920,3.473969,-12.067680,0.193989
0.572000,0.027961,3.481947,-12.123175,0.194717
0.573000,0.028002,3.489920,-12.178758,0.195448
0.574000,0.028043,3.497887,-12.234428,0.196184
0.575000,0.028085,3.505849,-12.290185,0.196923
0.576000,0.028127,3.513805,-12.346031,0.197667
0.577000,0.028170,3.521755,-12.401964,0.198414
0.578000,0.028213,3.529700,-12.457986,0.199165
0.579000,0.028256,3.537640,-12.514095,0.199919
0.580000,0.028300,3.545574,-12.570293,0.200678
0.581000,0.028344,3.553503,-12.626578,0.201440
0.582000,0.028388,3.561426,-12.682952,0.202206
0.583000,0.028433,3.569345,-12.739414,0.202975
0.584000,0.028478,3.577258,-12.795964,0.203749
0.585000,0.028524,3.585166,-12.852603,0.204526
0.586000,0.028570,3.593069,-12.909330,0.205307
0.587000,0.028616,3.600967,-12.966146,0.206092
0.588000,0.028663,3.608860,-13.023050,0.206881
0.589000,0.028710,3.616748,-13.080043,0.207673
0.590000,0.028757,3.624631,-13.137124,0.208469
0.591000,0.028805,3.632509,-13.194294,0.209269
0.592000,0.028853,3.640383,-13.251554,0.210072
0.593000,0.028901,3.648251,-13.308902,0.210880
0.594000,0.028950,3.656115,-13.366339,0.211691
0.595000,0.028999,3.663974,-13.423865,0.212506
0.596000,0.029049,3.671828,-13.481479,0.213324
0.597000,0.029099,3.679678,-13.539184,0.214147
0.598000,0.029149,3.687523,-13.596977,0.214973
0.599000,0.029199,3.695364,-13.654859,0.215802
0.600000,0.029250,3.703200,-13.712831,0.216636
0.601000,0.029301,3.711031,-13.770892,0.217473
0.602000,0.029352,3.718858,-13.829043,0.218314
0.603000,0.029404,3.726680,-13.887282,0.219159
0.604000,0.029456,3.734499,-13.945612,0.220007
0.605000,0.029508,3.742312,-14.004031,0.220860
0.606000,0.029561,3.750122,-14.062539,0.221716
0.607000,0.029614,3.757927,-14.121137,0.222575
0.608000,0.029667,3.765728,-14.179825,0.223439
0.609000,0.029721,3.773524,-14.238602,0.224306
0.610000,0.029775,3.781317,-14.297470,0.225176
0.611000,0.029829,3.789105,-14.356427,0.226051
0.612000,0.029884,3.796889,-14.415473,0.226929
0.613000,0.029938,3.804669,-14.474610,0.227811
0.614000,0.029993,3.812445,-14.533837,0.228697
0.615000,0.030049,3.820217,-14.593154,0.229586
0.616000,0.030105,3.827985,-14.652561,0.230480
0.617000,0.030161,3.835749,-14.712058,0.231376
0.618000,0.030217,3.843509,-14.771645,0.232277
0.619000,0.030273,3.851265,-14.831322,0.233181
0.620000,0.030330,3.859017,-14.891089,0.234089
0.621000,0.030387,3.866765,-14.950947,0.235001
0.622000,0.030445,3.874509,-15.010895,0.235917
0.623000,0.030502,3.882250,-15.070934,0.236836
0.624000,0.030560,3.889987,-15.131062,0.237759
0.625000,0.030619,3.897720,-15.191281,0.238686
0.626000,0.030677,3.905449,-15.251591,0.239616
0.627000,0.030736,3.913175,-15.311991,0.240550
0.628000,0.030795,3.920897,-15.372482,0.241488
0.629000,0.030854,3.928615,-15.433063,0.242430
0.630000,0.030914,3.936330,-15.493735,0.243375
0.631000,0.030974,3.944041,-15.554498,0.244324
0.632000,0.031034,3.951748,-15.615351,0.245277
0.633000,0.031094,3.959452,-15.676295,0.246233
0.634000,0.031155,3.967153,-15.737330,0.247193
0.635000,0.031216,3.974850,-15.798455,0.248157
0.636000,0.031277,3.982543,-15.859672,0.249125
0.637000,0.031339,3.990233,-15.920979,0.250096
0.638000,0.031400,3.997920,-15.982377,0.251072
0.639000,0.031462,4.005603,-16.043866,0.252050
0.640000,0.031524,4.013283,-16.105446,0.253033
0.641000,0.031587,4.020959,-16.167117,0.254019
0.642000,0.031650,4.028633,-16.228880,0.255010
0.643000,0.031713,4.036303,-16.290733,0.256003
0.644000,0.031776,4.043969,-16.352677,0.257001
0.645000,0.031839,4.051633,-16.414713,0.258002
0.646000,0.031903,4.059293,-16.476839,0.259007
0.647000,0.031967,4.066950,-16.539057,0.260016
0.648000,0.032031,4.074603,-16.601366,0.261029
0.649000,0.032096,4.082254,-16.663767,0.262045
0.650000,0.032160,4.089901,-16.726258,0.263065
0.651000,0.032225,4.097546,-16.788841,0.264089
0.652000,0.032290,4.105187,-16.851516,0.265116
0.653000,0.032356,4.112825,-16.914282,0.266148
0.654000,0.032421,4.120460,-16.977139,0.267183
0.655000,0.032487,4.128092,-17.040087,0.268222
0.656000,0.032553,4.135721,-17.103127,0.269264
0.657000,0.032620,4.143347,-17.166259,0.270311
0.658000,0.032686,4.150970,-17.229482,0.271361
0.659000,0.032753,4.158590,-17.292797,0.272415
0.660000,0.032820,4.166207,-17.356203,0.273472
0.661000,0.032888,4.173821,-17.419701,0.274534
0.662000,0.032955,4.181432,-17.483291,0.275599
0.663000,0.033023,4.189041,-17.546972,0.276668
0.664000,0.033091,4.196646,-17.610745,0.277741
0.665000,0.033159,4.204249,-17.674609,0.278817
0.666000,0.033227,4.211849,-17.738566,0.279898
0.667000,0.033296,4.219446,-17.802614,0.280982
0.668000,0.033365,4.227040,-17.866754,0.282070
0.669000,0.033434,4.234631,-17.930986,0.283161
0.670000,0.033503,4.242220,-17.995309,0.284257
0.671000,0.033573,4.249806,-18.059725,0.285356
0.672000,0.033643,4.257389,-18.124232,0.286459
0.673000,0.033713,4.264970,-18.188832,0.287566
0.674000,0.033783,4.272548,-18.253523,0.288677
0.675000,0.033853,4.280123,-18.318306,0.289791
0.676000,0.033924,4.287695,-18.383181,0.290909
0.677000,0.033995,4.295265,-18.448149,0.292031
0.678000,0.034066,4.302833,-18.513208,0.293157
0.679000,0.034137,4.310397,-18.578359,0.294287
0.680000,0.034208,4.317959,-18.643603,0.295421
0.681000,0.034280,4.325519,-18.708938,0.296558
0.682000,0.034352,4.333076,-18.774366,0.297699
0.683000,0.034424,4.340630,-18.839886,0.298844
0.684000,0.034496,4.348182,-18.905498,0.299993
0.685000,0.034569,4.355732,-18.971202,0.301145
0.686000,0.034642,4.363278,-19.036999,0.302302
0.687000,0.034715,4.370823,-19.102887,0.303462
0.688000,0.034788,4.378365,-19.168868,0.304626
0.689000,0.034861,4.385904,-19.234941,0.305794
0.690000,0.034935,4.393441,-19.301107,0.306966
0.691000,0.035008,4.400976,-19.367365,0.308142
0.692000,0.035082,4.408508,-19.433715,0.309321
0.693000,0.035156,4.416038,-19.500158,0.310505
0.694000,0.035231,4.423566,-19.566692,0.311692
0.695000,0.035305,4.431091,-19.633320,0.312883
0.696000,0.035380,4.438614,-19.700040,0.314078
0.697000,0.035455,4.446134,-19.766852,0.315277
0.698000,0.035530,4.453652,-19.833756,0.316480
0.699000,0.035606,4.461168,-19.900753,0.317686
0.700000,0.035681,4.468682,-19.967843,0.318897
0.701000,0.035757,4.476193,-20.035025,0.320111
0.702000,0.035833,4.483702,-20.102300,0.321329
0.703000,0.035909,4.491209,-20.169667,0.322551
0.704000,0.035986,4.498713,-20.237127,0.323777
0.705000,0.036062,4.506216,-20.304679,0.325007
0.706000,0.036139,4.513716,-20.372324,0.326241
0.707000,0.036216,4.521214,-20.440062,0.327478
0.708000,0.036293,4.528709,-20.507892,0.328720
0.709000,0.036370,4.536203,-20.575815,0.329965
0.710000,0.036448,4.543694,-20.643830,0.331215
0.711000,0.036525,4.551184,-20.711938,0.332468
0.712000,0.036603,4.558671,-20.780139,0.333725
0.713000,0.036681,4.566156,-20.848433,0.334986
0.714000,0.036760,4.573639,-20.916819,0.336251
0.715000,0.036838,4.581119,-20.985298,0.337520
0.716000,0.036917,4.588598,-21.053870,0.338793
0.717000,0.036996,4.596075,-21.122535,0.340070
0.718000,0.037075,4.603549,-21.191292,0.341351
0.719000,0.037154,4.611022,-21.260143,0.342635
0.720000,0.037233,4.618492,-21.329086,0.343924
0.721000,0.037313,4.625961,-21.398122,0.345217
0.722000,0.037393,4.633427,-21.467251,0.346513
0.723000,0.037473,4.640892,-21.536472,0.347814
0.724000,0.037553,4.648354,-21.605787,0.349118
0.725000,0.037633,4.655815,-21.675195,0.350426
0.726000,0.037714,4.663273,-21.744695,0.351739
0.727000,0.037794,4.670730,-21.814288,0.353055
0.728000,0.037875,4.678184,-21.883975,0.354375
0.729000,0.037956,4.685637,-21.953754,0.355699
0.730000,0.038038,4.693088,-22.023626,0.357028
0.731000,0.038119,4.700537,-22.093592,0.358360
0.732000,0.038201,4.707984,-22.163650,0.359696
0.733000,0.038282,4.715429,-22.233801,0.361036
0.734000,0.038364,4.722872,-22.304046,0.362380
0.735000,0.038447,4.730313,-22.374383,0.363728
0.736000,0.038529,4.737752,-22.444813,0.365081
0.737000,0.038611,4.745190,-22.515337,0.366437
0.738000,0.038694,4.752626,-22.585954,0.367797
0.739000,0.038777,4.760060,-22.656663,0.369161
0.740000,0.038860,4.767492,-22.727466,0.370529
0.741000,0.038943,4.774922,-22.798362,0.371901
0.742000,0.039027,4.782350,-22.869351,0.373278
0.743000,0.039110,4.789777,-22.940433,0.374658
0.744000,0.039194,4.797202,-23.011609,0.376042
0.745000,0.039278,4.804625,-23.082877,0.377431
0.746000,0.039362,4.812046,-23.154239,0.378823
0.747000,0.039446,4.819466,-23.225694,0.380219
0.748000,0.039531,4.826884,-23.297242,0.381620
0.749000,0.039615,4.834300,-23.368884,0.383024
0.750000,0.039700,4.841714,-23.440618,0.384433
0.751000,0.039785,4.849127,-23.512446,0.385845
0.752000,0.039870,4.856538,-23.584367,0.387262
0.753000,0.039955,4.863947,-23.656382,0.388683
0.754000,0.040041,4.871354,-23.728490,0.390107
0.755000,0.040127,4.878760,-23.800691,0.391536
0.756000,0.040212,4.886164,-23.872985,0.392969
0.757000,0.040298,4.893567,-23.945373,0.394406
0.758000,0.040385,4.900968,-24.017854,0.395847
0.759000,0.040471,4.908367,-24.090428,0.397292
0.760000,0.040557,4.915764,-24.163096,0.398742
0.761000,0.040644,4.923160,-24.235857,0.400195
0.762000,0.040731,4.930555,-24.308711,0.401653
0.763000,0.040818,4.937947,-24.381659,0.403114
0.764000,0.040905,4.945339,-24.454700,0.404580
0.765000,0.040993,4.952728,-24.527835,0.406050
0.766000,0.041080,4.960116,-24.601063,0.407524
0.767000,0.041168,4.967502,-24.674384,0.409002
0.768000,0.041256,4.974887,-24.747799,0.410484
0.769000,0.041344,4.982270,-24.821307,0.411970
0.770000,0.041432,4.989652,-24.894909,0.413460
0.771000,0.041520,4.997032,-24.968604,0.414955
0.772000,0.041609,5.004410,-25.042393,0.416454
0.773000,0.041697,5.011787,-25.116275,0.417956
0.774000,0.041786,5.019163,-25.190251,0.419463
0.775000,0.041875,5.026537,-25.264320,0.420975
0.776000,0.041964,5.033909,-25.338483,0.422490
0.777000,0.042054,5.041280,-25.412739,0.424009
0.778000,0.042143,5.048650,-25.487088,0.425533
0.779000,0.042233,5.056018,-25.561532,0.427061
0.780000,0.042323,5.063384,-25.636069,0.428593
0.781000,0.042413,5.070749,-25.710699,0.430129
0.782000,0.042503,5.078113,-25.785423,0.431669
0.783000,0.042593,5.085475,-25.860241,0.433214
0.784000,0.042684,5.092836,-25.935152,0.434762
0.785000,0.042774,5.100195,-26.010156,0.436315
0.786000,0.042865,5.107552,-26.085255,0.437872
0.787000,0.042956,5.114909,-26.160447,0.439434
0.788000,0.043047,5.122264,-26.235732,0.440999
0.789000,0.043139,5.129617,-26.311111,0.442569
0.790000,0.043230,5.136969,-26.386584,0.444143
0.791000,0.043322,5.144320,-26.462151,0.445721
0.792000,0.043413,5.151669,-26.537811,0.447303
0.793000,0.043505,5.159017,-26.613565,0.448890
0.794000,0.043597,5.166364,-26.689412,0.450481
0.795000,0.043690,5.173709,-26.765353,0.452076
0.796000,0.043782,5.181053,-26.841388,0.453675
0.797000,0.043875,5.188395,-26.917517,0.455279
0.798000,0.043967,5.195736,-26.993739,0.456887
0.799000,0.044060,5.203076,-27.070055,0.458499
0.800000,0.044153,5.210414,-27.146465,0.460115
0.801000,0.044247,5.217751,-27.222968,0.461736
0.802000,0.044340,5.225087,-27.299565,0.463360
0.803000,0.044434,5.232421,-27.376256,0.464990
0.804000,0.044527,5.239754,-27.453041,0.466623
0.805000,0.044621,5.247086,-27.529919,0.468261
0.806000,0.044715,5.254416,-27.606891,0.469903
0.807000,0.044809,5.261745,-27.683957,0.471549
0.808000,0.044903,5.269073,-27.761117,0.473200
0.809000,0.044998,5.276400,-27.838371,0.474854
0.810000,0.045093,5.283725,-27.915718,0.476514
0.811000,0.045187,5.291049,-27.993159,0.478177
0.812000,0.045282,5.298372,-28.070694,0.479845
0.813000,0.045377,5.305693,-28.148323,0.481517
0.814000,0.045473,5.313014,-28.226045,0.483193
0.815000,0.045568,5.320333,-28.303862,0.484874
0.816000,0.045664,5.327650,-28.381772,0.486559
0.817000,0.045759,5.334967,-28.459776,0.488249
0.818000,0.045855,5.342282,-28.537874,0.489942
0.819000,0.045951,5.349596,-28.616066,0.491640
0.820000,0.046047,5.356909,-28.694352,0.493343
0.821000,0.046144,5.364220,-28.772731,0.495050
0.822000,0.046240,5.371531,-28.851204,0.496761
0.823000,0.046337,5.378840,-28.929772,0.498476
0.824000,0.046434,5.386148,-29.008433,0.500196
0.825000,0.046531,5.393455,-29.087188,0.501920
0.826000,0.046628,5.400760,-29.166037,0.503649
0.827000,0.046725,5.408065,-29.244980,0.505382
0.828000,0.046822,5.415368,-29.324017,0.507120
0.829000,0.046920,5.422670,-29.403148,0.508861
0.830000,0.047018,5.429971,-29.482372,0.510607
0.831000,0.047115,5.437271,-29.561691,0.512358
0.832000,0.047213,5.444569,-29.641103,0.514113
0.833000,0.047312,5.451866,-29.720610,0.515872
0.834000,0.047410,5.459163,-29.800210,0.517636
0.835000,0.047508,5.466458,-29.879905,0.519404
0.836000,0.047607,5.473752,-29.959693,0.521177
0.837000,0.047706,5.481045,-30.039576,0.522954
0.838000,0.047805,5.488336,-30.119552,0.524735
0.839000,0.047904,5.495627,-30.199622,0.526521
0.840000,0.048003,5.502917,-30.279787,0.528312
0.841000,0.048102,5.510205,-30.360045,0.530106
0.842000,0.048202,5.517492,-30.440397,0.531906
0.843000,0.048301,5.524778,-30.520843,0.533709
0.844000,0.048401,5.532063,-30.601384,0.535518
0.845000,0.048501,5.539347,-30.682018,0.537330
0.846000,0.048601,5.546630,-30.762746,0.539147
0.847000,0.048702,5.553912,-30.843569,0.540969
0.848000,0.048802,5.561193,-30.924485,0.542795
0.849000,0.048903,5.568473,-31.005496,0.544625
0.850000,0.049003,5.575751,-31.086600,0.546460
0.851000,0.049104,5.583029,-31.167799,0.548300
0.852000,0.049205,5.590305,-31.249091,0.550144
0.853000,0.049306,5.597581,-31.330478,0.551992
0.854000,0.049408,5.604855,-31.411959,0.553845
0.855000,0.049509,5.612128,-31.493534,0.555702
0.856000,0.049611,5.619401,-31.575203,0.557564
0.857000,0.049712,5.626672,-31.656966,0.559431
0.858000,0.049814,5.633942,-31.738823,0.561302
0.859000,0.049916,5.641211,-31.820774,0.563177
0.860000,0.050019,5.648480,-31.902819,0.565058
0.861000,0.050121,5.655747,-31.984958,0.566942
0.862000,0.050223,5.663013,-32.067192,0.568831
0.863000,0.050326,5.670278,-32.149519,0.570725
0.864000,0.050429,5.677542,-32.231941,0.572623
0.865000,0.050532,5.684805,-32.314457,0.574526
0.866000,0.050635,5.692067,-32.397067,0.576433
0.867000,0.050738,5.699328,-32.479771,0.578345
0.868000,0.050841,5.706589,-32.562569,0.580262
0.869000,0.050945,5.713848,-32.645461,0.582183
0.870000,0.051049,5.721106,-32.728448,0.584108
0.871000,0.051152,5.728363,-32.811529,0.586039
0.872000,0.051256,5.735619,-32.894703,0.587973
0.873000,0.051360,5.742875,-32.977972,0.589913
0.874000,0.051465,5.750129,-33.061335,0.591857
0.875000,0.051569,5.757382,-33.144793,0.593805
0.876000,0.051674,5.764635,-33.228344,0.595758
0.877000,0.051778,5.771886,-33.311990,0.597716
0.878000,0.051883,5.779137,-33.395729,0.599679
0.879000,0.051988,5.786386,-33.479563,0.601646
0.880000,0.052093,5.793635,-33.563492,0.603617
0.881000,0.052198,5.800883,-33.647514,0.605594
0.882000,0.052304,5.808129,-33.731631,0.607574
0.883000,0.052409,5.815375,-33.815841,0.609560
0.884000,0.052515,5.822620,-33.900146,0.611550
0.885000,0.052621,5.829864,-33.984545,0.613545
0.886000,0.052727,5.837107,-34.069039,0.615544
0.887000,0.052833,5.844349,-34.153626,0.617549
0.888000,0.052939,5.851590,-34.238308,0.619557
0.889000,0.053046,5.858831,-34.323084,0.621571
0.890000,0.053152,5.866070,-34.407954,0.623589
0.891000,0.053259,5.873309,-34.492919,0.625612
0.892000,0.053366,5.880546,-34.577978,0.627639
0.893000,0.053473,5.887783,-34.663131,0.629672
0.894000,0.053580,5.895019,-34.748378,0.631708
0.895000,0.053687,5.902254,-34.833719,0.633750
0.896000,0.053795,5.909488,-34.919155,0.635796
0.897000,0.053902,5.916721,-35.004685,0.637847
0.898000,0.054010,5.923954,-35.090309,0.639903
0.899000,0.054118,5.931185,-35.176028,0.641963
0.900000,0.054226,5.938416,-35.261841,0.644028
0.901000,0.054334,5.945645,-35.347748,0.646098
0.902000,0.054442,5.952874,-35.433749,0.648173
0.903000,0.054550,5.960102,-35.519845,0.650252
0.904000,0.054659,5.967330,-35.606034,0.652336
0.905000,0.054768,5.974556,-35.692319,0.654425
0.906000,0.054876,5.981781,-35.778697,0.656518
0.907000,0.054985,5.989006,-35.865170,0.658617
0.908000,0.055095,5.996230,-35.951737,0.660720
0.909000,0.055204,6.003453,-36.038398,0.662827
0.910000,0.055313,6.010675,-36.125154,0.664940
0.911000,0.055423,6.017896,-36.212004,0.667057
0.912000,0.055532,6.025117,-36.298948,0.669179
0.913000,0.055642,6.032336,-36.385987,0.671306
0.914000,0.055752,6.039555,-36.473120,0.673438
0.915000,0.055862,6.046773,-36.560347,0.675574
0.916000,0.055973,6.053991,-36.647668,0.677716
0.917000,0.056083,6.061207,-36.735084,0.679862
0.918000,0.056194,6.068423,-36.822594,0.682013
0.919000,0.056304,6.075637,-36.910199,0.684168
0.920000,0.056415,6.082851,-36.997898,0.686329
0.921000,0.056526,6.090065,-37.085691,0.688494
0.922000,0.056637,6.097277,-37.173579,0.690664
0.923000,0.056748,6.104489,-37.261560,0.692839
0.924000,0.056860,6.111699,-37.349637,0.695019
0.925000,0.056971,6.118909,-37.437807,0.697203
0.926000,0.057083,6.126119,-37.526072,0.699393
0.927000,0.057195,6.133327,-37.614432,0.701587
0.928000,0.057307,6.140535,-37.702885,0.703786
0.929000,0.057419,6.147742,-37.791433,0.705990
0.930000,0.057531,6.154948,-37.880076,0.708199
0.931000,0.057643,6.162153,-37.968812,0.710413
0.932000,0.057756,6.169358,-38.057644,0.712632
0.933000,0.057868,6.176562,-38.146569,0.714855
0.934000,0.057981,6.183765,-38.235589,0.717084
0.935000,0.058094,6.190967,-38.324703,0.719317
0.936000,0.058207,6.198169,-38.413912,0.721555
0.937000,0.058320,6.205370,-38.503215,0.723798
0.938000,0.058434,6.212570,-38.592612,0.726046
0.939000,0.058547,6.219769,-38.682104,0.728299
0.940000,0.058661,6.226968,-38.771690,0.730557
0.941000,0.058774,6.234166,-38.861371,0.732819
0.942000,0.058888,6.241363,-38.951146,0.735087
0.943000,0.059002,6.248560,-39.041016,0.737359
0.944000,0.059117,6.255755,-39.130979,0.739637
0.945000,0.059231,6.262950,-39.221038,0.741919
0.946000,0.059345,6.270145,-39.311190,0.744207
0.947000,0.059460,6.277338,-39.401437,0.746499
0.948000,0.059575,6.284531,-39.491779,0.748796
0.949000,0.059689,6.291723,-39.582215,0.751098
0.950000,0.059804,6.298914,-39.672745,0.753405
0.951000,0.059920,6.306105,-39.763370,0.755718
0.952000,0.060035,6.313295,-39.854089,0.758035
0.953000,0.060150,6.320484,-39.944903,0.760357
0.954000,0.060266,6.327673,-40.035811,0.762684
0.955000,0.060381,6.334861,-40.126813,0.765016
0.956000,0.060497,6.342048,-40.217910,0.767353
0.957000,0.060613,6.349234,-40.309102,0.769695
0.958000,0.060729,6.356420,-40.400387,0.772042
0.959000,0.060846,6.363605,-40.491768,0.774394
0.960000,0.060962,6.370789,-40.583242,0.776751
0.961000,0.061078,6.377973,-40.674812,0.779113
0.962000,0.061195,6.385156,-40.766475,0.781480
0.963000,0.061312,6.392339,-40.858233,0.783852
0.964000,0.061429,6.399520,-40.950086,0.786229
0.965000,0.061546,6.406701,-41.042033,0.788611
0.966000,0.061663,6.413882,-41.134074,0.790998
0.967000,0.061780,6.421061,-41.226210,0.793391
0.968000,0.061898,6.428240,-41.318440,0.795788
0.969000,0.062015,6.435418,-41.410765,0.798190
0.970000,0.062133,6.442596,-41.503185,0.800597
0.971000,0.062251,6.449773,-41.595698,0.803010
0.972000,0.062369,6.456949,-41.688307,0.805427
0.973000,0.062487,6.464125,-41.781009,0.807850
0.974000,0.062605,6.471300,-41.873807,0.810278
0.975000,0.062724,6.478475,-41.966698,0.812710
0.976000,0.062842,6.485648,-42.059685,0.815148
0.977000,0.062961,6.492821,-42.152765,0.817591
0.978000,0.063080,6.499994,-42.245940,0.820039
0.979000,0.063199,6.507166,-42.339210,0.822492
0.980000,0.063318,6.514337,-42.432574,0.824950
0.981000,0.063437,6.521507,-42.526033,0.827414
0.982000,0.063557,6.528677,-42.619586,0.829882
0.983000,0.063676,6.535846,-42.713234,0.832356
0.984000,0.063796,6.543015,-42.806976,0.834834
0.985000,0.063916,6.550183,-42.900812,0.837318
0.986000,0.064036,6.557350,-42.994744,0.839807
0.987000,0.064156,6.564517,-43.088769,0.842301
0.988000,0.064276,6.571683,-43.182889,0.844800
0.989000,0.064396,6.578849,-43.277104,0.847305
0.990000,0.064517,6.586014,-43.371413,0.849814
0.991000,0.064637,6.593178,-43.465817,0.852329
0.992000,0.064758,6.600342,-43.560315,0.854849
0.993000,0.064879,6.607505,-43.654908,0.857374
0.994000,0.065000,6.614667,-43.749595,0.859904
0.995000,0.065121,6.621829,-43.844377,0.862440
0.996000,0.065242,6.628990,-43.939253,0.864980
0.997000,0.065364,6.636151,-44.034224,0.867526
0.998000,0.065485,6.643311,-44.129290,0.870077
0.999000,0.065607,6.650470,-44.224449,0.872633
1.000000,0.065729,6.657629,-44.319704,0.875194
1.001000,0.065851,6.664787,-44.415053,0.877761
1.002000,0.065973,6.671945,-44.510496,0.880333
1.003000,0.066095,6.679102,-44.606034,0.882910
1.004000,0.066217,6.686258,-44.701667,0.885492
1.005000,0.066340,6.693414,-44.797394,0.888079
1.006000,0.066462,6.700570,-44.893216,0.890672
1.007000,0.066585,6.707724,-44.989132,0.893270
1.008000,0.066708,6.714878,-45.085143,0.895873
1.009000,0.066831,6.722032,-45.181248,0.898482
1.010000,0.066954,6.729185,-45.277448,0.901095
1.011000,0.067078,6.736337,-45.373742,0.903714
1.012000,0.067201,6.743489,-45.470131,0.906339
1.013000,0.067325,6.750641,-45.566615,0.908968
1.014000,0.067448,6.757791,-45.663193,0.911603
1.015000,0.067572,6.764941,-45.759865,0.914243
1.016000,0.067696,6.772091,-45.856633,0.916888
1.017000,0.067820,6.779240,-45.953494,0.919539
1.018000,0.067944,6.786388,-46.050451,0.922195
1.019000,0.068069,6.793536,-46.147501,0.924856
1.020000,0.068193,6.800684,-46.244647,0.927522
1.021000,0.068318,6.807830,-46.341887,0.930194
1.022000,0.068443,6.814977,-46.439221,0.932871
1.023000,0.068568,6.822122,-46.536651,0.935554
1.024000,0.068693,6.829267,-46.634174,0.938242
1.025000,0.068818,6.836412,-46.731793,0.940935
1.026000,0.068943,6.843556,-46.829506,0.943633
1.027000,0.069069,6.850699,-46.927313,0.946337
1.028000,0.069194,6.857842,-47.025215,0.949046
1.029000,0.069320,6.864985,-47.123212,0.951760
1.030000,0.069446,6.872127,-47.221303,0.954480
1.031000,0.069572,6.879268,-47.319489,0.957205
1.032000,0.069698,6.886409,-47.417769,0.959936
1.033000,0.069824,6.893549,-47.516144,0.962672
1.034000,0.069950,6.900689,-47.614613,0.965413
1.035000,0.070077,6.907828,-47.713177,0.968160
1.036000,0.070204,6.914967,-47.811836,0.970912
1.037000,0.070330,6.922105,-47.910589,0.973669
1.038000,0.070457,6.929242,-48.009437,0.976432
1.039000,0.070584,6.936380,-48.108380,0.979200
1.040000,0.070712,6.943516,-48.207417,0.981974
1.041000,0.070839,6.950652,-48.306549,0.984753
1.042000,0.070966,6.957788,-48.405775,0.987537
1.043000,0.071094,6.964923,-48.505096,0.990327
1.044000,0.071222,6.972057,-48.604511,0.993123
1.045000,0.071349,6.979191,-48.704021,0.995923
1.046000,0.071477,6.986325,-48.803626,0.998730
1.047000,0.071606,6.993458,-48.903325,1.001541
1.048000,0.071734,7.000590,-49.003119,1.004358
1.049000,0.071862,7.007722,-49.103008,1.007181
1.050000,0.071991,7.014854,-49.202991,1.010009
1.051000,0.072119,7.021985,-49.303069,1.012842
1.052000,0.072248,7.029115,-49.403241,1.015681
1.053000,0.072377,7.036245,-49.503508,1.018525
1.054000,0.072506,7.043375,-49.603869,1.021375
1.055000,0.072635,7.050504,-49.704326,1.024230
1.056000,0.072765,7.057632,-49.804876,1.027091
1.057000,0.072894,7.064760,-49.905522,1.029957
1.058000,0.073024,7.071888,-50.006262,1.032829
1.059000,0.073153,7.079015,-50.107096,1.035706
1.060000,0.073283,7.086141,-50.208026,1.038589
1.061000,0.073413,7.093267,-50.309050,1.041477
1.062000,0.073543,7.100393,-50.410168,1.044371
1.063000,0.073673,7.107518,-50.511381,1.047270
1.064000,0.073804,7.114642,-50.612689,1.050175
1.065000,0.073934,7.121766,-50.714091,1.053085
1.066000,0.074065,7.128890,-50.815588,1.056001
1.067000,0.074196,7.136013,-50.917180,1.058923
1.068000,0.074327,7.143136,-51.018866,1.061850
1.069000,0.074458,7.150258,-51.120647,1.064782
1.070000,0.074589,7.157380,-51.222523,1.067720
1.071000,0.074720,7.164501,-51.324493,1.070664
1.072000,0.074851,7.171622,-51.426558,1.073613
1.073000,0.074983,7.178742,-51.528717,1.076568
1.074000,0.075115,7.185862,-51.630971,1.079528
1.075000,0.075247,7.192981,-51.733320,1.082494
1.076000,0.075378,7.200100,-51.835764,1.085466
1.077000,0.075511,7.207219,-51.938302,1.088443
1.078000,0.075643,7.214337,-52.040934,1.091425
1.079000,0.075775,7.221454,-52.143661,1.094414
1.080000,0.075908,7.228571,-52.246483,1.097407
1.081000,0.076040,7.235688,-52.349400,1.100407
1.082000,0.076173,7.242804,-52.452411,1.103412
1.083000,0.076306,7.249920,-52.555517,1.106423
1.084000,0.076439,7.257035,-52.658718,1.109439
1.085000,0.076572,7.264150,-52.762013,1.112461
1.086000,0.076705,7.271264,-52.865403,1.115489
1.087000,0.076839,7.278378,-52.968887,1.118522
1.088000,0.076972,7.285492,-53.072466,1.121561
1.089000,0.077106,7.292605,-53.176140,1.124605
1.090000,0.077240,7.299717,-53.279908,1.127655
1.091000,0.077374,7.306830,-53.383771,1.130711
1.092000,0.077508,7.313941,-53.487729,1.133773
1.093000,0.077642,7.321053,-53.591782,1.136840
1.094000,0.077776,7.328163,-53.695929,1.139913
1.095000,0.077911,7.335274,-53.800170,1.142991
1.096000,0.078045,7.342384,-53.904507,1.146075
1.097000,0.078180,7.349493,-54.008938,1.149165
1.098000,0.078315,7.356602,-54.113463,1.152261
1.099000,0.078450,7.363711,-54.218084,1.155362
1.100000,0.078585,7.370819,-54.322799,1.158469
1.101000,0.078720,7.377927,-54.427608,1.161582
1.102000,0.078855,7.385034,-54.532513,1.164700
1.103000,0.078991,7.392141,-54.637512,1.167824
1.104000,0.079127,7.399248,-54.742605,1.170954
1.105000,0.079262,7.406354,-54.847794,1.174090
1.106000,0.079398,7.413459,-54.953077,1.177231
1.107000,0.079534,7.420565,-55.058454,1.180378
1.108000,0.079670,7.427669,-55.163927,1.183531
1.109000,0.079807,7.434774,-55.269494,1.186690
1.110000,0.079943,7.441878,-55.375156,1.189854
1.111000,0.080080,7.448981,-55.480912,1.193024
1.112000,0.080216,7.456085,-55.586763,1.196200
1.113000,0.080353,7.463187,-55.692709,1.199381
1.114000,0.080490,7.470290,-55.798749,1.202569
1.115000,0.080627,7.477392,-55.904884,1.205762
1.116000,0.080764,7.484493,-56.011114,1.208961
1.117000,0.080902,7.491594,-56.117438,1.212166
1.118000,0.081039,7.498695,-56.223857,1.215376
1.119000,0.081177,7.505795,-56.330371,1.218592
1.120000,0.081314,7.512895,-56.436979,1.221815
1.121000,0.081452,7.519994,-56.543683,1.225042
1.122000,0.081590,7.527094,-56.650480,1.228276
1.123000,0.081728,7.534192,-56.757373,1.231516
1.124000,0.081867,7.541290,-56.864360,1.234761
1.125000,0.082005,7.548388,-56.971442,1.238012
1.126000,0.082144,7.555486,-57.078618,1.241269
1.127000,0.082282,7.562583,-57.185890,1.244532
1.128000,0.082421,7.569680,-57.293255,1.247801
1.129000,0.082560,7.576776,-57.400716,1.251076
1.130000,0.082699,7.583872,-57.508271,1.254356
1.131000,0.082838,7.590967,-57.615921,1.257642
1.132000,0.082977,7.598062,-57.723666,1.260935
1.133000,0.083117,7.605157,-57.831505,1.264233
1.134000,0.083256,7.612251,-57.939439,1.267537
1.135000,0.083396,7.619345,-58.047468,1.270846
1.136000,0.083536,7.626439,-58.155591,1.274162
1.137000,0.083676,7.633532,-58.263809,1.277484
1.138000,0.083816,7.640625,-58.372122,1.280811
1.139000,0.083956,7.647717,-58.480530,1.284144
1.140000,0.084096,7.654809,-58.589032,1.287484
1.141000,0.084237,7.661901,-58.697629,1.290829
1.142000,0.084377,7.668992,-58.806320,1.294180
1.143000,0.084518,7.676083,-58.915106,1.297537
1.144000,0.084659,7.683173,-59.023987,1.300900
1.145000,0.084800,7.690264,-59.132963,1.304269
1.146000,0.084941,7.697353,-59.242033,1.307644
1.147000,0.085082,7.704443,-59.351198,1.311024
1.148000,0.085224,7.711532,-59.460458,1.314411
1.149000,0.085365,7.718620,-59.569812,1.317804
1.150000,0.085507,7.725709,-59.679262,1.321202
1.151000,0.085649,7.732796,-59.788805,1.324607
1.152000,0.085791,7.739884,-59.898444,1.328017
1.153000,0.085933,7.746971,-60.008177,1.331434
1.154000,0.086075,7.754058,-60.118005,1.334856
1.155000,0.086217,7.761144,-60.227928,1.338285
1.156000,0.086359,7.768230,-60.337945,1.341719
1.157000,0.086502,7.775316,-60.448057,1.345160
1.158000,0.086645,7.782401,-60.558264,1.348606
1.159000,0.086787,7.789486,-60.668565,1.352059
1.160000,0.086930,7.796571,-60.778961,1.355517
1.161000,0.087073,7.803655,-60.889452,1.358981
1.162000,0.087217,7.810739,-61.000038,1.362452
1.163000,0.087360,7.817823,-61.110718,1.365928
1.164000,0.087503,7.824906,-61.221493,1.369411
1.165000,0.087647,7.831989,-61.332363,1.372899
1.166000,0.087791,7.839071,-61.443327,1.376394
1.167000,0.087934,7.846153,-61.554386,1.379895
1.168000,0.088078,7.853235,-61.665540,1.383401
1.169000,0.088223,7.860316,-61.776788,1.386914
1.170000,0.088367,7.867397,-61.888132,1.390433
1.171000,0.088511,7.874478,-61.999569,1.393958
1.172000,0.088656,7.881558,-62.111102,1.397489
1.173000,0.088800,7.888638,-62.222729,1.401026
1.174000,0.088945,7.895718,-62.334451,1.404569
1.175000,0.089090,7.902797,-62.446268,1.408118
1.176000,0.089235,7.909876,-62.558180,1.411673
1.177000,0.089380,7.916955,-62.670186,1.415234
1.178000,0.089525,7.924033,-62.782287,1.418802
1.179000,0.089671,7.931111,-62.894482,1.422375
1.180000,0.089816,7.938189,-63.006773,1.425955
1.181000,0.089962,7.945266,-63.119158,1.429541
1.182000,0.090108,7.952343,-63.231638,1.433132
1.183000,0.090253,7.959419,-63.344212,1.436730
1.184000,0.090400,7.966496,-63.456881,1.440334
1.185000,0.090546,7.973572,-63.569645,1.443945
1.186000,0.090692,7.980647,-63.682504,1.447561
1.187000,0.090838,7.987722,-63.795457,1.451184
1.188000,0.090985,7.994797,-63.908505,1.454812
1.189000,0.091132,8.001872,-64.021648,1.458447
1.190000,0.091278,8.008946,-64.134885,1.462088
1.191000,0.091425,8.016020,-64.248218,1.465735
1.192000,0.091572,8.023094,-64.361644,1.469389
1.193000,0.091720,8.030167,-64.475166,1.473048
1.194000,0.091867,8.037240,-64.588782,1.476714
1.195000,0.092014,8.044312,-64.702494,1.480386
1.196000,0.092162,8.051385,-64.816299,1.484064
1.197000,0.092310,8.058456,-64.930200,1.487748
1.198000,0.092458,8.065528,-65.044195,1.491438
1.199000,0.092606,8.072599,-65.158285,1.495135
1.200000,0.092754,8.079670,-65.272470,1.498838
