 DDSCAT --- DDSCAT 7.3.3 [22.01.20]   
 TARGET --->TARGSPHER  spherical target with explicit spacing                 
 GPFAFT --- method of solution 
 GKDLDR --- prescription for polarizabilities
 FROM_FILE --- shape 
   33401 = NAT0 = number of dipoles
 ../diel/Pena26Au74Ag                                        
 ../diel/Pena52Au48Ag                                        
   0.000   0.000 = beta_min, beta_max ;  NBETA = 1
   0.000   0.000 = theta_min, theta_max; NTHETA= 1
   0.000   0.000 = phi_min, phi_max   ;   NPHI = 1
 Results averaged over    1 target orientations
                   and  1 incident polarizations
   aeff       wave      Q_pha
 1.0000E-03 3.0000E-01  1.9166E-02
 1.0000E-03 3.0151E-01  1.8823E-02
 1.0000E-03 3.0302E-01  1.8472E-02
 1.0000E-03 3.0452E-01  1.8110E-02
 1.0000E-03 3.0603E-01  1.7739E-02
 1.0000E-03 3.0754E-01  1.7357E-02
 1.0000E-03 3.0905E-01  1.6986E-02
 1.0000E-03 3.1055E-01  1.6617E-02
 1.0000E-03 3.1206E-01  1.6239E-02
 1.0000E-03 3.1357E-01  1.5851E-02
 1.0000E-03 3.1508E-01  1.5454E-02
 1.0000E-03 3.1658E-01  1.5048E-02
 1.0000E-03 3.1809E-01  1.4632E-02
 1.0000E-03 3.1960E-01  1.4199E-02
 1.0000E-03 3.2111E-01  1.3749E-02
 1.0000E-03 3.2261E-01  1.3280E-02
 1.0000E-03 3.2412E-01  1.2792E-02
 1.0000E-03 3.2563E-01  1.2284E-02
 1.0000E-03 3.2714E-01  1.1727E-02
 1.0000E-03 3.2864E-01  1.1129E-02
 1.0000E-03 3.3015E-01  1.0516E-02
 1.0000E-03 3.3166E-01  9.8873E-03
 1.0000E-03 3.3317E-01  9.2406E-03
 1.0000E-03 3.3467E-01  8.5742E-03
 1.0000E-03 3.3618E-01  7.8929E-03
 1.0000E-03 3.3769E-01  7.2130E-03
 1.0000E-03 3.3920E-01  6.5320E-03
 1.0000E-03 3.4070E-01  5.8486E-03
 1.0000E-03 3.4221E-01  5.1613E-03
 1.0000E-03 3.4372E-01  4.4686E-03
 1.0000E-03 3.4523E-01  3.7823E-03
 1.0000E-03 3.4673E-01  3.1189E-03
 1.0000E-03 3.4824E-01  2.4628E-03
 1.0000E-03 3.4975E-01  1.8135E-03
 1.0000E-03 3.5126E-01  1.1708E-03
 1.0000E-03 3.5276E-01  5.3420E-04
 1.0000E-03 3.5427E-01 -9.2402E-05
 1.0000E-03 3.5578E-01 -7.0299E-04
 1.0000E-03 3.5729E-01 -1.3045E-03
 1.0000E-03 3.5879E-01 -1.8964E-03
 1.0000E-03 3.6030E-01 -2.4783E-03
 1.0000E-03 3.6181E-01 -3.0496E-03
 1.0000E-03 3.6332E-01 -3.6081E-03
 1.0000E-03 3.6482E-01 -4.1521E-03
 1.0000E-03 3.6633E-01 -4.6856E-03
 1.0000E-03 3.6784E-01 -5.2074E-03
 1.0000E-03 3.6935E-01 -5.7158E-03
 1.0000E-03 3.7085E-01 -6.2091E-03
 1.0000E-03 3.7236E-01 -6.6847E-03
 1.0000E-03 3.7387E-01 -7.1424E-03
 1.0000E-03 3.7538E-01 -7.5855E-03
 1.0000E-03 3.7688E-01 -8.0116E-03
 1.0000E-03 3.7839E-01 -8.4180E-03
 1.0000E-03 3.7990E-01 -8.8009E-03
 1.0000E-03 3.8141E-01 -9.1571E-03
 1.0000E-03 3.8291E-01 -9.4894E-03
 1.0000E-03 3.8442E-01 -9.7969E-03
 1.0000E-03 3.8593E-01 -1.0075E-02
 1.0000E-03 3.8744E-01 -1.0320E-02
 1.0000E-03 3.8894E-01 -1.0524E-02
 1.0000E-03 3.9045E-01 -1.0684E-02
 1.0000E-03 3.9196E-01 -1.0809E-02
 1.0000E-03 3.9347E-01 -1.0882E-02
 1.0000E-03 3.9497E-01 -1.0896E-02
 1.0000E-03 3.9648E-01 -1.0843E-02
 1.0000E-03 3.9799E-01 -1.0714E-02
 1.0000E-03 3.9950E-01 -1.0497E-02
 1.0000E-03 4.0101E-01 -1.0203E-02
 1.0000E-03 4.0251E-01 -9.7954E-03
 1.0000E-03 4.0402E-01 -9.2616E-03
 1.0000E-03 4.0553E-01 -8.5868E-03
 1.0000E-03 4.0704E-01 -7.7552E-03
 1.0000E-03 4.0854E-01 -6.7499E-03
 1.0000E-03 4.1005E-01 -5.5441E-03
 1.0000E-03 4.1156E-01 -4.1086E-03
 1.0000E-03 4.1307E-01 -2.4202E-03
 1.0000E-03 4.1457E-01 -4.5463E-04
 1.0000E-03 4.1608E-01  1.8138E-03
 1.0000E-03 4.1759E-01  4.4114E-03
 1.0000E-03 4.1910E-01  7.3943E-03
 1.0000E-03 4.2060E-01  1.0771E-02
 1.0000E-03 4.2211E-01  1.4556E-02
 1.0000E-03 4.2362E-01  1.8764E-02
 1.0000E-03 4.2513E-01  2.3402E-02
 1.0000E-03 4.2663E-01  2.8466E-02
 1.0000E-03 4.2814E-01  3.3948E-02
 1.0000E-03 4.2965E-01  3.9775E-02
 1.0000E-03 4.3116E-01  4.5881E-02
 1.0000E-03 4.3266E-01  5.2187E-02
 1.0000E-03 4.3417E-01  5.8599E-02
 1.0000E-03 4.3568E-01  6.5007E-02
 1.0000E-03 4.3719E-01  7.1266E-02
 1.0000E-03 4.3869E-01  7.7243E-02
 1.0000E-03 4.4020E-01  8.2838E-02
 1.0000E-03 4.4171E-01  8.7958E-02
 1.0000E-03 4.4322E-01  9.2529E-02
 1.0000E-03 4.4472E-01  9.6504E-02
 1.0000E-03 4.4623E-01  9.9840E-02
 1.0000E-03 4.4774E-01  1.0255E-01
 1.0000E-03 4.4925E-01  1.0467E-01
 1.0000E-03 4.5075E-01  1.0622E-01
 1.0000E-03 4.5226E-01  1.0727E-01
 1.0000E-03 4.5377E-01  1.0785E-01
 1.0000E-03 4.5528E-01  1.0803E-01
 1.0000E-03 4.5678E-01  1.0788E-01
 1.0000E-03 4.5829E-01  1.0744E-01
 1.0000E-03 4.5980E-01  1.0677E-01
 1.0000E-03 4.6131E-01  1.0591E-01
 1.0000E-03 4.6281E-01  1.0490E-01
 1.0000E-03 4.6432E-01  1.0376E-01
 1.0000E-03 4.6583E-01  1.0254E-01
 1.0000E-03 4.6734E-01  1.0126E-01
 1.0000E-03 4.6884E-01  9.9939E-02
 1.0000E-03 4.7035E-01  9.8586E-02
 1.0000E-03 4.7186E-01  9.7216E-02
 1.0000E-03 4.7337E-01  9.5843E-02
 1.0000E-03 4.7487E-01  9.4476E-02
 1.0000E-03 4.7638E-01  9.3121E-02
 1.0000E-03 4.7789E-01  9.1783E-02
 1.0000E-03 4.7940E-01  9.0464E-02
 1.0000E-03 4.8090E-01  8.9167E-02
 1.0000E-03 4.8241E-01  8.7894E-02
 1.0000E-03 4.8392E-01  8.6649E-02
 1.0000E-03 4.8543E-01  8.5431E-02
 1.0000E-03 4.8693E-01  8.4240E-02
 1.0000E-03 4.8844E-01  8.3077E-02
 1.0000E-03 4.8995E-01  8.1942E-02
 1.0000E-03 4.9146E-01  8.0835E-02
 1.0000E-03 4.9296E-01  7.9756E-02
 1.0000E-03 4.9447E-01  7.8705E-02
 1.0000E-03 4.9598E-01  7.7681E-02
 1.0000E-03 4.9749E-01  7.6683E-02
 1.0000E-03 4.9900E-01  7.5713E-02
 1.0000E-03 5.0050E-01  7.4768E-02
 1.0000E-03 5.0201E-01  7.3849E-02
 1.0000E-03 5.0352E-01  7.2954E-02
 1.0000E-03 5.0503E-01  7.2085E-02
 1.0000E-03 5.0653E-01  7.1237E-02
 1.0000E-03 5.0804E-01  7.0414E-02
 1.0000E-03 5.0955E-01  6.9612E-02
 1.0000E-03 5.1106E-01  6.8832E-02
 1.0000E-03 5.1256E-01  6.8072E-02
 1.0000E-03 5.1407E-01  6.7332E-02
 1.0000E-03 5.1558E-01  6.6611E-02
 1.0000E-03 5.1709E-01  6.5909E-02
 1.0000E-03 5.1859E-01  6.5224E-02
 1.0000E-03 5.2010E-01  6.4555E-02
 1.0000E-03 5.2161E-01  6.3903E-02
 1.0000E-03 5.2312E-01  6.3266E-02
 1.0000E-03 5.2462E-01  6.2644E-02
 1.0000E-03 5.2613E-01  6.2036E-02
 1.0000E-03 5.2764E-01  6.1443E-02
 1.0000E-03 5.2915E-01  6.0863E-02
 1.0000E-03 5.3065E-01  6.0296E-02
 1.0000E-03 5.3216E-01  5.9742E-02
 1.0000E-03 5.3367E-01  5.9200E-02
 1.0000E-03 5.3518E-01  5.8670E-02
 1.0000E-03 5.3668E-01  5.8152E-02
 1.0000E-03 5.3819E-01  5.7645E-02
 1.0000E-03 5.3970E-01  5.7149E-02
 1.0000E-03 5.4121E-01  5.6663E-02
 1.0000E-03 5.4271E-01  5.6188E-02
 1.0000E-03 5.4422E-01  5.5722E-02
 1.0000E-03 5.4573E-01  5.5265E-02
 1.0000E-03 5.4724E-01  5.4817E-02
 1.0000E-03 5.4874E-01  5.4377E-02
 1.0000E-03 5.5025E-01  5.3946E-02
 1.0000E-03 5.5176E-01  5.3523E-02
 1.0000E-03 5.5327E-01  5.3108E-02
 1.0000E-03 5.5477E-01  5.2700E-02
 1.0000E-03 5.5628E-01  5.2300E-02
 1.0000E-03 5.5779E-01  5.1907E-02
 1.0000E-03 5.5930E-01  5.1522E-02
 1.0000E-03 5.6080E-01  5.1143E-02
 1.0000E-03 5.6231E-01  5.0772E-02
 1.0000E-03 5.6382E-01  5.0407E-02
 1.0000E-03 5.6533E-01  5.0049E-02
 1.0000E-03 5.6683E-01  4.9697E-02
 1.0000E-03 5.6834E-01  4.9353E-02
 1.0000E-03 5.6985E-01  4.9014E-02
 1.0000E-03 5.7136E-01  4.8681E-02
 1.0000E-03 5.7286E-01  4.8354E-02
 1.0000E-03 5.7437E-01  4.8032E-02
 1.0000E-03 5.7588E-01  4.7716E-02
 1.0000E-03 5.7739E-01  4.7405E-02
 1.0000E-03 5.7889E-01  4.7099E-02
 1.0000E-03 5.8040E-01  4.6798E-02
 1.0000E-03 5.8191E-01  4.6501E-02
 1.0000E-03 5.8342E-01  4.6208E-02
 1.0000E-03 5.8492E-01  4.5921E-02
 1.0000E-03 5.8643E-01  4.5637E-02
 1.0000E-03 5.8794E-01  4.5358E-02
 1.0000E-03 5.8945E-01  4.5083E-02
 1.0000E-03 5.9095E-01  4.4811E-02
 1.0000E-03 5.9246E-01  4.4544E-02
 1.0000E-03 5.9397E-01  4.4281E-02
 1.0000E-03 5.9548E-01  4.4022E-02
 1.0000E-03 5.9698E-01  4.3766E-02
 1.0000E-03 5.9849E-01  4.3515E-02
 1.0000E-03 6.0000E-01  4.3267E-02
