 DDSCAT --- DDSCAT 7.3.3 [22.01.20]   
 TARGET --->TARGSPHER  spherical target with explicit spacing                 
 GPFAFT --- method of solution 
 GKDLDR --- prescription for polarizabilities
 FROM_FILE --- shape 
    4169 = NAT0 = number of dipoles
 ../../diel/Pena-Rioux_dielectric_26Au_74Ag                  
 ../../diel/Pena-Rioux_dielectric_65Au_35Ag                  
 ../../diel/Pena-Rioux_dielectric_76Au_24Ag                  
   0.000   0.000 = beta_min, beta_max ;  NBETA = 1
   0.000   0.000 = theta_min, theta_max; NTHETA= 1
   0.000   0.000 = phi_min, phi_max   ;   NPHI = 1
 0.5000 = ETASCA (param. controlling # of scatt. dirs used to calculate <cos> etc.
 Results averaged over    1 target orientations
                   and  2 incident polarizations
   aeff       wave       Q_ext     Q_abs      Q_sca     g(1)=<cos>  <cos^2>    Q_bk       Nsca
 4.0000E-02 3.0000E-01 2.5643E+00 1.7862E+00 7.7803E-01  2.5321E-01 4.1470E-01 3.9599E-02   408
 4.0000E-02 3.0101E-01 2.5566E+00 1.7855E+00 7.7115E-01  2.5143E-01 4.1450E-01 3.9597E-02   408
 4.0000E-02 3.0203E-01 2.5489E+00 1.7847E+00 7.6423E-01  2.4967E-01 4.1431E-01 3.9585E-02   408
 4.0000E-02 3.0305E-01 2.5411E+00 1.7838E+00 7.5727E-01  2.4791E-01 4.1412E-01 3.9563E-02   408
 4.0000E-02 3.0408E-01 2.5332E+00 1.7829E+00 7.5028E-01  2.4615E-01 4.1394E-01 3.9533E-02   408
 4.0000E-02 3.0512E-01 2.5252E+00 1.7819E+00 7.4325E-01  2.4441E-01 4.1375E-01 3.9493E-02   408
 4.0000E-02 3.0616E-01 2.5170E+00 1.7809E+00 7.3619E-01  2.4267E-01 4.1357E-01 3.9443E-02   408
 4.0000E-02 3.0722E-01 2.5088E+00 1.7797E+00 7.2909E-01  2.4094E-01 4.1339E-01 3.9385E-02   408
 4.0000E-02 3.0828E-01 2.5007E+00 1.7786E+00 7.2207E-01  2.3920E-01 4.1321E-01 3.9324E-02   408
 4.0000E-02 3.0934E-01 2.4930E+00 1.7776E+00 7.1538E-01  2.3744E-01 4.1303E-01 3.9279E-02   408
 4.0000E-02 3.1042E-01 2.4852E+00 1.7766E+00 7.0865E-01  2.3569E-01 4.1285E-01 3.9225E-02   408
 4.0000E-02 3.1150E-01 2.4773E+00 1.7754E+00 7.0190E-01  2.3394E-01 4.1268E-01 3.9163E-02   408
 4.0000E-02 3.1259E-01 2.4693E+00 1.7742E+00 6.9511E-01  2.3220E-01 4.1250E-01 3.9092E-02   408
 4.0000E-02 3.1368E-01 2.4612E+00 1.7729E+00 6.8829E-01  2.3045E-01 4.1233E-01 3.9014E-02   408
 4.0000E-02 3.1479E-01 2.4530E+00 1.7716E+00 6.8143E-01  2.2882E-01 4.1232E-01 3.8927E-02   362
 4.0000E-02 3.1590E-01 2.4447E+00 1.7701E+00 6.7456E-01  2.2708E-01 4.1215E-01 3.8832E-02   362
 4.0000E-02 3.1702E-01 2.4362E+00 1.7686E+00 6.6766E-01  2.2534E-01 4.1199E-01 3.8729E-02   363
 4.0000E-02 3.1815E-01 2.4272E+00 1.7668E+00 6.6043E-01  2.2363E-01 4.1183E-01 3.8600E-02   363
 4.0000E-02 3.1929E-01 2.4178E+00 1.7648E+00 6.5309E-01  2.2192E-01 4.1167E-01 3.8456E-02   363
 4.0000E-02 3.2043E-01 2.4083E+00 1.7626E+00 6.4567E-01  2.2022E-01 4.1151E-01 3.8300E-02   363
 4.0000E-02 3.2158E-01 2.3985E+00 1.7603E+00 6.3818E-01  2.1852E-01 4.1136E-01 3.8132E-02   363
 4.0000E-02 3.2274E-01 2.3885E+00 1.7579E+00 6.3063E-01  2.1683E-01 4.1121E-01 3.7953E-02   363
 4.0000E-02 3.2391E-01 2.3783E+00 1.7553E+00 6.2301E-01  2.1514E-01 4.1106E-01 3.7762E-02   363
 4.0000E-02 3.2509E-01 2.3679E+00 1.7525E+00 6.1533E-01  2.1346E-01 4.1091E-01 3.7560E-02   363
 4.0000E-02 3.2628E-01 2.3572E+00 1.7496E+00 6.0760E-01  2.1177E-01 4.1077E-01 3.7348E-02   363
 4.0000E-02 3.2747E-01 2.3453E+00 1.7460E+00 5.9931E-01  2.1013E-01 4.1063E-01 3.7088E-02   363
 4.0000E-02 3.2868E-01 2.3335E+00 1.7424E+00 5.9115E-01  2.0847E-01 4.1049E-01 3.6831E-02   363
 4.0000E-02 3.2989E-01 2.3219E+00 1.7387E+00 5.8318E-01  2.0680E-01 4.1035E-01 3.6578E-02   363
 4.0000E-02 3.3111E-01 2.3104E+00 1.7350E+00 5.7539E-01  2.0511E-01 4.1021E-01 3.6332E-02   363
 4.0000E-02 3.3234E-01 2.2990E+00 1.7312E+00 5.6780E-01  2.0341E-01 4.1008E-01 3.6093E-02   363
 4.0000E-02 3.3358E-01 2.2878E+00 1.7274E+00 5.6042E-01  2.0169E-01 4.0994E-01 3.5862E-02   363
 4.0000E-02 3.3483E-01 2.2768E+00 1.7235E+00 5.5326E-01  1.9994E-01 4.0980E-01 3.5641E-02   363
 4.0000E-02 3.3609E-01 2.2665E+00 1.7198E+00 5.4664E-01  1.9816E-01 4.0966E-01 3.5452E-02   363
 4.0000E-02 3.3736E-01 2.2573E+00 1.7166E+00 5.4077E-01  1.9630E-01 4.0951E-01 3.5313E-02   363
 4.0000E-02 3.3864E-01 2.2489E+00 1.7135E+00 5.3541E-01  1.9442E-01 4.0936E-01 3.5206E-02   363
 4.0000E-02 3.3992E-01 2.2413E+00 1.7107E+00 5.3060E-01  1.9249E-01 4.0921E-01 3.5132E-02   363
 4.0000E-02 3.4122E-01 2.2345E+00 1.7082E+00 5.2633E-01  1.9054E-01 4.0905E-01 3.5094E-02   363
 4.0000E-02 3.4253E-01 2.2286E+00 1.7059E+00 5.2264E-01  1.8854E-01 4.0890E-01 3.5094E-02   363
 4.0000E-02 3.4385E-01 2.2235E+00 1.7040E+00 5.1953E-01  1.8651E-01 4.0874E-01 3.5134E-02   363
 4.0000E-02 3.4517E-01 2.2196E+00 1.7025E+00 5.1716E-01  1.8444E-01 4.0858E-01 3.5224E-02   363
 4.0000E-02 3.4651E-01 2.2172E+00 1.7016E+00 5.1559E-01  1.8233E-01 4.0842E-01 3.5371E-02   363
 4.0000E-02 3.4786E-01 2.2158E+00 1.7011E+00 5.1466E-01  1.8020E-01 4.0826E-01 3.5562E-02   363
 4.0000E-02 3.4922E-01 2.2155E+00 1.7011E+00 5.1439E-01  1.7804E-01 4.0810E-01 3.5801E-02   363
 4.0000E-02 3.5059E-01 2.2164E+00 1.7016E+00 5.1480E-01  1.7587E-01 4.0793E-01 3.6088E-02   363
 4.0000E-02 3.5197E-01 2.2185E+00 1.7026E+00 5.1589E-01  1.7368E-01 4.0777E-01 3.6427E-02   363
 4.0000E-02 3.5336E-01 2.2218E+00 1.7041E+00 5.1772E-01  1.7147E-01 4.0760E-01 3.6820E-02   363
 4.0000E-02 3.5476E-01 2.2265E+00 1.7062E+00 5.2031E-01  1.6925E-01 4.0744E-01 3.7269E-02   363
 4.0000E-02 3.5618E-01 2.2324E+00 1.7089E+00 5.2352E-01  1.6704E-01 4.0728E-01 3.7767E-02   363
 4.0000E-02 3.5760E-01 2.2396E+00 1.7122E+00 5.2740E-01  1.6482E-01 4.0711E-01 3.8316E-02   363
 4.0000E-02 3.5904E-01 2.2479E+00 1.7159E+00 5.3195E-01  1.6260E-01 4.0695E-01 3.8920E-02   363
 4.0000E-02 3.6048E-01 2.2575E+00 1.7203E+00 5.3720E-01  1.6037E-01 4.0679E-01 3.9580E-02   363
 4.0000E-02 3.6194E-01 2.2685E+00 1.7253E+00 5.4319E-01  1.5815E-01 4.0663E-01 4.0300E-02   363
 4.0000E-02 3.6341E-01 2.2809E+00 1.7309E+00 5.4991E-01  1.5593E-01 4.0647E-01 4.1081E-02   363
 4.0000E-02 3.6490E-01 2.2944E+00 1.7372E+00 5.5724E-01  1.5371E-01 4.0631E-01 4.1916E-02   363
 4.0000E-02 3.6639E-01 2.3091E+00 1.7439E+00 5.6521E-01  1.5150E-01 4.0615E-01 4.2807E-02   363
 4.0000E-02 3.6790E-01 2.3251E+00 1.7513E+00 5.7385E-01  1.4929E-01 4.0600E-01 4.3758E-02   363
 4.0000E-02 3.6942E-01 2.3424E+00 1.7593E+00 5.8318E-01  1.4708E-01 4.0584E-01 4.4771E-02   363
 4.0000E-02 3.7095E-01 2.3611E+00 1.7678E+00 5.9326E-01  1.4486E-01 4.0569E-01 4.5854E-02   363
 4.0000E-02 3.7250E-01 2.3812E+00 1.7771E+00 6.0409E-01  1.4265E-01 4.0554E-01 4.7005E-02   363
 4.0000E-02 3.7406E-01 2.4024E+00 1.7869E+00 6.1552E-01  1.4045E-01 4.0539E-01 4.8217E-02   363
 4.0000E-02 3.7563E-01 2.4249E+00 1.7973E+00 6.2762E-01  1.3824E-01 4.0524E-01 4.9496E-02   363
 4.0000E-02 3.7722E-01 2.4487E+00 1.8083E+00 6.4042E-01  1.3603E-01 4.0510E-01 5.0845E-02   363
 4.0000E-02 3.7881E-01 2.4740E+00 1.8200E+00 6.5404E-01  1.3382E-01 4.0495E-01 5.2273E-02   363
 4.0000E-02 3.8043E-01 2.5007E+00 1.8323E+00 6.6841E-01  1.3161E-01 4.0481E-01 5.3780E-02   363
 4.0000E-02 3.8205E-01 2.5289E+00 1.8453E+00 6.8354E-01  1.2939E-01 4.0467E-01 5.5367E-02   363
 4.0000E-02 3.8369E-01 2.5583E+00 1.8589E+00 6.9938E-01  1.2718E-01 4.0453E-01 5.7031E-02   363
 4.0000E-02 3.8534E-01 2.5891E+00 1.8731E+00 7.1601E-01  1.2495E-01 4.0439E-01 5.8780E-02   363
 4.0000E-02 3.8701E-01 2.6214E+00 1.8880E+00 7.3345E-01  1.2273E-01 4.0426E-01 6.0618E-02   363
 4.0000E-02 3.8870E-01 2.6553E+00 1.9035E+00 7.5177E-01  1.2050E-01 4.0413E-01 6.2552E-02   363
 4.0000E-02 3.9039E-01 2.6908E+00 1.9198E+00 7.7101E-01  1.1834E-01 4.0417E-01 6.4589E-02   323
 4.0000E-02 3.9211E-01 2.7278E+00 1.9367E+00 7.9109E-01  1.1608E-01 4.0404E-01 6.6722E-02   323
 4.0000E-02 3.9383E-01 2.7664E+00 1.9543E+00 8.1207E-01  1.1383E-01 4.0391E-01 6.8961E-02   323
 4.0000E-02 3.9558E-01 2.8067E+00 1.9726E+00 8.3404E-01  1.1157E-01 4.0379E-01 7.1314E-02   323
 4.0000E-02 3.9733E-01 2.8487E+00 1.9916E+00 8.5704E-01  1.0929E-01 4.0366E-01 7.3785E-02   323
 4.0000E-02 3.9911E-01 2.8925E+00 2.0114E+00 8.8110E-01  1.0701E-01 4.0354E-01 7.6383E-02   323
 4.0000E-02 4.0090E-01 2.9381E+00 2.0319E+00 9.0619E-01  1.0471E-01 4.0342E-01 7.9105E-02   323
 4.0000E-02 4.0270E-01 2.9855E+00 2.0531E+00 9.3243E-01  1.0241E-01 4.0331E-01 8.1963E-02   323
 4.0000E-02 4.0452E-01 3.0350E+00 2.0751E+00 9.5988E-01  1.0010E-01 4.0319E-01 8.4968E-02   323
 4.0000E-02 4.0636E-01 3.0864E+00 2.0978E+00 9.8860E-01  9.7773E-02 4.0308E-01 8.8127E-02   323
 4.0000E-02 4.0822E-01 3.1401E+00 2.1214E+00 1.0186E+00  9.5439E-02 4.0297E-01 9.1446E-02   323
 4.0000E-02 4.1009E-01 3.1957E+00 2.1458E+00 1.0500E+00  9.3097E-02 4.0287E-01 9.4929E-02   323
 4.0000E-02 4.1198E-01 3.2538E+00 2.1709E+00 1.0828E+00  9.0746E-02 4.0276E-01 9.8595E-02   323
 4.0000E-02 4.1389E-01 3.3142E+00 2.1970E+00 1.1173E+00  8.8389E-02 4.0266E-01 1.0245E-01   323
 4.0000E-02 4.1581E-01 3.3772E+00 2.2239E+00 1.1533E+00  8.6024E-02 4.0256E-01 1.0651E-01   323
 4.0000E-02 4.1776E-01 3.4428E+00 2.2518E+00 1.1910E+00  8.3652E-02 4.0246E-01 1.1078E-01   323
 4.0000E-02 4.1972E-01 3.5111E+00 2.2806E+00 1.2305E+00  8.1278E-02 4.0237E-01 1.1528E-01   323
 4.0000E-02 4.2170E-01 3.5823E+00 2.3103E+00 1.2720E+00  7.8903E-02 4.0228E-01 1.2001E-01   323
 4.0000E-02 4.2370E-01 3.6566E+00 2.3412E+00 1.3154E+00  7.6531E-02 4.0219E-01 1.2499E-01   323
 4.0000E-02 4.2571E-01 3.7338E+00 2.3730E+00 1.3608E+00  7.4164E-02 4.0210E-01 1.3022E-01   323
 4.0000E-02 4.2775E-01 3.8141E+00 2.4059E+00 1.4082E+00  7.1807E-02 4.0202E-01 1.3571E-01   323
 4.0000E-02 4.2981E-01 3.8976E+00 2.4399E+00 1.4577E+00  6.9467E-02 4.0194E-01 1.4146E-01   323
 4.0000E-02 4.3188E-01 3.9842E+00 2.4749E+00 1.5093E+00  6.7149E-02 4.0187E-01 1.4747E-01   323
 4.0000E-02 4.3398E-01 4.0738E+00 2.5110E+00 1.5628E+00  6.4859E-02 4.0180E-01 1.5374E-01   323
 4.0000E-02 4.3610E-01 4.1661E+00 2.5480E+00 1.6181E+00  6.2603E-02 4.0173E-01 1.6024E-01   323
 4.0000E-02 4.3824E-01 4.2614E+00 2.5860E+00 1.6754E+00  6.0391E-02 4.0167E-01 1.6700E-01   323
 4.0000E-02 4.4039E-01 4.3594E+00 2.6249E+00 1.7345E+00  5.8223E-02 4.0160E-01 1.7399E-01   323
 4.0000E-02 4.4257E-01 4.4601E+00 2.6645E+00 1.7956E+00  5.6102E-02 4.0155E-01 1.8123E-01   323
 4.0000E-02 4.4478E-01 4.5635E+00 2.7049E+00 1.8586E+00  5.4031E-02 4.0149E-01 1.8872E-01   323
 4.0000E-02 4.4700E-01 4.6699E+00 2.7459E+00 1.9240E+00  5.2011E-02 4.0144E-01 1.9649E-01   323
 4.0000E-02 4.4925E-01 4.7795E+00 2.7876E+00 1.9919E+00  5.0032E-02 4.0139E-01 2.0459E-01   323
 4.0000E-02 4.5152E-01 4.8924E+00 2.8298E+00 2.0626E+00  4.8090E-02 4.0135E-01 2.1303E-01   323
 4.0000E-02 4.5381E-01 5.0091E+00 2.8725E+00 2.1366E+00  4.6181E-02 4.0130E-01 2.2188E-01   323
 4.0000E-02 4.5612E-01 5.1302E+00 2.9157E+00 2.2145E+00  4.4291E-02 4.0126E-01 2.3121E-01   323
 4.0000E-02 4.5846E-01 5.2556E+00 2.9590E+00 2.2966E+00  4.2410E-02 4.0122E-01 2.4106E-01   323
 4.0000E-02 4.6082E-01 5.3857E+00 3.0025E+00 2.3832E+00  4.0532E-02 4.0118E-01 2.5149E-01   323
 4.0000E-02 4.6321E-01 5.5209E+00 3.0458E+00 2.4751E+00  3.8648E-02 4.0114E-01 2.6258E-01   323
 4.0000E-02 4.6563E-01 5.6611E+00 3.0887E+00 2.5724E+00  3.6749E-02 4.0111E-01 2.7438E-01   323
 4.0000E-02 4.6806E-01 5.8057E+00 3.1308E+00 2.6749E+00  3.4836E-02 4.0108E-01 2.8687E-01   323
 4.0000E-02 4.7053E-01 5.9543E+00 3.1715E+00 2.7828E+00  3.2913E-02 4.0105E-01 3.0007E-01   323
 4.0000E-02 4.7302E-01 6.1061E+00 3.2103E+00 2.8958E+00  3.0981E-02 4.0102E-01 3.1396E-01   323
 4.0000E-02 4.7553E-01 6.2587E+00 3.2463E+00 3.0124E+00  2.9051E-02 4.0100E-01 3.2839E-01   323
 4.0000E-02 4.7807E-01 6.4102E+00 3.2788E+00 3.1314E+00  2.7138E-02 4.0098E-01 3.4320E-01   323
 4.0000E-02 4.8065E-01 6.5578E+00 3.3066E+00 3.2512E+00  2.5252E-02 4.0096E-01 3.5820E-01   323
 4.0000E-02 4.8324E-01 6.6981E+00 3.3287E+00 3.3694E+00  2.3411E-02 4.0095E-01 3.7311E-01   323
 4.0000E-02 4.8587E-01 6.8268E+00 3.3439E+00 3.4830E+00  2.1632E-02 4.0094E-01 3.8756E-01   323
 4.0000E-02 4.8852E-01 6.9402E+00 3.3511E+00 3.5892E+00  1.9926E-02 4.0094E-01 4.0121E-01   323
 4.0000E-02 4.9121E-01 7.0336E+00 3.3490E+00 3.6846E+00  1.8302E-02 4.0093E-01 4.1365E-01   323
 4.0000E-02 4.9392E-01 7.1024E+00 3.3368E+00 3.7656E+00  1.6769E-02 4.0093E-01 4.2444E-01   323
 4.0000E-02 4.9667E-01 7.1433E+00 3.3138E+00 3.8295E+00  1.5327E-02 4.0093E-01 4.3322E-01   323
 4.0000E-02 4.9944E-01 7.1527E+00 3.2795E+00 3.8732E+00  1.3973E-02 4.0094E-01 4.3965E-01   323
 4.0000E-02 5.0225E-01 7.1288E+00 3.2340E+00 3.8948E+00  1.2704E-02 4.0094E-01 4.4347E-01   323
 4.0000E-02 5.0508E-01 7.0715E+00 3.1780E+00 3.8935E+00  1.1509E-02 4.0095E-01 4.4459E-01   323
 4.0000E-02 5.0795E-01 6.9818E+00 3.1125E+00 3.8694E+00  1.0381E-02 4.0095E-01 4.4301E-01   324
 4.0000E-02 5.1086E-01 6.8627E+00 3.0389E+00 3.8238E+00  9.3111E-03 4.0096E-01 4.3887E-01   324
 4.0000E-02 5.1379E-01 6.7187E+00 2.9589E+00 3.7598E+00  8.3236E-03 4.0117E-01 4.3253E-01   285
 4.0000E-02 5.1676E-01 6.5546E+00 2.8742E+00 3.6805E+00  7.3387E-03 4.0118E-01 4.2433E-01   285
 4.0000E-02 5.1977E-01 6.3755E+00 2.7861E+00 3.5894E+00  6.3849E-03 4.0118E-01 4.1472E-01   285
 4.0000E-02 5.2281E-01 6.1862E+00 2.6956E+00 3.4906E+00  5.4544E-03 4.0119E-01 4.0412E-01   285
 4.0000E-02 5.2588E-01 5.9905E+00 2.6036E+00 3.3869E+00  4.5431E-03 4.0120E-01 3.9291E-01   285
 4.0000E-02 5.2899E-01 5.7911E+00 2.5101E+00 3.2810E+00  3.6484E-03 4.0121E-01 3.8138E-01   285
 4.0000E-02 5.3214E-01 5.5895E+00 2.4149E+00 3.1746E+00  2.7683E-03 4.0121E-01 3.6973E-01   285
 4.0000E-02 5.3533E-01 5.3857E+00 2.3174E+00 3.0682E+00  1.9010E-03 4.0122E-01 3.5803E-01   285
 4.0000E-02 5.3855E-01 5.1791E+00 2.2174E+00 2.9617E+00  1.0450E-03 4.0123E-01 3.4624E-01   285
 4.0000E-02 5.4182E-01 4.9689E+00 2.1147E+00 2.8542E+00  1.9744E-04 4.0123E-01 3.3430E-01   285
 4.0000E-02 5.4512E-01 4.7549E+00 2.0099E+00 2.7450E+00 -6.4495E-04 4.0124E-01 3.2209E-01   285
 4.0000E-02 5.4847E-01 4.5375E+00 1.9041E+00 2.6334E+00 -1.4845E-03 4.0124E-01 3.0955E-01   285
 4.0000E-02 5.5185E-01 4.3183E+00 1.7986E+00 2.5196E+00 -2.3241E-03 4.0124E-01 2.9670E-01   285
 4.0000E-02 5.5528E-01 4.0994E+00 1.6953E+00 2.4041E+00 -3.1652E-03 4.0123E-01 2.8358E-01   285
 4.0000E-02 5.5875E-01 3.8834E+00 1.5955E+00 2.2879E+00 -4.0108E-03 4.0123E-01 2.7034E-01   285
 4.0000E-02 5.6226E-01 3.6726E+00 1.5005E+00 2.1721E+00 -4.8606E-03 4.0122E-01 2.5710E-01   285
 4.0000E-02 5.6582E-01 3.4693E+00 1.4112E+00 2.0581E+00 -5.7142E-03 4.0121E-01 2.4402E-01   285
 4.0000E-02 5.6943E-01 3.2753E+00 1.3283E+00 1.9469E+00 -6.5703E-03 4.0120E-01 2.3123E-01   285
 4.0000E-02 5.7308E-01 3.0919E+00 1.2520E+00 1.8399E+00 -7.4294E-03 4.0119E-01 2.1888E-01   285
 4.0000E-02 5.7677E-01 2.9196E+00 1.1819E+00 1.7377E+00 -8.2934E-03 4.0118E-01 2.0708E-01   285
 4.0000E-02 5.8052E-01 2.7579E+00 1.1173E+00 1.6406E+00 -9.1635E-03 4.0117E-01 1.9585E-01   285
 4.0000E-02 5.8431E-01 2.6065E+00 1.0576E+00 1.5488E+00 -1.0041E-02 4.0116E-01 1.8522E-01   285
 4.0000E-02 5.8816E-01 2.4645E+00 1.0026E+00 1.4619E+00 -1.0927E-02 4.0116E-01 1.7513E-01   285
 4.0000E-02 5.9205E-01 2.3319E+00 9.5231E-01 1.3796E+00 -1.1820E-02 4.0115E-01 1.6558E-01   285
 4.0000E-02 5.9600E-01 2.2091E+00 9.0687E-01 1.3022E+00 -1.2716E-02 4.0115E-01 1.5657E-01   285
 4.0000E-02 6.0000E-01 2.0958E+00 8.6618E-01 1.2296E+00 -1.3610E-02 4.0114E-01 1.4812E-01   285
