 DDSCAT --- DDSCAT 7.3.3 [22.01.20]   
 TARGET --->TARGSPHER  spherical target with explicit spacing                 
 GPFAFT --- method of solution 
 GKDLDR --- prescription for polarizabilities
 FROM_FILE --- shape 
    4169 = NAT0 = number of dipoles
 ../../diel/Pena-Rioux_dielectric_26Au_74Ag                  
 ../../diel/Pena-Rioux_dielectric_65Au_35Ag                  
 ../../diel/Pena-Rioux_dielectric_76Au_24Ag                  
   0.000   0.000 = beta_min, beta_max ;  NBETA = 1
   0.000   0.000 = theta_min, theta_max; NTHETA= 1
   0.000   0.000 = phi_min, phi_max   ;   NPHI = 1
 Results averaged over    1 target orientations
                   and  2 incident polarizations
   aeff       wave       Q_pha       Q_pol       Q_cpol
 4.0000E-02 3.0000E-01 -3.2139E-02 -1.9073E-06 -5.2154E-08
 4.0000E-02 3.0101E-01 -3.0765E-02 -1.4305E-06 -1.1176E-07
 4.0000E-02 3.0203E-01 -2.9550E-02 -7.3910E-06  9.4995E-08
 4.0000E-02 3.0305E-01 -2.8500E-02 -2.1458E-06 -1.1176E-07
 4.0000E-02 3.0408E-01 -2.7618E-02  2.3842E-07 -7.2643E-08
 4.0000E-02 3.0512E-01 -2.6912E-02 -1.4305E-06 -1.4901E-08
 4.0000E-02 3.0616E-01 -2.6386E-02  1.1921E-06 -1.8626E-08
 4.0000E-02 3.0722E-01 -2.6045E-02  2.1458E-06 -2.7940E-08
 4.0000E-02 3.0828E-01 -2.5867E-02 -6.1989E-06 -1.3039E-08
 4.0000E-02 3.0934E-01 -2.5748E-02 -9.5367E-07  3.5390E-08
 4.0000E-02 3.1042E-01 -2.5771E-02 -4.7684E-06  7.4506E-08
 4.0000E-02 3.1150E-01 -2.5941E-02  4.2915E-06 -6.3330E-08
 4.0000E-02 3.1259E-01 -2.6262E-02  2.6226E-06 -1.8626E-08
 4.0000E-02 3.1368E-01 -2.6738E-02  2.3842E-06  0.0000E+00
 4.0000E-02 3.1479E-01 -2.7374E-02  4.7684E-06  3.5390E-08
 4.0000E-02 3.1590E-01 -2.8173E-02  1.1921E-06 -5.4017E-08
 4.0000E-02 3.1702E-01 -2.9141E-02 -2.3842E-06 -2.6077E-08
 4.0000E-02 3.1815E-01 -2.9889E-02  5.7220E-06 -1.1176E-08
 4.0000E-02 3.1929E-01 -3.0830E-02 -5.4836E-06  2.9802E-08
 4.0000E-02 3.2043E-01 -3.2045E-02  1.6689E-06 -7.0781E-08
 4.0000E-02 3.2158E-01 -3.3545E-02 -2.1458E-06 -1.4901E-08
 4.0000E-02 3.2274E-01 -3.5338E-02  5.4836E-06  0.0000E+00
 4.0000E-02 3.2391E-01 -3.7433E-02 -9.5367E-07  3.7253E-09
 4.0000E-02 3.2509E-01 -3.9839E-02  1.1921E-06  1.0431E-07
 4.0000E-02 3.2628E-01 -4.2565E-02  3.3379E-06  3.7253E-09
 4.0000E-02 3.2747E-01 -4.6162E-02 -7.1526E-07 -6.7055E-08
 4.0000E-02 3.2868E-01 -5.0258E-02  0.0000E+00  1.1176E-08
 4.0000E-02 3.2989E-01 -5.4842E-02 -1.1921E-06  1.1176E-08
 4.0000E-02 3.3111E-01 -5.9930E-02 -4.5300E-06 -6.7055E-08
 4.0000E-02 3.3234E-01 -6.5537E-02  3.3379E-06 -5.2154E-08
 4.0000E-02 3.3358E-01 -7.1680E-02 -7.1526E-07 -2.3097E-07
 4.0000E-02 3.3483E-01 -7.8374E-02 -3.3379E-06  1.4901E-08
 4.0000E-02 3.3609E-01 -8.5850E-02 -9.5367E-07  1.4901E-07
 4.0000E-02 3.3736E-01 -9.4031E-02 -4.7684E-07  2.1607E-07
 4.0000E-02 3.3864E-01 -1.0267E-01 -5.7220E-06 -1.4901E-07
 4.0000E-02 3.3992E-01 -1.1177E-01 -1.6689E-06  3.7253E-08
 4.0000E-02 3.4122E-01 -1.2136E-01  5.0068E-06 -3.7253E-08
 4.0000E-02 3.4253E-01 -1.3145E-01  1.6689E-06 -1.3411E-07
 4.0000E-02 3.4385E-01 -1.4204E-01  5.7220E-06  3.8743E-07
 4.0000E-02 3.4517E-01 -1.5308E-01 -1.4305E-06  1.1921E-07
 4.0000E-02 3.4651E-01 -1.6433E-01  3.0994E-06  1.1921E-07
 4.0000E-02 3.4786E-01 -1.7586E-01  4.7684E-06  4.0233E-07
 4.0000E-02 3.4922E-01 -1.8766E-01 -1.9073E-06 -2.2352E-07
 4.0000E-02 3.5059E-01 -1.9975E-01  1.4305E-06  1.1921E-07
 4.0000E-02 3.5197E-01 -2.1213E-01  6.1989E-06 -7.4506E-08
 4.0000E-02 3.5336E-01 -2.2483E-01 -9.5367E-07  7.4506E-08
 4.0000E-02 3.5476E-01 -2.3765E-01  4.0531E-06  0.0000E+00
 4.0000E-02 3.5618E-01 -2.5052E-01 -5.7220E-06 -8.3447E-07
 4.0000E-02 3.5760E-01 -2.6353E-01 -1.9073E-06 -5.9605E-08
 4.0000E-02 3.5904E-01 -2.7665E-01  7.1526E-07 -4.4703E-07
 4.0000E-02 3.6048E-01 -2.8990E-01 -4.5300E-06  3.5763E-07
 4.0000E-02 3.6194E-01 -3.0328E-01 -4.7684E-07  4.1723E-07
 4.0000E-02 3.6341E-01 -3.1673E-01  4.0531E-06 -4.1723E-07
 4.0000E-02 3.6490E-01 -3.3010E-01  3.8147E-06  4.7684E-07
 4.0000E-02 3.6639E-01 -3.4349E-01  1.4305E-06  2.0862E-07
 4.0000E-02 3.6790E-01 -3.5690E-01  7.1526E-07 -9.2387E-07
 4.0000E-02 3.6942E-01 -3.7033E-01  1.6689E-06  1.4901E-07
 4.0000E-02 3.7095E-01 -3.8378E-01  3.8147E-06 -1.7881E-07
 4.0000E-02 3.7250E-01 -3.9718E-01 -2.8610E-06 -2.9802E-07
 4.0000E-02 3.7406E-01 -4.1048E-01 -4.7684E-07  2.9802E-07
 4.0000E-02 3.7563E-01 -4.2374E-01 -3.8147E-06  9.2387E-07
 4.0000E-02 3.7722E-01 -4.3695E-01 -1.9073E-06  7.7486E-07
 4.0000E-02 3.7881E-01 -4.5011E-01  1.4305E-06 -8.3447E-07
 4.0000E-02 3.8043E-01 -4.6317E-01  5.4836E-06 -1.3411E-06
 4.0000E-02 3.8205E-01 -4.7611E-01  5.9605E-06  1.3113E-06
 4.0000E-02 3.8369E-01 -4.8893E-01  2.6226E-06 -2.2650E-06
 4.0000E-02 3.8534E-01 -5.0166E-01 -9.5367E-07 -1.1325E-06
 4.0000E-02 3.8701E-01 -5.1427E-01  1.6689E-06 -3.5763E-07
 4.0000E-02 3.8870E-01 -5.2673E-01 -7.3910E-06 -2.9802E-07
 4.0000E-02 3.9039E-01 -5.3901E-01  1.0014E-05 -3.1590E-06
 4.0000E-02 3.9211E-01 -5.5109E-01 -5.4836E-06  2.8014E-06
 4.0000E-02 3.9383E-01 -5.6303E-01 -5.4836E-06 -2.0862E-06
 4.0000E-02 3.9558E-01 -5.7479E-01  1.6689E-06 -1.7881E-06
 4.0000E-02 3.9733E-01 -5.8631E-01  2.3842E-07  7.7486E-07
 4.0000E-02 3.9911E-01 -5.9756E-01  9.5367E-07 -2.3842E-07
 4.0000E-02 4.0090E-01 -6.0851E-01 -2.6226E-06 -6.5565E-07
 4.0000E-02 4.0270E-01 -6.1924E-01  4.7684E-07  1.4901E-06
 4.0000E-02 4.0452E-01 -6.2968E-01 -4.5300E-06 -3.5763E-07
 4.0000E-02 4.0636E-01 -6.3977E-01 -5.2452E-06 -2.2650E-06
 4.0000E-02 4.0822E-01 -6.4944E-01  6.4373E-06 -1.1325E-06
 4.0000E-02 4.1009E-01 -6.5873E-01  1.4067E-05 -5.9605E-08
 4.0000E-02 4.1198E-01 -6.6762E-01  4.7684E-06  7.7486E-07
 4.0000E-02 4.1389E-01 -6.7602E-01 -1.1921E-06 -1.4901E-06
 4.0000E-02 4.1581E-01 -6.8385E-01  1.1683E-05  5.0068E-06
 4.0000E-02 4.1776E-01 -6.9101E-01 -5.0068E-06 -2.0266E-06
 4.0000E-02 4.1972E-01 -6.9760E-01  1.9073E-06 -4.7684E-06
 4.0000E-02 4.2170E-01 -7.0338E-01 -1.9073E-06 -1.2517E-06
 4.0000E-02 4.2370E-01 -7.0823E-01 -2.3842E-06 -1.0133E-06
 4.0000E-02 4.2571E-01 -7.1203E-01 -6.9141E-06  1.2517E-06
 4.0000E-02 4.2775E-01 -7.1471E-01 -1.1683E-05  7.1526E-07
 4.0000E-02 4.2981E-01 -7.1611E-01  1.2636E-05  1.3709E-06
 4.0000E-02 4.3188E-01 -7.1602E-01 -1.2636E-05  2.8610E-06
 4.0000E-02 4.3398E-01 -7.1434E-01  1.1444E-05  7.7486E-07
 4.0000E-02 4.3610E-01 -7.1099E-01  1.2398E-05  6.6757E-06
 4.0000E-02 4.3824E-01 -7.0587E-01 -6.1989E-06  1.0729E-06
 4.0000E-02 4.4039E-01 -6.9887E-01 -1.9073E-06  4.7684E-07
 4.0000E-02 4.4257E-01 -6.8998E-01  3.3379E-06  1.7881E-07
 4.0000E-02 4.4478E-01 -6.7919E-01  1.3828E-05  3.1590E-06
 4.0000E-02 4.4700E-01 -6.6643E-01 -5.2452E-06  1.5497E-06
 4.0000E-02 4.4925E-01 -6.5151E-01  8.1062E-06  8.3447E-07
 4.0000E-02 4.5152E-01 -6.3433E-01 -1.9073E-06  2.3842E-07
 4.0000E-02 4.5381E-01 -6.1474E-01  4.7684E-07 -1.3709E-06
 4.0000E-02 4.5612E-01 -5.9238E-01  1.4305E-06 -3.5167E-06
 4.0000E-02 4.5846E-01 -5.6680E-01  1.3828E-05  2.9802E-06
 4.0000E-02 4.6082E-01 -5.3759E-01 -2.3842E-06 -4.0531E-06
 4.0000E-02 4.6321E-01 -5.0421E-01 -1.4305E-06 -2.7418E-06
 4.0000E-02 4.6563E-01 -4.6573E-01  2.7180E-05  3.4571E-06
 4.0000E-02 4.6806E-01 -4.2144E-01 -3.8147E-06  1.2219E-06
 4.0000E-02 4.7053E-01 -3.7043E-01 -4.7684E-06 -8.0466E-07
 4.0000E-02 4.7302E-01 -3.1165E-01  3.3379E-06  1.1921E-06
 4.0000E-02 4.7553E-01 -2.4404E-01  2.8610E-06 -1.7583E-06
 4.0000E-02 4.7807E-01 -1.6686E-01 -1.2398E-05  3.2634E-06
 4.0000E-02 4.8065E-01 -7.9240E-02 -1.1921E-05 -1.2219E-06
 4.0000E-02 4.8324E-01  1.9433E-02  0.0000E+00  4.5355E-06
 4.0000E-02 4.8587E-01  1.2909E-01  2.3842E-06 -1.9222E-06
 4.0000E-02 4.8852E-01  2.4963E-01 -1.3828E-05 -1.1921E-07
 4.0000E-02 4.9121E-01  3.8051E-01  3.8147E-06  5.4240E-06
 4.0000E-02 4.9392E-01  5.2014E-01 -1.9073E-05 -5.4836E-06
 4.0000E-02 4.9667E-01  6.6677E-01 -3.8147E-06  2.2650E-06
 4.0000E-02 4.9944E-01  8.1814E-01  1.0490E-05  2.7418E-06
 4.0000E-02 5.0225E-01  9.7122E-01 -1.0014E-05  1.3113E-06
 4.0000E-02 5.0508E-01  1.1230E+00 -2.3842E-05  4.7684E-07
 4.0000E-02 5.0795E-01  1.2703E+00  1.2398E-05 -1.9073E-06
 4.0000E-02 5.1086E-01  1.4105E+00 -2.4796E-05 -9.5367E-07
 4.0000E-02 5.1379E-01  1.5414E+00 -2.3365E-05  5.3644E-06
 4.0000E-02 5.1676E-01  1.6616E+00 -3.1948E-05  1.2755E-05
 4.0000E-02 5.1977E-01  1.7704E+00 -1.5259E-05  5.2452E-06
 4.0000E-02 5.2281E-01  1.8683E+00  2.5749E-05 -8.3447E-06
 4.0000E-02 5.2588E-01  1.9558E+00  2.8610E-06 -2.3842E-07
 4.0000E-02 5.2899E-01  2.0341E+00 -5.2452E-06 -1.6689E-06
 4.0000E-02 5.3214E-01  2.1044E+00 -1.3351E-05  4.7684E-06
 4.0000E-02 5.3533E-01  2.1678E+00 -3.8147E-06 -2.3842E-06
 4.0000E-02 5.3855E-01  2.2248E+00  2.8610E-06 -4.7684E-06
 4.0000E-02 5.4182E-01  2.2755E+00 -4.7684E-06  1.4782E-05
 4.0000E-02 5.4512E-01  2.3192E+00 -1.1444E-05 -6.6757E-06
 4.0000E-02 5.4847E-01  2.3554E+00  9.0599E-06  6.4373E-06
 4.0000E-02 5.5185E-01  2.3834E+00  1.9073E-06  0.0000E+00
 4.0000E-02 5.5528E-01  2.4027E+00  1.2398E-05  0.0000E+00
 4.0000E-02 5.5875E-01  2.4133E+00  6.2704E-05 -5.7220E-06
 4.0000E-02 5.6226E-01  2.4157E+00  3.6478E-05  1.2159E-05
 4.0000E-02 5.6582E-01  2.4105E+00  6.4373E-06 -3.8147E-06
 4.0000E-02 5.6943E-01  2.3985E+00  1.6451E-05 -4.5300E-06
 4.0000E-02 5.7308E-01  2.3809E+00  2.9802E-05 -3.8147E-05
 4.0000E-02 5.7677E-01  2.3589E+00 -1.1921E-06 -1.5259E-05
 4.0000E-02 5.8052E-01  2.3335E+00 -5.1498E-05  2.5749E-05
 4.0000E-02 5.8431E-01  2.3055E+00 -4.6968E-05 -2.9087E-05
 4.0000E-02 5.8816E-01  2.2751E+00 -2.1458E-06 -8.5831E-06
 4.0000E-02 5.9205E-01  2.2429E+00 -5.0068E-06  1.5497E-05
 4.0000E-02 5.9600E-01  2.2092E+00  4.7445E-05 -3.8147E-06
 4.0000E-02 6.0000E-01  2.1746E+00 -9.2983E-06 -4.0531E-06
