 DDSCAT --- DDSCAT 7.3.3 [22.01.20]   
 TARGET --->TARGSPHER  spherical target with explicit spacing                 
 GPFAFT --- method of solution 
 FLTRCD --- prescription for polarizabilities
 FROM_FILE --- shape 
    4169 = NAT0 = number of dipoles
 ../../diel/Pena-Rioux_dielectric_26Au_74Ag                  
 ../../diel/Pena-Rioux_dielectric_34Au_66Ag                  
 ../../diel/Pena-Rioux_dielectric_76Au_24Ag                  
 ../../diel/Pena-Rioux_dielectric_85Au_15Ag                  
   0.000   0.000 = beta_min, beta_max ;  NBETA = 1
   0.000   0.000 = theta_min, theta_max; NTHETA= 1
   0.000   0.000 = phi_min, phi_max   ;   NPHI = 1
 Results averaged over    1 target orientations
                   and  2 incident polarizations
   aeff       wave       Q_pha       Q_pol       Q_cpol
 8.0000E-02 3.0000E-01 -1.9705E-01 -1.1921E-06 -1.0133E-06
 8.0000E-02 3.0101E-01 -1.9592E-01  5.9605E-06 -2.9802E-08
 8.0000E-02 3.0203E-01 -1.9490E-01  4.5300E-06 -1.3411E-07
 8.0000E-02 3.0305E-01 -1.9400E-01  9.5367E-07 -1.1921E-07
 8.0000E-02 3.0408E-01 -1.9321E-01 -2.3842E-07  4.9174E-07
 8.0000E-02 3.0512E-01 -1.9255E-01  7.8678E-06 -1.9372E-07
 8.0000E-02 3.0616E-01 -1.9203E-01 -3.3379E-06  1.0431E-07
 8.0000E-02 3.0722E-01 -1.9163E-01  2.8610E-06 -3.1292E-07
 8.0000E-02 3.0828E-01 -1.9139E-01 -5.0068E-06  2.3842E-07
 8.0000E-02 3.0934E-01 -1.9132E-01 -2.3842E-07  7.5996E-07
 8.0000E-02 3.1042E-01 -1.9139E-01 -1.4305E-06 -6.1095E-07
 8.0000E-02 3.1150E-01 -1.9161E-01 -8.1062E-06 -1.1921E-07
 8.0000E-02 3.1259E-01 -1.9198E-01 -4.5300E-06 -7.0035E-07
 8.0000E-02 3.1368E-01 -1.9251E-01 -2.3842E-07  5.0664E-07
 8.0000E-02 3.1479E-01 -1.9321E-01 -8.3447E-06  2.9802E-08
 8.0000E-02 3.1590E-01 -1.9408E-01  2.3842E-06 -4.7684E-07
 8.0000E-02 3.1702E-01 -1.9513E-01 -6.9141E-06 -4.4703E-08
 8.0000E-02 3.1815E-01 -1.9622E-01  2.3842E-07 -4.0233E-07
 8.0000E-02 3.1929E-01 -1.9750E-01  4.7684E-06  8.9407E-08
 8.0000E-02 3.2043E-01 -1.9900E-01  6.6757E-06  3.5763E-07
 8.0000E-02 3.2158E-01 -2.0074E-01  5.0068E-06  1.6391E-07
 8.0000E-02 3.2274E-01 -2.0273E-01  5.4836E-06  2.9802E-07
 8.0000E-02 3.2391E-01 -2.0498E-01  2.1458E-06  8.9407E-08
 8.0000E-02 3.2509E-01 -2.0750E-01  5.2452E-06 -2.9802E-08
 8.0000E-02 3.2628E-01 -2.1031E-01  1.1921E-06  1.3411E-07
 8.0000E-02 3.2747E-01 -2.1366E-01 -5.4836E-06  1.0431E-07
 8.0000E-02 3.2868E-01 -2.1737E-01  5.0068E-06  2.9802E-08
 8.0000E-02 3.2989E-01 -2.2146E-01 -4.7684E-07  1.1921E-07
 8.0000E-02 3.3111E-01 -2.2593E-01  7.6294E-06 -1.0431E-07
 8.0000E-02 3.3234E-01 -2.3080E-01 -7.1526E-06 -1.1921E-07
 8.0000E-02 3.3358E-01 -2.3609E-01  4.7684E-07 -4.6194E-07
 8.0000E-02 3.3483E-01 -2.4181E-01 -2.6226E-06  3.1292E-07
 8.0000E-02 3.3609E-01 -2.4807E-01  9.5367E-07  7.4506E-08
 8.0000E-02 3.3736E-01 -2.5479E-01  7.1526E-07  1.1921E-07
 8.0000E-02 3.3864E-01 -2.6185E-01  5.0068E-06  3.5763E-07
 8.0000E-02 3.3992E-01 -2.6927E-01 -5.9605E-06  0.0000E+00
 8.0000E-02 3.4122E-01 -2.7703E-01 -1.1921E-06  3.2783E-07
 8.0000E-02 3.4253E-01 -2.8514E-01  4.5300E-06  1.5497E-06
 8.0000E-02 3.4385E-01 -2.9361E-01  4.7684E-06 -4.1723E-07
 8.0000E-02 3.4517E-01 -3.0232E-01  5.0068E-06  8.9407E-08
 8.0000E-02 3.4651E-01 -3.1113E-01 -1.9073E-06  2.9802E-07
 8.0000E-02 3.4786E-01 -3.2014E-01  1.1921E-06  1.1623E-06
 8.0000E-02 3.4922E-01 -3.2934E-01  4.7684E-07  1.1921E-06
 8.0000E-02 3.5059E-01 -3.3873E-01  6.1989E-06 -2.9802E-08
 8.0000E-02 3.5197E-01 -3.4830E-01  4.2915E-06 -1.4901E-07
 8.0000E-02 3.5336E-01 -3.5806E-01  9.5367E-07  8.9407E-08
 8.0000E-02 3.5476E-01 -3.6788E-01 -3.3379E-06 -5.6624E-07
 8.0000E-02 3.5618E-01 -3.7781E-01 -9.2983E-06  7.1526E-07
 8.0000E-02 3.5760E-01 -3.8786E-01  6.1989E-06  5.0664E-07
 8.0000E-02 3.5904E-01 -3.9804E-01  1.1921E-06 -3.8743E-07
 8.0000E-02 3.6048E-01 -4.0835E-01  7.1526E-07  2.6822E-07
 8.0000E-02 3.6194E-01 -4.1878E-01  4.7684E-07 -1.7881E-07
 8.0000E-02 3.6341E-01 -4.2936E-01 -6.9141E-06  1.4901E-07
 8.0000E-02 3.6490E-01 -4.4011E-01 -9.0599E-06 -2.9802E-08
 8.0000E-02 3.6639E-01 -4.5098E-01  5.0068E-06  2.0862E-07
 8.0000E-02 3.6790E-01 -4.6195E-01 -8.8215E-06  1.6689E-06
 8.0000E-02 3.6942E-01 -4.7304E-01 -2.1458E-06  1.1325E-06
 8.0000E-02 3.7095E-01 -4.8423E-01  2.3842E-06 -1.1623E-06
 8.0000E-02 3.7250E-01 -4.9556E-01 -1.4305E-06 -4.2021E-06
 8.0000E-02 3.7406E-01 -5.0701E-01 -2.6226E-06 -1.5497E-06
 8.0000E-02 3.7563E-01 -5.1850E-01 -4.5300E-06  2.6822E-06
 8.0000E-02 3.7722E-01 -5.3002E-01  1.5020E-05 -5.1856E-06
 8.0000E-02 3.7881E-01 -5.4159E-01  1.9073E-06 -8.2254E-06
 8.0000E-02 3.8043E-01 -5.5319E-01 -3.3379E-06 -7.7486E-07
 8.0000E-02 3.8205E-01 -5.6476E-01  2.8610E-06 -6.5565E-07
 8.0000E-02 3.8369E-01 -5.7622E-01 -5.0068E-06  7.7486E-07
 8.0000E-02 3.8534E-01 -5.8761E-01 -3.3379E-06 -1.3709E-06
 8.0000E-02 3.8701E-01 -5.9890E-01 -2.3842E-06 -6.5565E-07
 8.0000E-02 3.8870E-01 -6.1007E-01  2.2650E-05  1.6689E-06
 8.0000E-02 3.9039E-01 -6.2111E-01  1.1921E-05 -3.2783E-06
 8.0000E-02 3.9211E-01 -6.3187E-01  1.9312E-05  1.0371E-05
 8.0000E-02 3.9383E-01 -6.4242E-01 -7.1526E-07  1.6689E-06
 8.0000E-02 3.9558E-01 -6.5272E-01  9.5367E-07 -2.7418E-06
 8.0000E-02 3.9733E-01 -6.6271E-01  9.5367E-07  1.1325E-06
 8.0000E-02 3.9911E-01 -6.7236E-01  8.3447E-06 -7.1526E-06
 8.0000E-02 4.0090E-01 -6.8159E-01  1.0729E-05  8.2850E-06
 8.0000E-02 4.0270E-01 -6.9041E-01  1.4305E-06 -2.7418E-06
 8.0000E-02 4.0452E-01 -6.9875E-01  4.7684E-06 -3.2187E-06
 8.0000E-02 4.0636E-01 -7.0657E-01 -1.1921E-06  1.7881E-06
 8.0000E-02 4.0822E-01 -7.1377E-01  8.8215E-06 -2.9802E-07
 8.0000E-02 4.1009E-01 -7.2032E-01  1.7166E-05  5.6028E-06
 8.0000E-02 4.1198E-01 -7.2617E-01 -8.5831E-06 -1.0908E-05
 8.0000E-02 4.1389E-01 -7.3123E-01 -2.3842E-06 -1.6689E-06
 8.0000E-02 4.1581E-01 -7.3540E-01 -4.2915E-06 -6.5565E-07
 8.0000E-02 4.1776E-01 -7.3855E-01  6.6757E-06 -1.2517E-06
 8.0000E-02 4.1972E-01 -7.4062E-01 -1.9073E-06 -7.7486E-07
 8.0000E-02 4.2170E-01 -7.4146E-01 -1.2159E-05 -2.9802E-06
 8.0000E-02 4.2370E-01 -7.4093E-01 -3.0994E-06 -2.9206E-06
 8.0000E-02 4.2571E-01 -7.3885E-01  1.3351E-05  8.8215E-06
 8.0000E-02 4.2775E-01 -7.3507E-01 -3.3379E-06 -5.3644E-07
 8.0000E-02 4.2981E-01 -7.2954E-01  8.1062E-06  2.3246E-06
 8.0000E-02 4.3188E-01 -7.2219E-01  4.0531E-06  3.3975E-06
 8.0000E-02 4.3398E-01 -7.1299E-01  1.3351E-05  1.5497E-06
 8.0000E-02 4.3610E-01 -7.0199E-01 -5.2452E-06 -7.2718E-06
 8.0000E-02 4.3824E-01 -6.8933E-01 -4.1962E-05 -5.7220E-06
 8.0000E-02 4.4039E-01 -6.7513E-01 -1.0014E-05 -1.0788E-05
 8.0000E-02 4.4257E-01 -6.5943E-01  7.6294E-06  3.3975E-06
 8.0000E-02 4.4478E-01 -6.4225E-01 -5.2452E-06 -1.0967E-05
 8.0000E-02 4.4700E-01 -6.2356E-01 -1.4782E-05  2.0266E-06
 8.0000E-02 4.4925E-01 -6.0329E-01 -8.1062E-06 -3.0994E-06
 8.0000E-02 4.5152E-01 -5.8128E-01  4.7684E-06 -9.2983E-06
 8.0000E-02 4.5381E-01 -5.5751E-01 -1.8597E-05 -2.8014E-06
 8.0000E-02 4.5612E-01 -5.3200E-01  2.5749E-05  2.2650E-06
 8.0000E-02 4.5846E-01 -5.0495E-01  2.9564E-05  1.7881E-07
 8.0000E-02 4.6082E-01 -4.7660E-01  1.7643E-05 -1.0490E-05
 8.0000E-02 4.6321E-01 -4.4731E-01 -2.0981E-05  4.2021E-06
 8.0000E-02 4.6563E-01 -4.1753E-01  1.4782E-05 -7.0930E-06
 8.0000E-02 4.6806E-01 -3.8766E-01 -8.5831E-06 -1.8775E-06
 8.0000E-02 4.7053E-01 -3.5809E-01 -9.5367E-07  1.1623E-06
 8.0000E-02 4.7302E-01 -3.2911E-01  6.1989E-06  2.5332E-06
 8.0000E-02 4.7553E-01 -3.0082E-01  7.6294E-06  2.9504E-06
 8.0000E-02 4.7807E-01 -2.7314E-01  1.7166E-05  2.4736E-06
 8.0000E-02 4.8065E-01 -2.4586E-01 -6.1989E-06  6.8545E-07
 8.0000E-02 4.8324E-01 -2.1854E-01 -3.3379E-06 -1.8328E-06
 8.0000E-02 4.8587E-01 -1.9056E-01 -3.3379E-06  8.0466E-07
 8.0000E-02 4.8852E-01 -1.6132E-01  1.4305E-06 -1.7136E-06
 8.0000E-02 4.9121E-01 -1.3016E-01  8.1062E-06 -4.7684E-06
 8.0000E-02 4.9392E-01 -9.6478E-02 -1.6689E-05 -1.0408E-05
 8.0000E-02 4.9667E-01 -5.9940E-02  1.1921E-05  1.8142E-06
 8.0000E-02 4.9944E-01 -2.0348E-02  2.8610E-06 -2.2538E-07
 8.0000E-02 5.0225E-01  2.2200E-02  1.2875E-05 -1.0058E-06
 8.0000E-02 5.0508E-01  6.7229E-02 -5.7220E-06  4.6790E-06
 8.0000E-02 5.0795E-01  1.1417E-01 -2.8610E-06 -1.6175E-05
 8.0000E-02 5.1086E-01  1.6234E-01  3.1471E-05  7.0035E-06
 8.0000E-02 5.1379E-01  2.1088E-01 -3.3379E-06 -1.3098E-05
 8.0000E-02 5.1676E-01  2.5896E-01 -2.2888E-05  6.9439E-06
 8.0000E-02 5.1977E-01  3.0564E-01  0.0000E+00  1.2219E-06
 8.0000E-02 5.2281E-01  3.4975E-01 -4.1962E-05  9.6262E-06
 8.0000E-02 5.2588E-01  3.9030E-01  3.0518E-05  1.6361E-05
 8.0000E-02 5.2899E-01  4.2633E-01  1.9073E-05 -4.3213E-06
 8.0000E-02 5.3214E-01  4.5731E-01  6.6757E-05  8.4341E-06
 8.0000E-02 5.3533E-01  4.8275E-01 -4.7684E-05 -2.7776E-05
 8.0000E-02 5.3855E-01  5.0256E-01 -5.2452E-06 -5.3644E-07
 8.0000E-02 5.4182E-01  5.1718E-01 -4.5300E-05  8.4639E-06
 8.0000E-02 5.4512E-01  5.2739E-01 -7.4387E-05  3.7432E-05
 8.0000E-02 5.4847E-01  5.3425E-01 -8.1062E-06 -3.2783E-06
 8.0000E-02 5.5185E-01  5.3871E-01 -4.0531E-05 -1.0908E-05
 8.0000E-02 5.5528E-01  5.4154E-01 -1.0014E-05  1.8477E-06
 8.0000E-02 5.5875E-01  5.4321E-01  2.9087E-05 -2.5034E-06
 8.0000E-02 5.6226E-01  5.4394E-01 -4.2915E-06 -3.9339E-06
 8.0000E-02 5.6582E-01  5.4371E-01  8.1062E-06  3.4571E-06
 8.0000E-02 5.6943E-01  5.4238E-01  9.0599E-06  1.7285E-06
 8.0000E-02 5.7308E-01  5.3975E-01  2.5749E-05 -1.7881E-06
 8.0000E-02 5.7677E-01  5.3576E-01  4.2915E-06  3.1114E-05
 8.0000E-02 5.8052E-01  5.3049E-01  1.3351E-05  6.0797E-06
 8.0000E-02 5.8431E-01  5.2384E-01 -3.0994E-05  2.7180E-05
 8.0000E-02 5.8816E-01  5.1523E-01  4.3869E-05  2.9862E-05
 8.0000E-02 5.9205E-01  5.0358E-01  3.5286E-05 -2.8551E-05
 8.0000E-02 5.9600E-01  4.8795E-01 -4.0531E-05  2.0772E-05
 8.0000E-02 6.0000E-01  4.6796E-01 -6.3181E-05  3.0696E-06
