 DDSCAT --- DDSCAT 7.3.3 [22.01.20]   
 TARGET --->TARGSPHER  spherical target with explicit spacing                 
 PBCGS2 --- method of solution 
 FLTRCD --- prescription for polarizabilities
 FROM_FILE --- shape 
   24351 = NAT0 = number of dipoles
 ../diel/Pena26Au74Ag                                        
 ../diel/Au_evap                                             
  wave(um)   f(cm-1)     Re(m)     Im(m)     Re(eps)   Im(eps)
 3.0000E-01 3.3333E+04 1.051E+00 1.009E+00  8.701E-02 2.121E+00
 3.0101E-01 3.3221E+04 1.049E+00 1.005E+00  9.157E-02 2.108E+00
 3.0203E-01 3.3110E+04 1.047E+00 1.000E+00  9.551E-02 2.094E+00
 3.0305E-01 3.2998E+04 1.044E+00 9.956E-01  9.880E-02 2.079E+00
 3.0408E-01 3.2886E+04 1.041E+00 9.913E-01  1.014E-01 2.064E+00
 3.0512E-01 3.2774E+04 1.038E+00 9.869E-01  1.034E-01 2.049E+00
 3.0616E-01 3.2662E+04 1.035E+00 9.827E-01  1.047E-01 2.033E+00
 3.0722E-01 3.2550E+04 1.031E+00 9.785E-01  1.054E-01 2.017E+00
 3.0828E-01 3.2438E+04 1.027E+00 9.745E-01  1.052E-01 2.002E+00
 3.0934E-01 3.2327E+04 1.023E+00 9.710E-01  1.041E-01 1.987E+00
 3.1042E-01 3.2215E+04 1.019E+00 9.675E-01  1.026E-01 1.972E+00
 3.1150E-01 3.2103E+04 1.015E+00 9.640E-01  1.007E-01 1.957E+00
 3.1259E-01 3.1991E+04 1.011E+00 9.606E-01  9.837E-02 1.942E+00
 3.1368E-01 3.1879E+04 1.006E+00 9.573E-01  9.569E-02 1.926E+00
 3.1479E-01 3.1767E+04 1.001E+00 9.539E-01  9.261E-02 1.910E+00
 3.1590E-01 3.1655E+04 9.964E-01 9.506E-01  8.914E-02 1.894E+00
 3.1702E-01 3.1544E+04 9.913E-01 9.473E-01  8.527E-02 1.878E+00
 3.1815E-01 3.1432E+04 9.867E-01 9.437E-01  8.297E-02 1.862E+00
 3.1929E-01 3.1320E+04 9.818E-01 9.399E-01  8.053E-02 1.846E+00
 3.2043E-01 3.1208E+04 9.767E-01 9.361E-01  7.759E-02 1.828E+00
 3.2158E-01 3.1096E+04 9.712E-01 9.322E-01  7.415E-02 1.811E+00
 3.2274E-01 3.0984E+04 9.654E-01 9.283E-01  7.022E-02 1.792E+00
 3.2391E-01 3.0872E+04 9.593E-01 9.244E-01  6.578E-02 1.773E+00
 3.2509E-01 3.0761E+04 9.528E-01 9.204E-01  6.083E-02 1.754E+00
 3.2628E-01 3.0649E+04 9.461E-01 9.163E-01  5.539E-02 1.734E+00
 3.2747E-01 3.0537E+04 9.381E-01 9.116E-01  4.898E-02 1.710E+00
 3.2868E-01 3.0425E+04 9.296E-01 9.071E-01  4.140E-02 1.686E+00
 3.2989E-01 3.0313E+04 9.206E-01 9.027E-01  3.268E-02 1.662E+00
 3.3111E-01 3.0201E+04 9.112E-01 8.986E-01  2.280E-02 1.637E+00
 3.3234E-01 3.0089E+04 9.011E-01 8.946E-01  1.179E-02 1.612E+00
 3.3358E-01 2.9978E+04 8.906E-01 8.908E-01 -3.616E-04 1.587E+00
 3.3483E-01 2.9866E+04 8.795E-01 8.872E-01 -1.363E-02 1.561E+00
 3.3609E-01 2.9754E+04 8.677E-01 8.843E-01 -2.908E-02 1.535E+00
 3.3736E-01 2.9642E+04 8.552E-01 8.822E-01 -4.679E-02 1.509E+00
 3.3864E-01 2.9530E+04 8.424E-01 8.805E-01 -6.568E-02 1.484E+00
 3.3992E-01 2.9418E+04 8.293E-01 8.794E-01 -8.572E-02 1.459E+00
 3.4122E-01 2.9306E+04 8.157E-01 8.788E-01 -1.069E-01 1.434E+00
 3.4253E-01 2.9195E+04 8.018E-01 8.787E-01 -1.293E-01 1.409E+00
 3.4385E-01 2.9083E+04 7.875E-01 8.792E-01 -1.528E-01 1.385E+00
 3.4517E-01 2.8971E+04 7.729E-01 8.803E-01 -1.775E-01 1.361E+00
 3.4651E-01 2.8859E+04 7.584E-01 8.821E-01 -2.029E-01 1.338E+00
 3.4786E-01 2.8747E+04 7.438E-01 8.844E-01 -2.290E-01 1.316E+00
 3.4922E-01 2.8635E+04 7.291E-01 8.873E-01 -2.558E-01 1.294E+00
 3.5059E-01 2.8523E+04 7.142E-01 8.908E-01 -2.835E-01 1.272E+00
 3.5197E-01 2.8412E+04 6.992E-01 8.949E-01 -3.119E-01 1.251E+00
 3.5336E-01 2.8300E+04 6.841E-01 8.996E-01 -3.412E-01 1.231E+00
 3.5476E-01 2.8188E+04 6.690E-01 9.048E-01 -3.711E-01 1.211E+00
 3.5618E-01 2.8076E+04 6.539E-01 9.105E-01 -4.015E-01 1.191E+00
 3.5760E-01 2.7964E+04 6.389E-01 9.168E-01 -4.323E-01 1.171E+00
 3.5904E-01 2.7852E+04 6.239E-01 9.236E-01 -4.638E-01 1.152E+00
 3.6048E-01 2.7740E+04 6.089E-01 9.309E-01 -4.959E-01 1.134E+00
 3.6194E-01 2.7629E+04 5.940E-01 9.388E-01 -5.286E-01 1.115E+00
 3.6341E-01 2.7517E+04 5.791E-01 9.473E-01 -5.620E-01 1.097E+00
 3.6490E-01 2.7405E+04 5.644E-01 9.563E-01 -5.959E-01 1.079E+00
 3.6639E-01 2.7293E+04 5.498E-01 9.657E-01 -6.303E-01 1.062E+00
 3.6790E-01 2.7181E+04 5.354E-01 9.756E-01 -6.652E-01 1.045E+00
 3.6942E-01 2.7069E+04 5.211E-01 9.860E-01 -7.007E-01 1.028E+00
 3.7095E-01 2.6957E+04 5.069E-01 9.969E-01 -7.368E-01 1.011E+00
 3.7250E-01 2.6846E+04 4.930E-01 1.008E+00 -7.737E-01 9.941E-01
 3.7406E-01 2.6734E+04 4.792E-01 1.020E+00 -8.110E-01 9.777E-01
 3.7563E-01 2.6622E+04 4.657E-01 1.032E+00 -8.488E-01 9.615E-01
 3.7722E-01 2.6510E+04 4.524E-01 1.045E+00 -8.873E-01 9.455E-01
 3.7881E-01 2.6398E+04 4.393E-01 1.058E+00 -9.264E-01 9.296E-01
 3.8043E-01 2.6286E+04 4.265E-01 1.071E+00 -9.662E-01 9.140E-01
 3.8205E-01 2.6174E+04 4.139E-01 1.085E+00 -1.007E+00 8.985E-01
 3.8369E-01 2.6063E+04 4.016E-01 1.100E+00 -1.048E+00 8.832E-01
 3.8534E-01 2.5951E+04 3.895E-01 1.114E+00 -1.089E+00 8.680E-01
 3.8701E-01 2.5839E+04 3.777E-01 1.129E+00 -1.132E+00 8.529E-01
 3.8870E-01 2.5727E+04 3.662E-01 1.144E+00 -1.175E+00 8.380E-01
 3.9039E-01 2.5615E+04 3.550E-01 1.160E+00 -1.219E+00 8.233E-01
 3.9211E-01 2.5503E+04 3.440E-01 1.176E+00 -1.264E+00 8.088E-01
 3.9383E-01 2.5391E+04 3.333E-01 1.192E+00 -1.309E+00 7.943E-01
 3.9558E-01 2.5280E+04 3.228E-01 1.208E+00 -1.355E+00 7.800E-01
 3.9733E-01 2.5168E+04 3.127E-01 1.225E+00 -1.402E+00 7.659E-01
 3.9911E-01 2.5056E+04 3.028E-01 1.242E+00 -1.450E+00 7.520E-01
 4.0090E-01 2.4944E+04 2.932E-01 1.259E+00 -1.499E+00 7.382E-01
 4.0270E-01 2.4832E+04 2.839E-01 1.276E+00 -1.548E+00 7.246E-01
 4.0452E-01 2.4720E+04 2.748E-01 1.294E+00 -1.599E+00 7.111E-01
 4.0636E-01 2.4608E+04 2.660E-01 1.312E+00 -1.650E+00 6.979E-01
 4.0822E-01 2.4497E+04 2.575E-01 1.330E+00 -1.702E+00 6.849E-01
 4.1009E-01 2.4385E+04 2.493E-01 1.348E+00 -1.755E+00 6.721E-01
 4.1198E-01 2.4273E+04 2.413E-01 1.367E+00 -1.810E+00 6.596E-01
 4.1389E-01 2.4161E+04 2.336E-01 1.385E+00 -1.865E+00 6.473E-01
 4.1581E-01 2.4049E+04 2.262E-01 1.404E+00 -1.921E+00 6.354E-01
 4.1776E-01 2.3937E+04 2.191E-01 1.424E+00 -1.979E+00 6.238E-01
 4.1972E-01 2.3826E+04 2.123E-01 1.443E+00 -2.037E+00 6.126E-01
 4.2170E-01 2.3714E+04 2.058E-01 1.463E+00 -2.097E+00 6.018E-01
 4.2370E-01 2.3602E+04 1.995E-01 1.482E+00 -2.157E+00 5.915E-01
 4.2571E-01 2.3490E+04 1.936E-01 1.502E+00 -2.219E+00 5.817E-01
 4.2775E-01 2.3378E+04 1.881E-01 1.522E+00 -2.282E+00 5.725E-01
 4.2981E-01 2.3266E+04 1.828E-01 1.543E+00 -2.346E+00 5.640E-01
 4.3188E-01 2.3154E+04 1.779E-01 1.563E+00 -2.411E+00 5.561E-01
 4.3398E-01 2.3043E+04 1.733E-01 1.583E+00 -2.477E+00 5.488E-01
 4.3610E-01 2.2931E+04 1.691E-01 1.604E+00 -2.544E+00 5.424E-01
 4.3824E-01 2.2819E+04 1.652E-01 1.625E+00 -2.612E+00 5.368E-01
 4.4039E-01 2.2707E+04 1.616E-01 1.645E+00 -2.681E+00 5.319E-01
 4.4257E-01 2.2595E+04 1.584E-01 1.666E+00 -2.750E+00 5.277E-01
 4.4478E-01 2.2483E+04 1.554E-01 1.687E+00 -2.820E+00 5.243E-01
 4.4700E-01 2.2371E+04 1.528E-01 1.707E+00 -2.891E+00 5.217E-01
 4.4925E-01 2.2260E+04 1.504E-01 1.728E+00 -2.963E+00 5.196E-01
 4.5152E-01 2.2148E+04 1.482E-01 1.749E+00 -3.036E+00 5.182E-01
 4.5381E-01 2.2036E+04 1.462E-01 1.769E+00 -3.109E+00 5.174E-01
 4.5612E-01 2.1924E+04 1.445E-01 1.790E+00 -3.182E+00 5.172E-01
 4.5846E-01 2.1812E+04 1.429E-01 1.810E+00 -3.257E+00 5.174E-01
 4.6082E-01 2.1700E+04 1.415E-01 1.831E+00 -3.332E+00 5.181E-01
 4.6321E-01 2.1588E+04 1.403E-01 1.851E+00 -3.407E+00 5.193E-01
 4.6563E-01 2.1477E+04 1.391E-01 1.872E+00 -3.484E+00 5.209E-01
 4.6806E-01 2.1365E+04 1.381E-01 1.892E+00 -3.561E+00 5.228E-01
 4.7053E-01 2.1253E+04 1.373E-01 1.913E+00 -3.639E+00 5.251E-01
 4.7302E-01 2.1141E+04 1.365E-01 1.933E+00 -3.718E+00 5.278E-01
 4.7553E-01 2.1029E+04 1.358E-01 1.953E+00 -3.798E+00 5.307E-01
 4.7807E-01 2.0917E+04 1.353E-01 1.974E+00 -3.878E+00 5.340E-01
 4.8065E-01 2.0805E+04 1.348E-01 1.994E+00 -3.960E+00 5.376E-01
 4.8324E-01 2.0694E+04 1.344E-01 2.015E+00 -4.042E+00 5.415E-01
 4.8587E-01 2.0582E+04 1.340E-01 2.036E+00 -4.126E+00 5.456E-01
 4.8852E-01 2.0470E+04 1.338E-01 2.056E+00 -4.210E+00 5.501E-01
 4.9121E-01 2.0358E+04 1.336E-01 2.077E+00 -4.295E+00 5.548E-01
 4.9392E-01 2.0246E+04 1.334E-01 2.098E+00 -4.382E+00 5.598E-01
 4.9667E-01 2.0134E+04 1.334E-01 2.118E+00 -4.470E+00 5.650E-01
 4.9944E-01 2.0022E+04 1.334E-01 2.139E+00 -4.558E+00 5.705E-01
 5.0225E-01 1.9911E+04 1.334E-01 2.160E+00 -4.648E+00 5.763E-01
 5.0508E-01 1.9799E+04 1.335E-01 2.181E+00 -4.739E+00 5.823E-01
 5.0795E-01 1.9687E+04 1.336E-01 2.202E+00 -4.832E+00 5.886E-01
 5.1086E-01 1.9575E+04 1.338E-01 2.223E+00 -4.926E+00 5.952E-01
 5.1379E-01 1.9463E+04 1.341E-01 2.245E+00 -5.021E+00 6.020E-01
 5.1676E-01 1.9351E+04 1.344E-01 2.266E+00 -5.117E+00 6.091E-01
 5.1977E-01 1.9239E+04 1.347E-01 2.288E+00 -5.215E+00 6.165E-01
 5.2281E-01 1.9128E+04 1.351E-01 2.309E+00 -5.314E+00 6.241E-01
 5.2588E-01 1.9016E+04 1.356E-01 2.331E+00 -5.415E+00 6.320E-01
 5.2899E-01 1.8904E+04 1.360E-01 2.353E+00 -5.518E+00 6.401E-01
 5.3214E-01 1.8792E+04 1.366E-01 2.375E+00 -5.622E+00 6.486E-01
 5.3533E-01 1.8680E+04 1.371E-01 2.397E+00 -5.727E+00 6.573E-01
 5.3855E-01 1.8568E+04 1.377E-01 2.419E+00 -5.834E+00 6.664E-01
 5.4182E-01 1.8456E+04 1.384E-01 2.442E+00 -5.943E+00 6.757E-01
 5.4512E-01 1.8345E+04 1.390E-01 2.464E+00 -6.054E+00 6.853E-01
 5.4847E-01 1.8233E+04 1.398E-01 2.487E+00 -6.167E+00 6.952E-01
 5.5185E-01 1.8121E+04 1.405E-01 2.510E+00 -6.281E+00 7.055E-01
 5.5528E-01 1.8009E+04 1.413E-01 2.533E+00 -6.397E+00 7.161E-01
 5.5875E-01 1.7897E+04 1.422E-01 2.557E+00 -6.516E+00 7.269E-01
 5.6226E-01 1.7785E+04 1.431E-01 2.580E+00 -6.636E+00 7.382E-01
 5.6582E-01 1.7673E+04 1.440E-01 2.604E+00 -6.758E+00 7.498E-01
 5.6943E-01 1.7562E+04 1.449E-01 2.628E+00 -6.883E+00 7.617E-01
 5.7308E-01 1.7450E+04 1.459E-01 2.652E+00 -7.010E+00 7.740E-01
 5.7677E-01 1.7338E+04 1.470E-01 2.676E+00 -7.139E+00 7.866E-01
 5.8052E-01 1.7226E+04 1.481E-01 2.700E+00 -7.270E+00 7.997E-01
 5.8431E-01 1.7114E+04 1.492E-01 2.725E+00 -7.404E+00 8.131E-01
 5.8816E-01 1.7002E+04 1.504E-01 2.750E+00 -7.540E+00 8.270E-01
 5.9205E-01 1.6890E+04 1.516E-01 2.775E+00 -7.678E+00 8.412E-01
 5.9600E-01 1.6779E+04 1.528E-01 2.801E+00 -7.820E+00 8.559E-01
 6.0000E-01 1.6667E+04 1.541E-01 2.826E+00 -7.964E+00 8.711E-01
