 DDSCAT --- DDSCAT 7.3.3 [22.01.20]   
 TARGET --->TARGSPHER  spherical target with explicit spacing                 
 GPFAFT --- method of solution 
 FLTRCD --- prescription for polarizabilities
 FROM_FILE --- shape 
   24351 = NAT0 = number of dipoles
 ../diel/Pena26Au74Ag                                        
 ../diel/Au_evap                                             
   0.000   0.000 = beta_min, beta_max ;  NBETA = 1
   0.000   0.000 = theta_min, theta_max; NTHETA= 1
   0.000   0.000 = phi_min, phi_max   ;   NPHI = 1
 Results averaged over    1 target orientations
                   and  2 incident polarizations
   aeff       wave       Q_pha       Q_pol       Q_cpol
 2.4619E-01 3.0000E-01 -2.1019E-01 -3.0994E-06 -3.4273E-07
 2.4619E-01 3.0101E-01 -2.1021E-01  0.0000E+00 -2.3097E-06
 2.4619E-01 3.0203E-01 -2.1037E-01 -1.6689E-06 -5.0664E-07
 2.4619E-01 3.0305E-01 -2.1056E-01 -2.8610E-06  1.2070E-06
 2.4619E-01 3.0408E-01 -2.1079E-01  4.5300E-06 -1.4603E-06
 2.4619E-01 3.0512E-01 -2.1106E-01 -2.3842E-06  7.5996E-07
 2.4619E-01 3.0616E-01 -2.1137E-01 -8.1062E-06  1.1176E-06
 2.4619E-01 3.0722E-01 -2.1172E-01 -8.5831E-06 -6.2585E-07
 2.4619E-01 3.0828E-01 -2.1212E-01 -2.8610E-06  2.3842E-07
 2.4619E-01 3.0934E-01 -2.1257E-01  8.3447E-06  4.3213E-07
 2.4619E-01 3.1042E-01 -2.1305E-01  4.2915E-06  1.7583E-06
 2.4619E-01 3.1150E-01 -2.1345E-01 -4.7684E-06  1.0878E-06
 2.4619E-01 3.1259E-01 -2.1386E-01 -5.9605E-06 -7.3016E-07
 2.4619E-01 3.1368E-01 -2.1432E-01  8.3447E-06  1.0282E-06
 2.4619E-01 3.1479E-01 -2.1483E-01 -2.1458E-06 -1.4305E-06
 2.4619E-01 3.1590E-01 -2.1539E-01  9.7752E-06 -5.6624E-07
 2.4619E-01 3.1702E-01 -2.1601E-01 -8.8215E-06 -5.3644E-07
 2.4619E-01 3.1815E-01 -2.1657E-01 -6.4373E-06  2.0266E-06
 2.4619E-01 3.1929E-01 -2.1718E-01  9.7752E-06  2.6822E-07
 2.4619E-01 3.2043E-01 -2.1787E-01  7.3910E-06 -1.1027E-06
 2.4619E-01 3.2158E-01 -2.1885E-01  1.2398E-05  1.2368E-06
 2.4619E-01 3.2274E-01 -2.1989E-01 -5.0068E-06 -1.0431E-06
 2.4619E-01 3.2391E-01 -2.2099E-01 -6.6757E-06 -1.3858E-06
 2.4619E-01 3.2509E-01 -2.2217E-01 -9.7752E-06 -4.9174E-07
 2.4619E-01 3.2628E-01 -2.2341E-01  3.3379E-06  7.4506E-07
 2.4619E-01 3.2747E-01 -2.2481E-01 -1.8597E-05 -2.6822E-07
 2.4619E-01 3.2868E-01 -2.2634E-01  7.1526E-06 -2.2352E-07
 2.4619E-01 3.2989E-01 -2.2799E-01  3.0994E-06 -7.7486E-07
 2.4619E-01 3.3111E-01 -2.2978E-01 -1.8358E-05  2.6822E-07
 2.4619E-01 3.3234E-01 -2.3160E-01 -3.0994E-06 -1.1921E-07
 2.4619E-01 3.3358E-01 -2.3349E-01 -8.1062E-06 -2.8312E-07
 2.4619E-01 3.3483E-01 -2.3552E-01  2.1458E-06 -8.9407E-08
 2.4619E-01 3.3609E-01 -2.3776E-01 -4.2915E-06  5.8115E-07
 2.4619E-01 3.3736E-01 -2.4019E-01 -8.5831E-06 -5.9605E-07
 2.4619E-01 3.3864E-01 -2.4277E-01  2.3842E-06  5.9605E-07
 2.4619E-01 3.3992E-01 -2.4549E-01 -1.4305E-05 -7.4506E-08
 2.4619E-01 3.4122E-01 -2.4835E-01  6.4373E-06  2.5332E-07
 2.4619E-01 3.4253E-01 -2.5136E-01  7.3910E-06  3.8743E-07
 2.4619E-01 3.4385E-01 -2.5452E-01  1.0014E-05  1.4901E-07
 2.4619E-01 3.4517E-01 -2.5782E-01 -1.9073E-06 -2.9802E-07
 2.4619E-01 3.4651E-01 -2.6122E-01  7.3910E-06  6.2585E-07
 2.4619E-01 3.4786E-01 -2.6472E-01  1.0252E-05  1.2815E-06
 2.4619E-01 3.4922E-01 -2.6832E-01  2.0504E-05  6.2585E-07
 2.4619E-01 3.5059E-01 -2.7203E-01  5.4836E-06  3.5763E-07
 2.4619E-01 3.5197E-01 -2.7583E-01 -3.0994E-06 -4.4703E-07
 2.4619E-01 3.5336E-01 -2.7973E-01  1.8120E-05  4.7684E-07
 2.4619E-01 3.5476E-01 -2.8370E-01  1.9073E-06  2.3842E-06
 2.4619E-01 3.5618E-01 -2.8772E-01 -1.3113E-05  5.9605E-08
 2.4619E-01 3.5760E-01 -2.9179E-01  1.9073E-05 -9.2387E-07
 2.4619E-01 3.5904E-01 -2.9590E-01 -1.2636E-05  1.0133E-06
 2.4619E-01 3.6048E-01 -3.0005E-01  2.1458E-06 -8.9407E-08
 2.4619E-01 3.6194E-01 -3.0424E-01  5.7220E-06 -1.0729E-06
 2.4619E-01 3.6341E-01 -3.0847E-01 -7.3910E-06 -3.8743E-07
 2.4619E-01 3.6490E-01 -3.1269E-01 -6.6757E-06 -2.9802E-08
 2.4619E-01 3.6639E-01 -3.1691E-01  1.9550E-05  1.4603E-06
 2.4619E-01 3.6790E-01 -3.2114E-01 -5.2452E-06  1.2815E-06
 2.4619E-01 3.6942E-01 -3.2536E-01 -1.2875E-05 -5.9605E-08
 2.4619E-01 3.7095E-01 -3.2957E-01 -1.7405E-05 -1.1623E-06
 2.4619E-01 3.7250E-01 -3.3378E-01 -1.9073E-06  2.1160E-06
 2.4619E-01 3.7406E-01 -3.3796E-01  3.3379E-06 -1.5795E-06
 2.4619E-01 3.7563E-01 -3.4213E-01  2.6226E-06  3.4273E-06
 2.4619E-01 3.7722E-01 -3.4627E-01 -4.7684E-06  1.7881E-06
 2.4619E-01 3.7881E-01 -3.5039E-01  5.7220E-06 -8.0466E-07
 2.4619E-01 3.8043E-01 -3.5447E-01 -7.1526E-07 -1.2219E-06
 2.4619E-01 3.8205E-01 -3.5852E-01  7.1526E-06 -2.9802E-07
 2.4619E-01 3.8369E-01 -3.6253E-01 -1.4544E-05  1.5497E-06
 2.4619E-01 3.8534E-01 -3.6650E-01  7.1526E-06 -2.7418E-06
 2.4619E-01 3.8701E-01 -3.7041E-01  1.1921E-05 -8.0466E-07
 2.4619E-01 3.8870E-01 -3.7426E-01  6.4373E-06 -9.8348E-07
 2.4619E-01 3.9039E-01 -3.7803E-01  2.4319E-05  5.6624E-07
 2.4619E-01 3.9211E-01 -3.8171E-01 -1.1921E-06  9.5367E-07
 2.4619E-01 3.9383E-01 -3.8530E-01 -6.1989E-06 -1.9670E-06
 2.4619E-01 3.9558E-01 -3.8878E-01  4.5300E-06 -4.4703E-07
 2.4619E-01 3.9733E-01 -3.9213E-01 -5.2452E-06  1.1921E-07
 2.4619E-01 3.9911E-01 -3.9533E-01 -1.7166E-05  1.7881E-07
 2.4619E-01 4.0090E-01 -3.9838E-01 -1.3590E-05  3.8743E-07
 2.4619E-01 4.0270E-01 -4.0124E-01  0.0000E+00 -1.0431E-06
 2.4619E-01 4.0452E-01 -4.0391E-01  2.8610E-06 -5.3644E-07
 2.4619E-01 4.0636E-01 -4.0634E-01 -1.9789E-05 -1.8179E-06
 2.4619E-01 4.0822E-01 -4.0852E-01 -4.7684E-06  4.4703E-07
 2.4619E-01 4.1009E-01 -4.1041E-01  0.0000E+00 -2.3842E-07
 2.4619E-01 4.1198E-01 -4.1199E-01 -2.8610E-06 -4.1723E-07
 2.4619E-01 4.1389E-01 -4.1322E-01 -9.2983E-06 -8.9407E-08
 2.4619E-01 4.1581E-01 -4.1404E-01 -7.3910E-06 -3.2783E-07
 2.4619E-01 4.1776E-01 -4.1443E-01 -8.1062E-06 -1.1921E-07
 2.4619E-01 4.1972E-01 -4.1435E-01 -3.5763E-06 -2.0862E-07
 2.4619E-01 4.2170E-01 -4.1377E-01  3.3379E-06 -4.1723E-07
 2.4619E-01 4.2370E-01 -4.1266E-01 -2.3842E-07  7.1526E-07
 2.4619E-01 4.2571E-01 -4.1103E-01  3.5763E-06  8.6427E-07
 2.4619E-01 4.2775E-01 -4.0891E-01  9.0599E-06  2.3842E-07
 2.4619E-01 4.2981E-01 -4.0638E-01  2.6226E-06  5.6624E-07
 2.4619E-01 4.3188E-01 -4.0357E-01 -2.6226E-06  1.0729E-06
 2.4619E-01 4.3398E-01 -4.0057E-01  8.1062E-06  4.7684E-07
 2.4619E-01 4.3610E-01 -3.9747E-01 -4.2915E-06  6.5565E-07
 2.4619E-01 4.3824E-01 -3.9433E-01 -1.1921E-06 -4.7684E-07
 2.4619E-01 4.4039E-01 -3.9122E-01  1.1444E-05  8.9407E-08
 2.4619E-01 4.4257E-01 -3.8809E-01  1.6689E-06  1.4901E-07
 2.4619E-01 4.4478E-01 -3.8491E-01 -3.5763E-06  2.6822E-07
 2.4619E-01 4.4700E-01 -3.8160E-01 -2.1458E-06 -7.1526E-07
 2.4619E-01 4.4925E-01 -3.7809E-01  2.8610E-06  8.9407E-07
 2.4619E-01 4.5152E-01 -3.7423E-01 -3.0994E-06 -2.9802E-07
 2.4619E-01 4.5381E-01 -3.6990E-01  2.6226E-06 -1.7881E-07
 2.4619E-01 4.5612E-01 -3.6508E-01 -5.7220E-06 -3.5763E-07
 2.4619E-01 4.5846E-01 -3.5973E-01  3.8147E-06  1.7881E-06
 2.4619E-01 4.6082E-01 -3.5387E-01 -5.2452E-06  1.2815E-06
 2.4619E-01 4.6321E-01 -3.4751E-01 -4.2915E-06  4.4703E-07
 2.4619E-01 4.6563E-01 -3.4073E-01 -2.6226E-06 -1.4305E-06
 2.4619E-01 4.6806E-01 -3.3363E-01  2.6226E-06  1.7881E-07
 2.4619E-01 4.7053E-01 -3.2633E-01 -1.0967E-05 -7.7486E-07
 2.4619E-01 4.7302E-01 -3.1909E-01  1.4305E-06  2.6822E-07
 2.4619E-01 4.7553E-01 -3.1207E-01  0.0000E+00  5.0664E-07
 2.4619E-01 4.7807E-01 -3.0538E-01  2.2173E-05  1.4901E-06
 2.4619E-01 4.8065E-01 -2.9913E-01  7.3910E-06  7.7486E-07
 2.4619E-01 4.8324E-01 -2.9345E-01  2.1696E-05 -8.0466E-07
 2.4619E-01 4.8587E-01 -2.8837E-01 -8.3447E-06 -7.4506E-07
 2.4619E-01 4.8852E-01 -2.8393E-01 -3.8147E-06 -1.1325E-06
 2.4619E-01 4.9121E-01 -2.8009E-01  7.1526E-06 -5.9605E-07
 2.4619E-01 4.9392E-01 -2.7680E-01  1.7643E-05 -5.9605E-08
 2.4619E-01 4.9667E-01 -2.7421E-01 -1.9073E-05  8.6427E-07
 2.4619E-01 4.9944E-01 -2.7243E-01  1.4544E-05 -4.4703E-07
 2.4619E-01 5.0225E-01 -2.7080E-01  6.9141E-06 -2.1756E-06
 2.4619E-01 5.0508E-01 -2.6923E-01  8.1062E-06 -6.8545E-07
 2.4619E-01 5.0795E-01 -2.6762E-01 -9.7752E-06 -1.7881E-07
 2.4619E-01 5.1086E-01 -2.6585E-01  1.2875E-05 -8.9407E-08
 2.4619E-01 5.1379E-01 -2.6375E-01  1.1206E-05 -8.6427E-07
 2.4619E-01 5.1676E-01 -2.6110E-01  1.0252E-05 -2.1756E-06
 2.4619E-01 5.1977E-01 -2.5764E-01 -7.1526E-07  1.4901E-07
 2.4619E-01 5.2281E-01 -2.5200E-01 -7.1526E-07  6.5565E-07
 2.4619E-01 5.2588E-01 -2.4490E-01  5.4836E-06 -1.6391E-07
 2.4619E-01 5.2899E-01 -2.3725E-01 -1.0490E-05 -7.3016E-07
 2.4619E-01 5.3214E-01 -2.2927E-01 -1.5497E-05 -1.1921E-06
 2.4619E-01 5.3533E-01 -2.2117E-01 -1.9789E-05  7.8976E-07
 2.4619E-01 5.3855E-01 -2.1316E-01  1.5259E-05 -8.6427E-07
 2.4619E-01 5.4182E-01 -2.0540E-01 -3.0994E-06 -8.0466E-07
 2.4619E-01 5.4512E-01 -1.9795E-01 -3.0994E-06 -1.7732E-06
 2.4619E-01 5.4847E-01 -1.9080E-01  0.0000E+00  1.2219E-06
 2.4619E-01 5.5185E-01 -1.8429E-01  1.3113E-05  2.3842E-07
 2.4619E-01 5.5528E-01 -1.7787E-01 -1.1444E-05  4.4703E-08
 2.4619E-01 5.5875E-01 -1.7133E-01  7.8678E-06  4.0233E-07
 2.4619E-01 5.6226E-01 -1.6440E-01 -1.6689E-06  2.5332E-07
 2.4619E-01 5.6582E-01 -1.5677E-01  2.7180E-05 -4.3213E-07
 2.4619E-01 5.6943E-01 -1.4809E-01 -3.3379E-06 -2.9802E-08
 2.4619E-01 5.7308E-01 -1.3801E-01  1.4067E-05  1.1921E-06
 2.4619E-01 5.7677E-01 -1.2624E-01 -1.2875E-05 -6.1095E-07
 2.4619E-01 5.8052E-01 -1.1249E-01  5.4836E-06  9.3877E-07
 2.4619E-01 5.8431E-01 -9.6349E-02 -4.2915E-06  1.3858E-06
 2.4619E-01 5.8816E-01 -7.7587E-02  4.5300E-06 -4.4703E-07
 2.4619E-01 5.9205E-01 -5.6100E-02 -2.8610E-05  5.7742E-07
 2.4619E-01 5.9600E-01 -3.1805E-02  7.1526E-07 -7.8231E-07
 2.4619E-01 6.0000E-01 -4.8229E-03 -1.1206E-05 -9.8534E-07
