 DDSCAT --- DDSCAT 7.3.3 [22.01.20]   
 TARGET --->TARGSPHER  spherical target with explicit spacing                 
 GPFAFT --- method of solution 
 GKDLDR --- prescription for polarizabilities
 FROM_FILE --- shape 
    4169 = NAT0 = number of dipoles
 ../../diel/Pena-Rioux_dielectric_26Au_74Ag                  
 ../../diel/Pena-Rioux_dielectric_34Au_66Ag                  
 ../../diel/Pena-Rioux_dielectric_76Au_24Ag                  
 ../../diel/Pena-Rioux_dielectric_92Au_8Ag                   
   0.000   0.000 = beta_min, beta_max ;  NBETA = 1
   0.000   0.000 = theta_min, theta_max; NTHETA= 1
   0.000   0.000 = phi_min, phi_max   ;   NPHI = 1
 0.5000 = ETASCA (param. controlling # of scatt. dirs used to calculate <cos> etc.
 Results averaged over    1 target orientations
                   and  2 incident polarizations
   aeff       wave       Q_ext     Q_abs      Q_sca     g(1)=<cos>  <cos^2>    Q_bk       Nsca
 4.0000E-02 3.0000E-01 2.4862E+00 1.7532E+00 7.3301E-01  2.5217E-01 4.1500E-01 3.7686E-02   408
 4.0000E-02 3.0101E-01 2.4768E+00 1.7514E+00 7.2542E-01  2.5033E-01 4.1480E-01 3.7634E-02   408
 4.0000E-02 3.0203E-01 2.4673E+00 1.7495E+00 7.1780E-01  2.4849E-01 4.1460E-01 3.7572E-02   408
 4.0000E-02 3.0305E-01 2.4576E+00 1.7475E+00 7.1013E-01  2.4665E-01 4.1441E-01 3.7500E-02   408
 4.0000E-02 3.0408E-01 2.4478E+00 1.7454E+00 7.0244E-01  2.4481E-01 4.1421E-01 3.7420E-02   408
 4.0000E-02 3.0512E-01 2.4379E+00 1.7432E+00 6.9471E-01  2.4297E-01 4.1402E-01 3.7330E-02   408
 4.0000E-02 3.0616E-01 2.4278E+00 1.7408E+00 6.8696E-01  2.4113E-01 4.1383E-01 3.7231E-02   408
 4.0000E-02 3.0722E-01 2.4175E+00 1.7384E+00 6.7917E-01  2.3928E-01 4.1364E-01 3.7124E-02   408
 4.0000E-02 3.0828E-01 2.4073E+00 1.7358E+00 6.7143E-01  2.3743E-01 4.1345E-01 3.7013E-02   408
 4.0000E-02 3.0934E-01 2.3974E+00 1.7334E+00 6.6402E-01  2.3554E-01 4.1327E-01 3.6917E-02   408
 4.0000E-02 3.1042E-01 2.3875E+00 1.7309E+00 6.5660E-01  2.3365E-01 4.1308E-01 3.6814E-02   408
 4.0000E-02 3.1150E-01 2.3774E+00 1.7282E+00 6.4919E-01  2.3175E-01 4.1289E-01 3.6705E-02   408
 4.0000E-02 3.1259E-01 2.3673E+00 1.7255E+00 6.4181E-01  2.2985E-01 4.1271E-01 3.6591E-02   408
 4.0000E-02 3.1368E-01 2.3571E+00 1.7227E+00 6.3443E-01  2.2794E-01 4.1252E-01 3.6470E-02   408
 4.0000E-02 3.1479E-01 2.3468E+00 1.7198E+00 6.2708E-01  2.2613E-01 4.1249E-01 3.6344E-02   362
 4.0000E-02 3.1590E-01 2.3365E+00 1.7168E+00 6.1974E-01  2.2421E-01 4.1231E-01 3.6213E-02   362
 4.0000E-02 3.1702E-01 2.3260E+00 1.7136E+00 6.1242E-01  2.2228E-01 4.1213E-01 3.6076E-02   363
 4.0000E-02 3.1815E-01 2.3151E+00 1.7102E+00 6.0490E-01  2.2035E-01 4.1196E-01 3.5921E-02   363
 4.0000E-02 3.1929E-01 2.3040E+00 1.7067E+00 5.9737E-01  2.1842E-01 4.1178E-01 3.5757E-02   363
 4.0000E-02 3.2043E-01 2.2929E+00 1.7030E+00 5.8987E-01  2.1650E-01 4.1161E-01 3.5587E-02   363
 4.0000E-02 3.2158E-01 2.2816E+00 1.6992E+00 5.8240E-01  2.1457E-01 4.1144E-01 3.5411E-02   363
 4.0000E-02 3.2274E-01 2.2703E+00 1.6953E+00 5.7497E-01  2.1264E-01 4.1127E-01 3.5230E-02   363
 4.0000E-02 3.2391E-01 2.2588E+00 1.6912E+00 5.6759E-01  2.1071E-01 4.1110E-01 3.5044E-02   363
 4.0000E-02 3.2509E-01 2.2473E+00 1.6871E+00 5.6027E-01  2.0877E-01 4.1094E-01 3.4853E-02   363
 4.0000E-02 3.2628E-01 2.2357E+00 1.6827E+00 5.5299E-01  2.0684E-01 4.1077E-01 3.4659E-02   363
 4.0000E-02 3.2747E-01 2.2234E+00 1.6779E+00 5.4548E-01  2.0494E-01 4.1061E-01 3.4437E-02   363
 4.0000E-02 3.2868E-01 2.2113E+00 1.6731E+00 5.3823E-01  2.0304E-01 4.1045E-01 3.4225E-02   363
 4.0000E-02 3.2989E-01 2.1996E+00 1.6683E+00 5.3127E-01  2.0113E-01 4.1030E-01 3.4023E-02   363
 4.0000E-02 3.3111E-01 2.1882E+00 1.6636E+00 5.2461E-01  1.9921E-01 4.1014E-01 3.3835E-02   363
 4.0000E-02 3.3234E-01 2.1771E+00 1.6588E+00 5.1827E-01  1.9729E-01 4.0998E-01 3.3660E-02   363
 4.0000E-02 3.3358E-01 2.1663E+00 1.6541E+00 5.1226E-01  1.9537E-01 4.0983E-01 3.3502E-02   363
 4.0000E-02 3.3483E-01 2.1560E+00 1.6494E+00 5.0660E-01  1.9344E-01 4.0967E-01 3.3360E-02   363
 4.0000E-02 3.3609E-01 2.1467E+00 1.6450E+00 5.0162E-01  1.9150E-01 4.0952E-01 3.3259E-02   363
 4.0000E-02 3.3736E-01 2.1387E+00 1.6412E+00 4.9749E-01  1.8953E-01 4.0936E-01 3.3211E-02   363
 4.0000E-02 3.3864E-01 2.1316E+00 1.6377E+00 4.9390E-01  1.8755E-01 4.0920E-01 3.3196E-02   363
 4.0000E-02 3.3992E-01 2.1253E+00 1.6344E+00 4.9088E-01  1.8556E-01 4.0904E-01 3.3218E-02   363
 4.0000E-02 3.4122E-01 2.1199E+00 1.6315E+00 4.8846E-01  1.8356E-01 4.0888E-01 3.3277E-02   363
 4.0000E-02 3.4253E-01 2.1155E+00 1.6289E+00 4.8665E-01  1.8155E-01 4.0872E-01 3.3377E-02   363
 4.0000E-02 3.4385E-01 2.1120E+00 1.6266E+00 4.8547E-01  1.7954E-01 4.0856E-01 3.3519E-02   363
 4.0000E-02 3.4517E-01 2.1098E+00 1.6248E+00 4.8499E-01  1.7751E-01 4.0841E-01 3.3708E-02   363
 4.0000E-02 3.4651E-01 2.1087E+00 1.6235E+00 4.8519E-01  1.7548E-01 4.0825E-01 3.3945E-02   363
 4.0000E-02 3.4786E-01 2.1086E+00 1.6226E+00 4.8598E-01  1.7345E-01 4.0809E-01 3.4224E-02   363
 4.0000E-02 3.4922E-01 2.1095E+00 1.6221E+00 4.8738E-01  1.7142E-01 4.0793E-01 3.4548E-02   363
 4.0000E-02 3.5059E-01 2.1114E+00 1.6220E+00 4.8940E-01  1.6938E-01 4.0777E-01 3.4917E-02   363
 4.0000E-02 3.5197E-01 2.1144E+00 1.6224E+00 4.9208E-01  1.6734E-01 4.0762E-01 3.5334E-02   363
 4.0000E-02 3.5336E-01 2.1186E+00 1.6231E+00 4.9543E-01  1.6530E-01 4.0746E-01 3.5803E-02   363
 4.0000E-02 3.5476E-01 2.1236E+00 1.6243E+00 4.9934E-01  1.6326E-01 4.0731E-01 3.6314E-02   363
 4.0000E-02 3.5618E-01 2.1296E+00 1.6258E+00 5.0381E-01  1.6123E-01 4.0715E-01 3.6871E-02   363
 4.0000E-02 3.5760E-01 2.1367E+00 1.6278E+00 5.0891E-01  1.5920E-01 4.0700E-01 3.7477E-02   363
 4.0000E-02 3.5904E-01 2.1448E+00 1.6301E+00 5.1464E-01  1.5718E-01 4.0685E-01 3.8134E-02   363
 4.0000E-02 3.6048E-01 2.1540E+00 1.6329E+00 5.2106E-01  1.5516E-01 4.0670E-01 3.8846E-02   363
 4.0000E-02 3.6194E-01 2.1643E+00 1.6362E+00 5.2816E-01  1.5315E-01 4.0655E-01 3.9614E-02   363
 4.0000E-02 3.6341E-01 2.1759E+00 1.6399E+00 5.3600E-01  1.5115E-01 4.0640E-01 4.0444E-02   363
 4.0000E-02 3.6490E-01 2.1885E+00 1.6439E+00 5.4452E-01  1.4915E-01 4.0626E-01 4.1331E-02   363
 4.0000E-02 3.6639E-01 2.2023E+00 1.6485E+00 5.5379E-01  1.4717E-01 4.0611E-01 4.2281E-02   363
 4.0000E-02 3.6790E-01 2.2174E+00 1.6536E+00 5.6386E-01  1.4520E-01 4.0597E-01 4.3299E-02   363
 4.0000E-02 3.6942E-01 2.2340E+00 1.6592E+00 5.7479E-01  1.4324E-01 4.0583E-01 4.4389E-02   363
 4.0000E-02 3.7095E-01 2.2520E+00 1.6654E+00 5.8661E-01  1.4130E-01 4.0569E-01 4.5555E-02   363
 4.0000E-02 3.7250E-01 2.2717E+00 1.6723E+00 5.9943E-01  1.3938E-01 4.0555E-01 4.6807E-02   363
 4.0000E-02 3.7406E-01 2.2932E+00 1.6799E+00 6.1328E-01  1.3748E-01 4.0542E-01 4.8148E-02   363
 4.0000E-02 3.7563E-01 2.3163E+00 1.6882E+00 6.2811E-01  1.3562E-01 4.0528E-01 4.9572E-02   363
 4.0000E-02 3.7722E-01 2.3413E+00 1.6972E+00 6.4408E-01  1.3376E-01 4.0515E-01 5.1095E-02   363
 4.0000E-02 3.7881E-01 2.3683E+00 1.7071E+00 6.6118E-01  1.3193E-01 4.0502E-01 5.2719E-02   363
 4.0000E-02 3.8043E-01 2.3973E+00 1.7178E+00 6.7954E-01  1.3012E-01 4.0489E-01 5.4452E-02   363
 4.0000E-02 3.8205E-01 2.4287E+00 1.7295E+00 6.9921E-01  1.2833E-01 4.0476E-01 5.6302E-02   363
 4.0000E-02 3.8369E-01 2.4624E+00 1.7422E+00 7.2020E-01  1.2657E-01 4.0463E-01 5.8269E-02   363
 4.0000E-02 3.8534E-01 2.4984E+00 1.7559E+00 7.4256E-01  1.2484E-01 4.0451E-01 6.0359E-02   363
 4.0000E-02 3.8701E-01 2.5370E+00 1.7706E+00 7.6638E-01  1.2312E-01 4.0438E-01 6.2583E-02   363
 4.0000E-02 3.8870E-01 2.5782E+00 1.7865E+00 7.9179E-01  1.2142E-01 4.0426E-01 6.4951E-02   363
 4.0000E-02 3.9039E-01 2.6224E+00 1.8035E+00 8.1895E-01  1.1980E-01 4.0430E-01 6.7480E-02   323
 4.0000E-02 3.9211E-01 2.6695E+00 1.8218E+00 8.4771E-01  1.1812E-01 4.0418E-01 7.0161E-02   323
 4.0000E-02 3.9383E-01 2.7196E+00 1.8414E+00 8.7823E-01  1.1645E-01 4.0405E-01 7.3008E-02   323
 4.0000E-02 3.9558E-01 2.7728E+00 1.8622E+00 9.1065E-01  1.1478E-01 4.0392E-01 7.6038E-02   323
 4.0000E-02 3.9733E-01 2.8295E+00 1.8845E+00 9.4508E-01  1.1311E-01 4.0379E-01 7.9261E-02   323
 4.0000E-02 3.9911E-01 2.8899E+00 1.9082E+00 9.8173E-01  1.1141E-01 4.0366E-01 8.2704E-02   323
 4.0000E-02 4.0090E-01 2.9539E+00 1.9333E+00 1.0206E+00  1.0970E-01 4.0353E-01 8.6368E-02   323
 4.0000E-02 4.0270E-01 3.0216E+00 1.9599E+00 1.0617E+00  1.0796E-01 4.0339E-01 9.0272E-02   323
 4.0000E-02 4.0452E-01 3.0933E+00 1.9880E+00 1.1054E+00  1.0617E-01 4.0325E-01 9.4440E-02   323
 4.0000E-02 4.0636E-01 3.1692E+00 2.0175E+00 1.1517E+00  1.0433E-01 4.0311E-01 9.8898E-02   323
 4.0000E-02 4.0822E-01 3.2495E+00 2.0487E+00 1.2008E+00  1.0241E-01 4.0297E-01 1.0368E-01   323
 4.0000E-02 4.1009E-01 3.3341E+00 2.0812E+00 1.2529E+00  1.0041E-01 4.0282E-01 1.0880E-01   323
 4.0000E-02 4.1198E-01 3.4232E+00 2.1151E+00 1.3082E+00  9.8292E-02 4.0267E-01 1.1430E-01   323
 4.0000E-02 4.1389E-01 3.5169E+00 2.1502E+00 1.3667E+00  9.6048E-02 4.0252E-01 1.2023E-01   323
 4.0000E-02 4.1581E-01 3.6153E+00 2.1865E+00 1.4288E+00  9.3650E-02 4.0237E-01 1.2662E-01   323
 4.0000E-02 4.1776E-01 3.7185E+00 2.2238E+00 1.4947E+00  9.1076E-02 4.0222E-01 1.3354E-01   323
 4.0000E-02 4.1972E-01 3.8262E+00 2.2617E+00 1.5645E+00  8.8309E-02 4.0206E-01 1.4102E-01   323
 4.0000E-02 4.2170E-01 3.9385E+00 2.3001E+00 1.6385E+00  8.5334E-02 4.0191E-01 1.4912E-01   323
 4.0000E-02 4.2370E-01 4.0553E+00 2.3386E+00 1.7167E+00  8.2142E-02 4.0176E-01 1.5789E-01   323
 4.0000E-02 4.2571E-01 4.1766E+00 2.3771E+00 1.7995E+00  7.8731E-02 4.0162E-01 1.6740E-01   323
 4.0000E-02 4.2775E-01 4.3021E+00 2.4152E+00 1.8869E+00  7.5109E-02 4.0148E-01 1.7768E-01   323
 4.0000E-02 4.2981E-01 4.4318E+00 2.4527E+00 1.9791E+00  7.1308E-02 4.0136E-01 1.8876E-01   323
 4.0000E-02 4.3188E-01 4.5655E+00 2.4895E+00 2.0761E+00  6.7362E-02 4.0124E-01 2.0066E-01   323
 4.0000E-02 4.3398E-01 4.7033E+00 2.5255E+00 2.1778E+00  6.3318E-02 4.0114E-01 2.1338E-01   323
 4.0000E-02 4.3610E-01 4.8451E+00 2.5609E+00 2.2842E+00  5.9235E-02 4.0105E-01 2.2687E-01   323
 4.0000E-02 4.3824E-01 4.9905E+00 2.5958E+00 2.3948E+00  5.5177E-02 4.0097E-01 2.4108E-01   323
 4.0000E-02 4.4039E-01 5.1396E+00 2.6304E+00 2.5092E+00  5.1207E-02 4.0091E-01 2.5591E-01   323
 4.0000E-02 4.4257E-01 5.2921E+00 2.6651E+00 2.6269E+00  4.7386E-02 4.0086E-01 2.7126E-01   323
 4.0000E-02 4.4478E-01 5.4473E+00 2.7003E+00 2.7470E+00  4.3763E-02 4.0082E-01 2.8697E-01   323
 4.0000E-02 4.4700E-01 5.6045E+00 2.7361E+00 2.8684E+00  4.0381E-02 4.0080E-01 3.0285E-01   323
 4.0000E-02 4.4925E-01 5.7625E+00 2.7727E+00 2.9899E+00  3.7265E-02 4.0078E-01 3.1874E-01   323
 4.0000E-02 4.5152E-01 5.9202E+00 2.8100E+00 3.1102E+00  3.4427E-02 4.0077E-01 3.3443E-01   323
 4.0000E-02 4.5381E-01 6.0756E+00 2.8479E+00 3.2277E+00  3.1863E-02 4.0077E-01 3.4973E-01   323
 4.0000E-02 4.5612E-01 6.2269E+00 2.8860E+00 3.3409E+00  2.9560E-02 4.0077E-01 3.6443E-01   323
 4.0000E-02 4.5846E-01 6.3723E+00 2.9237E+00 3.4486E+00  2.7496E-02 4.0078E-01 3.7840E-01   323
 4.0000E-02 4.6082E-01 6.5095E+00 2.9604E+00 3.5492E+00  2.5642E-02 4.0079E-01 3.9144E-01   323
 4.0000E-02 4.6321E-01 6.6365E+00 2.9952E+00 3.6413E+00  2.3973E-02 4.0080E-01 4.0342E-01   323
 4.0000E-02 4.6563E-01 6.7514E+00 3.0276E+00 3.7239E+00  2.2462E-02 4.0082E-01 4.1423E-01   323
 4.0000E-02 4.6806E-01 6.8531E+00 3.0566E+00 3.7966E+00  2.1083E-02 4.0083E-01 4.2383E-01   323
 4.0000E-02 4.7053E-01 6.9405E+00 3.0816E+00 3.8590E+00  1.9817E-02 4.0085E-01 4.3219E-01   323
 4.0000E-02 4.7302E-01 7.0129E+00 3.1020E+00 3.9109E+00  1.8644E-02 4.0086E-01 4.3929E-01   323
 4.0000E-02 4.7553E-01 7.0701E+00 3.1172E+00 3.9529E+00  1.7546E-02 4.0088E-01 4.4520E-01   323
 4.0000E-02 4.7807E-01 7.1115E+00 3.1267E+00 3.9848E+00  1.6508E-02 4.0089E-01 4.4991E-01   323
 4.0000E-02 4.8065E-01 7.1361E+00 3.1300E+00 4.0061E+00  1.5521E-02 4.0091E-01 4.5336E-01   323
 4.0000E-02 4.8324E-01 7.1426E+00 3.1268E+00 4.0159E+00  1.4577E-02 4.0092E-01 4.5544E-01   323
 4.0000E-02 4.8587E-01 7.1302E+00 3.1168E+00 4.0134E+00  1.3667E-02 4.0092E-01 4.5609E-01   323
 4.0000E-02 4.8852E-01 7.0981E+00 3.1003E+00 3.9978E+00  1.2790E-02 4.0093E-01 4.5519E-01   323
 4.0000E-02 4.9121E-01 7.0467E+00 3.0775E+00 3.9692E+00  1.1943E-02 4.0093E-01 4.5273E-01   323
 4.0000E-02 4.9392E-01 6.9776E+00 3.0490E+00 3.9286E+00  1.1121E-02 4.0093E-01 4.4886E-01   323
 4.0000E-02 4.9667E-01 6.8928E+00 3.0152E+00 3.8776E+00  1.0320E-02 4.0092E-01 4.4376E-01   323
 4.0000E-02 4.9944E-01 6.7950E+00 2.9767E+00 3.8183E+00  9.5356E-03 4.0092E-01 4.3767E-01   323
 4.0000E-02 5.0225E-01 6.6865E+00 2.9338E+00 3.7527E+00  8.7646E-03 4.0091E-01 4.3082E-01   323
 4.0000E-02 5.0508E-01 6.5692E+00 2.8868E+00 3.6824E+00  8.0022E-03 4.0091E-01 4.2341E-01   323
 4.0000E-02 5.0795E-01 6.4445E+00 2.8359E+00 3.6086E+00  7.2479E-03 4.0091E-01 4.1558E-01   324
 4.0000E-02 5.1086E-01 6.3132E+00 2.7811E+00 3.5320E+00  6.5003E-03 4.0091E-01 4.0740E-01   324
 4.0000E-02 5.1379E-01 6.1757E+00 2.7228E+00 3.4529E+00  5.7922E-03 4.0111E-01 3.9890E-01   285
 4.0000E-02 5.1676E-01 6.0329E+00 2.6613E+00 3.3717E+00  5.0540E-03 4.0111E-01 3.9015E-01   285
 4.0000E-02 5.1977E-01 5.8861E+00 2.5969E+00 3.2891E+00  4.3184E-03 4.0112E-01 3.8121E-01   285
 4.0000E-02 5.2281E-01 5.7365E+00 2.5301E+00 3.2064E+00  3.5823E-03 4.0113E-01 3.7225E-01   285
 4.0000E-02 5.2588E-01 5.5856E+00 2.4603E+00 3.1253E+00  2.8418E-03 4.0113E-01 3.6343E-01   285
 4.0000E-02 5.2899E-01 5.4331E+00 2.3868E+00 3.0464E+00  2.0935E-03 4.0114E-01 3.5486E-01   285
 4.0000E-02 5.3214E-01 5.2776E+00 2.3080E+00 2.9696E+00  1.3327E-03 4.0115E-01 3.4653E-01   285
 4.0000E-02 5.3533E-01 5.1161E+00 2.2225E+00 2.8936E+00  5.5587E-04 4.0116E-01 3.3825E-01   285
 4.0000E-02 5.3855E-01 4.9454E+00 2.1298E+00 2.8156E+00 -2.3984E-04 4.0117E-01 3.2973E-01   285
 4.0000E-02 5.4182E-01 4.7632E+00 2.0303E+00 2.7329E+00 -1.0539E-03 4.0117E-01 3.2064E-01   285
 4.0000E-02 5.4512E-01 4.5696E+00 1.9259E+00 2.6437E+00 -1.8847E-03 4.0118E-01 3.1075E-01   285
 4.0000E-02 5.4847E-01 4.3665E+00 1.8192E+00 2.5474E+00 -2.7283E-03 4.0118E-01 2.9998E-01   285
 4.0000E-02 5.5185E-01 4.1576E+00 1.7129E+00 2.4446E+00 -3.5797E-03 4.0118E-01 2.8841E-01   285
 4.0000E-02 5.5528E-01 3.9467E+00 1.6096E+00 2.3371E+00 -4.4351E-03 4.0118E-01 2.7621E-01   285
 4.0000E-02 5.5875E-01 3.7376E+00 1.5112E+00 2.2265E+00 -5.2896E-03 4.0118E-01 2.6361E-01   285
 4.0000E-02 5.6226E-01 3.5341E+00 1.4192E+00 2.1149E+00 -6.1398E-03 4.0117E-01 2.5084E-01   285
 4.0000E-02 5.6582E-01 3.3391E+00 1.3348E+00 2.0043E+00 -6.9820E-03 4.0116E-01 2.3813E-01   285
 4.0000E-02 5.6943E-01 3.1550E+00 1.2581E+00 1.8969E+00 -7.8187E-03 4.0115E-01 2.2574E-01   285
 4.0000E-02 5.7308E-01 2.9827E+00 1.1885E+00 1.7941E+00 -8.6544E-03 4.0114E-01 2.1387E-01   285
 4.0000E-02 5.7677E-01 2.8214E+00 1.1247E+00 1.6967E+00 -9.4935E-03 4.0114E-01 2.0260E-01   285
 4.0000E-02 5.8052E-01 2.6702E+00 1.0654E+00 1.6048E+00 -1.0342E-02 4.0113E-01 1.9195E-01   285
 4.0000E-02 5.8431E-01 2.5275E+00 1.0099E+00 1.5176E+00 -1.1202E-02 4.0112E-01 1.8184E-01   285
 4.0000E-02 5.8816E-01 2.3930E+00 9.5817E-01 1.4349E+00 -1.2075E-02 4.0112E-01 1.7223E-01   285
 4.0000E-02 5.9205E-01 2.2669E+00 9.1072E-01 1.3562E+00 -1.2958E-02 4.0112E-01 1.6308E-01   285
 4.0000E-02 5.9600E-01 2.1498E+00 8.6802E-01 1.2818E+00 -1.3846E-02 4.0111E-01 1.5441E-01   285
 4.0000E-02 6.0000E-01 2.0420E+00 8.2997E-01 1.2120E+00 -1.4734E-02 4.0111E-01 1.4628E-01   285
