 DDSCAT --- DDSCAT 7.3.3 [22.01.20]   
 TARGET --->TARGSPHER  spherical target with explicit spacing                 
 GPFAFT --- method of solution 
 GKDLDR --- prescription for polarizabilities
 FROM_FILE --- shape 
    4169 = NAT0 = number of dipoles
 ../../diel/Pena-Rioux_dielectric_26Au_74Ag                  
 ../../diel/Pena-Rioux_dielectric_34Au_66Ag                  
 ../../diel/Pena-Rioux_dielectric_76Au_24Ag                  
 ../../diel/Pena-Rioux_dielectric_92Au_8Ag                   
   0.000   0.000 = beta_min, beta_max ;  NBETA = 1
   0.000   0.000 = theta_min, theta_max; NTHETA= 1
   0.000   0.000 = phi_min, phi_max   ;   NPHI = 1
 Results averaged over    1 target orientations
                   and  2 incident polarizations
   aeff       wave       Q_pha       Q_pol       Q_cpol
 4.0000E-02 3.0000E-01 -5.2785E-02 -9.5367E-07 -7.0781E-08
 4.0000E-02 3.0101E-01 -5.1816E-02 -4.7684E-07 -4.8429E-08
 4.0000E-02 3.0203E-01 -5.1054E-02 -1.1921E-06  0.0000E+00
 4.0000E-02 3.0305E-01 -5.0507E-02 -3.0994E-06 -2.6077E-08
 4.0000E-02 3.0408E-01 -5.0179E-02 -3.5763E-06  3.7253E-09
 4.0000E-02 3.0512E-01 -5.0079E-02 -2.1458E-06  1.8626E-08
 4.0000E-02 3.0616E-01 -5.0215E-02 -5.7220E-06  2.2352E-08
 4.0000E-02 3.0722E-01 -5.0592E-02  5.0068E-06  3.7253E-09
 4.0000E-02 3.0828E-01 -5.1204E-02  7.1526E-07 -2.2352E-08
 4.0000E-02 3.0934E-01 -5.1989E-02  2.3842E-07 -2.2352E-08
 4.0000E-02 3.1042E-01 -5.2990E-02 -3.5763E-06  1.1548E-07
 4.0000E-02 3.1150E-01 -5.4211E-02 -1.6689E-06 -7.4506E-09
 4.0000E-02 3.1259E-01 -5.5660E-02 -3.8147E-06  5.9605E-08
 4.0000E-02 3.1368E-01 -5.7343E-02 -3.8147E-06  1.0058E-07
 4.0000E-02 3.1479E-01 -5.9269E-02 -1.9073E-06 -1.1921E-07
 4.0000E-02 3.1590E-01 -6.1449E-02 -5.0068E-06 -1.6391E-07
 4.0000E-02 3.1702E-01 -6.3879E-02  2.3842E-07 -2.9802E-08
 4.0000E-02 3.1815E-01 -6.6267E-02  7.1526E-07 -5.2154E-08
 4.0000E-02 3.1929E-01 -6.8926E-02  7.1526E-07 -6.7055E-08
 4.0000E-02 3.2043E-01 -7.1925E-02  3.8147E-06 -5.2154E-08
 4.0000E-02 3.2158E-01 -7.5274E-02 -3.3379E-06  4.4703E-08
 4.0000E-02 3.2274E-01 -7.8987E-02  5.9605E-06 -1.6391E-07
 4.0000E-02 3.2391E-01 -8.3073E-02  1.1921E-06  5.2154E-08
 4.0000E-02 3.2509E-01 -8.7546E-02  4.7684E-06 -1.7881E-07
 4.0000E-02 3.2628E-01 -9.2419E-02  1.6689E-06 -2.0117E-07
 4.0000E-02 3.2747E-01 -9.8225E-02 -3.3379E-06 -5.2154E-08
 4.0000E-02 3.2868E-01 -1.0454E-01  1.9073E-06 -7.4506E-08
 4.0000E-02 3.2989E-01 -1.1135E-01 -2.3842E-07  1.5646E-07
 4.0000E-02 3.3111E-01 -1.1868E-01  2.1458E-06  2.0862E-07
 4.0000E-02 3.3234E-01 -1.2654E-01 -2.6226E-06  1.4901E-08
 4.0000E-02 3.3358E-01 -1.3494E-01 -4.7684E-07 -8.9407E-08
 4.0000E-02 3.3483E-01 -1.4390E-01 -2.1458E-06 -1.6391E-07
 4.0000E-02 3.3609E-01 -1.5357E-01 -2.1458E-06  1.6391E-07
 4.0000E-02 3.3736E-01 -1.6382E-01  9.5367E-07 -6.4075E-07
 4.0000E-02 3.3864E-01 -1.7449E-01 -7.1526E-07  4.1723E-07
 4.0000E-02 3.3992E-01 -1.8557E-01 -9.5367E-07  8.9407E-08
 4.0000E-02 3.4122E-01 -1.9709E-01  4.7684E-07  5.9605E-08
 4.0000E-02 3.4253E-01 -2.0905E-01 -7.1526E-07  5.9605E-08
 4.0000E-02 3.4385E-01 -2.2148E-01  3.0994E-06  7.4506E-08
 4.0000E-02 3.4517E-01 -2.3421E-01  9.5367E-07  1.4901E-08
 4.0000E-02 3.4651E-01 -2.4703E-01  1.6689E-06  0.0000E+00
 4.0000E-02 3.4786E-01 -2.6011E-01 -3.0994E-06 -6.5565E-07
 4.0000E-02 3.4922E-01 -2.7345E-01 -5.9605E-06 -3.5763E-07
 4.0000E-02 3.5059E-01 -2.8708E-01  4.0531E-06  2.9802E-08
 4.0000E-02 3.5197E-01 -3.0098E-01 -4.2915E-06 -2.9802E-07
 4.0000E-02 3.5336E-01 -3.1519E-01  1.1921E-06  7.4506E-07
 4.0000E-02 3.5476E-01 -3.2955E-01 -6.4373E-06 -5.3644E-07
 4.0000E-02 3.5618E-01 -3.4409E-01  2.3842E-07  4.7684E-07
 4.0000E-02 3.5760E-01 -3.5887E-01  3.5763E-06 -4.1723E-07
 4.0000E-02 3.5904E-01 -3.7390E-01 -5.2452E-06 -3.8743E-07
 4.0000E-02 3.6048E-01 -3.8921E-01 -1.4305E-06 -5.9605E-08
 4.0000E-02 3.6194E-01 -4.0477E-01 -2.1458E-06  1.7881E-07
 4.0000E-02 3.6341E-01 -4.2066E-01  2.3842E-06 -2.9802E-08
 4.0000E-02 3.6490E-01 -4.3687E-01  2.8610E-06  2.9802E-07
 4.0000E-02 3.6639E-01 -4.5335E-01 -2.8610E-06 -3.2783E-07
 4.0000E-02 3.6790E-01 -4.7013E-01  2.1458E-06 -2.3842E-07
 4.0000E-02 3.6942E-01 -4.8721E-01 -7.1526E-07  5.9605E-07
 4.0000E-02 3.7095E-01 -5.0462E-01 -1.9073E-06  4.1723E-07
 4.0000E-02 3.7250E-01 -5.2239E-01 -2.6226E-06  1.3709E-06
 4.0000E-02 3.7406E-01 -5.4048E-01  1.1921E-06  1.2517E-06
 4.0000E-02 3.7563E-01 -5.5882E-01 -5.7220E-06  8.9407E-07
 4.0000E-02 3.7722E-01 -5.7746E-01  4.7684E-06 -3.0398E-06
 4.0000E-02 3.7881E-01 -5.9638E-01 -7.6294E-06 -5.9605E-08
 4.0000E-02 3.8043E-01 -6.1559E-01 -9.5367E-07  4.1723E-07
 4.0000E-02 3.8205E-01 -6.3501E-01 -3.5763E-06 -5.9605E-07
 4.0000E-02 3.8369E-01 -6.5457E-01  4.7684E-06  1.7285E-06
 4.0000E-02 3.8534E-01 -6.7430E-01  2.3842E-06  0.0000E+00
 4.0000E-02 3.8701E-01 -6.9418E-01 -7.1526E-07 -1.5497E-06
 4.0000E-02 3.8870E-01 -7.1418E-01  1.9073E-06 -1.7881E-07
 4.0000E-02 3.9039E-01 -7.3428E-01 -7.1526E-06 -5.3644E-07
 4.0000E-02 3.9211E-01 -7.5428E-01  4.5300E-06  1.4305E-06
 4.0000E-02 3.9383E-01 -7.7425E-01  1.6689E-06  0.0000E+00
 4.0000E-02 3.9558E-01 -7.9413E-01  2.6226E-06  2.3842E-07
 4.0000E-02 3.9733E-01 -8.1383E-01 -4.5300E-06  8.2254E-06
 4.0000E-02 3.9911E-01 -8.3328E-01 -5.9605E-06  0.0000E+00
 4.0000E-02 4.0090E-01 -8.5234E-01  3.3379E-06  2.1458E-06
 4.0000E-02 4.0270E-01 -8.7098E-01 -2.6226E-06  9.5367E-07
 4.0000E-02 4.0452E-01 -8.8907E-01  2.8610E-06  7.1526E-07
 4.0000E-02 4.0636E-01 -9.0647E-01 -6.1989E-06  1.0729E-06
 4.0000E-02 4.0822E-01 -9.2301E-01  3.0994E-06  7.7486E-07
 4.0000E-02 4.1009E-01 -9.3856E-01 -7.1526E-06  1.5497E-06
 4.0000E-02 4.1198E-01 -9.5299E-01 -2.1458E-06  1.3709E-06
 4.0000E-02 4.1389E-01 -9.6608E-01  5.7220E-06  1.7285E-06
 4.0000E-02 4.1581E-01 -9.7763E-01  8.8215E-06  7.7486E-07
 4.0000E-02 4.1776E-01 -9.8738E-01  2.1458E-06  1.1921E-07
 4.0000E-02 4.1972E-01 -9.9519E-01 -7.6294E-06 -1.7881E-07
 4.0000E-02 4.2170E-01 -1.0009E+00 -2.1458E-06  7.1526E-07
 4.0000E-02 4.2370E-01 -1.0041E+00 -2.8610E-06  3.3379E-06
 4.0000E-02 4.2571E-01 -1.0048E+00 -4.2915E-06  2.6226E-06
 4.0000E-02 4.2775E-01 -1.0026E+00  3.3379E-06 -2.9802E-06
 4.0000E-02 4.2981E-01 -9.9748E-01 -1.0014E-05  4.7088E-06
 4.0000E-02 4.3188E-01 -9.8914E-01 -1.2398E-05  1.1921E-06
 4.0000E-02 4.3398E-01 -9.7734E-01 -8.1062E-06 -8.9407E-07
 4.0000E-02 4.3610E-01 -9.6173E-01 -5.2452E-06  2.2650E-06
 4.0000E-02 4.3824E-01 -9.4201E-01 -3.3379E-06  1.6689E-06
 4.0000E-02 4.4039E-01 -9.1784E-01  6.1989E-06  4.4107E-06
 4.0000E-02 4.4257E-01 -8.8872E-01 -6.6757E-06  2.5630E-06
 4.0000E-02 4.4478E-01 -8.5405E-01 -1.6689E-05  1.7285E-06
 4.0000E-02 4.4700E-01 -8.1336E-01  5.2452E-06 -8.2850E-06
 4.0000E-02 4.4925E-01 -7.6619E-01  3.3379E-06  3.5167E-06
 4.0000E-02 4.5152E-01 -7.1202E-01  2.8610E-06  6.5565E-07
 4.0000E-02 4.5381E-01 -6.5041E-01  1.0014E-05 -1.1921E-07
 4.0000E-02 4.5612E-01 -5.8125E-01  4.7684E-06  7.1526E-07
 4.0000E-02 4.5846E-01 -5.0456E-01 -8.5831E-06  2.6226E-06
 4.0000E-02 4.6082E-01 -4.2046E-01 -1.0967E-05  3.8743E-07
 4.0000E-02 4.6321E-01 -3.2934E-01 -6.6757E-06  2.5630E-06
 4.0000E-02 4.6563E-01 -2.3189E-01  0.0000E+00  2.2650E-06
 4.0000E-02 4.6806E-01 -1.2887E-01 -1.2398E-05 -2.0862E-06
 4.0000E-02 4.7053E-01 -2.1077E-02 -7.6294E-06  2.8908E-06
 4.0000E-02 4.7302E-01  9.0753E-02 -4.2915E-06 -4.7609E-06
 4.0000E-02 4.7553E-01  2.0600E-01 -3.8624E-05  1.5348E-06
 4.0000E-02 4.7807E-01  3.2422E-01  3.8147E-06 -2.2352E-06
 4.0000E-02 4.8065E-01  4.4488E-01  1.0967E-05  1.1325E-06
 4.0000E-02 4.8324E-01  5.6724E-01 -4.2915E-06  1.7881E-06
 4.0000E-02 4.8587E-01  6.9032E-01  2.0027E-05  2.3842E-06
 4.0000E-02 4.8852E-01  8.1270E-01 -9.5367E-07 -4.7684E-07
 4.0000E-02 4.9121E-01  9.3272E-01 -1.7643E-05  3.2783E-06
 4.0000E-02 4.9392E-01  1.0491E+00  2.8610E-06 -2.7418E-06
 4.0000E-02 4.9667E-01  1.1606E+00 -7.6294E-06 -5.7220E-06
 4.0000E-02 4.9944E-01  1.2667E+00  3.2425E-05 -1.1921E-06
 4.0000E-02 5.0225E-01  1.3673E+00  2.3842E-06  2.0742E-05
 4.0000E-02 5.0508E-01  1.4626E+00 -2.6226E-05  5.9605E-07
 4.0000E-02 5.0795E-01  1.5527E+00 -5.7220E-06  1.4544E-05
 4.0000E-02 5.1086E-01  1.6379E+00 -1.7166E-05 -1.5497E-06
 4.0000E-02 5.1379E-01  1.7183E+00 -1.6689E-05  2.1458E-06
 4.0000E-02 5.1676E-01  1.7939E+00  3.2425E-05 -3.3379E-06
 4.0000E-02 5.1977E-01  1.8646E+00 -4.7684E-07 -2.3842E-07
 4.0000E-02 5.2281E-01  1.9307E+00 -4.7684E-07 -5.0068E-06
 4.0000E-02 5.2588E-01  1.9931E+00 -1.2016E-04 -5.9605E-07
 4.0000E-02 5.2899E-01  2.0528E+00  1.7166E-05 -7.1526E-06
 4.0000E-02 5.3214E-01  2.1109E+00  1.1444E-05 -2.3842E-06
 4.0000E-02 5.3533E-01  2.1677E+00 -5.7220E-06  5.2452E-06
 4.0000E-02 5.3855E-01  2.2225E+00  9.5367E-06  1.2875E-05
 4.0000E-02 5.4182E-01  2.2737E+00 -7.6771E-05  4.0531E-05
 4.0000E-02 5.4512E-01  2.3190E+00  1.1921E-05 -1.2159E-05
 4.0000E-02 5.4847E-01  2.3565E+00 -1.2684E-04 -2.2173E-05
 4.0000E-02 5.5185E-01  2.3848E+00  6.0558E-05 -2.7418E-05
 4.0000E-02 5.5528E-01  2.4034E+00  4.7684E-07 -3.0756E-05
 4.0000E-02 5.5875E-01  2.4124E+00 -4.8876E-05 -2.0742E-05
 4.0000E-02 5.6226E-01  2.4122E+00 -1.4782E-05  1.6689E-06
 4.0000E-02 5.6582E-01  2.4039E+00 -2.1458E-05  3.0279E-05
 4.0000E-02 5.6943E-01  2.3891E+00  3.0279E-05  1.1683E-05
 4.0000E-02 5.7308E-01  2.3694E+00 -5.5552E-05  1.9073E-05
 4.0000E-02 5.7677E-01  2.3463E+00 -3.3379E-05 -2.8610E-05
 4.0000E-02 5.8052E-01  2.3208E+00 -6.0320E-05  8.5831E-06
 4.0000E-02 5.8431E-01  2.2932E+00  2.7895E-05  7.3910E-06
 4.0000E-02 5.8816E-01  2.2635E+00 -5.1737E-05  3.0279E-05
 4.0000E-02 5.9205E-01  2.2320E+00  4.7684E-06 -1.4305E-05
 4.0000E-02 5.9600E-01  2.1989E+00  4.8399E-05 -1.0729E-05
 4.0000E-02 6.0000E-01  2.1650E+00 -9.7752E-06  0.0000E+00
