 DDSCAT --- DDSCAT 7.3.3 [22.01.20]   
 TARGET --->TARGSPHER  spherical target with explicit spacing                 
 GPFAFT --- method of solution 
 FLTRCD --- prescription for polarizabilities
 FROM_FILE --- shape 
    4169 = NAT0 = number of dipoles
 ../../diel/Pena-Rioux_dielectric_26Au_74Ag                  
 ../../diel/Pena-Rioux_dielectric_34Au_66Ag                  
 ../../diel/Pena-Rioux_dielectric_92Au_8Ag                   
 ../../diel/Au_evap                                          
   0.000   0.000 = beta_min, beta_max ;  NBETA = 1
   0.000   0.000 = theta_min, theta_max; NTHETA= 1
   0.000   0.000 = phi_min, phi_max   ;   NPHI = 1
 0.5000 = ETASCA (param. controlling # of scatt. dirs used to calculate <cos> etc.
 Results averaged over    1 target orientations
                   and  2 incident polarizations
   aeff       wave       Q_ext     Q_abs      Q_sca     g(1)=<cos>  <cos^2>    Q_bk       Nsca
 4.0000E-02 3.0000E-01 2.4861E+00 1.7476E+00 7.3844E-01  2.4778E-01 4.1459E-01 3.8935E-02   408
 4.0000E-02 3.0101E-01 2.4768E+00 1.7460E+00 7.3084E-01  2.4599E-01 4.1440E-01 3.8869E-02   408
 4.0000E-02 3.0203E-01 2.4676E+00 1.7443E+00 7.2328E-01  2.4421E-01 4.1422E-01 3.8796E-02   408
 4.0000E-02 3.0305E-01 2.4583E+00 1.7426E+00 7.1569E-01  2.4242E-01 4.1403E-01 3.8713E-02   408
 4.0000E-02 3.0408E-01 2.4488E+00 1.7408E+00 7.0806E-01  2.4064E-01 4.1386E-01 3.8621E-02   408
 4.0000E-02 3.0512E-01 2.4392E+00 1.7389E+00 7.0040E-01  2.3886E-01 4.1368E-01 3.8520E-02   408
 4.0000E-02 3.0616E-01 2.4296E+00 1.7368E+00 6.9273E-01  2.3709E-01 4.1350E-01 3.8409E-02   408
 4.0000E-02 3.0722E-01 2.4197E+00 1.7347E+00 6.8503E-01  2.3531E-01 4.1333E-01 3.8290E-02   408
 4.0000E-02 3.0828E-01 2.4100E+00 1.7326E+00 6.7739E-01  2.3353E-01 4.1316E-01 3.8168E-02   408
 4.0000E-02 3.0934E-01 2.4006E+00 1.7305E+00 6.7008E-01  2.3173E-01 4.1298E-01 3.8059E-02   408
 4.0000E-02 3.1042E-01 2.3911E+00 1.7284E+00 6.6276E-01  2.2992E-01 4.1281E-01 3.7945E-02   408
 4.0000E-02 3.1150E-01 2.3815E+00 1.7261E+00 6.5541E-01  2.2810E-01 4.1264E-01 3.7822E-02   408
 4.0000E-02 3.1259E-01 2.3718E+00 1.7237E+00 6.4805E-01  2.2628E-01 4.1247E-01 3.7692E-02   408
 4.0000E-02 3.1368E-01 2.3620E+00 1.7213E+00 6.4072E-01  2.2446E-01 4.1230E-01 3.7557E-02   408
 4.0000E-02 3.1479E-01 2.3521E+00 1.7187E+00 6.3342E-01  2.2273E-01 4.1228E-01 3.7417E-02   362
 4.0000E-02 3.1590E-01 2.3422E+00 1.7161E+00 6.2614E-01  2.2090E-01 4.1212E-01 3.7273E-02   362
 4.0000E-02 3.1702E-01 2.3323E+00 1.7134E+00 6.1890E-01  2.1906E-01 4.1195E-01 3.7123E-02   363
 4.0000E-02 3.1815E-01 2.3219E+00 1.7104E+00 6.1147E-01  2.1722E-01 4.1179E-01 3.6956E-02   363
 4.0000E-02 3.1929E-01 2.3113E+00 1.7073E+00 6.0402E-01  2.1538E-01 4.1162E-01 3.6780E-02   363
 4.0000E-02 3.2043E-01 2.3007E+00 1.7041E+00 5.9662E-01  2.1354E-01 4.1146E-01 3.6599E-02   363
 4.0000E-02 3.2158E-01 2.2903E+00 1.7009E+00 5.8942E-01  2.1170E-01 4.1130E-01 3.6421E-02   363
 4.0000E-02 3.2274E-01 2.2799E+00 1.6976E+00 5.8225E-01  2.0986E-01 4.1115E-01 3.6238E-02   363
 4.0000E-02 3.2391E-01 2.2693E+00 1.6942E+00 5.7513E-01  2.0801E-01 4.1099E-01 3.6051E-02   363
 4.0000E-02 3.2509E-01 2.2587E+00 1.6907E+00 5.6810E-01  2.0615E-01 4.1083E-01 3.5862E-02   363
 4.0000E-02 3.2628E-01 2.2481E+00 1.6870E+00 5.6109E-01  2.0431E-01 4.1068E-01 3.5668E-02   363
 4.0000E-02 3.2747E-01 2.2367E+00 1.6829E+00 5.5386E-01  2.0249E-01 4.1053E-01 3.5449E-02   363
 4.0000E-02 3.2868E-01 2.2256E+00 1.6787E+00 5.4688E-01  2.0067E-01 4.1038E-01 3.5239E-02   363
 4.0000E-02 3.2989E-01 2.2148E+00 1.6746E+00 5.4017E-01  1.9884E-01 4.1024E-01 3.5041E-02   363
 4.0000E-02 3.3111E-01 2.2043E+00 1.6705E+00 5.3377E-01  1.9701E-01 4.1009E-01 3.4856E-02   363
 4.0000E-02 3.3234E-01 2.1939E+00 1.6663E+00 5.2758E-01  1.9516E-01 4.0994E-01 3.4681E-02   363
 4.0000E-02 3.3358E-01 2.1838E+00 1.6621E+00 5.2167E-01  1.9331E-01 4.0979E-01 3.4519E-02   363
 4.0000E-02 3.3483E-01 2.1740E+00 1.6580E+00 5.1609E-01  1.9145E-01 4.0965E-01 3.4374E-02   363
 4.0000E-02 3.3609E-01 2.1653E+00 1.6541E+00 5.1117E-01  1.8957E-01 4.0950E-01 3.4270E-02   363
 4.0000E-02 3.3736E-01 2.1578E+00 1.6507E+00 5.0706E-01  1.8766E-01 4.0935E-01 3.4219E-02   363
 4.0000E-02 3.3864E-01 2.1511E+00 1.6476E+00 5.0346E-01  1.8573E-01 4.0920E-01 3.4201E-02   363
 4.0000E-02 3.3992E-01 2.1452E+00 1.6448E+00 5.0041E-01  1.8379E-01 4.0904E-01 3.4217E-02   363
 4.0000E-02 3.4122E-01 2.1401E+00 1.6422E+00 4.9793E-01  1.8184E-01 4.0889E-01 3.4271E-02   363
 4.0000E-02 3.4253E-01 2.1359E+00 1.6399E+00 4.9602E-01  1.7987E-01 4.0874E-01 3.4364E-02   363
 4.0000E-02 3.4385E-01 2.1325E+00 1.6378E+00 4.9467E-01  1.7788E-01 4.0858E-01 3.4496E-02   363
 4.0000E-02 3.4517E-01 2.1303E+00 1.6363E+00 4.9401E-01  1.7588E-01 4.0843E-01 3.4676E-02   363
 4.0000E-02 3.4651E-01 2.1292E+00 1.6352E+00 4.9401E-01  1.7387E-01 4.0827E-01 3.4903E-02   363
 4.0000E-02 3.4786E-01 2.1291E+00 1.6345E+00 4.9458E-01  1.7186E-01 4.0812E-01 3.5171E-02   363
 4.0000E-02 3.4922E-01 2.1299E+00 1.6342E+00 4.9574E-01  1.6983E-01 4.0796E-01 3.5484E-02   363
 4.0000E-02 3.5059E-01 2.1318E+00 1.6343E+00 4.9753E-01  1.6780E-01 4.0781E-01 3.5841E-02   363
 4.0000E-02 3.5197E-01 2.1347E+00 1.6348E+00 4.9994E-01  1.6577E-01 4.0766E-01 3.6247E-02   363
 4.0000E-02 3.5336E-01 2.1387E+00 1.6357E+00 5.0301E-01  1.6373E-01 4.0750E-01 3.6703E-02   363
 4.0000E-02 3.5476E-01 2.1437E+00 1.6371E+00 5.0666E-01  1.6170E-01 4.0735E-01 3.7204E-02   363
 4.0000E-02 3.5618E-01 2.1498E+00 1.6389E+00 5.1092E-01  1.5967E-01 4.0720E-01 3.7752E-02   363
 4.0000E-02 3.5760E-01 2.1569E+00 1.6411E+00 5.1579E-01  1.5765E-01 4.0705E-01 3.8348E-02   363
 4.0000E-02 3.5904E-01 2.1650E+00 1.6437E+00 5.2130E-01  1.5563E-01 4.0690E-01 3.8996E-02   363
 4.0000E-02 3.6048E-01 2.1741E+00 1.6467E+00 5.2745E-01  1.5361E-01 4.0675E-01 3.9698E-02   363
 4.0000E-02 3.6194E-01 2.1844E+00 1.6501E+00 5.3429E-01  1.5160E-01 4.0660E-01 4.0457E-02   363
 4.0000E-02 3.6341E-01 2.1958E+00 1.6540E+00 5.4184E-01  1.4959E-01 4.0646E-01 4.1274E-02   363
 4.0000E-02 3.6490E-01 2.2083E+00 1.6582E+00 5.5007E-01  1.4758E-01 4.0631E-01 4.2150E-02   363
 4.0000E-02 3.6639E-01 2.2220E+00 1.6630E+00 5.5904E-01  1.4559E-01 4.0617E-01 4.3088E-02   363
 4.0000E-02 3.6790E-01 2.2370E+00 1.6682E+00 5.6881E-01  1.4360E-01 4.0603E-01 4.4095E-02   363
 4.0000E-02 3.6942E-01 2.2534E+00 1.6739E+00 5.7942E-01  1.4163E-01 4.0588E-01 4.5173E-02   363
 4.0000E-02 3.7095E-01 2.2711E+00 1.6802E+00 5.9091E-01  1.3968E-01 4.0574E-01 4.6328E-02   363
 4.0000E-02 3.7250E-01 2.2905E+00 1.6871E+00 6.0338E-01  1.3773E-01 4.0561E-01 4.7568E-02   363
 4.0000E-02 3.7406E-01 2.3116E+00 1.6947E+00 6.1689E-01  1.3579E-01 4.0547E-01 4.8899E-02   363
 4.0000E-02 3.7563E-01 2.3343E+00 1.7029E+00 6.3141E-01  1.3388E-01 4.0533E-01 5.0320E-02   363
 4.0000E-02 3.7722E-01 2.3589E+00 1.7119E+00 6.4702E-01  1.3198E-01 4.0520E-01 5.1837E-02   363
 4.0000E-02 3.7881E-01 2.3853E+00 1.7215E+00 6.6380E-01  1.3010E-01 4.0507E-01 5.3458E-02   363
 4.0000E-02 3.8043E-01 2.4139E+00 1.7320E+00 6.8183E-01  1.2823E-01 4.0493E-01 5.5193E-02   363
 4.0000E-02 3.8205E-01 2.4446E+00 1.7434E+00 7.0119E-01  1.2638E-01 4.0480E-01 5.7050E-02   363
 4.0000E-02 3.8369E-01 2.4775E+00 1.7557E+00 7.2183E-01  1.2453E-01 4.0467E-01 5.9026E-02   363
 4.0000E-02 3.8534E-01 2.5127E+00 1.7689E+00 7.4388E-01  1.2270E-01 4.0454E-01 6.1134E-02   363
 4.0000E-02 3.8701E-01 2.5505E+00 1.7831E+00 7.6747E-01  1.2087E-01 4.0442E-01 6.3386E-02   363
 4.0000E-02 3.8870E-01 2.5911E+00 1.7984E+00 7.9271E-01  1.1906E-01 4.0429E-01 6.5795E-02   363
 4.0000E-02 3.9039E-01 2.6346E+00 1.8148E+00 8.1976E-01  1.1733E-01 4.0433E-01 6.8376E-02   323
 4.0000E-02 3.9211E-01 2.6810E+00 1.8325E+00 8.4854E-01  1.1551E-01 4.0421E-01 7.1129E-02   323
 4.0000E-02 3.9383E-01 2.7304E+00 1.8512E+00 8.7922E-01  1.1368E-01 4.0408E-01 7.4072E-02   323
 4.0000E-02 3.9558E-01 2.7832E+00 1.8713E+00 9.1192E-01  1.1184E-01 4.0395E-01 7.7219E-02   323
 4.0000E-02 3.9733E-01 2.8394E+00 1.8926E+00 9.4680E-01  1.0997E-01 4.0383E-01 8.0591E-02   323
 4.0000E-02 3.9911E-01 2.8996E+00 1.9155E+00 9.8413E-01  1.0808E-01 4.0370E-01 8.4215E-02   323
 4.0000E-02 4.0090E-01 2.9635E+00 1.9397E+00 1.0239E+00  1.0615E-01 4.0357E-01 8.8098E-02   323
 4.0000E-02 4.0270E-01 3.0313E+00 1.9652E+00 1.0661E+00  1.0416E-01 4.0344E-01 9.2263E-02   323
 4.0000E-02 4.0452E-01 3.1032E+00 1.9921E+00 1.1111E+00  1.0211E-01 4.0331E-01 9.6736E-02   323
 4.0000E-02 4.0636E-01 3.1794E+00 2.0204E+00 1.1591E+00  9.9986E-02 4.0318E-01 1.0155E-01   323
 4.0000E-02 4.0822E-01 3.2602E+00 2.0500E+00 1.2101E+00  9.7769E-02 4.0304E-01 1.0674E-01   323
 4.0000E-02 4.1009E-01 3.3455E+00 2.0810E+00 1.2645E+00  9.5441E-02 4.0291E-01 1.1233E-01   323
 4.0000E-02 4.1198E-01 3.4353E+00 2.1131E+00 1.3223E+00  9.2995E-02 4.0277E-01 1.1836E-01   323
 4.0000E-02 4.1389E-01 3.5299E+00 2.1462E+00 1.3837E+00  9.0408E-02 4.0263E-01 1.2488E-01   323
 4.0000E-02 4.1581E-01 3.6292E+00 2.1801E+00 1.4490E+00  8.7664E-02 4.0250E-01 1.3194E-01   323
 4.0000E-02 4.1776E-01 3.7334E+00 2.2148E+00 1.5186E+00  8.4746E-02 4.0236E-01 1.3959E-01   323
 4.0000E-02 4.1972E-01 3.8426E+00 2.2500E+00 1.5926E+00  8.1646E-02 4.0223E-01 1.4789E-01   323
 4.0000E-02 4.2170E-01 3.9566E+00 2.2853E+00 1.6714E+00  7.8367E-02 4.0210E-01 1.5689E-01   323
 4.0000E-02 4.2370E-01 4.0758E+00 2.3207E+00 1.7552E+00  7.4912E-02 4.0197E-01 1.6666E-01   323
 4.0000E-02 4.2571E-01 4.2004E+00 2.3560E+00 1.8444E+00  7.1299E-02 4.0185E-01 1.7726E-01   323
 4.0000E-02 4.2775E-01 4.3306E+00 2.3912E+00 1.9394E+00  6.7565E-02 4.0174E-01 1.8871E-01   323
 4.0000E-02 4.2981E-01 4.4666E+00 2.4265E+00 2.0401E+00  6.3767E-02 4.0164E-01 2.0103E-01   323
 4.0000E-02 4.3188E-01 4.6088E+00 2.4620E+00 2.1468E+00  5.9968E-02 4.0156E-01 2.1420E-01   323
 4.0000E-02 4.3398E-01 4.7575E+00 2.4982E+00 2.2594E+00  5.6228E-02 4.0148E-01 2.2819E-01   323
 4.0000E-02 4.3610E-01 4.9128E+00 2.5354E+00 2.3774E+00  5.2607E-02 4.0142E-01 2.4291E-01   323
 4.0000E-02 4.3824E-01 5.0742E+00 2.5742E+00 2.5000E+00  4.9159E-02 4.0137E-01 2.5824E-01   323
 4.0000E-02 4.4039E-01 5.2410E+00 2.6144E+00 2.6266E+00  4.5908E-02 4.0133E-01 2.7406E-01   323
 4.0000E-02 4.4257E-01 5.4119E+00 2.6564E+00 2.7556E+00  4.2866E-02 4.0130E-01 2.9020E-01   323
 4.0000E-02 4.4478E-01 5.5851E+00 2.6997E+00 2.8854E+00  4.0037E-02 4.0127E-01 3.0645E-01   323
 4.0000E-02 4.4700E-01 5.7579E+00 2.7441E+00 3.0138E+00  3.7411E-02 4.0125E-01 3.2256E-01   323
 4.0000E-02 4.4925E-01 5.9279E+00 2.7887E+00 3.1392E+00  3.4970E-02 4.0123E-01 3.3834E-01   323
 4.0000E-02 4.5152E-01 6.0924E+00 2.8329E+00 3.2596E+00  3.2700E-02 4.0122E-01 3.5355E-01   323
 4.0000E-02 4.5381E-01 6.2491E+00 2.8760E+00 3.3731E+00  3.0585E-02 4.0120E-01 3.6801E-01   323
 4.0000E-02 4.5612E-01 6.3946E+00 2.9170E+00 3.4776E+00  2.8623E-02 4.0119E-01 3.8141E-01   323
 4.0000E-02 4.5846E-01 6.5269E+00 2.9552E+00 3.5717E+00  2.6802E-02 4.0119E-01 3.9362E-01   323
 4.0000E-02 4.6082E-01 6.6439E+00 2.9900E+00 3.6539E+00  2.5116E-02 4.0118E-01 4.0444E-01   323
 4.0000E-02 4.6321E-01 6.7436E+00 3.0207E+00 3.7229E+00  2.3553E-02 4.0117E-01 4.1372E-01   323
 4.0000E-02 4.6563E-01 6.8250E+00 3.0468E+00 3.7782E+00  2.2102E-02 4.0117E-01 4.2139E-01   323
 4.0000E-02 4.6806E-01 6.8872E+00 3.0677E+00 3.8195E+00  2.0751E-02 4.0117E-01 4.2739E-01   323
 4.0000E-02 4.7053E-01 6.9293E+00 3.0831E+00 3.8462E+00  1.9490E-02 4.0116E-01 4.3168E-01   323
 4.0000E-02 4.7302E-01 6.9496E+00 3.0931E+00 3.8566E+00  1.8310E-02 4.0116E-01 4.3405E-01   323
 4.0000E-02 4.7553E-01 6.9498E+00 3.0974E+00 3.8523E+00  1.7204E-02 4.0116E-01 4.3468E-01   323
 4.0000E-02 4.7807E-01 6.9311E+00 3.0962E+00 3.8349E+00  1.6165E-02 4.0116E-01 4.3375E-01   323
 4.0000E-02 4.8065E-01 6.8950E+00 3.0897E+00 3.8053E+00  1.5186E-02 4.0116E-01 4.3135E-01   323
 4.0000E-02 4.8324E-01 6.8431E+00 3.0783E+00 3.7648E+00  1.4261E-02 4.0117E-01 4.2764E-01   323
 4.0000E-02 4.8587E-01 6.7774E+00 3.0624E+00 3.7151E+00  1.3385E-02 4.0117E-01 4.2280E-01   323
 4.0000E-02 4.8852E-01 6.6999E+00 3.0424E+00 3.6576E+00  1.2553E-02 4.0117E-01 4.1700E-01   323
 4.0000E-02 4.9121E-01 6.6130E+00 3.0189E+00 3.5941E+00  1.1761E-02 4.0117E-01 4.1047E-01   323
 4.0000E-02 4.9392E-01 6.5189E+00 2.9923E+00 3.5265E+00  1.1005E-02 4.0117E-01 4.0339E-01   323
 4.0000E-02 4.9667E-01 6.4214E+00 2.9639E+00 3.4575E+00  1.0293E-02 4.0117E-01 3.9608E-01   323
 4.0000E-02 4.9944E-01 6.3257E+00 2.9348E+00 3.3910E+00  9.6391E-03 4.0117E-01 3.8897E-01   323
 4.0000E-02 5.0225E-01 6.2291E+00 2.9031E+00 3.3260E+00  9.0037E-03 4.0116E-01 3.8199E-01   323
 4.0000E-02 5.0508E-01 6.1320E+00 2.8687E+00 3.2632E+00  8.3795E-03 4.0116E-01 3.7526E-01   323
 4.0000E-02 5.0795E-01 6.0347E+00 2.8313E+00 3.2034E+00  7.7631E-03 4.0115E-01 3.6883E-01   324
 4.0000E-02 5.1086E-01 5.9371E+00 2.7904E+00 3.1467E+00  7.1498E-03 4.0114E-01 3.6274E-01   324
 4.0000E-02 5.1379E-01 5.8387E+00 2.7456E+00 3.0931E+00  6.5705E-03 4.0134E-01 3.5700E-01   285
 4.0000E-02 5.1676E-01 5.7388E+00 2.6960E+00 3.0428E+00  5.9502E-03 4.0133E-01 3.5162E-01   285
 4.0000E-02 5.1977E-01 5.6362E+00 2.6408E+00 2.9954E+00  5.3183E-03 4.0132E-01 3.4661E-01   285
 4.0000E-02 5.2281E-01 5.5177E+00 2.5726E+00 2.9450E+00  4.6155E-03 4.0131E-01 3.4129E-01   285
 4.0000E-02 5.2588E-01 5.3803E+00 2.4934E+00 2.8868E+00  3.8572E-03 4.0131E-01 3.3510E-01   285
 4.0000E-02 5.2899E-01 5.2287E+00 2.4074E+00 2.8213E+00  3.0753E-03 4.0131E-01 3.2806E-01   285
 4.0000E-02 5.3214E-01 5.0631E+00 2.3157E+00 2.7474E+00  2.2727E-03 4.0130E-01 3.2002E-01   285
 4.0000E-02 5.3533E-01 4.8851E+00 2.2204E+00 2.6647E+00  1.4515E-03 4.0130E-01 3.1094E-01   285
 4.0000E-02 5.3855E-01 4.6975E+00 2.1237E+00 2.5738E+00  6.1605E-04 4.0130E-01 3.0087E-01   285
 4.0000E-02 5.4182E-01 4.5045E+00 2.0281E+00 2.4765E+00 -2.3009E-04 4.0129E-01 2.9002E-01   285
 4.0000E-02 5.4512E-01 4.3102E+00 1.9353E+00 2.3749E+00 -1.0833E-03 4.0129E-01 2.7863E-01   285
 4.0000E-02 5.4847E-01 4.1180E+00 1.8464E+00 2.2717E+00 -1.9419E-03 4.0128E-01 2.6700E-01   285
 4.0000E-02 5.5185E-01 3.9344E+00 1.7636E+00 2.1708E+00 -2.7886E-03 4.0127E-01 2.5560E-01   285
 4.0000E-02 5.5528E-01 3.7564E+00 1.6844E+00 2.0720E+00 -3.6352E-03 4.0127E-01 2.4441E-01   285
 4.0000E-02 5.5875E-01 3.5840E+00 1.6082E+00 1.9758E+00 -4.4841E-03 4.0126E-01 2.3348E-01   285
 4.0000E-02 5.6226E-01 3.4168E+00 1.5348E+00 1.8820E+00 -5.3373E-03 4.0126E-01 2.2280E-01   285
 4.0000E-02 5.6582E-01 3.2546E+00 1.4642E+00 1.7904E+00 -6.1952E-03 4.0126E-01 2.1235E-01   285
 4.0000E-02 5.6943E-01 3.0974E+00 1.3965E+00 1.7009E+00 -7.0572E-03 4.0126E-01 2.0210E-01   285
 4.0000E-02 5.7308E-01 2.9456E+00 1.3326E+00 1.6130E+00 -7.9248E-03 4.0125E-01 1.9202E-01   285
 4.0000E-02 5.7677E-01 2.8003E+00 1.2735E+00 1.5268E+00 -8.7955E-03 4.0125E-01 1.8209E-01   285
 4.0000E-02 5.8052E-01 2.6636E+00 1.2210E+00 1.4426E+00 -9.6655E-03 4.0124E-01 1.7236E-01   285
 4.0000E-02 5.8431E-01 2.5373E+00 1.1764E+00 1.3609E+00 -1.0531E-02 4.0124E-01 1.6289E-01   285
 4.0000E-02 5.8816E-01 2.4237E+00 1.1406E+00 1.2832E+00 -1.1379E-02 4.0123E-01 1.5386E-01   285
 4.0000E-02 5.9205E-01 2.3242E+00 1.1134E+00 1.2108E+00 -1.2198E-02 4.0122E-01 1.4543E-01   285
 4.0000E-02 5.9600E-01 2.2387E+00 1.0941E+00 1.1445E+00 -1.2978E-02 4.0122E-01 1.3770E-01   285
 4.0000E-02 6.0000E-01 2.1666E+00 1.0820E+00 1.0846E+00 -1.3712E-02 4.0121E-01 1.3069E-01   285
