 DDSCAT --- DDSCAT 7.3.3 [22.01.20]   
 TARGET --->TARGSPHER  spherical target with explicit spacing                 
 GPFAFT --- method of solution 
 FLTRCD --- prescription for polarizabilities
 FROM_FILE --- shape 
    4169 = NAT0 = number of dipoles
 ../../diel/Pena-Rioux_dielectric_26Au_74Ag                  
 ../../diel/Pena-Rioux_dielectric_34Au_66Ag                  
 ../../diel/Pena-Rioux_dielectric_76Au_24Ag                  
   0.000   0.000 = beta_min, beta_max ;  NBETA = 1
   0.000   0.000 = theta_min, theta_max; NTHETA= 1
   0.000   0.000 = phi_min, phi_max   ;   NPHI = 1
 Results averaged over    1 target orientations
                   and  2 incident polarizations
   aeff       wave       Q_pha       Q_pol       Q_cpol
 8.0000E-02 3.0000E-01 -1.8207E-01  9.0599E-06 -2.1905E-06
 8.0000E-02 3.0101E-01 -1.8069E-01  6.9141E-06 -6.7055E-07
 8.0000E-02 3.0203E-01 -1.7940E-01  4.2915E-06 -4.4703E-08
 8.0000E-02 3.0305E-01 -1.7820E-01  9.5367E-07  1.0729E-06
 8.0000E-02 3.0408E-01 -1.7708E-01 -9.5367E-07 -8.9407E-07
 8.0000E-02 3.0512E-01 -1.7606E-01 -4.5300E-06  8.7917E-07
 8.0000E-02 3.0616E-01 -1.7513E-01  2.6226E-06  2.9802E-08
 8.0000E-02 3.0722E-01 -1.7430E-01 -9.5367E-07  2.9802E-07
 8.0000E-02 3.0828E-01 -1.7358E-01  3.5763E-06 -6.1095E-07
 8.0000E-02 3.0934E-01 -1.7295E-01  3.5763E-06  1.1921E-07
 8.0000E-02 3.1042E-01 -1.7241E-01  9.5367E-07  4.7684E-07
 8.0000E-02 3.1150E-01 -1.7196E-01  1.1921E-06 -1.1921E-07
 8.0000E-02 3.1259E-01 -1.7162E-01 -2.3842E-06 -2.2352E-07
 8.0000E-02 3.1368E-01 -1.7138E-01  1.4305E-06  8.9407E-08
 8.0000E-02 3.1479E-01 -1.7124E-01 -1.4305E-06 -2.3842E-07
 8.0000E-02 3.1590E-01 -1.7122E-01  2.3842E-07  1.7881E-07
 8.0000E-02 3.1702E-01 -1.7130E-01  4.5300E-06  3.1292E-07
 8.0000E-02 3.1815E-01 -1.7131E-01  3.8147E-06 -3.8743E-07
 8.0000E-02 3.1929E-01 -1.7143E-01 -2.1458E-06 -5.9605E-08
 8.0000E-02 3.2043E-01 -1.7172E-01 -2.8610E-06  3.8743E-07
 8.0000E-02 3.2158E-01 -1.7219E-01 -4.7684E-07  1.3411E-07
 8.0000E-02 3.2274E-01 -1.7284E-01  1.9073E-06 -3.4273E-07
 8.0000E-02 3.2391E-01 -1.7369E-01  1.1921E-06  1.0431E-07
 8.0000E-02 3.2509E-01 -1.7473E-01  4.7684E-07 -7.4506E-08
 8.0000E-02 3.2628E-01 -1.7598E-01  1.6689E-06  2.0564E-06
 8.0000E-02 3.2747E-01 -1.7769E-01  4.7684E-07  3.1292E-07
 8.0000E-02 3.2868E-01 -1.7973E-01  9.5367E-07  5.1111E-06
 8.0000E-02 3.2989E-01 -1.8210E-01  0.0000E+00  3.7253E-07
 8.0000E-02 3.3111E-01 -1.8482E-01 -8.8215E-06 -1.6391E-07
 8.0000E-02 3.3234E-01 -1.8790E-01 -4.5300E-06 -1.6093E-06
 8.0000E-02 3.3358E-01 -1.9136E-01 -8.8215E-06 -3.4273E-07
 8.0000E-02 3.3483E-01 -1.9522E-01 -1.4305E-06  8.9407E-08
 8.0000E-02 3.3609E-01 -1.9963E-01  2.3842E-07  0.0000E+00
 8.0000E-02 3.3736E-01 -2.0457E-01 -6.1989E-06 -4.4703E-08
 8.0000E-02 3.3864E-01 -2.0987E-01  1.0729E-05 -4.1723E-07
 8.0000E-02 3.3992E-01 -2.1554E-01  6.4373E-06 -4.4703E-08
 8.0000E-02 3.4122E-01 -2.2159E-01 -8.8215E-06 -1.3262E-06
 8.0000E-02 3.4253E-01 -2.2802E-01  1.4305E-06  3.1292E-07
 8.0000E-02 3.4385E-01 -2.3484E-01 -1.4305E-06 -5.8115E-07
 8.0000E-02 3.4517E-01 -2.4201E-01  2.6226E-06  4.4703E-08
 8.0000E-02 3.4651E-01 -2.4938E-01 -4.0531E-06 -1.4901E-07
 8.0000E-02 3.4786E-01 -2.5698E-01 -5.2452E-06 -3.5763E-07
 8.0000E-02 3.4922E-01 -2.6479E-01 -5.9605E-06  1.3709E-06
 8.0000E-02 3.5059E-01 -2.7280E-01 -1.7166E-05 -4.8876E-06
 8.0000E-02 3.5197E-01 -2.8103E-01 -3.0994E-06  2.5630E-06
 8.0000E-02 3.5336E-01 -2.8947E-01  4.7684E-06  3.0994E-06
 8.0000E-02 3.5476E-01 -2.9798E-01 -6.9141E-06  3.4571E-06
 8.0000E-02 3.5618E-01 -3.0651E-01 -1.1921E-06 -8.0168E-06
 8.0000E-02 3.5760E-01 -3.1511E-01  6.1989E-06 -8.9407E-07
 8.0000E-02 3.5904E-01 -3.2377E-01  1.0967E-05 -5.6624E-06
 8.0000E-02 3.6048E-01 -3.3247E-01 -9.2983E-06  2.1756E-06
 8.0000E-02 3.6194E-01 -3.4121E-01  9.5367E-07  2.3842E-06
 8.0000E-02 3.6341E-01 -3.4995E-01 -2.0027E-05 -6.4969E-06
 8.0000E-02 3.6490E-01 -3.5860E-01 -4.7684E-07 -3.8743E-07
 8.0000E-02 3.6639E-01 -3.6722E-01 -9.5367E-07 -7.7486E-07
 8.0000E-02 3.6790E-01 -3.7579E-01 -1.7643E-05 -3.3081E-06
 8.0000E-02 3.6942E-01 -3.8430E-01 -9.7752E-06 -7.4804E-06
 8.0000E-02 3.7095E-01 -3.9276E-01 -5.4836E-06  9.2387E-07
 8.0000E-02 3.7250E-01 -4.0112E-01  2.4796E-05 -2.0862E-06
 8.0000E-02 3.7406E-01 -4.0938E-01 -3.4094E-05 -9.2387E-07
 8.0000E-02 3.7563E-01 -4.1755E-01 -1.9312E-05  1.3113E-06
 8.0000E-02 3.7722E-01 -4.2562E-01  2.1458E-06 -7.4506E-07
 8.0000E-02 3.7881E-01 -4.3358E-01  1.8597E-05 -4.0829E-06
 8.0000E-02 3.8043E-01 -4.4143E-01  1.3828E-05 -4.2021E-06
 8.0000E-02 3.8205E-01 -4.4914E-01  8.8215E-06  1.9073E-06
 8.0000E-02 3.8369E-01 -4.5673E-01  1.4305E-06  2.7418E-06
 8.0000E-02 3.8534E-01 -4.6421E-01  1.6689E-06 -1.2815E-06
 8.0000E-02 3.8701E-01 -4.7157E-01  9.7752E-06 -2.0564E-06
 8.0000E-02 3.8870E-01 -4.7880E-01  9.2983E-06  1.2219E-06
 8.0000E-02 3.9039E-01 -4.8588E-01 -5.2452E-06  1.2219E-06
 8.0000E-02 3.9211E-01 -4.9283E-01  4.7684E-07  1.4901E-07
 8.0000E-02 3.9383E-01 -4.9967E-01  1.9312E-05  6.5565E-07
 8.0000E-02 3.9558E-01 -5.0640E-01 -2.6226E-06  1.1921E-07
 8.0000E-02 3.9733E-01 -5.1300E-01  1.8835E-05 -6.9737E-06
 8.0000E-02 3.9911E-01 -5.1945E-01  7.1526E-07  9.5367E-07
 8.0000E-02 4.0090E-01 -5.2576E-01 -1.1921E-06 -2.3246E-06
 8.0000E-02 4.0270E-01 -5.3197E-01  0.0000E+00 -9.5367E-07
 8.0000E-02 4.0452E-01 -5.3804E-01  1.2875E-05 -7.2122E-06
 8.0000E-02 4.0636E-01 -5.4394E-01  4.9591E-05  1.3113E-05
 8.0000E-02 4.0822E-01 -5.4963E-01  2.3842E-06  4.8280E-06
 8.0000E-02 4.1009E-01 -5.5513E-01  2.6464E-05  3.2187E-06
 8.0000E-02 4.1198E-01 -5.6043E-01 -2.3842E-07 -5.0068E-06
 8.0000E-02 4.1389E-01 -5.6545E-01  1.4544E-05  6.9141E-06
 8.0000E-02 4.1581E-01 -5.7014E-01  2.3842E-06 -1.4305E-06
 8.0000E-02 4.1776E-01 -5.7446E-01 -3.0994E-06 -4.1723E-07
 8.0000E-02 4.1972E-01 -5.7844E-01  1.2398E-05 -3.4571E-06
 8.0000E-02 4.2170E-01 -5.8200E-01  1.1683E-05 -5.7220E-06
 8.0000E-02 4.2370E-01 -5.8512E-01 -3.5763E-06 -3.9935E-06
 8.0000E-02 4.2571E-01 -5.8779E-01  3.5763E-06  3.5167E-06
 8.0000E-02 4.2775E-01 -5.9008E-01 -3.0994E-06  4.0531E-06
 8.0000E-02 4.2981E-01 -5.9198E-01 -2.6226E-06 -7.7486E-07
 8.0000E-02 4.3188E-01 -5.9345E-01 -2.3842E-06 -6.5565E-07
 8.0000E-02 4.3398E-01 -5.9450E-01 -2.1458E-06  3.3379E-06
 8.0000E-02 4.3610E-01 -5.9514E-01  5.0068E-06 -8.9407E-07
 8.0000E-02 4.3824E-01 -5.9538E-01  5.0068E-06 -1.2517E-06
 8.0000E-02 4.4039E-01 -5.9513E-01  3.0994E-06 -1.4305E-06
 8.0000E-02 4.4257E-01 -5.9442E-01  5.4836E-06 -2.5630E-06
 8.0000E-02 4.4478E-01 -5.9330E-01 -8.3447E-06 -1.1921E-07
 8.0000E-02 4.4700E-01 -5.9175E-01 -6.1989E-06 -7.7486E-07
 8.0000E-02 4.4925E-01 -5.8971E-01 -5.0068E-06 -1.9073E-06
 8.0000E-02 4.5152E-01 -5.8719E-01  7.1526E-07  3.6955E-06
 8.0000E-02 4.5381E-01 -5.8418E-01  1.4305E-06 -9.5367E-07
 8.0000E-02 4.5612E-01 -5.8053E-01  0.0000E+00  2.2054E-06
 8.0000E-02 4.5846E-01 -5.7605E-01  6.1989E-06  2.8610E-06
 8.0000E-02 4.6082E-01 -5.7057E-01  3.3379E-06  1.0133E-06
 8.0000E-02 4.6321E-01 -5.6387E-01  3.3379E-06  5.9605E-07
 8.0000E-02 4.6563E-01 -5.5549E-01 -1.2398E-05 -2.9802E-07
 8.0000E-02 4.6806E-01 -5.4511E-01  1.0490E-05  6.5565E-07
 8.0000E-02 4.7053E-01 -5.3237E-01  1.9073E-06 -8.3447E-07
 8.0000E-02 4.7302E-01 -5.1683E-01 -4.7684E-07  1.3113E-06
 8.0000E-02 4.7553E-01 -4.9806E-01  4.2915E-06 -4.8280E-06
 8.0000E-02 4.7807E-01 -4.7588E-01  6.1989E-06  2.9504E-06
 8.0000E-02 4.8065E-01 -4.5001E-01 -6.6757E-06 -5.4240E-06
 8.0000E-02 4.8324E-01 -4.2033E-01  1.2398E-05 -1.5497E-06
 8.0000E-02 4.8587E-01 -3.8703E-01 -1.9073E-06  6.5863E-06
 8.0000E-02 4.8852E-01 -3.5023E-01 -4.7684E-07 -8.4639E-06
 8.0000E-02 4.9121E-01 -3.1010E-01  8.5831E-06 -2.7716E-06
 8.0000E-02 4.9392E-01 -2.6708E-01 -3.8147E-06  6.2585E-07
 8.0000E-02 4.9667E-01 -2.2144E-01  7.1526E-06  3.3230E-06
 8.0000E-02 4.9944E-01 -1.7340E-01 -9.5367E-07  0.0000E+00
 8.0000E-02 5.0225E-01 -1.2335E-01 -1.4305E-05 -1.5721E-06
 8.0000E-02 5.0508E-01 -7.1656E-02 -2.3842E-05 -9.5963E-06
 8.0000E-02 5.0795E-01 -1.8705E-02 -1.5259E-05 -4.9733E-06
 8.0000E-02 5.1086E-01  3.4985E-02  1.9073E-05 -4.2692E-06
 8.0000E-02 5.1379E-01  8.8777E-02 -2.6226E-05  6.3106E-06
 8.0000E-02 5.1676E-01  1.4206E-01  7.1526E-06  1.1012E-05
 8.0000E-02 5.1977E-01  1.9413E-01  6.1989E-05 -4.9919E-06
 8.0000E-02 5.2281E-01  2.4428E-01 -2.4319E-05  4.2170E-06
 8.0000E-02 5.2588E-01  2.9162E-01 -2.4796E-05  8.0466E-07
 8.0000E-02 5.2899E-01  3.3523E-01  7.1526E-06  8.6427E-07
 8.0000E-02 5.3214E-01  3.7427E-01  1.3828E-05 -6.6459E-06
 8.0000E-02 5.3533E-01  4.0811E-01  1.9073E-05 -1.0699E-05
 8.0000E-02 5.3855E-01  4.3648E-01  3.3379E-05  1.6093E-06
 8.0000E-02 5.4182E-01  4.5944E-01 -1.0014E-05 -1.9073E-06
 8.0000E-02 5.4512E-01  4.7718E-01  4.0531E-05  4.7684E-07
 8.0000E-02 5.4847E-01  4.9027E-01 -1.5259E-05  7.7188E-06
 8.0000E-02 5.5185E-01  4.9961E-01 -3.1948E-05  1.4514E-05
 8.0000E-02 5.5528E-01  5.0605E-01  8.5831E-06 -3.3975E-06
 8.0000E-02 5.5875E-01  5.1038E-01  2.9087E-05  1.1921E-07
 8.0000E-02 5.6226E-01  5.1322E-01  3.6240E-05  2.0981E-05
 8.0000E-02 5.6582E-01  5.1493E-01 -4.0531E-05  1.0252E-05
 8.0000E-02 5.6943E-01  5.1567E-01 -1.0967E-05  1.6093E-06
 8.0000E-02 5.7308E-01  5.1551E-01 -2.2411E-05  8.8215E-06
 8.0000E-02 5.7677E-01  5.1429E-01  1.2875E-05 -1.5497E-06
 8.0000E-02 5.8052E-01  5.1182E-01  9.0599E-06 -2.5094E-05
 8.0000E-02 5.8431E-01  5.0796E-01 -2.8610E-06 -2.0564E-05
 8.0000E-02 5.8816E-01  5.0255E-01 -2.8610E-06  9.1195E-06
 8.0000E-02 5.9205E-01  4.9522E-01 -1.1015E-04  4.2319E-06
 8.0000E-02 5.9600E-01  4.8531E-01 -3.2902E-05 -1.9640E-05
 8.0000E-02 6.0000E-01  4.7215E-01  4.1962E-05 -1.4126E-05
