>TARGSPHER  spherical target with explicit spacing
3887 = NAT
1.000000  0.000000  0.000000 = A_1 vector
0.000000  1.000000  0.000000 = A_2 vector
1.000000  1.000000  1.000000 = (d_x,d_y,d_z)/d
-20.5 -20.5 -20.5 = lattice offset x0(1-3) = (x_TF,y_TF,z_TF)/d for dipole 1,1,1
    JA   IX   IY   IZ ICOMP(x,y,z)
     1  12  18  19 2 2 2
     2  12  18  20 2 2 2
     3  12  18  21 2 2 2
     4  12  18  22 2 2 2
     5  12  18  23 2 2 2
     6  12  19  18 2 2 2
     7  12  19  19 2 2 2
     8  12  19  20 2 2 2
     9  12  19  21 2 2 2
    10  12  19  22 2 2 2
    11  12  19  23 2 2 2
    12  12  19  24 2 2 2
    13  12  20  18 2 2 2
    14  12  20  19 2 2 2
    15  12  20  20 2 2 2
    16  12  20  21 2 2 2
    17  12  20  22 2 2 2
    18  12  20  23 2 2 2
    19  12  20  24 2 2 2
    20  12  21  18 2 2 2
    21  12  21  19 2 2 2
    22  12  21  20 2 2 2
    23  12  21  21 2 2 2
    24  12  21  22 2 2 2
    25  12  21  23 2 2 2
    26  12  21  24 2 2 2
    27  12  22  18 2 2 2
    28  12  22  19 2 2 2
    29  12  22  20 2 2 2
    30  12  22  21 2 2 2
    31  12  22  22 2 2 2
    32  12  22  23 2 2 2
    33  12  22  24 2 2 2
    34  12  23  18 2 2 2
    35  12  23  19 2 2 2
    36  12  23  20 2 2 2
    37  12  23  21 2 2 2
    38  12  23  22 2 2 2
    39  12  23  23 2 2 2
    40  12  23  24 2 2 2
    41  12  24  19 2 2 2
    42  12  24  20 2 2 2
    43  12  24  21 2 2 2
    44  12  24  22 2 2 2
    45  12  24  23 2 2 2
    46  13  16  19 2 2 2
    47  13  16  20 2 2 2
    48  13  16  21 2 2 2
    49  13  16  22 2 2 2
    50  13  16  23 2 2 2
    51  13  17  18 2 2 2
    52  13  17  19 2 2 2
    53  13  17  20 2 2 2
    54  13  17  21 2 2 2
    55  13  17  22 2 2 2
    56  13  17  23 2 2 2
    57  13  17  24 2 2 2
    58  13  18  17 2 2 2
    59  13  18  18 2 2 2
    60  13  18  19 2 2 2
    61  13  18  20 1 1 1
    62  13  18  21 1 1 1
    63  13  18  22 1 1 1
    64  13  18  23 2 2 2
    65  13  18  24 2 2 2
    66  13  18  25 2 2 2
    67  13  19  16 2 2 2
    68  13  19  17 2 2 2
    69  13  19  18 2 2 2
    70  13  19  19 1 1 1
    71  13  19  20 1 1 1
    72  13  19  21 1 1 1
    73  13  19  22 1 1 1
    74  13  19  23 1 1 1
    75  13  19  24 2 2 2
    76  13  19  25 2 2 2
    77  13  19  26 2 2 2
    78  13  20  16 2 2 2
    79  13  20  17 2 2 2
    80  13  20  18 1 1 1
    81  13  20  19 1 1 1
    82  13  20  20 1 1 1
    83  13  20  21 1 1 1
    84  13  20  22 1 1 1
    85  13  20  23 1 1 1
    86  13  20  24 1 1 1
    87  13  20  25 2 2 2
    88  13  20  26 2 2 2
    89  13  21  16 2 2 2
    90  13  21  17 2 2 2
    91  13  21  18 1 1 1
    92  13  21  19 1 1 1
    93  13  21  20 1 1 1
    94  13  21  21 1 1 1
    95  13  21  22 1 1 1
    96  13  21  23 1 1 1
    97  13  21  24 1 1 1
    98  13  21  25 2 2 2
    99  13  21  26 2 2 2
   100  13  22  16 2 2 2
   101  13  22  17 2 2 2
   102  13  22  18 1 1 1
   103  13  22  19 1 1 1
   104  13  22  20 1 1 1
   105  13  22  21 1 1 1
   106  13  22  22 1 1 1
   107  13  22  23 1 1 1
   108  13  22  24 1 1 1
   109  13  22  25 2 2 2
   110  13  22  26 2 2 2
   111  13  23  16 2 2 2
   112  13  23  17 2 2 2
   113  13  23  18 2 2 2
   114  13  23  19 1 1 1
   115  13  23  20 1 1 1
   116  13  23  21 1 1 1
   117  13  23  22 1 1 1
   118  13  23  23 1 1 1
   119  13  23  24 2 2 2
   120  13  23  25 2 2 2
   121  13  23  26 2 2 2
   122  13  24  17 2 2 2
   123  13  24  18 2 2 2
   124  13  24  19 2 2 2
   125  13  24  20 1 1 1
   126  13  24  21 1 1 1
   127  13  24  22 1 1 1
   128  13  24  23 2 2 2
   129  13  24  24 2 2 2
   130  13  24  25 2 2 2
   131  13  25  18 2 2 2
   132  13  25  19 2 2 2
   133  13  25  20 2 2 2
   134  13  25  21 2 2 2
   135  13  25  22 2 2 2
   136  13  25  23 2 2 2
   137  13  25  24 2 2 2
   138  13  26  19 2 2 2
   139  13  26  20 2 2 2
   140  13  26  21 2 2 2
   141  13  26  22 2 2 2
   142  13  26  23 2 2 2
   143  14  15  18 2 2 2
   144  14  15  19 2 2 2
   145  14  15  20 2 2 2
   146  14  15  21 2 2 2
   147  14  15  22 2 2 2
   148  14  15  23 2 2 2
   149  14  15  24 2 2 2
   150  14  16  17 2 2 2
   151  14  16  18 2 2 2
   152  14  16  19 2 2 2
   153  14  16  20 1 1 1
   154  14  16  21 1 1 1
   155  14  16  22 1 1 1
   156  14  16  23 2 2 2
   157  14  16  24 2 2 2
   158  14  16  25 2 2 2
   159  14  17  16 2 2 2
   160  14  17  17 2 2 2
   161  14  17  18 1 1 1
   162  14  17  19 1 1 1
   163  14  17  20 1 1 1
   164  14  17  21 1 1 1
   165  14  17  22 1 1 1
   166  14  17  23 1 1 1
   167  14  17  24 1 1 1
   168  14  17  25 2 2 2
   169  14  17  26 2 2 2
   170  14  18  15 2 2 2
   171  14  18  16 2 2 2
   172  14  18  17 1 1 1
   173  14  18  18 1 1 1
   174  14  18  19 1 1 1
   175  14  18  20 1 1 1
   176  14  18  21 1 1 1
   177  14  18  22 1 1 1
   178  14  18  23 1 1 1
   179  14  18  24 1 1 1
   180  14  18  25 1 1 1
   181  14  18  26 2 2 2
   182  14  18  27 2 2 2
   183  14  19  15 2 2 2
   184  14  19  16 2 2 2
   185  14  19  17 1 1 1
   186  14  19  18 1 1 1
   187  14  19  19 1 1 1
   188  14  19  20 1 1 1
   189  14  19  21 1 1 1
   190  14  19  22 1 1 1
   191  14  19  23 1 1 1
   192  14  19  24 1 1 1
   193  14  19  25 1 1 1
   194  14  19  26 2 2 2
   195  14  19  27 2 2 2
   196  14  20  15 2 2 2
   197  14  20  16 1 1 1
   198  14  20  17 1 1 1
   199  14  20  18 1 1 1
   200  14  20  19 1 1 1
   201  14  20  20 1 1 1
   202  14  20  21 1 1 1
   203  14  20  22 1 1 1
   204  14  20  23 1 1 1
   205  14  20  24 1 1 1
   206  14  20  25 1 1 1
   207  14  20  26 1 1 1
   208  14  20  27 2 2 2
   209  14  21  15 2 2 2
   210  14  21  16 1 1 1
   211  14  21  17 1 1 1
   212  14  21  18 1 1 1
   213  14  21  19 1 1 1
   214  14  21  20 1 1 1
   215  14  21  21 1 1 1
   216  14  21  22 1 1 1
   217  14  21  23 1 1 1
   218  14  21  24 1 1 1
   219  14  21  25 1 1 1
   220  14  21  26 1 1 1
   221  14  21  27 2 2 2
   222  14  22  15 2 2 2
   223  14  22  16 1 1 1
   224  14  22  17 1 1 1
   225  14  22  18 1 1 1
   226  14  22  19 1 1 1
   227  14  22  20 1 1 1
   228  14  22  21 1 1 1
   229  14  22  22 1 1 1
   230  14  22  23 1 1 1
   231  14  22  24 1 1 1
   232  14  22  25 1 1 1
   233  14  22  26 1 1 1
   234  14  22  27 2 2 2
   235  14  23  15 2 2 2
   236  14  23  16 2 2 2
   237  14  23  17 1 1 1
   238  14  23  18 1 1 1
   239  14  23  19 1 1 1
   240  14  23  20 1 1 1
   241  14  23  21 1 1 1
   242  14  23  22 1 1 1
   243  14  23  23 1 1 1
   244  14  23  24 1 1 1
   245  14  23  25 1 1 1
   246  14  23  26 2 2 2
   247  14  23  27 2 2 2
   248  14  24  15 2 2 2
   249  14  24  16 2 2 2
   250  14  24  17 1 1 1
   251  14  24  18 1 1 1
   252  14  24  19 1 1 1
   253  14  24  20 1 1 1
   254  14  24  21 1 1 1
   255  14  24  22 1 1 1
   256  14  24  23 1 1 1
   257  14  24  24 1 1 1
   258  14  24  25 1 1 1
   259  14  24  26 2 2 2
   260  14  24  27 2 2 2
   261  14  25  16 2 2 2
   262  14  25  17 2 2 2
   263  14  25  18 1 1 1
   264  14  25  19 1 1 1
   265  14  25  20 1 1 1
   266  14  25  21 1 1 1
   267  14  25  22 1 1 1
   268  14  25  23 1 1 1
   269  14  25  24 1 1 1
   270  14  25  25 2 2 2
   271  14  25  26 2 2 2
   272  14  26  17 2 2 2
   273  14  26  18 2 2 2
   274  14  26  19 2 2 2
   275  14  26  20 1 1 1
   276  14  26  21 1 1 1
   277  14  26  22 1 1 1
   278  14  26  23 2 2 2
   279  14  26  24 2 2 2
   280  14  26  25 2 2 2
   281  14  27  18 2 2 2
   282  14  27  19 2 2 2
   283  14  27  20 2 2 2
   284  14  27  21 2 2 2
   285  14  27  22 2 2 2
   286  14  27  23 2 2 2
   287  14  27  24 2 2 2
   288  15  14  18 2 2 2
   289  15  14  19 2 2 2
   290  15  14  20 2 2 2
   291  15  14  21 2 2 2
   292  15  14  22 2 2 2
   293  15  14  23 2 2 2
   294  15  14  24 2 2 2
   295  15  15  17 2 2 2
   296  15  15  18 2 2 2
   297  15  15  19 1 1 1
   298  15  15  20 1 1 1
   299  15  15  21 1 1 1
   300  15  15  22 1 1 1
   301  15  15  23 1 1 1
   302  15  15  24 2 2 2
   303  15  15  25 2 2 2
   304  15  16  16 2 2 2
   305  15  16  17 2 2 2
   306  15  16  18 1 1 1
   307  15  16  19 1 1 1
   308  15  16  20 1 1 1
   309  15  16  21 1 1 1
   310  15  16  22 1 1 1
   311  15  16  23 1 1 1
   312  15  16  24 1 1 1
   313  15  16  25 2 2 2
   314  15  16  26 2 2 2
   315  15  17  15 2 2 2
   316  15  17  16 2 2 2
   317  15  17  17 1 1 1
   318  15  17  18 1 1 1
   319  15  17  19 1 1 1
   320  15  17  20 1 1 1
   321  15  17  21 1 1 1
   322  15  17  22 1 1 1
   323  15  17  23 1 1 1
   324  15  17  24 1 1 1
   325  15  17  25 1 1 1
   326  15  17  26 2 2 2
   327  15  17  27 2 2 2
   328  15  18  14 2 2 2
   329  15  18  15 2 2 2
   330  15  18  16 1 1 1
   331  15  18  17 1 1 1
   332  15  18  18 1 1 1
   333  15  18  19 1 1 1
   334  15  18  20 1 1 1
   335  15  18  21 1 1 1
   336  15  18  22 1 1 1
   337  15  18  23 1 1 1
   338  15  18  24 1 1 1
   339  15  18  25 1 1 1
   340  15  18  26 1 1 1
   341  15  18  27 2 2 2
   342  15  18  28 2 2 2
   343  15  19  14 2 2 2
   344  15  19  15 1 1 1
   345  15  19  16 1 1 1
   346  15  19  17 1 1 1
   347  15  19  18 1 1 1
   348  15  19  19 1 1 1
   349  15  19  20 1 1 1
   350  15  19  21 1 1 1
   351  15  19  22 1 1 1
   352  15  19  23 1 1 1
   353  15  19  24 1 1 1
   354  15  19  25 1 1 1
   355  15  19  26 1 1 1
   356  15  19  27 1 1 1
   357  15  19  28 2 2 2
   358  15  20  14 2 2 2
   359  15  20  15 1 1 1
   360  15  20  16 1 1 1
   361  15  20  17 1 1 1
   362  15  20  18 1 1 1
   363  15  20  19 1 1 1
   364  15  20  20 1 1 1
   365  15  20  21 1 1 1
   366  15  20  22 1 1 1
   367  15  20  23 1 1 1
   368  15  20  24 1 1 1
   369  15  20  25 1 1 1
   370  15  20  26 1 1 1
   371  15  20  27 1 1 1
   372  15  20  28 2 2 2
   373  15  21  14 2 2 2
   374  15  21  15 1 1 1
   375  15  21  16 1 1 1
   376  15  21  17 1 1 1
   377  15  21  18 1 1 1
   378  15  21  19 1 1 1
   379  15  21  20 1 1 1
   380  15  21  21 1 1 1
   381  15  21  22 1 1 1
   382  15  21  23 1 1 1
   383  15  21  24 1 1 1
   384  15  21  25 1 1 1
   385  15  21  26 1 1 1
   386  15  21  27 1 1 1
   387  15  21  28 2 2 2
   388  15  22  14 2 2 2
   389  15  22  15 1 1 1
   390  15  22  16 1 1 1
   391  15  22  17 1 1 1
   392  15  22  18 1 1 1
   393  15  22  19 1 1 1
   394  15  22  20 1 1 1
   395  15  22  21 1 1 1
   396  15  22  22 1 1 1
   397  15  22  23 1 1 1
   398  15  22  24 1 1 1
   399  15  22  25 1 1 1
   400  15  22  26 1 1 1
   401  15  22  27 1 1 1
   402  15  22  28 2 2 2
   403  15  23  14 2 2 2
   404  15  23  15 1 1 1
   405  15  23  16 1 1 1
   406  15  23  17 1 1 1
   407  15  23  18 1 1 1
   408  15  23  19 1 1 1
   409  15  23  20 1 1 1
   410  15  23  21 1 1 1
   411  15  23  22 1 1 1
   412  15  23  23 1 1 1
   413  15  23  24 1 1 1
   414  15  23  25 1 1 1
   415  15  23  26 1 1 1
   416  15  23  27 1 1 1
   417  15  23  28 2 2 2
   418  15  24  14 2 2 2
   419  15  24  15 2 2 2
   420  15  24  16 1 1 1
   421  15  24  17 1 1 1
   422  15  24  18 1 1 1
   423  15  24  19 1 1 1
   424  15  24  20 1 1 1
   425  15  24  21 1 1 1
   426  15  24  22 1 1 1
   427  15  24  23 1 1 1
   428  15  24  24 1 1 1
   429  15  24  25 1 1 1
   430  15  24  26 1 1 1
   431  15  24  27 2 2 2
   432  15  24  28 2 2 2
   433  15  25  15 2 2 2
   434  15  25  16 2 2 2
   435  15  25  17 1 1 1
   436  15  25  18 1 1 1
   437  15  25  19 1 1 1
   438  15  25  20 1 1 1
   439  15  25  21 1 1 1
   440  15  25  22 1 1 1
   441  15  25  23 1 1 1
   442  15  25  24 1 1 1
   443  15  25  25 1 1 1
   444  15  25  26 2 2 2
   445  15  25  27 2 2 2
   446  15  26  16 2 2 2
   447  15  26  17 2 2 2
   448  15  26  18 1 1 1
   449  15  26  19 1 1 1
   450  15  26  20 1 1 1
   451  15  26  21 1 1 1
   452  15  26  22 1 1 1
   453  15  26  23 1 1 1
   454  15  26  24 1 1 1
   455  15  26  25 2 2 2
   456  15  26  26 2 2 2
   457  15  27  17 2 2 2
   458  15  27  18 2 2 2
   459  15  27  19 1 1 1
   460  15  27  20 1 1 1
   461  15  27  21 1 1 1
   462  15  27  22 1 1 1
   463  15  27  23 1 1 1
   464  15  27  24 2 2 2
   465  15  27  25 2 2 2
   466  15  28  18 2 2 2
   467  15  28  19 2 2 2
   468  15  28  20 2 2 2
   469  15  28  21 2 2 2
   470  15  28  22 2 2 2
   471  15  28  23 2 2 2
   472  15  28  24 2 2 2
   473  16  13  19 2 2 2
   474  16  13  20 2 2 2
   475  16  13  21 2 2 2
   476  16  13  22 2 2 2
   477  16  13  23 2 2 2
   478  16  14  17 2 2 2
   479  16  14  18 2 2 2
   480  16  14  19 2 2 2
   481  16  14  20 1 1 1
   482  16  14  21 1 1 1
   483  16  14  22 1 1 1
   484  16  14  23 2 2 2
   485  16  14  24 2 2 2
   486  16  14  25 2 2 2
   487  16  15  16 2 2 2
   488  16  15  17 2 2 2
   489  16  15  18 1 1 1
   490  16  15  19 1 1 1
   491  16  15  20 1 1 1
   492  16  15  21 1 1 1
   493  16  15  22 1 1 1
   494  16  15  23 1 1 1
   495  16  15  24 1 1 1
   496  16  15  25 2 2 2
   497  16  15  26 2 2 2
   498  16  16  15 2 2 2
   499  16  16  16 1 1 1
   500  16  16  17 1 1 1
   501  16  16  18 1 1 1
   502  16  16  19 1 1 1
   503  16  16  20 1 1 1
   504  16  16  21 1 1 1
   505  16  16  22 1 1 1
   506  16  16  23 1 1 1
   507  16  16  24 1 1 1
   508  16  16  25 1 1 1
   509  16  16  26 1 1 1
   510  16  16  27 2 2 2
   511  16  17  14 2 2 2
   512  16  17  15 2 2 2
   513  16  17  16 1 1 1
   514  16  17  17 1 1 1
   515  16  17  18 1 1 1
   516  16  17  19 1 1 1
   517  16  17  20 1 1 1
   518  16  17  21 1 1 1
   519  16  17  22 1 1 1
   520  16  17  23 1 1 1
   521  16  17  24 1 1 1
   522  16  17  25 1 1 1
   523  16  17  26 1 1 1
   524  16  17  27 2 2 2
   525  16  17  28 2 2 2
   526  16  18  14 2 2 2
   527  16  18  15 1 1 1
   528  16  18  16 1 1 1
   529  16  18  17 1 1 1
   530  16  18  18 1 1 1
   531  16  18  19 1 1 1
   532  16  18  20 1 1 1
   533  16  18  21 1 1 1
   534  16  18  22 1 1 1
   535  16  18  23 1 1 1
   536  16  18  24 1 1 1
   537  16  18  25 1 1 1
   538  16  18  26 1 1 1
   539  16  18  27 1 1 1
   540  16  18  28 2 2 2
   541  16  19  13 2 2 2
   542  16  19  14 2 2 2
   543  16  19  15 1 1 1
   544  16  19  16 1 1 1
   545  16  19  17 1 1 1
   546  16  19  18 1 1 1
   547  16  19  19 1 1 1
   548  16  19  20 1 1 1
   549  16  19  21 1 1 1
   550  16  19  22 1 1 1
   551  16  19  23 1 1 1
   552  16  19  24 1 1 1
   553  16  19  25 1 1 1
   554  16  19  26 1 1 1
   555  16  19  27 1 1 1
   556  16  19  28 2 2 2
   557  16  19  29 2 2 2
   558  16  20  13 2 2 2
   559  16  20  14 1 1 1
   560  16  20  15 1 1 1
   561  16  20  16 1 1 1
   562  16  20  17 1 1 1
   563  16  20  18 1 1 1
   564  16  20  19 1 1 1
   565  16  20  20 1 1 1
   566  16  20  21 1 1 1
   567  16  20  22 1 1 1
   568  16  20  23 1 1 1
   569  16  20  24 1 1 1
   570  16  20  25 1 1 1
   571  16  20  26 1 1 1
   572  16  20  27 1 1 1
   573  16  20  28 1 1 1
   574  16  20  29 2 2 2
   575  16  21  13 2 2 2
   576  16  21  14 1 1 1
   577  16  21  15 1 1 1
   578  16  21  16 1 1 1
   579  16  21  17 1 1 1
   580  16  21  18 1 1 1
   581  16  21  19 1 1 1
   582  16  21  20 1 1 1
   583  16  21  21 1 1 1
   584  16  21  22 1 1 1
   585  16  21  23 1 1 1
   586  16  21  24 1 1 1
   587  16  21  25 1 1 1
   588  16  21  26 1 1 1
   589  16  21  27 1 1 1
   590  16  21  28 1 1 1
   591  16  21  29 2 2 2
   592  16  22  13 2 2 2
   593  16  22  14 1 1 1
   594  16  22  15 1 1 1
   595  16  22  16 1 1 1
   596  16  22  17 1 1 1
   597  16  22  18 1 1 1
   598  16  22  19 1 1 1
   599  16  22  20 1 1 1
   600  16  22  21 1 1 1
   601  16  22  22 1 1 1
   602  16  22  23 1 1 1
   603  16  22  24 1 1 1
   604  16  22  25 1 1 1
   605  16  22  26 1 1 1
   606  16  22  27 1 1 1
   607  16  22  28 1 1 1
   608  16  22  29 2 2 2
   609  16  23  13 2 2 2
   610  16  23  14 2 2 2
   611  16  23  15 1 1 1
   612  16  23  16 1 1 1
   613  16  23  17 1 1 1
   614  16  23  18 1 1 1
   615  16  23  19 1 1 1
   616  16  23  20 1 1 1
   617  16  23  21 1 1 1
   618  16  23  22 1 1 1
   619  16  23  23 1 1 1
   620  16  23  24 1 1 1
   621  16  23  25 1 1 1
   622  16  23  26 1 1 1
   623  16  23  27 1 1 1
   624  16  23  28 2 2 2
   625  16  23  29 2 2 2
   626  16  24  14 2 2 2
   627  16  24  15 1 1 1
   628  16  24  16 1 1 1
   629  16  24  17 1 1 1
   630  16  24  18 1 1 1
   631  16  24  19 1 1 1
   632  16  24  20 1 1 1
   633  16  24  21 1 1 1
   634  16  24  22 1 1 1
   635  16  24  23 1 1 1
   636  16  24  24 1 1 1
   637  16  24  25 1 1 1
   638  16  24  26 1 1 1
   639  16  24  27 1 1 1
   640  16  24  28 2 2 2
   641  16  25  14 2 2 2
   642  16  25  15 2 2 2
   643  16  25  16 1 1 1
   644  16  25  17 1 1 1
   645  16  25  18 1 1 1
   646  16  25  19 1 1 1
   647  16  25  20 1 1 1
   648  16  25  21 1 1 1
   649  16  25  22 1 1 1
   650  16  25  23 1 1 1
   651  16  25  24 1 1 1
   652  16  25  25 1 1 1
   653  16  25  26 1 1 1
   654  16  25  27 2 2 2
   655  16  25  28 2 2 2
   656  16  26  15 2 2 2
   657  16  26  16 1 1 1
   658  16  26  17 1 1 1
   659  16  26  18 1 1 1
   660  16  26  19 1 1 1
   661  16  26  20 1 1 1
   662  16  26  21 1 1 1
   663  16  26  22 1 1 1
   664  16  26  23 1 1 1
   665  16  26  24 1 1 1
   666  16  26  25 1 1 1
   667  16  26  26 1 1 1
   668  16  26  27 2 2 2
   669  16  27  16 2 2 2
   670  16  27  17 2 2 2
   671  16  27  18 1 1 1
   672  16  27  19 1 1 1
   673  16  27  20 1 1 1
   674  16  27  21 1 1 1
   675  16  27  22 1 1 1
   676  16  27  23 1 1 1
   677  16  27  24 1 1 1
   678  16  27  25 2 2 2
   679  16  27  26 2 2 2
   680  16  28  17 2 2 2
   681  16  28  18 2 2 2
   682  16  28  19 2 2 2
   683  16  28  20 1 1 1
   684  16  28  21 1 1 1
   685  16  28  22 1 1 1
   686  16  28  23 2 2 2
   687  16  28  24 2 2 2
   688  16  28  25 2 2 2
   689  16  29  19 2 2 2
   690  16  29  20 2 2 2
   691  16  29  21 2 2 2
   692  16  29  22 2 2 2
   693  16  29  23 2 2 2
   694  17  13  18 2 2 2
   695  17  13  19 2 2 2
   696  17  13  20 2 2 2
   697  17  13  21 2 2 2
   698  17  13  22 2 2 2
   699  17  13  23 2 2 2
   700  17  13  24 2 2 2
   701  17  14  16 2 2 2
   702  17  14  17 2 2 2
   703  17  14  18 1 1 1
   704  17  14  19 1 1 1
   705  17  14  20 1 1 1
   706  17  14  21 1 1 1
   707  17  14  22 1 1 1
   708  17  14  23 1 1 1
   709  17  14  24 1 1 1
   710  17  14  25 2 2 2
   711  17  14  26 2 2 2
   712  17  15  15 2 2 2
   713  17  15  16 2 2 2
   714  17  15  17 1 1 1
   715  17  15  18 1 1 1
   716  17  15  19 1 1 1
   717  17  15  20 1 1 1
   718  17  15  21 1 1 1
   719  17  15  22 1 1 1
   720  17  15  23 1 1 1
   721  17  15  24 1 1 1
   722  17  15  25 1 1 1
   723  17  15  26 2 2 2
   724  17  15  27 2 2 2
   725  17  16  14 2 2 2
   726  17  16  15 2 2 2
   727  17  16  16 1 1 1
   728  17  16  17 1 1 1
   729  17  16  18 1 1 1
   730  17  16  19 1 1 1
   731  17  16  20 1 1 1
   732  17  16  21 1 1 1
   733  17  16  22 1 1 1
   734  17  16  23 1 1 1
   735  17  16  24 1 1 1
   736  17  16  25 1 1 1
   737  17  16  26 1 1 1
   738  17  16  27 2 2 2
   739  17  16  28 2 2 2
   740  17  17  14 2 2 2
   741  17  17  15 1 1 1
   742  17  17  16 1 1 1
   743  17  17  17 1 1 1
   744  17  17  18 1 1 1
   745  17  17  19 1 1 1
   746  17  17  20 1 1 1
   747  17  17  21 1 1 1
   748  17  17  22 1 1 1
   749  17  17  23 1 1 1
   750  17  17  24 1 1 1
   751  17  17  25 1 1 1
   752  17  17  26 1 1 1
   753  17  17  27 1 1 1
   754  17  17  28 2 2 2
   755  17  18  13 2 2 2
   756  17  18  14 1 1 1
   757  17  18  15 1 1 1
   758  17  18  16 1 1 1
   759  17  18  17 1 1 1
   760  17  18  18 1 1 1
   761  17  18  19 1 1 1
   762  17  18  20 1 1 1
   763  17  18  21 1 1 1
   764  17  18  22 1 1 1
   765  17  18  23 1 1 1
   766  17  18  24 1 1 1
   767  17  18  25 1 1 1
   768  17  18  26 1 1 1
   769  17  18  27 1 1 1
   770  17  18  28 1 1 1
   771  17  18  29 2 2 2
   772  17  19  13 2 2 2
   773  17  19  14 1 1 1
   774  17  19  15 1 1 1
   775  17  19  16 1 1 1
   776  17  19  17 1 1 1
   777  17  19  18 1 1 1
   778  17  19  19 1 1 1
   779  17  19  20 1 1 1
   780  17  19  21 1 1 1
   781  17  19  22 1 1 1
   782  17  19  23 1 1 1
   783  17  19  24 1 1 1
   784  17  19  25 1 1 1
   785  17  19  26 1 1 1
   786  17  19  27 1 1 1
   787  17  19  28 1 1 1
   788  17  19  29 2 2 2
   789  17  20  13 2 2 2
   790  17  20  14 1 1 1
   791  17  20  15 1 1 1
   792  17  20  16 1 1 1
   793  17  20  17 1 1 1
   794  17  20  18 1 1 1
   795  17  20  19 1 1 1
   796  17  20  20 1 1 1
   797  17  20  21 1 1 1
   798  17  20  22 1 1 1
   799  17  20  23 1 1 1
   800  17  20  24 1 1 1
   801  17  20  25 1 1 1
   802  17  20  26 1 1 1
   803  17  20  27 1 1 1
   804  17  20  28 1 1 1
   805  17  20  29 2 2 2
   806  17  21  13 2 2 2
   807  17  21  14 1 1 1
   808  17  21  15 1 1 1
   809  17  21  16 1 1 1
   810  17  21  17 1 1 1
   811  17  21  18 1 1 1
   812  17  21  19 1 1 1
   813  17  21  20 1 1 1
   814  17  21  21 1 1 1
   815  17  21  22 1 1 1
   816  17  21  23 1 1 1
   817  17  21  24 1 1 1
   818  17  21  25 1 1 1
   819  17  21  26 1 1 1
   820  17  21  27 1 1 1
   821  17  21  28 1 1 1
   822  17  21  29 2 2 2
   823  17  22  13 2 2 2
   824  17  22  14 1 1 1
   825  17  22  15 1 1 1
   826  17  22  16 1 1 1
   827  17  22  17 1 1 1
   828  17  22  18 1 1 1
   829  17  22  19 1 1 1
   830  17  22  20 1 1 1
   831  17  22  21 1 1 1
   832  17  22  22 1 1 1
   833  17  22  23 1 1 1
   834  17  22  24 1 1 1
   835  17  22  25 1 1 1
   836  17  22  26 1 1 1
   837  17  22  27 1 1 1
   838  17  22  28 1 1 1
   839  17  22  29 2 2 2
   840  17  23  13 2 2 2
   841  17  23  14 1 1 1
   842  17  23  15 1 1 1
   843  17  23  16 1 1 1
   844  17  23  17 1 1 1
   845  17  23  18 1 1 1
   846  17  23  19 1 1 1
   847  17  23  20 1 1 1
   848  17  23  21 1 1 1
   849  17  23  22 1 1 1
   850  17  23  23 1 1 1
   851  17  23  24 1 1 1
   852  17  23  25 1 1 1
   853  17  23  26 1 1 1
   854  17  23  27 1 1 1
   855  17  23  28 1 1 1
   856  17  23  29 2 2 2
   857  17  24  13 2 2 2
   858  17  24  14 1 1 1
   859  17  24  15 1 1 1
   860  17  24  16 1 1 1
   861  17  24  17 1 1 1
   862  17  24  18 1 1 1
   863  17  24  19 1 1 1
   864  17  24  20 1 1 1
   865  17  24  21 1 1 1
   866  17  24  22 1 1 1
   867  17  24  23 1 1 1
   868  17  24  24 1 1 1
   869  17  24  25 1 1 1
   870  17  24  26 1 1 1
   871  17  24  27 1 1 1
   872  17  24  28 1 1 1
   873  17  24  29 2 2 2
   874  17  25  14 2 2 2
   875  17  25  15 1 1 1
   876  17  25  16 1 1 1
   877  17  25  17 1 1 1
   878  17  25  18 1 1 1
   879  17  25  19 1 1 1
   880  17  25  20 1 1 1
   881  17  25  21 1 1 1
   882  17  25  22 1 1 1
   883  17  25  23 1 1 1
   884  17  25  24 1 1 1
   885  17  25  25 1 1 1
   886  17  25  26 1 1 1
   887  17  25  27 1 1 1
   888  17  25  28 2 2 2
   889  17  26  14 2 2 2
   890  17  26  15 2 2 2
   891  17  26  16 1 1 1
   892  17  26  17 1 1 1
   893  17  26  18 1 1 1
   894  17  26  19 1 1 1
   895  17  26  20 1 1 1
   896  17  26  21 1 1 1
   897  17  26  22 1 1 1
   898  17  26  23 1 1 1
   899  17  26  24 1 1 1
   900  17  26  25 1 1 1
   901  17  26  26 1 1 1
   902  17  26  27 2 2 2
   903  17  26  28 2 2 2
   904  17  27  15 2 2 2
   905  17  27  16 2 2 2
   906  17  27  17 1 1 1
   907  17  27  18 1 1 1
   908  17  27  19 1 1 1
   909  17  27  20 1 1 1
   910  17  27  21 1 1 1
   911  17  27  22 1 1 1
   912  17  27  23 1 1 1
   913  17  27  24 1 1 1
   914  17  27  25 1 1 1
   915  17  27  26 2 2 2
   916  17  27  27 2 2 2
   917  17  28  16 2 2 2
   918  17  28  17 2 2 2
   919  17  28  18 1 1 1
   920  17  28  19 1 1 1
   921  17  28  20 1 1 1
   922  17  28  21 1 1 1
   923  17  28  22 1 1 1
   924  17  28  23 1 1 1
   925  17  28  24 1 1 1
   926  17  28  25 2 2 2
   927  17  28  26 2 2 2
   928  17  29  18 2 2 2
   929  17  29  19 2 2 2
   930  17  29  20 2 2 2
   931  17  29  21 2 2 2
   932  17  29  22 2 2 2
   933  17  29  23 2 2 2
   934  17  29  24 2 2 2
   935  18  12  19 2 2 2
   936  18  12  20 2 2 2
   937  18  12  21 2 2 2
   938  18  12  22 2 2 2
   939  18  12  23 2 2 2
   940  18  13  17 2 2 2
   941  18  13  18 2 2 2
   942  18  13  19 2 2 2
   943  18  13  20 1 1 1
   944  18  13  21 1 1 1
   945  18  13  22 1 1 1
   946  18  13  23 2 2 2
   947  18  13  24 2 2 2
   948  18  13  25 2 2 2
   949  18  14  15 2 2 2
   950  18  14  16 2 2 2
   951  18  14  17 1 1 1
   952  18  14  18 1 1 1
   953  18  14  19 1 1 1
   954  18  14  20 1 1 1
   955  18  14  21 1 1 1
   956  18  14  22 1 1 1
   957  18  14  23 1 1 1
   958  18  14  24 1 1 1
   959  18  14  25 1 1 1
   960  18  14  26 2 2 2
   961  18  14  27 2 2 2
   962  18  15  14 2 2 2
   963  18  15  15 2 2 2
   964  18  15  16 1 1 1
   965  18  15  17 1 1 1
   966  18  15  18 1 1 1
   967  18  15  19 1 1 1
   968  18  15  20 1 1 1
   969  18  15  21 1 1 1
   970  18  15  22 1 1 1
   971  18  15  23 1 1 1
   972  18  15  24 1 1 1
   973  18  15  25 1 1 1
   974  18  15  26 1 1 1
   975  18  15  27 2 2 2
   976  18  15  28 2 2 2
   977  18  16  14 2 2 2
   978  18  16  15 1 1 1
   979  18  16  16 1 1 1
   980  18  16  17 1 1 1
   981  18  16  18 1 1 1
   982  18  16  19 1 1 1
   983  18  16  20 1 1 1
   984  18  16  21 1 1 1
   985  18  16  22 1 1 1
   986  18  16  23 1 1 1
   987  18  16  24 1 1 1
   988  18  16  25 1 1 1
   989  18  16  26 1 1 1
   990  18  16  27 1 1 1
   991  18  16  28 2 2 2
   992  18  17  13 2 2 2
   993  18  17  14 1 1 1
   994  18  17  15 1 1 1
   995  18  17  16 1 1 1
   996  18  17  17 1 1 1
   997  18  17  18 1 1 1
   998  18  17  19 1 1 1
   999  18  17  20 1 1 1
  1000  18  17  21 1 1 1
  1001  18  17  22 1 1 1
  1002  18  17  23 1 1 1
  1003  18  17  24 1 1 1
  1004  18  17  25 1 1 1
  1005  18  17  26 1 1 1
  1006  18  17  27 1 1 1
  1007  18  17  28 1 1 1
  1008  18  17  29 2 2 2
  1009  18  18  13 2 2 2
  1010  18  18  14 1 1 1
  1011  18  18  15 1 1 1
  1012  18  18  16 1 1 1
  1013  18  18  17 1 1 1
  1014  18  18  18 1 1 1
  1015  18  18  19 1 1 1
  1016  18  18  20 1 1 1
  1017  18  18  21 1 1 1
  1018  18  18  22 1 1 1
  1019  18  18  23 1 1 1
  1020  18  18  24 1 1 1
  1021  18  18  25 1 1 1
  1022  18  18  26 1 1 1
  1023  18  18  27 1 1 1
  1024  18  18  28 1 1 1
  1025  18  18  29 2 2 2
  1026  18  19  12 2 2 2
  1027  18  19  13 2 2 2
  1028  18  19  14 1 1 1
  1029  18  19  15 1 1 1
  1030  18  19  16 1 1 1
  1031  18  19  17 1 1 1
  1032  18  19  18 1 1 1
  1033  18  19  19 1 1 1
  1034  18  19  20 1 1 1
  1035  18  19  21 1 1 1
  1036  18  19  22 1 1 1
  1037  18  19  23 1 1 1
  1038  18  19  24 1 1 1
  1039  18  19  25 1 1 1
  1040  18  19  26 1 1 1
  1041  18  19  27 1 1 1
  1042  18  19  28 1 1 1
  1043  18  19  29 2 2 2
  1044  18  19  30 2 2 2
  1045  18  20  12 2 2 2
  1046  18  20  13 1 1 1
  1047  18  20  14 1 1 1
  1048  18  20  15 1 1 1
  1049  18  20  16 1 1 1
  1050  18  20  17 1 1 1
  1051  18  20  18 1 1 1
  1052  18  20  19 1 1 1
  1053  18  20  20 1 1 1
  1054  18  20  21 1 1 1
  1055  18  20  22 1 1 1
  1056  18  20  23 1 1 1
  1057  18  20  24 1 1 1
  1058  18  20  25 1 1 1
  1059  18  20  26 1 1 1
  1060  18  20  27 1 1 1
  1061  18  20  28 1 1 1
  1062  18  20  29 1 1 1
  1063  18  20  30 2 2 2
  1064  18  21  12 2 2 2
  1065  18  21  13 1 1 1
  1066  18  21  14 1 1 1
  1067  18  21  15 1 1 1
  1068  18  21  16 1 1 1
  1069  18  21  17 1 1 1
  1070  18  21  18 1 1 1
  1071  18  21  19 1 1 1
  1072  18  21  20 1 1 1
  1073  18  21  21 1 1 1
  1074  18  21  22 1 1 1
  1075  18  21  23 1 1 1
  1076  18  21  24 1 1 1
  1077  18  21  25 1 1 1
  1078  18  21  26 1 1 1
  1079  18  21  27 1 1 1
  1080  18  21  28 1 1 1
  1081  18  21  29 1 1 1
  1082  18  21  30 2 2 2
  1083  18  22  12 2 2 2
  1084  18  22  13 1 1 1
  1085  18  22  14 1 1 1
  1086  18  22  15 1 1 1
  1087  18  22  16 1 1 1
  1088  18  22  17 1 1 1
  1089  18  22  18 1 1 1
  1090  18  22  19 1 1 1
  1091  18  22  20 1 1 1
  1092  18  22  21 1 1 1
  1093  18  22  22 1 1 1
  1094  18  22  23 1 1 1
  1095  18  22  24 1 1 1
  1096  18  22  25 1 1 1
  1097  18  22  26 1 1 1
  1098  18  22  27 1 1 1
  1099  18  22  28 1 1 1
  1100  18  22  29 1 1 1
  1101  18  22  30 2 2 2
  1102  18  23  12 2 2 2
  1103  18  23  13 2 2 2
  1104  18  23  14 1 1 1
  1105  18  23  15 1 1 1
  1106  18  23  16 1 1 1
  1107  18  23  17 1 1 1
  1108  18  23  18 1 1 1
  1109  18  23  19 1 1 1
  1110  18  23  20 1 1 1
  1111  18  23  21 1 1 1
  1112  18  23  22 1 1 1
  1113  18  23  23 1 1 1
  1114  18  23  24 1 1 1
  1115  18  23  25 1 1 1
  1116  18  23  26 1 1 1
  1117  18  23  27 1 1 1
  1118  18  23  28 1 1 1
  1119  18  23  29 2 2 2
  1120  18  23  30 2 2 2
  1121  18  24  13 2 2 2
  1122  18  24  14 1 1 1
  1123  18  24  15 1 1 1
  1124  18  24  16 1 1 1
  1125  18  24  17 1 1 1
  1126  18  24  18 1 1 1
  1127  18  24  19 1 1 1
  1128  18  24  20 1 1 1
  1129  18  24  21 1 1 1
  1130  18  24  22 1 1 1
  1131  18  24  23 1 1 1
  1132  18  24  24 1 1 1
  1133  18  24  25 1 1 1
  1134  18  24  26 1 1 1
  1135  18  24  27 1 1 1
  1136  18  24  28 1 1 1
  1137  18  24  29 2 2 2
  1138  18  25  13 2 2 2
  1139  18  25  14 1 1 1
  1140  18  25  15 1 1 1
  1141  18  25  16 1 1 1
  1142  18  25  17 1 1 1
  1143  18  25  18 1 1 1
  1144  18  25  19 1 1 1
  1145  18  25  20 1 1 1
  1146  18  25  21 1 1 1
  1147  18  25  22 1 1 1
  1148  18  25  23 1 1 1
  1149  18  25  24 1 1 1
  1150  18  25  25 1 1 1
  1151  18  25  26 1 1 1
  1152  18  25  27 1 1 1
  1153  18  25  28 1 1 1
  1154  18  25  29 2 2 2
  1155  18  26  14 2 2 2
  1156  18  26  15 1 1 1
  1157  18  26  16 1 1 1
  1158  18  26  17 1 1 1
  1159  18  26  18 1 1 1
  1160  18  26  19 1 1 1
  1161  18  26  20 1 1 1
  1162  18  26  21 1 1 1
  1163  18  26  22 1 1 1
  1164  18  26  23 1 1 1
  1165  18  26  24 1 1 1
  1166  18  26  25 1 1 1
  1167  18  26  26 1 1 1
  1168  18  26  27 1 1 1
  1169  18  26  28 2 2 2
  1170  18  27  14 2 2 2
  1171  18  27  15 2 2 2
  1172  18  27  16 1 1 1
  1173  18  27  17 1 1 1
  1174  18  27  18 1 1 1
  1175  18  27  19 1 1 1
  1176  18  27  20 1 1 1
  1177  18  27  21 1 1 1
  1178  18  27  22 1 1 1
  1179  18  27  23 1 1 1
  1180  18  27  24 1 1 1
  1181  18  27  25 1 1 1
  1182  18  27  26 1 1 1
  1183  18  27  27 2 2 2
  1184  18  27  28 2 2 2
  1185  18  28  15 2 2 2
  1186  18  28  16 2 2 2
  1187  18  28  17 1 1 1
  1188  18  28  18 1 1 1
  1189  18  28  19 1 1 1
  1190  18  28  20 1 1 1
  1191  18  28  21 1 1 1
  1192  18  28  22 1 1 1
  1193  18  28  23 1 1 1
  1194  18  28  24 1 1 1
  1195  18  28  25 1 1 1
  1196  18  28  26 2 2 2
  1197  18  28  27 2 2 2
  1198  18  29  17 2 2 2
  1199  18  29  18 2 2 2
  1200  18  29  19 2 2 2
  1201  18  29  20 1 1 1
  1202  18  29  21 1 1 1
  1203  18  29  22 1 1 1
  1204  18  29  23 2 2 2
  1205  18  29  24 2 2 2
  1206  18  29  25 2 2 2
  1207  18  30  19 2 2 2
  1208  18  30  20 2 2 2
  1209  18  30  21 2 2 2
  1210  18  30  22 2 2 2
  1211  18  30  23 2 2 2
  1212  19  12  18 2 2 2
  1213  19  12  19 2 2 2
  1214  19  12  20 2 2 2
  1215  19  12  21 2 2 2
  1216  19  12  22 2 2 2
  1217  19  12  23 2 2 2
  1218  19  12  24 2 2 2
  1219  19  13  16 2 2 2
  1220  19  13  17 2 2 2
  1221  19  13  18 2 2 2
  1222  19  13  19 1 1 1
  1223  19  13  20 1 1 1
  1224  19  13  21 1 1 1
  1225  19  13  22 1 1 1
  1226  19  13  23 1 1 1
  1227  19  13  24 2 2 2
  1228  19  13  25 2 2 2
  1229  19  13  26 2 2 2
  1230  19  14  15 2 2 2
  1231  19  14  16 2 2 2
  1232  19  14  17 1 1 1
  1233  19  14  18 1 1 1
  1234  19  14  19 1 1 1
  1235  19  14  20 1 1 1
  1236  19  14  21 1 1 1
  1237  19  14  22 1 1 1
  1238  19  14  23 1 1 1
  1239  19  14  24 1 1 1
  1240  19  14  25 1 1 1
  1241  19  14  26 2 2 2
  1242  19  14  27 2 2 2
  1243  19  15  14 2 2 2
  1244  19  15  15 1 1 1
  1245  19  15  16 1 1 1
  1246  19  15  17 1 1 1
  1247  19  15  18 1 1 1
  1248  19  15  19 1 1 1
  1249  19  15  20 1 1 1
  1250  19  15  21 1 1 1
  1251  19  15  22 1 1 1
  1252  19  15  23 1 1 1
  1253  19  15  24 1 1 1
  1254  19  15  25 1 1 1
  1255  19  15  26 1 1 1
  1256  19  15  27 1 1 1
  1257  19  15  28 2 2 2
  1258  19  16  13 2 2 2
  1259  19  16  14 2 2 2
  1260  19  16  15 1 1 1
  1261  19  16  16 1 1 1
  1262  19  16  17 1 1 1
  1263  19  16  18 1 1 1
  1264  19  16  19 1 1 1
  1265  19  16  20 1 1 1
  1266  19  16  21 1 1 1
  1267  19  16  22 1 1 1
  1268  19  16  23 1 1 1
  1269  19  16  24 1 1 1
  1270  19  16  25 1 1 1
  1271  19  16  26 1 1 1
  1272  19  16  27 1 1 1
  1273  19  16  28 2 2 2
  1274  19  16  29 2 2 2
  1275  19  17  13 2 2 2
  1276  19  17  14 1 1 1
  1277  19  17  15 1 1 1
  1278  19  17  16 1 1 1
  1279  19  17  17 1 1 1
  1280  19  17  18 1 1 1
  1281  19  17  19 1 1 1
  1282  19  17  20 1 1 1
  1283  19  17  21 1 1 1
  1284  19  17  22 1 1 1
  1285  19  17  23 1 1 1
  1286  19  17  24 1 1 1
  1287  19  17  25 1 1 1
  1288  19  17  26 1 1 1
  1289  19  17  27 1 1 1
  1290  19  17  28 1 1 1
  1291  19  17  29 2 2 2
  1292  19  18  12 2 2 2
  1293  19  18  13 2 2 2
  1294  19  18  14 1 1 1
  1295  19  18  15 1 1 1
  1296  19  18  16 1 1 1
  1297  19  18  17 1 1 1
  1298  19  18  18 1 1 1
  1299  19  18  19 1 1 1
  1300  19  18  20 1 1 1
  1301  19  18  21 1 1 1
  1302  19  18  22 1 1 1
  1303  19  18  23 1 1 1
  1304  19  18  24 1 1 1
  1305  19  18  25 1 1 1
  1306  19  18  26 1 1 1
  1307  19  18  27 1 1 1
  1308  19  18  28 1 1 1
  1309  19  18  29 2 2 2
  1310  19  18  30 2 2 2
  1311  19  19  12 2 2 2
  1312  19  19  13 1 1 1
  1313  19  19  14 1 1 1
  1314  19  19  15 1 1 1
  1315  19  19  16 1 1 1
  1316  19  19  17 1 1 1
  1317  19  19  18 1 1 1
  1318  19  19  19 1 1 1
  1319  19  19  20 1 1 1
  1320  19  19  21 1 1 1
  1321  19  19  22 1 1 1
  1322  19  19  23 1 1 1
  1323  19  19  24 1 1 1
  1324  19  19  25 1 1 1
  1325  19  19  26 1 1 1
  1326  19  19  27 1 1 1
  1327  19  19  28 1 1 1
  1328  19  19  29 1 1 1
  1329  19  19  30 2 2 2
  1330  19  20  12 2 2 2
  1331  19  20  13 1 1 1
  1332  19  20  14 1 1 1
  1333  19  20  15 1 1 1
  1334  19  20  16 1 1 1
  1335  19  20  17 1 1 1
  1336  19  20  18 1 1 1
  1337  19  20  19 1 1 1
  1338  19  20  20 1 1 1
  1339  19  20  21 1 1 1
  1340  19  20  22 1 1 1
  1341  19  20  23 1 1 1
  1342  19  20  24 1 1 1
  1343  19  20  25 1 1 1
  1344  19  20  26 1 1 1
  1345  19  20  27 1 1 1
  1346  19  20  28 1 1 1
  1347  19  20  29 1 1 1
  1348  19  20  30 2 2 2
  1349  19  21  12 2 2 2
  1350  19  21  13 1 1 1
  1351  19  21  14 1 1 1
  1352  19  21  15 1 1 1
  1353  19  21  16 1 1 1
  1354  19  21  17 1 1 1
  1355  19  21  18 1 1 1
  1356  19  21  19 1 1 1
  1357  19  21  20 1 1 1
  1358  19  21  21 1 1 1
  1359  19  21  22 1 1 1
  1360  19  21  23 1 1 1
  1361  19  21  24 1 1 1
  1362  19  21  25 1 1 1
  1363  19  21  26 1 1 1
  1364  19  21  27 1 1 1
  1365  19  21  28 1 1 1
  1366  19  21  29 1 1 1
  1367  19  21  30 2 2 2
  1368  19  22  12 2 2 2
  1369  19  22  13 1 1 1
  1370  19  22  14 1 1 1
  1371  19  22  15 1 1 1
  1372  19  22  16 1 1 1
  1373  19  22  17 1 1 1
  1374  19  22  18 1 1 1
  1375  19  22  19 1 1 1
  1376  19  22  20 1 1 1
  1377  19  22  21 1 1 1
  1378  19  22  22 1 1 1
  1379  19  22  23 1 1 1
  1380  19  22  24 1 1 1
  1381  19  22  25 1 1 1
  1382  19  22  26 1 1 1
  1383  19  22  27 1 1 1
  1384  19  22  28 1 1 1
  1385  19  22  29 1 1 1
  1386  19  22  30 2 2 2
  1387  19  23  12 2 2 2
  1388  19  23  13 1 1 1
  1389  19  23  14 1 1 1
  1390  19  23  15 1 1 1
  1391  19  23  16 1 1 1
  1392  19  23  17 1 1 1
  1393  19  23  18 1 1 1
  1394  19  23  19 1 1 1
  1395  19  23  20 1 1 1
  1396  19  23  21 1 1 1
  1397  19  23  22 1 1 1
  1398  19  23  23 1 1 1
  1399  19  23  24 1 1 1
  1400  19  23  25 1 1 1
  1401  19  23  26 1 1 1
  1402  19  23  27 1 1 1
  1403  19  23  28 1 1 1
  1404  19  23  29 1 1 1
  1405  19  23  30 2 2 2
  1406  19  24  12 2 2 2
  1407  19  24  13 2 2 2
  1408  19  24  14 1 1 1
  1409  19  24  15 1 1 1
  1410  19  24  16 1 1 1
  1411  19  24  17 1 1 1
  1412  19  24  18 1 1 1
  1413  19  24  19 1 1 1
  1414  19  24  20 1 1 1
  1415  19  24  21 1 1 1
  1416  19  24  22 1 1 1
  1417  19  24  23 1 1 1
  1418  19  24  24 1 1 1
  1419  19  24  25 1 1 1
  1420  19  24  26 1 1 1
  1421  19  24  27 1 1 1
  1422  19  24  28 1 1 1
  1423  19  24  29 2 2 2
  1424  19  24  30 2 2 2
  1425  19  25  13 2 2 2
  1426  19  25  14 1 1 1
  1427  19  25  15 1 1 1
  1428  19  25  16 1 1 1
  1429  19  25  17 1 1 1
  1430  19  25  18 1 1 1
  1431  19  25  19 1 1 1
  1432  19  25  20 1 1 1
  1433  19  25  21 1 1 1
  1434  19  25  22 1 1 1
  1435  19  25  23 1 1 1
  1436  19  25  24 1 1 1
  1437  19  25  25 1 1 1
  1438  19  25  26 1 1 1
  1439  19  25  27 1 1 1
  1440  19  25  28 1 1 1
  1441  19  25  29 2 2 2
  1442  19  26  13 2 2 2
  1443  19  26  14 2 2 2
  1444  19  26  15 1 1 1
  1445  19  26  16 1 1 1
  1446  19  26  17 1 1 1
  1447  19  26  18 1 1 1
  1448  19  26  19 1 1 1
  1449  19  26  20 1 1 1
  1450  19  26  21 1 1 1
  1451  19  26  22 1 1 1
  1452  19  26  23 1 1 1
  1453  19  26  24 1 1 1
  1454  19  26  25 1 1 1
  1455  19  26  26 1 1 1
  1456  19  26  27 1 1 1
  1457  19  26  28 2 2 2
  1458  19  26  29 2 2 2
  1459  19  27  14 2 2 2
  1460  19  27  15 1 1 1
  1461  19  27  16 1 1 1
  1462  19  27  17 1 1 1
  1463  19  27  18 1 1 1
  1464  19  27  19 1 1 1
  1465  19  27  20 1 1 1
  1466  19  27  21 1 1 1
  1467  19  27  22 1 1 1
  1468  19  27  23 1 1 1
  1469  19  27  24 1 1 1
  1470  19  27  25 1 1 1
  1471  19  27  26 1 1 1
  1472  19  27  27 1 1 1
  1473  19  27  28 2 2 2
  1474  19  28  15 2 2 2
  1475  19  28  16 2 2 2
  1476  19  28  17 1 1 1
  1477  19  28  18 1 1 1
  1478  19  28  19 1 1 1
  1479  19  28  20 1 1 1
  1480  19  28  21 1 1 1
  1481  19  28  22 1 1 1
  1482  19  28  23 1 1 1
  1483  19  28  24 1 1 1
  1484  19  28  25 1 1 1
  1485  19  28  26 2 2 2
  1486  19  28  27 2 2 2
  1487  19  29  16 2 2 2
  1488  19  29  17 2 2 2
  1489  19  29  18 2 2 2
  1490  19  29  19 1 1 1
  1491  19  29  20 1 1 1
  1492  19  29  21 1 1 1
  1493  19  29  22 1 1 1
  1494  19  29  23 1 1 1
  1495  19  29  24 2 2 2
  1496  19  29  25 2 2 2
  1497  19  29  26 2 2 2
  1498  19  30  18 2 2 2
  1499  19  30  19 2 2 2
  1500  19  30  20 2 2 2
  1501  19  30  21 2 2 2
  1502  19  30  22 2 2 2
  1503  19  30  23 2 2 2
  1504  19  30  24 2 2 2
  1505  20  12  18 2 2 2
  1506  20  12  19 2 2 2
  1507  20  12  20 2 2 2
  1508  20  12  21 2 2 2
  1509  20  12  22 2 2 2
  1510  20  12  23 2 2 2
  1511  20  12  24 2 2 2
  1512  20  13  16 2 2 2
  1513  20  13  17 2 2 2
  1514  20  13  18 1 1 1
  1515  20  13  19 1 1 1
  1516  20  13  20 1 1 1
  1517  20  13  21 1 1 1
  1518  20  13  22 1 1 1
  1519  20  13  23 1 1 1
  1520  20  13  24 1 1 1
  1521  20  13  25 2 2 2
  1522  20  13  26 2 2 2
  1523  20  14  15 2 2 2
  1524  20  14  16 1 1 1
  1525  20  14  17 1 1 1
  1526  20  14  18 1 1 1
  1527  20  14  19 1 1 1
  1528  20  14  20 1 1 1
  1529  20  14  21 1 1 1
  1530  20  14  22 1 1 1
  1531  20  14  23 1 1 1
  1532  20  14  24 1 1 1
  1533  20  14  25 1 1 1
  1534  20  14  26 1 1 1
  1535  20  14  27 2 2 2
  1536  20  15  14 2 2 2
  1537  20  15  15 1 1 1
  1538  20  15  16 1 1 1
  1539  20  15  17 1 1 1
  1540  20  15  18 1 1 1
  1541  20  15  19 1 1 1
  1542  20  15  20 1 1 1
  1543  20  15  21 1 1 1
  1544  20  15  22 1 1 1
  1545  20  15  23 1 1 1
  1546  20  15  24 1 1 1
  1547  20  15  25 1 1 1
  1548  20  15  26 1 1 1
  1549  20  15  27 1 1 1
  1550  20  15  28 2 2 2
  1551  20  16  13 2 2 2
  1552  20  16  14 1 1 1
  1553  20  16  15 1 1 1
  1554  20  16  16 1 1 1
  1555  20  16  17 1 1 1
  1556  20  16  18 1 1 1
  1557  20  16  19 1 1 1
  1558  20  16  20 1 1 1
  1559  20  16  21 1 1 1
  1560  20  16  22 1 1 1
  1561  20  16  23 1 1 1
  1562  20  16  24 1 1 1
  1563  20  16  25 1 1 1
  1564  20  16  26 1 1 1
  1565  20  16  27 1 1 1
  1566  20  16  28 1 1 1
  1567  20  16  29 2 2 2
  1568  20  17  13 2 2 2
  1569  20  17  14 1 1 1
  1570  20  17  15 1 1 1
  1571  20  17  16 1 1 1
  1572  20  17  17 1 1 1
  1573  20  17  18 1 1 1
  1574  20  17  19 1 1 1
  1575  20  17  20 1 1 1
  1576  20  17  21 1 1 1
  1577  20  17  22 1 1 1
  1578  20  17  23 1 1 1
  1579  20  17  24 1 1 1
  1580  20  17  25 1 1 1
  1581  20  17  26 1 1 1
  1582  20  17  27 1 1 1
  1583  20  17  28 1 1 1
  1584  20  17  29 2 2 2
  1585  20  18  12 2 2 2
  1586  20  18  13 1 1 1
  1587  20  18  14 1 1 1
  1588  20  18  15 1 1 1
  1589  20  18  16 1 1 1
  1590  20  18  17 1 1 1
  1591  20  18  18 1 1 1
  1592  20  18  19 1 1 1
  1593  20  18  20 1 1 1
  1594  20  18  21 1 1 1
  1595  20  18  22 1 1 1
  1596  20  18  23 1 1 1
  1597  20  18  24 1 1 1
  1598  20  18  25 1 1 1
  1599  20  18  26 1 1 1
  1600  20  18  27 1 1 1
  1601  20  18  28 1 1 1
  1602  20  18  29 1 1 1
  1603  20  18  30 2 2 2
  1604  20  19  12 2 2 2
  1605  20  19  13 1 1 1
  1606  20  19  14 1 1 1
  1607  20  19  15 1 1 1
  1608  20  19  16 1 1 1
  1609  20  19  17 1 1 1
  1610  20  19  18 1 1 1
  1611  20  19  19 1 1 1
  1612  20  19  20 1 1 1
  1613  20  19  21 1 1 1
  1614  20  19  22 1 1 1
  1615  20  19  23 1 1 1
  1616  20  19  24 1 1 1
  1617  20  19  25 1 1 1
  1618  20  19  26 1 1 1
  1619  20  19  27 1 1 1
  1620  20  19  28 1 1 1
  1621  20  19  29 1 1 1
  1622  20  19  30 2 2 2
  1623  20  20  12 2 2 2
  1624  20  20  13 1 1 1
  1625  20  20  14 1 1 1
  1626  20  20  15 1 1 1
  1627  20  20  16 1 1 1
  1628  20  20  17 1 1 1
  1629  20  20  18 1 1 1
  1630  20  20  19 1 1 1
  1631  20  20  20 1 1 1
  1632  20  20  21 1 1 1
  1633  20  20  22 1 1 1
  1634  20  20  23 1 1 1
  1635  20  20  24 1 1 1
  1636  20  20  25 1 1 1
  1637  20  20  26 1 1 1
  1638  20  20  27 1 1 1
  1639  20  20  28 1 1 1
  1640  20  20  29 1 1 1
  1641  20  20  30 2 2 2
  1642  20  21  12 2 2 2
  1643  20  21  13 1 1 1
  1644  20  21  14 1 1 1
  1645  20  21  15 1 1 1
  1646  20  21  16 1 1 1
  1647  20  21  17 1 1 1
  1648  20  21  18 1 1 1
  1649  20  21  19 1 1 1
  1650  20  21  20 1 1 1
  1651  20  21  21 1 1 1
  1652  20  21  22 1 1 1
  1653  20  21  23 1 1 1
  1654  20  21  24 1 1 1
  1655  20  21  25 1 1 1
  1656  20  21  26 1 1 1
  1657  20  21  27 1 1 1
  1658  20  21  28 1 1 1
  1659  20  21  29 1 1 1
  1660  20  21  30 2 2 2
  1661  20  22  12 2 2 2
  1662  20  22  13 1 1 1
  1663  20  22  14 1 1 1
  1664  20  22  15 1 1 1
  1665  20  22  16 1 1 1
  1666  20  22  17 1 1 1
  1667  20  22  18 1 1 1
  1668  20  22  19 1 1 1
  1669  20  22  20 1 1 1
  1670  20  22  21 1 1 1
  1671  20  22  22 1 1 1
  1672  20  22  23 1 1 1
  1673  20  22  24 1 1 1
  1674  20  22  25 1 1 1
  1675  20  22  26 1 1 1
  1676  20  22  27 1 1 1
  1677  20  22  28 1 1 1
  1678  20  22  29 1 1 1
  1679  20  22  30 2 2 2
  1680  20  23  12 2 2 2
  1681  20  23  13 1 1 1
  1682  20  23  14 1 1 1
  1683  20  23  15 1 1 1
  1684  20  23  16 1 1 1
  1685  20  23  17 1 1 1
  1686  20  23  18 1 1 1
  1687  20  23  19 1 1 1
  1688  20  23  20 1 1 1
  1689  20  23  21 1 1 1
  1690  20  23  22 1 1 1
  1691  20  23  23 1 1 1
  1692  20  23  24 1 1 1
  1693  20  23  25 1 1 1
  1694  20  23  26 1 1 1
  1695  20  23  27 1 1 1
  1696  20  23  28 1 1 1
  1697  20  23  29 1 1 1
  1698  20  23  30 2 2 2
  1699  20  24  12 2 2 2
  1700  20  24  13 1 1 1
  1701  20  24  14 1 1 1
  1702  20  24  15 1 1 1
  1703  20  24  16 1 1 1
  1704  20  24  17 1 1 1
  1705  20  24  18 1 1 1
  1706  20  24  19 1 1 1
  1707  20  24  20 1 1 1
  1708  20  24  21 1 1 1
  1709  20  24  22 1 1 1
  1710  20  24  23 1 1 1
  1711  20  24  24 1 1 1
  1712  20  24  25 1 1 1
  1713  20  24  26 1 1 1
  1714  20  24  27 1 1 1
  1715  20  24  28 1 1 1
  1716  20  24  29 1 1 1
  1717  20  24  30 2 2 2
  1718  20  25  13 2 2 2
  1719  20  25  14 1 1 1
  1720  20  25  15 1 1 1
  1721  20  25  16 1 1 1
  1722  20  25  17 1 1 1
  1723  20  25  18 1 1 1
  1724  20  25  19 1 1 1
  1725  20  25  20 1 1 1
  1726  20  25  21 1 1 1
  1727  20  25  22 1 1 1
  1728  20  25  23 1 1 1
  1729  20  25  24 1 1 1
  1730  20  25  25 1 1 1
  1731  20  25  26 1 1 1
  1732  20  25  27 1 1 1
  1733  20  25  28 1 1 1
  1734  20  25  29 2 2 2
  1735  20  26  13 2 2 2
  1736  20  26  14 1 1 1
  1737  20  26  15 1 1 1
  1738  20  26  16 1 1 1
  1739  20  26  17 1 1 1
  1740  20  26  18 1 1 1
  1741  20  26  19 1 1 1
  1742  20  26  20 1 1 1
  1743  20  26  21 1 1 1
  1744  20  26  22 1 1 1
  1745  20  26  23 1 1 1
  1746  20  26  24 1 1 1
  1747  20  26  25 1 1 1
  1748  20  26  26 1 1 1
  1749  20  26  27 1 1 1
  1750  20  26  28 1 1 1
  1751  20  26  29 2 2 2
  1752  20  27  14 2 2 2
  1753  20  27  15 1 1 1
  1754  20  27  16 1 1 1
  1755  20  27  17 1 1 1
  1756  20  27  18 1 1 1
  1757  20  27  19 1 1 1
  1758  20  27  20 1 1 1
  1759  20  27  21 1 1 1
  1760  20  27  22 1 1 1
  1761  20  27  23 1 1 1
  1762  20  27  24 1 1 1
  1763  20  27  25 1 1 1
  1764  20  27  26 1 1 1
  1765  20  27  27 1 1 1
  1766  20  27  28 2 2 2
  1767  20  28  15 2 2 2
  1768  20  28  16 1 1 1
  1769  20  28  17 1 1 1
  1770  20  28  18 1 1 1
  1771  20  28  19 1 1 1
  1772  20  28  20 1 1 1
  1773  20  28  21 1 1 1
  1774  20  28  22 1 1 1
  1775  20  28  23 1 1 1
  1776  20  28  24 1 1 1
  1777  20  28  25 1 1 1
  1778  20  28  26 1 1 1
  1779  20  28  27 2 2 2
  1780  20  29  16 2 2 2
  1781  20  29  17 2 2 2
  1782  20  29  18 1 1 1
  1783  20  29  19 1 1 1
  1784  20  29  20 1 1 1
  1785  20  29  21 1 1 1
  1786  20  29  22 1 1 1
  1787  20  29  23 1 1 1
  1788  20  29  24 1 1 1
  1789  20  29  25 2 2 2
  1790  20  29  26 2 2 2
  1791  20  30  18 2 2 2
  1792  20  30  19 2 2 2
  1793  20  30  20 2 2 2
  1794  20  30  21 2 2 2
  1795  20  30  22 2 2 2
  1796  20  30  23 2 2 2
  1797  20  30  24 2 2 2
  1798  21  12  18 2 2 2
  1799  21  12  19 2 2 2
  1800  21  12  20 2 2 2
  1801  21  12  21 2 2 2
  1802  21  12  22 2 2 2
  1803  21  12  23 2 2 2
  1804  21  12  24 2 2 2
  1805  21  13  16 2 2 2
  1806  21  13  17 2 2 2
  1807  21  13  18 1 1 1
  1808  21  13  19 1 1 1
  1809  21  13  20 1 1 1
  1810  21  13  21 1 1 1
  1811  21  13  22 1 1 1
  1812  21  13  23 1 1 1
  1813  21  13  24 1 1 1
  1814  21  13  25 2 2 2
  1815  21  13  26 2 2 2
  1816  21  14  15 2 2 2
  1817  21  14  16 1 1 1
  1818  21  14  17 1 1 1
  1819  21  14  18 1 1 1
  1820  21  14  19 1 1 1
  1821  21  14  20 1 1 1
  1822  21  14  21 1 1 1
  1823  21  14  22 1 1 1
  1824  21  14  23 1 1 1
  1825  21  14  24 1 1 1
  1826  21  14  25 1 1 1
  1827  21  14  26 1 1 1
  1828  21  14  27 2 2 2
  1829  21  15  14 2 2 2
  1830  21  15  15 1 1 1
  1831  21  15  16 1 1 1
  1832  21  15  17 1 1 1
  1833  21  15  18 1 1 1
  1834  21  15  19 1 1 1
  1835  21  15  20 1 1 1
  1836  21  15  21 1 1 1
  1837  21  15  22 1 1 1
  1838  21  15  23 1 1 1
  1839  21  15  24 1 1 1
  1840  21  15  25 1 1 1
  1841  21  15  26 1 1 1
  1842  21  15  27 1 1 1
  1843  21  15  28 2 2 2
  1844  21  16  13 2 2 2
  1845  21  16  14 1 1 1
  1846  21  16  15 1 1 1
  1847  21  16  16 1 1 1
  1848  21  16  17 1 1 1
  1849  21  16  18 1 1 1
  1850  21  16  19 1 1 1
  1851  21  16  20 1 1 1
  1852  21  16  21 1 1 1
  1853  21  16  22 1 1 1
  1854  21  16  23 1 1 1
  1855  21  16  24 1 1 1
  1856  21  16  25 1 1 1
  1857  21  16  26 1 1 1
  1858  21  16  27 1 1 1
  1859  21  16  28 1 1 1
  1860  21  16  29 2 2 2
  1861  21  17  13 2 2 2
  1862  21  17  14 1 1 1
  1863  21  17  15 1 1 1
  1864  21  17  16 1 1 1
  1865  21  17  17 1 1 1
  1866  21  17  18 1 1 1
  1867  21  17  19 1 1 1
  1868  21  17  20 1 1 1
  1869  21  17  21 1 1 1
  1870  21  17  22 1 1 1
  1871  21  17  23 1 1 1
  1872  21  17  24 1 1 1
  1873  21  17  25 1 1 1
  1874  21  17  26 1 1 1
  1875  21  17  27 1 1 1
  1876  21  17  28 1 1 1
  1877  21  17  29 2 2 2
  1878  21  18  12 2 2 2
  1879  21  18  13 1 1 1
  1880  21  18  14 1 1 1
  1881  21  18  15 1 1 1
  1882  21  18  16 1 1 1
  1883  21  18  17 1 1 1
  1884  21  18  18 1 1 1
  1885  21  18  19 1 1 1
  1886  21  18  20 1 1 1
  1887  21  18  21 1 1 1
  1888  21  18  22 1 1 1
  1889  21  18  23 1 1 1
  1890  21  18  24 1 1 1
  1891  21  18  25 1 1 1
  1892  21  18  26 1 1 1
  1893  21  18  27 1 1 1
  1894  21  18  28 1 1 1
  1895  21  18  29 1 1 1
  1896  21  18  30 2 2 2
  1897  21  19  12 2 2 2
  1898  21  19  13 1 1 1
  1899  21  19  14 1 1 1
  1900  21  19  15 1 1 1
  1901  21  19  16 1 1 1
  1902  21  19  17 1 1 1
  1903  21  19  18 1 1 1
  1904  21  19  19 1 1 1
  1905  21  19  20 1 1 1
  1906  21  19  21 1 1 1
  1907  21  19  22 1 1 1
  1908  21  19  23 1 1 1
  1909  21  19  24 1 1 1
  1910  21  19  25 1 1 1
  1911  21  19  26 1 1 1
  1912  21  19  27 1 1 1
  1913  21  19  28 1 1 1
  1914  21  19  29 1 1 1
  1915  21  19  30 2 2 2
  1916  21  20  12 2 2 2
  1917  21  20  13 1 1 1
  1918  21  20  14 1 1 1
  1919  21  20  15 1 1 1
  1920  21  20  16 1 1 1
  1921  21  20  17 1 1 1
  1922  21  20  18 1 1 1
  1923  21  20  19 1 1 1
  1924  21  20  20 1 1 1
  1925  21  20  21 1 1 1
  1926  21  20  22 1 1 1
  1927  21  20  23 1 1 1
  1928  21  20  24 1 1 1
  1929  21  20  25 1 1 1
  1930  21  20  26 1 1 1
  1931  21  20  27 1 1 1
  1932  21  20  28 1 1 1
  1933  21  20  29 1 1 1
  1934  21  20  30 2 2 2
  1935  21  21  12 2 2 2
  1936  21  21  13 1 1 1
  1937  21  21  14 1 1 1
  1938  21  21  15 1 1 1
  1939  21  21  16 1 1 1
  1940  21  21  17 1 1 1
  1941  21  21  18 1 1 1
  1942  21  21  19 1 1 1
  1943  21  21  20 1 1 1
  1944  21  21  21 1 1 1
  1945  21  21  22 1 1 1
  1946  21  21  23 1 1 1
  1947  21  21  24 1 1 1
  1948  21  21  25 1 1 1
  1949  21  21  26 1 1 1
  1950  21  21  27 1 1 1
  1951  21  21  28 1 1 1
  1952  21  21  29 1 1 1
  1953  21  21  30 2 2 2
  1954  21  22  12 2 2 2
  1955  21  22  13 1 1 1
  1956  21  22  14 1 1 1
  1957  21  22  15 1 1 1
  1958  21  22  16 1 1 1
  1959  21  22  17 1 1 1
  1960  21  22  18 1 1 1
  1961  21  22  19 1 1 1
  1962  21  22  20 1 1 1
  1963  21  22  21 1 1 1
  1964  21  22  22 1 1 1
  1965  21  22  23 1 1 1
  1966  21  22  24 1 1 1
  1967  21  22  25 1 1 1
  1968  21  22  26 1 1 1
  1969  21  22  27 1 1 1
  1970  21  22  28 1 1 1
  1971  21  22  29 1 1 1
  1972  21  22  30 2 2 2
  1973  21  23  12 2 2 2
  1974  21  23  13 1 1 1
  1975  21  23  14 1 1 1
  1976  21  23  15 1 1 1
  1977  21  23  16 1 1 1
  1978  21  23  17 1 1 1
  1979  21  23  18 1 1 1
  1980  21  23  19 1 1 1
  1981  21  23  20 1 1 1
  1982  21  23  21 1 1 1
  1983  21  23  22 1 1 1
  1984  21  23  23 1 1 1
  1985  21  23  24 1 1 1
  1986  21  23  25 1 1 1
  1987  21  23  26 1 1 1
  1988  21  23  27 1 1 1
  1989  21  23  28 1 1 1
  1990  21  23  29 1 1 1
  1991  21  23  30 2 2 2
  1992  21  24  12 2 2 2
  1993  21  24  13 1 1 1
  1994  21  24  14 1 1 1
  1995  21  24  15 1 1 1
  1996  21  24  16 1 1 1
  1997  21  24  17 1 1 1
  1998  21  24  18 1 1 1
  1999  21  24  19 1 1 1
  2000  21  24  20 1 1 1
  2001  21  24  21 1 1 1
  2002  21  24  22 1 1 1
  2003  21  24  23 1 1 1
  2004  21  24  24 1 1 1
  2005  21  24  25 1 1 1
  2006  21  24  26 1 1 1
  2007  21  24  27 1 1 1
  2008  21  24  28 1 1 1
  2009  21  24  29 1 1 1
  2010  21  24  30 2 2 2
  2011  21  25  13 2 2 2
  2012  21  25  14 1 1 1
  2013  21  25  15 1 1 1
  2014  21  25  16 1 1 1
  2015  21  25  17 1 1 1
  2016  21  25  18 1 1 1
  2017  21  25  19 1 1 1
  2018  21  25  20 1 1 1
  2019  21  25  21 1 1 1
  2020  21  25  22 1 1 1
  2021  21  25  23 1 1 1
  2022  21  25  24 1 1 1
  2023  21  25  25 1 1 1
  2024  21  25  26 1 1 1
  2025  21  25  27 1 1 1
  2026  21  25  28 1 1 1
  2027  21  25  29 2 2 2
  2028  21  26  13 2 2 2
  2029  21  26  14 1 1 1
  2030  21  26  15 1 1 1
  2031  21  26  16 1 1 1
  2032  21  26  17 1 1 1
  2033  21  26  18 1 1 1
  2034  21  26  19 1 1 1
  2035  21  26  20 1 1 1
  2036  21  26  21 1 1 1
  2037  21  26  22 1 1 1
  2038  21  26  23 1 1 1
  2039  21  26  24 1 1 1
  2040  21  26  25 1 1 1
  2041  21  26  26 1 1 1
  2042  21  26  27 1 1 1
  2043  21  26  28 1 1 1
  2044  21  26  29 2 2 2
  2045  21  27  14 2 2 2
  2046  21  27  15 1 1 1
  2047  21  27  16 1 1 1
  2048  21  27  17 1 1 1
  2049  21  27  18 1 1 1
  2050  21  27  19 1 1 1
  2051  21  27  20 1 1 1
  2052  21  27  21 1 1 1
  2053  21  27  22 1 1 1
  2054  21  27  23 1 1 1
  2055  21  27  24 1 1 1
  2056  21  27  25 1 1 1
  2057  21  27  26 1 1 1
  2058  21  27  27 1 1 1
  2059  21  27  28 2 2 2
  2060  21  28  15 2 2 2
  2061  21  28  16 1 1 1
  2062  21  28  17 1 1 1
  2063  21  28  18 1 1 1
  2064  21  28  19 1 1 1
  2065  21  28  20 1 1 1
  2066  21  28  21 1 1 1
  2067  21  28  22 1 1 1
  2068  21  28  23 1 1 1
  2069  21  28  24 1 1 1
  2070  21  28  25 1 1 1
  2071  21  28  26 1 1 1
  2072  21  28  27 2 2 2
  2073  21  29  16 2 2 2
  2074  21  29  17 2 2 2
  2075  21  29  18 1 1 1
  2076  21  29  19 1 1 1
  2077  21  29  20 1 1 1
  2078  21  29  21 1 1 1
  2079  21  29  22 1 1 1
  2080  21  29  23 1 1 1
  2081  21  29  24 1 1 1
  2082  21  29  25 2 2 2
  2083  21  29  26 2 2 2
  2084  21  30  18 2 2 2
  2085  21  30  19 2 2 2
  2086  21  30  20 2 2 2
  2087  21  30  21 2 2 2
  2088  21  30  22 2 2 2
  2089  21  30  23 2 2 2
  2090  21  30  24 2 2 2
  2091  22  12  18 2 2 2
  2092  22  12  19 2 2 2
  2093  22  12  20 2 2 2
  2094  22  12  21 2 2 2
  2095  22  12  22 2 2 2
  2096  22  12  23 2 2 2
  2097  22  12  24 2 2 2
  2098  22  13  16 2 2 2
  2099  22  13  17 2 2 2
  2100  22  13  18 1 1 1
  2101  22  13  19 1 1 1
  2102  22  13  20 1 1 1
  2103  22  13  21 1 1 1
  2104  22  13  22 1 1 1
  2105  22  13  23 1 1 1
  2106  22  13  24 1 1 1
  2107  22  13  25 2 2 2
  2108  22  13  26 2 2 2
  2109  22  14  15 2 2 2
  2110  22  14  16 1 1 1
  2111  22  14  17 1 1 1
  2112  22  14  18 1 1 1
  2113  22  14  19 1 1 1
  2114  22  14  20 1 1 1
  2115  22  14  21 1 1 1
  2116  22  14  22 1 1 1
  2117  22  14  23 1 1 1
  2118  22  14  24 1 1 1
  2119  22  14  25 1 1 1
  2120  22  14  26 1 1 1
  2121  22  14  27 2 2 2
  2122  22  15  14 2 2 2
  2123  22  15  15 1 1 1
  2124  22  15  16 1 1 1
  2125  22  15  17 1 1 1
  2126  22  15  18 1 1 1
  2127  22  15  19 1 1 1
  2128  22  15  20 1 1 1
  2129  22  15  21 1 1 1
  2130  22  15  22 1 1 1
  2131  22  15  23 1 1 1
  2132  22  15  24 1 1 1
  2133  22  15  25 1 1 1
  2134  22  15  26 1 1 1
  2135  22  15  27 1 1 1
  2136  22  15  28 2 2 2
  2137  22  16  13 2 2 2
  2138  22  16  14 1 1 1
  2139  22  16  15 1 1 1
  2140  22  16  16 1 1 1
  2141  22  16  17 1 1 1
  2142  22  16  18 1 1 1
  2143  22  16  19 1 1 1
  2144  22  16  20 1 1 1
  2145  22  16  21 1 1 1
  2146  22  16  22 1 1 1
  2147  22  16  23 1 1 1
  2148  22  16  24 1 1 1
  2149  22  16  25 1 1 1
  2150  22  16  26 1 1 1
  2151  22  16  27 1 1 1
  2152  22  16  28 1 1 1
  2153  22  16  29 2 2 2
  2154  22  17  13 2 2 2
  2155  22  17  14 1 1 1
  2156  22  17  15 1 1 1
  2157  22  17  16 1 1 1
  2158  22  17  17 1 1 1
  2159  22  17  18 1 1 1
  2160  22  17  19 1 1 1
  2161  22  17  20 1 1 1
  2162  22  17  21 1 1 1
  2163  22  17  22 1 1 1
  2164  22  17  23 1 1 1
  2165  22  17  24 1 1 1
  2166  22  17  25 1 1 1
  2167  22  17  26 1 1 1
  2168  22  17  27 1 1 1
  2169  22  17  28 1 1 1
  2170  22  17  29 2 2 2
  2171  22  18  12 2 2 2
  2172  22  18  13 1 1 1
  2173  22  18  14 1 1 1
  2174  22  18  15 1 1 1
  2175  22  18  16 1 1 1
  2176  22  18  17 1 1 1
  2177  22  18  18 1 1 1
  2178  22  18  19 1 1 1
  2179  22  18  20 1 1 1
  2180  22  18  21 1 1 1
  2181  22  18  22 1 1 1
  2182  22  18  23 1 1 1
  2183  22  18  24 1 1 1
  2184  22  18  25 1 1 1
  2185  22  18  26 1 1 1
  2186  22  18  27 1 1 1
  2187  22  18  28 1 1 1
  2188  22  18  29 1 1 1
  2189  22  18  30 2 2 2
  2190  22  19  12 2 2 2
  2191  22  19  13 1 1 1
  2192  22  19  14 1 1 1
  2193  22  19  15 1 1 1
  2194  22  19  16 1 1 1
  2195  22  19  17 1 1 1
  2196  22  19  18 1 1 1
  2197  22  19  19 1 1 1
  2198  22  19  20 1 1 1
  2199  22  19  21 1 1 1
  2200  22  19  22 1 1 1
  2201  22  19  23 1 1 1
  2202  22  19  24 1 1 1
  2203  22  19  25 1 1 1
  2204  22  19  26 1 1 1
  2205  22  19  27 1 1 1
  2206  22  19  28 1 1 1
  2207  22  19  29 1 1 1
  2208  22  19  30 2 2 2
  2209  22  20  12 2 2 2
  2210  22  20  13 1 1 1
  2211  22  20  14 1 1 1
  2212  22  20  15 1 1 1
  2213  22  20  16 1 1 1
  2214  22  20  17 1 1 1
  2215  22  20  18 1 1 1
  2216  22  20  19 1 1 1
  2217  22  20  20 1 1 1
  2218  22  20  21 1 1 1
  2219  22  20  22 1 1 1
  2220  22  20  23 1 1 1
  2221  22  20  24 1 1 1
  2222  22  20  25 1 1 1
  2223  22  20  26 1 1 1
  2224  22  20  27 1 1 1
  2225  22  20  28 1 1 1
  2226  22  20  29 1 1 1
  2227  22  20  30 2 2 2
  2228  22  21  12 2 2 2
  2229  22  21  13 1 1 1
  2230  22  21  14 1 1 1
  2231  22  21  15 1 1 1
  2232  22  21  16 1 1 1
  2233  22  21  17 1 1 1
  2234  22  21  18 1 1 1
  2235  22  21  19 1 1 1
  2236  22  21  20 1 1 1
  2237  22  21  21 1 1 1
  2238  22  21  22 1 1 1
  2239  22  21  23 1 1 1
  2240  22  21  24 1 1 1
  2241  22  21  25 1 1 1
  2242  22  21  26 1 1 1
  2243  22  21  27 1 1 1
  2244  22  21  28 1 1 1
  2245  22  21  29 1 1 1
  2246  22  21  30 2 2 2
  2247  22  22  12 2 2 2
  2248  22  22  13 1 1 1
  2249  22  22  14 1 1 1
  2250  22  22  15 1 1 1
  2251  22  22  16 1 1 1
  2252  22  22  17 1 1 1
  2253  22  22  18 1 1 1
  2254  22  22  19 1 1 1
  2255  22  22  20 1 1 1
  2256  22  22  21 1 1 1
  2257  22  22  22 1 1 1
  2258  22  22  23 1 1 1
  2259  22  22  24 1 1 1
  2260  22  22  25 1 1 1
  2261  22  22  26 1 1 1
  2262  22  22  27 1 1 1
  2263  22  22  28 1 1 1
  2264  22  22  29 1 1 1
  2265  22  22  30 2 2 2
  2266  22  23  12 2 2 2
  2267  22  23  13 1 1 1
  2268  22  23  14 1 1 1
  2269  22  23  15 1 1 1
  2270  22  23  16 1 1 1
  2271  22  23  17 1 1 1
  2272  22  23  18 1 1 1
  2273  22  23  19 1 1 1
  2274  22  23  20 1 1 1
  2275  22  23  21 1 1 1
  2276  22  23  22 1 1 1
  2277  22  23  23 1 1 1
  2278  22  23  24 1 1 1
  2279  22  23  25 1 1 1
  2280  22  23  26 1 1 1
  2281  22  23  27 1 1 1
  2282  22  23  28 1 1 1
  2283  22  23  29 1 1 1
  2284  22  23  30 2 2 2
  2285  22  24  12 2 2 2
  2286  22  24  13 1 1 1
  2287  22  24  14 1 1 1
  2288  22  24  15 1 1 1
  2289  22  24  16 1 1 1
  2290  22  24  17 1 1 1
  2291  22  24  18 1 1 1
  2292  22  24  19 1 1 1
  2293  22  24  20 1 1 1
  2294  22  24  21 1 1 1
  2295  22  24  22 1 1 1
  2296  22  24  23 1 1 1
  2297  22  24  24 1 1 1
  2298  22  24  25 1 1 1
  2299  22  24  26 1 1 1
  2300  22  24  27 1 1 1
  2301  22  24  28 1 1 1
  2302  22  24  29 1 1 1
  2303  22  24  30 2 2 2
  2304  22  25  13 2 2 2
  2305  22  25  14 1 1 1
  2306  22  25  15 1 1 1
  2307  22  25  16 1 1 1
  2308  22  25  17 1 1 1
  2309  22  25  18 1 1 1
  2310  22  25  19 1 1 1
  2311  22  25  20 1 1 1
  2312  22  25  21 1 1 1
  2313  22  25  22 1 1 1
  2314  22  25  23 1 1 1
  2315  22  25  24 1 1 1
  2316  22  25  25 1 1 1
  2317  22  25  26 1 1 1
  2318  22  25  27 1 1 1
  2319  22  25  28 1 1 1
  2320  22  25  29 2 2 2
  2321  22  26  13 2 2 2
  2322  22  26  14 1 1 1
  2323  22  26  15 1 1 1
  2324  22  26  16 1 1 1
  2325  22  26  17 1 1 1
  2326  22  26  18 1 1 1
  2327  22  26  19 1 1 1
  2328  22  26  20 1 1 1
  2329  22  26  21 1 1 1
  2330  22  26  22 1 1 1
  2331  22  26  23 1 1 1
  2332  22  26  24 1 1 1
  2333  22  26  25 1 1 1
  2334  22  26  26 1 1 1
  2335  22  26  27 1 1 1
  2336  22  26  28 1 1 1
  2337  22  26  29 2 2 2
  2338  22  27  14 2 2 2
  2339  22  27  15 1 1 1
  2340  22  27  16 1 1 1
  2341  22  27  17 1 1 1
  2342  22  27  18 1 1 1
  2343  22  27  19 1 1 1
  2344  22  27  20 1 1 1
  2345  22  27  21 1 1 1
  2346  22  27  22 1 1 1
  2347  22  27  23 1 1 1
  2348  22  27  24 1 1 1
  2349  22  27  25 1 1 1
  2350  22  27  26 1 1 1
  2351  22  27  27 1 1 1
  2352  22  27  28 2 2 2
  2353  22  28  15 2 2 2
  2354  22  28  16 1 1 1
  2355  22  28  17 1 1 1
  2356  22  28  18 1 1 1
  2357  22  28  19 1 1 1
  2358  22  28  20 1 1 1
  2359  22  28  21 1 1 1
  2360  22  28  22 1 1 1
  2361  22  28  23 1 1 1
  2362  22  28  24 1 1 1
  2363  22  28  25 1 1 1
  2364  22  28  26 1 1 1
  2365  22  28  27 2 2 2
  2366  22  29  16 2 2 2
  2367  22  29  17 2 2 2
  2368  22  29  18 1 1 1
  2369  22  29  19 1 1 1
  2370  22  29  20 1 1 1
  2371  22  29  21 1 1 1
  2372  22  29  22 1 1 1
  2373  22  29  23 1 1 1
  2374  22  29  24 1 1 1
  2375  22  29  25 2 2 2
  2376  22  29  26 2 2 2
  2377  22  30  18 2 2 2
  2378  22  30  19 2 2 2
  2379  22  30  20 2 2 2
  2380  22  30  21 2 2 2
  2381  22  30  22 2 2 2
  2382  22  30  23 2 2 2
  2383  22  30  24 2 2 2
  2384  23  12  18 2 2 2
  2385  23  12  19 2 2 2
  2386  23  12  20 2 2 2
  2387  23  12  21 2 2 2
  2388  23  12  22 2 2 2
  2389  23  12  23 2 2 2
  2390  23  12  24 2 2 2
  2391  23  13  16 2 2 2
  2392  23  13  17 2 2 2
  2393  23  13  18 2 2 2
  2394  23  13  19 1 1 1
  2395  23  13  20 1 1 1
  2396  23  13  21 1 1 1
  2397  23  13  22 1 1 1
  2398  23  13  23 1 1 1
  2399  23  13  24 2 2 2
  2400  23  13  25 2 2 2
  2401  23  13  26 2 2 2
  2402  23  14  15 2 2 2
  2403  23  14  16 2 2 2
  2404  23  14  17 1 1 1
  2405  23  14  18 1 1 1
  2406  23  14  19 1 1 1
  2407  23  14  20 1 1 1
  2408  23  14  21 1 1 1
  2409  23  14  22 1 1 1
  2410  23  14  23 1 1 1
  2411  23  14  24 1 1 1
  2412  23  14  25 1 1 1
  2413  23  14  26 2 2 2
  2414  23  14  27 2 2 2
  2415  23  15  14 2 2 2
  2416  23  15  15 1 1 1
  2417  23  15  16 1 1 1
  2418  23  15  17 1 1 1
  2419  23  15  18 1 1 1
  2420  23  15  19 1 1 1
  2421  23  15  20 1 1 1
  2422  23  15  21 1 1 1
  2423  23  15  22 1 1 1
  2424  23  15  23 1 1 1
  2425  23  15  24 1 1 1
  2426  23  15  25 1 1 1
  2427  23  15  26 1 1 1
  2428  23  15  27 1 1 1
  2429  23  15  28 2 2 2
  2430  23  16  13 2 2 2
  2431  23  16  14 2 2 2
  2432  23  16  15 1 1 1
  2433  23  16  16 1 1 1
  2434  23  16  17 1 1 1
  2435  23  16  18 1 1 1
  2436  23  16  19 1 1 1
  2437  23  16  20 1 1 1
  2438  23  16  21 1 1 1
  2439  23  16  22 1 1 1
  2440  23  16  23 1 1 1
  2441  23  16  24 1 1 1
  2442  23  16  25 1 1 1
  2443  23  16  26 1 1 1
  2444  23  16  27 1 1 1
  2445  23  16  28 2 2 2
  2446  23  16  29 2 2 2
  2447  23  17  13 2 2 2
  2448  23  17  14 1 1 1
  2449  23  17  15 1 1 1
  2450  23  17  16 1 1 1
  2451  23  17  17 1 1 1
  2452  23  17  18 1 1 1
  2453  23  17  19 1 1 1
  2454  23  17  20 1 1 1
  2455  23  17  21 1 1 1
  2456  23  17  22 1 1 1
  2457  23  17  23 1 1 1
  2458  23  17  24 1 1 1
  2459  23  17  25 1 1 1
  2460  23  17  26 1 1 1
  2461  23  17  27 1 1 1
  2462  23  17  28 1 1 1
  2463  23  17  29 2 2 2
  2464  23  18  12 2 2 2
  2465  23  18  13 2 2 2
  2466  23  18  14 1 1 1
  2467  23  18  15 1 1 1
  2468  23  18  16 1 1 1
  2469  23  18  17 1 1 1
  2470  23  18  18 1 1 1
  2471  23  18  19 1 1 1
  2472  23  18  20 1 1 1
  2473  23  18  21 1 1 1
  2474  23  18  22 1 1 1
  2475  23  18  23 1 1 1
  2476  23  18  24 1 1 1
  2477  23  18  25 1 1 1
  2478  23  18  26 1 1 1
  2479  23  18  27 1 1 1
  2480  23  18  28 1 1 1
  2481  23  18  29 2 2 2
  2482  23  18  30 2 2 2
  2483  23  19  12 2 2 2
  2484  23  19  13 1 1 1
  2485  23  19  14 1 1 1
  2486  23  19  15 1 1 1
  2487  23  19  16 1 1 1
  2488  23  19  17 1 1 1
  2489  23  19  18 1 1 1
  2490  23  19  19 1 1 1
  2491  23  19  20 1 1 1
  2492  23  19  21 1 1 1
  2493  23  19  22 1 1 1
  2494  23  19  23 1 1 1
  2495  23  19  24 1 1 1
  2496  23  19  25 1 1 1
  2497  23  19  26 1 1 1
  2498  23  19  27 1 1 1
  2499  23  19  28 1 1 1
  2500  23  19  29 1 1 1
  2501  23  19  30 2 2 2
  2502  23  20  12 2 2 2
  2503  23  20  13 1 1 1
  2504  23  20  14 1 1 1
  2505  23  20  15 1 1 1
  2506  23  20  16 1 1 1
  2507  23  20  17 1 1 1
  2508  23  20  18 1 1 1
  2509  23  20  19 1 1 1
  2510  23  20  20 1 1 1
  2511  23  20  21 1 1 1
  2512  23  20  22 1 1 1
  2513  23  20  23 1 1 1
  2514  23  20  24 1 1 1
  2515  23  20  25 1 1 1
  2516  23  20  26 1 1 1
  2517  23  20  27 1 1 1
  2518  23  20  28 1 1 1
  2519  23  20  29 1 1 1
  2520  23  20  30 2 2 2
  2521  23  21  12 2 2 2
  2522  23  21  13 1 1 1
  2523  23  21  14 1 1 1
  2524  23  21  15 1 1 1
  2525  23  21  16 1 1 1
  2526  23  21  17 1 1 1
  2527  23  21  18 1 1 1
  2528  23  21  19 1 1 1
  2529  23  21  20 1 1 1
  2530  23  21  21 1 1 1
  2531  23  21  22 1 1 1
  2532  23  21  23 1 1 1
  2533  23  21  24 1 1 1
  2534  23  21  25 1 1 1
  2535  23  21  26 1 1 1
  2536  23  21  27 1 1 1
  2537  23  21  28 1 1 1
  2538  23  21  29 1 1 1
  2539  23  21  30 2 2 2
  2540  23  22  12 2 2 2
  2541  23  22  13 1 1 1
  2542  23  22  14 1 1 1
  2543  23  22  15 1 1 1
  2544  23  22  16 1 1 1
  2545  23  22  17 1 1 1
  2546  23  22  18 1 1 1
  2547  23  22  19 1 1 1
  2548  23  22  20 1 1 1
  2549  23  22  21 1 1 1
  2550  23  22  22 1 1 1
  2551  23  22  23 1 1 1
  2552  23  22  24 1 1 1
  2553  23  22  25 1 1 1
  2554  23  22  26 1 1 1
  2555  23  22  27 1 1 1
  2556  23  22  28 1 1 1
  2557  23  22  29 1 1 1
  2558  23  22  30 2 2 2
  2559  23  23  12 2 2 2
  2560  23  23  13 1 1 1
  2561  23  23  14 1 1 1
  2562  23  23  15 1 1 1
  2563  23  23  16 1 1 1
  2564  23  23  17 1 1 1
  2565  23  23  18 1 1 1
  2566  23  23  19 1 1 1
  2567  23  23  20 1 1 1
  2568  23  23  21 1 1 1
  2569  23  23  22 1 1 1
  2570  23  23  23 1 1 1
  2571  23  23  24 1 1 1
  2572  23  23  25 1 1 1
  2573  23  23  26 1 1 1
  2574  23  23  27 1 1 1
  2575  23  23  28 1 1 1
  2576  23  23  29 1 1 1
  2577  23  23  30 2 2 2
  2578  23  24  12 2 2 2
  2579  23  24  13 2 2 2
  2580  23  24  14 1 1 1
  2581  23  24  15 1 1 1
  2582  23  24  16 1 1 1
  2583  23  24  17 1 1 1
  2584  23  24  18 1 1 1
  2585  23  24  19 1 1 1
  2586  23  24  20 1 1 1
  2587  23  24  21 1 1 1
  2588  23  24  22 1 1 1
  2589  23  24  23 1 1 1
  2590  23  24  24 1 1 1
  2591  23  24  25 1 1 1
  2592  23  24  26 1 1 1
  2593  23  24  27 1 1 1
  2594  23  24  28 1 1 1
  2595  23  24  29 2 2 2
  2596  23  24  30 2 2 2
  2597  23  25  13 2 2 2
  2598  23  25  14 1 1 1
  2599  23  25  15 1 1 1
  2600  23  25  16 1 1 1
  2601  23  25  17 1 1 1
  2602  23  25  18 1 1 1
  2603  23  25  19 1 1 1
  2604  23  25  20 1 1 1
  2605  23  25  21 1 1 1
  2606  23  25  22 1 1 1
  2607  23  25  23 1 1 1
  2608  23  25  24 1 1 1
  2609  23  25  25 1 1 1
  2610  23  25  26 1 1 1
  2611  23  25  27 1 1 1
  2612  23  25  28 1 1 1
  2613  23  25  29 2 2 2
  2614  23  26  13 2 2 2
  2615  23  26  14 2 2 2
  2616  23  26  15 1 1 1
  2617  23  26  16 1 1 1
  2618  23  26  17 1 1 1
  2619  23  26  18 1 1 1
  2620  23  26  19 1 1 1
  2621  23  26  20 1 1 1
  2622  23  26  21 1 1 1
  2623  23  26  22 1 1 1
  2624  23  26  23 1 1 1
  2625  23  26  24 1 1 1
  2626  23  26  25 1 1 1
  2627  23  26  26 1 1 1
  2628  23  26  27 1 1 1
  2629  23  26  28 2 2 2
  2630  23  26  29 2 2 2
  2631  23  27  14 2 2 2
  2632  23  27  15 1 1 1
  2633  23  27  16 1 1 1
  2634  23  27  17 1 1 1
  2635  23  27  18 1 1 1
  2636  23  27  19 1 1 1
  2637  23  27  20 1 1 1
  2638  23  27  21 1 1 1
  2639  23  27  22 1 1 1
  2640  23  27  23 1 1 1
  2641  23  27  24 1 1 1
  2642  23  27  25 1 1 1
  2643  23  27  26 1 1 1
  2644  23  27  27 1 1 1
  2645  23  27  28 2 2 2
  2646  23  28  15 2 2 2
  2647  23  28  16 2 2 2
  2648  23  28  17 1 1 1
  2649  23  28  18 1 1 1
  2650  23  28  19 1 1 1
  2651  23  28  20 1 1 1
  2652  23  28  21 1 1 1
  2653  23  28  22 1 1 1
  2654  23  28  23 1 1 1
  2655  23  28  24 1 1 1
  2656  23  28  25 1 1 1
  2657  23  28  26 2 2 2
  2658  23  28  27 2 2 2
  2659  23  29  16 2 2 2
  2660  23  29  17 2 2 2
  2661  23  29  18 2 2 2
  2662  23  29  19 1 1 1
  2663  23  29  20 1 1 1
  2664  23  29  21 1 1 1
  2665  23  29  22 1 1 1
  2666  23  29  23 1 1 1
  2667  23  29  24 2 2 2
  2668  23  29  25 2 2 2
  2669  23  29  26 2 2 2
  2670  23  30  18 2 2 2
  2671  23  30  19 2 2 2
  2672  23  30  20 2 2 2
  2673  23  30  21 2 2 2
  2674  23  30  22 2 2 2
  2675  23  30  23 2 2 2
  2676  23  30  24 2 2 2
  2677  24  12  19 2 2 2
  2678  24  12  20 2 2 2
  2679  24  12  21 2 2 2
  2680  24  12  22 2 2 2
  2681  24  12  23 2 2 2
  2682  24  13  17 2 2 2
  2683  24  13  18 2 2 2
  2684  24  13  19 2 2 2
  2685  24  13  20 1 1 1
  2686  24  13  21 1 1 1
  2687  24  13  22 1 1 1
  2688  24  13  23 2 2 2
  2689  24  13  24 2 2 2
  2690  24  13  25 2 2 2
  2691  24  14  15 2 2 2
  2692  24  14  16 2 2 2
  2693  24  14  17 1 1 1
  2694  24  14  18 1 1 1
  2695  24  14  19 1 1 1
  2696  24  14  20 1 1 1
  2697  24  14  21 1 1 1
  2698  24  14  22 1 1 1
  2699  24  14  23 1 1 1
  2700  24  14  24 1 1 1
  2701  24  14  25 1 1 1
  2702  24  14  26 2 2 2
  2703  24  14  27 2 2 2
  2704  24  15  14 2 2 2
  2705  24  15  15 2 2 2
  2706  24  15  16 1 1 1
  2707  24  15  17 1 1 1
  2708  24  15  18 1 1 1
  2709  24  15  19 1 1 1
  2710  24  15  20 1 1 1
  2711  24  15  21 1 1 1
  2712  24  15  22 1 1 1
  2713  24  15  23 1 1 1
  2714  24  15  24 1 1 1
  2715  24  15  25 1 1 1
  2716  24  15  26 1 1 1
  2717  24  15  27 2 2 2
  2718  24  15  28 2 2 2
  2719  24  16  14 2 2 2
  2720  24  16  15 1 1 1
  2721  24  16  16 1 1 1
  2722  24  16  17 1 1 1
  2723  24  16  18 1 1 1
  2724  24  16  19 1 1 1
  2725  24  16  20 1 1 1
  2726  24  16  21 1 1 1
  2727  24  16  22 1 1 1
  2728  24  16  23 1 1 1
  2729  24  16  24 1 1 1
  2730  24  16  25 1 1 1
  2731  24  16  26 1 1 1
  2732  24  16  27 1 1 1
  2733  24  16  28 2 2 2
  2734  24  17  13 2 2 2
  2735  24  17  14 1 1 1
  2736  24  17  15 1 1 1
  2737  24  17  16 1 1 1
  2738  24  17  17 1 1 1
  2739  24  17  18 1 1 1
  2740  24  17  19 1 1 1
  2741  24  17  20 1 1 1
  2742  24  17  21 1 1 1
  2743  24  17  22 1 1 1
  2744  24  17  23 1 1 1
  2745  24  17  24 1 1 1
  2746  24  17  25 1 1 1
  2747  24  17  26 1 1 1
  2748  24  17  27 1 1 1
  2749  24  17  28 1 1 1
  2750  24  17  29 2 2 2
  2751  24  18  13 2 2 2
  2752  24  18  14 1 1 1
  2753  24  18  15 1 1 1
  2754  24  18  16 1 1 1
  2755  24  18  17 1 1 1
  2756  24  18  18 1 1 1
  2757  24  18  19 1 1 1
  2758  24  18  20 1 1 1
  2759  24  18  21 1 1 1
  2760  24  18  22 1 1 1
  2761  24  18  23 1 1 1
  2762  24  18  24 1 1 1
  2763  24  18  25 1 1 1
  2764  24  18  26 1 1 1
  2765  24  18  27 1 1 1
  2766  24  18  28 1 1 1
  2767  24  18  29 2 2 2
  2768  24  19  12 2 2 2
  2769  24  19  13 2 2 2
  2770  24  19  14 1 1 1
  2771  24  19  15 1 1 1
  2772  24  19  16 1 1 1
  2773  24  19  17 1 1 1
  2774  24  19  18 1 1 1
  2775  24  19  19 1 1 1
  2776  24  19  20 1 1 1
  2777  24  19  21 1 1 1
  2778  24  19  22 1 1 1
  2779  24  19  23 1 1 1
  2780  24  19  24 1 1 1
  2781  24  19  25 1 1 1
  2782  24  19  26 1 1 1
  2783  24  19  27 1 1 1
  2784  24  19  28 1 1 1
  2785  24  19  29 2 2 2
  2786  24  19  30 2 2 2
  2787  24  20  12 2 2 2
  2788  24  20  13 1 1 1
  2789  24  20  14 1 1 1
  2790  24  20  15 1 1 1
  2791  24  20  16 1 1 1
  2792  24  20  17 1 1 1
  2793  24  20  18 1 1 1
  2794  24  20  19 1 1 1
  2795  24  20  20 1 1 1
  2796  24  20  21 1 1 1
  2797  24  20  22 1 1 1
  2798  24  20  23 1 1 1
  2799  24  20  24 1 1 1
  2800  24  20  25 1 1 1
  2801  24  20  26 1 1 1
  2802  24  20  27 1 1 1
  2803  24  20  28 1 1 1
  2804  24  20  29 1 1 1
  2805  24  20  30 2 2 2
  2806  24  21  12 2 2 2
  2807  24  21  13 1 1 1
  2808  24  21  14 1 1 1
  2809  24  21  15 1 1 1
  2810  24  21  16 1 1 1
  2811  24  21  17 1 1 1
  2812  24  21  18 1 1 1
  2813  24  21  19 1 1 1
  2814  24  21  20 1 1 1
  2815  24  21  21 1 1 1
  2816  24  21  22 1 1 1
  2817  24  21  23 1 1 1
  2818  24  21  24 1 1 1
  2819  24  21  25 1 1 1
  2820  24  21  26 1 1 1
  2821  24  21  27 1 1 1
  2822  24  21  28 1 1 1
  2823  24  21  29 1 1 1
  2824  24  21  30 2 2 2
  2825  24  22  12 2 2 2
  2826  24  22  13 1 1 1
  2827  24  22  14 1 1 1
  2828  24  22  15 1 1 1
  2829  24  22  16 1 1 1
  2830  24  22  17 1 1 1
  2831  24  22  18 1 1 1
  2832  24  22  19 1 1 1
  2833  24  22  20 1 1 1
  2834  24  22  21 1 1 1
  2835  24  22  22 1 1 1
  2836  24  22  23 1 1 1
  2837  24  22  24 1 1 1
  2838  24  22  25 1 1 1
  2839  24  22  26 1 1 1
  2840  24  22  27 1 1 1
  2841  24  22  28 1 1 1
  2842  24  22  29 1 1 1
  2843  24  22  30 2 2 2
  2844  24  23  12 2 2 2
  2845  24  23  13 2 2 2
  2846  24  23  14 1 1 1
  2847  24  23  15 1 1 1
  2848  24  23  16 1 1 1
  2849  24  23  17 1 1 1
  2850  24  23  18 1 1 1
  2851  24  23  19 1 1 1
  2852  24  23  20 1 1 1
  2853  24  23  21 1 1 1
  2854  24  23  22 1 1 1
  2855  24  23  23 1 1 1
  2856  24  23  24 1 1 1
  2857  24  23  25 1 1 1
  2858  24  23  26 1 1 1
  2859  24  23  27 1 1 1
  2860  24  23  28 1 1 1
  2861  24  23  29 2 2 2
  2862  24  23  30 2 2 2
  2863  24  24  13 2 2 2
  2864  24  24  14 1 1 1
  2865  24  24  15 1 1 1
  2866  24  24  16 1 1 1
  2867  24  24  17 1 1 1
  2868  24  24  18 1 1 1
  2869  24  24  19 1 1 1
  2870  24  24  20 1 1 1
  2871  24  24  21 1 1 1
  2872  24  24  22 1 1 1
  2873  24  24  23 1 1 1
  2874  24  24  24 1 1 1
  2875  24  24  25 1 1 1
  2876  24  24  26 1 1 1
  2877  24  24  27 1 1 1
  2878  24  24  28 1 1 1
  2879  24  24  29 2 2 2
  2880  24  25  13 2 2 2
  2881  24  25  14 1 1 1
  2882  24  25  15 1 1 1
  2883  24  25  16 1 1 1
  2884  24  25  17 1 1 1
  2885  24  25  18 1 1 1
  2886  24  25  19 1 1 1
  2887  24  25  20 1 1 1
  2888  24  25  21 1 1 1
  2889  24  25  22 1 1 1
  2890  24  25  23 1 1 1
  2891  24  25  24 1 1 1
  2892  24  25  25 1 1 1
  2893  24  25  26 1 1 1
  2894  24  25  27 1 1 1
  2895  24  25  28 1 1 1
  2896  24  25  29 2 2 2
  2897  24  26  14 2 2 2
  2898  24  26  15 1 1 1
  2899  24  26  16 1 1 1
  2900  24  26  17 1 1 1
  2901  24  26  18 1 1 1
  2902  24  26  19 1 1 1
  2903  24  26  20 1 1 1
  2904  24  26  21 1 1 1
  2905  24  26  22 1 1 1
  2906  24  26  23 1 1 1
  2907  24  26  24 1 1 1
  2908  24  26  25 1 1 1
  2909  24  26  26 1 1 1
  2910  24  26  27 1 1 1
  2911  24  26  28 2 2 2
  2912  24  27  14 2 2 2
  2913  24  27  15 2 2 2
  2914  24  27  16 1 1 1
  2915  24  27  17 1 1 1
  2916  24  27  18 1 1 1
  2917  24  27  19 1 1 1
  2918  24  27  20 1 1 1
  2919  24  27  21 1 1 1
  2920  24  27  22 1 1 1
  2921  24  27  23 1 1 1
  2922  24  27  24 1 1 1
  2923  24  27  25 1 1 1
  2924  24  27  26 1 1 1
  2925  24  27  27 2 2 2
  2926  24  27  28 2 2 2
  2927  24  28  15 2 2 2
  2928  24  28  16 2 2 2
  2929  24  28  17 1 1 1
  2930  24  28  18 1 1 1
  2931  24  28  19 1 1 1
  2932  24  28  20 1 1 1
  2933  24  28  21 1 1 1
  2934  24  28  22 1 1 1
  2935  24  28  23 1 1 1
  2936  24  28  24 1 1 1
  2937  24  28  25 1 1 1
  2938  24  28  26 2 2 2
  2939  24  28  27 2 2 2
  2940  24  29  17 2 2 2
  2941  24  29  18 2 2 2
  2942  24  29  19 2 2 2
  2943  24  29  20 1 1 1
  2944  24  29  21 1 1 1
  2945  24  29  22 1 1 1
  2946  24  29  23 2 2 2
  2947  24  29  24 2 2 2
  2948  24  29  25 2 2 2
  2949  24  30  19 2 2 2
  2950  24  30  20 2 2 2
  2951  24  30  21 2 2 2
  2952  24  30  22 2 2 2
  2953  24  30  23 2 2 2
  2954  25  13  18 2 2 2
  2955  25  13  19 2 2 2
  2956  25  13  20 2 2 2
  2957  25  13  21 2 2 2
  2958  25  13  22 2 2 2
  2959  25  13  23 2 2 2
  2960  25  13  24 2 2 2
  2961  25  14  16 2 2 2
  2962  25  14  17 2 2 2
  2963  25  14  18 1 1 1
  2964  25  14  19 1 1 1
  2965  25  14  20 1 1 1
  2966  25  14  21 1 1 1
  2967  25  14  22 1 1 1
  2968  25  14  23 1 1 1
  2969  25  14  24 1 1 1
  2970  25  14  25 2 2 2
  2971  25  14  26 2 2 2
  2972  25  15  15 2 2 2
  2973  25  15  16 2 2 2
  2974  25  15  17 1 1 1
  2975  25  15  18 1 1 1
  2976  25  15  19 1 1 1
  2977  25  15  20 1 1 1
  2978  25  15  21 1 1 1
  2979  25  15  22 1 1 1
  2980  25  15  23 1 1 1
  2981  25  15  24 1 1 1
  2982  25  15  25 1 1 1
  2983  25  15  26 2 2 2
  2984  25  15  27 2 2 2
  2985  25  16  14 2 2 2
  2986  25  16  15 2 2 2
  2987  25  16  16 1 1 1
  2988  25  16  17 1 1 1
  2989  25  16  18 1 1 1
  2990  25  16  19 1 1 1
  2991  25  16  20 1 1 1
  2992  25  16  21 1 1 1
  2993  25  16  22 1 1 1
  2994  25  16  23 1 1 1
  2995  25  16  24 1 1 1
  2996  25  16  25 1 1 1
  2997  25  16  26 1 1 1
  2998  25  16  27 2 2 2
  2999  25  16  28 2 2 2
  3000  25  17  14 2 2 2
  3001  25  17  15 1 1 1
  3002  25  17  16 1 1 1
  3003  25  17  17 1 1 1
  3004  25  17  18 1 1 1
  3005  25  17  19 1 1 1
  3006  25  17  20 1 1 1
  3007  25  17  21 1 1 1
  3008  25  17  22 1 1 1
  3009  25  17  23 1 1 1
  3010  25  17  24 1 1 1
  3011  25  17  25 1 1 1
  3012  25  17  26 1 1 1
  3013  25  17  27 1 1 1
  3014  25  17  28 2 2 2
  3015  25  18  13 2 2 2
  3016  25  18  14 1 1 1
  3017  25  18  15 1 1 1
  3018  25  18  16 1 1 1
  3019  25  18  17 1 1 1
  3020  25  18  18 1 1 1
  3021  25  18  19 1 1 1
  3022  25  18  20 1 1 1
  3023  25  18  21 1 1 1
  3024  25  18  22 1 1 1
  3025  25  18  23 1 1 1
  3026  25  18  24 1 1 1
  3027  25  18  25 1 1 1
  3028  25  18  26 1 1 1
  3029  25  18  27 1 1 1
  3030  25  18  28 1 1 1
  3031  25  18  29 2 2 2
  3032  25  19  13 2 2 2
  3033  25  19  14 1 1 1
  3034  25  19  15 1 1 1
  3035  25  19  16 1 1 1
  3036  25  19  17 1 1 1
  3037  25  19  18 1 1 1
  3038  25  19  19 1 1 1
  3039  25  19  20 1 1 1
  3040  25  19  21 1 1 1
  3041  25  19  22 1 1 1
  3042  25  19  23 1 1 1
  3043  25  19  24 1 1 1
  3044  25  19  25 1 1 1
  3045  25  19  26 1 1 1
  3046  25  19  27 1 1 1
  3047  25  19  28 1 1 1
  3048  25  19  29 2 2 2
  3049  25  20  13 2 2 2
  3050  25  20  14 1 1 1
  3051  25  20  15 1 1 1
  3052  25  20  16 1 1 1
  3053  25  20  17 1 1 1
  3054  25  20  18 1 1 1
  3055  25  20  19 1 1 1
  3056  25  20  20 1 1 1
  3057  25  20  21 1 1 1
  3058  25  20  22 1 1 1
  3059  25  20  23 1 1 1
  3060  25  20  24 1 1 1
  3061  25  20  25 1 1 1
  3062  25  20  26 1 1 1
  3063  25  20  27 1 1 1
  3064  25  20  28 1 1 1
  3065  25  20  29 2 2 2
  3066  25  21  13 2 2 2
  3067  25  21  14 1 1 1
  3068  25  21  15 1 1 1
  3069  25  21  16 1 1 1
  3070  25  21  17 1 1 1
  3071  25  21  18 1 1 1
  3072  25  21  19 1 1 1
  3073  25  21  20 1 1 1
  3074  25  21  21 1 1 1
  3075  25  21  22 1 1 1
  3076  25  21  23 1 1 1
  3077  25  21  24 1 1 1
  3078  25  21  25 1 1 1
  3079  25  21  26 1 1 1
  3080  25  21  27 1 1 1
  3081  25  21  28 1 1 1
  3082  25  21  29 2 2 2
  3083  25  22  13 2 2 2
  3084  25  22  14 1 1 1
  3085  25  22  15 1 1 1
  3086  25  22  16 1 1 1
  3087  25  22  17 1 1 1
  3088  25  22  18 1 1 1
  3089  25  22  19 1 1 1
  3090  25  22  20 1 1 1
  3091  25  22  21 1 1 1
  3092  25  22  22 1 1 1
  3093  25  22  23 1 1 1
  3094  25  22  24 1 1 1
  3095  25  22  25 1 1 1
  3096  25  22  26 1 1 1
  3097  25  22  27 1 1 1
  3098  25  22  28 1 1 1
  3099  25  22  29 2 2 2
  3100  25  23  13 2 2 2
  3101  25  23  14 1 1 1
  3102  25  23  15 1 1 1
  3103  25  23  16 1 1 1
  3104  25  23  17 1 1 1
  3105  25  23  18 1 1 1
  3106  25  23  19 1 1 1
  3107  25  23  20 1 1 1
  3108  25  23  21 1 1 1
  3109  25  23  22 1 1 1
  3110  25  23  23 1 1 1
  3111  25  23  24 1 1 1
  3112  25  23  25 1 1 1
  3113  25  23  26 1 1 1
  3114  25  23  27 1 1 1
  3115  25  23  28 1 1 1
  3116  25  23  29 2 2 2
  3117  25  24  13 2 2 2
  3118  25  24  14 1 1 1
  3119  25  24  15 1 1 1
  3120  25  24  16 1 1 1
  3121  25  24  17 1 1 1
  3122  25  24  18 1 1 1
  3123  25  24  19 1 1 1
  3124  25  24  20 1 1 1
  3125  25  24  21 1 1 1
  3126  25  24  22 1 1 1
  3127  25  24  23 1 1 1
  3128  25  24  24 1 1 1
  3129  25  24  25 1 1 1
  3130  25  24  26 1 1 1
  3131  25  24  27 1 1 1
  3132  25  24  28 1 1 1
  3133  25  24  29 2 2 2
  3134  25  25  14 2 2 2
  3135  25  25  15 1 1 1
  3136  25  25  16 1 1 1
  3137  25  25  17 1 1 1
  3138  25  25  18 1 1 1
  3139  25  25  19 1 1 1
  3140  25  25  20 1 1 1
  3141  25  25  21 1 1 1
  3142  25  25  22 1 1 1
  3143  25  25  23 1 1 1
  3144  25  25  24 1 1 1
  3145  25  25  25 1 1 1
  3146  25  25  26 1 1 1
  3147  25  25  27 1 1 1
  3148  25  25  28 2 2 2
  3149  25  26  14 2 2 2
  3150  25  26  15 2 2 2
  3151  25  26  16 1 1 1
  3152  25  26  17 1 1 1
  3153  25  26  18 1 1 1
  3154  25  26  19 1 1 1
  3155  25  26  20 1 1 1
  3156  25  26  21 1 1 1
  3157  25  26  22 1 1 1
  3158  25  26  23 1 1 1
  3159  25  26  24 1 1 1
  3160  25  26  25 1 1 1
  3161  25  26  26 1 1 1
  3162  25  26  27 2 2 2
  3163  25  26  28 2 2 2
  3164  25  27  15 2 2 2
  3165  25  27  16 2 2 2
  3166  25  27  17 1 1 1
  3167  25  27  18 1 1 1
  3168  25  27  19 1 1 1
  3169  25  27  20 1 1 1
  3170  25  27  21 1 1 1
  3171  25  27  22 1 1 1
  3172  25  27  23 1 1 1
  3173  25  27  24 1 1 1
  3174  25  27  25 1 1 1
  3175  25  27  26 2 2 2
  3176  25  27  27 2 2 2
  3177  25  28  16 2 2 2
  3178  25  28  17 2 2 2
  3179  25  28  18 1 1 1
  3180  25  28  19 1 1 1
  3181  25  28  20 1 1 1
  3182  25  28  21 1 1 1
  3183  25  28  22 1 1 1
  3184  25  28  23 1 1 1
  3185  25  28  24 1 1 1
  3186  25  28  25 2 2 2
  3187  25  28  26 2 2 2
  3188  25  29  18 2 2 2
  3189  25  29  19 2 2 2
  3190  25  29  20 2 2 2
  3191  25  29  21 2 2 2
  3192  25  29  22 2 2 2
  3193  25  29  23 2 2 2
  3194  25  29  24 2 2 2
  3195  26  13  19 2 2 2
  3196  26  13  20 2 2 2
  3197  26  13  21 2 2 2
  3198  26  13  22 2 2 2
  3199  26  13  23 2 2 2
  3200  26  14  17 2 2 2
  3201  26  14  18 2 2 2
  3202  26  14  19 2 2 2
  3203  26  14  20 1 1 1
  3204  26  14  21 1 1 1
  3205  26  14  22 1 1 1
  3206  26  14  23 2 2 2
  3207  26  14  24 2 2 2
  3208  26  14  25 2 2 2
  3209  26  15  16 2 2 2
  3210  26  15  17 2 2 2
  3211  26  15  18 1 1 1
  3212  26  15  19 1 1 1
  3213  26  15  20 1 1 1
  3214  26  15  21 1 1 1
  3215  26  15  22 1 1 1
  3216  26  15  23 1 1 1
  3217  26  15  24 1 1 1
  3218  26  15  25 2 2 2
  3219  26  15  26 2 2 2
  3220  26  16  15 2 2 2
  3221  26  16  16 1 1 1
  3222  26  16  17 1 1 1
  3223  26  16  18 1 1 1
  3224  26  16  19 1 1 1
  3225  26  16  20 1 1 1
  3226  26  16  21 1 1 1
  3227  26  16  22 1 1 1
  3228  26  16  23 1 1 1
  3229  26  16  24 1 1 1
  3230  26  16  25 1 1 1
  3231  26  16  26 1 1 1
  3232  26  16  27 2 2 2
  3233  26  17  14 2 2 2
  3234  26  17  15 2 2 2
  3235  26  17  16 1 1 1
  3236  26  17  17 1 1 1
  3237  26  17  18 1 1 1
  3238  26  17  19 1 1 1
  3239  26  17  20 1 1 1
  3240  26  17  21 1 1 1
  3241  26  17  22 1 1 1
  3242  26  17  23 1 1 1
  3243  26  17  24 1 1 1
  3244  26  17  25 1 1 1
  3245  26  17  26 1 1 1
  3246  26  17  27 2 2 2
  3247  26  17  28 2 2 2
  3248  26  18  14 2 2 2
  3249  26  18  15 1 1 1
  3250  26  18  16 1 1 1
  3251  26  18  17 1 1 1
  3252  26  18  18 1 1 1
  3253  26  18  19 1 1 1
  3254  26  18  20 1 1 1
  3255  26  18  21 1 1 1
  3256  26  18  22 1 1 1
  3257  26  18  23 1 1 1
  3258  26  18  24 1 1 1
  3259  26  18  25 1 1 1
  3260  26  18  26 1 1 1
  3261  26  18  27 1 1 1
  3262  26  18  28 2 2 2
  3263  26  19  13 2 2 2
  3264  26  19  14 2 2 2
  3265  26  19  15 1 1 1
  3266  26  19  16 1 1 1
  3267  26  19  17 1 1 1
  3268  26  19  18 1 1 1
  3269  26  19  19 1 1 1
  3270  26  19  20 1 1 1
  3271  26  19  21 1 1 1
  3272  26  19  22 1 1 1
  3273  26  19  23 1 1 1
  3274  26  19  24 1 1 1
  3275  26  19  25 1 1 1
  3276  26  19  26 1 1 1
  3277  26  19  27 1 1 1
  3278  26  19  28 2 2 2
  3279  26  19  29 2 2 2
  3280  26  20  13 2 2 2
  3281  26  20  14 1 1 1
  3282  26  20  15 1 1 1
  3283  26  20  16 1 1 1
  3284  26  20  17 1 1 1
  3285  26  20  18 1 1 1
  3286  26  20  19 1 1 1
  3287  26  20  20 1 1 1
  3288  26  20  21 1 1 1
  3289  26  20  22 1 1 1
  3290  26  20  23 1 1 1
  3291  26  20  24 1 1 1
  3292  26  20  25 1 1 1
  3293  26  20  26 1 1 1
  3294  26  20  27 1 1 1
  3295  26  20  28 1 1 1
  3296  26  20  29 2 2 2
  3297  26  21  13 2 2 2
  3298  26  21  14 1 1 1
  3299  26  21  15 1 1 1
  3300  26  21  16 1 1 1
  3301  26  21  17 1 1 1
  3302  26  21  18 1 1 1
  3303  26  21  19 1 1 1
  3304  26  21  20 1 1 1
  3305  26  21  21 1 1 1
  3306  26  21  22 1 1 1
  3307  26  21  23 1 1 1
  3308  26  21  24 1 1 1
  3309  26  21  25 1 1 1
  3310  26  21  26 1 1 1
  3311  26  21  27 1 1 1
  3312  26  21  28 1 1 1
  3313  26  21  29 2 2 2
  3314  26  22  13 2 2 2
  3315  26  22  14 1 1 1
  3316  26  22  15 1 1 1
  3317  26  22  16 1 1 1
  3318  26  22  17 1 1 1
  3319  26  22  18 1 1 1
  3320  26  22  19 1 1 1
  3321  26  22  20 1 1 1
  3322  26  22  21 1 1 1
  3323  26  22  22 1 1 1
  3324  26  22  23 1 1 1
  3325  26  22  24 1 1 1
  3326  26  22  25 1 1 1
  3327  26  22  26 1 1 1
  3328  26  22  27 1 1 1
  3329  26  22  28 1 1 1
  3330  26  22  29 2 2 2
  3331  26  23  13 2 2 2
  3332  26  23  14 2 2 2
  3333  26  23  15 1 1 1
  3334  26  23  16 1 1 1
  3335  26  23  17 1 1 1
  3336  26  23  18 1 1 1
  3337  26  23  19 1 1 1
  3338  26  23  20 1 1 1
  3339  26  23  21 1 1 1
  3340  26  23  22 1 1 1
  3341  26  23  23 1 1 1
  3342  26  23  24 1 1 1
  3343  26  23  25 1 1 1
  3344  26  23  26 1 1 1
  3345  26  23  27 1 1 1
  3346  26  23  28 2 2 2
  3347  26  23  29 2 2 2
  3348  26  24  14 2 2 2
  3349  26  24  15 1 1 1
  3350  26  24  16 1 1 1
  3351  26  24  17 1 1 1
  3352  26  24  18 1 1 1
  3353  26  24  19 1 1 1
  3354  26  24  20 1 1 1
  3355  26  24  21 1 1 1
  3356  26  24  22 1 1 1
  3357  26  24  23 1 1 1
  3358  26  24  24 1 1 1
  3359  26  24  25 1 1 1
  3360  26  24  26 1 1 1
  3361  26  24  27 1 1 1
  3362  26  24  28 2 2 2
  3363  26  25  14 2 2 2
  3364  26  25  15 2 2 2
  3365  26  25  16 1 1 1
  3366  26  25  17 1 1 1
  3367  26  25  18 1 1 1
  3368  26  25  19 1 1 1
  3369  26  25  20 1 1 1
  3370  26  25  21 1 1 1
  3371  26  25  22 1 1 1
  3372  26  25  23 1 1 1
  3373  26  25  24 1 1 1
  3374  26  25  25 1 1 1
  3375  26  25  26 1 1 1
  3376  26  25  27 2 2 2
  3377  26  25  28 2 2 2
  3378  26  26  15 2 2 2
  3379  26  26  16 1 1 1
  3380  26  26  17 1 1 1
  3381  26  26  18 1 1 1
  3382  26  26  19 1 1 1
  3383  26  26  20 1 1 1
  3384  26  26  21 1 1 1
  3385  26  26  22 1 1 1
  3386  26  26  23 1 1 1
  3387  26  26  24 1 1 1
  3388  26  26  25 1 1 1
  3389  26  26  26 1 1 1
  3390  26  26  27 2 2 2
  3391  26  27  16 2 2 2
  3392  26  27  17 2 2 2
  3393  26  27  18 1 1 1
  3394  26  27  19 1 1 1
  3395  26  27  20 1 1 1
  3396  26  27  21 1 1 1
  3397  26  27  22 1 1 1
  3398  26  27  23 1 1 1
  3399  26  27  24 1 1 1
  3400  26  27  25 2 2 2
  3401  26  27  26 2 2 2
  3402  26  28  17 2 2 2
  3403  26  28  18 2 2 2
  3404  26  28  19 2 2 2
  3405  26  28  20 1 1 1
  3406  26  28  21 1 1 1
  3407  26  28  22 1 1 1
  3408  26  28  23 2 2 2
  3409  26  28  24 2 2 2
  3410  26  28  25 2 2 2
  3411  26  29  19 2 2 2
  3412  26  29  20 2 2 2
  3413  26  29  21 2 2 2
  3414  26  29  22 2 2 2
  3415  26  29  23 2 2 2
  3416  27  14  18 2 2 2
  3417  27  14  19 2 2 2
  3418  27  14  20 2 2 2
  3419  27  14  21 2 2 2
  3420  27  14  22 2 2 2
  3421  27  14  23 2 2 2
  3422  27  14  24 2 2 2
  3423  27  15  17 2 2 2
  3424  27  15  18 2 2 2
  3425  27  15  19 1 1 1
  3426  27  15  20 1 1 1
  3427  27  15  21 1 1 1
  3428  27  15  22 1 1 1
  3429  27  15  23 1 1 1
  3430  27  15  24 2 2 2
  3431  27  15  25 2 2 2
  3432  27  16  16 2 2 2
  3433  27  16  17 2 2 2
  3434  27  16  18 1 1 1
  3435  27  16  19 1 1 1
  3436  27  16  20 1 1 1
  3437  27  16  21 1 1 1
  3438  27  16  22 1 1 1
  3439  27  16  23 1 1 1
  3440  27  16  24 1 1 1
  3441  27  16  25 2 2 2
  3442  27  16  26 2 2 2
  3443  27  17  15 2 2 2
  3444  27  17  16 2 2 2
  3445  27  17  17 1 1 1
  3446  27  17  18 1 1 1
  3447  27  17  19 1 1 1
  3448  27  17  20 1 1 1
  3449  27  17  21 1 1 1
  3450  27  17  22 1 1 1
  3451  27  17  23 1 1 1
  3452  27  17  24 1 1 1
  3453  27  17  25 1 1 1
  3454  27  17  26 2 2 2
  3455  27  17  27 2 2 2
  3456  27  18  14 2 2 2
  3457  27  18  15 2 2 2
  3458  27  18  16 1 1 1
  3459  27  18  17 1 1 1
  3460  27  18  18 1 1 1
  3461  27  18  19 1 1 1
  3462  27  18  20 1 1 1
  3463  27  18  21 1 1 1
  3464  27  18  22 1 1 1
  3465  27  18  23 1 1 1
  3466  27  18  24 1 1 1
  3467  27  18  25 1 1 1
  3468  27  18  26 1 1 1
  3469  27  18  27 2 2 2
  3470  27  18  28 2 2 2
  3471  27  19  14 2 2 2
  3472  27  19  15 1 1 1
  3473  27  19  16 1 1 1
  3474  27  19  17 1 1 1
  3475  27  19  18 1 1 1
  3476  27  19  19 1 1 1
  3477  27  19  20 1 1 1
  3478  27  19  21 1 1 1
  3479  27  19  22 1 1 1
  3480  27  19  23 1 1 1
  3481  27  19  24 1 1 1
  3482  27  19  25 1 1 1
  3483  27  19  26 1 1 1
  3484  27  19  27 1 1 1
  3485  27  19  28 2 2 2
  3486  27  20  14 2 2 2
  3487  27  20  15 1 1 1
  3488  27  20  16 1 1 1
  3489  27  20  17 1 1 1
  3490  27  20  18 1 1 1
  3491  27  20  19 1 1 1
  3492  27  20  20 1 1 1
  3493  27  20  21 1 1 1
  3494  27  20  22 1 1 1
  3495  27  20  23 1 1 1
  3496  27  20  24 1 1 1
  3497  27  20  25 1 1 1
  3498  27  20  26 1 1 1
  3499  27  20  27 1 1 1
  3500  27  20  28 2 2 2
  3501  27  21  14 2 2 2
  3502  27  21  15 1 1 1
  3503  27  21  16 1 1 1
  3504  27  21  17 1 1 1
  3505  27  21  18 1 1 1
  3506  27  21  19 1 1 1
  3507  27  21  20 1 1 1
  3508  27  21  21 1 1 1
  3509  27  21  22 1 1 1
  3510  27  21  23 1 1 1
  3511  27  21  24 1 1 1
  3512  27  21  25 1 1 1
  3513  27  21  26 1 1 1
  3514  27  21  27 1 1 1
  3515  27  21  28 2 2 2
  3516  27  22  14 2 2 2
  3517  27  22  15 1 1 1
  3518  27  22  16 1 1 1
  3519  27  22  17 1 1 1
  3520  27  22  18 1 1 1
  3521  27  22  19 1 1 1
  3522  27  22  20 1 1 1
  3523  27  22  21 1 1 1
  3524  27  22  22 1 1 1
  3525  27  22  23 1 1 1
  3526  27  22  24 1 1 1
  3527  27  22  25 1 1 1
  3528  27  22  26 1 1 1
  3529  27  22  27 1 1 1
  3530  27  22  28 2 2 2
  3531  27  23  14 2 2 2
  3532  27  23  15 1 1 1
  3533  27  23  16 1 1 1
  3534  27  23  17 1 1 1
  3535  27  23  18 1 1 1
  3536  27  23  19 1 1 1
  3537  27  23  20 1 1 1
  3538  27  23  21 1 1 1
  3539  27  23  22 1 1 1
  3540  27  23  23 1 1 1
  3541  27  23  24 1 1 1
  3542  27  23  25 1 1 1
  3543  27  23  26 1 1 1
  3544  27  23  27 1 1 1
  3545  27  23  28 2 2 2
  3546  27  24  14 2 2 2
  3547  27  24  15 2 2 2
  3548  27  24  16 1 1 1
  3549  27  24  17 1 1 1
  3550  27  24  18 1 1 1
  3551  27  24  19 1 1 1
  3552  27  24  20 1 1 1
  3553  27  24  21 1 1 1
  3554  27  24  22 1 1 1
  3555  27  24  23 1 1 1
  3556  27  24  24 1 1 1
  3557  27  24  25 1 1 1
  3558  27  24  26 1 1 1
  3559  27  24  27 2 2 2
  3560  27  24  28 2 2 2
  3561  27  25  15 2 2 2
  3562  27  25  16 2 2 2
  3563  27  25  17 1 1 1
  3564  27  25  18 1 1 1
  3565  27  25  19 1 1 1
  3566  27  25  20 1 1 1
  3567  27  25  21 1 1 1
  3568  27  25  22 1 1 1
  3569  27  25  23 1 1 1
  3570  27  25  24 1 1 1
  3571  27  25  25 1 1 1
  3572  27  25  26 2 2 2
  3573  27  25  27 2 2 2
  3574  27  26  16 2 2 2
  3575  27  26  17 2 2 2
  3576  27  26  18 1 1 1
  3577  27  26  19 1 1 1
  3578  27  26  20 1 1 1
  3579  27  26  21 1 1 1
  3580  27  26  22 1 1 1
  3581  27  26  23 1 1 1
  3582  27  26  24 1 1 1
  3583  27  26  25 2 2 2
  3584  27  26  26 2 2 2
  3585  27  27  17 2 2 2
  3586  27  27  18 2 2 2
  3587  27  27  19 1 1 1
  3588  27  27  20 1 1 1
  3589  27  27  21 1 1 1
  3590  27  27  22 1 1 1
  3591  27  27  23 1 1 1
  3592  27  27  24 2 2 2
  3593  27  27  25 2 2 2
  3594  27  28  18 2 2 2
  3595  27  28  19 2 2 2
  3596  27  28  20 2 2 2
  3597  27  28  21 2 2 2
  3598  27  28  22 2 2 2
  3599  27  28  23 2 2 2
  3600  27  28  24 2 2 2
  3601  28  15  18 2 2 2
  3602  28  15  19 2 2 2
  3603  28  15  20 2 2 2
  3604  28  15  21 2 2 2
  3605  28  15  22 2 2 2
  3606  28  15  23 2 2 2
  3607  28  15  24 2 2 2
  3608  28  16  17 2 2 2
  3609  28  16  18 2 2 2
  3610  28  16  19 2 2 2
  3611  28  16  20 1 1 1
  3612  28  16  21 1 1 1
  3613  28  16  22 1 1 1
  3614  28  16  23 2 2 2
  3615  28  16  24 2 2 2
  3616  28  16  25 2 2 2
  3617  28  17  16 2 2 2
  3618  28  17  17 2 2 2
  3619  28  17  18 1 1 1
  3620  28  17  19 1 1 1
  3621  28  17  20 1 1 1
  3622  28  17  21 1 1 1
  3623  28  17  22 1 1 1
  3624  28  17  23 1 1 1
  3625  28  17  24 1 1 1
  3626  28  17  25 2 2 2
  3627  28  17  26 2 2 2
  3628  28  18  15 2 2 2
  3629  28  18  16 2 2 2
  3630  28  18  17 1 1 1
  3631  28  18  18 1 1 1
  3632  28  18  19 1 1 1
  3633  28  18  20 1 1 1
  3634  28  18  21 1 1 1
  3635  28  18  22 1 1 1
  3636  28  18  23 1 1 1
  3637  28  18  24 1 1 1
  3638  28  18  25 1 1 1
  3639  28  18  26 2 2 2
  3640  28  18  27 2 2 2
  3641  28  19  15 2 2 2
  3642  28  19  16 2 2 2
  3643  28  19  17 1 1 1
  3644  28  19  18 1 1 1
  3645  28  19  19 1 1 1
  3646  28  19  20 1 1 1
  3647  28  19  21 1 1 1
  3648  28  19  22 1 1 1
  3649  28  19  23 1 1 1
  3650  28  19  24 1 1 1
  3651  28  19  25 1 1 1
  3652  28  19  26 2 2 2
  3653  28  19  27 2 2 2
  3654  28  20  15 2 2 2
  3655  28  20  16 1 1 1
  3656  28  20  17 1 1 1
  3657  28  20  18 1 1 1
  3658  28  20  19 1 1 1
  3659  28  20  20 1 1 1
  3660  28  20  21 1 1 1
  3661  28  20  22 1 1 1
  3662  28  20  23 1 1 1
  3663  28  20  24 1 1 1
  3664  28  20  25 1 1 1
  3665  28  20  26 1 1 1
  3666  28  20  27 2 2 2
  3667  28  21  15 2 2 2
  3668  28  21  16 1 1 1
  3669  28  21  17 1 1 1
  3670  28  21  18 1 1 1
  3671  28  21  19 1 1 1
  3672  28  21  20 1 1 1
  3673  28  21  21 1 1 1
  3674  28  21  22 1 1 1
  3675  28  21  23 1 1 1
  3676  28  21  24 1 1 1
  3677  28  21  25 1 1 1
  3678  28  21  26 1 1 1
  3679  28  21  27 2 2 2
  3680  28  22  15 2 2 2
  3681  28  22  16 1 1 1
  3682  28  22  17 1 1 1
  3683  28  22  18 1 1 1
  3684  28  22  19 1 1 1
  3685  28  22  20 1 1 1
  3686  28  22  21 1 1 1
  3687  28  22  22 1 1 1
  3688  28  22  23 1 1 1
  3689  28  22  24 1 1 1
  3690  28  22  25 1 1 1
  3691  28  22  26 1 1 1
  3692  28  22  27 2 2 2
  3693  28  23  15 2 2 2
  3694  28  23  16 2 2 2
  3695  28  23  17 1 1 1
  3696  28  23  18 1 1 1
  3697  28  23  19 1 1 1
  3698  28  23  20 1 1 1
  3699  28  23  21 1 1 1
  3700  28  23  22 1 1 1
  3701  28  23  23 1 1 1
  3702  28  23  24 1 1 1
  3703  28  23  25 1 1 1
  3704  28  23  26 2 2 2
  3705  28  23  27 2 2 2
  3706  28  24  15 2 2 2
  3707  28  24  16 2 2 2
  3708  28  24  17 1 1 1
  3709  28  24  18 1 1 1
  3710  28  24  19 1 1 1
  3711  28  24  20 1 1 1
  3712  28  24  21 1 1 1
  3713  28  24  22 1 1 1
  3714  28  24  23 1 1 1
  3715  28  24  24 1 1 1
  3716  28  24  25 1 1 1
  3717  28  24  26 2 2 2
  3718  28  24  27 2 2 2
  3719  28  25  16 2 2 2
  3720  28  25  17 2 2 2
  3721  28  25  18 1 1 1
  3722  28  25  19 1 1 1
  3723  28  25  20 1 1 1
  3724  28  25  21 1 1 1
  3725  28  25  22 1 1 1
  3726  28  25  23 1 1 1
  3727  28  25  24 1 1 1
  3728  28  25  25 2 2 2
  3729  28  25  26 2 2 2
  3730  28  26  17 2 2 2
  3731  28  26  18 2 2 2
  3732  28  26  19 2 2 2
  3733  28  26  20 1 1 1
  3734  28  26  21 1 1 1
  3735  28  26  22 1 1 1
  3736  28  26  23 2 2 2
  3737  28  26  24 2 2 2
  3738  28  26  25 2 2 2
  3739  28  27  18 2 2 2
  3740  28  27  19 2 2 2
  3741  28  27  20 2 2 2
  3742  28  27  21 2 2 2
  3743  28  27  22 2 2 2
  3744  28  27  23 2 2 2
  3745  28  27  24 2 2 2
  3746  29  16  19 2 2 2
  3747  29  16  20 2 2 2
  3748  29  16  21 2 2 2
  3749  29  16  22 2 2 2
  3750  29  16  23 2 2 2
  3751  29  17  18 2 2 2
  3752  29  17  19 2 2 2
  3753  29  17  20 2 2 2
  3754  29  17  21 2 2 2
  3755  29  17  22 2 2 2
  3756  29  17  23 2 2 2
  3757  29  17  24 2 2 2
  3758  29  18  17 2 2 2
  3759  29  18  18 2 2 2
  3760  29  18  19 2 2 2
  3761  29  18  20 1 1 1
  3762  29  18  21 1 1 1
  3763  29  18  22 1 1 1
  3764  29  18  23 2 2 2
  3765  29  18  24 2 2 2
  3766  29  18  25 2 2 2
  3767  29  19  16 2 2 2
  3768  29  19  17 2 2 2
  3769  29  19  18 2 2 2
  3770  29  19  19 1 1 1
  3771  29  19  20 1 1 1
  3772  29  19  21 1 1 1
  3773  29  19  22 1 1 1
  3774  29  19  23 1 1 1
  3775  29  19  24 2 2 2
  3776  29  19  25 2 2 2
  3777  29  19  26 2 2 2
  3778  29  20  16 2 2 2
  3779  29  20  17 2 2 2
  3780  29  20  18 1 1 1
  3781  29  20  19 1 1 1
  3782  29  20  20 1 1 1
  3783  29  20  21 1 1 1
  3784  29  20  22 1 1 1
  3785  29  20  23 1 1 1
  3786  29  20  24 1 1 1
  3787  29  20  25 2 2 2
  3788  29  20  26 2 2 2
  3789  29  21  16 2 2 2
  3790  29  21  17 2 2 2
  3791  29  21  18 1 1 1
  3792  29  21  19 1 1 1
  3793  29  21  20 1 1 1
  3794  29  21  21 1 1 1
  3795  29  21  22 1 1 1
  3796  29  21  23 1 1 1
  3797  29  21  24 1 1 1
  3798  29  21  25 2 2 2
  3799  29  21  26 2 2 2
  3800  29  22  16 2 2 2
  3801  29  22  17 2 2 2
  3802  29  22  18 1 1 1
  3803  29  22  19 1 1 1
  3804  29  22  20 1 1 1
  3805  29  22  21 1 1 1
  3806  29  22  22 1 1 1
  3807  29  22  23 1 1 1
  3808  29  22  24 1 1 1
  3809  29  22  25 2 2 2
  3810  29  22  26 2 2 2
  3811  29  23  16 2 2 2
  3812  29  23  17 2 2 2
  3813  29  23  18 2 2 2
  3814  29  23  19 1 1 1
  3815  29  23  20 1 1 1
  3816  29  23  21 1 1 1
  3817  29  23  22 1 1 1
  3818  29  23  23 1 1 1
  3819  29  23  24 2 2 2
  3820  29  23  25 2 2 2
  3821  29  23  26 2 2 2
  3822  29  24  17 2 2 2
  3823  29  24  18 2 2 2
  3824  29  24  19 2 2 2
  3825  29  24  20 1 1 1
  3826  29  24  21 1 1 1
  3827  29  24  22 1 1 1
  3828  29  24  23 2 2 2
  3829  29  24  24 2 2 2
  3830  29  24  25 2 2 2
  3831  29  25  18 2 2 2
  3832  29  25  19 2 2 2
  3833  29  25  20 2 2 2
  3834  29  25  21 2 2 2
  3835  29  25  22 2 2 2
  3836  29  25  23 2 2 2
  3837  29  25  24 2 2 2
  3838  29  26  19 2 2 2
  3839  29  26  20 2 2 2
  3840  29  26  21 2 2 2
  3841  29  26  22 2 2 2
  3842  29  26  23 2 2 2
  3843  30  18  19 2 2 2
  3844  30  18  20 2 2 2
  3845  30  18  21 2 2 2
  3846  30  18  22 2 2 2
  3847  30  18  23 2 2 2
  3848  30  19  18 2 2 2
  3849  30  19  19 2 2 2
  3850  30  19  20 2 2 2
  3851  30  19  21 2 2 2
  3852  30  19  22 2 2 2
  3853  30  19  23 2 2 2
  3854  30  19  24 2 2 2
  3855  30  20  18 2 2 2
  3856  30  20  19 2 2 2
  3857  30  20  20 2 2 2
  3858  30  20  21 2 2 2
  3859  30  20  22 2 2 2
  3860  30  20  23 2 2 2
  3861  30  20  24 2 2 2
  3862  30  21  18 2 2 2
  3863  30  21  19 2 2 2
  3864  30  21  20 2 2 2
  3865  30  21  21 2 2 2
  3866  30  21  22 2 2 2
  3867  30  21  23 2 2 2
  3868  30  21  24 2 2 2
  3869  30  22  18 2 2 2
  3870  30  22  19 2 2 2
  3871  30  22  20 2 2 2
  3872  30  22  21 2 2 2
  3873  30  22  22 2 2 2
  3874  30  22  23 2 2 2
  3875  30  22  24 2 2 2
  3876  30  23  18 2 2 2
  3877  30  23  19 2 2 2
  3878  30  23  20 2 2 2
  3879  30  23  21 2 2 2
  3880  30  23  22 2 2 2
  3881  30  23  23 2 2 2
  3882  30  23  24 2 2 2
  3883  30  24  19 2 2 2
  3884  30  24  20 2 2 2
  3885  30  24  21 2 2 2
  3886  30  24  22 2 2 2
  3887  30  24  23 2 2 2