 DDSCAT --- DDSCAT 7.3.3 [22.01.20]   
 TARGET --->TARGSPHER  spherical target with explicit spacing                 
 GPFAFT --- method of solution 
 GKDLDR --- prescription for polarizabilities
 FROM_FILE --- shape 
    4169 = NAT0 = number of dipoles
 ../../diel/Pena-Rioux_dielectric_26Au_74Ag                  
 ../../diel/Pena-Rioux_dielectric_34Au_66Ag                  
 ../../diel/Au_evap                                          
   0.000   0.000 = beta_min, beta_max ;  NBETA = 1
   0.000   0.000 = theta_min, theta_max; NTHETA= 1
   0.000   0.000 = phi_min, phi_max   ;   NPHI = 1
 Results averaged over    1 target orientations
                   and  2 incident polarizations
   aeff       wave       Q_pha       Q_pol       Q_cpol
 4.0000E-02 3.0000E-01 -1.8491E-02 -4.2915E-06 -9.1270E-08
 4.0000E-02 3.0101E-01 -1.7448E-02  9.5367E-07 -3.7253E-08
 4.0000E-02 3.0203E-01 -1.7153E-02 -4.7684E-07  6.1467E-08
 4.0000E-02 3.0305E-01 -1.7049E-02  0.0000E+00 -5.5879E-09
 4.0000E-02 3.0408E-01 -1.7142E-02 -7.6294E-06 -1.8626E-09
 4.0000E-02 3.0512E-01 -1.7440E-02 -2.3842E-07  4.6566E-08
 4.0000E-02 3.0616E-01 -1.7949E-02  1.1206E-05 -1.3039E-08
 4.0000E-02 3.0722E-01 -1.8676E-02  4.0531E-06  2.6077E-08
 4.0000E-02 3.0828E-01 -1.9603E-02  5.4836E-06  5.5879E-08
 4.0000E-02 3.0934E-01 -2.0632E-02  2.3842E-06 -5.2154E-08
 4.0000E-02 3.1042E-01 -2.1830E-02 -3.8147E-06  8.0094E-08
 4.0000E-02 3.1150E-01 -2.2635E-02 -1.9073E-06 -3.7253E-08
 4.0000E-02 3.1259E-01 -2.3450E-02 -9.0599E-06 -2.4214E-08
 4.0000E-02 3.1368E-01 -2.4488E-02  3.5763E-06 -1.4901E-08
 4.0000E-02 3.1479E-01 -2.5755E-02  2.3842E-07  1.2852E-07
 4.0000E-02 3.1590E-01 -2.7257E-02  6.1989E-06  3.7253E-09
 4.0000E-02 3.1702E-01 -2.9002E-02  0.0000E+00 -4.4703E-08
 4.0000E-02 3.1815E-01 -3.0637E-02 -4.0531E-06  5.9605E-08
 4.0000E-02 3.1929E-01 -3.2523E-02  2.6226E-06 -2.2352E-08
 4.0000E-02 3.2043E-01 -3.4771E-02  3.5763E-06 -5.2154E-08
 4.0000E-02 3.2158E-01 -3.8578E-02  3.8147E-06  5.9605E-08
 4.0000E-02 3.2274E-01 -4.2651E-02  4.7684E-07 -4.0978E-08
 4.0000E-02 3.2391E-01 -4.7000E-02  3.3379E-06  3.7253E-08
 4.0000E-02 3.2509E-01 -5.1632E-02 -5.2452E-06  2.2352E-08
 4.0000E-02 3.2628E-01 -5.6558E-02  0.0000E+00  5.5879E-08
 4.0000E-02 3.2747E-01 -6.2293E-02  9.5367E-07  0.0000E+00
 4.0000E-02 3.2868E-01 -6.8454E-02  2.3842E-07 -3.7253E-08
 4.0000E-02 3.2989E-01 -7.5031E-02  2.3842E-06 -1.9372E-07
 4.0000E-02 3.3111E-01 -8.2036E-02  7.1526E-07  5.2154E-08
 4.0000E-02 3.3234E-01 -8.8777E-02 -5.9605E-06  5.9605E-08
 4.0000E-02 3.3358E-01 -9.5539E-02 -1.4305E-06 -1.4901E-07
 4.0000E-02 3.3483E-01 -1.0263E-01  2.8610E-06  1.7136E-07
 4.0000E-02 3.3609E-01 -1.1020E-01 -2.1458E-06 -1.4901E-08
 4.0000E-02 3.3736E-01 -1.1814E-01  2.8610E-06  1.3411E-07
 4.0000E-02 3.3864E-01 -1.2629E-01 -1.1921E-06  2.2352E-07
 4.0000E-02 3.3992E-01 -1.3464E-01 -2.3842E-06 -2.9802E-08
 4.0000E-02 3.4122E-01 -1.4319E-01  6.1989E-06  3.1292E-07
 4.0000E-02 3.4253E-01 -1.5195E-01 -3.8147E-06 -3.8743E-07
 4.0000E-02 3.4385E-01 -1.6084E-01 -3.0994E-06 -7.4506E-08
 4.0000E-02 3.4517E-01 -1.6998E-01  0.0000E+00  1.7881E-07
 4.0000E-02 3.4651E-01 -1.7918E-01  2.1458E-06  7.4506E-08
 4.0000E-02 3.4786E-01 -1.8857E-01 -9.2983E-06  5.9605E-08
 4.0000E-02 3.4922E-01 -1.9815E-01 -1.6689E-06 -2.0862E-07
 4.0000E-02 3.5059E-01 -2.0793E-01  0.0000E+00 -1.0431E-07
 4.0000E-02 3.5197E-01 -2.1793E-01 -1.6689E-06  0.0000E+00
 4.0000E-02 3.5336E-01 -2.2814E-01  4.7684E-07 -1.1921E-07
 4.0000E-02 3.5476E-01 -2.3868E-01 -2.6226E-06 -2.3842E-07
 4.0000E-02 3.5618E-01 -2.4964E-01 -5.7220E-06 -3.4273E-07
 4.0000E-02 3.5760E-01 -2.6074E-01 -5.7220E-06 -2.9802E-08
 4.0000E-02 3.5904E-01 -2.7201E-01 -5.4836E-06  4.1723E-07
 4.0000E-02 3.6048E-01 -2.8344E-01 -2.1458E-06  1.1921E-07
 4.0000E-02 3.6194E-01 -2.9504E-01 -4.7684E-06  7.1526E-07
 4.0000E-02 3.6341E-01 -3.0681E-01 -4.5300E-06  4.4703E-07
 4.0000E-02 3.6490E-01 -3.1870E-01  8.1062E-06 -5.9605E-08
 4.0000E-02 3.6639E-01 -3.3072E-01  9.5367E-07 -1.1921E-07
 4.0000E-02 3.6790E-01 -3.4287E-01 -4.2915E-06  8.9407E-08
 4.0000E-02 3.6942E-01 -3.5505E-01 -7.3910E-06  0.0000E+00
 4.0000E-02 3.7095E-01 -3.6730E-01 -1.0729E-05  5.9605E-08
 4.0000E-02 3.7250E-01 -3.7961E-01  3.5763E-06  8.3447E-07
 4.0000E-02 3.7406E-01 -3.9194E-01  3.8147E-06  2.0862E-07
 4.0000E-02 3.7563E-01 -4.0427E-01  0.0000E+00  5.6624E-07
 4.0000E-02 3.7722E-01 -4.1661E-01 -6.4373E-06  1.7881E-07
 4.0000E-02 3.7881E-01 -4.2895E-01  7.1526E-07 -2.3842E-07
 4.0000E-02 3.8043E-01 -4.4128E-01  0.0000E+00  2.9802E-08
 4.0000E-02 3.8205E-01 -4.5340E-01 -1.1921E-06 -3.2783E-07
 4.0000E-02 3.8369E-01 -4.6518E-01 -4.7684E-07  4.7684E-07
 4.0000E-02 3.8534E-01 -4.7695E-01  5.7220E-06  8.9407E-08
 4.0000E-02 3.8701E-01 -4.8872E-01  8.8215E-06  2.9802E-08
 4.0000E-02 3.8870E-01 -5.0042E-01 -1.1921E-06  1.8477E-06
 4.0000E-02 3.9039E-01 -5.1205E-01  2.3842E-07  1.4305E-06
 4.0000E-02 3.9211E-01 -5.2352E-01 -9.5367E-07 -2.3842E-06
 4.0000E-02 3.9383E-01 -5.3487E-01  1.1921E-06 -2.2054E-06
 4.0000E-02 3.9558E-01 -5.4604E-01 -7.1526E-07 -5.6028E-06
 4.0000E-02 3.9733E-01 -5.5700E-01  3.5763E-06  4.5896E-06
 4.0000E-02 3.9911E-01 -5.6808E-01  4.2915E-06  1.3709E-06
 4.0000E-02 4.0090E-01 -5.7888E-01 -7.1526E-06 -1.8477E-06
 4.0000E-02 4.0270E-01 -5.8932E-01  1.4305E-06 -1.3709E-06
 4.0000E-02 4.0452E-01 -5.9935E-01  2.6226E-06  4.7684E-07
 4.0000E-02 4.0636E-01 -6.0888E-01  2.3842E-07 -1.3709E-06
 4.0000E-02 4.0822E-01 -6.1783E-01  4.7684E-06  7.7486E-07
 4.0000E-02 4.1009E-01 -6.2613E-01 -5.0068E-06 -2.9802E-07
 4.0000E-02 4.1198E-01 -6.3371E-01 -2.1458E-06 -3.5763E-07
 4.0000E-02 4.1389E-01 -6.4031E-01 -3.0994E-06  2.3842E-07
 4.0000E-02 4.1581E-01 -6.4564E-01  9.7752E-06  1.0729E-06
 4.0000E-02 4.1776E-01 -6.4998E-01  1.6689E-06 -1.9073E-06
 4.0000E-02 4.1972E-01 -6.5326E-01 -1.1921E-06 -8.3447E-07
 4.0000E-02 4.2170E-01 -6.5534E-01  5.0068E-06  2.1458E-06
 4.0000E-02 4.2370E-01 -6.5607E-01 -3.0994E-06 -2.3842E-06
 4.0000E-02 4.2571E-01 -6.5528E-01 -6.1989E-06 -1.3113E-06
 4.0000E-02 4.2775E-01 -6.5278E-01  6.1989E-06 -7.7486E-07
 4.0000E-02 4.2981E-01 -6.4844E-01 -3.0994E-06 -2.9802E-07
 4.0000E-02 4.3188E-01 -6.4250E-01 -6.1989E-06 -4.1723E-06
 4.0000E-02 4.3398E-01 -6.3455E-01 -4.7684E-07  1.8477E-06
 4.0000E-02 4.3610E-01 -6.2423E-01  7.1526E-06 -1.1325E-06
 4.0000E-02 4.3824E-01 -6.1140E-01 -4.2915E-06 -8.3447E-07
 4.0000E-02 4.4039E-01 -5.9605E-01 -1.3828E-05 -5.4240E-06
 4.0000E-02 4.4257E-01 -5.7805E-01  9.0599E-06 -1.1921E-06
 4.0000E-02 4.4478E-01 -5.5724E-01 -1.4305E-06 -5.3644E-07
 4.0000E-02 4.4700E-01 -5.3359E-01  3.8147E-06  1.9670E-06
 4.0000E-02 4.4925E-01 -5.0710E-01 -5.7220E-06  2.9206E-06
 4.0000E-02 4.5152E-01 -4.7748E-01 -2.8610E-06  2.3842E-06
 4.0000E-02 4.5381E-01 -4.4437E-01 -1.2398E-05  5.1260E-06
 4.0000E-02 4.5612E-01 -4.0820E-01 -8.1062E-06  0.0000E+00
 4.0000E-02 4.5846E-01 -3.6896E-01  3.3379E-06 -5.2750E-06
 4.0000E-02 4.6082E-01 -3.2657E-01 -3.3379E-06 -1.3709E-06
 4.0000E-02 4.6321E-01 -2.8106E-01 -7.6294E-06  3.7551E-06
 4.0000E-02 4.6563E-01 -2.3255E-01 -2.1458E-05  1.8328E-06
 4.0000E-02 4.6806E-01 -1.8114E-01  1.6212E-05 -1.0133E-06
 4.0000E-02 4.7053E-01 -1.2701E-01  8.5831E-06 -6.1691E-06
 4.0000E-02 4.7302E-01 -7.1961E-02  9.5367E-06  5.8562E-06
 4.0000E-02 4.7553E-01 -1.5437E-02 -1.8120E-05 -1.3905E-06
 4.0000E-02 4.7807E-01  4.3055E-02 -5.7220E-06 -9.6485E-07
 4.0000E-02 4.8065E-01  1.0308E-01  1.4305E-06 -3.4422E-06
 4.0000E-02 4.8324E-01  1.6420E-01 -2.8610E-06  4.8727E-06
 4.0000E-02 4.8587E-01  2.2607E-01 -6.6757E-06 -1.7583E-06
 4.0000E-02 4.8852E-01  2.8836E-01 -4.7684E-06  2.4736E-06
 4.0000E-02 4.9121E-01  3.5089E-01 -1.9073E-06  2.6822E-06
 4.0000E-02 4.9392E-01  4.1372E-01 -1.2398E-05 -3.2187E-06
 4.0000E-02 4.9667E-01  4.7724E-01  9.5367E-06 -9.2387E-07
 4.0000E-02 4.9944E-01  5.4360E-01  2.6226E-05 -1.0133E-06
 4.0000E-02 5.0225E-01  6.1411E-01 -8.1062E-06  4.1723E-06
 4.0000E-02 5.0508E-01  6.9009E-01  2.0504E-05  3.0398E-06
 4.0000E-02 5.0795E-01  7.7286E-01  2.0504E-05 -1.3709E-06
 4.0000E-02 5.1086E-01  8.6377E-01  5.7220E-06  2.9802E-07
 4.0000E-02 5.1379E-01  9.6402E-01 -2.8610E-06  1.6689E-06
 4.0000E-02 5.1676E-01  1.0745E+00  2.2888E-05 -1.9073E-06
 4.0000E-02 5.1977E-01  1.1953E+00 -2.8610E-06 -8.3447E-07
 4.0000E-02 5.2281E-01  1.3232E+00  1.1921E-05  2.3842E-07
 4.0000E-02 5.2588E-01  1.4509E+00  2.8610E-06 -1.7881E-06
 4.0000E-02 5.2899E-01  1.5763E+00  1.4305E-05 -5.9605E-07
 4.0000E-02 5.3214E-01  1.6970E+00  1.0014E-05 -2.2650E-06
 4.0000E-02 5.3533E-01  1.8109E+00  4.7684E-07  1.0729E-06
 4.0000E-02 5.3855E-01  1.9162E+00 -4.7684E-07 -5.8413E-06
 4.0000E-02 5.4182E-01  2.0115E+00  1.9073E-06 -1.4305E-06
 4.0000E-02 5.4512E-01  2.0959E+00 -2.0027E-05  7.8678E-06
 4.0000E-02 5.4847E-01  2.1686E+00 -3.3379E-06 -7.1526E-07
 4.0000E-02 5.5185E-01  2.2308E+00 -5.7220E-06  1.1921E-06
 4.0000E-02 5.5528E-01  2.2824E+00  6.6757E-06  2.6226E-06
 4.0000E-02 5.5875E-01  2.3236E+00  1.5736E-05 -5.0068E-06
 4.0000E-02 5.6226E-01  2.3548E+00  5.2452E-06 -4.2915E-06
 4.0000E-02 5.6582E-01  2.3765E+00 -2.8133E-05  1.4305E-06
 4.0000E-02 5.6943E-01  2.3894E+00 -1.4305E-06 -1.6689E-06
 4.0000E-02 5.7308E-01  2.3947E+00  3.7193E-05  3.5763E-06
 4.0000E-02 5.7677E-01  2.3933E+00  1.7643E-05 -5.0068E-06
 4.0000E-02 5.8052E-01  2.3861E+00 -4.5300E-06 -7.3910E-06
 4.0000E-02 5.8431E-01  2.3731E+00  2.3842E-07 -2.4796E-05
 4.0000E-02 5.8816E-01  2.3549E+00 -3.4094E-05  1.0490E-05
 4.0000E-02 5.9205E-01  2.3322E+00 -1.3590E-05 -9.5367E-07
 4.0000E-02 5.9600E-01  2.3056E+00 -2.8849E-05 -5.2452E-06
 4.0000E-02 6.0000E-01  2.2757E+00  1.3828E-05  1.0967E-05
