 DDSCAT --- DDSCAT 7.3.3 [22.01.20]   
 TARGET --->TARGSPHER  spherical target with explicit spacing                 
 GPFAFT --- method of solution 
 GKDLDR --- prescription for polarizabilities
 FROM_FILE --- shape 
    4169 = NAT0 = number of dipoles
 ../../diel/Pena-Rioux_dielectric_26Au_74Ag                  
 ../../diel/Pena-Rioux_dielectric_34Au_66Ag                  
 ../../diel/Au_evap                                          
   0.000   0.000 = beta_min, beta_max ;  NBETA = 1
   0.000   0.000 = theta_min, theta_max; NTHETA= 1
   0.000   0.000 = phi_min, phi_max   ;   NPHI = 1
 0.5000 = ETASCA (param. controlling # of scatt. dirs used to calculate <cos> etc.
 Results averaged over    1 target orientations
                   and  2 incident polarizations
   aeff       wave       Q_ext     Q_abs      Q_sca     g(1)=<cos>  <cos^2>    Q_bk       Nsca
 4.0000E-02 3.0000E-01 2.5867E+00 1.7979E+00 7.8880E-01  2.5561E-01 4.1474E-01 3.9652E-02   408
 4.0000E-02 3.0101E-01 2.5789E+00 1.7971E+00 7.8179E-01  2.5381E-01 4.1455E-01 3.9654E-02   408
 4.0000E-02 3.0203E-01 2.5713E+00 1.7964E+00 7.7495E-01  2.5197E-01 4.1435E-01 3.9661E-02   408
 4.0000E-02 3.0305E-01 2.5637E+00 1.7956E+00 7.6810E-01  2.5013E-01 4.1416E-01 3.9660E-02   408
 4.0000E-02 3.0408E-01 2.5560E+00 1.7948E+00 7.6124E-01  2.4830E-01 4.1397E-01 3.9652E-02   408
 4.0000E-02 3.0512E-01 2.5483E+00 1.7939E+00 7.5438E-01  2.4647E-01 4.1378E-01 3.9635E-02   408
 4.0000E-02 3.0616E-01 2.5405E+00 1.7930E+00 7.4752E-01  2.4465E-01 4.1359E-01 3.9611E-02   408
 4.0000E-02 3.0722E-01 2.5328E+00 1.7921E+00 7.4066E-01  2.4283E-01 4.1340E-01 3.9579E-02   408
 4.0000E-02 3.0828E-01 2.5251E+00 1.7912E+00 7.3391E-01  2.4101E-01 4.1322E-01 3.9547E-02   408
 4.0000E-02 3.0934E-01 2.5180E+00 1.7905E+00 7.2752E-01  2.3917E-01 4.1303E-01 3.9532E-02   408
 4.0000E-02 3.1042E-01 2.5108E+00 1.7897E+00 7.2116E-01  2.3733E-01 4.1285E-01 3.9511E-02   408
 4.0000E-02 3.1150E-01 2.5035E+00 1.7889E+00 7.1467E-01  2.3554E-01 4.1267E-01 3.9472E-02   408
 4.0000E-02 3.1259E-01 2.4962E+00 1.7880E+00 7.0816E-01  2.3378E-01 4.1249E-01 3.9424E-02   408
 4.0000E-02 3.1368E-01 2.4888E+00 1.7871E+00 7.0167E-01  2.3201E-01 4.1232E-01 3.9371E-02   408
 4.0000E-02 3.1479E-01 2.4814E+00 1.7862E+00 6.9521E-01  2.3035E-01 4.1230E-01 3.9313E-02   362
 4.0000E-02 3.1590E-01 2.4740E+00 1.7852E+00 6.8876E-01  2.2858E-01 4.1213E-01 3.9251E-02   362
 4.0000E-02 3.1702E-01 2.4666E+00 1.7842E+00 6.8234E-01  2.2681E-01 4.1196E-01 3.9184E-02   363
 4.0000E-02 3.1815E-01 2.4587E+00 1.7830E+00 6.7570E-01  2.2505E-01 4.1179E-01 3.9097E-02   363
 4.0000E-02 3.1929E-01 2.4506E+00 1.7817E+00 6.6898E-01  2.2330E-01 4.1163E-01 3.8998E-02   363
 4.0000E-02 3.2043E-01 2.4425E+00 1.7803E+00 6.6225E-01  2.2154E-01 4.1147E-01 3.8892E-02   363
 4.0000E-02 3.2158E-01 2.4346E+00 1.7788E+00 6.5580E-01  2.1968E-01 4.1130E-01 3.8804E-02   363
 4.0000E-02 3.2274E-01 2.4266E+00 1.7773E+00 6.4932E-01  2.1783E-01 4.1113E-01 3.8706E-02   363
 4.0000E-02 3.2391E-01 2.4184E+00 1.7756E+00 6.4279E-01  2.1599E-01 4.1097E-01 3.8598E-02   363
 4.0000E-02 3.2509E-01 2.4101E+00 1.7739E+00 6.3624E-01  2.1416E-01 4.1081E-01 3.8481E-02   363
 4.0000E-02 3.2628E-01 2.4016E+00 1.7720E+00 6.2967E-01  2.1235E-01 4.1066E-01 3.8355E-02   363
 4.0000E-02 3.2747E-01 2.3923E+00 1.7696E+00 6.2266E-01  2.1059E-01 4.1051E-01 3.8188E-02   363
 4.0000E-02 3.2868E-01 2.3830E+00 1.7672E+00 6.1580E-01  2.0884E-01 4.1036E-01 3.8023E-02   363
 4.0000E-02 3.2989E-01 2.3739E+00 1.7648E+00 6.0912E-01  2.0708E-01 4.1021E-01 3.7864E-02   363
 4.0000E-02 3.3111E-01 2.3650E+00 1.7624E+00 6.0265E-01  2.0533E-01 4.1006E-01 3.7711E-02   363
 4.0000E-02 3.3234E-01 2.3560E+00 1.7598E+00 5.9614E-01  2.0362E-01 4.0992E-01 3.7548E-02   363
 4.0000E-02 3.3358E-01 2.3470E+00 1.7572E+00 5.8972E-01  2.0195E-01 4.0978E-01 3.7383E-02   363
 4.0000E-02 3.3483E-01 2.3381E+00 1.7546E+00 5.8351E-01  2.0027E-01 4.0964E-01 3.7227E-02   363
 4.0000E-02 3.3609E-01 2.3301E+00 1.7523E+00 5.7785E-01  1.9858E-01 4.0950E-01 3.7101E-02   363
 4.0000E-02 3.3736E-01 2.3232E+00 1.7503E+00 5.7285E-01  1.9685E-01 4.0936E-01 3.7019E-02   363
 4.0000E-02 3.3864E-01 2.3169E+00 1.7486E+00 5.6829E-01  1.9510E-01 4.0921E-01 3.6964E-02   363
 4.0000E-02 3.3992E-01 2.3112E+00 1.7470E+00 5.6416E-01  1.9333E-01 4.0907E-01 3.6935E-02   363
 4.0000E-02 3.4122E-01 2.3062E+00 1.7457E+00 5.6047E-01  1.9155E-01 4.0892E-01 3.6935E-02   363
 4.0000E-02 3.4253E-01 2.3018E+00 1.7446E+00 5.5722E-01  1.8974E-01 4.0877E-01 3.6964E-02   363
 4.0000E-02 3.4385E-01 2.2979E+00 1.7436E+00 5.5427E-01  1.8790E-01 4.0863E-01 3.7015E-02   363
 4.0000E-02 3.4517E-01 2.2950E+00 1.7430E+00 5.5197E-01  1.8603E-01 4.0848E-01 3.7113E-02   363
 4.0000E-02 3.4651E-01 2.2932E+00 1.7429E+00 5.5031E-01  1.8411E-01 4.0833E-01 3.7256E-02   363
 4.0000E-02 3.4786E-01 2.2924E+00 1.7432E+00 5.4921E-01  1.8217E-01 4.0817E-01 3.7439E-02   363
 4.0000E-02 3.4922E-01 2.2926E+00 1.7439E+00 5.4868E-01  1.8019E-01 4.0802E-01 3.7664E-02   363
 4.0000E-02 3.5059E-01 2.2938E+00 1.7451E+00 5.4872E-01  1.7819E-01 4.0786E-01 3.7932E-02   363
 4.0000E-02 3.5197E-01 2.2960E+00 1.7466E+00 5.4937E-01  1.7616E-01 4.0770E-01 3.8246E-02   363
 4.0000E-02 3.5336E-01 2.2993E+00 1.7487E+00 5.5063E-01  1.7409E-01 4.0755E-01 3.8607E-02   363
 4.0000E-02 3.5476E-01 2.3041E+00 1.7513E+00 5.5272E-01  1.7200E-01 4.0739E-01 3.9029E-02   363
 4.0000E-02 3.5618E-01 2.3105E+00 1.7548E+00 5.5569E-01  1.6988E-01 4.0723E-01 3.9518E-02   363
 4.0000E-02 3.5760E-01 2.3179E+00 1.7586E+00 5.5924E-01  1.6775E-01 4.0707E-01 4.0054E-02   363
 4.0000E-02 3.5904E-01 2.3264E+00 1.7630E+00 5.6340E-01  1.6559E-01 4.0690E-01 4.0639E-02   363
 4.0000E-02 3.6048E-01 2.3360E+00 1.7678E+00 5.6818E-01  1.6342E-01 4.0674E-01 4.1277E-02   363
 4.0000E-02 3.6194E-01 2.3468E+00 1.7731E+00 5.7362E-01  1.6123E-01 4.0658E-01 4.1971E-02   363
 4.0000E-02 3.6341E-01 2.3587E+00 1.7790E+00 5.7974E-01  1.5902E-01 4.0642E-01 4.2723E-02   363
 4.0000E-02 3.6490E-01 2.3719E+00 1.7854E+00 5.8649E-01  1.5680E-01 4.0626E-01 4.3531E-02   363
 4.0000E-02 3.6639E-01 2.3862E+00 1.7923E+00 5.9392E-01  1.5457E-01 4.0611E-01 4.4398E-02   363
 4.0000E-02 3.6790E-01 2.4017E+00 1.7997E+00 6.0202E-01  1.5233E-01 4.0595E-01 4.5326E-02   363
 4.0000E-02 3.6942E-01 2.4187E+00 1.8078E+00 6.1087E-01  1.5008E-01 4.0579E-01 4.6321E-02   363
 4.0000E-02 3.7095E-01 2.4367E+00 1.8164E+00 6.2037E-01  1.4782E-01 4.0564E-01 4.7379E-02   363
 4.0000E-02 3.7250E-01 2.4560E+00 1.8254E+00 6.3054E-01  1.4554E-01 4.0548E-01 4.8503E-02   363
 4.0000E-02 3.7406E-01 2.4764E+00 1.8350E+00 6.4137E-01  1.4325E-01 4.0533E-01 4.9693E-02   363
 4.0000E-02 3.7563E-01 2.4979E+00 1.8451E+00 6.5284E-01  1.4095E-01 4.0518E-01 5.0949E-02   363
 4.0000E-02 3.7722E-01 2.5207E+00 1.8557E+00 6.6500E-01  1.3864E-01 4.0504E-01 5.2277E-02   363
 4.0000E-02 3.7881E-01 2.5448E+00 1.8669E+00 6.7791E-01  1.3632E-01 4.0489E-01 5.3681E-02   363
 4.0000E-02 3.8043E-01 2.5703E+00 1.8787E+00 6.9161E-01  1.3399E-01 4.0475E-01 5.5167E-02   363
 4.0000E-02 3.8205E-01 2.5967E+00 1.8909E+00 7.0584E-01  1.3164E-01 4.0461E-01 5.6721E-02   363
 4.0000E-02 3.8369E-01 2.6236E+00 1.9033E+00 7.2035E-01  1.2927E-01 4.0447E-01 5.8321E-02   363
 4.0000E-02 3.8534E-01 2.6520E+00 1.9163E+00 7.3566E-01  1.2689E-01 4.0434E-01 6.0011E-02   363
 4.0000E-02 3.8701E-01 2.6819E+00 1.9299E+00 7.5192E-01  1.2449E-01 4.0420E-01 6.1804E-02   363
 4.0000E-02 3.8870E-01 2.7133E+00 1.9443E+00 7.6907E-01  1.2209E-01 4.0407E-01 6.3695E-02   363
 4.0000E-02 3.9039E-01 2.7466E+00 1.9593E+00 7.8724E-01  1.1975E-01 4.0412E-01 6.5698E-02   323
 4.0000E-02 3.9211E-01 2.7814E+00 1.9751E+00 8.0632E-01  1.1732E-01 4.0399E-01 6.7806E-02   323
 4.0000E-02 3.9383E-01 2.8180E+00 1.9916E+00 8.2643E-01  1.1488E-01 4.0387E-01 7.0032E-02   323
 4.0000E-02 3.9558E-01 2.8564E+00 2.0088E+00 8.4760E-01  1.1243E-01 4.0375E-01 7.2382E-02   323
 4.0000E-02 3.9733E-01 2.8968E+00 2.0269E+00 8.6993E-01  1.0997E-01 4.0363E-01 7.4866E-02   323
 4.0000E-02 3.9911E-01 2.9402E+00 2.0461E+00 8.9409E-01  1.0749E-01 4.0352E-01 7.7539E-02   323
 4.0000E-02 4.0090E-01 2.9857E+00 2.0661E+00 9.1957E-01  1.0501E-01 4.0340E-01 8.0366E-02   323
 4.0000E-02 4.0270E-01 3.0334E+00 2.0871E+00 9.4635E-01  1.0252E-01 4.0329E-01 8.3349E-02   323
 4.0000E-02 4.0452E-01 3.0835E+00 2.1089E+00 9.7454E-01  1.0002E-01 4.0318E-01 8.6500E-02   323
 4.0000E-02 4.0636E-01 3.1359E+00 2.1317E+00 1.0042E+00  9.7513E-02 4.0307E-01 8.9827E-02   323
 4.0000E-02 4.0822E-01 3.1908E+00 2.1555E+00 1.0353E+00  9.4991E-02 4.0297E-01 9.3340E-02   323
 4.0000E-02 4.1009E-01 3.2483E+00 2.1803E+00 1.0680E+00  9.2460E-02 4.0286E-01 9.7043E-02   323
 4.0000E-02 4.1198E-01 3.3082E+00 2.2060E+00 1.1023E+00  8.9922E-02 4.0276E-01 1.0094E-01   323
 4.0000E-02 4.1389E-01 3.3704E+00 2.2326E+00 1.1378E+00  8.7373E-02 4.0266E-01 1.0502E-01   323
 4.0000E-02 4.1581E-01 3.4346E+00 2.2601E+00 1.1745E+00  8.4815E-02 4.0257E-01 1.0927E-01   323
 4.0000E-02 4.1776E-01 3.5015E+00 2.2886E+00 1.2130E+00  8.2252E-02 4.0248E-01 1.1374E-01   323
 4.0000E-02 4.1972E-01 3.5713E+00 2.3181E+00 1.2531E+00  7.9689E-02 4.0239E-01 1.1844E-01   323
 4.0000E-02 4.2170E-01 3.6438E+00 2.3487E+00 1.2951E+00  7.7129E-02 4.0231E-01 1.2337E-01   323
 4.0000E-02 4.2370E-01 3.7190E+00 2.3802E+00 1.3388E+00  7.4575E-02 4.0222E-01 1.2853E-01   323
 4.0000E-02 4.2571E-01 3.7970E+00 2.4128E+00 1.3842E+00  7.2032E-02 4.0214E-01 1.3392E-01   323
 4.0000E-02 4.2775E-01 3.8778E+00 2.4464E+00 1.4313E+00  6.9502E-02 4.0207E-01 1.3954E-01   323
 4.0000E-02 4.2981E-01 3.9610E+00 2.4810E+00 1.4800E+00  6.6995E-02 4.0199E-01 1.4539E-01   323
 4.0000E-02 4.3188E-01 4.0476E+00 2.5166E+00 1.5310E+00  6.4517E-02 4.0192E-01 1.5151E-01   323
 4.0000E-02 4.3398E-01 4.1368E+00 2.5531E+00 1.5837E+00  6.2072E-02 4.0186E-01 1.5787E-01   323
 4.0000E-02 4.3610E-01 4.2278E+00 2.5904E+00 1.6374E+00  5.9666E-02 4.0179E-01 1.6439E-01   323
 4.0000E-02 4.3824E-01 4.3201E+00 2.6282E+00 1.6919E+00  5.7309E-02 4.0173E-01 1.7103E-01   323
 4.0000E-02 4.4039E-01 4.4135E+00 2.6665E+00 1.7469E+00  5.5004E-02 4.0168E-01 1.7779E-01   323
 4.0000E-02 4.4257E-01 4.5077E+00 2.7053E+00 1.8024E+00  5.2756E-02 4.0163E-01 1.8464E-01   323
 4.0000E-02 4.4478E-01 4.6024E+00 2.7444E+00 1.8580E+00  5.0570E-02 4.0158E-01 1.9154E-01   323
 4.0000E-02 4.4700E-01 4.6970E+00 2.7837E+00 1.9134E+00  4.8451E-02 4.0154E-01 1.9845E-01   323
 4.0000E-02 4.4925E-01 4.7914E+00 2.8230E+00 1.9684E+00  4.6402E-02 4.0150E-01 2.0536E-01   323
 4.0000E-02 4.5152E-01 4.8838E+00 2.8621E+00 2.0217E+00  4.4431E-02 4.0146E-01 2.1210E-01   323
 4.0000E-02 4.5381E-01 4.9721E+00 2.9006E+00 2.0715E+00  4.2546E-02 4.0144E-01 2.1848E-01   323
 4.0000E-02 4.5612E-01 5.0593E+00 2.9389E+00 2.1204E+00  4.0733E-02 4.0141E-01 2.2478E-01   323
 4.0000E-02 4.5846E-01 5.1451E+00 2.9768E+00 2.1683E+00  3.8992E-02 4.0139E-01 2.3097E-01   323
 4.0000E-02 4.6082E-01 5.2288E+00 3.0140E+00 2.2147E+00  3.7324E-02 4.0137E-01 2.3700E-01   323
 4.0000E-02 4.6321E-01 5.3097E+00 3.0503E+00 2.2593E+00  3.5728E-02 4.0135E-01 2.4282E-01   323
 4.0000E-02 4.6563E-01 5.3872E+00 3.0855E+00 2.3017E+00  3.4201E-02 4.0133E-01 2.4841E-01   323
 4.0000E-02 4.6806E-01 5.4609E+00 3.1192E+00 2.3417E+00  3.2741E-02 4.0132E-01 2.5371E-01   323
 4.0000E-02 4.7053E-01 5.5300E+00 3.1513E+00 2.3788E+00  3.1347E-02 4.0130E-01 2.5867E-01   323
 4.0000E-02 4.7302E-01 5.5945E+00 3.1814E+00 2.4131E+00  3.0022E-02 4.0129E-01 2.6330E-01   323
 4.0000E-02 4.7553E-01 5.6545E+00 3.2097E+00 2.4448E+00  2.8761E-02 4.0128E-01 2.6762E-01   323
 4.0000E-02 4.7807E-01 5.7096E+00 3.2359E+00 2.4736E+00  2.7553E-02 4.0126E-01 2.7160E-01   323
 4.0000E-02 4.8065E-01 5.7597E+00 3.2600E+00 2.4997E+00  2.6398E-02 4.0125E-01 2.7525E-01   323
 4.0000E-02 4.8324E-01 5.8051E+00 3.2819E+00 2.5233E+00  2.5293E-02 4.0124E-01 2.7861E-01   323
 4.0000E-02 4.8587E-01 5.8466E+00 3.3016E+00 2.5450E+00  2.4233E-02 4.0123E-01 2.8174E-01   323
 4.0000E-02 4.8852E-01 5.8848E+00 3.3192E+00 2.5656E+00  2.3214E-02 4.0122E-01 2.8472E-01   323
 4.0000E-02 4.9121E-01 5.9208E+00 3.3350E+00 2.5859E+00  2.2231E-02 4.0121E-01 2.8765E-01   323
 4.0000E-02 4.9392E-01 5.9561E+00 3.3490E+00 2.6071E+00  2.1278E-02 4.0121E-01 2.9067E-01   323
 4.0000E-02 4.9667E-01 5.9970E+00 3.3620E+00 2.6350E+00  2.0340E-02 4.0119E-01 2.9443E-01   323
 4.0000E-02 4.9944E-01 6.0525E+00 3.3744E+00 2.6781E+00  1.9383E-02 4.0118E-01 2.9992E-01   323
 4.0000E-02 5.0225E-01 6.1096E+00 3.3837E+00 2.7260E+00  1.8414E-02 4.0116E-01 3.0597E-01   323
 4.0000E-02 5.0508E-01 6.1676E+00 3.3888E+00 2.7788E+00  1.7424E-02 4.0115E-01 3.1263E-01   323
 4.0000E-02 5.0795E-01 6.2250E+00 3.3884E+00 2.8366E+00  1.6404E-02 4.0113E-01 3.1991E-01   324
 4.0000E-02 5.1086E-01 6.2794E+00 3.3806E+00 2.8988E+00  1.5347E-02 4.0112E-01 3.2774E-01   324
 4.0000E-02 5.1379E-01 6.3274E+00 3.3634E+00 2.9640E+00  1.4288E-02 4.0130E-01 3.3600E-01   285
 4.0000E-02 5.1676E-01 6.3643E+00 3.3343E+00 3.0300E+00  1.3148E-02 4.0128E-01 3.4442E-01   285
 4.0000E-02 5.1977E-01 6.3845E+00 3.2907E+00 3.0938E+00  1.1969E-02 4.0127E-01 3.5266E-01   285
 4.0000E-02 5.2281E-01 6.3561E+00 3.2285E+00 3.1276E+00  1.0783E-02 4.0126E-01 3.5753E-01   285
 4.0000E-02 5.2588E-01 6.2850E+00 3.1517E+00 3.1332E+00  9.6257E-03 4.0125E-01 3.5916E-01   285
 4.0000E-02 5.2899E-01 6.1859E+00 3.0632E+00 3.1228E+00  8.4915E-03 4.0125E-01 3.5892E-01   285
 4.0000E-02 5.3214E-01 6.0600E+00 2.9640E+00 3.0960E+00  7.3820E-03 4.0125E-01 3.5677E-01   285
 4.0000E-02 5.3533E-01 5.9093E+00 2.8559E+00 3.0534E+00  6.2970E-03 4.0125E-01 3.5275E-01   285
 4.0000E-02 5.3855E-01 5.7365E+00 2.7405E+00 2.9960E+00  5.2348E-03 4.0125E-01 3.4697E-01   285
 4.0000E-02 5.4182E-01 5.5448E+00 2.6196E+00 2.9252E+00  4.1928E-03 4.0125E-01 3.3957E-01   285
 4.0000E-02 5.4512E-01 5.3378E+00 2.4952E+00 2.8426E+00  3.1694E-03 4.0125E-01 3.3075E-01   285
 4.0000E-02 5.4847E-01 5.1190E+00 2.3691E+00 2.7500E+00  2.1631E-03 4.0125E-01 3.2069E-01   285
 4.0000E-02 5.5185E-01 4.9003E+00 2.2449E+00 2.6554E+00  1.1906E-03 4.0125E-01 3.1033E-01   285
 4.0000E-02 5.5528E-01 4.6773E+00 2.1214E+00 2.5559E+00  2.3242E-04 4.0125E-01 2.9933E-01   285
 4.0000E-02 5.5875E-01 4.4525E+00 1.9999E+00 2.4527E+00 -7.1129E-04 4.0125E-01 2.8782E-01   285
 4.0000E-02 5.6226E-01 4.2284E+00 1.8815E+00 2.3469E+00 -1.6382E-03 4.0125E-01 2.7596E-01   285
 4.0000E-02 5.6582E-01 4.0074E+00 1.7673E+00 2.2401E+00 -2.5465E-03 4.0125E-01 2.6391E-01   285
 4.0000E-02 5.6943E-01 3.7918E+00 1.6582E+00 2.1336E+00 -3.4352E-03 4.0125E-01 2.5183E-01   285
 4.0000E-02 5.7308E-01 3.5832E+00 1.5545E+00 2.0287E+00 -4.3072E-03 4.0125E-01 2.3989E-01   285
 4.0000E-02 5.7677E-01 3.3821E+00 1.4558E+00 1.9264E+00 -5.1698E-03 4.0124E-01 2.2819E-01   285
 4.0000E-02 5.8052E-01 3.1887E+00 1.3618E+00 1.8269E+00 -6.0331E-03 4.0123E-01 2.1679E-01   285
 4.0000E-02 5.8431E-01 3.0016E+00 1.2721E+00 1.7296E+00 -6.9171E-03 4.0122E-01 2.0560E-01   285
 4.0000E-02 5.8816E-01 2.8220E+00 1.1871E+00 1.6350E+00 -7.8283E-03 4.0121E-01 1.9471E-01   285
 4.0000E-02 5.9205E-01 2.6516E+00 1.1077E+00 1.5439E+00 -8.7644E-03 4.0120E-01 1.8422E-01   285
 4.0000E-02 5.9600E-01 2.4911E+00 1.0344E+00 1.4567E+00 -9.7230E-03 4.0119E-01 1.7415E-01   285
 4.0000E-02 6.0000E-01 2.3409E+00 9.6727E-01 1.3736E+00 -1.0698E-02 4.0119E-01 1.6455E-01   285
