 DDSCAT --- DDSCAT 7.3.3 [22.01.20]   
 TARGET --->TARGSPHER  spherical target with explicit spacing                 
 PBCGS2 --- method of solution 
 GKDLDR --- prescription for polarizabilities
 FROM_FILE --- shape 
   33401 = NAT0 = number of dipoles
 ../diel/Pena26Au74Ag                                        
 ../diel/Pena15Au85Ag                                        
  wave(um)   f(cm-1)     Re(m)     Im(m)     Re(eps)   Im(eps)
 3.0000E-01 3.3333E+04 1.051E+00 1.009E+00  8.701E-02 2.121E+00
 3.0151E-01 3.3167E+04 1.048E+00 1.002E+00  9.358E-02 2.101E+00
 3.0302E-01 3.3002E+04 1.044E+00 9.958E-01  9.869E-02 2.080E+00
 3.0452E-01 3.2838E+04 1.040E+00 9.894E-01  1.024E-01 2.058E+00
 3.0603E-01 3.2677E+04 1.035E+00 9.832E-01  1.046E-01 2.035E+00
 3.0754E-01 3.2516E+04 1.030E+00 9.772E-01  1.055E-01 2.013E+00
 3.0905E-01 3.2358E+04 1.024E+00 9.719E-01  1.044E-01 1.991E+00
 3.1055E-01 3.2201E+04 1.019E+00 9.671E-01  1.023E-01 1.970E+00
 3.1206E-01 3.2045E+04 1.013E+00 9.623E-01  9.953E-02 1.949E+00
 3.1357E-01 3.1891E+04 1.006E+00 9.576E-01  9.599E-02 1.928E+00
 3.1508E-01 3.1738E+04 1.000E+00 9.531E-01  9.175E-02 1.906E+00
 3.1658E-01 3.1587E+04 9.933E-01 9.486E-01  8.683E-02 1.885E+00
 3.1809E-01 3.1438E+04 9.869E-01 9.439E-01  8.309E-02 1.863E+00
 3.1960E-01 3.1289E+04 9.804E-01 9.389E-01  7.977E-02 1.841E+00
 3.2111E-01 3.1142E+04 9.735E-01 9.338E-01  7.563E-02 1.818E+00
 3.2261E-01 3.0997E+04 9.661E-01 9.288E-01  7.068E-02 1.794E+00
 3.2412E-01 3.0853E+04 9.582E-01 9.237E-01  6.494E-02 1.770E+00
 3.2563E-01 3.0710E+04 9.498E-01 9.185E-01  5.843E-02 1.745E+00
 3.2714E-01 3.0568E+04 9.404E-01 9.129E-01  5.090E-02 1.717E+00
 3.2864E-01 3.0428E+04 9.299E-01 9.072E-01  4.163E-02 1.687E+00
 3.3015E-01 3.0289E+04 9.186E-01 9.018E-01  3.065E-02 1.657E+00
 3.3166E-01 3.0152E+04 9.068E-01 8.968E-01  1.803E-02 1.626E+00
 3.3317E-01 3.0015E+04 8.942E-01 8.920E-01  3.831E-03 1.595E+00
 3.3467E-01 2.9880E+04 8.809E-01 8.877E-01 -1.190E-02 1.564E+00
 3.3618E-01 2.9746E+04 8.668E-01 8.841E-01 -3.031E-02 1.533E+00
 3.3769E-01 2.9613E+04 8.520E-01 8.817E-01 -5.157E-02 1.502E+00
 3.3920E-01 2.9481E+04 8.367E-01 8.800E-01 -7.426E-02 1.473E+00
 3.4070E-01 2.9351E+04 8.211E-01 8.790E-01 -9.835E-02 1.444E+00
 3.4221E-01 2.9222E+04 8.052E-01 8.787E-01 -1.238E-01 1.415E+00
 3.4372E-01 2.9094E+04 7.889E-01 8.791E-01 -1.505E-01 1.387E+00
 3.4523E-01 2.8967E+04 7.724E-01 8.803E-01 -1.785E-01 1.360E+00
 3.4673E-01 2.8841E+04 7.560E-01 8.824E-01 -2.071E-01 1.334E+00
 3.4824E-01 2.8716E+04 7.397E-01 8.852E-01 -2.365E-01 1.310E+00
 3.4975E-01 2.8592E+04 7.233E-01 8.886E-01 -2.665E-01 1.286E+00
 3.5126E-01 2.8469E+04 7.069E-01 8.927E-01 -2.972E-01 1.262E+00
 3.5276E-01 2.8348E+04 6.906E-01 8.975E-01 -3.286E-01 1.240E+00
 3.5427E-01 2.8227E+04 6.742E-01 9.029E-01 -3.607E-01 1.218E+00
 3.5578E-01 2.8107E+04 6.581E-01 9.089E-01 -3.929E-01 1.196E+00
 3.5729E-01 2.7989E+04 6.422E-01 9.154E-01 -4.255E-01 1.176E+00
 3.5879E-01 2.7871E+04 6.264E-01 9.224E-01 -4.585E-01 1.156E+00
 3.6030E-01 2.7755E+04 6.108E-01 9.300E-01 -4.918E-01 1.136E+00
 3.6181E-01 2.7639E+04 5.954E-01 9.381E-01 -5.256E-01 1.117E+00
 3.6332E-01 2.7524E+04 5.801E-01 9.467E-01 -5.598E-01 1.098E+00
 3.6482E-01 2.7410E+04 5.651E-01 9.558E-01 -5.942E-01 1.080E+00
 3.6633E-01 2.7298E+04 5.504E-01 9.653E-01 -6.288E-01 1.063E+00
 3.6784E-01 2.7186E+04 5.360E-01 9.752E-01 -6.637E-01 1.045E+00
 3.6935E-01 2.7075E+04 5.218E-01 9.855E-01 -6.989E-01 1.028E+00
 3.7085E-01 2.6965E+04 5.078E-01 9.962E-01 -7.344E-01 1.012E+00
 3.7236E-01 2.6856E+04 4.942E-01 1.007E+00 -7.704E-01 9.956E-01
 3.7387E-01 2.6747E+04 4.809E-01 1.019E+00 -8.064E-01 9.797E-01
 3.7538E-01 2.6640E+04 4.679E-01 1.030E+00 -8.427E-01 9.641E-01
 3.7688E-01 2.6533E+04 4.552E-01 1.042E+00 -8.792E-01 9.488E-01
 3.7839E-01 2.6428E+04 4.427E-01 1.055E+00 -9.160E-01 9.338E-01
 3.7990E-01 2.6323E+04 4.306E-01 1.067E+00 -9.532E-01 9.190E-01
 3.8141E-01 2.6219E+04 4.188E-01 1.080E+00 -9.907E-01 9.046E-01
 3.8291E-01 2.6115E+04 4.074E-01 1.093E+00 -1.028E+00 8.904E-01
 3.8442E-01 2.6013E+04 3.962E-01 1.106E+00 -1.066E+00 8.764E-01
 3.8593E-01 2.5911E+04 3.854E-01 1.119E+00 -1.104E+00 8.627E-01
 3.8744E-01 2.5811E+04 3.748E-01 1.133E+00 -1.143E+00 8.491E-01
 3.8894E-01 2.5711E+04 3.645E-01 1.146E+00 -1.181E+00 8.358E-01
 3.9045E-01 2.5611E+04 3.546E-01 1.160E+00 -1.221E+00 8.228E-01
 3.9196E-01 2.5513E+04 3.449E-01 1.174E+00 -1.260E+00 8.100E-01
 3.9347E-01 2.5415E+04 3.355E-01 1.188E+00 -1.299E+00 7.974E-01
 3.9497E-01 2.5318E+04 3.264E-01 1.202E+00 -1.339E+00 7.849E-01
 3.9648E-01 2.5222E+04 3.176E-01 1.217E+00 -1.379E+00 7.727E-01
 3.9799E-01 2.5126E+04 3.090E-01 1.231E+00 -1.420E+00 7.607E-01
 3.9950E-01 2.5031E+04 3.007E-01 1.245E+00 -1.461E+00 7.489E-01
 4.0101E-01 2.4937E+04 2.926E-01 1.260E+00 -1.502E+00 7.374E-01
 4.0251E-01 2.4844E+04 2.848E-01 1.274E+00 -1.543E+00 7.260E-01
 4.0402E-01 2.4751E+04 2.773E-01 1.289E+00 -1.585E+00 7.148E-01
 4.0553E-01 2.4659E+04 2.700E-01 1.304E+00 -1.626E+00 7.039E-01
 4.0704E-01 2.4568E+04 2.629E-01 1.318E+00 -1.669E+00 6.931E-01
 4.0854E-01 2.4477E+04 2.561E-01 1.333E+00 -1.711E+00 6.827E-01
 4.1005E-01 2.4387E+04 2.495E-01 1.348E+00 -1.754E+00 6.724E-01
 4.1156E-01 2.4298E+04 2.431E-01 1.363E+00 -1.797E+00 6.624E-01
 4.1307E-01 2.4209E+04 2.369E-01 1.377E+00 -1.841E+00 6.526E-01
 4.1457E-01 2.4121E+04 2.309E-01 1.392E+00 -1.885E+00 6.430E-01
 4.1608E-01 2.4034E+04 2.252E-01 1.407E+00 -1.929E+00 6.338E-01
 4.1759E-01 2.3947E+04 2.197E-01 1.422E+00 -1.974E+00 6.248E-01
 4.1910E-01 2.3861E+04 2.144E-01 1.437E+00 -2.018E+00 6.161E-01
 4.2060E-01 2.3775E+04 2.093E-01 1.452E+00 -2.064E+00 6.078E-01
 4.2211E-01 2.3690E+04 2.044E-01 1.467E+00 -2.109E+00 5.997E-01
 4.2362E-01 2.3606E+04 1.998E-01 1.481E+00 -2.155E+00 5.919E-01
 4.2513E-01 2.3522E+04 1.953E-01 1.496E+00 -2.201E+00 5.845E-01
 4.2663E-01 2.3439E+04 1.911E-01 1.511E+00 -2.247E+00 5.775E-01
 4.2814E-01 2.3357E+04 1.870E-01 1.526E+00 -2.294E+00 5.709E-01
 4.2965E-01 2.3275E+04 1.832E-01 1.541E+00 -2.341E+00 5.646E-01
 4.3116E-01 2.3193E+04 1.796E-01 1.556E+00 -2.388E+00 5.588E-01
 4.3266E-01 2.3113E+04 1.762E-01 1.570E+00 -2.435E+00 5.533E-01
 4.3417E-01 2.3032E+04 1.729E-01 1.585E+00 -2.483E+00 5.482E-01
 4.3568E-01 2.2953E+04 1.699E-01 1.600E+00 -2.531E+00 5.436E-01
 4.3719E-01 2.2874E+04 1.671E-01 1.614E+00 -2.578E+00 5.394E-01
 4.3869E-01 2.2795E+04 1.644E-01 1.629E+00 -2.626E+00 5.357E-01
 4.4020E-01 2.2717E+04 1.619E-01 1.643E+00 -2.674E+00 5.323E-01
 4.4171E-01 2.2639E+04 1.596E-01 1.658E+00 -2.722E+00 5.292E-01
 4.4322E-01 2.2562E+04 1.575E-01 1.672E+00 -2.771E+00 5.266E-01
 4.4472E-01 2.2486E+04 1.555E-01 1.686E+00 -2.819E+00 5.244E-01
 4.4623E-01 2.2410E+04 1.537E-01 1.700E+00 -2.867E+00 5.225E-01
 4.4774E-01 2.2334E+04 1.520E-01 1.714E+00 -2.915E+00 5.209E-01
 4.4925E-01 2.2260E+04 1.504E-01 1.728E+00 -2.963E+00 5.196E-01
 4.5075E-01 2.2185E+04 1.489E-01 1.742E+00 -3.011E+00 5.186E-01
 4.5226E-01 2.2111E+04 1.475E-01 1.755E+00 -3.059E+00 5.179E-01
 4.5377E-01 2.2038E+04 1.463E-01 1.769E+00 -3.107E+00 5.175E-01
 4.5528E-01 2.1965E+04 1.451E-01 1.782E+00 -3.155E+00 5.173E-01
 4.5678E-01 2.1892E+04 1.440E-01 1.796E+00 -3.203E+00 5.172E-01
 4.5829E-01 2.1820E+04 1.430E-01 1.809E+00 -3.251E+00 5.174E-01
 4.5980E-01 2.1749E+04 1.421E-01 1.822E+00 -3.299E+00 5.178E-01
 4.6131E-01 2.1678E+04 1.412E-01 1.835E+00 -3.347E+00 5.183E-01
 4.6281E-01 2.1607E+04 1.405E-01 1.848E+00 -3.395E+00 5.191E-01
 4.6432E-01 2.1537E+04 1.397E-01 1.861E+00 -3.443E+00 5.200E-01
 4.6583E-01 2.1467E+04 1.391E-01 1.873E+00 -3.490E+00 5.210E-01
 4.6734E-01 2.1398E+04 1.384E-01 1.886E+00 -3.538E+00 5.222E-01
 4.6884E-01 2.1329E+04 1.379E-01 1.899E+00 -3.586E+00 5.235E-01
 4.7035E-01 2.1261E+04 1.373E-01 1.911E+00 -3.634E+00 5.249E-01
 4.7186E-01 2.1193E+04 1.368E-01 1.924E+00 -3.681E+00 5.265E-01
 4.7337E-01 2.1125E+04 1.364E-01 1.936E+00 -3.729E+00 5.282E-01
 4.7487E-01 2.1058E+04 1.360E-01 1.948E+00 -3.777E+00 5.299E-01
 4.7638E-01 2.0992E+04 1.356E-01 1.960E+00 -3.825E+00 5.318E-01
 4.7789E-01 2.0925E+04 1.353E-01 1.972E+00 -3.872E+00 5.337E-01
 4.7940E-01 2.0860E+04 1.350E-01 1.985E+00 -3.920E+00 5.358E-01
 4.8090E-01 2.0794E+04 1.347E-01 1.997E+00 -3.968E+00 5.380E-01
 4.8241E-01 2.0729E+04 1.345E-01 2.008E+00 -4.016E+00 5.402E-01
 4.8392E-01 2.0665E+04 1.343E-01 2.020E+00 -4.064E+00 5.425E-01
 4.8543E-01 2.0600E+04 1.341E-01 2.032E+00 -4.111E+00 5.449E-01
 4.8693E-01 2.0537E+04 1.339E-01 2.044E+00 -4.159E+00 5.474E-01
 4.8844E-01 2.0473E+04 1.338E-01 2.056E+00 -4.207E+00 5.499E-01
 4.8995E-01 2.0410E+04 1.336E-01 2.067E+00 -4.255E+00 5.525E-01
 4.9146E-01 2.0348E+04 1.336E-01 2.079E+00 -4.303E+00 5.552E-01
 4.9296E-01 2.0285E+04 1.335E-01 2.090E+00 -4.351E+00 5.580E-01
 4.9447E-01 2.0224E+04 1.334E-01 2.102E+00 -4.399E+00 5.608E-01
 4.9598E-01 2.0162E+04 1.334E-01 2.113E+00 -4.448E+00 5.637E-01
 4.9749E-01 2.0101E+04 1.334E-01 2.125E+00 -4.496E+00 5.666E-01
 4.9900E-01 2.0040E+04 1.334E-01 2.136E+00 -4.544E+00 5.696E-01
 5.0050E-01 1.9980E+04 1.334E-01 2.147E+00 -4.592E+00 5.727E-01
 5.0201E-01 1.9920E+04 1.334E-01 2.158E+00 -4.641E+00 5.758E-01
 5.0352E-01 1.9860E+04 1.334E-01 2.170E+00 -4.689E+00 5.790E-01
 5.0503E-01 1.9801E+04 1.335E-01 2.181E+00 -4.738E+00 5.822E-01
 5.0653E-01 1.9742E+04 1.336E-01 2.192E+00 -4.786E+00 5.855E-01
 5.0804E-01 1.9683E+04 1.337E-01 2.203E+00 -4.835E+00 5.888E-01
 5.0955E-01 1.9625E+04 1.338E-01 2.214E+00 -4.883E+00 5.922E-01
 5.1106E-01 1.9567E+04 1.339E-01 2.225E+00 -4.932E+00 5.957E-01
 5.1256E-01 1.9510E+04 1.340E-01 2.236E+00 -4.981E+00 5.991E-01
 5.1407E-01 1.9453E+04 1.341E-01 2.247E+00 -5.030E+00 6.027E-01
 5.1558E-01 1.9396E+04 1.343E-01 2.258E+00 -5.079E+00 6.063E-01
 5.1709E-01 1.9339E+04 1.344E-01 2.268E+00 -5.128E+00 6.099E-01
 5.1859E-01 1.9283E+04 1.346E-01 2.279E+00 -5.177E+00 6.136E-01
 5.2010E-01 1.9227E+04 1.348E-01 2.290E+00 -5.226E+00 6.173E-01
 5.2161E-01 1.9171E+04 1.350E-01 2.301E+00 -5.275E+00 6.211E-01
 5.2312E-01 1.9116E+04 1.352E-01 2.311E+00 -5.324E+00 6.249E-01
 5.2462E-01 1.9061E+04 1.354E-01 2.322E+00 -5.374E+00 6.287E-01
 5.2613E-01 1.9007E+04 1.356E-01 2.333E+00 -5.423E+00 6.326E-01
 5.2764E-01 1.8952E+04 1.358E-01 2.343E+00 -5.473E+00 6.366E-01
 5.2915E-01 1.8898E+04 1.361E-01 2.354E+00 -5.523E+00 6.406E-01
 5.3065E-01 1.8845E+04 1.363E-01 2.364E+00 -5.572E+00 6.446E-01
 5.3216E-01 1.8791E+04 1.366E-01 2.375E+00 -5.622E+00 6.486E-01
 5.3367E-01 1.8738E+04 1.368E-01 2.386E+00 -5.672E+00 6.528E-01
 5.3518E-01 1.8685E+04 1.371E-01 2.396E+00 -5.722E+00 6.569E-01
 5.3668E-01 1.8633E+04 1.374E-01 2.406E+00 -5.772E+00 6.611E-01
 5.3819E-01 1.8581E+04 1.376E-01 2.417E+00 -5.822E+00 6.653E-01
 5.3970E-01 1.8529E+04 1.379E-01 2.427E+00 -5.872E+00 6.696E-01
 5.4121E-01 1.8477E+04 1.382E-01 2.438E+00 -5.923E+00 6.739E-01
 5.4271E-01 1.8426E+04 1.385E-01 2.448E+00 -5.973E+00 6.783E-01
 5.4422E-01 1.8375E+04 1.389E-01 2.458E+00 -6.024E+00 6.827E-01
 5.4573E-01 1.8324E+04 1.392E-01 2.469E+00 -6.074E+00 6.871E-01
 5.4724E-01 1.8274E+04 1.395E-01 2.479E+00 -6.125E+00 6.916E-01
 5.4874E-01 1.8223E+04 1.398E-01 2.489E+00 -6.176E+00 6.961E-01
 5.5025E-01 1.8174E+04 1.402E-01 2.499E+00 -6.227E+00 7.006E-01
 5.5176E-01 1.8124E+04 1.405E-01 2.509E+00 -6.278E+00 7.052E-01
 5.5327E-01 1.8074E+04 1.409E-01 2.520E+00 -6.329E+00 7.098E-01
 5.5477E-01 1.8025E+04 1.412E-01 2.530E+00 -6.380E+00 7.145E-01
 5.5628E-01 1.7977E+04 1.416E-01 2.540E+00 -6.431E+00 7.192E-01
 5.5779E-01 1.7928E+04 1.419E-01 2.550E+00 -6.483E+00 7.239E-01
 5.5930E-01 1.7880E+04 1.423E-01 2.560E+00 -6.534E+00 7.287E-01
 5.6080E-01 1.7832E+04 1.427E-01 2.570E+00 -6.586E+00 7.335E-01
 5.6231E-01 1.7784E+04 1.431E-01 2.580E+00 -6.637E+00 7.383E-01
 5.6382E-01 1.7736E+04 1.435E-01 2.590E+00 -6.689E+00 7.432E-01
 5.6533E-01 1.7689E+04 1.439E-01 2.600E+00 -6.741E+00 7.481E-01
 5.6683E-01 1.7642E+04 1.442E-01 2.610E+00 -6.793E+00 7.531E-01
 5.6834E-01 1.7595E+04 1.447E-01 2.620E+00 -6.845E+00 7.581E-01
 5.6985E-01 1.7548E+04 1.451E-01 2.630E+00 -6.897E+00 7.631E-01
 5.7136E-01 1.7502E+04 1.455E-01 2.640E+00 -6.950E+00 7.682E-01
 5.7286E-01 1.7456E+04 1.459E-01 2.650E+00 -7.002E+00 7.733E-01
 5.7437E-01 1.7410E+04 1.463E-01 2.660E+00 -7.055E+00 7.784E-01
 5.7588E-01 1.7365E+04 1.467E-01 2.670E+00 -7.107E+00 7.836E-01
 5.7739E-01 1.7319E+04 1.472E-01 2.680E+00 -7.160E+00 7.888E-01
 5.7889E-01 1.7274E+04 1.476E-01 2.690E+00 -7.213E+00 7.940E-01
 5.8040E-01 1.7229E+04 1.480E-01 2.700E+00 -7.266E+00 7.993E-01
 5.8191E-01 1.7185E+04 1.485E-01 2.709E+00 -7.319E+00 8.046E-01
 5.8342E-01 1.7140E+04 1.489E-01 2.719E+00 -7.372E+00 8.099E-01
 5.8492E-01 1.7096E+04 1.494E-01 2.729E+00 -7.425E+00 8.153E-01
 5.8643E-01 1.7052E+04 1.498E-01 2.739E+00 -7.479E+00 8.207E-01
 5.8794E-01 1.7009E+04 1.503E-01 2.749E+00 -7.532E+00 8.262E-01
 5.8945E-01 1.6965E+04 1.508E-01 2.758E+00 -7.586E+00 8.317E-01
 5.9095E-01 1.6922E+04 1.512E-01 2.768E+00 -7.639E+00 8.372E-01
 5.9246E-01 1.6879E+04 1.517E-01 2.778E+00 -7.693E+00 8.427E-01
 5.9397E-01 1.6836E+04 1.522E-01 2.787E+00 -7.747E+00 8.483E-01
 5.9548E-01 1.6793E+04 1.526E-01 2.797E+00 -7.801E+00 8.540E-01
 5.9698E-01 1.6751E+04 1.531E-01 2.807E+00 -7.855E+00 8.596E-01
 5.9849E-01 1.6709E+04 1.536E-01 2.817E+00 -7.909E+00 8.653E-01
 6.0000E-01 1.6667E+04 1.541E-01 2.826E+00 -7.964E+00 8.711E-01
