 DDSCAT --- DDSCAT 7.3.3 [22.01.20]   
 TARGET --->TARGSPHER  spherical target with explicit spacing                 
 GPFAFT --- method of solution 
 GKDLDR --- prescription for polarizabilities
 FROM_FILE --- shape 
   33401 = NAT0 = number of dipoles
 ../diel/Pena26Au74Ag                                        
 ../diel/Pena15Au85Ag                                        
   0.000   0.000 = beta_min, beta_max ;  NBETA = 1
   0.000   0.000 = theta_min, theta_max; NTHETA= 1
   0.000   0.000 = phi_min, phi_max   ;   NPHI = 1
 Results averaged over    1 target orientations
                   and  1 incident polarizations
   aeff       wave      Q_pha
 1.0000E-03 3.0000E-01  1.4501E-02
 1.0000E-03 3.0151E-01  1.4002E-02
 1.0000E-03 3.0302E-01  1.3488E-02
 1.0000E-03 3.0452E-01  1.2958E-02
 1.0000E-03 3.0603E-01  1.2411E-02
 1.0000E-03 3.0754E-01  1.1848E-02
 1.0000E-03 3.0905E-01  1.1261E-02
 1.0000E-03 3.1055E-01  1.0659E-02
 1.0000E-03 3.1206E-01  1.0046E-02
 1.0000E-03 3.1357E-01  9.4187E-03
 1.0000E-03 3.1508E-01  8.7770E-03
 1.0000E-03 3.1658E-01  8.1193E-03
 1.0000E-03 3.1809E-01  7.4604E-03
 1.0000E-03 3.1960E-01  6.7970E-03
 1.0000E-03 3.2111E-01  6.1181E-03
 1.0000E-03 3.2261E-01  5.4228E-03
 1.0000E-03 3.2412E-01  4.7096E-03
 1.0000E-03 3.2563E-01  3.9774E-03
 1.0000E-03 3.2714E-01  3.2070E-03
 1.0000E-03 3.2864E-01  2.4046E-03
 1.0000E-03 3.3015E-01  1.5858E-03
 1.0000E-03 3.3166E-01  7.4858E-04
 1.0000E-03 3.3317E-01 -1.0908E-04
 1.0000E-03 3.3467E-01 -9.8945E-04
 1.0000E-03 3.3618E-01 -1.8952E-03
 1.0000E-03 3.3769E-01 -2.8156E-03
 1.0000E-03 3.3920E-01 -3.7482E-03
 1.0000E-03 3.4070E-01 -4.6956E-03
 1.0000E-03 3.4221E-01 -5.6606E-03
 1.0000E-03 3.4372E-01 -6.6464E-03
 1.0000E-03 3.4523E-01 -7.6459E-03
 1.0000E-03 3.4673E-01 -8.6441E-03
 1.0000E-03 3.4824E-01 -9.6537E-03
 1.0000E-03 3.4975E-01 -1.0677E-02
 1.0000E-03 3.5126E-01 -1.1717E-02
 1.0000E-03 3.5276E-01 -1.2776E-02
 1.0000E-03 3.5427E-01 -1.3852E-02
 1.0000E-03 3.5578E-01 -1.4937E-02
 1.0000E-03 3.5729E-01 -1.6039E-02
 1.0000E-03 3.5879E-01 -1.7160E-02
 1.0000E-03 3.6030E-01 -1.8301E-02
 1.0000E-03 3.6181E-01 -1.9463E-02
 1.0000E-03 3.6332E-01 -2.0647E-02
 1.0000E-03 3.6482E-01 -2.1845E-02
 1.0000E-03 3.6633E-01 -2.3063E-02
 1.0000E-03 3.6784E-01 -2.4301E-02
 1.0000E-03 3.6935E-01 -2.5558E-02
 1.0000E-03 3.7085E-01 -2.6834E-02
 1.0000E-03 3.7236E-01 -2.8125E-02
 1.0000E-03 3.7387E-01 -2.9425E-02
 1.0000E-03 3.7538E-01 -3.0735E-02
 1.0000E-03 3.7688E-01 -3.2051E-02
 1.0000E-03 3.7839E-01 -3.3369E-02
 1.0000E-03 3.7990E-01 -3.4680E-02
 1.0000E-03 3.8141E-01 -3.5974E-02
 1.0000E-03 3.8291E-01 -3.7242E-02
 1.0000E-03 3.8442E-01 -3.8471E-02
 1.0000E-03 3.8593E-01 -3.9644E-02
 1.0000E-03 3.8744E-01 -4.0735E-02
 1.0000E-03 3.8894E-01 -4.1712E-02
 1.0000E-03 3.9045E-01 -4.2534E-02
 1.0000E-03 3.9196E-01 -4.3156E-02
 1.0000E-03 3.9347E-01 -4.3526E-02
 1.0000E-03 3.9497E-01 -4.3569E-02
 1.0000E-03 3.9648E-01 -4.3195E-02
 1.0000E-03 3.9799E-01 -4.2292E-02
 1.0000E-03 3.9950E-01 -4.0728E-02
 1.0000E-03 4.0101E-01 -3.8364E-02
 1.0000E-03 4.0251E-01 -3.5071E-02
 1.0000E-03 4.0402E-01 -3.0692E-02
 1.0000E-03 4.0553E-01 -2.5077E-02
 1.0000E-03 4.0704E-01 -1.8101E-02
 1.0000E-03 4.0854E-01 -9.6842E-03
 1.0000E-03 4.1005E-01  1.2304E-04
 1.0000E-03 4.1156E-01  1.1257E-02
 1.0000E-03 4.1307E-01  2.3543E-02
 1.0000E-03 4.1457E-01  3.6691E-02
 1.0000E-03 4.1608E-01  5.0314E-02
 1.0000E-03 4.1759E-01  6.3957E-02
 1.0000E-03 4.1910E-01  7.7160E-02
 1.0000E-03 4.2060E-01  8.9504E-02
 1.0000E-03 4.2211E-01  1.0065E-01
 1.0000E-03 4.2362E-01  1.1037E-01
 1.0000E-03 4.2513E-01  1.1854E-01
 1.0000E-03 4.2663E-01  1.2515E-01
 1.0000E-03 4.2814E-01  1.3025E-01
 1.0000E-03 4.2965E-01  1.3397E-01
 1.0000E-03 4.3116E-01  1.3646E-01
 1.0000E-03 4.3266E-01  1.3790E-01
 1.0000E-03 4.3417E-01  1.3846E-01
 1.0000E-03 4.3568E-01  1.3829E-01
 1.0000E-03 4.3719E-01  1.3753E-01
 1.0000E-03 4.3869E-01  1.3633E-01
 1.0000E-03 4.4020E-01  1.3477E-01
 1.0000E-03 4.4171E-01  1.3295E-01
 1.0000E-03 4.4322E-01  1.3093E-01
 1.0000E-03 4.4472E-01  1.2876E-01
 1.0000E-03 4.4623E-01  1.2650E-01
 1.0000E-03 4.4774E-01  1.2418E-01
 1.0000E-03 4.4925E-01  1.2184E-01
 1.0000E-03 4.5075E-01  1.1949E-01
 1.0000E-03 4.5226E-01  1.1716E-01
 1.0000E-03 4.5377E-01  1.1485E-01
 1.0000E-03 4.5528E-01  1.1259E-01
 1.0000E-03 4.5678E-01  1.1038E-01
 1.0000E-03 4.5829E-01  1.0823E-01
 1.0000E-03 4.5980E-01  1.0614E-01
 1.0000E-03 4.6131E-01  1.0411E-01
 1.0000E-03 4.6281E-01  1.0216E-01
 1.0000E-03 4.6432E-01  1.0028E-01
 1.0000E-03 4.6583E-01  9.8469E-02
 1.0000E-03 4.6734E-01  9.6723E-02
 1.0000E-03 4.6884E-01  9.5041E-02
 1.0000E-03 4.7035E-01  9.3417E-02
 1.0000E-03 4.7186E-01  9.1851E-02
 1.0000E-03 4.7337E-01  9.0339E-02
 1.0000E-03 4.7487E-01  8.8879E-02
 1.0000E-03 4.7638E-01  8.7471E-02
 1.0000E-03 4.7789E-01  8.6115E-02
 1.0000E-03 4.7940E-01  8.4811E-02
 1.0000E-03 4.8090E-01  8.3554E-02
 1.0000E-03 4.8241E-01  8.2347E-02
 1.0000E-03 4.8392E-01  8.1189E-02
 1.0000E-03 4.8543E-01  8.0076E-02
 1.0000E-03 4.8693E-01  7.9007E-02
 1.0000E-03 4.8844E-01  7.7980E-02
 1.0000E-03 4.8995E-01  7.6992E-02
 1.0000E-03 4.9146E-01  7.6040E-02
 1.0000E-03 4.9296E-01  7.5119E-02
 1.0000E-03 4.9447E-01  7.4228E-02
 1.0000E-03 4.9598E-01  7.3363E-02
 1.0000E-03 4.9749E-01  7.2520E-02
 1.0000E-03 4.9900E-01  7.1697E-02
 1.0000E-03 5.0050E-01  7.0894E-02
 1.0000E-03 5.0201E-01  7.0108E-02
 1.0000E-03 5.0352E-01  6.9340E-02
 1.0000E-03 5.0503E-01  6.8588E-02
 1.0000E-03 5.0653E-01  6.7853E-02
 1.0000E-03 5.0804E-01  6.7133E-02
 1.0000E-03 5.0955E-01  6.6430E-02
 1.0000E-03 5.1106E-01  6.5741E-02
 1.0000E-03 5.1256E-01  6.5066E-02
 1.0000E-03 5.1407E-01  6.4406E-02
 1.0000E-03 5.1558E-01  6.3758E-02
 1.0000E-03 5.1709E-01  6.3123E-02
 1.0000E-03 5.1859E-01  6.2501E-02
 1.0000E-03 5.2010E-01  6.1892E-02
 1.0000E-03 5.2161E-01  6.1296E-02
 1.0000E-03 5.2312E-01  6.0713E-02
 1.0000E-03 5.2462E-01  6.0142E-02
 1.0000E-03 5.2613E-01  5.9584E-02
 1.0000E-03 5.2764E-01  5.9039E-02
 1.0000E-03 5.2915E-01  5.8505E-02
 1.0000E-03 5.3065E-01  5.7983E-02
 1.0000E-03 5.3216E-01  5.7473E-02
 1.0000E-03 5.3367E-01  5.6974E-02
 1.0000E-03 5.3518E-01  5.6485E-02
 1.0000E-03 5.3668E-01  5.6007E-02
 1.0000E-03 5.3819E-01  5.5539E-02
 1.0000E-03 5.3970E-01  5.5080E-02
 1.0000E-03 5.4121E-01  5.4631E-02
 1.0000E-03 5.4271E-01  5.4192E-02
 1.0000E-03 5.4422E-01  5.3762E-02
 1.0000E-03 5.4573E-01  5.3341E-02
 1.0000E-03 5.4724E-01  5.2930E-02
 1.0000E-03 5.4874E-01  5.2528E-02
 1.0000E-03 5.5025E-01  5.2136E-02
 1.0000E-03 5.5176E-01  5.1754E-02
 1.0000E-03 5.5327E-01  5.1380E-02
 1.0000E-03 5.5477E-01  5.1015E-02
 1.0000E-03 5.5628E-01  5.0660E-02
 1.0000E-03 5.5779E-01  5.0312E-02
 1.0000E-03 5.5930E-01  4.9972E-02
 1.0000E-03 5.6080E-01  4.9640E-02
 1.0000E-03 5.6231E-01  4.9314E-02
 1.0000E-03 5.6382E-01  4.8994E-02
 1.0000E-03 5.6533E-01  4.8680E-02
 1.0000E-03 5.6683E-01  4.8371E-02
 1.0000E-03 5.6834E-01  4.8066E-02
 1.0000E-03 5.6985E-01  4.7766E-02
 1.0000E-03 5.7136E-01  4.7470E-02
 1.0000E-03 5.7286E-01  4.7178E-02
 1.0000E-03 5.7437E-01  4.6889E-02
 1.0000E-03 5.7588E-01  4.6605E-02
 1.0000E-03 5.7739E-01  4.6324E-02
 1.0000E-03 5.7889E-01  4.6048E-02
 1.0000E-03 5.8040E-01  4.5775E-02
 1.0000E-03 5.8191E-01  4.5506E-02
 1.0000E-03 5.8342E-01  4.5240E-02
 1.0000E-03 5.8492E-01  4.4979E-02
 1.0000E-03 5.8643E-01  4.4720E-02
 1.0000E-03 5.8794E-01  4.4465E-02
 1.0000E-03 5.8945E-01  4.4214E-02
 1.0000E-03 5.9095E-01  4.3965E-02
 1.0000E-03 5.9246E-01  4.3719E-02
 1.0000E-03 5.9397E-01  4.3476E-02
 1.0000E-03 5.9548E-01  4.3236E-02
 1.0000E-03 5.9698E-01  4.2998E-02
 1.0000E-03 5.9849E-01  4.2763E-02
 1.0000E-03 6.0000E-01  4.2532E-02
