 DDSCAT --- DDSCAT 7.3.3 [22.01.20]   
 TARGET --- Cyl.w.caps, NAT=  27008 NFAC= 248 NLAY=  97 cyl.asp.ratio= 5.4587 
 GPFAFT --- method of solution 
 GKDLDR --- prescription for polarizabilities
 CYLNDRCAP --- shape 
   27008 = NAT0 = number of dipoles
 ../diel/Ag_evap                                             
   0.000   0.000 = beta_min, beta_max ;  NBETA = 1
   0.000   0.000 = theta_min, theta_max; NTHETA= 1
   0.000   0.000 = phi_min, phi_max   ;   NPHI = 1
 Results averaged over    1 target orientations
                   and  2 incident polarizations
   aeff       wave       Q_pha       Q_pol       Q_cpol
 1.0000E-03 3.0000E-01  1.2417E-02  1.4156E-07  9.3132E-10
 1.0000E-03 3.0152E-01  9.5310E-03 -4.6566E-07  9.3132E-09
 1.0000E-03 3.0303E-01  7.3410E-03  7.4133E-07 -1.8626E-08
 1.0000E-03 3.0455E-01  5.2172E-03 -5.9605E-08  3.3993E-08
 1.0000E-03 3.0606E-01  3.1925E-03 -3.5763E-07 -2.4913E-08
 1.0000E-03 3.0758E-01  1.2960E-03  7.0408E-07  6.2864E-09
 1.0000E-03 3.0909E-01 -4.4843E-04  2.2352E-07  1.5425E-09
 1.0000E-03 3.1061E-01 -2.0231E-03 -6.3702E-07 -4.6566E-09
 1.0000E-03 3.1212E-01 -4.0299E-03 -1.6764E-07  2.7940E-09
 1.0000E-03 3.1364E-01 -6.0150E-03  0.0000E+00  3.3062E-08
 1.0000E-03 3.1515E-01 -7.9939E-03  7.0781E-08 -1.1176E-08
 1.0000E-03 3.1667E-01 -1.0012E-02  5.5879E-08  1.0245E-08
 1.0000E-03 3.1818E-01 -1.2111E-02 -1.2107E-07 -4.9360E-08
 1.0000E-03 3.1970E-01 -1.4325E-02 -5.5879E-08 -1.9558E-08
 1.0000E-03 3.2121E-01 -1.7432E-02 -1.0803E-07 -1.1735E-07
 1.0000E-03 3.2273E-01 -2.1401E-02 -1.4901E-08  1.2666E-07
 1.0000E-03 3.2424E-01 -2.5719E-02 -3.7253E-08 -2.7940E-08
 1.0000E-03 3.2576E-01 -3.0586E-02 -8.1956E-08 -2.0489E-08
 1.0000E-03 3.2727E-01 -3.6293E-02 -1.8626E-08 -2.1607E-07
 1.0000E-03 3.2879E-01 -4.3272E-02  0.0000E+00  1.4156E-07
 1.0000E-03 3.3030E-01 -5.2164E-02  2.9057E-07 -2.4214E-07
 1.0000E-03 3.3182E-01 -6.2375E-02  2.1607E-07 -6.3330E-08
 1.0000E-03 3.3333E-01 -6.8746E-02 -2.0489E-07  1.4901E-08
 1.0000E-03 3.3485E-01 -7.5876E-02 -5.9605E-08 -2.9802E-07
 1.0000E-03 3.3636E-01 -8.3826E-02 -2.5332E-07 -2.4587E-07
 1.0000E-03 3.3788E-01 -9.2344E-02  5.0664E-07 -3.8743E-07
 1.0000E-03 3.3939E-01 -9.9971E-02 -1.0431E-07  1.5646E-07
 1.0000E-03 3.4091E-01 -1.0348E-01 -2.9802E-08 -2.8312E-07
 1.0000E-03 3.4242E-01 -9.9785E-02 -5.6624E-07 -1.5646E-07
 1.0000E-03 3.4394E-01 -9.9239E-02 -1.7881E-07 -3.5018E-07
 1.0000E-03 3.4545E-01 -9.5918E-02 -8.3447E-07 -1.1176E-07
 1.0000E-03 3.4697E-01 -9.0838E-02 -8.9407E-08 -1.0431E-07
 1.0000E-03 3.4848E-01 -8.1540E-02  3.4273E-06  3.9488E-07
 1.0000E-03 3.5000E-01 -6.4323E-02  1.1623E-06  1.7136E-07
 1.0000E-03 3.5152E-01 -4.1368E-02  1.4007E-06 -1.8626E-07
 1.0000E-03 3.5303E-01 -1.3245E-02 -5.9605E-08  5.8673E-08
 1.0000E-03 3.5455E-01  2.7719E-02  8.3447E-07  9.3132E-08
 1.0000E-03 3.5606E-01  7.7847E-02 -3.0994E-06  3.7253E-07
 1.0000E-03 3.5758E-01  1.2203E-01 -2.9802E-07  4.7684E-07
 1.0000E-03 3.5909E-01  1.4655E-01 -6.8545E-07 -1.6391E-07
 1.0000E-03 3.6061E-01  1.5343E-01 -8.9407E-07  5.9605E-07
 1.0000E-03 3.6212E-01  1.5095E-01 -1.1027E-06 -8.7917E-07
 1.0000E-03 3.6364E-01  1.4498E-01 -2.9802E-07  1.0282E-06
 1.0000E-03 3.6515E-01  1.3846E-01 -4.7684E-07 -2.8312E-07
 1.0000E-03 3.6667E-01  1.3152E-01  2.3842E-07 -7.4506E-07
 1.0000E-03 3.6818E-01  1.2356E-01  1.4901E-07 -7.3016E-07
 1.0000E-03 3.6970E-01  1.1470E-01 -2.4587E-07  6.7055E-08
 1.0000E-03 3.7121E-01  1.0553E-01  1.5646E-07  1.1921E-07
 1.0000E-03 3.7273E-01  9.6832E-02  1.1921E-07 -5.9605E-08
 1.0000E-03 3.7424E-01  8.9761E-02 -1.4156E-07 -9.6858E-08
 1.0000E-03 3.7576E-01  8.5515E-02 -4.3213E-07 -5.9605E-08
 1.0000E-03 3.7727E-01  8.4922E-02 -1.6391E-07  1.4901E-08
 1.0000E-03 3.7879E-01  8.7996E-02 -7.4506E-07  1.1921E-07
 1.0000E-03 3.8030E-01  9.2443E-02 -9.6858E-07 -4.6194E-07
 1.0000E-03 3.8182E-01  9.6048E-02 -1.2070E-06 -1.1176E-07
 1.0000E-03 3.8333E-01  9.9428E-02  8.9407E-07 -1.3411E-07
 1.0000E-03 3.8485E-01  1.0372E-01  6.6310E-07 -1.3411E-07
 1.0000E-03 3.8636E-01  1.0751E-01  6.7800E-07 -7.4506E-09
 1.0000E-03 3.8788E-01  1.1046E-01  3.5763E-07 -1.1921E-07
 1.0000E-03 3.8939E-01  1.1122E-01 -5.9605E-08 -3.9488E-07
 1.0000E-03 3.9091E-01  1.0914E-01  4.4703E-08  1.4901E-08
 1.0000E-03 3.9242E-01  1.0546E-01 -1.8626E-08 -1.4901E-07
 1.0000E-03 3.9394E-01  1.0129E-01 -1.9744E-07  2.9802E-08
 1.0000E-03 3.9545E-01  9.7250E-02  3.7253E-09  4.9919E-07
 1.0000E-03 3.9697E-01  9.3594E-02 -2.4959E-07  4.2468E-07
 1.0000E-03 3.9848E-01  9.0391E-02 -4.0978E-08  1.0431E-07
 1.0000E-03 4.0000E-01  8.7691E-02  2.2724E-07 -1.4901E-07
 1.0000E-03 4.0152E-01  8.5360E-02 -2.4214E-08  3.1292E-07
 1.0000E-03 4.0303E-01  8.3292E-02  2.6077E-08  2.5332E-07
 1.0000E-03 4.0455E-01  8.1210E-02  4.8429E-08 -3.1292E-07
 1.0000E-03 4.0606E-01  7.9023E-02  1.0990E-07 -9.6858E-08
 1.0000E-03 4.0758E-01  7.6839E-02  5.9605E-08 -3.3528E-07
 1.0000E-03 4.0909E-01  7.4701E-02 -1.6578E-07 -3.9488E-07
 1.0000E-03 4.1061E-01  7.2606E-02 -4.6566E-09 -7.4506E-09
 1.0000E-03 4.1212E-01  7.0581E-02  2.9802E-08 -2.0862E-07
 1.0000E-03 4.1364E-01  6.8700E-02 -5.1223E-08  3.2037E-07
 1.0000E-03 4.1515E-01  6.7047E-02 -7.5437E-08  6.7800E-07
 1.0000E-03 4.1667E-01  6.5694E-02 -1.3039E-08  4.3213E-07
 1.0000E-03 4.1818E-01  6.4688E-02 -4.5635E-08 -4.6939E-07
 1.0000E-03 4.1970E-01  6.3762E-02 -2.3283E-08 -3.2037E-07
 1.0000E-03 4.2121E-01  6.2651E-02  1.4901E-08 -3.0547E-07
 1.0000E-03 4.2273E-01  6.1404E-02  4.6566E-09  2.4587E-07
 1.0000E-03 4.2424E-01  6.0126E-02  1.0524E-07 -1.7509E-07
 1.0000E-03 4.2576E-01  5.8873E-02  3.1665E-08 -1.5274E-07
 1.0000E-03 4.2727E-01  5.7729E-02  1.1176E-08  2.6077E-08
 1.0000E-03 4.2879E-01  5.6844E-02  4.9360E-08  2.0489E-07
 1.0000E-03 4.3030E-01  5.6197E-02  1.2107E-08 -2.1607E-07
 1.0000E-03 4.3182E-01  5.5478E-02  4.4703E-08 -1.8626E-07
 1.0000E-03 4.3333E-01  5.4662E-02 -1.5832E-08 -1.0058E-07
 1.0000E-03 4.3485E-01  5.4142E-02 -1.4901E-08  8.9407E-08
 1.0000E-03 4.3636E-01  5.4232E-02  2.5146E-08  4.4703E-08
 1.0000E-03 4.3788E-01  5.4440E-02  4.1910E-08  1.8254E-07
 1.0000E-03 4.3939E-01  5.4105E-02 -4.2841E-08  3.3900E-07
 1.0000E-03 4.4091E-01  5.3378E-02 -2.4214E-08 -1.8626E-07
 1.0000E-03 4.4242E-01  5.2708E-02  2.1420E-08  1.4529E-07
 1.0000E-03 4.4394E-01  5.2452E-02  4.6566E-08  1.5646E-07
 1.0000E-03 4.4545E-01  5.2488E-02 -1.3970E-08 -7.0781E-08
 1.0000E-03 4.4697E-01  5.2305E-02  2.7940E-08 -8.5682E-08
 1.0000E-03 4.4848E-01  5.1796E-02 -1.5832E-08  1.1548E-07
 1.0000E-03 4.5000E-01  5.1102E-02 -3.7719E-08 -2.7940E-07
