 DDSCAT --- DDSCAT 7.3.3 [22.01.20]   
 TARGET --->TARGSPHER  spherical target with explicit spacing                 
 GPFAFT --- method of solution 
 GKDLDR --- prescription for polarizabilities
 FROM_FILE --- shape 
    4169 = NAT0 = number of dipoles
 ../../diel/Pena-Rioux_dielectric_26Au_74Ag                  
 ../../diel/Pena-Rioux_dielectric_34Au_66Ag                  
 ../../diel/Pena-Rioux_dielectric_85Au_15Ag                  
   0.000   0.000 = beta_min, beta_max ;  NBETA = 1
   0.000   0.000 = theta_min, theta_max; NTHETA= 1
   0.000   0.000 = phi_min, phi_max   ;   NPHI = 1
 0.5000 = ETASCA (param. controlling # of scatt. dirs used to calculate <cos> etc.
 Results averaged over    1 target orientations
                   and  2 incident polarizations
   aeff       wave       Q_ext     Q_abs      Q_sca     g(1)=<cos>  <cos^2>    Q_bk       Nsca
 4.0000E-02 3.0000E-01 2.5643E+00 1.7878E+00 7.7651E-01  2.5451E-01 4.1478E-01 3.9285E-02   408
 4.0000E-02 3.0101E-01 2.5565E+00 1.7870E+00 7.6953E-01  2.5275E-01 4.1458E-01 3.9277E-02   408
 4.0000E-02 3.0203E-01 2.5486E+00 1.7861E+00 7.6251E-01  2.5099E-01 4.1439E-01 3.9260E-02   408
 4.0000E-02 3.0305E-01 2.5406E+00 1.7851E+00 7.5545E-01  2.4924E-01 4.1420E-01 3.9233E-02   408
 4.0000E-02 3.0408E-01 2.5325E+00 1.7841E+00 7.4836E-01  2.4749E-01 4.1401E-01 3.9196E-02   408
 4.0000E-02 3.0512E-01 2.5243E+00 1.7831E+00 7.4123E-01  2.4575E-01 4.1383E-01 3.9150E-02   408
 4.0000E-02 3.0616E-01 2.5160E+00 1.7819E+00 7.3407E-01  2.4402E-01 4.1365E-01 3.9095E-02   408
 4.0000E-02 3.0722E-01 2.5076E+00 1.7807E+00 7.2688E-01  2.4229E-01 4.1347E-01 3.9031E-02   408
 4.0000E-02 3.0828E-01 2.4993E+00 1.7795E+00 7.1975E-01  2.4057E-01 4.1329E-01 3.8964E-02   408
 4.0000E-02 3.0934E-01 2.4914E+00 1.7784E+00 7.1296E-01  2.3881E-01 4.1311E-01 3.8912E-02   408
 4.0000E-02 3.1042E-01 2.4834E+00 1.7773E+00 7.0612E-01  2.3707E-01 4.1293E-01 3.8851E-02   408
 4.0000E-02 3.1150E-01 2.4753E+00 1.7760E+00 6.9927E-01  2.3532E-01 4.1276E-01 3.8783E-02   408
 4.0000E-02 3.1259E-01 2.4671E+00 1.7748E+00 6.9239E-01  2.3358E-01 4.1258E-01 3.8707E-02   408
 4.0000E-02 3.1368E-01 2.4589E+00 1.7734E+00 6.8551E-01  2.3184E-01 4.1241E-01 3.8623E-02   408
 4.0000E-02 3.1479E-01 2.4505E+00 1.7719E+00 6.7859E-01  2.3021E-01 4.1239E-01 3.8531E-02   362
 4.0000E-02 3.1590E-01 2.4421E+00 1.7704E+00 6.7166E-01  2.2847E-01 4.1223E-01 3.8433E-02   362
 4.0000E-02 3.1702E-01 2.4335E+00 1.7688E+00 6.6471E-01  2.2674E-01 4.1206E-01 3.8326E-02   363
 4.0000E-02 3.1815E-01 2.4244E+00 1.7669E+00 6.5747E-01  2.2502E-01 4.1190E-01 3.8196E-02   363
 4.0000E-02 3.1929E-01 2.4150E+00 1.7649E+00 6.5013E-01  2.2331E-01 4.1174E-01 3.8051E-02   363
 4.0000E-02 3.2043E-01 2.4055E+00 1.7627E+00 6.4274E-01  2.2160E-01 4.1158E-01 3.7897E-02   363
 4.0000E-02 3.2158E-01 2.3957E+00 1.7605E+00 6.3530E-01  2.1990E-01 4.1143E-01 3.7732E-02   363
 4.0000E-02 3.2274E-01 2.3858E+00 1.7580E+00 6.2782E-01  2.1820E-01 4.1127E-01 3.7557E-02   363
 4.0000E-02 3.2391E-01 2.3757E+00 1.7555E+00 6.2029E-01  2.1650E-01 4.1112E-01 3.7372E-02   363
 4.0000E-02 3.2509E-01 2.3655E+00 1.7528E+00 6.1272E-01  2.1481E-01 4.1097E-01 3.7177E-02   363
 4.0000E-02 3.2628E-01 2.3550E+00 1.7499E+00 6.0513E-01  2.1312E-01 4.1083E-01 3.6973E-02   363
 4.0000E-02 3.2747E-01 2.3435E+00 1.7465E+00 5.9704E-01  2.1146E-01 4.1069E-01 3.6727E-02   363
 4.0000E-02 3.2868E-01 2.3321E+00 1.7430E+00 5.8912E-01  2.0980E-01 4.1054E-01 3.6485E-02   363
 4.0000E-02 3.2989E-01 2.3209E+00 1.7395E+00 5.8139E-01  2.0812E-01 4.1040E-01 3.6248E-02   363
 4.0000E-02 3.3111E-01 2.3099E+00 1.7360E+00 5.7387E-01  2.0643E-01 4.1026E-01 3.6019E-02   363
 4.0000E-02 3.3234E-01 2.2990E+00 1.7325E+00 5.6656E-01  2.0472E-01 4.1012E-01 3.5799E-02   363
 4.0000E-02 3.3358E-01 2.2884E+00 1.7289E+00 5.5948E-01  2.0299E-01 4.0998E-01 3.5588E-02   363
 4.0000E-02 3.3483E-01 2.2780E+00 1.7254E+00 5.5264E-01  2.0125E-01 4.0984E-01 3.5388E-02   363
 4.0000E-02 3.3609E-01 2.2684E+00 1.7220E+00 5.4635E-01  1.9946E-01 4.0969E-01 3.5221E-02   363
 4.0000E-02 3.3736E-01 2.2599E+00 1.7191E+00 5.4080E-01  1.9761E-01 4.0954E-01 3.5103E-02   363
 4.0000E-02 3.3864E-01 2.2522E+00 1.7164E+00 5.3576E-01  1.9573E-01 4.0939E-01 3.5017E-02   363
 4.0000E-02 3.3992E-01 2.2452E+00 1.7140E+00 5.3125E-01  1.9381E-01 4.0924E-01 3.4964E-02   363
 4.0000E-02 3.4122E-01 2.2391E+00 1.7118E+00 5.2727E-01  1.9186E-01 4.0908E-01 3.4946E-02   363
 4.0000E-02 3.4253E-01 2.2338E+00 1.7099E+00 5.2385E-01  1.8987E-01 4.0893E-01 3.4965E-02   363
 4.0000E-02 3.4385E-01 2.2293E+00 1.7083E+00 5.2101E-01  1.8785E-01 4.0877E-01 3.5023E-02   363
 4.0000E-02 3.4517E-01 2.2260E+00 1.7072E+00 5.1886E-01  1.8578E-01 4.0861E-01 3.5130E-02   363
 4.0000E-02 3.4651E-01 2.2241E+00 1.7066E+00 5.1746E-01  1.8368E-01 4.0845E-01 3.5288E-02   363
 4.0000E-02 3.4786E-01 2.2231E+00 1.7064E+00 5.1666E-01  1.8156E-01 4.0828E-01 3.5490E-02   363
 4.0000E-02 3.4922E-01 2.2231E+00 1.7067E+00 5.1649E-01  1.7941E-01 4.0812E-01 3.5736E-02   363
 4.0000E-02 3.5059E-01 2.2243E+00 1.7074E+00 5.1695E-01  1.7723E-01 4.0795E-01 3.6029E-02   363
 4.0000E-02 3.5197E-01 2.2266E+00 1.7085E+00 5.1808E-01  1.7504E-01 4.0779E-01 3.6372E-02   363
 4.0000E-02 3.5336E-01 2.2300E+00 1.7102E+00 5.1989E-01  1.7283E-01 4.0762E-01 3.6766E-02   363
 4.0000E-02 3.5476E-01 2.2348E+00 1.7124E+00 5.2240E-01  1.7061E-01 4.0746E-01 3.7211E-02   363
 4.0000E-02 3.5618E-01 2.2406E+00 1.7151E+00 5.2552E-01  1.6838E-01 4.0729E-01 3.7704E-02   363
 4.0000E-02 3.5760E-01 2.2476E+00 1.7184E+00 5.2927E-01  1.6615E-01 4.0713E-01 3.8246E-02   363
 4.0000E-02 3.5904E-01 2.2558E+00 1.7221E+00 5.3366E-01  1.6392E-01 4.0696E-01 3.8840E-02   363
 4.0000E-02 3.6048E-01 2.2651E+00 1.7264E+00 5.3873E-01  1.6168E-01 4.0680E-01 3.9489E-02   363
 4.0000E-02 3.6194E-01 2.2758E+00 1.7313E+00 5.4450E-01  1.5943E-01 4.0664E-01 4.0196E-02   363
 4.0000E-02 3.6341E-01 2.2877E+00 1.7367E+00 5.5099E-01  1.5719E-01 4.0648E-01 4.0962E-02   363
 4.0000E-02 3.6490E-01 2.3008E+00 1.7427E+00 5.5809E-01  1.5495E-01 4.0632E-01 4.1782E-02   363
 4.0000E-02 3.6639E-01 2.3151E+00 1.7493E+00 5.6583E-01  1.5270E-01 4.0616E-01 4.2658E-02   363
 4.0000E-02 3.6790E-01 2.3306E+00 1.7564E+00 5.7424E-01  1.5046E-01 4.0600E-01 4.3594E-02   363
 4.0000E-02 3.6942E-01 2.3475E+00 1.7641E+00 5.8336E-01  1.4822E-01 4.0585E-01 4.4593E-02   363
 4.0000E-02 3.7095E-01 2.3656E+00 1.7724E+00 5.9321E-01  1.4598E-01 4.0569E-01 4.5661E-02   363
 4.0000E-02 3.7250E-01 2.3852E+00 1.7814E+00 6.0386E-01  1.4373E-01 4.0554E-01 4.6801E-02   363
 4.0000E-02 3.7406E-01 2.4061E+00 1.7909E+00 6.1519E-01  1.4148E-01 4.0539E-01 4.8009E-02   363
 4.0000E-02 3.7563E-01 2.4283E+00 1.8011E+00 6.2724E-01  1.3924E-01 4.0524E-01 4.9285E-02   363
 4.0000E-02 3.7722E-01 2.4519E+00 1.8119E+00 6.4003E-01  1.3699E-01 4.0509E-01 5.0637E-02   363
 4.0000E-02 3.7881E-01 2.4770E+00 1.8233E+00 6.5363E-01  1.3474E-01 4.0495E-01 5.2070E-02   363
 4.0000E-02 3.8043E-01 2.5036E+00 1.8355E+00 6.6809E-01  1.3248E-01 4.0481E-01 5.3588E-02   363
 4.0000E-02 3.8205E-01 2.5318E+00 1.8484E+00 6.8340E-01  1.3023E-01 4.0467E-01 5.5195E-02   363
 4.0000E-02 3.8369E-01 2.5614E+00 1.8619E+00 6.9951E-01  1.2796E-01 4.0453E-01 5.6887E-02   363
 4.0000E-02 3.8534E-01 2.5925E+00 1.8760E+00 7.1648E-01  1.2569E-01 4.0439E-01 5.8673E-02   363
 4.0000E-02 3.8701E-01 2.6253E+00 1.8909E+00 7.3443E-01  1.2340E-01 4.0426E-01 6.0562E-02   363
 4.0000E-02 3.8870E-01 2.6598E+00 1.9065E+00 7.5330E-01  1.2111E-01 4.0412E-01 6.2556E-02   363
 4.0000E-02 3.9039E-01 2.6961E+00 1.9229E+00 7.7322E-01  1.1889E-01 4.0416E-01 6.4663E-02   323
 4.0000E-02 3.9211E-01 2.7341E+00 1.9401E+00 7.9409E-01  1.1657E-01 4.0404E-01 6.6880E-02   323
 4.0000E-02 3.9383E-01 2.7739E+00 1.9579E+00 8.1602E-01  1.1425E-01 4.0391E-01 6.9217E-02   323
 4.0000E-02 3.9558E-01 2.8156E+00 1.9765E+00 8.3903E-01  1.1190E-01 4.0379E-01 7.1682E-02   323
 4.0000E-02 3.9733E-01 2.8592E+00 1.9960E+00 8.6321E-01  1.0955E-01 4.0366E-01 7.4282E-02   323
 4.0000E-02 3.9911E-01 2.9049E+00 2.0163E+00 8.8862E-01  1.0718E-01 4.0354E-01 7.7028E-02   323
 4.0000E-02 4.0090E-01 2.9526E+00 2.0374E+00 9.1523E-01  1.0479E-01 4.0343E-01 7.9919E-02   323
 4.0000E-02 4.0270E-01 3.0024E+00 2.0593E+00 9.4311E-01  1.0239E-01 4.0331E-01 8.2964E-02   323
 4.0000E-02 4.0452E-01 3.0544E+00 2.0821E+00 9.7232E-01  9.9969E-02 4.0320E-01 8.6173E-02   323
 4.0000E-02 4.0636E-01 3.1086E+00 2.1057E+00 1.0029E+00  9.7534E-02 4.0309E-01 8.9554E-02   323
 4.0000E-02 4.0822E-01 3.1652E+00 2.1302E+00 1.0350E+00  9.5082E-02 4.0298E-01 9.3117E-02   323
 4.0000E-02 4.1009E-01 3.2241E+00 2.1556E+00 1.0685E+00  9.2616E-02 4.0288E-01 9.6863E-02   323
 4.0000E-02 4.1198E-01 3.2853E+00 2.1818E+00 1.1035E+00  9.0137E-02 4.0277E-01 1.0080E-01   323
 4.0000E-02 4.1389E-01 3.3491E+00 2.2089E+00 1.1402E+00  8.7646E-02 4.0267E-01 1.0495E-01   323
 4.0000E-02 4.1581E-01 3.4154E+00 2.2370E+00 1.1784E+00  8.5144E-02 4.0257E-01 1.0931E-01   323
 4.0000E-02 4.1776E-01 3.4843E+00 2.2659E+00 1.2184E+00  8.2634E-02 4.0248E-01 1.1389E-01   323
 4.0000E-02 4.1972E-01 3.5558E+00 2.2957E+00 1.2601E+00  8.0117E-02 4.0238E-01 1.1869E-01   323
 4.0000E-02 4.2170E-01 3.6301E+00 2.3265E+00 1.3036E+00  7.7600E-02 4.0230E-01 1.2374E-01   323
 4.0000E-02 4.2370E-01 3.7072E+00 2.3582E+00 1.3490E+00  7.5085E-02 4.0221E-01 1.2903E-01   323
 4.0000E-02 4.2571E-01 3.7871E+00 2.3908E+00 1.3963E+00  7.2577E-02 4.0212E-01 1.3456E-01   323
 4.0000E-02 4.2775E-01 3.8697E+00 2.4244E+00 1.4453E+00  7.0079E-02 4.0204E-01 1.4034E-01   323
 4.0000E-02 4.2981E-01 3.9552E+00 2.4590E+00 1.4963E+00  6.7602E-02 4.0197E-01 1.4637E-01   323
 4.0000E-02 4.3188E-01 4.0435E+00 2.4945E+00 1.5490E+00  6.5150E-02 4.0189E-01 1.5264E-01   323
 4.0000E-02 4.3398E-01 4.1343E+00 2.5309E+00 1.6034E+00  6.2729E-02 4.0182E-01 1.5914E-01   323
 4.0000E-02 4.3610E-01 4.2274E+00 2.5681E+00 1.6593E+00  6.0344E-02 4.0175E-01 1.6585E-01   323
 4.0000E-02 4.3824E-01 4.3228E+00 2.6061E+00 1.7167E+00  5.8008E-02 4.0169E-01 1.7276E-01   323
 4.0000E-02 4.4039E-01 4.4202E+00 2.6448E+00 1.7754E+00  5.5723E-02 4.0163E-01 1.7986E-01   323
 4.0000E-02 4.4257E-01 4.5195E+00 2.6842E+00 1.8353E+00  5.3493E-02 4.0158E-01 1.8713E-01   323
 4.0000E-02 4.4478E-01 4.6201E+00 2.7241E+00 1.8960E+00  5.1326E-02 4.0152E-01 1.9453E-01   323
 4.0000E-02 4.4700E-01 4.7221E+00 2.7645E+00 1.9576E+00  4.9230E-02 4.0148E-01 2.0207E-01   323
 4.0000E-02 4.4925E-01 4.8253E+00 2.8053E+00 2.0201E+00  4.7206E-02 4.0143E-01 2.0971E-01   323
 4.0000E-02 4.5152E-01 4.9294E+00 2.8463E+00 2.0831E+00  4.5258E-02 4.0139E-01 2.1745E-01   323
 4.0000E-02 4.5381E-01 5.0341E+00 2.8875E+00 2.1466E+00  4.3391E-02 4.0136E-01 2.2526E-01   323
 4.0000E-02 4.5612E-01 5.1397E+00 2.9287E+00 2.2111E+00  4.1601E-02 4.0133E-01 2.3318E-01   323
 4.0000E-02 4.5846E-01 5.2463E+00 2.9699E+00 2.2765E+00  3.9883E-02 4.0130E-01 2.4122E-01   323
 4.0000E-02 4.6082E-01 5.3540E+00 3.0109E+00 2.3431E+00  3.8233E-02 4.0127E-01 2.4941E-01   323
 4.0000E-02 4.6321E-01 5.4631E+00 3.0516E+00 2.4115E+00  3.6644E-02 4.0124E-01 2.5780E-01   323
 4.0000E-02 4.6563E-01 5.5743E+00 3.0920E+00 2.4823E+00  3.5101E-02 4.0122E-01 2.6648E-01   323
 4.0000E-02 4.6806E-01 5.6878E+00 3.1318E+00 2.5560E+00  3.3594E-02 4.0119E-01 2.7550E-01   323
 4.0000E-02 4.7053E-01 5.8039E+00 3.1707E+00 2.6331E+00  3.2112E-02 4.0117E-01 2.8495E-01   323
 4.0000E-02 4.7302E-01 5.9231E+00 3.2086E+00 2.7145E+00  3.0642E-02 4.0115E-01 2.9491E-01   323
 4.0000E-02 4.7553E-01 6.0453E+00 3.2449E+00 2.8004E+00  2.9170E-02 4.0112E-01 3.0544E-01   323
 4.0000E-02 4.7807E-01 6.1698E+00 3.2791E+00 2.8907E+00  2.7691E-02 4.0110E-01 3.1654E-01   323
 4.0000E-02 4.8065E-01 6.2960E+00 3.3104E+00 2.9856E+00  2.6197E-02 4.0108E-01 3.2823E-01   323
 4.0000E-02 4.8324E-01 6.4225E+00 3.3379E+00 3.0846E+00  2.4683E-02 4.0106E-01 3.4048E-01   323
 4.0000E-02 4.8587E-01 6.5466E+00 3.3605E+00 3.1862E+00  2.3156E-02 4.0104E-01 3.5311E-01   323
 4.0000E-02 4.8852E-01 6.6658E+00 3.3769E+00 3.2889E+00  2.1620E-02 4.0103E-01 3.6598E-01   323
 4.0000E-02 4.9121E-01 6.7767E+00 3.3859E+00 3.3908E+00  2.0083E-02 4.0101E-01 3.7885E-01   323
 4.0000E-02 4.9392E-01 6.8743E+00 3.3859E+00 3.4884E+00  1.8561E-02 4.0100E-01 3.9130E-01   323
 4.0000E-02 4.9667E-01 6.9541E+00 3.3757E+00 3.5784E+00  1.7069E-02 4.0099E-01 4.0294E-01   323
 4.0000E-02 4.9944E-01 7.0111E+00 3.3539E+00 3.6572E+00  1.5616E-02 4.0098E-01 4.1334E-01   323
 4.0000E-02 5.0225E-01 7.0399E+00 3.3197E+00 3.7203E+00  1.4217E-02 4.0098E-01 4.2194E-01   323
 4.0000E-02 5.0508E-01 7.0370E+00 3.2728E+00 3.7642E+00  1.2879E-02 4.0097E-01 4.2833E-01   323
 4.0000E-02 5.0795E-01 6.9996E+00 3.2133E+00 3.7864E+00  1.1604E-02 4.0097E-01 4.3218E-01   324
 4.0000E-02 5.1086E-01 6.9269E+00 3.1421E+00 3.7848E+00  1.0391E-02 4.0098E-01 4.3325E-01   324
 4.0000E-02 5.1379E-01 6.8205E+00 3.0608E+00 3.7597E+00  9.2714E-03 4.0118E-01 4.3155E-01   285
 4.0000E-02 5.1676E-01 6.6836E+00 2.9712E+00 3.7124E+00  8.1677E-03 4.0118E-01 4.2721E-01   285
 4.0000E-02 5.1977E-01 6.5206E+00 2.8753E+00 3.6453E+00  7.1090E-03 4.0119E-01 4.2049E-01   285
 4.0000E-02 5.2281E-01 6.3374E+00 2.7751E+00 3.5622E+00  6.0884E-03 4.0120E-01 4.1185E-01   285
 4.0000E-02 5.2588E-01 6.1393E+00 2.6725E+00 3.4668E+00  5.0986E-03 4.0120E-01 4.0169E-01   285
 4.0000E-02 5.2899E-01 5.9314E+00 2.5687E+00 3.3627E+00  4.1356E-03 4.0121E-01 3.9047E-01   285
 4.0000E-02 5.3214E-01 5.7183E+00 2.4645E+00 3.2539E+00  3.1952E-03 4.0121E-01 3.7861E-01   285
 4.0000E-02 5.3533E-01 5.5025E+00 2.3599E+00 3.1426E+00  2.2761E-03 4.0122E-01 3.6640E-01   285
 4.0000E-02 5.3855E-01 5.2853E+00 2.2548E+00 3.0305E+00  1.3776E-03 4.0122E-01 3.5403E-01   285
 4.0000E-02 5.4182E-01 5.0670E+00 2.1488E+00 2.9183E+00  4.9630E-04 4.0123E-01 3.4157E-01   285
 4.0000E-02 5.4512E-01 4.8473E+00 2.0416E+00 2.8057E+00 -3.6953E-04 4.0123E-01 3.2901E-01   285
 4.0000E-02 5.4847E-01 4.6257E+00 1.9333E+00 2.6924E+00 -1.2248E-03 4.0124E-01 3.1630E-01   285
 4.0000E-02 5.5185E-01 4.4027E+00 1.8248E+00 2.5779E+00 -2.0737E-03 4.0124E-01 3.0339E-01   285
 4.0000E-02 5.5528E-01 4.1791E+00 1.7172E+00 2.4618E+00 -2.9209E-03 4.0123E-01 2.9025E-01   285
 4.0000E-02 5.5875E-01 3.9568E+00 1.6121E+00 2.3447E+00 -3.7710E-03 4.0123E-01 2.7692E-01   285
 4.0000E-02 5.6226E-01 3.7381E+00 1.5110E+00 2.2271E+00 -4.6281E-03 4.0122E-01 2.6348E-01   285
 4.0000E-02 5.6582E-01 3.5258E+00 1.4156E+00 2.1102E+00 -5.4929E-03 4.0121E-01 2.5008E-01   285
 4.0000E-02 5.6943E-01 3.3224E+00 1.3270E+00 1.9954E+00 -6.3650E-03 4.0120E-01 2.3689E-01   285
 4.0000E-02 5.7308E-01 3.1299E+00 1.2457E+00 1.8842E+00 -7.2436E-03 4.0119E-01 2.2407E-01   285
 4.0000E-02 5.7677E-01 2.9491E+00 1.1714E+00 1.7777E+00 -8.1288E-03 4.0118E-01 2.1178E-01   285
 4.0000E-02 5.8052E-01 2.7801E+00 1.1035E+00 1.6767E+00 -9.0220E-03 4.0117E-01 2.0010E-01   285
 4.0000E-02 5.8431E-01 2.6222E+00 1.0411E+00 1.5811E+00 -9.9232E-03 4.0116E-01 1.8903E-01   285
 4.0000E-02 5.8816E-01 2.4745E+00 9.8378E-01 1.4907E+00 -1.0832E-02 4.0116E-01 1.7855E-01   285
 4.0000E-02 5.9205E-01 2.3367E+00 9.3141E-01 1.4053E+00 -1.1746E-02 4.0115E-01 1.6863E-01   285
 4.0000E-02 5.9600E-01 2.2090E+00 8.8429E-01 1.3247E+00 -1.2663E-02 4.0114E-01 1.5925E-01   285
 4.0000E-02 6.0000E-01 2.0917E+00 8.4252E-01 1.2491E+00 -1.3578E-02 4.0114E-01 1.5045E-01   285
