 DDSCAT --- DDSCAT 7.3.3 [22.01.20]   
 TARGET --- Cyl.w.caps, NAT=  27008 NFAC= 248 NLAY=  97 cyl.asp.ratio= 5.4587 
 PBCGS2 --- method of solution 
 FLTRCD --- prescription for polarizabilities
 CYLNDRCAP --- shape 
   27008 = NAT0 = number of dipoles
 ../diel/Ag_evap                                             
  wave(um)   f(cm-1)     Re(m)     Im(m)     Re(eps)   Im(eps)
 4.0000E-01 2.5000E+04 3.776E-02 1.578E+00 -2.490E+00 1.192E-01
 4.0050E-01 2.4969E+04 3.780E-02 1.583E+00 -2.505E+00 1.197E-01
 4.0101E-01 2.4937E+04 3.784E-02 1.588E+00 -2.520E+00 1.202E-01
 4.0151E-01 2.4906E+04 3.787E-02 1.593E+00 -2.536E+00 1.206E-01
 4.0201E-01 2.4875E+04 3.789E-02 1.598E+00 -2.551E+00 1.211E-01
 4.0251E-01 2.4844E+04 3.792E-02 1.603E+00 -2.567E+00 1.215E-01
 4.0302E-01 2.4813E+04 3.793E-02 1.607E+00 -2.582E+00 1.220E-01
 4.0352E-01 2.4782E+04 3.795E-02 1.612E+00 -2.598E+00 1.224E-01
 4.0402E-01 2.4751E+04 3.796E-02 1.617E+00 -2.613E+00 1.228E-01
 4.0452E-01 2.4720E+04 3.797E-02 1.622E+00 -2.629E+00 1.232E-01
 4.0503E-01 2.4690E+04 3.797E-02 1.626E+00 -2.644E+00 1.235E-01
 4.0553E-01 2.4659E+04 3.797E-02 1.631E+00 -2.659E+00 1.239E-01
 4.0603E-01 2.4629E+04 3.797E-02 1.636E+00 -2.675E+00 1.242E-01
 4.0653E-01 2.4598E+04 3.796E-02 1.641E+00 -2.690E+00 1.246E-01
 4.0704E-01 2.4568E+04 3.795E-02 1.645E+00 -2.706E+00 1.249E-01
 4.0754E-01 2.4538E+04 3.794E-02 1.650E+00 -2.721E+00 1.252E-01
 4.0804E-01 2.4507E+04 3.792E-02 1.655E+00 -2.737E+00 1.255E-01
 4.0854E-01 2.4477E+04 3.790E-02 1.659E+00 -2.752E+00 1.258E-01
 4.0905E-01 2.4447E+04 3.787E-02 1.664E+00 -2.768E+00 1.261E-01
 4.0955E-01 2.4417E+04 3.785E-02 1.669E+00 -2.783E+00 1.263E-01
 4.1005E-01 2.4387E+04 3.781E-02 1.673E+00 -2.799E+00 1.265E-01
 4.1055E-01 2.4357E+04 3.778E-02 1.678E+00 -2.814E+00 1.268E-01
 4.1106E-01 2.4328E+04 3.774E-02 1.683E+00 -2.830E+00 1.270E-01
 4.1156E-01 2.4298E+04 3.769E-02 1.687E+00 -2.845E+00 1.272E-01
 4.1206E-01 2.4268E+04 3.764E-02 1.692E+00 -2.860E+00 1.274E-01
 4.1256E-01 2.4239E+04 3.759E-02 1.696E+00 -2.876E+00 1.275E-01
 4.1307E-01 2.4209E+04 3.754E-02 1.701E+00 -2.891E+00 1.277E-01
 4.1357E-01 2.4180E+04 3.738E-02 1.705E+00 -2.907E+00 1.275E-01
 4.1407E-01 2.4150E+04 3.713E-02 1.710E+00 -2.922E+00 1.269E-01
 4.1457E-01 2.4121E+04 3.688E-02 1.714E+00 -2.937E+00 1.264E-01
 4.1508E-01 2.4092E+04 3.663E-02 1.718E+00 -2.952E+00 1.259E-01
 4.1558E-01 2.4063E+04 3.639E-02 1.723E+00 -2.967E+00 1.254E-01
 4.1608E-01 2.4034E+04 3.615E-02 1.727E+00 -2.982E+00 1.249E-01
 4.1658E-01 2.4005E+04 3.591E-02 1.731E+00 -2.996E+00 1.243E-01
 4.1709E-01 2.3976E+04 3.567E-02 1.736E+00 -3.011E+00 1.238E-01
 4.1759E-01 2.3947E+04 3.544E-02 1.740E+00 -3.026E+00 1.233E-01
 4.1809E-01 2.3918E+04 3.520E-02 1.744E+00 -3.041E+00 1.228E-01
 4.1859E-01 2.3890E+04 3.497E-02 1.749E+00 -3.056E+00 1.223E-01
 4.1910E-01 2.3861E+04 3.474E-02 1.753E+00 -3.071E+00 1.218E-01
 4.1960E-01 2.3832E+04 3.451E-02 1.757E+00 -3.086E+00 1.213E-01
 4.2010E-01 2.3804E+04 3.428E-02 1.761E+00 -3.101E+00 1.208E-01
 4.2060E-01 2.3775E+04 3.406E-02 1.765E+00 -3.116E+00 1.203E-01
 4.2111E-01 2.3747E+04 3.384E-02 1.770E+00 -3.131E+00 1.198E-01
 4.2161E-01 2.3719E+04 3.361E-02 1.774E+00 -3.145E+00 1.193E-01
 4.2211E-01 2.3690E+04 3.340E-02 1.778E+00 -3.160E+00 1.188E-01
 4.2261E-01 2.3662E+04 3.318E-02 1.782E+00 -3.175E+00 1.183E-01
 4.2312E-01 2.3634E+04 3.296E-02 1.786E+00 -3.190E+00 1.178E-01
 4.2362E-01 2.3606E+04 3.275E-02 1.790E+00 -3.205E+00 1.173E-01
 4.2412E-01 2.3578E+04 3.254E-02 1.795E+00 -3.219E+00 1.168E-01
 4.2462E-01 2.3550E+04 3.233E-02 1.799E+00 -3.234E+00 1.163E-01
 4.2513E-01 2.3522E+04 3.212E-02 1.803E+00 -3.249E+00 1.158E-01
 4.2563E-01 2.3495E+04 3.191E-02 1.807E+00 -3.263E+00 1.153E-01
 4.2613E-01 2.3467E+04 3.171E-02 1.811E+00 -3.278E+00 1.148E-01
 4.2663E-01 2.3439E+04 3.150E-02 1.815E+00 -3.293E+00 1.144E-01
 4.2714E-01 2.3412E+04 3.130E-02 1.819E+00 -3.307E+00 1.139E-01
 4.2764E-01 2.3384E+04 3.111E-02 1.823E+00 -3.322E+00 1.134E-01
 4.2814E-01 2.3357E+04 3.091E-02 1.827E+00 -3.337E+00 1.129E-01
 4.2864E-01 2.3329E+04 3.071E-02 1.831E+00 -3.351E+00 1.125E-01
 4.2915E-01 2.3302E+04 3.052E-02 1.835E+00 -3.366E+00 1.120E-01
 4.2965E-01 2.3275E+04 3.033E-02 1.839E+00 -3.380E+00 1.115E-01
 4.3015E-01 2.3248E+04 3.014E-02 1.843E+00 -3.395E+00 1.111E-01
 4.3065E-01 2.3221E+04 2.998E-02 1.847E+00 -3.409E+00 1.107E-01
 4.3116E-01 2.3193E+04 2.988E-02 1.850E+00 -3.423E+00 1.106E-01
 4.3166E-01 2.3166E+04 2.979E-02 1.854E+00 -3.437E+00 1.105E-01
 4.3216E-01 2.3140E+04 2.970E-02 1.858E+00 -3.451E+00 1.103E-01
 4.3266E-01 2.3113E+04 2.962E-02 1.862E+00 -3.464E+00 1.103E-01
 4.3317E-01 2.3086E+04 2.954E-02 1.865E+00 -3.478E+00 1.102E-01
 4.3367E-01 2.3059E+04 2.946E-02 1.869E+00 -3.492E+00 1.101E-01
 4.3417E-01 2.3032E+04 2.940E-02 1.873E+00 -3.506E+00 1.101E-01
 4.3467E-01 2.3006E+04 2.933E-02 1.876E+00 -3.520E+00 1.101E-01
 4.3518E-01 2.2979E+04 2.928E-02 1.880E+00 -3.534E+00 1.101E-01
 4.3568E-01 2.2953E+04 2.922E-02 1.884E+00 -3.548E+00 1.101E-01
 4.3618E-01 2.2926E+04 2.918E-02 1.888E+00 -3.562E+00 1.101E-01
 4.3668E-01 2.2900E+04 2.913E-02 1.891E+00 -3.576E+00 1.102E-01
 4.3719E-01 2.2874E+04 2.910E-02 1.895E+00 -3.590E+00 1.103E-01
 4.3769E-01 2.2847E+04 2.906E-02 1.899E+00 -3.604E+00 1.104E-01
 4.3819E-01 2.2821E+04 2.904E-02 1.902E+00 -3.618E+00 1.105E-01
 4.3869E-01 2.2795E+04 2.901E-02 1.906E+00 -3.633E+00 1.106E-01
 4.3920E-01 2.2769E+04 2.900E-02 1.910E+00 -3.647E+00 1.108E-01
 4.3970E-01 2.2743E+04 2.898E-02 1.914E+00 -3.661E+00 1.109E-01
 4.4020E-01 2.2717E+04 2.898E-02 1.917E+00 -3.675E+00 1.111E-01
 4.4070E-01 2.2691E+04 2.897E-02 1.921E+00 -3.689E+00 1.113E-01
 4.4121E-01 2.2665E+04 2.898E-02 1.925E+00 -3.703E+00 1.115E-01
 4.4171E-01 2.2639E+04 2.898E-02 1.928E+00 -3.718E+00 1.118E-01
 4.4221E-01 2.2614E+04 2.900E-02 1.932E+00 -3.732E+00 1.120E-01
 4.4271E-01 2.2588E+04 2.901E-02 1.936E+00 -3.746E+00 1.123E-01
 4.4322E-01 2.2562E+04 2.904E-02 1.939E+00 -3.760E+00 1.126E-01
 4.4372E-01 2.2537E+04 2.906E-02 1.943E+00 -3.775E+00 1.129E-01
 4.4422E-01 2.2511E+04 2.910E-02 1.947E+00 -3.789E+00 1.133E-01
 4.4472E-01 2.2486E+04 2.913E-02 1.950E+00 -3.803E+00 1.137E-01
 4.4523E-01 2.2460E+04 2.918E-02 1.954E+00 -3.818E+00 1.140E-01
 4.4573E-01 2.2435E+04 2.922E-02 1.958E+00 -3.832E+00 1.144E-01
 4.4623E-01 2.2410E+04 2.928E-02 1.961E+00 -3.847E+00 1.149E-01
 4.4673E-01 2.2385E+04 2.934E-02 1.965E+00 -3.861E+00 1.153E-01
 4.4724E-01 2.2360E+04 2.940E-02 1.969E+00 -3.875E+00 1.158E-01
 4.4774E-01 2.2334E+04 2.947E-02 1.972E+00 -3.890E+00 1.162E-01
 4.4824E-01 2.2309E+04 2.954E-02 1.976E+00 -3.904E+00 1.167E-01
 4.4874E-01 2.2284E+04 2.962E-02 1.980E+00 -3.919E+00 1.173E-01
 4.4925E-01 2.2260E+04 2.970E-02 1.983E+00 -3.933E+00 1.178E-01
 4.4975E-01 2.2235E+04 2.979E-02 1.987E+00 -3.948E+00 1.184E-01
 4.5025E-01 2.2210E+04 2.988E-02 1.991E+00 -3.962E+00 1.190E-01
 4.5075E-01 2.2185E+04 2.998E-02 1.994E+00 -3.977E+00 1.196E-01
 4.5126E-01 2.2160E+04 3.015E-02 1.998E+00 -3.992E+00 1.205E-01
 4.5176E-01 2.2136E+04 3.035E-02 2.002E+00 -4.008E+00 1.216E-01
 4.5226E-01 2.2111E+04 3.056E-02 2.006E+00 -4.024E+00 1.226E-01
 4.5276E-01 2.2087E+04 3.076E-02 2.010E+00 -4.040E+00 1.237E-01
 4.5327E-01 2.2062E+04 3.096E-02 2.014E+00 -4.056E+00 1.247E-01
 4.5377E-01 2.2038E+04 3.115E-02 2.018E+00 -4.072E+00 1.257E-01
 4.5427E-01 2.2013E+04 3.135E-02 2.022E+00 -4.088E+00 1.268E-01
 4.5477E-01 2.1989E+04 3.155E-02 2.026E+00 -4.103E+00 1.278E-01
 4.5528E-01 2.1965E+04 3.174E-02 2.030E+00 -4.119E+00 1.289E-01
 4.5578E-01 2.1940E+04 3.194E-02 2.034E+00 -4.135E+00 1.299E-01
 4.5628E-01 2.1916E+04 3.213E-02 2.038E+00 -4.151E+00 1.310E-01
 4.5678E-01 2.1892E+04 3.233E-02 2.042E+00 -4.167E+00 1.320E-01
 4.5729E-01 2.1868E+04 3.252E-02 2.046E+00 -4.183E+00 1.330E-01
 4.5779E-01 2.1844E+04 3.271E-02 2.049E+00 -4.199E+00 1.341E-01
 4.5829E-01 2.1820E+04 3.290E-02 2.053E+00 -4.215E+00 1.351E-01
 4.5879E-01 2.1796E+04 3.309E-02 2.057E+00 -4.231E+00 1.361E-01
 4.5930E-01 2.1772E+04 3.327E-02 2.061E+00 -4.247E+00 1.372E-01
 4.5980E-01 2.1749E+04 3.346E-02 2.065E+00 -4.263E+00 1.382E-01
 4.6030E-01 2.1725E+04 3.365E-02 2.069E+00 -4.279E+00 1.392E-01
 4.6080E-01 2.1701E+04 3.383E-02 2.073E+00 -4.295E+00 1.402E-01
 4.6131E-01 2.1678E+04 3.402E-02 2.077E+00 -4.311E+00 1.413E-01
 4.6181E-01 2.1654E+04 3.420E-02 2.080E+00 -4.327E+00 1.423E-01
 4.6231E-01 2.1630E+04 3.438E-02 2.084E+00 -4.343E+00 1.433E-01
 4.6281E-01 2.1607E+04 3.456E-02 2.088E+00 -4.359E+00 1.443E-01
 4.6332E-01 2.1584E+04 3.474E-02 2.092E+00 -4.375E+00 1.454E-01
 4.6382E-01 2.1560E+04 3.492E-02 2.096E+00 -4.391E+00 1.464E-01
 4.6432E-01 2.1537E+04 3.510E-02 2.100E+00 -4.407E+00 1.474E-01
 4.6482E-01 2.1514E+04 3.528E-02 2.103E+00 -4.423E+00 1.484E-01
 4.6533E-01 2.1490E+04 3.545E-02 2.107E+00 -4.439E+00 1.494E-01
 4.6583E-01 2.1467E+04 3.563E-02 2.111E+00 -4.455E+00 1.504E-01
 4.6633E-01 2.1444E+04 3.580E-02 2.115E+00 -4.472E+00 1.514E-01
 4.6683E-01 2.1421E+04 3.598E-02 2.119E+00 -4.488E+00 1.525E-01
 4.6734E-01 2.1398E+04 3.615E-02 2.123E+00 -4.504E+00 1.535E-01
 4.6784E-01 2.1375E+04 3.632E-02 2.126E+00 -4.520E+00 1.545E-01
 4.6834E-01 2.1352E+04 3.649E-02 2.130E+00 -4.536E+00 1.555E-01
 4.6884E-01 2.1329E+04 3.666E-02 2.134E+00 -4.552E+00 1.565E-01
 4.6935E-01 2.1306E+04 3.683E-02 2.138E+00 -4.568E+00 1.575E-01
 4.6985E-01 2.1283E+04 3.700E-02 2.141E+00 -4.584E+00 1.585E-01
 4.7035E-01 2.1261E+04 3.716E-02 2.145E+00 -4.600E+00 1.595E-01
 4.7085E-01 2.1238E+04 3.733E-02 2.149E+00 -4.617E+00 1.604E-01
 4.7136E-01 2.1215E+04 3.750E-02 2.153E+00 -4.633E+00 1.614E-01
 4.7186E-01 2.1193E+04 3.754E-02 2.156E+00 -4.648E+00 1.619E-01
 4.7236E-01 2.1170E+04 3.758E-02 2.160E+00 -4.663E+00 1.623E-01
 4.7286E-01 2.1148E+04 3.761E-02 2.163E+00 -4.678E+00 1.627E-01
 4.7337E-01 2.1125E+04 3.764E-02 2.167E+00 -4.692E+00 1.631E-01
 4.7387E-01 2.1103E+04 3.767E-02 2.170E+00 -4.707E+00 1.635E-01
 4.7437E-01 2.1081E+04 3.770E-02 2.173E+00 -4.722E+00 1.639E-01
 4.7487E-01 2.1058E+04 3.772E-02 2.177E+00 -4.737E+00 1.642E-01
 4.7538E-01 2.1036E+04 3.775E-02 2.180E+00 -4.752E+00 1.646E-01
 4.7588E-01 2.1014E+04 3.777E-02 2.184E+00 -4.767E+00 1.650E-01
 4.7638E-01 2.0992E+04 3.779E-02 2.187E+00 -4.782E+00 1.653E-01
 4.7688E-01 2.0969E+04 3.781E-02 2.191E+00 -4.797E+00 1.657E-01
 4.7739E-01 2.0947E+04 3.783E-02 2.194E+00 -4.812E+00 1.660E-01
 4.7789E-01 2.0925E+04 3.785E-02 2.197E+00 -4.827E+00 1.663E-01
 4.7839E-01 2.0903E+04 3.786E-02 2.201E+00 -4.842E+00 1.667E-01
 4.7889E-01 2.0881E+04 3.788E-02 2.204E+00 -4.857E+00 1.670E-01
 4.7940E-01 2.0860E+04 3.789E-02 2.208E+00 -4.872E+00 1.673E-01
 4.7990E-01 2.0838E+04 3.790E-02 2.211E+00 -4.887E+00 1.676E-01
 4.8040E-01 2.0816E+04 3.791E-02 2.214E+00 -4.902E+00 1.679E-01
 4.8090E-01 2.0794E+04 3.792E-02 2.218E+00 -4.917E+00 1.682E-01
 4.8141E-01 2.0772E+04 3.793E-02 2.221E+00 -4.932E+00 1.685E-01
 4.8191E-01 2.0751E+04 3.794E-02 2.225E+00 -4.948E+00 1.688E-01
 4.8241E-01 2.0729E+04 3.794E-02 2.228E+00 -4.963E+00 1.691E-01
 4.8291E-01 2.0708E+04 3.794E-02 2.231E+00 -4.978E+00 1.693E-01
 4.8342E-01 2.0686E+04 3.795E-02 2.235E+00 -4.993E+00 1.696E-01
 4.8392E-01 2.0665E+04 3.795E-02 2.238E+00 -5.008E+00 1.699E-01
 4.8442E-01 2.0643E+04 3.794E-02 2.242E+00 -5.023E+00 1.701E-01
 4.8492E-01 2.0622E+04 3.794E-02 2.245E+00 -5.038E+00 1.703E-01
 4.8543E-01 2.0600E+04 3.794E-02 2.248E+00 -5.054E+00 1.706E-01
 4.8593E-01 2.0579E+04 3.793E-02 2.252E+00 -5.069E+00 1.708E-01
 4.8643E-01 2.0558E+04 3.792E-02 2.255E+00 -5.084E+00 1.710E-01
 4.8693E-01 2.0537E+04 3.791E-02 2.258E+00 -5.099E+00 1.713E-01
 4.8744E-01 2.0515E+04 3.790E-02 2.262E+00 -5.114E+00 1.715E-01
 4.8794E-01 2.0494E+04 3.789E-02 2.265E+00 -5.130E+00 1.717E-01
 4.8844E-01 2.0473E+04 3.788E-02 2.269E+00 -5.145E+00 1.719E-01
 4.8894E-01 2.0452E+04 3.786E-02 2.272E+00 -5.160E+00 1.720E-01
 4.8945E-01 2.0431E+04 3.785E-02 2.275E+00 -5.175E+00 1.722E-01
 4.8995E-01 2.0410E+04 3.783E-02 2.279E+00 -5.191E+00 1.724E-01
 4.9045E-01 2.0389E+04 3.781E-02 2.282E+00 -5.206E+00 1.726E-01
 4.9095E-01 2.0368E+04 3.779E-02 2.285E+00 -5.221E+00 1.727E-01
 4.9146E-01 2.0348E+04 3.777E-02 2.289E+00 -5.236E+00 1.729E-01
 4.9196E-01 2.0327E+04 3.774E-02 2.292E+00 -5.252E+00 1.730E-01
 4.9246E-01 2.0306E+04 3.772E-02 2.295E+00 -5.267E+00 1.732E-01
 4.9296E-01 2.0285E+04 3.769E-02 2.299E+00 -5.282E+00 1.733E-01
 4.9347E-01 2.0265E+04 3.767E-02 2.302E+00 -5.298E+00 1.734E-01
 4.9397E-01 2.0244E+04 3.764E-02 2.305E+00 -5.313E+00 1.735E-01
 4.9447E-01 2.0224E+04 3.761E-02 2.309E+00 -5.328E+00 1.736E-01
 4.9497E-01 2.0203E+04 3.757E-02 2.312E+00 -5.344E+00 1.737E-01
 4.9548E-01 2.0183E+04 3.754E-02 2.315E+00 -5.359E+00 1.738E-01
 4.9598E-01 2.0162E+04 3.750E-02 2.319E+00 -5.375E+00 1.739E-01
 4.9648E-01 2.0142E+04 3.747E-02 2.322E+00 -5.390E+00 1.740E-01
 4.9698E-01 2.0121E+04 3.743E-02 2.325E+00 -5.406E+00 1.741E-01
 4.9749E-01 2.0101E+04 3.740E-02 2.329E+00 -5.422E+00 1.742E-01
 4.9799E-01 2.0081E+04 3.736E-02 2.332E+00 -5.438E+00 1.743E-01
 4.9849E-01 2.0060E+04 3.733E-02 2.336E+00 -5.454E+00 1.744E-01
 4.9899E-01 2.0040E+04 3.730E-02 2.339E+00 -5.470E+00 1.745E-01
 4.9950E-01 2.0020E+04 3.728E-02 2.342E+00 -5.486E+00 1.746E-01
 5.0000E-01 2.0000E+04 3.725E-02 2.346E+00 -5.502E+00 1.748E-01
