 DDSCAT --- DDSCAT 7.3.3 [22.01.20]   
 TARGET --->TARGSPHER  spherical target with explicit spacing                 
 GPFAFT --- method of solution 
 FLTRCD --- prescription for polarizabilities
 FROM_FILE --- shape 
    4169 = NAT0 = number of dipoles
 ../../diel/Pena-Rioux_dielectric_26Au_74Ag                  
 ../../diel/Pena-Rioux_dielectric_34Au_66Ag                  
 ../../diel/Au_evap                                          
   0.000   0.000 = beta_min, beta_max ;  NBETA = 1
   0.000   0.000 = theta_min, theta_max; NTHETA= 1
   0.000   0.000 = phi_min, phi_max   ;   NPHI = 1
 Results averaged over    1 target orientations
                   and  2 incident polarizations
   aeff       wave       Q_pha       Q_pol       Q_cpol
 1.0000E-03 3.0000E-01  2.1472E-02  3.7253E-07  4.2841E-08
 1.0000E-03 3.0101E-01  2.1255E-02 -7.4506E-09  1.1176E-08
 1.0000E-03 3.0203E-01  2.1015E-02  5.9605E-08  1.8626E-09
 1.0000E-03 3.0305E-01  2.0771E-02  0.0000E+00 -5.5879E-08
 1.0000E-03 3.0408E-01  2.0522E-02 -3.7253E-08 -4.2841E-08
 1.0000E-03 3.0512E-01  2.0268E-02  7.4506E-09 -5.4017E-08
 1.0000E-03 3.0616E-01  2.0009E-02 -2.1607E-07  3.5390E-08
 1.0000E-03 3.0722E-01  1.9745E-02  1.7881E-07  3.5390E-08
 1.0000E-03 3.0828E-01  1.9480E-02  1.4156E-07 -9.3132E-09
 1.0000E-03 3.0934E-01  1.9227E-02 -5.9605E-08 -3.9116E-08
 1.0000E-03 3.1042E-01  1.8970E-02 -1.0431E-07 -2.0489E-08
 1.0000E-03 3.1150E-01  1.8728E-02 -7.4506E-08 -1.8626E-08
 1.0000E-03 3.1259E-01  1.8488E-02 -1.0431E-07 -2.4214E-08
 1.0000E-03 3.1368E-01  1.8242E-02  1.1176E-07 -7.4506E-09
 1.0000E-03 3.1479E-01  1.7989E-02 -9.6858E-08  3.9116E-08
 1.0000E-03 3.1590E-01  1.7729E-02  2.9057E-07  3.5390E-08
 1.0000E-03 3.1702E-01  1.7463E-02 -1.2666E-07  1.6764E-08
 1.0000E-03 3.1815E-01  1.7191E-02 -6.7055E-08 -1.6764E-08
 1.0000E-03 3.1929E-01  1.6908E-02  2.9802E-08 -2.6077E-08
 1.0000E-03 3.2043E-01  1.6611E-02 -9.6858E-08  1.4901E-08
 1.0000E-03 3.2158E-01  1.6260E-02 -7.4506E-08  2.9802E-08
 1.0000E-03 3.2274E-01  1.5899E-02 -8.1956E-08 -1.8626E-09
 1.0000E-03 3.2391E-01  1.5527E-02  1.1176E-07  3.4459E-08
 1.0000E-03 3.2509E-01  1.5143E-02  2.3097E-07 -2.8871E-08
 1.0000E-03 3.2628E-01  1.4748E-02  1.4901E-08  3.2596E-08
 1.0000E-03 3.2747E-01  1.4306E-02 -1.5646E-07  9.3132E-10
 1.0000E-03 3.2868E-01  1.3853E-02 -7.4506E-09  7.4506E-09
 1.0000E-03 3.2989E-01  1.3389E-02  3.7253E-08  4.6566E-09
 1.0000E-03 3.3111E-01  1.2913E-02  3.2037E-07  2.7940E-09
 1.0000E-03 3.3234E-01  1.2450E-02  4.4703E-08 -1.8626E-09
 1.0000E-03 3.3358E-01  1.1990E-02 -6.7055E-08  6.5193E-09
 1.0000E-03 3.3483E-01  1.1522E-02  1.1176E-07  5.5879E-09
 1.0000E-03 3.3609E-01  1.1051E-02  8.9407E-08  6.5193E-09
 1.0000E-03 3.3736E-01  1.0586E-02 -4.4703E-07 -2.5146E-08
 1.0000E-03 3.3864E-01  1.0124E-02 -7.4506E-09  1.3039E-08
 1.0000E-03 3.3992E-01  9.6651E-03  0.0000E+00  4.6566E-09
 1.0000E-03 3.4122E-01  9.2089E-03 -5.9605E-08 -1.7695E-08
 1.0000E-03 3.4253E-01  8.7550E-03 -4.4703E-08 -1.1176E-08
 1.0000E-03 3.4385E-01  8.3020E-03 -1.1921E-07  1.0245E-08
 1.0000E-03 3.4517E-01  7.8549E-03  1.4901E-08  1.6764E-08
 1.0000E-03 3.4651E-01  7.4220E-03  1.7136E-07  2.3283E-09
 1.0000E-03 3.4786E-01  6.9941E-03  1.7136E-07  2.3749E-08
 1.0000E-03 3.4922E-01  6.5709E-03 -1.4901E-07  6.9849E-09
 1.0000E-03 3.5059E-01  6.1524E-03 -3.7253E-08  0.0000E+00
 1.0000E-03 3.5197E-01  5.7386E-03  2.9802E-08 -4.6566E-10
 1.0000E-03 3.5336E-01  5.3294E-03 -1.4156E-07 -4.6566E-10
 1.0000E-03 3.5476E-01  4.9253E-03  2.9802E-08  7.9162E-09
 1.0000E-03 3.5618E-01  4.5240E-03  3.7253E-08  1.3970E-09
 1.0000E-03 3.5760E-01  4.1287E-03  3.7253E-08  2.7940E-09
 1.0000E-03 3.5904E-01  3.7398E-03  7.4506E-09  1.6531E-08
 1.0000E-03 3.6048E-01  3.3574E-03 -1.4901E-08 -2.5611E-09
 1.0000E-03 3.6194E-01  2.9828E-03  2.2352E-08 -4.6566E-10
 1.0000E-03 3.6341E-01  2.6168E-03 -2.2352E-08  4.1910E-09
 1.0000E-03 3.6490E-01  2.2606E-03 -2.2352E-08  6.7521E-09
 1.0000E-03 3.6639E-01  1.9147E-03  1.0431E-07 -3.6089E-09
 1.0000E-03 3.6790E-01  1.5805E-03  1.4901E-08 -3.7253E-09
 1.0000E-03 3.6942E-01  1.2654E-03 -1.4901E-08  3.4925E-10
 1.0000E-03 3.7095E-01  9.6429E-04  1.0431E-07 -1.6298E-09
 1.0000E-03 3.7250E-01  6.7944E-04  2.9057E-07  4.0745E-10
 1.0000E-03 3.7406E-01  4.1329E-04  2.1607E-07 -2.2992E-09
 1.0000E-03 3.7563E-01  1.6632E-04  1.4156E-07  8.7311E-11
 1.0000E-03 3.7722E-01 -5.8624E-05  1.7136E-07 -6.5738E-09
 1.0000E-03 3.7881E-01 -2.5834E-04  3.6508E-07  2.8813E-09
 1.0000E-03 3.8043E-01 -4.2934E-04  3.4273E-07 -2.2992E-09
 1.0000E-03 3.8205E-01 -5.6691E-04  5.2154E-08  1.8626E-09
 1.0000E-03 3.8369E-01 -6.7271E-04  2.3097E-07  7.9162E-09
 1.0000E-03 3.8534E-01 -7.4393E-04  1.9372E-07  5.2387E-09
 1.0000E-03 3.8701E-01 -7.7563E-04 -1.2666E-07  4.4238E-09
 1.0000E-03 3.8870E-01 -7.6158E-04 -1.8626E-07  4.2492E-09
 1.0000E-03 3.9039E-01 -6.9372E-04 -4.3213E-07 -3.8999E-09
 1.0000E-03 3.9211E-01 -5.6682E-04 -1.3411E-07 -2.1595E-08
 1.0000E-03 3.9383E-01 -3.7510E-04  2.9802E-07 -2.8725E-08
 1.0000E-03 3.9558E-01 -1.0823E-04 -1.4901E-07  1.3730E-08
 1.0000E-03 3.9733E-01  2.4541E-04 -1.0431E-07 -5.6170E-08
 1.0000E-03 3.9911E-01  6.9995E-04  3.1292E-07 -2.2643E-08
 1.0000E-03 4.0090E-01  1.2696E-03 -7.0035E-07 -1.7218E-07
 1.0000E-03 4.0270E-01  1.9664E-03 -8.9407E-08  2.2585E-08
 1.0000E-03 4.0452E-01  2.8100E-03  2.9802E-08 -4.0303E-07
 1.0000E-03 4.0636E-01  3.8217E-03  5.9605E-07  1.9185E-07
 1.0000E-03 4.0822E-01  5.0240E-03  2.3842E-07 -1.3458E-07
 1.0000E-03 4.1009E-01  6.4371E-03  1.6391E-07 -2.0955E-08
 1.0000E-03 4.1198E-01  8.0825E-03  8.9407E-08 -2.1420E-08
 1.0000E-03 4.1389E-01  9.9842E-03  5.9605E-07 -1.3970E-08
 1.0000E-03 4.1581E-01  1.2160E-02  5.9605E-08 -3.6322E-08
 1.0000E-03 4.1776E-01  1.4633E-02  2.9802E-08  0.0000E+00
 1.0000E-03 4.1972E-01  1.7411E-02 -7.1526E-07  3.9116E-08
 1.0000E-03 4.2170E-01  2.0483E-02 -1.0431E-07 -7.2643E-08
 1.0000E-03 4.2370E-01  2.3826E-02 -7.8976E-07 -3.3900E-07
 1.0000E-03 4.2571E-01  2.7398E-02  1.9372E-07  8.0094E-08
 1.0000E-03 4.2775E-01  3.1134E-02  4.1723E-07 -2.6077E-07
 1.0000E-03 4.2981E-01  3.4950E-02  1.9372E-07 -4.8429E-08
 1.0000E-03 4.3188E-01  3.8785E-02  5.9605E-08 -1.3039E-07
 1.0000E-03 4.3398E-01  4.2555E-02  4.4703E-08 -3.3528E-08
 1.0000E-03 4.3610E-01  4.6182E-02 -1.3411E-07 -1.0058E-07
 1.0000E-03 4.3824E-01  4.9604E-02  4.0233E-07  1.6019E-07
 1.0000E-03 4.4039E-01  5.2792E-02 -6.1095E-07  1.8626E-08
 1.0000E-03 4.4257E-01  5.5724E-02  1.0431E-07 -6.3330E-08
 1.0000E-03 4.4478E-01  5.8385E-02  4.4703E-08  2.9802E-08
 1.0000E-03 4.4700E-01  6.0763E-02 -2.5332E-07 -4.8429E-08
 1.0000E-03 4.4925E-01  6.2866E-02  2.8312E-07  8.1956E-08
 1.0000E-03 4.5152E-01  6.4662E-02 -1.4901E-08 -2.2352E-08
 1.0000E-03 4.5381E-01  6.6116E-02 -1.9372E-07  1.4901E-08
 1.0000E-03 4.5612E-01  6.7342E-02 -5.9605E-08 -1.7136E-07
 1.0000E-03 4.5846E-01  6.8356E-02  1.4901E-08  1.3411E-07
 1.0000E-03 4.6082E-01  6.9166E-02  4.1723E-07 -5.9605E-08
 1.0000E-03 4.6321E-01  6.9782E-02  2.0862E-07 -2.2352E-07
 1.0000E-03 4.6563E-01  7.0221E-02 -6.0350E-07  0.0000E+00
 1.0000E-03 4.6806E-01  7.0498E-02  3.2783E-07  3.2783E-07
 1.0000E-03 4.7053E-01  7.0626E-02 -8.1956E-08  9.6858E-08
 1.0000E-03 4.7302E-01  7.0634E-02 -1.6391E-07 -6.7055E-08
 1.0000E-03 4.7553E-01  7.0540E-02 -1.9372E-07 -5.9605E-08
 1.0000E-03 4.7807E-01  7.0356E-02  3.6508E-07 -3.7253E-08
 1.0000E-03 4.8065E-01  7.0098E-02  1.4156E-07 -7.4506E-09
 1.0000E-03 4.8324E-01  6.9789E-02 -2.0117E-07  7.4506E-08
 1.0000E-03 4.8587E-01  6.9448E-02 -2.3842E-07  0.0000E+00
 1.0000E-03 4.8852E-01  6.9096E-02 -2.2352E-07 -6.7055E-08
 1.0000E-03 4.9121E-01  6.8750E-02 -2.2352E-08  5.2154E-08
 1.0000E-03 4.9392E-01  6.8432E-02  2.2352E-07  1.4901E-08
 1.0000E-03 4.9667E-01  6.8221E-02 -3.1292E-07  5.2154E-08
 1.0000E-03 4.9944E-01  6.8221E-02  3.6508E-07  3.7253E-08
 1.0000E-03 5.0225E-01  6.8266E-02  2.3842E-07 -2.0117E-07
 1.0000E-03 5.0508E-01  6.8346E-02 -2.6077E-07  1.2666E-07
 1.0000E-03 5.0795E-01  6.8448E-02  0.0000E+00 -2.0862E-07
 1.0000E-03 5.1086E-01  6.8551E-02 -9.6858E-08  1.3411E-07
 1.0000E-03 5.1379E-01  6.8631E-02 -1.8626E-08  6.7055E-08
 1.0000E-03 5.1676E-01  6.8661E-02  0.0000E+00 -8.1956E-08
 1.0000E-03 5.1977E-01  6.8610E-02  4.4703E-08  7.4506E-08
 1.0000E-03 5.2281E-01  6.8221E-02 -9.6858E-08  1.3411E-07
 1.0000E-03 5.2588E-01  6.7578E-02  1.4156E-07  2.9802E-08
 1.0000E-03 5.2899E-01  6.6824E-02 -1.9372E-07  8.9407E-08
 1.0000E-03 5.3214E-01  6.5967E-02  1.7136E-07 -2.0862E-07
 1.0000E-03 5.3533E-01  6.5017E-02 -1.5274E-07  1.7881E-07
 1.0000E-03 5.3855E-01  6.3988E-02  2.7195E-07  7.4506E-09
 1.0000E-03 5.4182E-01  6.2892E-02  2.2165E-07 -3.0547E-07
 1.0000E-03 5.4512E-01  6.1741E-02  3.9116E-08 -1.5646E-07
 1.0000E-03 5.4847E-01  6.0551E-02 -3.5390E-08 -4.8429E-08
 1.0000E-03 5.5185E-01  5.9399E-02 -1.3411E-07 -3.1665E-07
 1.0000E-03 5.5528E-01  5.8241E-02 -2.0303E-07 -2.8685E-07
 1.0000E-03 5.5875E-01  5.7083E-02  7.4506E-09 -4.8429E-08
 1.0000E-03 5.6226E-01  5.5933E-02 -2.8498E-07  1.1176E-08
 1.0000E-03 5.6582E-01  5.4799E-02  1.8626E-08  7.4506E-09
 1.0000E-03 5.6943E-01  5.3689E-02 -8.1211E-07 -3.7253E-07
 1.0000E-03 5.7308E-01  5.2613E-02 -7.9349E-07  8.5682E-08
 1.0000E-03 5.7677E-01  5.1576E-02  1.2759E-07 -4.8429E-08
 1.0000E-03 5.8052E-01  5.0587E-02 -3.0734E-08 -1.7881E-07
 1.0000E-03 5.8431E-01  4.9636E-02 -3.7719E-07  2.7195E-07
 1.0000E-03 5.8816E-01  4.8728E-02  4.6939E-07  6.7055E-08
 1.0000E-03 5.9205E-01  4.7859E-02 -4.8894E-07 -1.5646E-07
 1.0000E-03 5.9600E-01  4.7016E-02 -1.9278E-07 -4.3213E-07
 1.0000E-03 6.0000E-01  4.6191E-02  6.0070E-07 -3.4645E-07
