 DDSCAT --- DDSCAT 7.3.3 [22.01.20]   
 TARGET --->TARGSPHER  spherical target with explicit spacing                 
 GPFAFT --- method of solution 
 GKDLDR --- prescription for polarizabilities
 FROM_FILE --- shape 
    4169 = NAT0 = number of dipoles
 ../../diel/Pena-Rioux_dielectric_26Au_74Ag                  
 ../../diel/Pena-Rioux_dielectric_85Au_15Ag                  
 ../../diel/Pena-Rioux_dielectric_92Au_8Ag                   
   0.000   0.000 = beta_min, beta_max ;  NBETA = 1
   0.000   0.000 = theta_min, theta_max; NTHETA= 1
   0.000   0.000 = phi_min, phi_max   ;   NPHI = 1
 0.5000 = ETASCA (param. controlling # of scatt. dirs used to calculate <cos> etc.
 Results averaged over    1 target orientations
                   and  2 incident polarizations
   aeff       wave       Q_ext     Q_abs      Q_sca     g(1)=<cos>  <cos^2>    Q_bk       Nsca
 4.0000E-02 3.0000E-01 2.6067E+00 1.8052E+00 8.0154E-01  2.5542E-01 4.1464E-01 4.0334E-02   408
 4.0000E-02 3.0101E-01 2.5995E+00 1.8048E+00 7.9479E-01  2.5367E-01 4.1445E-01 4.0351E-02   408
 4.0000E-02 3.0203E-01 2.5923E+00 1.8043E+00 7.8800E-01  2.5193E-01 4.1426E-01 4.0357E-02   408
 4.0000E-02 3.0305E-01 2.5849E+00 1.8037E+00 7.8116E-01  2.5019E-01 4.1408E-01 4.0354E-02   408
 4.0000E-02 3.0408E-01 2.5774E+00 1.8031E+00 7.7428E-01  2.4846E-01 4.1389E-01 4.0341E-02   408
 4.0000E-02 3.0512E-01 2.5698E+00 1.8025E+00 7.6736E-01  2.4674E-01 4.1371E-01 4.0319E-02   408
 4.0000E-02 3.0616E-01 2.5622E+00 1.8018E+00 7.6040E-01  2.4503E-01 4.1353E-01 4.0287E-02   408
 4.0000E-02 3.0722E-01 2.5544E+00 1.8010E+00 7.5340E-01  2.4333E-01 4.1336E-01 4.0246E-02   408
 4.0000E-02 3.0828E-01 2.5468E+00 1.8003E+00 7.4649E-01  2.4163E-01 4.1318E-01 4.0202E-02   408
 4.0000E-02 3.0934E-01 2.5395E+00 1.7997E+00 7.3990E-01  2.3990E-01 4.1300E-01 4.0173E-02   408
 4.0000E-02 3.1042E-01 2.5322E+00 1.7990E+00 7.3326E-01  2.3818E-01 4.1283E-01 4.0135E-02   408
 4.0000E-02 3.1150E-01 2.5248E+00 1.7982E+00 7.2659E-01  2.3647E-01 4.1266E-01 4.0089E-02   408
 4.0000E-02 3.1259E-01 2.5173E+00 1.7974E+00 7.1988E-01  2.3476E-01 4.1249E-01 4.0033E-02   408
 4.0000E-02 3.1368E-01 2.5097E+00 1.7966E+00 7.1312E-01  2.3306E-01 4.1232E-01 3.9969E-02   408
 4.0000E-02 3.1479E-01 2.5020E+00 1.7956E+00 7.0634E-01  2.3147E-01 4.1231E-01 3.9896E-02   362
 4.0000E-02 3.1590E-01 2.4941E+00 1.7946E+00 6.9952E-01  2.2977E-01 4.1215E-01 3.9815E-02   362
 4.0000E-02 3.1702E-01 2.4862E+00 1.7936E+00 6.9267E-01  2.2808E-01 4.1199E-01 3.9725E-02   363
 4.0000E-02 3.1815E-01 2.4777E+00 1.7922E+00 6.8550E-01  2.2642E-01 4.1183E-01 3.9608E-02   363
 4.0000E-02 3.1929E-01 2.4689E+00 1.7907E+00 6.7819E-01  2.2476E-01 4.1168E-01 3.9476E-02   363
 4.0000E-02 3.2043E-01 2.4598E+00 1.7890E+00 6.7079E-01  2.2311E-01 4.1153E-01 3.9331E-02   363
 4.0000E-02 3.2158E-01 2.4506E+00 1.7873E+00 6.6330E-01  2.2147E-01 4.1138E-01 3.9173E-02   363
 4.0000E-02 3.2274E-01 2.4411E+00 1.7854E+00 6.5572E-01  2.1984E-01 4.1123E-01 3.9002E-02   363
 4.0000E-02 3.2391E-01 2.4313E+00 1.7833E+00 6.4806E-01  2.1821E-01 4.1109E-01 3.8819E-02   363
 4.0000E-02 3.2509E-01 2.4214E+00 1.7811E+00 6.4032E-01  2.1658E-01 4.1095E-01 3.8623E-02   363
 4.0000E-02 3.2628E-01 2.4112E+00 1.7787E+00 6.3250E-01  2.1497E-01 4.1081E-01 3.8415E-02   363
 4.0000E-02 3.2747E-01 2.3998E+00 1.7757E+00 6.2408E-01  2.1339E-01 4.1067E-01 3.8155E-02   363
 4.0000E-02 3.2868E-01 2.3885E+00 1.7727E+00 6.1575E-01  2.1181E-01 4.1054E-01 3.7896E-02   363
 4.0000E-02 3.2989E-01 2.3773E+00 1.7697E+00 6.0758E-01  2.1022E-01 4.1041E-01 3.7640E-02   363
 4.0000E-02 3.3111E-01 2.3661E+00 1.7666E+00 5.9957E-01  2.0860E-01 4.1028E-01 3.7389E-02   363
 4.0000E-02 3.3234E-01 2.3551E+00 1.7634E+00 5.9171E-01  2.0697E-01 4.1015E-01 3.7142E-02   363
 4.0000E-02 3.3358E-01 2.3442E+00 1.7602E+00 5.8402E-01  2.0532E-01 4.1001E-01 3.6902E-02   363
 4.0000E-02 3.3483E-01 2.3335E+00 1.7570E+00 5.7651E-01  2.0364E-01 4.0988E-01 3.6669E-02   363
 4.0000E-02 3.3609E-01 2.3233E+00 1.7539E+00 5.6948E-01  2.0192E-01 4.0974E-01 3.6464E-02   363
 4.0000E-02 3.3736E-01 2.3143E+00 1.7511E+00 5.6314E-01  2.0013E-01 4.0960E-01 3.6304E-02   363
 4.0000E-02 3.3864E-01 2.3059E+00 1.7486E+00 5.5729E-01  1.9830E-01 4.0945E-01 3.6175E-02   363
 4.0000E-02 3.3992E-01 2.2983E+00 1.7463E+00 5.5194E-01  1.9642E-01 4.0931E-01 3.6079E-02   363
 4.0000E-02 3.4122E-01 2.2914E+00 1.7443E+00 5.4712E-01  1.9450E-01 4.0916E-01 3.6017E-02   363
 4.0000E-02 3.4253E-01 2.2854E+00 1.7425E+00 5.4284E-01  1.9252E-01 4.0901E-01 3.5991E-02   363
 4.0000E-02 3.4385E-01 2.2801E+00 1.7410E+00 5.3911E-01  1.9051E-01 4.0885E-01 3.6002E-02   363
 4.0000E-02 3.4517E-01 2.2761E+00 1.7400E+00 5.3609E-01  1.8844E-01 4.0869E-01 3.6062E-02   363
 4.0000E-02 3.4651E-01 2.2734E+00 1.7395E+00 5.3387E-01  1.8633E-01 4.0853E-01 3.6179E-02   363
 4.0000E-02 3.4786E-01 2.2718E+00 1.7395E+00 5.3230E-01  1.8418E-01 4.0837E-01 3.6341E-02   363
 4.0000E-02 3.4922E-01 2.2713E+00 1.7399E+00 5.3137E-01  1.8200E-01 4.0821E-01 3.6549E-02   363
 4.0000E-02 3.5059E-01 2.2719E+00 1.7408E+00 5.3112E-01  1.7979E-01 4.0804E-01 3.6805E-02   363
 4.0000E-02 3.5197E-01 2.2738E+00 1.7422E+00 5.3157E-01  1.7756E-01 4.0787E-01 3.7114E-02   363
 4.0000E-02 3.5336E-01 2.2769E+00 1.7441E+00 5.3274E-01  1.7530E-01 4.0771E-01 3.7475E-02   363
 4.0000E-02 3.5476E-01 2.2814E+00 1.7467E+00 5.3471E-01  1.7302E-01 4.0754E-01 3.7897E-02   363
 4.0000E-02 3.5618E-01 2.2873E+00 1.7499E+00 5.3736E-01  1.7074E-01 4.0737E-01 3.8369E-02   363
 4.0000E-02 3.5760E-01 2.2943E+00 1.7537E+00 5.4065E-01  1.6845E-01 4.0720E-01 3.8892E-02   363
 4.0000E-02 3.5904E-01 2.3026E+00 1.7580E+00 5.4463E-01  1.6615E-01 4.0704E-01 3.9469E-02   363
 4.0000E-02 3.6048E-01 2.3122E+00 1.7629E+00 5.4932E-01  1.6384E-01 4.0687E-01 4.0104E-02   363
 4.0000E-02 3.6194E-01 2.3232E+00 1.7685E+00 5.5474E-01  1.6153E-01 4.0670E-01 4.0798E-02   363
 4.0000E-02 3.6341E-01 2.3356E+00 1.7747E+00 5.6091E-01  1.5922E-01 4.0654E-01 4.1555E-02   363
 4.0000E-02 3.6490E-01 2.3492E+00 1.7815E+00 5.6768E-01  1.5691E-01 4.0637E-01 4.2365E-02   363
 4.0000E-02 3.6639E-01 2.3640E+00 1.7889E+00 5.7510E-01  1.5459E-01 4.0621E-01 4.3231E-02   363
 4.0000E-02 3.6790E-01 2.3800E+00 1.7968E+00 5.8315E-01  1.5228E-01 4.0605E-01 4.4155E-02   363
 4.0000E-02 3.6942E-01 2.3973E+00 1.8054E+00 5.9189E-01  1.4996E-01 4.0589E-01 4.5142E-02   363
 4.0000E-02 3.7095E-01 2.4160E+00 1.8146E+00 6.0134E-01  1.4765E-01 4.0573E-01 4.6195E-02   363
 4.0000E-02 3.7250E-01 2.4360E+00 1.8245E+00 6.1151E-01  1.4533E-01 4.0558E-01 4.7315E-02   363
 4.0000E-02 3.7406E-01 2.4572E+00 1.8349E+00 6.2224E-01  1.4301E-01 4.0542E-01 4.8494E-02   363
 4.0000E-02 3.7563E-01 2.4795E+00 1.8459E+00 6.3366E-01  1.4067E-01 4.0527E-01 4.9741E-02   363
 4.0000E-02 3.7722E-01 2.5032E+00 1.8575E+00 6.4570E-01  1.3834E-01 4.0512E-01 5.1053E-02   363
 4.0000E-02 3.7881E-01 2.5281E+00 1.8696E+00 6.5846E-01  1.3601E-01 4.0497E-01 5.2439E-02   363
 4.0000E-02 3.8043E-01 2.5544E+00 1.8825E+00 6.7195E-01  1.3367E-01 4.0483E-01 5.3902E-02   363
 4.0000E-02 3.8205E-01 2.5821E+00 1.8960E+00 6.8615E-01  1.3132E-01 4.0468E-01 5.5441E-02   363
 4.0000E-02 3.8369E-01 2.6110E+00 1.9100E+00 7.0094E-01  1.2898E-01 4.0454E-01 5.7048E-02   363
 4.0000E-02 3.8534E-01 2.6411E+00 1.9246E+00 7.1648E-01  1.2662E-01 4.0440E-01 5.8739E-02   363
 4.0000E-02 3.8701E-01 2.6726E+00 1.9399E+00 7.3274E-01  1.2426E-01 4.0426E-01 6.0513E-02   363
 4.0000E-02 3.8870E-01 2.7055E+00 1.9557E+00 7.4981E-01  1.2188E-01 4.0413E-01 6.2379E-02   363
 4.0000E-02 3.9039E-01 2.7400E+00 1.9723E+00 7.6770E-01  1.1957E-01 4.0417E-01 6.4340E-02   323
 4.0000E-02 3.9211E-01 2.7758E+00 1.9895E+00 7.8630E-01  1.1718E-01 4.0404E-01 6.6389E-02   323
 4.0000E-02 3.9383E-01 2.8129E+00 2.0072E+00 8.0572E-01  1.1477E-01 4.0391E-01 6.8536E-02   323
 4.0000E-02 3.9558E-01 2.8516E+00 2.0256E+00 8.2598E-01  1.1236E-01 4.0379E-01 7.0785E-02   323
 4.0000E-02 3.9733E-01 2.8918E+00 2.0447E+00 8.4710E-01  1.0994E-01 4.0366E-01 7.3140E-02   323
 4.0000E-02 3.9911E-01 2.9336E+00 2.0644E+00 8.6914E-01  1.0751E-01 4.0355E-01 7.5609E-02   323
 4.0000E-02 4.0090E-01 2.9769E+00 2.0849E+00 8.9206E-01  1.0507E-01 4.0343E-01 7.8189E-02   323
 4.0000E-02 4.0270E-01 3.0218E+00 2.1059E+00 9.1590E-01  1.0262E-01 4.0332E-01 8.0886E-02   323
 4.0000E-02 4.0452E-01 3.0683E+00 2.1276E+00 9.4071E-01  1.0017E-01 4.0320E-01 8.3707E-02   323
 4.0000E-02 4.0636E-01 3.1166E+00 2.1501E+00 9.6651E-01  9.7709E-02 4.0310E-01 8.6656E-02   323
 4.0000E-02 4.0822E-01 3.1666E+00 2.1732E+00 9.9335E-01  9.5244E-02 4.0299E-01 8.9739E-02   323
 4.0000E-02 4.1009E-01 3.2183E+00 2.1971E+00 1.0212E+00  9.2776E-02 4.0289E-01 9.2956E-02   323
 4.0000E-02 4.1198E-01 3.2717E+00 2.2216E+00 1.0501E+00  9.0307E-02 4.0279E-01 9.6314E-02   323
 4.0000E-02 4.1389E-01 3.3270E+00 2.2468E+00 1.0802E+00  8.7837E-02 4.0270E-01 9.9820E-02   323
 4.0000E-02 4.1581E-01 3.3842E+00 2.2728E+00 1.1114E+00  8.5370E-02 4.0260E-01 1.0348E-01   323
 4.0000E-02 4.1776E-01 3.4433E+00 2.2995E+00 1.1438E+00  8.2906E-02 4.0251E-01 1.0729E-01   323
 4.0000E-02 4.1972E-01 3.5043E+00 2.3270E+00 1.1773E+00  8.0449E-02 4.0243E-01 1.1126E-01   323
 4.0000E-02 4.2170E-01 3.5673E+00 2.3552E+00 1.2121E+00  7.8002E-02 4.0235E-01 1.1539E-01   323
 4.0000E-02 4.2370E-01 3.6324E+00 2.3842E+00 1.2482E+00  7.5568E-02 4.0227E-01 1.1970E-01   323
 4.0000E-02 4.2571E-01 3.6996E+00 2.4140E+00 1.2856E+00  7.3150E-02 4.0219E-01 1.2418E-01   323
 4.0000E-02 4.2775E-01 3.7687E+00 2.4446E+00 1.3242E+00  7.0753E-02 4.0212E-01 1.2882E-01   323
 4.0000E-02 4.2981E-01 3.8399E+00 2.4760E+00 1.3640E+00  6.8380E-02 4.0205E-01 1.3362E-01   323
 4.0000E-02 4.3188E-01 3.9133E+00 2.5081E+00 1.4051E+00  6.6037E-02 4.0198E-01 1.3861E-01   323
 4.0000E-02 4.3398E-01 3.9886E+00 2.5411E+00 1.4475E+00  6.3724E-02 4.0191E-01 1.4375E-01   323
 4.0000E-02 4.3610E-01 4.0656E+00 2.5748E+00 1.4909E+00  6.1450E-02 4.0185E-01 1.4904E-01   323
 4.0000E-02 4.3824E-01 4.1442E+00 2.6091E+00 1.5351E+00  5.9219E-02 4.0180E-01 1.5445E-01   323
 4.0000E-02 4.4039E-01 4.2245E+00 2.6440E+00 1.5805E+00  5.7031E-02 4.0174E-01 1.6002E-01   323
 4.0000E-02 4.4257E-01 4.3063E+00 2.6796E+00 1.6268E+00  5.4892E-02 4.0169E-01 1.6571E-01   323
 4.0000E-02 4.4478E-01 4.3894E+00 2.7156E+00 1.6738E+00  5.2804E-02 4.0164E-01 1.7150E-01   323
 4.0000E-02 4.4700E-01 4.4740E+00 2.7522E+00 1.7218E+00  5.0772E-02 4.0160E-01 1.7743E-01   323
 4.0000E-02 4.4925E-01 4.5600E+00 2.7893E+00 1.7708E+00  4.8799E-02 4.0156E-01 1.8347E-01   323
 4.0000E-02 4.5152E-01 4.6472E+00 2.8268E+00 1.8204E+00  4.6887E-02 4.0152E-01 1.8962E-01   323
 4.0000E-02 4.5381E-01 4.7352E+00 2.8646E+00 1.8706E+00  4.5043E-02 4.0148E-01 1.9583E-01   323
 4.0000E-02 4.5612E-01 4.8243E+00 2.9028E+00 1.9215E+00  4.3268E-02 4.0145E-01 2.0213E-01   323
 4.0000E-02 4.5846E-01 4.9140E+00 2.9412E+00 1.9728E+00  4.1563E-02 4.0142E-01 2.0848E-01   323
 4.0000E-02 4.6082E-01 5.0040E+00 2.9797E+00 2.0243E+00  3.9931E-02 4.0139E-01 2.1486E-01   323
 4.0000E-02 4.6321E-01 5.0940E+00 3.0180E+00 2.0760E+00  3.8372E-02 4.0136E-01 2.2126E-01   323
 4.0000E-02 4.6563E-01 5.1845E+00 3.0562E+00 2.1283E+00  3.6880E-02 4.0134E-01 2.2772E-01   323
 4.0000E-02 4.6806E-01 5.2755E+00 3.0942E+00 2.1813E+00  3.5450E-02 4.0132E-01 2.3426E-01   323
 4.0000E-02 4.7053E-01 5.3674E+00 3.1319E+00 2.2355E+00  3.4076E-02 4.0130E-01 2.4094E-01   323
 4.0000E-02 4.7302E-01 5.4611E+00 3.1693E+00 2.2918E+00  3.2749E-02 4.0127E-01 2.4785E-01   323
 4.0000E-02 4.7553E-01 5.5572E+00 3.2063E+00 2.3509E+00  3.1455E-02 4.0125E-01 2.5508E-01   323
 4.0000E-02 4.7807E-01 5.6562E+00 3.2428E+00 2.4134E+00  3.0183E-02 4.0123E-01 2.6271E-01   323
 4.0000E-02 4.8065E-01 5.7588E+00 3.2785E+00 2.4803E+00  2.8920E-02 4.0121E-01 2.7086E-01   323
 4.0000E-02 4.8324E-01 5.8656E+00 3.3132E+00 2.5524E+00  2.7653E-02 4.0119E-01 2.7963E-01   323
 4.0000E-02 4.8587E-01 5.9761E+00 3.3462E+00 2.6299E+00  2.6369E-02 4.0117E-01 2.8906E-01   323
 4.0000E-02 4.8852E-01 6.0897E+00 3.3768E+00 2.7129E+00  2.5062E-02 4.0114E-01 2.9918E-01   323
 4.0000E-02 4.9121E-01 6.2057E+00 3.4039E+00 2.8018E+00  2.3721E-02 4.0112E-01 3.1004E-01   323
 4.0000E-02 4.9392E-01 6.3215E+00 3.4262E+00 2.8954E+00  2.2344E-02 4.0110E-01 3.2152E-01   323
 4.0000E-02 4.9667E-01 6.4343E+00 3.4421E+00 2.9921E+00  2.0935E-02 4.0108E-01 3.3346E-01   323
 4.0000E-02 4.9944E-01 6.5405E+00 3.4500E+00 3.0905E+00  1.9496E-02 4.0106E-01 3.4570E-01   323
 4.0000E-02 5.0225E-01 6.6349E+00 3.4478E+00 3.1872E+00  1.8038E-02 4.0104E-01 3.5785E-01   323
 4.0000E-02 5.0508E-01 6.7118E+00 3.4335E+00 3.2783E+00  1.6579E-02 4.0102E-01 3.6944E-01   323
 4.0000E-02 5.0795E-01 6.7653E+00 3.4056E+00 3.3597E+00  1.5131E-02 4.0101E-01 3.7999E-01   324
 4.0000E-02 5.1086E-01 6.7891E+00 3.3626E+00 3.4265E+00  1.3710E-02 4.0100E-01 3.8893E-01   324
 4.0000E-02 5.1379E-01 6.7785E+00 3.3044E+00 3.4742E+00  1.2368E-02 4.0120E-01 3.9569E-01   285
 4.0000E-02 5.1676E-01 6.7307E+00 3.2311E+00 3.4996E+00  1.1039E-02 4.0120E-01 3.9988E-01   285
 4.0000E-02 5.1977E-01 6.6447E+00 3.1441E+00 3.5006E+00  9.7631E-03 4.0120E-01 4.0122E-01   285
 4.0000E-02 5.2281E-01 6.5232E+00 3.0458E+00 3.4774E+00  8.5430E-03 4.0120E-01 3.9971E-01   285
 4.0000E-02 5.2588E-01 6.3702E+00 2.9385E+00 3.4316E+00  7.3726E-03 4.0120E-01 3.9553E-01   285
 4.0000E-02 5.2899E-01 6.1908E+00 2.8249E+00 3.3659E+00  6.2466E-03 4.0121E-01 3.8896E-01   285
 4.0000E-02 5.3214E-01 5.9917E+00 2.7074E+00 3.2843E+00  5.1598E-03 4.0121E-01 3.8047E-01   285
 4.0000E-02 5.3533E-01 5.7786E+00 2.5883E+00 3.1904E+00  4.1059E-03 4.0122E-01 3.7047E-01   285
 4.0000E-02 5.3855E-01 5.5570E+00 2.4690E+00 3.0880E+00  3.0829E-03 4.0123E-01 3.5941E-01   285
 4.0000E-02 5.4182E-01 5.3314E+00 2.3504E+00 2.9810E+00  2.0887E-03 4.0123E-01 3.4773E-01   285
 4.0000E-02 5.4512E-01 5.1040E+00 2.2325E+00 2.8715E+00  1.1221E-03 4.0124E-01 3.3568E-01   285
 4.0000E-02 5.4847E-01 4.8758E+00 2.1149E+00 2.7609E+00  1.8218E-04 4.0125E-01 3.2342E-01   285
 4.0000E-02 5.5185E-01 4.6466E+00 1.9972E+00 2.6495E+00 -7.3498E-04 4.0125E-01 3.1098E-01   285
 4.0000E-02 5.5528E-01 4.4166E+00 1.8800E+00 2.5367E+00 -1.6335E-03 4.0125E-01 2.9832E-01   285
 4.0000E-02 5.5875E-01 4.1866E+00 1.7639E+00 2.4228E+00 -2.5202E-03 4.0125E-01 2.8545E-01   285
 4.0000E-02 5.6226E-01 3.9578E+00 1.6500E+00 2.3077E+00 -3.4049E-03 4.0125E-01 2.7240E-01   285
 4.0000E-02 5.6582E-01 3.7318E+00 1.5400E+00 2.1918E+00 -4.2960E-03 4.0124E-01 2.5919E-01   285
 4.0000E-02 5.6943E-01 3.5115E+00 1.4356E+00 2.0759E+00 -5.1984E-03 4.0123E-01 2.4592E-01   285
 4.0000E-02 5.7308E-01 3.3000E+00 1.3387E+00 1.9613E+00 -6.1119E-03 4.0122E-01 2.3276E-01   285
 4.0000E-02 5.7677E-01 3.0999E+00 1.2503E+00 1.8497E+00 -7.0352E-03 4.0121E-01 2.1992E-01   285
 4.0000E-02 5.8052E-01 2.9129E+00 1.1702E+00 1.7427E+00 -7.9656E-03 4.0120E-01 2.0758E-01   285
 4.0000E-02 5.8431E-01 2.7390E+00 1.0978E+00 1.6413E+00 -8.9028E-03 4.0119E-01 1.9587E-01   285
 4.0000E-02 5.8816E-01 2.5774E+00 1.0317E+00 1.5457E+00 -9.8465E-03 4.0118E-01 1.8481E-01   285
 4.0000E-02 5.9205E-01 2.4269E+00 9.7119E-01 1.4557E+00 -1.0795E-02 4.0117E-01 1.7439E-01   285
 4.0000E-02 5.9600E-01 2.2867E+00 9.1590E-01 1.3708E+00 -1.1747E-02 4.0116E-01 1.6453E-01   285
 4.0000E-02 6.0000E-01 2.1568E+00 8.6611E-01 1.2907E+00 -1.2699E-02 4.0116E-01 1.5522E-01   285
