 DDSCAT --- DDSCAT 7.3.3 [22.01.20]   
 TARGET --->TARGSPHER  spherical target with explicit spacing                 
 GPFAFT --- method of solution 
 GKDLDR --- prescription for polarizabilities
 FROM_FILE --- shape 
    4169 = NAT0 = number of dipoles
 ../../diel/Pena-Rioux_dielectric_26Au_74Ag                  
 ../../diel/Pena-Rioux_dielectric_85Au_15Ag                  
 ../../diel/Pena-Rioux_dielectric_92Au_8Ag                   
   0.000   0.000 = beta_min, beta_max ;  NBETA = 1
   0.000   0.000 = theta_min, theta_max; NTHETA= 1
   0.000   0.000 = phi_min, phi_max   ;   NPHI = 1
 Results averaged over    1 target orientations
                   and  2 incident polarizations
   aeff       wave       Q_pha       Q_pol       Q_cpol
 4.0000E-02 3.0000E-01 -1.0148E-02  6.6757E-06 -4.1910E-08
 4.0000E-02 3.0101E-01 -8.6018E-03 -2.6226E-06 -7.5437E-08
 4.0000E-02 3.0203E-01 -7.2023E-03 -2.1458E-06  1.1642E-07
 4.0000E-02 3.0305E-01 -5.9543E-03  7.1526E-07 -2.1886E-08
 4.0000E-02 3.0408E-01 -4.8632E-03  2.1458E-06 -2.0955E-08
 4.0000E-02 3.0512E-01 -3.9344E-03  3.5763E-06  3.1665E-08
 4.0000E-02 3.0616E-01 -3.1739E-03 -1.6689E-06  2.0722E-08
 4.0000E-02 3.0722E-01 -2.5872E-03  2.6226E-06 -7.8231E-08
 4.0000E-02 3.0828E-01 -2.1507E-03  4.0531E-06  2.3283E-09
 4.0000E-02 3.0934E-01 -1.7597E-03 -3.3379E-06  4.3539E-08
 4.0000E-02 3.1042E-01 -1.4970E-03  7.1526E-06  5.3202E-08
 4.0000E-02 3.1150E-01 -1.3661E-03 -5.7220E-06 -1.1409E-08
 4.0000E-02 3.1259E-01 -1.3707E-03 -7.1526E-07  4.5402E-09
 4.0000E-02 3.1368E-01 -1.5146E-03  5.7220E-06 -1.7229E-08
 4.0000E-02 3.1479E-01 -1.8015E-03  4.7684E-06  3.9581E-08
 4.0000E-02 3.1590E-01 -2.2357E-03  4.2915E-06 -6.4727E-08
 4.0000E-02 3.1702E-01 -2.8211E-03  1.9073E-06 -8.6380E-08
 4.0000E-02 3.1815E-01 -3.1718E-03  0.0000E+00  5.0757E-08
 4.0000E-02 3.1929E-01 -3.6966E-03  0.0000E+00  5.5647E-08
 4.0000E-02 3.2043E-01 -4.4761E-03 -5.0068E-06 -5.1223E-09
 4.0000E-02 3.2158E-01 -5.5186E-03  1.9073E-06  3.7719E-08
 4.0000E-02 3.2274E-01 -6.8322E-03 -2.6226E-06 -3.9581E-08
 4.0000E-02 3.2391E-01 -8.4255E-03  5.0068E-06  7.0781E-08
 4.0000E-02 3.2509E-01 -1.0307E-02 -3.3379E-06  1.5832E-08
 4.0000E-02 3.2628E-01 -1.2486E-02  2.6226E-06  6.5193E-09
 4.0000E-02 3.2747E-01 -1.5481E-02 -8.1062E-06 -9.1270E-08
 4.0000E-02 3.2868E-01 -1.8952E-02 -4.7684E-07  3.9116E-08
 4.0000E-02 3.2989E-01 -2.2892E-02 -9.5367E-07 -6.5193E-08
 4.0000E-02 3.3111E-01 -2.7305E-02  2.6226E-06 -3.3528E-08
 4.0000E-02 3.3234E-01 -3.2219E-02  5.7220E-06 -7.4506E-08
 4.0000E-02 3.3358E-01 -3.7638E-02 -4.7684E-07 -5.9605E-08
 4.0000E-02 3.3483E-01 -4.3582E-02 -7.1526E-07 -6.3330E-08
 4.0000E-02 3.3609E-01 -5.0293E-02 -9.5367E-07  7.4506E-09
 4.0000E-02 3.3736E-01 -5.7680E-02 -4.5300E-06  0.0000E+00
 4.0000E-02 3.3864E-01 -6.5530E-02  1.9073E-06  5.2154E-08
 4.0000E-02 3.3992E-01 -7.3842E-02 -5.2452E-06  2.2352E-08
 4.0000E-02 3.4122E-01 -8.2630E-02 -1.9073E-06 -4.4703E-08
 4.0000E-02 3.4253E-01 -9.1921E-02 -5.2452E-06  5.2154E-08
 4.0000E-02 3.4385E-01 -1.0171E-01 -4.5300E-06  7.4506E-09
 4.0000E-02 3.4517E-01 -1.1195E-01  1.4305E-06 -1.4901E-08
 4.0000E-02 3.4651E-01 -1.2246E-01 -3.5763E-06 -2.9802E-07
 4.0000E-02 3.4786E-01 -1.3323E-01  0.0000E+00 -1.4901E-07
 4.0000E-02 3.4922E-01 -1.4428E-01 -2.8610E-06  2.0862E-07
 4.0000E-02 3.5059E-01 -1.5563E-01  0.0000E+00  4.1723E-07
 4.0000E-02 3.5197E-01 -1.6726E-01 -5.2452E-06  8.9407E-08
 4.0000E-02 3.5336E-01 -1.7921E-01  5.7220E-06  2.9802E-08
 4.0000E-02 3.5476E-01 -1.9128E-01  1.6689E-06  2.9802E-08
 4.0000E-02 3.5618E-01 -2.0339E-01  5.2452E-06  4.4703E-08
 4.0000E-02 3.5760E-01 -2.1560E-01 -2.3842E-07  1.3411E-07
 4.0000E-02 3.5904E-01 -2.2790E-01 -1.4305E-06 -1.4901E-08
 4.0000E-02 3.6048E-01 -2.4030E-01 -2.8610E-06 -6.7055E-07
 4.0000E-02 3.6194E-01 -2.5279E-01 -1.9073E-06  0.0000E+00
 4.0000E-02 3.6341E-01 -2.6531E-01  1.9073E-06  0.0000E+00
 4.0000E-02 3.6490E-01 -2.7768E-01 -9.5367E-07  6.8545E-07
 4.0000E-02 3.6639E-01 -2.9004E-01 -2.3842E-07  2.6822E-07
 4.0000E-02 3.6790E-01 -3.0235E-01 -2.3842E-06 -4.1723E-07
 4.0000E-02 3.6942E-01 -3.1460E-01 -7.1526E-07  6.8545E-07
 4.0000E-02 3.7095E-01 -3.2681E-01  4.0531E-06 -2.9802E-08
 4.0000E-02 3.7250E-01 -3.3891E-01  4.7684E-06 -5.6624E-07
 4.0000E-02 3.7406E-01 -3.5084E-01  9.5367E-07  4.1723E-07
 4.0000E-02 3.7563E-01 -3.6268E-01 -1.6689E-06 -2.0862E-07
 4.0000E-02 3.7722E-01 -3.7438E-01 -4.7684E-07  2.2054E-06
 4.0000E-02 3.7881E-01 -3.8594E-01 -1.9073E-06  1.2219E-06
 4.0000E-02 3.8043E-01 -3.9735E-01  1.3828E-05  1.9372E-06
 4.0000E-02 3.8205E-01 -4.0855E-01 -6.1989E-06 -2.8610E-06
 4.0000E-02 3.8369E-01 -4.1955E-01  4.0531E-06  6.2585E-07
 4.0000E-02 3.8534E-01 -4.3038E-01  9.5367E-07 -6.2585E-07
 4.0000E-02 3.8701E-01 -4.4101E-01  8.3447E-06  1.1921E-07
 4.0000E-02 3.8870E-01 -4.5141E-01  9.2983E-06 -4.4703E-06
 4.0000E-02 3.9039E-01 -4.6153E-01  8.5831E-06  6.8545E-07
 4.0000E-02 3.9211E-01 -4.7138E-01 -2.8610E-06  2.1458E-06
 4.0000E-02 3.9383E-01 -4.8098E-01 -4.7684E-07 -7.7486E-07
 4.0000E-02 3.9558E-01 -4.9029E-01  2.3842E-07 -3.3677E-06
 4.0000E-02 3.9733E-01 -4.9926E-01 -5.2452E-06  1.2815E-06
 4.0000E-02 3.9911E-01 -5.0785E-01 -5.4836E-06  1.0729E-06
 4.0000E-02 4.0090E-01 -5.1604E-01 -4.2915E-06 -1.6093E-06
 4.0000E-02 4.0270E-01 -5.2386E-01  3.8147E-06  3.2187E-06
 4.0000E-02 4.0452E-01 -5.3126E-01  9.0599E-06  2.9802E-07
 4.0000E-02 4.0636E-01 -5.3818E-01  7.1526E-07  7.7486E-07
 4.0000E-02 4.0822E-01 -5.4456E-01  7.1526E-07  4.4107E-06
 4.0000E-02 4.1009E-01 -5.5038E-01  0.0000E+00 -1.1921E-06
 4.0000E-02 4.1198E-01 -5.5566E-01  4.5300E-06  2.0862E-06
 4.0000E-02 4.1389E-01 -5.6034E-01 -7.1526E-07 -4.7684E-07
 4.0000E-02 4.1581E-01 -5.6434E-01 -7.3910E-06 -5.3644E-07
 4.0000E-02 4.1776E-01 -5.6756E-01 -6.1989E-06  2.9802E-07
 4.0000E-02 4.1972E-01 -5.6999E-01  1.9789E-05  2.3842E-06
 4.0000E-02 4.2170E-01 -5.7161E-01 -2.3842E-07  2.1458E-06
 4.0000E-02 4.2370E-01 -5.7234E-01  4.2915E-06 -4.7684E-07
 4.0000E-02 4.2571E-01 -5.7202E-01 -6.1989E-06  0.0000E+00
 4.0000E-02 4.2775E-01 -5.7054E-01 -6.6757E-06  9.5367E-07
 4.0000E-02 4.2981E-01 -5.6790E-01 -5.2452E-06 -1.7881E-06
 4.0000E-02 4.3188E-01 -5.6397E-01  1.1921E-05 -5.9605E-07
 4.0000E-02 4.3398E-01 -5.5861E-01  2.6226E-06  1.2517E-06
 4.0000E-02 4.3610E-01 -5.5166E-01 -6.1989E-06 -6.5565E-07
 4.0000E-02 4.3824E-01 -5.4326E-01  1.4305E-06 -2.6822E-06
 4.0000E-02 4.4039E-01 -5.3319E-01 -1.8597E-05  8.3447E-07
 4.0000E-02 4.4257E-01 -5.2138E-01 -2.3842E-06 -1.6093E-06
 4.0000E-02 4.4478E-01 -5.0776E-01  2.3842E-06 -2.9802E-07
 4.0000E-02 4.4700E-01 -4.9251E-01 -1.0490E-05 -6.7353E-06
 4.0000E-02 4.4925E-01 -4.7529E-01  1.4782E-05 -5.6922E-06
 4.0000E-02 4.5152E-01 -4.5600E-01 -6.1989E-06 -1.3113E-06
 4.0000E-02 4.5381E-01 -4.3460E-01 -1.0490E-05 -2.1458E-06
 4.0000E-02 4.5612E-01 -4.1106E-01 -1.2398E-05  2.7716E-06
 4.0000E-02 4.5846E-01 -3.8520E-01  3.3379E-06 -9.5367E-07
 4.0000E-02 4.6082E-01 -3.5709E-01 -4.2915E-06 -2.4438E-06
 4.0000E-02 4.6321E-01 -3.2697E-01  8.5831E-06  1.6093E-06
 4.0000E-02 4.6563E-01 -2.9477E-01  0.0000E+00 -4.7684E-07
 4.0000E-02 4.6806E-01 -2.6053E-01  1.1444E-05 -6.8545E-07
 4.0000E-02 4.7053E-01 -2.2436E-01 -3.8147E-06 -4.4703E-08
 4.0000E-02 4.7302E-01 -1.8626E-01  1.0490E-05 -9.3877E-07
 4.0000E-02 4.7553E-01 -1.4571E-01  7.1526E-06  2.7418E-06
 4.0000E-02 4.7807E-01 -1.0233E-01 -5.7220E-06 -8.9407E-08
 4.0000E-02 4.8065E-01 -5.5570E-02  5.2452E-06 -3.6135E-07
 4.0000E-02 4.8324E-01 -4.5360E-03  5.7220E-06  8.5263E-07
 4.0000E-02 4.8587E-01  5.1885E-02  1.0014E-05 -1.5087E-06
 4.0000E-02 4.8852E-01  1.1473E-01 -1.0490E-05  6.7055E-07
 4.0000E-02 4.9121E-01  1.8524E-01 -2.8610E-06  2.9802E-08
 4.0000E-02 4.9392E-01  2.6490E-01 -5.7220E-06  6.5565E-07
 4.0000E-02 4.9667E-01  3.5467E-01 -1.0490E-05 -5.9605E-07
 4.0000E-02 4.9944E-01  4.5563E-01 -1.9550E-05  1.9073E-06
 4.0000E-02 5.0225E-01  5.6851E-01  4.7684E-06  5.8413E-06
 4.0000E-02 5.0508E-01  6.9289E-01  0.0000E+00  1.4305E-06
 4.0000E-02 5.0795E-01  8.2807E-01 -1.0490E-05  4.2319E-06
 4.0000E-02 5.1086E-01  9.7222E-01 -1.4305E-05 -1.1325E-06
 4.0000E-02 5.1379E-01  1.1220E+00  2.3842E-05  3.5763E-07
 4.0000E-02 5.1676E-01  1.2739E+00  4.7684E-06  9.5367E-07
 4.0000E-02 5.1977E-01  1.4240E+00  6.6757E-06 -1.0729E-06
 4.0000E-02 5.2281E-01  1.5679E+00 -1.4305E-05  1.3113E-06
 4.0000E-02 5.2588E-01  1.7027E+00  1.4782E-05  1.5855E-05
 4.0000E-02 5.2899E-01  1.8259E+00 -1.4305E-06 -2.3842E-07
 4.0000E-02 5.3214E-01  1.9362E+00 -2.3365E-05 -2.0266E-06
 4.0000E-02 5.3533E-01  2.0332E+00 -1.3828E-05  1.9073E-06
 4.0000E-02 5.3855E-01  2.1171E+00 -4.2915E-06  2.8610E-06
 4.0000E-02 5.4182E-01  2.1893E+00  9.5367E-06 -1.6689E-06
 4.0000E-02 5.4512E-01  2.2511E+00 -2.1935E-05  3.9577E-05
 4.0000E-02 5.4847E-01  2.3036E+00 -2.6226E-05  8.8215E-06
 4.0000E-02 5.5185E-01  2.3477E+00 -2.1458E-05  7.3910E-06
 4.0000E-02 5.5528E-01  2.3832E+00  5.7220E-06  1.8597E-05
 4.0000E-02 5.5875E-01  2.4101E+00 -3.3379E-06 -6.6757E-06
 4.0000E-02 5.6226E-01  2.4281E+00  1.0490E-05  2.3842E-06
 4.0000E-02 5.6582E-01  2.4369E+00  7.3910E-06  2.0981E-05
 4.0000E-02 5.6943E-01  2.4364E+00  4.3869E-05 -9.7752E-06
 4.0000E-02 5.7308E-01  2.4272E+00 -2.3127E-05  8.5831E-06
 4.0000E-02 5.7677E-01  2.4105E+00 -4.3869E-05  2.1458E-06
 4.0000E-02 5.8052E-01  2.3878E+00  3.0994E-06  3.0994E-05
 4.0000E-02 5.8431E-01  2.3609E+00 -5.2452E-06 -1.8835E-05
 4.0000E-02 5.8816E-01  2.3310E+00 -8.1062E-06  8.5831E-06
 4.0000E-02 5.9205E-01  2.2987E+00  8.5831E-06 -5.2452E-06
 4.0000E-02 5.9600E-01  2.2643E+00 -3.9339E-05 -9.0599E-06
 4.0000E-02 6.0000E-01  2.2282E+00  4.5538E-05  6.9141E-06
