 DDSCAT --- DDSCAT 7.3.3 [22.01.20]   
 TARGET --->TARGSPHER  spherical target with explicit spacing                 
 GPFAFT --- method of solution 
 GKDLDR --- prescription for polarizabilities
 FROM_FILE --- shape 
    4169 = NAT0 = number of dipoles
 ../../diel/Pena-Rioux_dielectric_26Au_74Ag                  
 ../../diel/Pena-Rioux_dielectric_85Au_15Ag                  
 ../../diel/Au_evap                                          
   0.000   0.000 = beta_min, beta_max ;  NBETA = 1
   0.000   0.000 = theta_min, theta_max; NTHETA= 1
   0.000   0.000 = phi_min, phi_max   ;   NPHI = 1
 Results averaged over    1 target orientations
                   and  2 incident polarizations
   aeff       wave       Q_pha       Q_pol       Q_cpol
 4.0000E-02 3.0000E-01 -1.1695E-02  4.0531E-06 -5.4948E-08
 4.0000E-02 3.0101E-01 -1.0539E-02  7.1526E-06 -3.4459E-08
 4.0000E-02 3.0203E-01 -1.0119E-02 -5.4836E-06  5.9605E-08
 4.0000E-02 3.0305E-01 -9.8778E-03 -1.9073E-06 -3.0734E-08
 4.0000E-02 3.0408E-01 -9.8214E-03  4.2915E-06 -8.2888E-08
 4.0000E-02 3.0512E-01 -9.9602E-03  1.9073E-06  2.7008E-08
 4.0000E-02 3.0616E-01 -1.0297E-02  5.7220E-06  4.1910E-08
 4.0000E-02 3.0722E-01 -1.0840E-02  4.7684E-07  8.3819E-09
 4.0000E-02 3.0828E-01 -1.1567E-02 -1.9073E-06  7.7300E-08
 4.0000E-02 3.0934E-01 -1.2375E-02 -9.2983E-06 -3.2596E-08
 4.0000E-02 3.1042E-01 -1.3333E-02 -7.1526E-07  8.6613E-08
 4.0000E-02 3.1150E-01 -1.3880E-02  4.7684E-07  1.3970E-08
 4.0000E-02 3.1259E-01 -1.4419E-02 -1.1921E-06 -2.8871E-08
 4.0000E-02 3.1368E-01 -1.5162E-02 -1.4305E-06  3.6322E-08
 4.0000E-02 3.1479E-01 -1.6114E-02 -4.0531E-06  7.2643E-08
 4.0000E-02 3.1590E-01 -1.7283E-02  2.3842E-06 -2.9802E-08
 4.0000E-02 3.1702E-01 -1.8674E-02 -2.8610E-06 -3.3528E-08
 4.0000E-02 3.1815E-01 -1.9894E-02  7.1526E-07 -2.4214E-08
 4.0000E-02 3.1929E-01 -2.1362E-02 -1.9073E-06  3.1665E-08
 4.0000E-02 3.2043E-01 -2.3175E-02 -1.9073E-06  1.1176E-08
 4.0000E-02 3.2158E-01 -2.6550E-02 -1.4305E-06  1.3039E-08
 4.0000E-02 3.2274E-01 -3.0158E-02 -7.1526E-07 -1.4901E-08
 4.0000E-02 3.2391E-01 -3.4023E-02 -9.5367E-07 -1.1176E-08
 4.0000E-02 3.2509E-01 -3.8153E-02 -3.0994E-06  1.2666E-07
 4.0000E-02 3.2628E-01 -4.2558E-02  1.6689E-06  4.0978E-08
 4.0000E-02 3.2747E-01 -4.7746E-02  7.1526E-07 -1.0803E-07
 4.0000E-02 3.2868E-01 -5.3357E-02  9.5367E-07  1.1176E-08
 4.0000E-02 3.2989E-01 -5.9380E-02 -3.0994E-06  5.9605E-08
 4.0000E-02 3.3111E-01 -6.5827E-02 -5.0068E-06  1.2666E-07
 4.0000E-02 3.3234E-01 -7.1999E-02  0.0000E+00  5.2154E-08
 4.0000E-02 3.3358E-01 -7.8178E-02  3.3379E-06  2.9802E-08
 4.0000E-02 3.3483E-01 -8.4695E-02  2.8610E-06  1.4901E-08
 4.0000E-02 3.3609E-01 -9.1687E-02 -7.1526E-06 -2.9802E-08
 4.0000E-02 3.3736E-01 -9.9089E-02 -3.8147E-06  8.9407E-08
 4.0000E-02 3.3864E-01 -1.0668E-01 -6.4373E-06  5.2154E-08
 4.0000E-02 3.3992E-01 -1.1450E-01 -4.0531E-06  5.9605E-08
 4.0000E-02 3.4122E-01 -1.2253E-01  6.9141E-06  1.7136E-07
 4.0000E-02 3.4253E-01 -1.3077E-01  1.1921E-06 -1.4901E-08
 4.0000E-02 3.4385E-01 -1.3915E-01  7.1526E-06  1.3411E-07
 4.0000E-02 3.4517E-01 -1.4781E-01 -4.5300E-06  5.8115E-07
 4.0000E-02 3.4651E-01 -1.5656E-01 -2.3842E-06 -1.4901E-07
 4.0000E-02 3.4786E-01 -1.6551E-01 -6.6757E-06 -1.6391E-07
 4.0000E-02 3.4922E-01 -1.7465E-01  4.7684E-07  7.4506E-08
 4.0000E-02 3.5059E-01 -1.8401E-01 -2.3842E-07 -2.5332E-07
 4.0000E-02 3.5197E-01 -1.9358E-01 -1.9073E-06 -2.0862E-07
 4.0000E-02 3.5336E-01 -2.0337E-01 -1.4305E-06 -1.4901E-08
 4.0000E-02 3.5476E-01 -2.1350E-01  0.0000E+00 -1.1921E-07
 4.0000E-02 3.5618E-01 -2.2403E-01 -3.5763E-06 -1.3411E-07
 4.0000E-02 3.5760E-01 -2.3468E-01  2.3842E-07 -1.1921E-07
 4.0000E-02 3.5904E-01 -2.4547E-01  3.8147E-06  1.4901E-07
 4.0000E-02 3.6048E-01 -2.5640E-01  1.6689E-06 -2.6822E-07
 4.0000E-02 3.6194E-01 -2.6747E-01  7.1526E-07 -1.7881E-07
 4.0000E-02 3.6341E-01 -2.7866E-01 -2.3842E-07  0.0000E+00
 4.0000E-02 3.6490E-01 -2.8989E-01  5.7220E-06 -7.4506E-07
 4.0000E-02 3.6639E-01 -3.0120E-01  0.0000E+00 -5.0664E-07
 4.0000E-02 3.6790E-01 -3.1258E-01  3.8147E-06 -2.6822E-07
 4.0000E-02 3.6942E-01 -3.2392E-01  2.8610E-06  5.6624E-07
 4.0000E-02 3.7095E-01 -3.3525E-01 -6.9141E-06 -7.1526E-07
 4.0000E-02 3.7250E-01 -3.4657E-01  1.6689E-06 -1.7881E-07
 4.0000E-02 3.7406E-01 -3.5778E-01 -9.5367E-06 -8.6427E-07
 4.0000E-02 3.7563E-01 -3.6896E-01  5.0068E-06  8.9407E-08
 4.0000E-02 3.7722E-01 -3.8006E-01 -6.4373E-06  1.1921E-07
 4.0000E-02 3.7881E-01 -3.9107E-01  2.1458E-06 -1.6093E-06
 4.0000E-02 3.8043E-01 -4.0199E-01  1.4305E-06  8.6427E-07
 4.0000E-02 3.8205E-01 -4.1261E-01  1.4305E-06 -2.8908E-06
 4.0000E-02 3.8369E-01 -4.2279E-01 -4.7684E-06 -1.9073E-06
 4.0000E-02 3.8534E-01 -4.3292E-01 -5.9605E-06  1.1921E-06
 4.0000E-02 3.8701E-01 -4.4294E-01 -2.6226E-06 -4.0233E-06
 4.0000E-02 3.8870E-01 -4.5285E-01  1.3590E-05  1.5199E-06
 4.0000E-02 3.9039E-01 -4.6260E-01  8.5831E-06  1.3113E-06
 4.0000E-02 3.9211E-01 -4.7217E-01 -9.0599E-06 -2.5332E-06
 4.0000E-02 3.9383E-01 -4.8156E-01  1.0014E-05 -2.3246E-06
 4.0000E-02 3.9558E-01 -4.9074E-01 -4.5300E-06  1.2517E-06
 4.0000E-02 3.9733E-01 -4.9966E-01  5.4836E-06  1.1921E-07
 4.0000E-02 3.9911E-01 -5.0869E-01 -1.1683E-05 -2.0862E-06
 4.0000E-02 4.0090E-01 -5.1742E-01  1.9073E-06 -2.9802E-07
 4.0000E-02 4.0270E-01 -5.2582E-01  1.9073E-06  1.4305E-06
 4.0000E-02 4.0452E-01 -5.3383E-01 -1.1921E-06  4.1723E-07
 4.0000E-02 4.0636E-01 -5.4138E-01 -1.4305E-06  1.4305E-06
 4.0000E-02 4.0822E-01 -5.4840E-01  3.0994E-06 -1.1921E-07
 4.0000E-02 4.1009E-01 -5.5486E-01 -5.7220E-06 -2.2054E-06
 4.0000E-02 4.1198E-01 -5.6071E-01  1.9073E-06  1.0729E-06
 4.0000E-02 4.1389E-01 -5.6569E-01 -3.3379E-06  2.9802E-07
 4.0000E-02 4.1581E-01 -5.6954E-01 -9.0599E-06 -4.7684E-07
 4.0000E-02 4.1776E-01 -5.7258E-01 -2.3842E-07  1.0133E-06
 4.0000E-02 4.1972E-01 -5.7475E-01 -4.7684E-06 -1.9073E-06
 4.0000E-02 4.2170E-01 -5.7595E-01 -2.3842E-07 -2.3842E-07
 4.0000E-02 4.2370E-01 -5.7606E-01 -2.3842E-06  1.4901E-06
 4.0000E-02 4.2571E-01 -5.7493E-01  5.4836E-06  2.9206E-06
 4.0000E-02 4.2775E-01 -5.7242E-01 -5.4836E-06 -2.4438E-06
 4.0000E-02 4.2981E-01 -5.6842E-01 -1.4305E-06  2.5630E-06
 4.0000E-02 4.3188E-01 -5.6320E-01 -7.3910E-06  1.0133E-06
 4.0000E-02 4.3398E-01 -5.5637E-01  8.5831E-06  1.5497E-06
 4.0000E-02 4.3610E-01 -5.4760E-01  1.6212E-05  7.7486E-07
 4.0000E-02 4.3824E-01 -5.3682E-01 -9.0599E-06  5.9605E-07
 4.0000E-02 4.4039E-01 -5.2405E-01 -5.2452E-06 -3.6955E-06
 4.0000E-02 4.4257E-01 -5.0923E-01 -4.7684E-07 -1.7285E-06
 4.0000E-02 4.4478E-01 -4.9231E-01 -3.8147E-06  2.0564E-06
 4.0000E-02 4.4700E-01 -4.7334E-01  6.1989E-06  2.6524E-06
 4.0000E-02 4.4925E-01 -4.5230E-01  4.2915E-06  8.0466E-07
 4.0000E-02 4.5152E-01 -4.2897E-01  3.8147E-06  1.4901E-07
 4.0000E-02 4.5381E-01 -4.0306E-01 -1.8120E-05 -8.4043E-06
 4.0000E-02 4.5612E-01 -3.7484E-01 -2.8610E-06  5.8115E-06
 4.0000E-02 4.5846E-01 -3.4417E-01  4.7684E-07  0.0000E+00
 4.0000E-02 4.6082E-01 -3.1096E-01  1.0490E-05  2.6822E-06
 4.0000E-02 4.6321E-01 -2.7518E-01 -1.4305E-06 -1.0431E-06
 4.0000E-02 4.6563E-01 -2.3684E-01  6.6757E-06  3.0696E-06
 4.0000E-02 4.6806E-01 -1.9596E-01 -9.5367E-06 -2.4289E-06
 4.0000E-02 4.7053E-01 -1.5261E-01  1.1921E-05 -4.8876E-06
 4.0000E-02 4.7302E-01 -1.0834E-01 -8.5831E-06 -2.4959E-06
 4.0000E-02 4.7553E-01 -6.2393E-02 -5.2452E-06 -2.9430E-07
 4.0000E-02 4.7807E-01 -1.4109E-02  1.0967E-05 -4.5337E-06
 4.0000E-02 4.8065E-01  3.6333E-02 -9.5367E-07  3.3639E-06
 4.0000E-02 4.8324E-01  8.8798E-02  8.5831E-06 -1.7434E-06
 4.0000E-02 4.8587E-01  1.4315E-01  4.2915E-06 -8.1658E-06
 4.0000E-02 4.8852E-01  1.9925E-01 -5.7220E-06  2.2948E-06
 4.0000E-02 4.9121E-01  2.5702E-01  1.6689E-05  7.0035E-06
 4.0000E-02 4.9392E-01  3.1652E-01  1.0967E-05  1.8179E-06
 4.0000E-02 4.9667E-01  3.7809E-01  6.1989E-06 -3.5167E-06
 4.0000E-02 4.9944E-01  4.4368E-01 -7.1526E-06 -3.0696E-06
 4.0000E-02 5.0225E-01  5.1445E-01 -7.1526E-06  2.4438E-06
 4.0000E-02 5.0508E-01  5.9153E-01  1.2398E-05 -1.0729E-06
 4.0000E-02 5.0795E-01  6.7619E-01 -2.8610E-06 -3.6955E-06
 4.0000E-02 5.1086E-01  7.6961E-01 -2.2411E-05  5.7220E-06
 4.0000E-02 5.1379E-01  8.7290E-01  2.2888E-05 -1.7881E-07
 4.0000E-02 5.1676E-01  9.8686E-01 -3.8147E-06 -6.4373E-06
 4.0000E-02 5.1977E-01  1.1116E+00 -9.0599E-06 -6.6757E-06
 4.0000E-02 5.2281E-01  1.2440E+00  5.2452E-05 -6.4373E-06
 4.0000E-02 5.2588E-01  1.3769E+00 -1.8597E-05  3.8147E-06
 4.0000E-02 5.2899E-01  1.5077E+00 -1.9073E-06 -8.9407E-06
 4.0000E-02 5.3214E-01  1.6341E+00  1.1921E-05 -1.7881E-06
 4.0000E-02 5.3533E-01  1.7536E+00 -2.3365E-05 -1.5497E-06
 4.0000E-02 5.3855E-01  1.8645E+00 -2.8610E-06  2.7418E-06
 4.0000E-02 5.4182E-01  1.9655E+00 -5.7220E-06  2.9802E-06
 4.0000E-02 5.4512E-01  2.0554E+00  5.7220E-06 -2.3842E-06
 4.0000E-02 5.4847E-01  2.1336E+00  7.6294E-06 -1.0014E-05
 4.0000E-02 5.5185E-01  2.2010E+00  1.1444E-05 -8.1062E-06
 4.0000E-02 5.5528E-01  2.2577E+00  1.9073E-06 -3.0994E-06
 4.0000E-02 5.5875E-01  2.3038E+00  8.5831E-06 -9.0599E-06
 4.0000E-02 5.6226E-01  2.3395E+00 -4.7684E-07 -3.3379E-06
 4.0000E-02 5.6582E-01  2.3653E+00  7.6294E-06 -9.0599E-06
 4.0000E-02 5.6943E-01  2.3819E+00  1.9312E-05  6.6757E-06
 4.0000E-02 5.7308E-01  2.3904E+00 -1.4782E-05 -8.8215E-06
 4.0000E-02 5.7677E-01  2.3917E+00  1.6689E-06  5.0068E-06
 4.0000E-02 5.8052E-01  2.3869E+00 -4.5776E-05 -3.8147E-06
 4.0000E-02 5.8431E-01  2.3759E+00  2.2888E-05  1.9073E-06
 4.0000E-02 5.8816E-01  2.3592E+00 -1.8597E-05  4.5300E-06
 4.0000E-02 5.9205E-01  2.3376E+00 -1.7881E-05 -3.3379E-06
 4.0000E-02 5.9600E-01  2.3117E+00  1.4305E-06 -2.6226E-06
 4.0000E-02 6.0000E-01  2.2822E+00  5.0068E-06  7.1526E-07
