 DDSCAT --- DDSCAT 7.3.3 [22.01.20]   
 TARGET --->TARGSPHER  spherical target with explicit spacing                 
 GPFAFT --- method of solution 
 GKDLDR --- prescription for polarizabilities
 FROM_FILE --- shape 
   33401 = NAT0 = number of dipoles
 ../diel/Pena26Au74Ag                                        
 ../diel/Pena85Au15Ag                                        
   0.000   0.000 = beta_min, beta_max ;  NBETA = 1
   0.000   0.000 = theta_min, theta_max; NTHETA= 1
   0.000   0.000 = phi_min, phi_max   ;   NPHI = 1
 Results averaged over    1 target orientations
                   and  1 incident polarizations
   aeff       wave      Q_pha
 1.0000E-03 3.0000E-01  2.1787E-02
 1.0000E-03 3.0151E-01  2.1482E-02
 1.0000E-03 3.0302E-01  2.1172E-02
 1.0000E-03 3.0452E-01  2.0855E-02
 1.0000E-03 3.0603E-01  2.0533E-02
 1.0000E-03 3.0754E-01  2.0204E-02
 1.0000E-03 3.0905E-01  1.9891E-02
 1.0000E-03 3.1055E-01  1.9584E-02
 1.0000E-03 3.1206E-01  1.9271E-02
 1.0000E-03 3.1357E-01  1.8954E-02
 1.0000E-03 3.1508E-01  1.8632E-02
 1.0000E-03 3.1658E-01  1.8303E-02
 1.0000E-03 3.1809E-01  1.7970E-02
 1.0000E-03 3.1960E-01  1.7625E-02
 1.0000E-03 3.2111E-01  1.7264E-02
 1.0000E-03 3.2261E-01  1.6888E-02
 1.0000E-03 3.2412E-01  1.6497E-02
 1.0000E-03 3.2563E-01  1.6089E-02
 1.0000E-03 3.2714E-01  1.5639E-02
 1.0000E-03 3.2864E-01  1.5152E-02
 1.0000E-03 3.3015E-01  1.4653E-02
 1.0000E-03 3.3166E-01  1.4139E-02
 1.0000E-03 3.3317E-01  1.3610E-02
 1.0000E-03 3.3467E-01  1.3065E-02
 1.0000E-03 3.3618E-01  1.2505E-02
 1.0000E-03 3.3769E-01  1.1946E-02
 1.0000E-03 3.3920E-01  1.1385E-02
 1.0000E-03 3.4070E-01  1.0821E-02
 1.0000E-03 3.4221E-01  1.0255E-02
 1.0000E-03 3.4372E-01  9.6837E-03
 1.0000E-03 3.4523E-01  9.1149E-03
 1.0000E-03 3.4673E-01  8.5624E-03
 1.0000E-03 3.4824E-01  8.0177E-03
 1.0000E-03 3.4975E-01  7.4803E-03
 1.0000E-03 3.5126E-01  6.9499E-03
 1.0000E-03 3.5276E-01  6.4262E-03
 1.0000E-03 3.5427E-01  5.9131E-03
 1.0000E-03 3.5578E-01  5.4197E-03
 1.0000E-03 3.5729E-01  4.9403E-03
 1.0000E-03 3.5879E-01  4.4754E-03
 1.0000E-03 3.6030E-01  4.0259E-03
 1.0000E-03 3.6181E-01  3.5926E-03
 1.0000E-03 3.6332E-01  3.1793E-03
 1.0000E-03 3.6482E-01  2.7921E-03
 1.0000E-03 3.6633E-01  2.4257E-03
 1.0000E-03 3.6784E-01  2.0819E-03
 1.0000E-03 3.6935E-01  1.7630E-03
 1.0000E-03 3.7085E-01  1.4711E-03
 1.0000E-03 3.7236E-01  1.2098E-03
 1.0000E-03 3.7387E-01  9.8152E-04
 1.0000E-03 3.7538E-01  7.8362E-04
 1.0000E-03 3.7688E-01  6.1923E-04
 1.0000E-03 3.7839E-01  4.9180E-04
 1.0000E-03 3.7990E-01  4.0525E-04
 1.0000E-03 3.8141E-01  3.6374E-04
 1.0000E-03 3.8291E-01  3.6657E-04
 1.0000E-03 3.8442E-01  4.1428E-04
 1.0000E-03 3.8593E-01  5.1130E-04
 1.0000E-03 3.8744E-01  6.6237E-04
 1.0000E-03 3.8894E-01  8.7265E-04
 1.0000E-03 3.9045E-01  1.1474E-03
 1.0000E-03 3.9196E-01  1.4843E-03
 1.0000E-03 3.9347E-01  1.8861E-03
 1.0000E-03 3.9497E-01  2.3580E-03
 1.0000E-03 3.9648E-01  2.9055E-03
 1.0000E-03 3.9799E-01  3.5341E-03
 1.0000E-03 3.9950E-01  4.2493E-03
 1.0000E-03 4.0101E-01  5.0478E-03
 1.0000E-03 4.0251E-01  5.9329E-03
 1.0000E-03 4.0402E-01  6.9093E-03
 1.0000E-03 4.0553E-01  7.9811E-03
 1.0000E-03 4.0704E-01  9.1524E-03
 1.0000E-03 4.0854E-01  1.0426E-02
 1.0000E-03 4.1005E-01  1.1797E-02
 1.0000E-03 4.1156E-01  1.3267E-02
 1.0000E-03 4.1307E-01  1.4837E-02
 1.0000E-03 4.1457E-01  1.6507E-02
 1.0000E-03 4.1608E-01  1.8276E-02
 1.0000E-03 4.1759E-01  2.0140E-02
 1.0000E-03 4.1910E-01  2.2089E-02
 1.0000E-03 4.2060E-01  2.4121E-02
 1.0000E-03 4.2211E-01  2.6231E-02
 1.0000E-03 4.2362E-01  2.8411E-02
 1.0000E-03 4.2513E-01  3.0649E-02
 1.0000E-03 4.2663E-01  3.2936E-02
 1.0000E-03 4.2814E-01  3.5252E-02
 1.0000E-03 4.2965E-01  3.7592E-02
 1.0000E-03 4.3116E-01  3.9943E-02
 1.0000E-03 4.3266E-01  4.2290E-02
 1.0000E-03 4.3417E-01  4.4617E-02
 1.0000E-03 4.3568E-01  4.6907E-02
 1.0000E-03 4.3719E-01  4.9147E-02
 1.0000E-03 4.3869E-01  5.1330E-02
 1.0000E-03 4.4020E-01  5.3444E-02
 1.0000E-03 4.4171E-01  5.5477E-02
 1.0000E-03 4.4322E-01  5.7422E-02
 1.0000E-03 4.4472E-01  5.9269E-02
 1.0000E-03 4.4623E-01  6.1022E-02
 1.0000E-03 4.4774E-01  6.2682E-02
 1.0000E-03 4.4925E-01  6.4244E-02
 1.0000E-03 4.5075E-01  6.5710E-02
 1.0000E-03 4.5226E-01  6.7081E-02
 1.0000E-03 4.5377E-01  6.8361E-02
 1.0000E-03 4.5528E-01  6.9563E-02
 1.0000E-03 4.5678E-01  7.0690E-02
 1.0000E-03 4.5829E-01  7.1743E-02
 1.0000E-03 4.5980E-01  7.2729E-02
 1.0000E-03 4.6131E-01  7.3651E-02
 1.0000E-03 4.6281E-01  7.4516E-02
 1.0000E-03 4.6432E-01  7.5331E-02
 1.0000E-03 4.6583E-01  7.6093E-02
 1.0000E-03 4.6734E-01  7.6802E-02
 1.0000E-03 4.6884E-01  7.7460E-02
 1.0000E-03 4.7035E-01  7.8067E-02
 1.0000E-03 4.7186E-01  7.8626E-02
 1.0000E-03 4.7337E-01  7.9133E-02
 1.0000E-03 4.7487E-01  7.9580E-02
 1.0000E-03 4.7638E-01  7.9967E-02
 1.0000E-03 4.7789E-01  8.0290E-02
 1.0000E-03 4.7940E-01  8.0548E-02
 1.0000E-03 4.8090E-01  8.0742E-02
 1.0000E-03 4.8241E-01  8.0866E-02
 1.0000E-03 4.8392E-01  8.0915E-02
 1.0000E-03 4.8543E-01  8.0891E-02
 1.0000E-03 4.8693E-01  8.0796E-02
 1.0000E-03 4.8844E-01  8.0632E-02
 1.0000E-03 4.8995E-01  8.0400E-02
 1.0000E-03 4.9146E-01  8.0102E-02
 1.0000E-03 4.9296E-01  7.9740E-02
 1.0000E-03 4.9447E-01  7.9321E-02
 1.0000E-03 4.9598E-01  7.8850E-02
 1.0000E-03 4.9749E-01  7.8331E-02
 1.0000E-03 4.9900E-01  7.7769E-02
 1.0000E-03 5.0050E-01  7.7169E-02
 1.0000E-03 5.0201E-01  7.6537E-02
 1.0000E-03 5.0352E-01  7.5879E-02
 1.0000E-03 5.0503E-01  7.5199E-02
 1.0000E-03 5.0653E-01  7.4503E-02
 1.0000E-03 5.0804E-01  7.3793E-02
 1.0000E-03 5.0955E-01  7.3073E-02
 1.0000E-03 5.1106E-01  7.2348E-02
 1.0000E-03 5.1256E-01  7.1621E-02
 1.0000E-03 5.1407E-01  7.0894E-02
 1.0000E-03 5.1558E-01  7.0170E-02
 1.0000E-03 5.1709E-01  6.9449E-02
 1.0000E-03 5.1859E-01  6.8732E-02
 1.0000E-03 5.2010E-01  6.8023E-02
 1.0000E-03 5.2161E-01  6.7322E-02
 1.0000E-03 5.2312E-01  6.6630E-02
 1.0000E-03 5.2462E-01  6.5946E-02
 1.0000E-03 5.2613E-01  6.5271E-02
 1.0000E-03 5.2764E-01  6.4606E-02
 1.0000E-03 5.2915E-01  6.3953E-02
 1.0000E-03 5.3065E-01  6.3310E-02
 1.0000E-03 5.3216E-01  6.2678E-02
 1.0000E-03 5.3367E-01  6.2058E-02
 1.0000E-03 5.3518E-01  6.1449E-02
 1.0000E-03 5.3668E-01  6.0852E-02
 1.0000E-03 5.3819E-01  6.0267E-02
 1.0000E-03 5.3970E-01  5.9694E-02
 1.0000E-03 5.4121E-01  5.9133E-02
 1.0000E-03 5.4271E-01  5.8584E-02
 1.0000E-03 5.4422E-01  5.8047E-02
 1.0000E-03 5.4573E-01  5.7521E-02
 1.0000E-03 5.4724E-01  5.7008E-02
 1.0000E-03 5.4874E-01  5.6506E-02
 1.0000E-03 5.5025E-01  5.6015E-02
 1.0000E-03 5.5176E-01  5.5535E-02
 1.0000E-03 5.5327E-01  5.5066E-02
 1.0000E-03 5.5477E-01  5.4607E-02
 1.0000E-03 5.5628E-01  5.4158E-02
 1.0000E-03 5.5779E-01  5.3719E-02
 1.0000E-03 5.5930E-01  5.3289E-02
 1.0000E-03 5.6080E-01  5.2867E-02
 1.0000E-03 5.6231E-01  5.2454E-02
 1.0000E-03 5.6382E-01  5.2050E-02
 1.0000E-03 5.6533E-01  5.1652E-02
 1.0000E-03 5.6683E-01  5.1262E-02
 1.0000E-03 5.6834E-01  5.0879E-02
 1.0000E-03 5.6985E-01  5.0503E-02
 1.0000E-03 5.7136E-01  5.0134E-02
 1.0000E-03 5.7286E-01  4.9771E-02
 1.0000E-03 5.7437E-01  4.9413E-02
 1.0000E-03 5.7588E-01  4.9062E-02
 1.0000E-03 5.7739E-01  4.8716E-02
 1.0000E-03 5.7889E-01  4.8375E-02
 1.0000E-03 5.8040E-01  4.8040E-02
 1.0000E-03 5.8191E-01  4.7710E-02
 1.0000E-03 5.8342E-01  4.7385E-02
 1.0000E-03 5.8492E-01  4.7065E-02
 1.0000E-03 5.8643E-01  4.6749E-02
 1.0000E-03 5.8794E-01  4.6438E-02
 1.0000E-03 5.8945E-01  4.6132E-02
 1.0000E-03 5.9095E-01  4.5831E-02
 1.0000E-03 5.9246E-01  4.5533E-02
 1.0000E-03 5.9397E-01  4.5241E-02
 1.0000E-03 5.9548E-01  4.4953E-02
 1.0000E-03 5.9698E-01  4.4670E-02
 1.0000E-03 5.9849E-01  4.4391E-02
 1.0000E-03 6.0000E-01  4.4116E-02
