 DDSCAT --- DDSCAT 7.3.3 [22.01.20]   
 TARGET --->TARGSPHER  spherical target with explicit spacing                 
 GPFAFT --- method of solution 
 GKDLDR --- prescription for polarizabilities
 FROM_FILE --- shape 
  267761 = NAT0 = number of dipoles
 ../diel/Pena26Au74Ag                                        
 ../diel/Pena52Au48Ag                                        
 ../diel/Au_evap                                             
   0.000   0.000 = beta_min, beta_max ;  NBETA = 1
   0.000   0.000 = theta_min, theta_max; NTHETA= 1
   0.000   0.000 = phi_min, phi_max   ;   NPHI = 1
 Results averaged over    1 target orientations
                   and  1 incident polarizations
   aeff       wave      Q_pha
 1.0000E-03 3.0000E-01  2.1666E-02
 1.0000E-03 3.0151E-01  2.1318E-02
 1.0000E-03 3.0302E-01  2.0951E-02
 1.0000E-03 3.0452E-01  2.0580E-02
 1.0000E-03 3.0603E-01  2.0196E-02
 1.0000E-03 3.0754E-01  1.9809E-02
 1.0000E-03 3.0905E-01  1.9433E-02
 1.0000E-03 3.1055E-01  1.9065E-02
 1.0000E-03 3.1206E-01  1.8724E-02
 1.0000E-03 3.1357E-01  1.8371E-02
 1.0000E-03 3.1508E-01  1.8010E-02
 1.0000E-03 3.1658E-01  1.7642E-02
 1.0000E-03 3.1809E-01  1.7263E-02
 1.0000E-03 3.1960E-01  1.6867E-02
 1.0000E-03 3.2111E-01  1.6431E-02
 1.0000E-03 3.2261E-01  1.5953E-02
 1.0000E-03 3.2412E-01  1.5461E-02
 1.0000E-03 3.2563E-01  1.4953E-02
 1.0000E-03 3.2714E-01  1.4399E-02
 1.0000E-03 3.2864E-01  1.3812E-02
 1.0000E-03 3.3015E-01  1.3213E-02
 1.0000E-03 3.3166E-01  1.2604E-02
 1.0000E-03 3.3317E-01  1.2016E-02
 1.0000E-03 3.3467E-01  1.1419E-02
 1.0000E-03 3.3618E-01  1.0821E-02
 1.0000E-03 3.3769E-01  1.0236E-02
 1.0000E-03 3.3920E-01  9.6593E-03
 1.0000E-03 3.4070E-01  9.0922E-03
 1.0000E-03 3.4221E-01  8.5312E-03
 1.0000E-03 3.4372E-01  7.9782E-03
 1.0000E-03 3.4523E-01  7.4379E-03
 1.0000E-03 3.4673E-01  6.9224E-03
 1.0000E-03 3.4824E-01  6.4190E-03
 1.0000E-03 3.4975E-01  5.9275E-03
 1.0000E-03 3.5126E-01  5.4477E-03
 1.0000E-03 3.5276E-01  4.9798E-03
 1.0000E-03 3.5427E-01  4.5256E-03
 1.0000E-03 3.5578E-01  4.0782E-03
 1.0000E-03 3.5729E-01  3.6442E-03
 1.0000E-03 3.5879E-01  3.2246E-03
 1.0000E-03 3.6030E-01  2.8203E-03
 1.0000E-03 3.6181E-01  2.4319E-03
 1.0000E-03 3.6332E-01  2.0616E-03
 1.0000E-03 3.6482E-01  1.7114E-03
 1.0000E-03 3.6633E-01  1.3795E-03
 1.0000E-03 3.6784E-01  1.0676E-03
 1.0000E-03 3.6935E-01  7.8289E-04
 1.0000E-03 3.7085E-01  5.2318E-04
 1.0000E-03 3.7236E-01  2.9138E-04
 1.0000E-03 3.7387E-01  8.8788E-05
 1.0000E-03 3.7538E-01 -8.5791E-05
 1.0000E-03 3.7688E-01 -2.2927E-04
 1.0000E-03 3.7839E-01 -3.3860E-04
 1.0000E-03 3.7990E-01 -4.1002E-04
 1.0000E-03 3.8141E-01 -4.3948E-04
 1.0000E-03 3.8291E-01 -4.2250E-04
 1.0000E-03 3.8442E-01 -3.6581E-04
 1.0000E-03 3.8593E-01 -2.6580E-04
 1.0000E-03 3.8744E-01 -1.1797E-04
 1.0000E-03 3.8894E-01  8.2626E-05
 1.0000E-03 3.9045E-01  3.4073E-04
 1.0000E-03 3.9196E-01  6.5237E-04
 1.0000E-03 3.9347E-01  1.0262E-03
 1.0000E-03 3.9497E-01  1.4679E-03
 1.0000E-03 3.9648E-01  1.9832E-03
 1.0000E-03 3.9799E-01  2.5759E-03
 1.0000E-03 3.9950E-01  3.2524E-03
 1.0000E-03 4.0101E-01  4.0141E-03
 1.0000E-03 4.0251E-01  4.8748E-03
 1.0000E-03 4.0402E-01  5.8416E-03
 1.0000E-03 4.0553E-01  6.9211E-03
 1.0000E-03 4.0704E-01  8.1195E-03
 1.0000E-03 4.0854E-01  9.4428E-03
 1.0000E-03 4.1005E-01  1.0898E-02
 1.0000E-03 4.1156E-01  1.2491E-02
 1.0000E-03 4.1307E-01  1.4225E-02
 1.0000E-03 4.1457E-01  1.6102E-02
 1.0000E-03 4.1608E-01  1.8122E-02
 1.0000E-03 4.1759E-01  2.0285E-02
 1.0000E-03 4.1910E-01  2.2600E-02
 1.0000E-03 4.2060E-01  2.5054E-02
 1.0000E-03 4.2211E-01  2.7641E-02
 1.0000E-03 4.2362E-01  3.0353E-02
 1.0000E-03 4.2513E-01  3.3178E-02
 1.0000E-03 4.2663E-01  3.6105E-02
 1.0000E-03 4.2814E-01  3.9119E-02
 1.0000E-03 4.2965E-01  4.2184E-02
 1.0000E-03 4.3116E-01  4.5295E-02
 1.0000E-03 4.3266E-01  4.8436E-02
 1.0000E-03 4.3417E-01  5.1558E-02
 1.0000E-03 4.3568E-01  5.4629E-02
 1.0000E-03 4.3719E-01  5.7612E-02
 1.0000E-03 4.3869E-01  6.0478E-02
 1.0000E-03 4.4020E-01  6.3203E-02
 1.0000E-03 4.4171E-01  6.5774E-02
 1.0000E-03 4.4322E-01  6.8171E-02
 1.0000E-03 4.4472E-01  7.0372E-02
 1.0000E-03 4.4623E-01  7.2377E-02
 1.0000E-03 4.4774E-01  7.4167E-02
 1.0000E-03 4.4925E-01  7.5754E-02
 1.0000E-03 4.5075E-01  7.7142E-02
 1.0000E-03 4.5226E-01  7.8241E-02
 1.0000E-03 4.5377E-01  7.9168E-02
 1.0000E-03 4.5528E-01  7.9917E-02
 1.0000E-03 4.5678E-01  8.0520E-02
 1.0000E-03 4.5829E-01  8.0982E-02
 1.0000E-03 4.5980E-01  8.1312E-02
 1.0000E-03 4.6131E-01  8.1525E-02
 1.0000E-03 4.6281E-01  8.1622E-02
 1.0000E-03 4.6432E-01  8.1615E-02
 1.0000E-03 4.6583E-01  8.1531E-02
 1.0000E-03 4.6734E-01  8.1367E-02
 1.0000E-03 4.6884E-01  8.1131E-02
 1.0000E-03 4.7035E-01  8.0838E-02
 1.0000E-03 4.7186E-01  8.0507E-02
 1.0000E-03 4.7337E-01  8.0155E-02
 1.0000E-03 4.7487E-01  7.9765E-02
 1.0000E-03 4.7638E-01  7.9346E-02
 1.0000E-03 4.7789E-01  7.8901E-02
 1.0000E-03 4.7940E-01  7.8441E-02
 1.0000E-03 4.8090E-01  7.7962E-02
 1.0000E-03 4.8241E-01  7.7474E-02
 1.0000E-03 4.8392E-01  7.6981E-02
 1.0000E-03 4.8543E-01  7.6485E-02
 1.0000E-03 4.8693E-01  7.5990E-02
 1.0000E-03 4.8844E-01  7.5497E-02
 1.0000E-03 4.8995E-01  7.5012E-02
 1.0000E-03 4.9146E-01  7.4534E-02
 1.0000E-03 4.9296E-01  7.4061E-02
 1.0000E-03 4.9447E-01  7.3601E-02
 1.0000E-03 4.9598E-01  7.3153E-02
 1.0000E-03 4.9749E-01  7.2787E-02
 1.0000E-03 4.9900E-01  7.2417E-02
 1.0000E-03 5.0050E-01  7.2049E-02
 1.0000E-03 5.0201E-01  7.1679E-02
 1.0000E-03 5.0352E-01  7.1305E-02
 1.0000E-03 5.0503E-01  7.0928E-02
 1.0000E-03 5.0653E-01  7.0542E-02
 1.0000E-03 5.0804E-01  7.0151E-02
 1.0000E-03 5.0955E-01  6.9756E-02
 1.0000E-03 5.1106E-01  6.9350E-02
 1.0000E-03 5.1256E-01  6.8937E-02
 1.0000E-03 5.1407E-01  6.8514E-02
 1.0000E-03 5.1558E-01  6.8080E-02
 1.0000E-03 5.1709E-01  6.7635E-02
 1.0000E-03 5.1859E-01  6.7181E-02
 1.0000E-03 5.2010E-01  6.6715E-02
 1.0000E-03 5.2161E-01  6.6198E-02
 1.0000E-03 5.2312E-01  6.5631E-02
 1.0000E-03 5.2462E-01  6.5063E-02
 1.0000E-03 5.2613E-01  6.4495E-02
 1.0000E-03 5.2764E-01  6.3929E-02
 1.0000E-03 5.2915E-01  6.3366E-02
 1.0000E-03 5.3065E-01  6.2806E-02
 1.0000E-03 5.3216E-01  6.2248E-02
 1.0000E-03 5.3367E-01  6.1695E-02
 1.0000E-03 5.3518E-01  6.1146E-02
 1.0000E-03 5.3668E-01  6.0603E-02
 1.0000E-03 5.3819E-01  6.0065E-02
 1.0000E-03 5.3970E-01  5.9531E-02
 1.0000E-03 5.4121E-01  5.9004E-02
 1.0000E-03 5.4271E-01  5.8484E-02
 1.0000E-03 5.4422E-01  5.7971E-02
 1.0000E-03 5.4573E-01  5.7464E-02
 1.0000E-03 5.4724E-01  5.6963E-02
 1.0000E-03 5.4874E-01  5.6472E-02
 1.0000E-03 5.5025E-01  5.5997E-02
 1.0000E-03 5.5176E-01  5.5534E-02
 1.0000E-03 5.5327E-01  5.5076E-02
 1.0000E-03 5.5477E-01  5.4625E-02
 1.0000E-03 5.5628E-01  5.4185E-02
 1.0000E-03 5.5779E-01  5.3749E-02
 1.0000E-03 5.5930E-01  5.3321E-02
 1.0000E-03 5.6080E-01  5.2900E-02
 1.0000E-03 5.6231E-01  5.2486E-02
 1.0000E-03 5.6382E-01  5.2081E-02
