 DDSCAT --- DDSCAT 7.3.3 [22.01.20]   
 TARGET --->TARGSPHER  spherical target with explicit spacing                 
 GPFAFT --- method of solution 
 FLTRCD --- prescription for polarizabilities
 FROM_FILE --- shape 
    4169 = NAT0 = number of dipoles
 ../../diel/Pena-Rioux_dielectric_26Au_74Ag                  
 ../../diel/Pena-Rioux_dielectric_34Au_66Ag                  
 ../../diel/Pena-Rioux_dielectric_65Au_35Ag                  
 ../../diel/Pena-Rioux_dielectric_76Au_24Ag                  
 ../../diel/Au_evap                                          
   0.000   0.000 = beta_min, beta_max ;  NBETA = 1
   0.000   0.000 = theta_min, theta_max; NTHETA= 1
   0.000   0.000 = phi_min, phi_max   ;   NPHI = 1
 Results averaged over    1 target orientations
                   and  2 incident polarizations
   aeff       wave       Q_pha       Q_pol       Q_cpol
 4.0000E-02 3.0000E-01 -2.3356E-02 -3.5763E-06  8.5682E-08
 4.0000E-02 3.0101E-01 -2.2237E-02 -4.7684E-07 -5.7742E-08
 4.0000E-02 3.0203E-01 -2.1417E-02  0.0000E+00 -7.8231E-08
 4.0000E-02 3.0305E-01 -2.0769E-02 -7.1526E-07 -5.7742E-08
 4.0000E-02 3.0408E-01 -2.0300E-02  2.3842E-07 -1.3225E-07
 4.0000E-02 3.0512E-01 -2.0015E-02  5.2452E-06 -9.3132E-09
 4.0000E-02 3.0616E-01 -1.9920E-02  4.5300E-06 -1.6764E-08
 4.0000E-02 3.0722E-01 -2.0021E-02 -9.5367E-07  3.5390E-08
 4.0000E-02 3.0828E-01 -2.0296E-02 -5.0068E-06  3.1665E-08
 4.0000E-02 3.0934E-01 -2.0646E-02  1.4305E-06 -4.0978E-08
 4.0000E-02 3.1042E-01 -2.1152E-02  1.1921E-05 -3.3528E-08
 4.0000E-02 3.1150E-01 -2.1686E-02  2.1458E-06  4.2841E-08
 4.0000E-02 3.1259E-01 -2.2345E-02  2.3842E-07 -5.5879E-09
 4.0000E-02 3.1368E-01 -2.3184E-02 -7.1526E-07  3.3528E-08
 4.0000E-02 3.1479E-01 -2.4207E-02 -1.4305E-06 -1.8626E-08
 4.0000E-02 3.1590E-01 -2.5421E-02  4.7684E-07  6.1467E-08
 4.0000E-02 3.1702E-01 -2.6831E-02  9.5367E-07  1.8626E-09
 4.0000E-02 3.1815E-01 -2.8083E-02 -3.0994E-06 -6.1467E-08
 4.0000E-02 3.1929E-01 -2.9556E-02 -5.7220E-06  7.6368E-08
 4.0000E-02 3.2043E-01 -3.1334E-02  2.1458E-06  2.9802E-08
 4.0000E-02 3.2158E-01 -3.3701E-02 -1.1921E-06  3.7253E-08
 4.0000E-02 3.2274E-01 -3.6366E-02  4.7684E-06  4.0978E-08
 4.0000E-02 3.2391E-01 -3.9339E-02  5.4836E-06 -4.0978E-08
 4.0000E-02 3.2509E-01 -4.2629E-02 -5.4836E-06 -1.4529E-07
 4.0000E-02 3.2628E-01 -4.6248E-02 -4.7684E-06  1.4901E-08
 4.0000E-02 3.2747E-01 -5.0742E-02  1.9073E-06 -2.9802E-08
 4.0000E-02 3.2868E-01 -5.5716E-02 -2.3842E-06  0.0000E+00
 4.0000E-02 3.2989E-01 -6.1160E-02 -9.5367E-07 -7.8231E-08
 4.0000E-02 3.3111E-01 -6.7087E-02 -2.1458E-06  3.7998E-07
 4.0000E-02 3.3234E-01 -7.3353E-02  7.1526E-07 -2.6822E-07
 4.0000E-02 3.3358E-01 -8.0033E-02 -1.6689E-06 -3.7253E-08
 4.0000E-02 3.3483E-01 -8.7212E-02 -1.6689E-06  2.0117E-07
 4.0000E-02 3.3609E-01 -9.5080E-02  1.1921E-06 -3.7253E-08
 4.0000E-02 3.3736E-01 -1.0355E-01 -6.9141E-06  1.8626E-07
 4.0000E-02 3.3864E-01 -1.1240E-01 -1.1921E-06  6.7055E-08
 4.0000E-02 3.3992E-01 -1.2164E-01 -7.1526E-07 -4.4703E-08
 4.0000E-02 3.4122E-01 -1.3129E-01  7.1526E-07  1.4901E-08
 4.0000E-02 3.4253E-01 -1.4135E-01  9.5367E-07  3.4273E-07
 4.0000E-02 3.4385E-01 -1.5184E-01 -1.1921E-06  3.4273E-07
 4.0000E-02 3.4517E-01 -1.6270E-01  4.2915E-06 -4.4703E-08
 4.0000E-02 3.4651E-01 -1.7370E-01 -4.7684E-07 -2.3842E-07
 4.0000E-02 3.4786E-01 -1.8495E-01  2.3842E-07 -1.3411E-07
 4.0000E-02 3.4922E-01 -1.9644E-01 -1.9073E-06 -3.1292E-07
 4.0000E-02 3.5059E-01 -2.0819E-01 -9.5367E-07 -1.0431E-07
 4.0000E-02 3.5197E-01 -2.2021E-01  3.5763E-06  4.4703E-08
 4.0000E-02 3.5336E-01 -2.3250E-01  2.1458E-06 -1.1921E-07
 4.0000E-02 3.5476E-01 -2.4491E-01  3.0994E-06 -4.4703E-08
 4.0000E-02 3.5618E-01 -2.5745E-01 -9.5367E-07 -3.8743E-07
 4.0000E-02 3.5760E-01 -2.7012E-01 -2.6226E-06  1.4901E-07
 4.0000E-02 3.5904E-01 -2.8293E-01 -3.8147E-06  6.5565E-07
 4.0000E-02 3.6048E-01 -2.9588E-01  1.9073E-06  2.9802E-07
 4.0000E-02 3.6194E-01 -3.0897E-01  7.1526E-07  6.5565E-07
 4.0000E-02 3.6341E-01 -3.2217E-01  1.4305E-06  6.5565E-07
 4.0000E-02 3.6490E-01 -3.3538E-01 -7.3910E-06 -5.9605E-08
 4.0000E-02 3.6639E-01 -3.4866E-01  3.5763E-06  7.1526E-07
 4.0000E-02 3.6790E-01 -3.6201E-01  5.7220E-06  1.7881E-07
 4.0000E-02 3.6942E-01 -3.7540E-01 -5.2452E-06  7.4506E-07
 4.0000E-02 3.7095E-01 -3.8887E-01 -2.3842E-07 -1.7881E-07
 4.0000E-02 3.7250E-01 -4.0238E-01 -5.9605E-06 -2.9802E-08
 4.0000E-02 3.7406E-01 -4.1589E-01 -2.3842E-06  8.9407E-08
 4.0000E-02 3.7563E-01 -4.2943E-01  3.3379E-06  2.0862E-07
 4.0000E-02 3.7722E-01 -4.4300E-01 -6.1989E-06  0.0000E+00
 4.0000E-02 3.7881E-01 -4.5662E-01  4.2915E-06  1.7881E-07
 4.0000E-02 3.8043E-01 -4.7024E-01  5.9605E-06  1.2219E-06
 4.0000E-02 3.8205E-01 -4.8383E-01  6.4373E-06  1.0133E-06
 4.0000E-02 3.8369E-01 -4.9740E-01 -3.5763E-06 -4.1723E-07
 4.0000E-02 3.8534E-01 -5.1099E-01  2.8610E-06 -2.9802E-07
 4.0000E-02 3.8701E-01 -5.2461E-01 -7.8678E-06  1.2517E-06
 4.0000E-02 3.8870E-01 -5.3822E-01 -8.5831E-06  4.6492E-06
 4.0000E-02 3.9039E-01 -5.5179E-01  7.1526E-06 -4.9472E-06
 4.0000E-02 3.9211E-01 -5.6532E-01  1.9073E-06 -2.2054E-06
 4.0000E-02 3.9383E-01 -5.7882E-01  0.0000E+00 -3.5167E-06
 4.0000E-02 3.9558E-01 -5.9233E-01  4.2915E-06 -1.7285E-06
 4.0000E-02 3.9733E-01 -6.0577E-01 -1.9073E-06  9.5367E-07
 4.0000E-02 3.9911E-01 -6.1912E-01  1.6689E-06 -8.9407E-07
 4.0000E-02 4.0090E-01 -6.3235E-01  2.3842E-07  4.7684E-07
 4.0000E-02 4.0270E-01 -6.4549E-01  5.9605E-06  1.0729E-06
 4.0000E-02 4.0452E-01 -6.5847E-01  1.4305E-06  6.3181E-06
 4.0000E-02 4.0636E-01 -6.7123E-01 -3.0994E-06 -2.9802E-07
 4.0000E-02 4.0822E-01 -6.8367E-01 -3.3379E-06  5.9605E-07
 4.0000E-02 4.1009E-01 -6.9578E-01  2.6226E-06  6.5565E-07
 4.0000E-02 4.1198E-01 -7.0749E-01  1.6212E-05 -8.8215E-06
 4.0000E-02 4.1389E-01 -7.1862E-01 -1.9073E-06  1.2517E-06
 4.0000E-02 4.1581E-01 -7.2901E-01  3.0994E-06  8.3447E-07
 4.0000E-02 4.1776E-01 -7.3848E-01 -1.9073E-06  4.7684E-07
 4.0000E-02 4.1972E-01 -7.4697E-01  2.3842E-06 -3.2187E-06
 4.0000E-02 4.2170E-01 -7.5415E-01  4.7684E-07 -1.8477E-06
 4.0000E-02 4.2370E-01 -7.5980E-01  7.3910E-06 -1.0133E-06
 4.0000E-02 4.2571E-01 -7.6373E-01 -6.6757E-06  7.8082E-06
 4.0000E-02 4.2775E-01 -7.6581E-01  1.6451E-05 -5.3644E-07
 4.0000E-02 4.2981E-01 -7.6593E-01  1.1444E-05 -4.7684E-07
 4.0000E-02 4.3188E-01 -7.6398E-01  3.8147E-06  2.3842E-07
 4.0000E-02 4.3398E-01 -7.5992E-01 -6.1989E-06 -5.9605E-07
 4.0000E-02 4.3610E-01 -7.5375E-01 -9.5367E-07 -1.6689E-06
 4.0000E-02 4.3824E-01 -7.4534E-01  8.5831E-06  4.7684E-07
 4.0000E-02 4.4039E-01 -7.3460E-01 -1.4305E-06 -3.1590E-06
 4.0000E-02 4.4257E-01 -7.2139E-01  1.9073E-06 -2.5034E-06
 4.0000E-02 4.4478E-01 -7.0554E-01 -1.9073E-06  7.1526E-07
 4.0000E-02 4.4700E-01 -6.8677E-01 -1.9073E-06  5.9605E-08
 4.0000E-02 4.4925E-01 -6.6479E-01 -9.5367E-07 -2.8610E-06
 4.0000E-02 4.5152E-01 -6.3925E-01 -3.8147E-06  1.6689E-06
 4.0000E-02 4.5381E-01 -6.0970E-01 -6.1989E-06  2.3842E-06
 4.0000E-02 4.5612E-01 -5.7570E-01 -1.9073E-06 -1.1325E-06
 4.0000E-02 4.5846E-01 -5.3679E-01  1.9073E-06 -7.7486E-07
 4.0000E-02 4.6082E-01 -4.9243E-01 -4.2915E-06  1.2219E-06
 4.0000E-02 4.6321E-01 -4.4203E-01  6.6757E-06 -2.3842E-07
 4.0000E-02 4.6563E-01 -3.8483E-01  1.4305E-05 -1.6093E-06
 4.0000E-02 4.6806E-01 -3.2027E-01  1.9073E-06  3.2783E-07
 4.0000E-02 4.7053E-01 -2.4768E-01  1.3351E-05  1.8775E-06
 4.0000E-02 4.7302E-01 -1.6639E-01  2.8610E-06 -3.8594E-06
 4.0000E-02 4.7553E-01 -7.6077E-02 -2.0027E-05 -3.9488E-07
 4.0000E-02 4.7807E-01  2.3433E-02  1.6689E-05 -2.5053E-06
 4.0000E-02 4.8065E-01  1.3222E-01  6.1989E-06 -1.5199E-06
 4.0000E-02 4.8324E-01  2.4990E-01 -8.5831E-06  2.6673E-06
 4.0000E-02 4.8587E-01  3.7529E-01  1.0014E-05 -5.5730E-06
 4.0000E-02 4.8852E-01  5.0705E-01 -6.1989E-06 -2.5749E-05
 4.0000E-02 4.9121E-01  6.4328E-01 -1.7643E-05 -4.8280E-06
 4.0000E-02 4.9392E-01  7.8125E-01  3.8147E-06  6.7353E-06
 4.0000E-02 4.9667E-01  9.1760E-01 -5.2452E-06  4.2319E-06
 4.0000E-02 4.9944E-01  1.0487E+00 -1.6689E-05 -2.8610E-06
 4.0000E-02 5.0225E-01  1.1741E+00  4.7684E-07  1.2517E-05
 4.0000E-02 5.0508E-01  1.2920E+00  1.8597E-05  1.7524E-05
 4.0000E-02 5.0795E-01  1.4011E+00 -9.0599E-06 -4.0531E-06
 4.0000E-02 5.1086E-01  1.5009E+00  9.5367E-07  5.2452E-06
 4.0000E-02 5.1379E-01  1.5919E+00  1.4782E-05  2.0266E-06
 4.0000E-02 5.1676E-01  1.6753E+00  2.5749E-05 -1.6332E-05
 4.0000E-02 5.1977E-01  1.7530E+00 -9.5367E-07 -2.6226E-06
 4.0000E-02 5.2281E-01  1.8307E+00  2.0504E-05 -1.2398E-05
 4.0000E-02 5.2588E-01  1.9064E+00 -1.4782E-05 -1.3113E-06
 4.0000E-02 5.2899E-01  1.9772E+00 -1.4305E-05 -1.4424E-05
 4.0000E-02 5.3214E-01  2.0426E+00 -1.9073E-06  5.7220E-06
 4.0000E-02 5.3533E-01  2.1013E+00 -1.8120E-05  2.8610E-06
 4.0000E-02 5.3855E-01  2.1520E+00 -3.3379E-05 -7.1526E-07
 4.0000E-02 5.4182E-01  2.1937E+00  1.2398E-05 -1.6689E-06
 4.0000E-02 5.4512E-01  2.2259E+00  2.3842E-05 -1.0490E-05
 4.0000E-02 5.4847E-01  2.2487E+00  1.9073E-06 -5.4836E-06
 4.0000E-02 5.5185E-01  2.2629E+00  7.6294E-06  1.0014E-05
 4.0000E-02 5.5528E-01  2.2702E+00 -1.9550E-05  2.3842E-07
 4.0000E-02 5.5875E-01  2.2718E+00  5.0068E-06  1.8597E-05
 4.0000E-02 5.6226E-01  2.2686E+00 -1.6928E-05  1.2398E-05
 4.0000E-02 5.6582E-01  2.2612E+00  2.4557E-05  6.6757E-06
 4.0000E-02 5.6943E-01  2.2500E+00 -1.7881E-05 -3.8147E-06
 4.0000E-02 5.7308E-01  2.2349E+00 -3.3379E-06  5.0068E-06
 4.0000E-02 5.7677E-01  2.2159E+00 -4.0531E-06 -1.1206E-05
 4.0000E-02 5.8052E-01  2.1926E+00 -2.1696E-05  1.5974E-05
 4.0000E-02 5.8431E-01  2.1647E+00 -2.1458E-06  7.1526E-07
 4.0000E-02 5.8816E-01  2.1331E+00  3.8147E-06  4.5300E-06
 4.0000E-02 5.9205E-01  2.0990E+00 -1.6928E-05  9.5367E-06
 4.0000E-02 5.9600E-01  2.0637E+00  5.2452E-06 -6.6757E-06
 4.0000E-02 6.0000E-01  2.0286E+00  9.2983E-06  1.1444E-05
