 DDSCAT --- DDSCAT 7.3.3 [22.01.20]   
 TARGET --->TARGSPHER  spherical target with explicit spacing                 
 GPFAFT --- method of solution 
 FLTRCD --- prescription for polarizabilities
 FROM_FILE --- shape 
    4169 = NAT0 = number of dipoles
 ../../diel/Pena-Rioux_dielectric_26Au_74Ag                  
 ../../diel/Pena-Rioux_dielectric_34Au_66Ag                  
 ../../diel/Pena-Rioux_dielectric_65Au_35Ag                  
 ../../diel/Pena-Rioux_dielectric_76Au_24Ag                  
 ../../diel/Au_evap                                          
   0.000   0.000 = beta_min, beta_max ;  NBETA = 1
   0.000   0.000 = theta_min, theta_max; NTHETA= 1
   0.000   0.000 = phi_min, phi_max   ;   NPHI = 1
 0.5000 = ETASCA (param. controlling # of scatt. dirs used to calculate <cos> etc.
 Results averaged over    1 target orientations
                   and  2 incident polarizations
   aeff       wave       Q_ext     Q_abs      Q_sca     g(1)=<cos>  <cos^2>    Q_bk       Nsca
 4.0000E-02 3.0000E-01 2.5452E+00 1.7715E+00 7.7369E-01  2.4789E-01 4.1428E-01 4.0625E-02   408
 4.0000E-02 3.0101E-01 2.5373E+00 1.7707E+00 7.6665E-01  2.4615E-01 4.1410E-01 4.0601E-02   408
 4.0000E-02 3.0203E-01 2.5295E+00 1.7699E+00 7.5963E-01  2.4441E-01 4.1392E-01 4.0568E-02   408
 4.0000E-02 3.0305E-01 2.5216E+00 1.7690E+00 7.5258E-01  2.4268E-01 4.1374E-01 4.0526E-02   408
 4.0000E-02 3.0408E-01 2.5136E+00 1.7681E+00 7.4551E-01  2.4096E-01 4.1357E-01 4.0475E-02   408
 4.0000E-02 3.0512E-01 2.5055E+00 1.7671E+00 7.3840E-01  2.3925E-01 4.1340E-01 4.0414E-02   408
 4.0000E-02 3.0616E-01 2.4974E+00 1.7661E+00 7.3126E-01  2.3754E-01 4.1323E-01 4.0343E-02   408
 4.0000E-02 3.0722E-01 2.4891E+00 1.7650E+00 7.2411E-01  2.3585E-01 4.1307E-01 4.0263E-02   408
 4.0000E-02 3.0828E-01 2.4809E+00 1.7639E+00 7.1702E-01  2.3416E-01 4.1290E-01 4.0181E-02   408
 4.0000E-02 3.0934E-01 2.4732E+00 1.7630E+00 7.1026E-01  2.3244E-01 4.1274E-01 4.0113E-02   408
 4.0000E-02 3.1042E-01 2.4654E+00 1.7620E+00 7.0347E-01  2.3074E-01 4.1257E-01 4.0037E-02   408
 4.0000E-02 3.1150E-01 2.4575E+00 1.7609E+00 6.9662E-01  2.2904E-01 4.1241E-01 3.9951E-02   408
 4.0000E-02 3.1259E-01 2.4494E+00 1.7597E+00 6.8973E-01  2.2734E-01 4.1225E-01 3.9856E-02   408
 4.0000E-02 3.1368E-01 2.4412E+00 1.7584E+00 6.8282E-01  2.2565E-01 4.1209E-01 3.9753E-02   408
 4.0000E-02 3.1479E-01 2.4330E+00 1.7571E+00 6.7592E-01  2.2406E-01 4.1209E-01 3.9643E-02   362
 4.0000E-02 3.1590E-01 2.4247E+00 1.7557E+00 6.6900E-01  2.2237E-01 4.1194E-01 3.9526E-02   362
 4.0000E-02 3.1702E-01 2.4163E+00 1.7542E+00 6.6207E-01  2.2069E-01 4.1179E-01 3.9402E-02   363
 4.0000E-02 3.1815E-01 2.4073E+00 1.7525E+00 6.5484E-01  2.1902E-01 4.1164E-01 3.9252E-02   363
 4.0000E-02 3.1929E-01 2.3981E+00 1.7506E+00 6.4753E-01  2.1736E-01 4.1149E-01 3.9089E-02   363
 4.0000E-02 3.2043E-01 2.3887E+00 1.7486E+00 6.4018E-01  2.1570E-01 4.1135E-01 3.8917E-02   363
 4.0000E-02 3.2158E-01 2.3794E+00 1.7465E+00 6.3292E-01  2.1404E-01 4.1120E-01 3.8742E-02   363
 4.0000E-02 3.2274E-01 2.3700E+00 1.7444E+00 6.2561E-01  2.1238E-01 4.1106E-01 3.8558E-02   363
 4.0000E-02 3.2391E-01 2.3603E+00 1.7421E+00 6.1826E-01  2.1073E-01 4.1093E-01 3.8364E-02   363
 4.0000E-02 3.2509E-01 2.3505E+00 1.7396E+00 6.1090E-01  2.0908E-01 4.1079E-01 3.8160E-02   363
 4.0000E-02 3.2628E-01 2.3405E+00 1.7370E+00 6.0349E-01  2.0743E-01 4.1065E-01 3.7949E-02   363
 4.0000E-02 3.2747E-01 2.3295E+00 1.7339E+00 5.9563E-01  2.0581E-01 4.1052E-01 3.7696E-02   363
 4.0000E-02 3.2868E-01 2.3186E+00 1.7307E+00 5.8794E-01  2.0419E-01 4.1040E-01 3.7448E-02   363
 4.0000E-02 3.2989E-01 2.3079E+00 1.7275E+00 5.8044E-01  2.0255E-01 4.1027E-01 3.7208E-02   363
 4.0000E-02 3.3111E-01 2.2974E+00 1.7242E+00 5.7317E-01  2.0089E-01 4.1014E-01 3.6976E-02   363
 4.0000E-02 3.3234E-01 2.2869E+00 1.7209E+00 5.6602E-01  1.9922E-01 4.1001E-01 3.6749E-02   363
 4.0000E-02 3.3358E-01 2.2765E+00 1.7174E+00 5.5907E-01  1.9754E-01 4.0988E-01 3.6530E-02   363
 4.0000E-02 3.3483E-01 2.2663E+00 1.7140E+00 5.5236E-01  1.9584E-01 4.0974E-01 3.6322E-02   363
 4.0000E-02 3.3609E-01 2.2569E+00 1.7108E+00 5.4620E-01  1.9410E-01 4.0961E-01 3.6149E-02   363
 4.0000E-02 3.3736E-01 2.2487E+00 1.7079E+00 5.4080E-01  1.9230E-01 4.0947E-01 3.6026E-02   363
 4.0000E-02 3.3864E-01 2.2412E+00 1.7053E+00 5.3589E-01  1.9047E-01 4.0933E-01 3.5935E-02   363
 4.0000E-02 3.3992E-01 2.2344E+00 1.7029E+00 5.3149E-01  1.8860E-01 4.0919E-01 3.5877E-02   363
 4.0000E-02 3.4122E-01 2.2284E+00 1.7008E+00 5.2762E-01  1.8670E-01 4.0905E-01 3.5855E-02   363
 4.0000E-02 3.4253E-01 2.2232E+00 1.6989E+00 5.2429E-01  1.8477E-01 4.0890E-01 3.5869E-02   363
 4.0000E-02 3.4385E-01 2.2188E+00 1.6973E+00 5.2148E-01  1.8280E-01 4.0875E-01 3.5919E-02   363
 4.0000E-02 3.4517E-01 2.2155E+00 1.6961E+00 5.1939E-01  1.8079E-01 4.0860E-01 3.6020E-02   363
 4.0000E-02 3.4651E-01 2.2135E+00 1.6955E+00 5.1804E-01  1.7875E-01 4.0845E-01 3.6175E-02   363
 4.0000E-02 3.4786E-01 2.2125E+00 1.6952E+00 5.1731E-01  1.7668E-01 4.0829E-01 3.6373E-02   363
 4.0000E-02 3.4922E-01 2.2127E+00 1.6955E+00 5.1719E-01  1.7459E-01 4.0814E-01 3.6617E-02   363
 4.0000E-02 3.5059E-01 2.2138E+00 1.6961E+00 5.1773E-01  1.7249E-01 4.0798E-01 3.6908E-02   363
 4.0000E-02 3.5197E-01 2.2162E+00 1.6973E+00 5.1892E-01  1.7036E-01 4.0782E-01 3.7250E-02   363
 4.0000E-02 3.5336E-01 2.2197E+00 1.6989E+00 5.2080E-01  1.6822E-01 4.0766E-01 3.7643E-02   363
 4.0000E-02 3.5476E-01 2.2246E+00 1.7012E+00 5.2340E-01  1.6607E-01 4.0751E-01 3.8092E-02   363
 4.0000E-02 3.5618E-01 2.2307E+00 1.7040E+00 5.2669E-01  1.6392E-01 4.0735E-01 3.8592E-02   363
 4.0000E-02 3.5760E-01 2.2379E+00 1.7074E+00 5.3059E-01  1.6177E-01 4.0719E-01 3.9142E-02   363
 4.0000E-02 3.5904E-01 2.2463E+00 1.7112E+00 5.3513E-01  1.5961E-01 4.0703E-01 3.9743E-02   363
 4.0000E-02 3.6048E-01 2.2559E+00 1.7156E+00 5.4032E-01  1.5745E-01 4.0688E-01 4.0398E-02   363
 4.0000E-02 3.6194E-01 2.2667E+00 1.7205E+00 5.4620E-01  1.5529E-01 4.0672E-01 4.1111E-02   363
 4.0000E-02 3.6341E-01 2.2788E+00 1.7260E+00 5.5278E-01  1.5313E-01 4.0657E-01 4.1883E-02   363
 4.0000E-02 3.6490E-01 2.2920E+00 1.7321E+00 5.5994E-01  1.5097E-01 4.0641E-01 4.2706E-02   363
 4.0000E-02 3.6639E-01 2.3063E+00 1.7386E+00 5.6773E-01  1.4881E-01 4.0626E-01 4.3585E-02   363
 4.0000E-02 3.6790E-01 2.3219E+00 1.7457E+00 5.7618E-01  1.4665E-01 4.0611E-01 4.4522E-02   363
 4.0000E-02 3.6942E-01 2.3387E+00 1.7534E+00 5.8530E-01  1.4450E-01 4.0596E-01 4.5521E-02   363
 4.0000E-02 3.7095E-01 2.3567E+00 1.7616E+00 5.9512E-01  1.4235E-01 4.0581E-01 4.6585E-02   363
 4.0000E-02 3.7250E-01 2.3761E+00 1.7704E+00 6.0567E-01  1.4019E-01 4.0567E-01 4.7716E-02   363
 4.0000E-02 3.7406E-01 2.3966E+00 1.7797E+00 6.1685E-01  1.3803E-01 4.0552E-01 4.8910E-02   363
 4.0000E-02 3.7563E-01 2.4183E+00 1.7896E+00 6.2870E-01  1.3588E-01 4.0538E-01 5.0170E-02   363
 4.0000E-02 3.7722E-01 2.4413E+00 1.8000E+00 6.4125E-01  1.3372E-01 4.0523E-01 5.1501E-02   363
 4.0000E-02 3.7881E-01 2.4656E+00 1.8110E+00 6.5462E-01  1.3156E-01 4.0509E-01 5.2911E-02   363
 4.0000E-02 3.8043E-01 2.4914E+00 1.8226E+00 6.6876E-01  1.2939E-01 4.0495E-01 5.4400E-02   363
 4.0000E-02 3.8205E-01 2.5185E+00 1.8349E+00 6.8366E-01  1.2722E-01 4.0481E-01 5.5970E-02   363
 4.0000E-02 3.8369E-01 2.5468E+00 1.8475E+00 6.9925E-01  1.2504E-01 4.0467E-01 5.7615E-02   363
 4.0000E-02 3.8534E-01 2.5765E+00 1.8608E+00 7.1568E-01  1.2286E-01 4.0453E-01 5.9350E-02   363
 4.0000E-02 3.8701E-01 2.6077E+00 1.8747E+00 7.3306E-01  1.2067E-01 4.0440E-01 6.1185E-02   363
 4.0000E-02 3.8870E-01 2.6407E+00 1.8893E+00 7.5138E-01  1.1847E-01 4.0426E-01 6.3121E-02   363
 4.0000E-02 3.9039E-01 2.6754E+00 1.9046E+00 7.7074E-01  1.1634E-01 4.0431E-01 6.5169E-02   323
 4.0000E-02 3.9211E-01 2.7117E+00 1.9206E+00 7.9109E-01  1.1413E-01 4.0418E-01 6.7326E-02   323
 4.0000E-02 3.9383E-01 2.7498E+00 1.9373E+00 8.1247E-01  1.1192E-01 4.0405E-01 6.9600E-02   323
 4.0000E-02 3.9558E-01 2.7898E+00 1.9547E+00 8.3511E-01  1.0969E-01 4.0392E-01 7.2009E-02   323
 4.0000E-02 3.9733E-01 2.8319E+00 1.9729E+00 8.5897E-01  1.0744E-01 4.0380E-01 7.4557E-02   323
 4.0000E-02 3.9911E-01 2.8763E+00 1.9920E+00 8.8429E-01  1.0520E-01 4.0367E-01 7.7265E-02   323
 4.0000E-02 4.0090E-01 2.9229E+00 2.0120E+00 9.1095E-01  1.0294E-01 4.0355E-01 8.0127E-02   323
 4.0000E-02 4.0270E-01 2.9719E+00 2.0327E+00 9.3913E-01  1.0066E-01 4.0343E-01 8.3161E-02   323
 4.0000E-02 4.0452E-01 3.0234E+00 2.0544E+00 9.6895E-01  9.8378E-02 4.0332E-01 8.6382E-02   323
 4.0000E-02 4.0636E-01 3.0776E+00 2.0771E+00 1.0005E+00  9.6074E-02 4.0320E-01 8.9806E-02   323
 4.0000E-02 4.0822E-01 3.1348E+00 2.1008E+00 1.0340E+00  9.3748E-02 4.0309E-01 9.3449E-02   323
 4.0000E-02 4.1009E-01 3.1948E+00 2.1255E+00 1.0693E+00  9.1403E-02 4.0298E-01 9.7322E-02   323
 4.0000E-02 4.1198E-01 3.2582E+00 2.1513E+00 1.1069E+00  8.9033E-02 4.0287E-01 1.0145E-01   323
 4.0000E-02 4.1389E-01 3.3250E+00 2.1783E+00 1.1467E+00  8.6636E-02 4.0277E-01 1.0585E-01   323
 4.0000E-02 4.1581E-01 3.3953E+00 2.2064E+00 1.1889E+00  8.4210E-02 4.0266E-01 1.1054E-01   323
 4.0000E-02 4.1776E-01 3.4694E+00 2.2359E+00 1.2335E+00  8.1759E-02 4.0256E-01 1.1553E-01   323
 4.0000E-02 4.1972E-01 3.5473E+00 2.2666E+00 1.2807E+00  7.9284E-02 4.0246E-01 1.2085E-01   323
 4.0000E-02 4.2170E-01 3.6292E+00 2.2987E+00 1.3306E+00  7.6789E-02 4.0237E-01 1.2649E-01   323
 4.0000E-02 4.2370E-01 3.7150E+00 2.3321E+00 1.3829E+00  7.4281E-02 4.0228E-01 1.3246E-01   323
 4.0000E-02 4.2571E-01 3.8043E+00 2.3667E+00 1.4376E+00  7.1765E-02 4.0219E-01 1.3874E-01   323
 4.0000E-02 4.2775E-01 3.8970E+00 2.4025E+00 1.4946E+00  6.9248E-02 4.0210E-01 1.4534E-01   323
 4.0000E-02 4.2981E-01 3.9931E+00 2.4393E+00 1.5538E+00  6.6734E-02 4.0202E-01 1.5224E-01   323
 4.0000E-02 4.3188E-01 4.0923E+00 2.4770E+00 1.6152E+00  6.4233E-02 4.0195E-01 1.5945E-01   323
 4.0000E-02 4.3398E-01 4.1942E+00 2.5155E+00 1.6787E+00  6.1745E-02 4.0187E-01 1.6695E-01   323
 4.0000E-02 4.3610E-01 4.2990E+00 2.5547E+00 1.7443E+00  5.9272E-02 4.0181E-01 1.7477E-01   323
 4.0000E-02 4.3824E-01 4.4067E+00 2.5944E+00 1.8123E+00  5.6817E-02 4.0174E-01 1.8292E-01   323
 4.0000E-02 4.4039E-01 4.5174E+00 2.6347E+00 1.8826E+00  5.4387E-02 4.0169E-01 1.9141E-01   323
 4.0000E-02 4.4257E-01 4.6311E+00 2.6755E+00 1.9555E+00  5.1990E-02 4.0163E-01 2.0025E-01   323
 4.0000E-02 4.4478E-01 4.7479E+00 2.7168E+00 2.0311E+00  4.9630E-02 4.0158E-01 2.0945E-01   323
 4.0000E-02 4.4700E-01 4.8682E+00 2.7587E+00 2.1095E+00  4.7316E-02 4.0154E-01 2.1904E-01   323
 4.0000E-02 4.4925E-01 4.9918E+00 2.8009E+00 2.1909E+00  4.5053E-02 4.0150E-01 2.2901E-01   323
 4.0000E-02 4.5152E-01 5.1187E+00 2.8435E+00 2.2753E+00  4.2837E-02 4.0146E-01 2.3939E-01   323
 4.0000E-02 4.5381E-01 5.2492E+00 2.8862E+00 2.3630E+00  4.0662E-02 4.0143E-01 2.5020E-01   323
 4.0000E-02 4.5612E-01 5.3831E+00 2.9291E+00 2.4540E+00  3.8547E-02 4.0140E-01 2.6143E-01   323
 4.0000E-02 4.5846E-01 5.5198E+00 2.9718E+00 2.5480E+00  3.6492E-02 4.0137E-01 2.7305E-01   323
 4.0000E-02 4.6082E-01 5.6591E+00 3.0141E+00 2.6450E+00  3.4497E-02 4.0135E-01 2.8506E-01   323
 4.0000E-02 4.6321E-01 5.8004E+00 3.0555E+00 2.7449E+00  3.2560E-02 4.0133E-01 2.9744E-01   323
 4.0000E-02 4.6563E-01 5.9428E+00 3.0956E+00 2.8471E+00  3.0678E-02 4.0131E-01 3.1015E-01   323
 4.0000E-02 4.6806E-01 6.0848E+00 3.1339E+00 2.9510E+00  2.8856E-02 4.0129E-01 3.2308E-01   323
 4.0000E-02 4.7053E-01 6.2252E+00 3.1696E+00 3.0556E+00  2.7092E-02 4.0128E-01 3.3615E-01   323
 4.0000E-02 4.7302E-01 6.3612E+00 3.2020E+00 3.1592E+00  2.5394E-02 4.0126E-01 3.4915E-01   323
 4.0000E-02 4.7553E-01 6.4903E+00 3.2302E+00 3.2601E+00  2.3765E-02 4.0125E-01 3.6185E-01   323
 4.0000E-02 4.7807E-01 6.6099E+00 3.2533E+00 3.3567E+00  2.2205E-02 4.0124E-01 3.7410E-01   323
 4.0000E-02 4.8065E-01 6.7169E+00 3.2701E+00 3.4468E+00  2.0716E-02 4.0124E-01 3.8562E-01   323
 4.0000E-02 4.8324E-01 6.8073E+00 3.2798E+00 3.5275E+00  1.9299E-02 4.0123E-01 3.9606E-01   323
 4.0000E-02 4.8587E-01 6.8773E+00 3.2813E+00 3.5960E+00  1.7956E-02 4.0122E-01 4.0510E-01   323
 4.0000E-02 4.8852E-01 6.9236E+00 3.2739E+00 3.6497E+00  1.6685E-02 4.0122E-01 4.1241E-01   323
 4.0000E-02 4.9121E-01 6.9430E+00 3.2571E+00 3.6858E+00  1.5484E-02 4.0122E-01 4.1768E-01   323
 4.0000E-02 4.9392E-01 6.9336E+00 3.2310E+00 3.7027E+00  1.4350E-02 4.0121E-01 4.2068E-01   323
 4.0000E-02 4.9667E-01 6.8961E+00 3.1962E+00 3.6999E+00  1.3288E-02 4.0121E-01 4.2136E-01   323
 4.0000E-02 4.9944E-01 6.8334E+00 3.1546E+00 3.6788E+00  1.2306E-02 4.0120E-01 4.1985E-01   323
 4.0000E-02 5.0225E-01 6.7463E+00 3.1063E+00 3.6400E+00  1.1372E-02 4.0119E-01 4.1626E-01   323
 4.0000E-02 5.0508E-01 6.6387E+00 3.0525E+00 3.5863E+00  1.0481E-02 4.0119E-01 4.1088E-01   323
 4.0000E-02 5.0795E-01 6.5149E+00 2.9946E+00 3.5203E+00  9.6288E-03 4.0118E-01 4.0403E-01   324
 4.0000E-02 5.1086E-01 6.3799E+00 2.9341E+00 3.4459E+00  8.8114E-03 4.0117E-01 3.9615E-01   324
 4.0000E-02 5.1379E-01 6.2388E+00 2.8717E+00 3.3672E+00  8.0596E-03 4.0137E-01 3.8773E-01   285
 4.0000E-02 5.1676E-01 6.0956E+00 2.8078E+00 3.2878E+00  7.2980E-03 4.0136E-01 3.7918E-01   285
 4.0000E-02 5.1977E-01 5.9530E+00 2.7420E+00 3.2111E+00  6.5563E-03 4.0135E-01 3.7089E-01   285
 4.0000E-02 5.2281E-01 5.8016E+00 2.6669E+00 3.1347E+00  5.7799E-03 4.0134E-01 3.6267E-01   285
 4.0000E-02 5.2588E-01 5.6381E+00 2.5836E+00 3.0545E+00  4.9794E-03 4.0134E-01 3.5400E-01   285
 4.0000E-02 5.2899E-01 5.4660E+00 2.4952E+00 2.9708E+00  4.1762E-03 4.0134E-01 3.4490E-01   285
 4.0000E-02 5.3214E-01 5.2845E+00 2.4019E+00 2.8825E+00  3.3669E-03 4.0133E-01 3.3522E-01   285
 4.0000E-02 5.3533E-01 5.0936E+00 2.3050E+00 2.7886E+00  2.5498E-03 4.0133E-01 3.2487E-01   285
 4.0000E-02 5.3855E-01 4.8947E+00 2.2059E+00 2.6888E+00  1.7239E-03 4.0133E-01 3.1379E-01   285
 4.0000E-02 5.4182E-01 4.6901E+00 2.1064E+00 2.5837E+00  8.8917E-04 4.0133E-01 3.0205E-01   285
 4.0000E-02 5.4512E-01 4.4833E+00 2.0087E+00 2.4746E+00  4.6196E-05 4.0132E-01 2.8980E-01   285
 4.0000E-02 5.4847E-01 4.2777E+00 1.9144E+00 2.3633E+00 -8.0525E-04 4.0132E-01 2.7726E-01   285
 4.0000E-02 5.5185E-01 4.0806E+00 1.8266E+00 2.2540E+00 -1.6470E-03 4.0131E-01 2.6490E-01   285
 4.0000E-02 5.5528E-01 3.8903E+00 1.7432E+00 2.1471E+00 -2.4924E-03 4.0130E-01 2.5278E-01   285
 4.0000E-02 5.5875E-01 3.7073E+00 1.6639E+00 2.0435E+00 -3.3428E-03 4.0130E-01 2.4101E-01   285
 4.0000E-02 5.6226E-01 3.5317E+00 1.5882E+00 1.9435E+00 -4.1987E-03 4.0129E-01 2.2963E-01   285
 4.0000E-02 5.6582E-01 3.3630E+00 1.5159E+00 1.8472E+00 -5.0596E-03 4.0129E-01 2.1865E-01   285
 4.0000E-02 5.6943E-01 3.2007E+00 1.4464E+00 1.7543E+00 -5.9266E-03 4.0128E-01 2.0804E-01   285
 4.0000E-02 5.7308E-01 3.0444E+00 1.3801E+00 1.6643E+00 -6.7991E-03 4.0128E-01 1.9774E-01   285
 4.0000E-02 5.7677E-01 2.8942E+00 1.3173E+00 1.5769E+00 -7.6753E-03 4.0127E-01 1.8769E-01   285
 4.0000E-02 5.8052E-01 2.7510E+00 1.2593E+00 1.4917E+00 -8.5540E-03 4.0127E-01 1.7788E-01   285
 4.0000E-02 5.8431E-01 2.6163E+00 1.2076E+00 1.4086E+00 -9.4339E-03 4.0126E-01 1.6828E-01   285
 4.0000E-02 5.8816E-01 2.4923E+00 1.1635E+00 1.3289E+00 -1.0305E-02 4.0126E-01 1.5904E-01   285
 4.0000E-02 5.9205E-01 2.3811E+00 1.1275E+00 1.2536E+00 -1.1156E-02 4.0125E-01 1.5030E-01   285
 4.0000E-02 5.9600E-01 2.2835E+00 1.0996E+00 1.1839E+00 -1.1978E-02 4.0124E-01 1.4218E-01   285
 4.0000E-02 6.0000E-01 2.1991E+00 1.0790E+00 1.1200E+00 -1.2763E-02 4.0123E-01 1.3474E-01   285
