 DDSCAT --- DDSCAT 7.3.3 [22.01.20]   
 TARGET --->TARFROMFILE  Nanorod target: 97.3nm x 17.6nm x 17.6nm, d=1nm      
 GPFAFT --- method of solution 
 GKDLDR --- prescription for polarizabilities
 FROM_FILE --- shape 
   35739 = NAT0 = number of dipoles
 ../diel/Ag_evap                                             
   0.000   0.000 = beta_min, beta_max ;  NBETA = 1
   0.000   0.000 = theta_min, theta_max; NTHETA= 1
   0.000   0.000 = phi_min, phi_max   ;   NPHI = 1
 Results averaged over    1 target orientations
                   and  1 incident polarizations
   aeff       wave      Q_pha
 1.0000E-03 8.0000E-01  2.0640E-02
 1.0000E-03 8.0202E-01  2.0563E-02
 1.0000E-03 8.0404E-01  2.0485E-02
 1.0000E-03 8.0606E-01  2.0408E-02
 1.0000E-03 8.0808E-01  2.0337E-02
 1.0000E-03 8.1010E-01  2.0277E-02
 1.0000E-03 8.1212E-01  2.0231E-02
 1.0000E-03 8.1414E-01  2.0182E-02
 1.0000E-03 8.1616E-01  2.0119E-02
 1.0000E-03 8.1818E-01  2.0048E-02
 1.0000E-03 8.2020E-01  1.9975E-02
 1.0000E-03 8.2222E-01  1.9900E-02
 1.0000E-03 8.2424E-01  1.9827E-02
 1.0000E-03 8.2626E-01  1.9756E-02
 1.0000E-03 8.2828E-01         NaN
 1.0000E-03 8.3030E-01         NaN
 1.0000E-03 8.3232E-01         NaN
 1.0000E-03 8.3434E-01         NaN
 1.0000E-03 8.3636E-01         NaN
 1.0000E-03 8.3838E-01         NaN
 1.0000E-03 8.4040E-01         NaN
 1.0000E-03 8.4242E-01         NaN
 1.0000E-03 8.4444E-01         NaN
 1.0000E-03 8.4646E-01         NaN
 1.0000E-03 8.4848E-01         NaN
 1.0000E-03 8.5051E-01         NaN
 1.0000E-03 8.5253E-01         NaN
 1.0000E-03 8.5455E-01         NaN
 1.0000E-03 8.5657E-01         NaN
 1.0000E-03 8.5859E-01         NaN
 1.0000E-03 8.6061E-01         NaN
 1.0000E-03 8.6263E-01         NaN
 1.0000E-03 8.6465E-01         NaN
 1.0000E-03 8.6667E-01         NaN
 1.0000E-03 8.6869E-01         NaN
 1.0000E-03 8.7071E-01         NaN
 1.0000E-03 8.7273E-01         NaN
 1.0000E-03 8.7475E-01         NaN
 1.0000E-03 8.7677E-01         NaN
 1.0000E-03 8.7879E-01         NaN
 1.0000E-03 8.8081E-01         NaN
 1.0000E-03 8.8283E-01         NaN
 1.0000E-03 8.8485E-01         NaN
 1.0000E-03 8.8687E-01         NaN
 1.0000E-03 8.8889E-01         NaN
 1.0000E-03 8.9091E-01         NaN
 1.0000E-03 8.9293E-01         NaN
 1.0000E-03 8.9495E-01         NaN
 1.0000E-03 8.9697E-01         NaN
 1.0000E-03 8.9899E-01         NaN
 1.0000E-03 9.0101E-01         NaN
 1.0000E-03 9.0303E-01         NaN
 1.0000E-03 9.0505E-01         NaN
 1.0000E-03 9.0707E-01         NaN
 1.0000E-03 9.0909E-01         NaN
 1.0000E-03 9.1111E-01         NaN
 1.0000E-03 9.1313E-01         NaN
 1.0000E-03 9.1515E-01         NaN
 1.0000E-03 9.1717E-01         NaN
 1.0000E-03 9.1919E-01         NaN
 1.0000E-03 9.2121E-01         NaN
 1.0000E-03 9.2323E-01         NaN
 1.0000E-03 9.2525E-01         NaN
 1.0000E-03 9.2727E-01         NaN
 1.0000E-03 9.2929E-01         NaN
 1.0000E-03 9.3131E-01         NaN
 1.0000E-03 9.3333E-01         NaN
 1.0000E-03 9.3535E-01         NaN
 1.0000E-03 9.3737E-01         NaN
 1.0000E-03 9.3939E-01         NaN
 1.0000E-03 9.4141E-01         NaN
 1.0000E-03 9.4343E-01         NaN
 1.0000E-03 9.4545E-01         NaN
 1.0000E-03 9.4747E-01         NaN
 1.0000E-03 9.4949E-01         NaN
 1.0000E-03 9.5152E-01         NaN
 1.0000E-03 9.5354E-01         NaN
 1.0000E-03 9.5556E-01         NaN
 1.0000E-03 9.5758E-01         NaN
 1.0000E-03 9.5960E-01         NaN
 1.0000E-03 9.6162E-01         NaN
 1.0000E-03 9.6364E-01         NaN
 1.0000E-03 9.6566E-01         NaN
 1.0000E-03 9.6768E-01         NaN
 1.0000E-03 9.6970E-01         NaN
 1.0000E-03 9.7172E-01         NaN
 1.0000E-03 9.7374E-01         NaN
 1.0000E-03 9.7576E-01         NaN
 1.0000E-03 9.7778E-01         NaN
 1.0000E-03 9.7980E-01         NaN
 1.0000E-03 9.8182E-01         NaN
 1.0000E-03 9.8384E-01         NaN
 1.0000E-03 9.8586E-01         NaN
 1.0000E-03 9.8788E-01         NaN
 1.0000E-03 9.8990E-01         NaN
 1.0000E-03 9.9192E-01         NaN
 1.0000E-03 9.9394E-01         NaN
 1.0000E-03 9.9596E-01         NaN
 1.0000E-03 9.9798E-01         NaN
 1.0000E-03 1.0000E+00         NaN
