 DDSCAT --- DDSCAT 7.3.3 [22.01.20]   
 TARGET --->TARGSPHER  spherical target with explicit spacing                 
 GPFAFT --- method of solution 
 FLTRCD --- prescription for polarizabilities
 FROM_FILE --- shape 
    4169 = NAT0 = number of dipoles
 ../../diel/Pena-Rioux_dielectric_26Au_74Ag                  
 ../../diel/Pena-Rioux_dielectric_65Au_35Ag                  
 ../../diel/Pena-Rioux_dielectric_76Au_24Ag                  
   0.000   0.000 = beta_min, beta_max ;  NBETA = 1
   0.000   0.000 = theta_min, theta_max; NTHETA= 1
   0.000   0.000 = phi_min, phi_max   ;   NPHI = 1
 Results averaged over    1 target orientations
                   and  2 incident polarizations
   aeff       wave       Q_pha       Q_pol       Q_cpol
 8.0000E-02 3.0000E-01 -1.8038E-01  1.4305E-06 -1.9372E-07
 8.0000E-02 3.0101E-01 -1.7898E-01 -5.2452E-06  6.8545E-07
 8.0000E-02 3.0203E-01 -1.7765E-01  2.3842E-07 -6.4075E-07
 8.0000E-02 3.0305E-01 -1.7640E-01  1.9073E-06  8.1956E-07
 8.0000E-02 3.0408E-01 -1.7524E-01 -7.1526E-06 -6.1095E-07
 8.0000E-02 3.0512E-01 -1.7415E-01 -1.6689E-06  1.7881E-06
 8.0000E-02 3.0616E-01 -1.7316E-01 -3.8147E-06  2.2352E-07
 8.0000E-02 3.0722E-01 -1.7226E-01 -4.5300E-06  1.0580E-06
 8.0000E-02 3.0828E-01 -1.7146E-01 -3.8147E-06  6.2585E-07
 8.0000E-02 3.0934E-01 -1.7073E-01  7.1526E-07 -7.4506E-07
 8.0000E-02 3.1042E-01 -1.7009E-01 -2.3842E-06  4.4703E-07
 8.0000E-02 3.1150E-01 -1.6953E-01  4.2915E-06 -5.3644E-07
 8.0000E-02 3.1259E-01 -1.6905E-01  4.0531E-06  3.1292E-07
 8.0000E-02 3.1368E-01 -1.6867E-01 -6.6757E-06 -1.4901E-08
 8.0000E-02 3.1479E-01 -1.6838E-01  5.0068E-06 -5.8115E-07
 8.0000E-02 3.1590E-01 -1.6819E-01  6.1989E-06  1.4901E-06
 8.0000E-02 3.1702E-01 -1.6809E-01 -5.9605E-06  1.1921E-07
 8.0000E-02 3.1815E-01 -1.6788E-01  6.4373E-06  4.9174E-07
 8.0000E-02 3.1929E-01 -1.6777E-01  6.9141E-06 -4.9174E-07
 8.0000E-02 3.2043E-01 -1.6782E-01 -2.6226E-06 -1.6391E-07
 8.0000E-02 3.2158E-01 -1.6802E-01  1.9073E-06 -2.3842E-07
 8.0000E-02 3.2274E-01 -1.6840E-01 -1.1921E-06 -2.0862E-07
 8.0000E-02 3.2391E-01 -1.6895E-01 -1.6689E-06  5.9605E-08
 8.0000E-02 3.2509E-01 -1.6968E-01  5.2452E-06 -2.5332E-07
 8.0000E-02 3.2628E-01 -1.7060E-01 -3.0994E-06  1.8775E-06
 8.0000E-02 3.2747E-01 -1.7194E-01 -1.9073E-06  7.5996E-07
 8.0000E-02 3.2868E-01 -1.7361E-01 -8.5831E-06  9.6858E-07
 8.0000E-02 3.2989E-01 -1.7560E-01 -6.4373E-06  1.8477E-06
 8.0000E-02 3.3111E-01 -1.7793E-01  1.9073E-06 -2.6822E-07
 8.0000E-02 3.3234E-01 -1.8061E-01 -2.6226E-06 -6.5565E-07
 8.0000E-02 3.3358E-01 -1.8366E-01 -1.1921E-06  5.2154E-07
 8.0000E-02 3.3483E-01 -1.8710E-01  5.7220E-06  5.0664E-07
 8.0000E-02 3.3609E-01 -1.9110E-01  3.5763E-06 -2.1905E-06
 8.0000E-02 3.3736E-01 -1.9565E-01  1.4305E-06  6.7055E-07
 8.0000E-02 3.3864E-01 -2.0057E-01 -1.8120E-05 -1.8924E-06
 8.0000E-02 3.3992E-01 -2.0586E-01 -5.9605E-06 -1.3411E-06
 8.0000E-02 3.4122E-01 -2.1154E-01 -1.4305E-06  2.5332E-07
 8.0000E-02 3.4253E-01 -2.1761E-01 -3.3379E-06 -2.6822E-06
 8.0000E-02 3.4385E-01 -2.2408E-01 -2.3842E-07 -1.4156E-06
 8.0000E-02 3.4517E-01 -2.3093E-01  1.3590E-05  2.8461E-06
 8.0000E-02 3.4651E-01 -2.3802E-01 -8.5831E-06 -1.6242E-06
 8.0000E-02 3.4786E-01 -2.4533E-01 -1.5497E-05  4.8429E-06
 8.0000E-02 3.4922E-01 -2.5287E-01  1.4305E-06 -9.8348E-07
 8.0000E-02 3.5059E-01 -2.6064E-01  6.6757E-06  3.8445E-06
 8.0000E-02 3.5197E-01 -2.6862E-01 -1.8358E-05  4.2617E-06
 8.0000E-02 3.5336E-01 -2.7683E-01 -4.7684E-07  3.8445E-06
 8.0000E-02 3.5476E-01 -2.8511E-01  1.7166E-05  8.6129E-06
 8.0000E-02 3.5618E-01 -2.9342E-01 -1.0967E-05  4.2021E-06
 8.0000E-02 3.5760E-01 -3.0177E-01 -1.4305E-06 -1.4007E-06
 8.0000E-02 3.5904E-01 -3.1018E-01 -3.5763E-06  1.4901E-07
 8.0000E-02 3.6048E-01 -3.1861E-01 -4.0531E-06  4.0829E-06
 8.0000E-02 3.6194E-01 -3.2708E-01 -9.0599E-06 -1.4007E-06
 8.0000E-02 3.6341E-01 -3.3553E-01 -2.8610E-06  3.2783E-07
 8.0000E-02 3.6490E-01 -3.4383E-01 -3.3379E-06  3.2187E-06
 8.0000E-02 3.6639E-01 -3.5207E-01  1.1921E-06 -1.9670E-06
 8.0000E-02 3.6790E-01 -3.6023E-01  2.1458E-06 -5.0664E-06
 8.0000E-02 3.6942E-01 -3.6831E-01  5.7220E-06  3.6359E-06
 8.0000E-02 3.7095E-01 -3.7629E-01  0.0000E+00  1.9372E-06
 8.0000E-02 3.7250E-01 -3.8415E-01 -1.3828E-05 -2.1756E-06
 8.0000E-02 3.7406E-01 -3.9184E-01 -2.3842E-06 -1.6689E-06
 8.0000E-02 3.7563E-01 -3.9941E-01 -1.3113E-05 -1.9073E-06
 8.0000E-02 3.7722E-01 -4.0686E-01  2.3842E-07 -2.0862E-07
 8.0000E-02 3.7881E-01 -4.1417E-01  1.6689E-06  8.9407E-07
 8.0000E-02 3.8043E-01 -4.2133E-01  4.2915E-06  1.2517E-06
 8.0000E-02 3.8205E-01 -4.2832E-01 -7.6294E-06 -1.7285E-06
 8.0000E-02 3.8369E-01 -4.3517E-01 -1.5259E-05  1.6093E-06
 8.0000E-02 3.8534E-01 -4.4189E-01  1.1921E-06  2.0564E-06
 8.0000E-02 3.8701E-01 -4.4848E-01 -1.6689E-06  6.2585E-07
 8.0000E-02 3.8870E-01 -4.5492E-01  5.4836E-06 -8.0466E-07
 8.0000E-02 3.9039E-01 -4.6120E-01 -2.3842E-07  1.2219E-06
 8.0000E-02 3.9211E-01 -4.6734E-01 -3.3379E-06 -9.8348E-07
 8.0000E-02 3.9383E-01 -4.7337E-01 -1.1921E-06  1.0729E-06
 8.0000E-02 3.9558E-01 -4.7929E-01  9.5367E-06  2.9802E-07
 8.0000E-02 3.9733E-01 -4.8509E-01  5.0068E-06  9.8348E-07
 8.0000E-02 3.9911E-01 -4.9075E-01  5.4836E-06 -4.7684E-07
 8.0000E-02 4.0090E-01 -4.9629E-01 -9.0599E-06  5.7817E-06
 8.0000E-02 4.0270E-01 -5.0176E-01  5.2452E-06  6.4373E-06
 8.0000E-02 4.0452E-01 -5.0713E-01  5.0068E-06 -1.0073E-05
 8.0000E-02 4.0636E-01 -5.1239E-01 -2.1458E-06 -9.5367E-07
 8.0000E-02 4.0822E-01 -5.1749E-01 -8.1062E-06  8.4639E-06
 8.0000E-02 4.1009E-01 -5.2249E-01 -2.2650E-05  9.0003E-06
 8.0000E-02 4.1198E-01 -5.2738E-01  5.9605E-06  2.3842E-06
 8.0000E-02 4.1389E-01 -5.3210E-01  9.5367E-07 -5.3644E-07
 8.0000E-02 4.1581E-01 -5.3660E-01  1.1921E-06 -8.2850E-06
 8.0000E-02 4.1776E-01 -5.4085E-01 -2.1458E-06  4.0531E-06
 8.0000E-02 4.1972E-01 -5.4493E-01 -5.4836E-06  9.5367E-07
 8.0000E-02 4.2170E-01 -5.4872E-01  5.0068E-06 -1.1921E-07
 8.0000E-02 4.2370E-01 -5.5221E-01 -1.3351E-05  3.8743E-06
 8.0000E-02 4.2571E-01 -5.5538E-01  2.3842E-06 -2.0266E-06
 8.0000E-02 4.2775E-01 -5.5830E-01 -8.1062E-06 -3.5763E-07
 8.0000E-02 4.2981E-01 -5.6094E-01 -5.4836E-06  1.9670E-06
 8.0000E-02 4.3188E-01 -5.6327E-01  3.8147E-06 -3.6359E-06
 8.0000E-02 4.3398E-01 -5.6531E-01  9.5367E-07  9.5367E-07
 8.0000E-02 4.3610E-01 -5.6712E-01  7.1526E-07  1.0133E-06
 8.0000E-02 4.3824E-01 -5.6872E-01 -3.0994E-06  1.9073E-06
 8.0000E-02 4.4039E-01 -5.7006E-01 -8.1062E-06  7.7486E-07
 8.0000E-02 4.4257E-01 -5.7119E-01  4.0531E-06 -1.0133E-06
 8.0000E-02 4.4478E-01 -5.7217E-01 -4.2915E-06 -8.9407E-07
 8.0000E-02 4.4700E-01 -5.7294E-01 -6.9141E-06 -1.5497E-06
 8.0000E-02 4.4925E-01 -5.7337E-01  0.0000E+00 -5.9605E-07
 8.0000E-02 4.5152E-01 -5.7343E-01  4.0531E-06  1.1921E-07
 8.0000E-02 4.5381E-01 -5.7303E-01 -1.0252E-05 -1.1921E-07
 8.0000E-02 4.5612E-01 -5.7190E-01  1.2159E-05  5.9605E-08
 8.0000E-02 4.5846E-01 -5.6977E-01 -5.9605E-06 -7.7486E-07
 8.0000E-02 4.6082E-01 -5.6644E-01  2.3842E-06 -1.6093E-06
 8.0000E-02 4.6321E-01 -5.6163E-01  9.5367E-07 -2.9802E-07
 8.0000E-02 4.6563E-01 -5.5482E-01 -1.1921E-05  1.6689E-06
 8.0000E-02 4.6806E-01 -5.4574E-01  4.2915E-06  9.5367E-07
 8.0000E-02 4.7053E-01 -5.3403E-01  9.5367E-07 -1.3113E-06
 8.0000E-02 4.7302E-01 -5.1929E-01  9.0599E-06 -5.9605E-08
 8.0000E-02 4.7553E-01 -5.0115E-01 -6.6757E-06 -3.5763E-07
 8.0000E-02 4.7807E-01 -4.7949E-01  0.0000E+00  2.6524E-06
 8.0000E-02 4.8065E-01 -4.5411E-01  4.2915E-06 -5.4240E-06
 8.0000E-02 4.8324E-01 -4.2495E-01  8.1062E-06 -1.3739E-05
 8.0000E-02 4.8587E-01 -3.9230E-01  1.5736E-05 -2.6524E-06
 8.0000E-02 4.8852E-01 -3.5637E-01  9.5367E-07 -3.8743E-07
 8.0000E-02 4.9121E-01 -3.1736E-01  6.1989E-06 -5.9605E-08
 8.0000E-02 4.9392E-01 -2.7577E-01 -2.3842E-06 -1.6987E-06
 8.0000E-02 4.9667E-01 -2.3190E-01 -1.2398E-05  1.1772E-06
 8.0000E-02 4.9944E-01 -1.8598E-01 -1.2875E-05  9.6411E-06
 8.0000E-02 5.0225E-01 -1.3833E-01 -3.2902E-05  1.4022E-05
 8.0000E-02 5.0508E-01 -8.9238E-02 -1.0967E-05  9.2536E-06
 8.0000E-02 5.0795E-01 -3.8880E-02 -1.4305E-05 -2.0601E-06
 8.0000E-02 5.1086E-01  1.2385E-02  5.2452E-06 -7.8417E-07
 8.0000E-02 5.1379E-01  6.4212E-02 -2.1458E-05 -2.0117E-06
 8.0000E-02 5.1676E-01  1.1615E-01 -1.3828E-05  6.5267E-06
 8.0000E-02 5.1977E-01  1.6768E-01  1.0967E-05  6.9141E-06
 8.0000E-02 5.2281E-01  2.1816E-01  1.4305E-05  3.2485E-06
 8.0000E-02 5.2588E-01  2.6672E-01  4.7684E-07 -1.3739E-05
 8.0000E-02 5.2899E-01  3.1232E-01 -5.6744E-05 -2.4438E-06
 8.0000E-02 5.3214E-01  3.5395E-01  5.7220E-06  1.3679E-05
 8.0000E-02 5.3533E-01  3.9068E-01 -3.3379E-06  5.7220E-06
 8.0000E-02 5.3855E-01  4.2200E-01 -6.0558E-05 -6.1691E-06
 8.0000E-02 5.4182E-01  4.4775E-01  3.3379E-06 -8.8215E-06
 8.0000E-02 5.4512E-01  4.6806E-01 -1.7166E-05 -1.2994E-05
 8.0000E-02 5.4847E-01  4.8337E-01  4.4823E-05 -1.4901E-05
 8.0000E-02 5.5185E-01  4.9458E-01 -7.1526E-06  3.8594E-05
 8.0000E-02 5.5528E-01  5.0259E-01  9.0599E-06 -6.9737E-06
 8.0000E-02 5.5875E-01  5.0822E-01  3.3379E-06 -1.7107E-05
 8.0000E-02 5.6226E-01  5.1219E-01  3.8147E-06 -5.6624E-06
 8.0000E-02 5.6582E-01  5.1487E-01 -5.4359E-05  1.3649E-05
 8.0000E-02 5.6943E-01  5.1646E-01  1.3828E-05 -6.5565E-07
 8.0000E-02 5.7308E-01  5.1698E-01  2.7180E-05 -6.9737E-06
 8.0000E-02 5.7677E-01  5.1635E-01 -4.7684E-07 -4.7684E-07
 8.0000E-02 5.8052E-01  5.1434E-01 -2.2411E-05  1.5199E-05
 8.0000E-02 5.8431E-01  5.1086E-01 -1.0014E-05  2.6822E-06
 8.0000E-02 5.8816E-01  5.0578E-01  6.3896E-05  2.4557E-05
 8.0000E-02 5.9205E-01  4.9884E-01  3.3379E-05  7.8976E-06
 8.0000E-02 5.9600E-01  4.8937E-01 -3.8147E-05 -1.8626E-05
 8.0000E-02 6.0000E-01  4.7667E-01 -6.9141E-05 -1.7077E-05
