 DDSCAT --- DDSCAT 7.3.3 [22.01.20]   
 TARGET --->TARGSPHER  spherical target with explicit spacing                 
 GPFAFT --- method of solution 
 GKDLDR --- prescription for polarizabilities
 FROM_FILE --- shape 
    4169 = NAT0 = number of dipoles
 ../../diel/Pena-Rioux_dielectric_26Au_74Ag                  
 ../../diel/Pena-Rioux_dielectric_34Au_66Ag                  
 ../../diel/Pena-Rioux_dielectric_65Au_35Ag                  
 ../../diel/Pena-Rioux_dielectric_85Au_15Ag                  
   0.000   0.000 = beta_min, beta_max ;  NBETA = 1
   0.000   0.000 = theta_min, theta_max; NTHETA= 1
   0.000   0.000 = phi_min, phi_max   ;   NPHI = 1
 0.5000 = ETASCA (param. controlling # of scatt. dirs used to calculate <cos> etc.
 Results averaged over    1 target orientations
                   and  2 incident polarizations
   aeff       wave       Q_ext     Q_abs      Q_sca     g(1)=<cos>  <cos^2>    Q_bk       Nsca
 4.0000E-02 3.0000E-01 2.4811E+00 1.7503E+00 7.3083E-01  2.5156E-01 4.1498E-01 3.7677E-02   408
 4.0000E-02 3.0101E-01 2.4717E+00 1.7485E+00 7.2323E-01  2.4972E-01 4.1478E-01 3.7622E-02   408
 4.0000E-02 3.0203E-01 2.4621E+00 1.7465E+00 7.1561E-01  2.4787E-01 4.1458E-01 3.7559E-02   408
 4.0000E-02 3.0305E-01 2.4524E+00 1.7445E+00 7.0795E-01  2.4603E-01 4.1438E-01 3.7486E-02   408
 4.0000E-02 3.0408E-01 2.4426E+00 1.7423E+00 7.0026E-01  2.4418E-01 4.1419E-01 3.7403E-02   408
 4.0000E-02 3.0512E-01 2.4326E+00 1.7401E+00 6.9253E-01  2.4234E-01 4.1399E-01 3.7312E-02   408
 4.0000E-02 3.0616E-01 2.4225E+00 1.7377E+00 6.8478E-01  2.4049E-01 4.1380E-01 3.7212E-02   408
 4.0000E-02 3.0722E-01 2.4122E+00 1.7352E+00 6.7700E-01  2.3864E-01 4.1362E-01 3.7104E-02   408
 4.0000E-02 3.0828E-01 2.4019E+00 1.7326E+00 6.6928E-01  2.3678E-01 4.1343E-01 3.6993E-02   408
 4.0000E-02 3.0934E-01 2.3920E+00 1.7302E+00 6.6187E-01  2.3489E-01 4.1324E-01 3.6895E-02   408
 4.0000E-02 3.1042E-01 2.3820E+00 1.7276E+00 6.5446E-01  2.3299E-01 4.1305E-01 3.6792E-02   408
 4.0000E-02 3.1150E-01 2.3720E+00 1.7249E+00 6.4708E-01  2.3109E-01 4.1286E-01 3.6682E-02   408
 4.0000E-02 3.1259E-01 2.3619E+00 1.7222E+00 6.3971E-01  2.2918E-01 4.1268E-01 3.6567E-02   408
 4.0000E-02 3.1368E-01 2.3517E+00 1.7193E+00 6.3235E-01  2.2726E-01 4.1250E-01 3.6446E-02   408
 4.0000E-02 3.1479E-01 2.3414E+00 1.7164E+00 6.2502E-01  2.2545E-01 4.1246E-01 3.6320E-02   362
 4.0000E-02 3.1590E-01 2.3310E+00 1.7133E+00 6.1771E-01  2.2352E-01 4.1228E-01 3.6189E-02   362
 4.0000E-02 3.1702E-01 2.3206E+00 1.7101E+00 6.1043E-01  2.2159E-01 4.1210E-01 3.6053E-02   363
 4.0000E-02 3.1815E-01 2.3096E+00 1.7067E+00 6.0294E-01  2.1965E-01 4.1193E-01 3.5898E-02   363
 4.0000E-02 3.1929E-01 2.2986E+00 1.7031E+00 5.9545E-01  2.1772E-01 4.1175E-01 3.5734E-02   363
 4.0000E-02 3.2043E-01 2.2874E+00 1.6994E+00 5.8798E-01  2.1579E-01 4.1158E-01 3.5564E-02   363
 4.0000E-02 3.2158E-01 2.2762E+00 1.6956E+00 5.8056E-01  2.1386E-01 4.1141E-01 3.5389E-02   363
 4.0000E-02 3.2274E-01 2.2648E+00 1.6917E+00 5.7319E-01  2.1193E-01 4.1124E-01 3.5209E-02   363
 4.0000E-02 3.2391E-01 2.2534E+00 1.6876E+00 5.6586E-01  2.0999E-01 4.1107E-01 3.5024E-02   363
 4.0000E-02 3.2509E-01 2.2420E+00 1.6834E+00 5.5859E-01  2.0806E-01 4.1091E-01 3.4835E-02   363
 4.0000E-02 3.2628E-01 2.2304E+00 1.6790E+00 5.5139E-01  2.0613E-01 4.1074E-01 3.4643E-02   363
 4.0000E-02 3.2747E-01 2.2181E+00 1.6742E+00 5.4396E-01  2.0423E-01 4.1058E-01 3.4424E-02   363
 4.0000E-02 3.2868E-01 2.2061E+00 1.6694E+00 5.3679E-01  2.0233E-01 4.1042E-01 3.4214E-02   363
 4.0000E-02 3.2989E-01 2.1945E+00 1.6646E+00 5.2992E-01  2.0042E-01 4.1027E-01 3.4016E-02   363
 4.0000E-02 3.3111E-01 2.1831E+00 1.6598E+00 5.2335E-01  1.9851E-01 4.1011E-01 3.3831E-02   363
 4.0000E-02 3.3234E-01 2.1721E+00 1.6550E+00 5.1711E-01  1.9660E-01 4.0995E-01 3.3660E-02   363
 4.0000E-02 3.3358E-01 2.1615E+00 1.6503E+00 5.1121E-01  1.9468E-01 4.0980E-01 3.3505E-02   363
 4.0000E-02 3.3483E-01 2.1513E+00 1.6456E+00 5.0567E-01  1.9276E-01 4.0964E-01 3.3368E-02   363
 4.0000E-02 3.3609E-01 2.1421E+00 1.6413E+00 5.0082E-01  1.9083E-01 4.0949E-01 3.3273E-02   363
 4.0000E-02 3.3736E-01 2.1343E+00 1.6375E+00 4.9680E-01  1.8888E-01 4.0933E-01 3.3230E-02   363
 4.0000E-02 3.3864E-01 2.1273E+00 1.6339E+00 4.9336E-01  1.8691E-01 4.0917E-01 3.3222E-02   363
 4.0000E-02 3.3992E-01 2.1212E+00 1.6307E+00 4.9048E-01  1.8494E-01 4.0902E-01 3.3250E-02   363
 4.0000E-02 3.4122E-01 2.1160E+00 1.6278E+00 4.8821E-01  1.8296E-01 4.0886E-01 3.3316E-02   363
 4.0000E-02 3.4253E-01 2.1117E+00 1.6252E+00 4.8654E-01  1.8097E-01 4.0870E-01 3.3422E-02   363
 4.0000E-02 3.4385E-01 2.1085E+00 1.6230E+00 4.8551E-01  1.7898E-01 4.0854E-01 3.3571E-02   363
 4.0000E-02 3.4517E-01 2.1064E+00 1.6212E+00 4.8519E-01  1.7698E-01 4.0839E-01 3.3768E-02   363
 4.0000E-02 3.4651E-01 2.1055E+00 1.6200E+00 4.8553E-01  1.7498E-01 4.0823E-01 3.4012E-02   363
 4.0000E-02 3.4786E-01 2.1056E+00 1.6191E+00 4.8646E-01  1.7297E-01 4.0807E-01 3.4299E-02   363
 4.0000E-02 3.4922E-01 2.1066E+00 1.6186E+00 4.8800E-01  1.7096E-01 4.0792E-01 3.4629E-02   363
 4.0000E-02 3.5059E-01 2.1087E+00 1.6186E+00 4.9017E-01  1.6894E-01 4.0776E-01 3.5006E-02   363
 4.0000E-02 3.5197E-01 2.1119E+00 1.6189E+00 4.9299E-01  1.6693E-01 4.0760E-01 3.5430E-02   363
 4.0000E-02 3.5336E-01 2.1162E+00 1.6197E+00 4.9648E-01  1.6492E-01 4.0745E-01 3.5906E-02   363
 4.0000E-02 3.5476E-01 2.1214E+00 1.6209E+00 5.0052E-01  1.6290E-01 4.0729E-01 3.6425E-02   363
 4.0000E-02 3.5618E-01 2.1276E+00 1.6224E+00 5.0512E-01  1.6090E-01 4.0714E-01 3.6988E-02   363
 4.0000E-02 3.5760E-01 2.1347E+00 1.6244E+00 5.1034E-01  1.5889E-01 4.0699E-01 3.7601E-02   363
 4.0000E-02 3.5904E-01 2.1429E+00 1.6267E+00 5.1619E-01  1.5689E-01 4.0684E-01 3.8265E-02   363
 4.0000E-02 3.6048E-01 2.1522E+00 1.6295E+00 5.2274E-01  1.5489E-01 4.0669E-01 3.8984E-02   363
 4.0000E-02 3.6194E-01 2.1627E+00 1.6327E+00 5.2997E-01  1.5290E-01 4.0654E-01 3.9761E-02   363
 4.0000E-02 3.6341E-01 2.1743E+00 1.6364E+00 5.3791E-01  1.5092E-01 4.0640E-01 4.0596E-02   363
 4.0000E-02 3.6490E-01 2.1870E+00 1.6404E+00 5.4656E-01  1.4895E-01 4.0625E-01 4.1490E-02   363
 4.0000E-02 3.6639E-01 2.2009E+00 1.6450E+00 5.5595E-01  1.4698E-01 4.0611E-01 4.2448E-02   363
 4.0000E-02 3.6790E-01 2.2161E+00 1.6500E+00 5.6615E-01  1.4503E-01 4.0597E-01 4.3473E-02   363
 4.0000E-02 3.6942E-01 2.2328E+00 1.6556E+00 5.7720E-01  1.4310E-01 4.0583E-01 4.4570E-02   363
 4.0000E-02 3.7095E-01 2.2509E+00 1.6617E+00 5.8915E-01  1.4118E-01 4.0569E-01 4.5744E-02   363
 4.0000E-02 3.7250E-01 2.2706E+00 1.6685E+00 6.0210E-01  1.3928E-01 4.0555E-01 4.7003E-02   363
 4.0000E-02 3.7406E-01 2.2922E+00 1.6761E+00 6.1610E-01  1.3741E-01 4.0542E-01 4.8351E-02   363
 4.0000E-02 3.7563E-01 2.3154E+00 1.6843E+00 6.3108E-01  1.3556E-01 4.0528E-01 4.9784E-02   363
 4.0000E-02 3.7722E-01 2.3405E+00 1.6933E+00 6.4717E-01  1.3373E-01 4.0515E-01 5.1313E-02   363
 4.0000E-02 3.7881E-01 2.3675E+00 1.7031E+00 6.6442E-01  1.3192E-01 4.0502E-01 5.2943E-02   363
 4.0000E-02 3.8043E-01 2.3966E+00 1.7137E+00 6.8293E-01  1.3014E-01 4.0489E-01 5.4684E-02   363
 4.0000E-02 3.8205E-01 2.4281E+00 1.7253E+00 7.0278E-01  1.2838E-01 4.0476E-01 5.6541E-02   363
 4.0000E-02 3.8369E-01 2.4619E+00 1.7379E+00 7.2392E-01  1.2665E-01 4.0464E-01 5.8515E-02   363
 4.0000E-02 3.8534E-01 2.4980E+00 1.7515E+00 7.4645E-01  1.2493E-01 4.0451E-01 6.0612E-02   363
 4.0000E-02 3.8701E-01 2.5366E+00 1.7662E+00 7.7044E-01  1.2324E-01 4.0438E-01 6.2842E-02   363
 4.0000E-02 3.8870E-01 2.5780E+00 1.7820E+00 7.9603E-01  1.2157E-01 4.0426E-01 6.5216E-02   363
 4.0000E-02 3.9039E-01 2.6223E+00 1.7989E+00 8.2338E-01  1.1999E-01 4.0430E-01 6.7750E-02   323
 4.0000E-02 3.9211E-01 2.6695E+00 1.8171E+00 8.5234E-01  1.1834E-01 4.0418E-01 7.0435E-02   323
 4.0000E-02 3.9383E-01 2.7196E+00 1.8366E+00 8.8306E-01  1.1670E-01 4.0405E-01 7.3286E-02   323
 4.0000E-02 3.9558E-01 2.7730E+00 1.8574E+00 9.1569E-01  1.1507E-01 4.0392E-01 7.6318E-02   323
 4.0000E-02 3.9733E-01 2.8299E+00 1.8795E+00 9.5039E-01  1.1342E-01 4.0379E-01 7.9547E-02   323
 4.0000E-02 3.9911E-01 2.8904E+00 1.9032E+00 9.8730E-01  1.1177E-01 4.0366E-01 8.2992E-02   323
 4.0000E-02 4.0090E-01 2.9546E+00 1.9282E+00 1.0264E+00  1.1010E-01 4.0352E-01 8.6659E-02   323
 4.0000E-02 4.0270E-01 3.0226E+00 1.9548E+00 1.0679E+00  1.0840E-01 4.0339E-01 9.0565E-02   323
 4.0000E-02 4.0452E-01 3.0947E+00 1.9828E+00 1.1119E+00  1.0666E-01 4.0325E-01 9.4738E-02   323
 4.0000E-02 4.0636E-01 3.1710E+00 2.0124E+00 1.1586E+00  1.0486E-01 4.0310E-01 9.9203E-02   323
 4.0000E-02 4.0822E-01 3.2518E+00 2.0435E+00 1.2082E+00  1.0299E-01 4.0296E-01 1.0399E-01   323
 4.0000E-02 4.1009E-01 3.3370E+00 2.0761E+00 1.2609E+00  1.0103E-01 4.0281E-01 1.0913E-01   323
 4.0000E-02 4.1198E-01 3.4269E+00 2.1101E+00 1.3168E+00  9.8965E-02 4.0266E-01 1.1465E-01   323
 4.0000E-02 4.1389E-01 3.5215E+00 2.1454E+00 1.3761E+00  9.6763E-02 4.0250E-01 1.2061E-01   323
 4.0000E-02 4.1581E-01 3.6210E+00 2.1818E+00 1.4392E+00  9.4402E-02 4.0235E-01 1.2704E-01   323
 4.0000E-02 4.1776E-01 3.7255E+00 2.2193E+00 1.5061E+00  9.1856E-02 4.0219E-01 1.3402E-01   323
 4.0000E-02 4.1972E-01 3.8348E+00 2.2576E+00 1.5772E+00  8.9105E-02 4.0203E-01 1.4158E-01   323
 4.0000E-02 4.2170E-01 3.9488E+00 2.2963E+00 1.6526E+00  8.6131E-02 4.0188E-01 1.4980E-01   323
 4.0000E-02 4.2370E-01 4.0676E+00 2.3351E+00 1.7325E+00  8.2920E-02 4.0173E-01 1.5872E-01   323
 4.0000E-02 4.2571E-01 4.1909E+00 2.3738E+00 1.8171E+00  7.9468E-02 4.0158E-01 1.6841E-01   323
 4.0000E-02 4.2775E-01 4.3186E+00 2.4121E+00 1.9066E+00  7.5785E-02 4.0144E-01 1.7892E-01   323
 4.0000E-02 4.2981E-01 4.4506E+00 2.4496E+00 2.0010E+00  7.1900E-02 4.0131E-01 1.9026E-01   323
 4.0000E-02 4.3188E-01 4.5866E+00 2.4863E+00 2.1002E+00  6.7857E-02 4.0119E-01 2.0246E-01   323
 4.0000E-02 4.3398E-01 4.7264E+00 2.5222E+00 2.2043E+00  6.3709E-02 4.0109E-01 2.1550E-01   323
 4.0000E-02 4.3610E-01 4.8702E+00 2.5572E+00 2.3130E+00  5.9520E-02 4.0100E-01 2.2933E-01   323
 4.0000E-02 4.3824E-01 5.0175E+00 2.5918E+00 2.4257E+00  5.5364E-02 4.0092E-01 2.4386E-01   323
 4.0000E-02 4.4039E-01 5.1681E+00 2.6261E+00 2.5421E+00  5.1313E-02 4.0086E-01 2.5900E-01   323
 4.0000E-02 4.4257E-01 5.3219E+00 2.6604E+00 2.6614E+00  4.7430E-02 4.0081E-01 2.7461E-01   323
 4.0000E-02 4.4478E-01 5.4782E+00 2.6953E+00 2.7829E+00  4.3767E-02 4.0078E-01 2.9054E-01   323
 4.0000E-02 4.4700E-01 5.6361E+00 2.7309E+00 2.9052E+00  4.0368E-02 4.0076E-01 3.0658E-01   323
 4.0000E-02 4.4925E-01 5.7946E+00 2.7674E+00 3.0273E+00  3.7252E-02 4.0074E-01 3.2257E-01   323
 4.0000E-02 4.5152E-01 5.9526E+00 2.8047E+00 3.1478E+00  3.4426E-02 4.0074E-01 3.3831E-01   323
 4.0000E-02 4.5381E-01 6.1081E+00 2.8428E+00 3.2654E+00  3.1884E-02 4.0074E-01 3.5361E-01   323
 4.0000E-02 4.5612E-01 6.2594E+00 2.8810E+00 3.3784E+00  2.9608E-02 4.0074E-01 3.6829E-01   323
 4.0000E-02 4.5846E-01 6.4046E+00 2.9189E+00 3.4857E+00  2.7568E-02 4.0075E-01 3.8221E-01   323
 4.0000E-02 4.6082E-01 6.5418E+00 2.9557E+00 3.5861E+00  2.5738E-02 4.0076E-01 3.9522E-01   323
 4.0000E-02 4.6321E-01 6.6691E+00 2.9908E+00 3.6783E+00  2.4086E-02 4.0077E-01 4.0722E-01   323
 4.0000E-02 4.6563E-01 6.7853E+00 3.0234E+00 3.7619E+00  2.2585E-02 4.0079E-01 4.1815E-01   323
 4.0000E-02 4.6806E-01 6.8895E+00 3.0526E+00 3.8370E+00  2.1209E-02 4.0081E-01 4.2804E-01   323
 4.0000E-02 4.7053E-01 6.9812E+00 3.0778E+00 3.9034E+00  1.9937E-02 4.0082E-01 4.3688E-01   323
 4.0000E-02 4.7302E-01 7.0596E+00 3.0984E+00 3.9612E+00  1.8752E-02 4.0084E-01 4.4468E-01   323
 4.0000E-02 4.7553E-01 7.1245E+00 3.1138E+00 4.0108E+00  1.7637E-02 4.0086E-01 4.5149E-01   323
 4.0000E-02 4.7807E-01 7.1746E+00 3.1233E+00 4.0514E+00  1.6579E-02 4.0087E-01 4.5724E-01   323
 4.0000E-02 4.8065E-01 7.2082E+00 3.1263E+00 4.0819E+00  1.5568E-02 4.0088E-01 4.6179E-01   323
 4.0000E-02 4.8324E-01 7.2235E+00 3.1225E+00 4.1010E+00  1.4598E-02 4.0089E-01 4.6499E-01   323
 4.0000E-02 4.8587E-01 7.2190E+00 3.1116E+00 4.1075E+00  1.3662E-02 4.0090E-01 4.6670E-01   323
 4.0000E-02 4.8852E-01 7.1939E+00 3.0937E+00 4.1002E+00  1.2757E-02 4.0090E-01 4.6680E-01   323
 4.0000E-02 4.9121E-01 7.1482E+00 3.0690E+00 4.0792E+00  1.1880E-02 4.0090E-01 4.6527E-01   323
 4.0000E-02 4.9392E-01 7.0832E+00 3.0379E+00 4.0453E+00  1.1026E-02 4.0089E-01 4.6224E-01   323
 4.0000E-02 4.9667E-01 7.0007E+00 3.0008E+00 3.9998E+00  1.0190E-02 4.0089E-01 4.5784E-01   323
 4.0000E-02 4.9944E-01 6.9025E+00 2.9582E+00 3.9443E+00  9.3721E-03 4.0089E-01 4.5227E-01   323
 4.0000E-02 5.0225E-01 6.7905E+00 2.9104E+00 3.8801E+00  8.5679E-03 4.0089E-01 4.4566E-01   323
 4.0000E-02 5.0508E-01 6.6659E+00 2.8578E+00 3.8081E+00  7.7768E-03 4.0089E-01 4.3813E-01   323
 4.0000E-02 5.0795E-01 6.5301E+00 2.8009E+00 3.7292E+00  6.9977E-03 4.0090E-01 4.2977E-01   324
 4.0000E-02 5.1086E-01 6.3848E+00 2.7406E+00 3.6442E+00  6.2286E-03 4.0090E-01 4.2067E-01   324
 4.0000E-02 5.1379E-01 6.2323E+00 2.6777E+00 3.5546E+00  5.5022E-03 4.0111E-01 4.1102E-01   285
 4.0000E-02 5.1676E-01 6.0757E+00 2.6128E+00 3.4629E+00  4.7447E-03 4.0112E-01 4.0108E-01   285
 4.0000E-02 5.1977E-01 5.9173E+00 2.5459E+00 3.3715E+00  3.9874E-03 4.0112E-01 3.9115E-01   285
 4.0000E-02 5.2281E-01 5.7587E+00 2.4762E+00 3.2824E+00  3.2253E-03 4.0113E-01 3.8147E-01   285
 4.0000E-02 5.2588E-01 5.5990E+00 2.4026E+00 3.1964E+00  2.4554E-03 4.0114E-01 3.7213E-01   285
 4.0000E-02 5.2899E-01 5.4361E+00 2.3235E+00 3.1126E+00  1.6752E-03 4.0115E-01 3.6301E-01   285
 4.0000E-02 5.3214E-01 5.2669E+00 2.2379E+00 3.0290E+00  8.8347E-04 4.0116E-01 3.5390E-01   285
 4.0000E-02 5.3533E-01 5.0887E+00 2.1456E+00 2.9430E+00  7.8887E-05 4.0117E-01 3.4448E-01   285
 4.0000E-02 5.3855E-01 4.9001E+00 2.0477E+00 2.8523E+00 -7.3686E-04 4.0117E-01 3.3447E-01   285
 4.0000E-02 5.4182E-01 4.7016E+00 1.9460E+00 2.7556E+00 -1.5626E-03 4.0118E-01 3.2372E-01   285
 4.0000E-02 5.4512E-01 4.4954E+00 1.8427E+00 2.6527E+00 -2.3939E-03 4.0118E-01 3.1220E-01   285
 4.0000E-02 5.4847E-01 4.2849E+00 1.7404E+00 2.5446E+00 -3.2289E-03 4.0118E-01 3.0001E-01   285
 4.0000E-02 5.5185E-01 4.0734E+00 1.6406E+00 2.4329E+00 -4.0653E-03 4.0118E-01 2.8735E-01   285
 4.0000E-02 5.5528E-01 3.8641E+00 1.5448E+00 2.3192E+00 -4.9002E-03 4.0118E-01 2.7441E-01   285
 4.0000E-02 5.5875E-01 3.6593E+00 1.4541E+00 2.2052E+00 -5.7317E-03 4.0118E-01 2.6135E-01   285
 4.0000E-02 5.6226E-01 3.4616E+00 1.3695E+00 2.0921E+00 -6.5573E-03 4.0117E-01 2.4836E-01   285
 4.0000E-02 5.6582E-01 3.2730E+00 1.2916E+00 1.9814E+00 -7.3758E-03 4.0116E-01 2.3560E-01   285
 4.0000E-02 5.6943E-01 3.0951E+00 1.2204E+00 1.8747E+00 -8.1905E-03 4.0115E-01 2.2328E-01   285
 4.0000E-02 5.7308E-01 2.9282E+00 1.1553E+00 1.7729E+00 -9.0058E-03 4.0114E-01 2.1149E-01   285
 4.0000E-02 5.7677E-01 2.7715E+00 1.0951E+00 1.6764E+00 -9.8274E-03 4.0114E-01 2.0032E-01   285
 4.0000E-02 5.8052E-01 2.6242E+00 1.0390E+00 1.5851E+00 -1.0660E-02 4.0113E-01 1.8972E-01   285
 4.0000E-02 5.8431E-01 2.4854E+00 9.8692E-01 1.4985E+00 -1.1506E-02 4.0112E-01 1.7966E-01   285
 4.0000E-02 5.8816E-01 2.3550E+00 9.3875E-01 1.4163E+00 -1.2365E-02 4.0112E-01 1.7009E-01   285
 4.0000E-02 5.9205E-01 2.2335E+00 8.9516E-01 1.3383E+00 -1.3236E-02 4.0111E-01 1.6101E-01   285
 4.0000E-02 5.9600E-01 2.1212E+00 8.5632E-01 1.2649E+00 -1.4111E-02 4.0111E-01 1.5246E-01   285
 4.0000E-02 6.0000E-01 2.0185E+00 8.2197E-01 1.1965E+00 -1.4985E-02 4.0111E-01 1.4448E-01   285
