 DDSCAT --- DDSCAT 7.3.3 [22.01.20]   
 TARGET --->TARGSPHER  spherical target with explicit spacing                 
 GPFAFT --- method of solution 
 GKDLDR --- prescription for polarizabilities
 FROM_FILE --- shape 
    4169 = NAT0 = number of dipoles
 ../../diel/Pena-Rioux_dielectric_26Au_74Ag                  
 ../../diel/Pena-Rioux_dielectric_34Au_66Ag                  
 ../../diel/Pena-Rioux_dielectric_65Au_35Ag                  
 ../../diel/Pena-Rioux_dielectric_85Au_15Ag                  
   0.000   0.000 = beta_min, beta_max ;  NBETA = 1
   0.000   0.000 = theta_min, theta_max; NTHETA= 1
   0.000   0.000 = phi_min, phi_max   ;   NPHI = 1
 Results averaged over    1 target orientations
                   and  2 incident polarizations
   aeff       wave       Q_pha       Q_pol       Q_cpol
 4.0000E-02 3.0000E-01 -5.6713E-02 -7.1526E-07  9.6858E-08
 4.0000E-02 3.0101E-01 -5.5789E-02 -4.0531E-06 -6.7055E-08
 4.0000E-02 3.0203E-01 -5.5074E-02 -3.5763E-06  1.8626E-08
 4.0000E-02 3.0305E-01 -5.4575E-02 -1.9073E-06 -1.8626E-08
 4.0000E-02 3.0408E-01 -5.4298E-02  1.6689E-06  0.0000E+00
 4.0000E-02 3.0512E-01 -5.4252E-02  4.7684E-07 -2.9802E-08
 4.0000E-02 3.0616E-01 -5.4442E-02 -2.8610E-06 -3.3528E-08
 4.0000E-02 3.0722E-01 -5.4876E-02  7.1526E-07 -5.5879E-08
 4.0000E-02 3.0828E-01 -5.5547E-02  4.7684E-07  8.9407E-08
 4.0000E-02 3.0934E-01 -5.6395E-02  4.2915E-06  1.1176E-08
 4.0000E-02 3.1042E-01 -5.7460E-02  3.3379E-06  5.2154E-08
 4.0000E-02 3.1150E-01 -5.8747E-02 -2.8610E-06 -1.1176E-08
 4.0000E-02 3.1259E-01 -6.0265E-02 -4.5300E-06 -1.4901E-08
 4.0000E-02 3.1368E-01 -6.2020E-02 -2.1458E-06 -8.5682E-08
 4.0000E-02 3.1479E-01 -6.4019E-02 -2.3842E-06 -1.4901E-08
 4.0000E-02 3.1590E-01 -6.6270E-02 -9.5367E-07 -4.4703E-08
 4.0000E-02 3.1702E-01 -6.8781E-02  4.2915E-06 -8.9407E-08
 4.0000E-02 3.1815E-01 -7.1252E-02  1.6689E-06  1.4901E-08
 4.0000E-02 3.1929E-01 -7.3997E-02 -9.5367E-07 -2.2352E-08
 4.0000E-02 3.2043E-01 -7.7083E-02 -7.1526E-07  2.0117E-07
 4.0000E-02 3.2158E-01 -8.0522E-02 -2.6226E-06 -5.9605E-08
 4.0000E-02 3.2274E-01 -8.4325E-02  9.5367E-07  7.4506E-09
 4.0000E-02 3.2391E-01 -8.8505E-02 -4.7684E-07 -4.4703E-08
 4.0000E-02 3.2509E-01 -9.3073E-02 -1.6689E-06 -3.7253E-08
 4.0000E-02 3.2628E-01 -9.8043E-02  1.1921E-06 -1.7136E-07
 4.0000E-02 3.2747E-01 -1.0395E-01  3.0994E-06  0.0000E+00
 4.0000E-02 3.2868E-01 -1.1037E-01  1.4305E-06 -8.9407E-08
 4.0000E-02 3.2989E-01 -1.1729E-01 -2.3842E-06  1.0431E-07
 4.0000E-02 3.3111E-01 -1.2472E-01 -3.0994E-06  7.4506E-09
 4.0000E-02 3.3234E-01 -1.3268E-01  4.7684E-07  2.5332E-07
 4.0000E-02 3.3358E-01 -1.4119E-01 -1.1921E-06 -1.1921E-07
 4.0000E-02 3.3483E-01 -1.5026E-01 -9.5367E-07  2.3842E-07
 4.0000E-02 3.3609E-01 -1.6003E-01  2.3842E-07  0.0000E+00
 4.0000E-02 3.3736E-01 -1.7038E-01  3.8147E-06 -1.1921E-07
 4.0000E-02 3.3864E-01 -1.8114E-01  7.1526E-07 -1.0431E-07
 4.0000E-02 3.3992E-01 -1.9231E-01  0.0000E+00 -5.9605E-08
 4.0000E-02 3.4122E-01 -2.0392E-01  2.6226E-06  5.9605E-08
 4.0000E-02 3.4253E-01 -2.1596E-01  9.5367E-07  1.9372E-07
 4.0000E-02 3.4385E-01 -2.2846E-01  5.9605E-06 -4.4703E-08
 4.0000E-02 3.4517E-01 -2.4126E-01  0.0000E+00  8.9407E-08
 4.0000E-02 3.4651E-01 -2.5414E-01  0.0000E+00 -2.0862E-07
 4.0000E-02 3.4786E-01 -2.6727E-01 -1.1921E-06  4.1723E-07
 4.0000E-02 3.4922E-01 -2.8067E-01  3.3379E-06  2.6822E-07
 4.0000E-02 3.5059E-01 -2.9434E-01  0.0000E+00  1.1921E-07
 4.0000E-02 3.5197E-01 -3.0829E-01  9.5367E-07 -2.6822E-07
 4.0000E-02 3.5336E-01 -3.2254E-01  4.5300E-06 -9.8348E-07
 4.0000E-02 3.5476E-01 -3.3694E-01  5.4836E-06  5.9605E-07
 4.0000E-02 3.5618E-01 -3.5151E-01  2.3842E-07 -3.8743E-07
 4.0000E-02 3.5760E-01 -3.6634E-01  3.8147E-06  4.7684E-07
 4.0000E-02 3.5904E-01 -3.8141E-01 -3.8147E-06  3.8743E-07
 4.0000E-02 3.6048E-01 -3.9676E-01 -2.3842E-06 -2.6822E-07
 4.0000E-02 3.6194E-01 -4.1239E-01  1.6689E-06 -4.7684E-07
 4.0000E-02 3.6341E-01 -4.2832E-01  7.1526E-07 -3.8743E-07
 4.0000E-02 3.6490E-01 -4.4458E-01  2.3842E-06  2.3842E-07
 4.0000E-02 3.6639E-01 -4.6113E-01 -1.0014E-05  8.9407E-08
 4.0000E-02 3.6790E-01 -4.7798E-01 -2.6226E-06  8.9407E-08
 4.0000E-02 3.6942E-01 -4.9514E-01  9.5367E-07  6.2585E-07
 4.0000E-02 3.7095E-01 -5.1263E-01 -4.2915E-06 -1.1325E-06
 4.0000E-02 3.7250E-01 -5.3048E-01 -8.3447E-06  8.9407E-07
 4.0000E-02 3.7406E-01 -5.4867E-01 -3.3379E-06 -1.4901E-06
 4.0000E-02 3.7563E-01 -5.6710E-01  1.4305E-06  1.3113E-06
 4.0000E-02 3.7722E-01 -5.8585E-01  0.0000E+00  2.9802E-07
 4.0000E-02 3.7881E-01 -6.0488E-01 -1.6689E-06 -1.0729E-06
 4.0000E-02 3.8043E-01 -6.2422E-01 -1.6689E-06 -5.3644E-07
 4.0000E-02 3.8205E-01 -6.4378E-01 -9.5367E-07 -1.3113E-06
 4.0000E-02 3.8369E-01 -6.6348E-01  2.1458E-06 -3.5763E-07
 4.0000E-02 3.8534E-01 -6.8337E-01  1.9073E-06  3.5763E-07
 4.0000E-02 3.8701E-01 -7.0341E-01  5.2452E-06 -1.0133E-06
 4.0000E-02 3.8870E-01 -7.2359E-01 -5.2452E-06 -2.3842E-07
 4.0000E-02 3.9039E-01 -7.4389E-01 -1.6689E-06 -1.1921E-07
 4.0000E-02 3.9211E-01 -7.6409E-01  4.7684E-06 -1.4901E-06
 4.0000E-02 3.9383E-01 -7.8429E-01 -9.5367E-07 -1.9670E-06
 4.0000E-02 3.9558E-01 -8.0442E-01  1.6689E-06 -8.3447E-07
 4.0000E-02 3.9733E-01 -8.2440E-01  2.6226E-06 -9.5367E-07
 4.0000E-02 3.9911E-01 -8.4415E-01 -6.6757E-06  9.5367E-07
 4.0000E-02 4.0090E-01 -8.6355E-01 -1.1921E-06 -4.7684E-07
 4.0000E-02 4.0270E-01 -8.8254E-01 -3.0994E-06 -6.5565E-07
 4.0000E-02 4.0452E-01 -9.0103E-01  1.9073E-06 -8.9407E-07
 4.0000E-02 4.0636E-01 -9.1885E-01 -5.2452E-06 -1.7881E-07
 4.0000E-02 4.0822E-01 -9.3585E-01  2.6226E-06 -1.1921E-06
 4.0000E-02 4.1009E-01 -9.5190E-01 -2.3842E-06 -3.2187E-06
 4.0000E-02 4.1198E-01 -9.6686E-01  1.4305E-06 -4.7684E-07
 4.0000E-02 4.1389E-01 -9.8048E-01  9.7752E-06  1.3113E-06
 4.0000E-02 4.1581E-01 -9.9255E-01  1.5020E-05 -1.4305E-06
 4.0000E-02 4.1776E-01 -1.0028E+00 -7.1526E-06  1.4305E-06
 4.0000E-02 4.1972E-01 -1.0111E+00  3.5763E-06 -2.3842E-06
 4.0000E-02 4.2170E-01 -1.0172E+00 -9.0599E-06  1.5497E-06
 4.0000E-02 4.2370E-01 -1.0208E+00  4.2915E-06 -1.0729E-06
 4.0000E-02 4.2571E-01 -1.0217E+00 -1.2398E-05 -5.2452E-06
 4.0000E-02 4.2775E-01 -1.0196E+00  1.4305E-06 -2.9802E-06
 4.0000E-02 4.2981E-01 -1.0144E+00  2.2888E-05 -8.3447E-07
 4.0000E-02 4.3188E-01 -1.0058E+00 -1.5736E-05  1.4305E-06
 4.0000E-02 4.3398E-01 -9.9364E-01 -9.5367E-07  1.7881E-06
 4.0000E-02 4.3610E-01 -9.7758E-01 -7.1526E-06 -7.7486E-07
 4.0000E-02 4.3824E-01 -9.5726E-01  1.7643E-05  4.5896E-06
 4.0000E-02 4.4039E-01 -9.3245E-01  1.0014E-05  1.7285E-06
 4.0000E-02 4.4257E-01 -9.0264E-01  6.1989E-06  4.5896E-06
 4.0000E-02 4.4478E-01 -8.6728E-01  5.2452E-06 -1.1921E-06
 4.0000E-02 4.4700E-01 -8.2590E-01  1.3828E-05  6.6161E-06
 4.0000E-02 4.4925E-01 -7.7813E-01 -1.4305E-06 -7.1526E-07
 4.0000E-02 4.5152E-01 -7.2346E-01  5.2452E-06 -8.3447E-07
 4.0000E-02 4.5381E-01 -6.6148E-01  1.0967E-05  2.5034E-06
 4.0000E-02 4.5612E-01 -5.9214E-01 -7.6294E-06  1.1325E-06
 4.0000E-02 4.5846E-01 -5.1554E-01  5.7220E-06  1.7881E-07
 4.0000E-02 4.6082E-01 -4.3188E-01  4.7684E-06 -1.5199E-06
 4.0000E-02 4.6321E-01 -3.4157E-01  9.0599E-06 -1.0729E-06
 4.0000E-02 4.6563E-01 -2.4534E-01 -3.9101E-05  1.6987E-06
 4.0000E-02 4.6806E-01 -1.4382E-01  1.6212E-05  8.5235E-06
 4.0000E-02 4.7053E-01 -3.7522E-02 -2.9564E-05 -5.8748E-06
 4.0000E-02 4.7302E-01  7.3163E-02 -1.2398E-05 -2.4065E-06
 4.0000E-02 4.7553E-01  1.8798E-01 -3.3379E-06 -1.3858E-06
 4.0000E-02 4.7807E-01  3.0678E-01 -1.7166E-05  5.6624E-07
 4.0000E-02 4.8065E-01  4.2913E-01 -2.3365E-05 -6.8545E-07
 4.0000E-02 4.8324E-01  5.5425E-01 -9.5367E-07 -4.7088E-06
 4.0000E-02 4.8587E-01  6.8110E-01 -1.4305E-05 -2.2650E-06
 4.0000E-02 4.8852E-01  8.0809E-01  2.8133E-05  7.5698E-06
 4.0000E-02 4.9121E-01  9.3352E-01 -4.2915E-06 -9.0599E-06
 4.0000E-02 4.9392E-01  1.0561E+00 -2.1935E-05  1.0133E-05
 4.0000E-02 4.9667E-01  1.1746E+00  5.0545E-05 -2.0981E-05
 4.0000E-02 4.9944E-01  1.2882E+00  1.2398E-05 -3.6955E-06
 4.0000E-02 5.0225E-01  1.3967E+00  1.5259E-05  9.5367E-06
 4.0000E-02 5.0508E-01  1.4996E+00  1.3351E-05  1.6093E-05
 4.0000E-02 5.0795E-01  1.5965E+00 -4.2915E-06 -5.6028E-06
 4.0000E-02 5.1086E-01  1.6869E+00  7.6294E-06 -2.7418E-06
 4.0000E-02 5.1379E-01  1.7702E+00 -7.1526E-05 -1.5497E-06
 4.0000E-02 5.1676E-01  1.8469E+00 -4.4823E-05  1.1683E-05
 4.0000E-02 5.1977E-01  1.9176E+00 -9.5367E-07  3.3379E-06
 4.0000E-02 5.2281E-01  1.9839E+00 -2.4319E-05 -1.2636E-05
 4.0000E-02 5.2588E-01  2.0472E+00 -1.7643E-05 -1.3828E-05
 4.0000E-02 5.2899E-01  2.1085E+00 -3.0518E-05  1.0967E-05
 4.0000E-02 5.3214E-01  2.1679E+00 -3.8147E-06 -1.1444E-05
 4.0000E-02 5.3533E-01  2.2245E+00  5.2452E-05  3.3379E-06
 4.0000E-02 5.3855E-01  2.2766E+00  1.3828E-05 -1.0967E-05
 4.0000E-02 5.4182E-01  2.3223E+00  7.6294E-06  1.1921E-06
 4.0000E-02 5.4512E-01  2.3601E+00 -2.6703E-05  1.5020E-05
 4.0000E-02 5.4847E-01  2.3889E+00 -2.6226E-05  1.6928E-05
 4.0000E-02 5.5185E-01  2.4087E+00  2.1458E-05  0.0000E+00
 4.0000E-02 5.5528E-01  2.4196E+00  3.1471E-05  1.8358E-05
 4.0000E-02 5.5875E-01  2.4221E+00 -3.5763E-06 -2.3842E-05
 4.0000E-02 5.6226E-01  2.4169E+00 -4.7684E-07  2.8610E-05
 4.0000E-02 5.6582E-01  2.4048E+00 -5.7220E-06 -9.7752E-06
 4.0000E-02 5.6943E-01  2.3872E+00 -8.0824E-05 -3.2425E-05
 4.0000E-02 5.7308E-01  2.3656E+00 -8.0109E-05  1.6689E-05
 4.0000E-02 5.7677E-01  2.3409E+00  8.0109E-05 -1.9073E-05
 4.0000E-02 5.8052E-01  2.3140E+00  9.2983E-06  4.2915E-06
 4.0000E-02 5.8431E-01  2.2849E+00  9.7752E-06  5.2452E-06
 4.0000E-02 5.8816E-01  2.2538E+00  2.0027E-05 -2.6226E-06
 4.0000E-02 5.9205E-01  2.2210E+00 -1.4782E-05 -1.3113E-05
 4.0000E-02 5.9600E-01  2.1871E+00  2.6226E-06  9.7752E-06
 4.0000E-02 6.0000E-01  2.1529E+00  2.0504E-05  8.3447E-06
