 DDSCAT --- DDSCAT 7.3.3 [22.01.20]   
 TARGET --- Cyl.w.caps, NAT=  27008 NFAC= 248 NLAY=  97 cyl.asp.ratio= 5.4587 
 PBCGS2 --- method of solution 
 FLTRCD --- prescription for polarizabilities
 CYLNDRCAP --- shape 
   27008 = NAT0 = number of dipoles
 ../diel/Ag_evap                                             
  wave(um)   f(cm-1)     Re(m)     Im(m)     Re(eps)   Im(eps)
 7.5000E-01 1.3333E+04 2.290E-02 3.896E+00 -1.518E+01 1.785E-01
 7.5051E-01 1.3324E+04 2.287E-02 3.899E+00 -1.520E+01 1.783E-01
 7.5101E-01 1.3315E+04 2.283E-02 3.902E+00 -1.523E+01 1.782E-01
 7.5152E-01 1.3306E+04 2.279E-02 3.905E+00 -1.525E+01 1.780E-01
 7.5202E-01 1.3298E+04 2.276E-02 3.908E+00 -1.527E+01 1.779E-01
 7.5253E-01 1.3289E+04 2.272E-02 3.911E+00 -1.530E+01 1.777E-01
 7.5303E-01 1.3280E+04 2.269E-02 3.914E+00 -1.532E+01 1.776E-01
 7.5354E-01 1.3271E+04 2.265E-02 3.917E+00 -1.534E+01 1.775E-01
 7.5404E-01 1.3262E+04 2.262E-02 3.920E+00 -1.536E+01 1.773E-01
 7.5455E-01 1.3253E+04 2.259E-02 3.923E+00 -1.539E+01 1.772E-01
 7.5505E-01 1.3244E+04 2.256E-02 3.926E+00 -1.541E+01 1.771E-01
 7.5556E-01 1.3235E+04 2.253E-02 3.928E+00 -1.543E+01 1.770E-01
 7.5606E-01 1.3226E+04 2.251E-02 3.931E+00 -1.545E+01 1.770E-01
 7.5657E-01 1.3218E+04 2.257E-02 3.934E+00 -1.548E+01 1.776E-01
 7.5707E-01 1.3209E+04 2.263E-02 3.937E+00 -1.550E+01 1.782E-01
 7.5758E-01 1.3200E+04 2.269E-02 3.940E+00 -1.552E+01 1.787E-01
 7.5808E-01 1.3191E+04 2.274E-02 3.942E+00 -1.554E+01 1.793E-01
 7.5859E-01 1.3182E+04 2.280E-02 3.945E+00 -1.556E+01 1.799E-01
 7.5909E-01 1.3174E+04 2.286E-02 3.948E+00 -1.559E+01 1.805E-01
 7.5960E-01 1.3165E+04 2.292E-02 3.951E+00 -1.561E+01 1.811E-01
 7.6010E-01 1.3156E+04 2.297E-02 3.954E+00 -1.563E+01 1.817E-01
 7.6061E-01 1.3147E+04 2.303E-02 3.956E+00 -1.565E+01 1.822E-01
 7.6111E-01 1.3139E+04 2.309E-02 3.959E+00 -1.567E+01 1.828E-01
 7.6162E-01 1.3130E+04 2.315E-02 3.962E+00 -1.570E+01 1.834E-01
 7.6212E-01 1.3121E+04 2.321E-02 3.965E+00 -1.572E+01 1.840E-01
 7.6263E-01 1.3113E+04 2.326E-02 3.968E+00 -1.574E+01 1.846E-01
 7.6313E-01 1.3104E+04 2.332E-02 3.970E+00 -1.576E+01 1.852E-01
 7.6364E-01 1.3095E+04 2.338E-02 3.973E+00 -1.579E+01 1.858E-01
 7.6414E-01 1.3087E+04 2.344E-02 3.976E+00 -1.581E+01 1.864E-01
 7.6465E-01 1.3078E+04 2.349E-02 3.979E+00 -1.583E+01 1.870E-01
 7.6515E-01 1.3069E+04 2.355E-02 3.982E+00 -1.585E+01 1.876E-01
 7.6566E-01 1.3061E+04 2.361E-02 3.984E+00 -1.587E+01 1.881E-01
 7.6616E-01 1.3052E+04 2.367E-02 3.987E+00 -1.590E+01 1.887E-01
 7.6667E-01 1.3043E+04 2.373E-02 3.990E+00 -1.592E+01 1.893E-01
 7.6717E-01 1.3035E+04 2.378E-02 3.993E+00 -1.594E+01 1.899E-01
 7.6768E-01 1.3026E+04 2.384E-02 3.996E+00 -1.596E+01 1.905E-01
 7.6818E-01 1.3018E+04 2.390E-02 3.998E+00 -1.599E+01 1.911E-01
 7.6869E-01 1.3009E+04 2.396E-02 4.001E+00 -1.601E+01 1.917E-01
 7.6919E-01 1.3001E+04 2.402E-02 4.004E+00 -1.603E+01 1.923E-01
 7.6970E-01 1.2992E+04 2.407E-02 4.007E+00 -1.605E+01 1.929E-01
 7.7020E-01 1.2984E+04 2.413E-02 4.010E+00 -1.608E+01 1.935E-01
 7.7071E-01 1.2975E+04 2.419E-02 4.012E+00 -1.610E+01 1.941E-01
 7.7121E-01 1.2967E+04 2.425E-02 4.015E+00 -1.612E+01 1.947E-01
 7.7172E-01 1.2958E+04 2.431E-02 4.018E+00 -1.614E+01 1.953E-01
 7.7222E-01 1.2950E+04 2.436E-02 4.021E+00 -1.617E+01 1.959E-01
 7.7273E-01 1.2941E+04 2.442E-02 4.024E+00 -1.619E+01 1.965E-01
 7.7323E-01 1.2933E+04 2.448E-02 4.026E+00 -1.621E+01 1.971E-01
 7.7374E-01 1.2924E+04 2.454E-02 4.029E+00 -1.623E+01 1.977E-01
 7.7424E-01 1.2916E+04 2.460E-02 4.032E+00 -1.626E+01 1.983E-01
 7.7475E-01 1.2907E+04 2.465E-02 4.035E+00 -1.628E+01 1.989E-01
 7.7525E-01 1.2899E+04 2.471E-02 4.038E+00 -1.630E+01 1.996E-01
 7.7576E-01 1.2891E+04 2.477E-02 4.041E+00 -1.633E+01 2.002E-01
 7.7626E-01 1.2882E+04 2.483E-02 4.043E+00 -1.635E+01 2.008E-01
 7.7677E-01 1.2874E+04 2.489E-02 4.046E+00 -1.637E+01 2.014E-01
 7.7727E-01 1.2865E+04 2.494E-02 4.049E+00 -1.639E+01 2.020E-01
 7.7778E-01 1.2857E+04 2.500E-02 4.052E+00 -1.642E+01 2.026E-01
 7.7828E-01 1.2849E+04 2.506E-02 4.055E+00 -1.644E+01 2.032E-01
 7.7879E-01 1.2840E+04 2.512E-02 4.058E+00 -1.646E+01 2.038E-01
 7.7929E-01 1.2832E+04 2.518E-02 4.060E+00 -1.649E+01 2.044E-01
 7.7980E-01 1.2824E+04 2.523E-02 4.063E+00 -1.651E+01 2.051E-01
 7.8030E-01 1.2816E+04 2.529E-02 4.066E+00 -1.653E+01 2.057E-01
 7.8081E-01 1.2807E+04 2.535E-02 4.069E+00 -1.656E+01 2.063E-01
 7.8131E-01 1.2799E+04 2.541E-02 4.072E+00 -1.658E+01 2.069E-01
 7.8182E-01 1.2791E+04 2.547E-02 4.075E+00 -1.660E+01 2.075E-01
 7.8232E-01 1.2782E+04 2.552E-02 4.077E+00 -1.662E+01 2.081E-01
 7.8283E-01 1.2774E+04 2.558E-02 4.080E+00 -1.665E+01 2.088E-01
 7.8333E-01 1.2766E+04 2.564E-02 4.083E+00 -1.667E+01 2.094E-01
 7.8384E-01 1.2758E+04 2.570E-02 4.086E+00 -1.669E+01 2.100E-01
 7.8434E-01 1.2750E+04 2.576E-02 4.089E+00 -1.672E+01 2.106E-01
 7.8485E-01 1.2741E+04 2.581E-02 4.092E+00 -1.674E+01 2.112E-01
 7.8535E-01 1.2733E+04 2.587E-02 4.094E+00 -1.676E+01 2.119E-01
 7.8586E-01 1.2725E+04 2.593E-02 4.097E+00 -1.679E+01 2.125E-01
 7.8636E-01 1.2717E+04 2.599E-02 4.100E+00 -1.681E+01 2.131E-01
 7.8687E-01 1.2709E+04 2.605E-02 4.103E+00 -1.683E+01 2.137E-01
 7.8737E-01 1.2700E+04 2.611E-02 4.106E+00 -1.686E+01 2.144E-01
 7.8788E-01 1.2692E+04 2.616E-02 4.109E+00 -1.688E+01 2.150E-01
 7.8838E-01 1.2684E+04 2.622E-02 4.112E+00 -1.690E+01 2.156E-01
 7.8889E-01 1.2676E+04 2.628E-02 4.114E+00 -1.693E+01 2.163E-01
 7.8939E-01 1.2668E+04 2.634E-02 4.117E+00 -1.695E+01 2.169E-01
 7.8990E-01 1.2660E+04 2.640E-02 4.120E+00 -1.697E+01 2.175E-01
 7.9040E-01 1.2652E+04 2.645E-02 4.123E+00 -1.700E+01 2.181E-01
 7.9091E-01 1.2644E+04 2.651E-02 4.126E+00 -1.702E+01 2.188E-01
 7.9141E-01 1.2636E+04 2.657E-02 4.129E+00 -1.705E+01 2.194E-01
 7.9192E-01 1.2628E+04 2.663E-02 4.132E+00 -1.707E+01 2.200E-01
 7.9242E-01 1.2620E+04 2.669E-02 4.134E+00 -1.709E+01 2.207E-01
 7.9293E-01 1.2611E+04 2.675E-02 4.137E+00 -1.712E+01 2.213E-01
 7.9343E-01 1.2603E+04 2.680E-02 4.140E+00 -1.714E+01 2.219E-01
 7.9394E-01 1.2595E+04 2.686E-02 4.143E+00 -1.716E+01 2.226E-01
 7.9444E-01 1.2587E+04 2.692E-02 4.146E+00 -1.719E+01 2.232E-01
 7.9495E-01 1.2579E+04 2.698E-02 4.149E+00 -1.721E+01 2.239E-01
 7.9545E-01 1.2571E+04 2.704E-02 4.152E+00 -1.723E+01 2.245E-01
 7.9596E-01 1.2563E+04 2.710E-02 4.154E+00 -1.726E+01 2.251E-01
 7.9646E-01 1.2555E+04 2.715E-02 4.157E+00 -1.728E+01 2.258E-01
 7.9697E-01 1.2548E+04 2.721E-02 4.160E+00 -1.731E+01 2.264E-01
 7.9747E-01 1.2540E+04 2.727E-02 4.163E+00 -1.733E+01 2.271E-01
 7.9798E-01 1.2532E+04 2.733E-02 4.166E+00 -1.735E+01 2.277E-01
 7.9848E-01 1.2524E+04 2.739E-02 4.169E+00 -1.738E+01 2.283E-01
 7.9899E-01 1.2516E+04 2.745E-02 4.172E+00 -1.740E+01 2.290E-01
 7.9949E-01 1.2508E+04 2.750E-02 4.175E+00 -1.743E+01 2.296E-01
 8.0000E-01 1.2500E+04 2.756E-02 4.177E+00 -1.745E+01 2.303E-01
