 DDSCAT --- DDSCAT 7.3.3 [22.01.20]   
 TARGET --- Cyl.w.caps, NAT=  27008 NFAC= 248 NLAY=  97 cyl.asp.ratio= 5.4587 
 GPFAFT --- method of solution 
 FLTRCD --- prescription for polarizabilities
 CYLNDRCAP --- shape 
   27008 = NAT0 = number of dipoles
 ../diel/Ag_evap                                             
   0.000   0.000 = beta_min, beta_max ;  NBETA = 1
   0.000   0.000 = theta_min, theta_max; NTHETA= 1
   0.000   0.000 = phi_min, phi_max   ;   NPHI = 1
 Results averaged over    1 target orientations
                   and  1 incident polarizations
   aeff       wave      Q_pha
 2.2200E-02 7.5000E-01  4.2799E-01
 2.2200E-02 7.5051E-01  4.2753E-01
 2.2200E-02 7.5101E-01  4.2707E-01
 2.2200E-02 7.5152E-01  4.2662E-01
 2.2200E-02 7.5202E-01  4.2618E-01
 2.2200E-02 7.5253E-01  4.2574E-01
 2.2200E-02 7.5303E-01  4.2530E-01
 2.2200E-02 7.5354E-01  4.2487E-01
 2.2200E-02 7.5404E-01  4.2444E-01
 2.2200E-02 7.5455E-01  4.2401E-01
 2.2200E-02 7.5505E-01  4.2358E-01
 2.2200E-02 7.5556E-01  4.2313E-01
 2.2200E-02 7.5606E-01  4.2268E-01
 2.2200E-02 7.5657E-01  4.2223E-01
 2.2200E-02 7.5707E-01  4.2178E-01
 2.2200E-02 7.5758E-01  4.2132E-01
 2.2200E-02 7.5808E-01  4.2086E-01
 2.2200E-02 7.5859E-01  4.2040E-01
 2.2200E-02 7.5909E-01  4.1996E-01
 2.2200E-02 7.5960E-01  4.1951E-01
 2.2200E-02 7.6010E-01  4.1907E-01
 2.2200E-02 7.6061E-01  4.1863E-01
 2.2200E-02 7.6111E-01  4.1820E-01
 2.2200E-02 7.6162E-01  4.1778E-01
 2.2200E-02 7.6212E-01  4.1736E-01
 2.2200E-02 7.6263E-01  4.1695E-01
 2.2200E-02 7.6313E-01  4.1655E-01
 2.2200E-02 7.6364E-01  4.1614E-01
 2.2200E-02 7.6414E-01  4.1574E-01
 2.2200E-02 7.6465E-01  4.1535E-01
 2.2200E-02 7.6515E-01  4.1497E-01
 2.2200E-02 7.6566E-01  4.1458E-01
 2.2200E-02 7.6616E-01  4.1420E-01
 2.2200E-02 7.6667E-01  4.1382E-01
 2.2200E-02 7.6717E-01  4.1343E-01
 2.2200E-02 7.6768E-01  4.1305E-01
 2.2200E-02 7.6818E-01  4.1267E-01
 2.2200E-02 7.6869E-01  4.1228E-01
 2.2200E-02 7.6919E-01  4.1189E-01
 2.2200E-02 7.6970E-01  4.1148E-01
 2.2200E-02 7.7020E-01  4.1107E-01
 2.2200E-02 7.7071E-01  4.1065E-01
 2.2200E-02 7.7121E-01  4.1023E-01
 2.2200E-02 7.7172E-01  4.0980E-01
 2.2200E-02 7.7222E-01  4.0938E-01
 2.2200E-02 7.7273E-01  4.0895E-01
 2.2200E-02 7.7323E-01  4.0852E-01
 2.2200E-02 7.7374E-01  4.0810E-01
 2.2200E-02 7.7424E-01  4.0768E-01
 2.2200E-02 7.7475E-01  4.0725E-01
 2.2200E-02 7.7525E-01  4.0684E-01
 2.2200E-02 7.7576E-01  4.0642E-01
 2.2200E-02 7.7626E-01  4.0602E-01
 2.2200E-02 7.7677E-01  4.0563E-01
 2.2200E-02 7.7727E-01  4.0524E-01
 2.2200E-02 7.7778E-01  4.0487E-01
 2.2200E-02 7.7828E-01  4.0450E-01
 2.2200E-02 7.7879E-01  4.0415E-01
 2.2200E-02 7.7929E-01  4.0379E-01
 2.2200E-02 7.7980E-01  4.0345E-01
 2.2200E-02 7.8030E-01  4.0310E-01
 2.2200E-02 7.8081E-01  4.0274E-01
 2.2200E-02 7.8131E-01  4.0239E-01
 2.2200E-02 7.8182E-01  4.0202E-01
 2.2200E-02 7.8232E-01  4.0164E-01
 2.2200E-02 7.8283E-01  4.0125E-01
 2.2200E-02 7.8333E-01  4.0086E-01
 2.2200E-02 7.8384E-01  4.0046E-01
 2.2200E-02 7.8434E-01  4.0005E-01
 2.2200E-02 7.8485E-01  3.9964E-01
 2.2200E-02 7.8535E-01  3.9924E-01
 2.2200E-02 7.8586E-01  3.9883E-01
 2.2200E-02 7.8636E-01  3.9842E-01
 2.2200E-02 7.8687E-01  3.9801E-01
 2.2200E-02 7.8737E-01  3.9761E-01
 2.2200E-02 7.8788E-01  3.9722E-01
 2.2200E-02 7.8838E-01  3.9682E-01
 2.2200E-02 7.8889E-01  3.9644E-01
 2.2200E-02 7.8939E-01  3.9606E-01
 2.2200E-02 7.8990E-01  3.9569E-01
 2.2200E-02 7.9040E-01  3.9532E-01
 2.2200E-02 7.9091E-01  3.9496E-01
 2.2200E-02 7.9141E-01  3.9460E-01
 2.2200E-02 7.9192E-01  3.9426E-01
 2.2200E-02 7.9242E-01  3.9392E-01
 2.2200E-02 7.9293E-01  3.9359E-01
 2.2200E-02 7.9343E-01  3.9327E-01
 2.2200E-02 7.9394E-01  3.9295E-01
 2.2200E-02 7.9444E-01  3.9263E-01
 2.2200E-02 7.9495E-01  3.9230E-01
 2.2200E-02 7.9545E-01  3.9197E-01
 2.2200E-02 7.9596E-01  3.9163E-01
 2.2200E-02 7.9646E-01  3.9127E-01
 2.2200E-02 7.9697E-01  3.9092E-01
 2.2200E-02 7.9747E-01  3.9055E-01
 2.2200E-02 7.9798E-01  3.9018E-01
 2.2200E-02 7.9848E-01  3.8980E-01
 2.2200E-02 7.9899E-01  3.8942E-01
 2.2200E-02 7.9949E-01  3.8904E-01
 2.2200E-02 8.0000E-01  3.8866E-01
