 DDSCAT --- DDSCAT 7.3.3 [22.01.20]   
 TARGET --->TARGSPHER  spherical target with explicit spacing                 
 GPFAFT --- method of solution 
 GKDLDR --- prescription for polarizabilities
 FROM_FILE --- shape 
  267761 = NAT0 = number of dipoles
 ../diel/Pena52Au48Ag                                        
 ../diel/Pena26Au74Ag                                        
   0.000   0.000 = beta_min, beta_max ;  NBETA = 1
   0.000   0.000 = theta_min, theta_max; NTHETA= 1
   0.000   0.000 = phi_min, phi_max   ;   NPHI = 1
 Results averaged over    1 target orientations
                   and  1 incident polarizations
   aeff       wave      Q_pha
 1.0000E-03 3.0000E-01  1.6645E-02
 1.0000E-03 3.0134E-01  1.6246E-02
 1.0000E-03 3.0268E-01  1.5842E-02
 1.0000E-03 3.0403E-01  1.5427E-02
 1.0000E-03 3.0537E-01  1.5007E-02
 1.0000E-03 3.0671E-01  1.4581E-02
 1.0000E-03 3.0805E-01  1.4150E-02
 1.0000E-03 3.0940E-01  1.3749E-02
 1.0000E-03 3.1074E-01  1.3345E-02
 1.0000E-03 3.1208E-01  1.2936E-02
 1.0000E-03 3.1342E-01  1.2523E-02
 1.0000E-03 3.1477E-01  1.2106E-02
 1.0000E-03 3.1611E-01  1.1683E-02
 1.0000E-03 3.1745E-01  1.1257E-02
 1.0000E-03 3.1879E-01  1.0831E-02
 1.0000E-03 3.2013E-01  1.0392E-02
 1.0000E-03 3.2148E-01  9.9367E-03
 1.0000E-03 3.2282E-01  9.4645E-03
 1.0000E-03 3.2416E-01  8.9766E-03
 1.0000E-03 3.2550E-01  8.4684E-03
 1.0000E-03 3.2685E-01  7.9239E-03
 1.0000E-03 3.2819E-01  7.3184E-03
 1.0000E-03 3.2953E-01  6.7003E-03
 1.0000E-03 3.3087E-01  6.0610E-03
 1.0000E-03 3.3221E-01  5.4022E-03
 1.0000E-03 3.3356E-01  4.7210E-03
 1.0000E-03 3.3490E-01  4.0196E-03
 1.0000E-03 3.3624E-01  3.2961E-03
 1.0000E-03 3.3758E-01  2.5648E-03
 1.0000E-03 3.3893E-01  1.8252E-03
 1.0000E-03 3.4027E-01  1.0756E-03
 1.0000E-03 3.4161E-01  3.1429E-04
 1.0000E-03 3.4295E-01 -4.6068E-04
 1.0000E-03 3.4430E-01 -1.2514E-03
 1.0000E-03 3.4564E-01 -2.0339E-03
 1.0000E-03 3.4698E-01 -2.8130E-03
 1.0000E-03 3.4832E-01 -3.5963E-03
 1.0000E-03 3.4966E-01 -4.3849E-03
 1.0000E-03 3.5101E-01 -5.1800E-03
 1.0000E-03 3.5235E-01 -5.9830E-03
 1.0000E-03 3.5369E-01 -6.7949E-03
 1.0000E-03 3.5503E-01 -7.6054E-03
 1.0000E-03 3.5638E-01 -8.4194E-03
 1.0000E-03 3.5772E-01 -9.2392E-03
 1.0000E-03 3.5906E-01 -1.0064E-02
 1.0000E-03 3.6040E-01 -1.0896E-02
 1.0000E-03 3.6174E-01 -1.1735E-02
 1.0000E-03 3.6309E-01 -1.2581E-02
 1.0000E-03 3.6443E-01 -1.3429E-02
 1.0000E-03 3.6577E-01 -1.4279E-02
 1.0000E-03 3.6711E-01 -1.5136E-02
 1.0000E-03 3.6846E-01 -1.5997E-02
 1.0000E-03 3.6980E-01 -1.6861E-02
 1.0000E-03 3.7114E-01 -1.7728E-02
 1.0000E-03 3.7248E-01 -1.8597E-02
 1.0000E-03 3.7383E-01 -1.9459E-02
 1.0000E-03 3.7517E-01 -2.0320E-02
 1.0000E-03 3.7651E-01 -2.1179E-02
 1.0000E-03 3.7785E-01 -2.2030E-02
 1.0000E-03 3.7919E-01 -2.2872E-02
 1.0000E-03 3.8054E-01 -2.3700E-02
 1.0000E-03 3.8188E-01 -2.4505E-02
 1.0000E-03 3.8322E-01 -2.5290E-02
 1.0000E-03 3.8456E-01 -2.6049E-02
 1.0000E-03 3.8591E-01 -2.6774E-02
 1.0000E-03 3.8725E-01 -2.7458E-02
 1.0000E-03 3.8859E-01 -2.8091E-02
 1.0000E-03 3.8993E-01 -2.8659E-02
 1.0000E-03 3.9128E-01 -2.9154E-02
 1.0000E-03 3.9262E-01 -2.9567E-02
 1.0000E-03 3.9396E-01 -2.9881E-02
 1.0000E-03 3.9530E-01 -3.0075E-02
 1.0000E-03 3.9664E-01 -3.0126E-02
 1.0000E-03 3.9799E-01 -3.0007E-02
 1.0000E-03 3.9933E-01 -2.9686E-02
 1.0000E-03 4.0067E-01 -2.9142E-02
 1.0000E-03 4.0201E-01 -2.8335E-02
 1.0000E-03 4.0336E-01 -2.7214E-02
 1.0000E-03 4.0470E-01 -2.5731E-02
 1.0000E-03 4.0604E-01 -2.3829E-02
 1.0000E-03 4.0738E-01 -2.1448E-02
 1.0000E-03 4.0872E-01 -1.8522E-02
 1.0000E-03 4.1007E-01 -1.4996E-02
 1.0000E-03 4.1141E-01 -1.0802E-02
 1.0000E-03 4.1275E-01 -5.8792E-03
 1.0000E-03 4.1409E-01 -1.8308E-04
 1.0000E-03 4.1544E-01  6.3146E-03
 1.0000E-03 4.1678E-01  1.3617E-02
 1.0000E-03 4.1812E-01  2.1696E-02
 1.0000E-03 4.1946E-01  3.0481E-02
 1.0000E-03 4.2081E-01  3.9838E-02
 1.0000E-03 4.2215E-01  4.9608E-02
 1.0000E-03 4.2349E-01  5.9584E-02
 1.0000E-03 4.2483E-01  6.9551E-02
 1.0000E-03 4.2617E-01  7.9266E-02
 1.0000E-03 4.2752E-01  8.8492E-02
 1.0000E-03 4.2886E-01  9.7016E-02
 1.0000E-03 4.3020E-01  1.0467E-01
 1.0000E-03 4.3154E-01  1.1135E-01
 1.0000E-03 4.3289E-01  1.1699E-01
 1.0000E-03 4.3423E-01  1.2159E-01
 1.0000E-03 4.3557E-01  1.2518E-01
 1.0000E-03 4.3691E-01  1.2781E-01
 1.0000E-03 4.3826E-01  1.2959E-01
 1.0000E-03 4.3960E-01  1.3062E-01
 1.0000E-03 4.4094E-01  1.3101E-01
 1.0000E-03 4.4228E-01  1.3086E-01
 1.0000E-03 4.4362E-01  1.3026E-01
 1.0000E-03 4.4497E-01  1.2929E-01
 1.0000E-03 4.4631E-01  1.2804E-01
 1.0000E-03 4.4765E-01  1.2656E-01
 1.0000E-03 4.4899E-01  1.2492E-01
 1.0000E-03 4.5034E-01  1.2317E-01
 1.0000E-03 4.5168E-01  1.2134E-01
 1.0000E-03 4.5302E-01  1.1943E-01
 1.0000E-03 4.5436E-01  1.1751E-01
 1.0000E-03 4.5570E-01  1.1558E-01
 1.0000E-03 4.5705E-01  1.1365E-01
 1.0000E-03 4.5839E-01  1.1175E-01
 1.0000E-03 4.5973E-01  1.0987E-01
 1.0000E-03 4.6107E-01  1.0802E-01
 1.0000E-03 4.6242E-01  1.0621E-01
 1.0000E-03 4.6376E-01  1.0445E-01
 1.0000E-03 4.6510E-01  1.0272E-01
 1.0000E-03 4.6644E-01  1.0105E-01
 1.0000E-03 4.6779E-01  9.9414E-02
 1.0000E-03 4.6913E-01  9.7831E-02
 1.0000E-03 4.7047E-01  9.6291E-02
 1.0000E-03 4.7181E-01  9.4804E-02
 1.0000E-03 4.7315E-01  9.3351E-02
 1.0000E-03 4.7450E-01  9.1956E-02
 1.0000E-03 4.7584E-01  9.0596E-02
 1.0000E-03 4.7718E-01  8.9279E-02
 1.0000E-03 4.7852E-01  8.8000E-02
 1.0000E-03 4.7987E-01  8.6766E-02
 1.0000E-03 4.8121E-01  8.5570E-02
 1.0000E-03 4.8255E-01  8.4412E-02
 1.0000E-03 4.8389E-01  8.3282E-02
 1.0000E-03 4.8523E-01  8.2198E-02
 1.0000E-03 4.8658E-01  8.1136E-02
 1.0000E-03 4.8792E-01  8.0113E-02
 1.0000E-03 4.8926E-01  7.9117E-02
 1.0000E-03 4.9060E-01  7.8145E-02
 1.0000E-03 4.9195E-01  7.7210E-02
 1.0000E-03 4.9329E-01  7.6294E-02
 1.0000E-03 4.9463E-01  7.5409E-02
 1.0000E-03 4.9597E-01  7.4545E-02
 1.0000E-03 4.9732E-01  7.3706E-02
 1.0000E-03 4.9866E-01  7.2891E-02
 1.0000E-03 5.0000E-01  7.2094E-02
