 DDSCAT --- DDSCAT 7.3.3 [22.01.20]   
 TARGET --->TARGSPHER  spherical target with explicit spacing                 
 GPFAFT --- method of solution 
 FLTRCD --- prescription for polarizabilities
 FROM_FILE --- shape 
    4169 = NAT0 = number of dipoles
 ../../diel/Pena-Rioux_dielectric_26Au_74Ag                  
 ../../diel/Pena-Rioux_dielectric_34Au_66Ag                  
 ../../diel/Pena-Rioux_dielectric_52Au_48Ag                  
 ../../diel/Au_evap                                          
   0.000   0.000 = beta_min, beta_max ;  NBETA = 1
   0.000   0.000 = theta_min, theta_max; NTHETA= 1
   0.000   0.000 = phi_min, phi_max   ;   NPHI = 1
 Results averaged over    1 target orientations
                   and  2 incident polarizations
   aeff       wave       Q_pha       Q_pol       Q_cpol
 8.0000E-02 3.0000E-01 -1.9801E-01  9.5367E-07 -2.9802E-07
 8.0000E-02 3.0101E-01 -1.9698E-01  3.3379E-06  7.4506E-08
 8.0000E-02 3.0203E-01 -1.9619E-01 -5.2452E-06  4.4703E-08
 8.0000E-02 3.0305E-01 -1.9553E-01 -3.5763E-06 -2.9802E-07
 8.0000E-02 3.0408E-01 -1.9499E-01 -1.4305E-06 -1.4901E-07
 8.0000E-02 3.0512E-01 -1.9458E-01  9.5367E-07 -2.8312E-07
 8.0000E-02 3.0616E-01 -1.9432E-01 -7.1526E-07  2.6822E-07
 8.0000E-02 3.0722E-01 -1.9419E-01 -3.5763E-06  4.9174E-07
 8.0000E-02 3.0828E-01 -1.9423E-01 -5.4836E-06  0.0000E+00
 8.0000E-02 3.0934E-01 -1.9445E-01  1.6689E-06  2.5332E-07
 8.0000E-02 3.1042E-01 -1.9481E-01 -1.1921E-05  8.9407E-08
 8.0000E-02 3.1150E-01 -1.9521E-01  1.6689E-06 -2.2352E-07
 8.0000E-02 3.1259E-01 -1.9574E-01 -9.5367E-07  4.7684E-07
 8.0000E-02 3.1368E-01 -1.9644E-01 -9.5367E-07  1.6391E-07
 8.0000E-02 3.1479E-01 -1.9733E-01  5.4836E-06  0.0000E+00
 8.0000E-02 3.1590E-01 -1.9841E-01  9.5367E-07  2.2352E-07
 8.0000E-02 3.1702E-01 -1.9969E-01 -4.7684E-07 -8.7917E-07
 8.0000E-02 3.1815E-01 -2.0103E-01 -1.1921E-06 -2.9802E-08
 8.0000E-02 3.1929E-01 -2.0257E-01 -5.0068E-06 -7.4506E-08
 8.0000E-02 3.2043E-01 -2.0436E-01 -1.4305E-06 -2.9802E-07
 8.0000E-02 3.2158E-01 -2.0665E-01  7.3910E-06 -4.7684E-07
 8.0000E-02 3.2274E-01 -2.0919E-01  2.3842E-06  6.2585E-07
 8.0000E-02 3.2391E-01 -2.1199E-01 -3.5763E-06 -1.9372E-07
 8.0000E-02 3.2509E-01 -2.1505E-01  7.1526E-07 -4.4703E-08
 8.0000E-02 3.2628E-01 -2.1840E-01  2.8610E-06 -6.5565E-07
 8.0000E-02 3.2747E-01 -2.2230E-01  7.1526E-07  3.7253E-07
 8.0000E-02 3.2868E-01 -2.2654E-01  1.6689E-06  1.9372E-07
 8.0000E-02 3.2989E-01 -2.3114E-01 -1.4305E-05  3.1292E-07
 8.0000E-02 3.3111E-01 -2.3611E-01  5.4836E-06 -2.9802E-08
 8.0000E-02 3.3234E-01 -2.4134E-01  1.1921E-06  4.4703E-07
 8.0000E-02 3.3358E-01 -2.4688E-01  1.0490E-05  7.4506E-08
 8.0000E-02 3.3483E-01 -2.5282E-01 -2.3842E-06 -2.0862E-07
 8.0000E-02 3.3609E-01 -2.5924E-01  0.0000E+00 -5.6624E-07
 8.0000E-02 3.3736E-01 -2.6606E-01 -2.3842E-07  5.3644E-07
 8.0000E-02 3.3864E-01 -2.7317E-01  1.1921E-06  3.8743E-07
 8.0000E-02 3.3992E-01 -2.8059E-01  9.5367E-07 -1.1921E-07
 8.0000E-02 3.4122E-01 -2.8831E-01  4.2915E-06 -3.2783E-07
 8.0000E-02 3.4253E-01 -2.9633E-01 -4.7684E-07  1.7881E-07
 8.0000E-02 3.4385E-01 -3.0466E-01 -7.1526E-07 -4.7684E-07
 8.0000E-02 3.4517E-01 -3.1320E-01 -4.2915E-06  8.0466E-07
 8.0000E-02 3.4651E-01 -3.2180E-01 -6.4373E-06  5.6624E-07
 8.0000E-02 3.4786E-01 -3.3059E-01  5.4836E-06  7.1526E-07
 8.0000E-02 3.4922E-01 -3.3955E-01  7.6294E-06  1.0431E-06
 8.0000E-02 3.5059E-01 -3.4869E-01 -1.6689E-06  9.5367E-07
 8.0000E-02 3.5197E-01 -3.5800E-01 -2.3842E-06 -4.4703E-07
 8.0000E-02 3.5336E-01 -3.6747E-01 -3.5763E-06 -5.9605E-08
 8.0000E-02 3.5476E-01 -3.7703E-01  4.5300E-06 -8.6427E-07
 8.0000E-02 3.5618E-01 -3.8672E-01 -7.1526E-07 -4.4703E-07
 8.0000E-02 3.5760E-01 -3.9655E-01 -9.5367E-07 -5.9605E-07
 8.0000E-02 3.5904E-01 -4.0651E-01 -2.3842E-07  2.0862E-07
 8.0000E-02 3.6048E-01 -4.1661E-01 -7.8678E-06 -9.2387E-07
 8.0000E-02 3.6194E-01 -4.2685E-01 -6.9141E-06 -6.8545E-07
 8.0000E-02 3.6341E-01 -4.3725E-01 -4.2915E-06  8.9407E-08
 8.0000E-02 3.6490E-01 -4.4786E-01 -1.9073E-06  3.5763E-07
 8.0000E-02 3.6639E-01 -4.5860E-01 -3.0994E-06 -5.6624E-07
 8.0000E-02 3.6790E-01 -4.6948E-01  0.0000E+00  0.0000E+00
 8.0000E-02 3.6942E-01 -4.8047E-01 -1.6689E-06 -7.4506E-07
 8.0000E-02 3.7095E-01 -4.9162E-01  1.4305E-06  3.8743E-07
 8.0000E-02 3.7250E-01 -5.0292E-01  4.2915E-06 -7.1526E-07
 8.0000E-02 3.7406E-01 -5.1438E-01  2.3842E-06 -5.9605E-08
 8.0000E-02 3.7563E-01 -5.2591E-01 -5.4836E-06  1.8477E-06
 8.0000E-02 3.7722E-01 -5.3753E-01  1.9073E-06 -1.2517E-06
 8.0000E-02 3.7881E-01 -5.4922E-01 -1.0967E-05  7.3314E-06
 8.0000E-02 3.8043E-01 -5.6098E-01 -9.2983E-06  7.1526E-07
 8.0000E-02 3.8205E-01 -5.7276E-01 -6.4373E-06  7.7486E-07
 8.0000E-02 3.8369E-01 -5.8449E-01 -3.8147E-06 -2.3246E-06
 8.0000E-02 3.8534E-01 -5.9618E-01  8.5831E-06  9.5367E-07
 8.0000E-02 3.8701E-01 -6.0784E-01 -3.8147E-06 -5.9605E-08
 8.0000E-02 3.8870E-01 -6.1942E-01 -5.2452E-06  2.3246E-06
 8.0000E-02 3.9039E-01 -6.3091E-01  8.5831E-06  3.5763E-06
 8.0000E-02 3.9211E-01 -6.4221E-01 -5.2452E-06  6.7353E-06
 8.0000E-02 3.9383E-01 -6.5332E-01  1.4305E-06  2.3842E-07
 8.0000E-02 3.9558E-01 -6.6422E-01 -5.9605E-06  2.1458E-06
 8.0000E-02 3.9733E-01 -6.7488E-01  7.1526E-07  5.9605E-08
 8.0000E-02 3.9911E-01 -6.8523E-01  1.6451E-05 -9.7752E-06
 8.0000E-02 4.0090E-01 -6.9524E-01 -3.3379E-06 -4.1127E-06
 8.0000E-02 4.0270E-01 -7.0487E-01  2.1458E-05  9.4175E-06
 8.0000E-02 4.0452E-01 -7.1405E-01 -2.3842E-07  9.1791E-06
 8.0000E-02 4.0636E-01 -7.2273E-01 -8.3447E-06  4.2319E-06
 8.0000E-02 4.0822E-01 -7.3086E-01 -4.2915E-06  4.7684E-07
 8.0000E-02 4.1009E-01 -7.3837E-01  3.5763E-06 -1.7285E-06
 8.0000E-02 4.1198E-01 -7.4522E-01  1.6689E-06 -2.3842E-06
 8.0000E-02 4.1389E-01 -7.5130E-01 -2.7657E-05 -2.1458E-06
 8.0000E-02 4.1581E-01 -7.5654E-01 -1.1921E-06 -2.6226E-06
 8.0000E-02 4.1776E-01 -7.6081E-01 -3.5763E-06  8.9407E-07
 8.0000E-02 4.1972E-01 -7.6401E-01 -5.2452E-06  3.5167E-06
 8.0000E-02 4.2170E-01 -7.6600E-01  9.7752E-06 -3.0398E-06
 8.0000E-02 4.2370E-01 -7.6661E-01  9.7752E-06  3.4571E-06
 8.0000E-02 4.2571E-01 -7.6563E-01  1.1921E-06  3.8743E-06
 8.0000E-02 4.2775E-01 -7.6284E-01 -1.0252E-05  1.0729E-06
 8.0000E-02 4.2981E-01 -7.5807E-01  1.0490E-05 -2.9802E-06
 8.0000E-02 4.3188E-01 -7.5119E-01  9.7752E-06  9.9540E-06
 8.0000E-02 4.3398E-01 -7.4207E-01 -4.5300E-06  5.1260E-06
 8.0000E-02 4.3610E-01 -7.3057E-01  2.8133E-05  3.6359E-06
 8.0000E-02 4.3824E-01 -7.1669E-01  2.8610E-05  1.0669E-05
 8.0000E-02 4.4039E-01 -7.0059E-01 -2.6226E-05 -1.0133E-06
 8.0000E-02 4.4257E-01 -6.8232E-01  2.8610E-05 -4.7088E-06
 8.0000E-02 4.4478E-01 -6.6204E-01 -1.9073E-05 -2.8610E-06
 8.0000E-02 4.4700E-01 -6.3997E-01 -1.9073E-05 -1.8477E-06
 8.0000E-02 4.4925E-01 -6.1637E-01  2.3842E-06  5.5432E-06
 8.0000E-02 4.5152E-01 -5.9136E-01 -1.9550E-05 -3.0994E-06
 8.0000E-02 4.5381E-01 -5.6495E-01  2.7657E-05  1.0788E-05
 8.0000E-02 4.5612E-01 -5.3731E-01  1.5736E-05 -1.5497E-06
 8.0000E-02 4.5846E-01 -5.0841E-01 -4.4823E-05 -6.6161E-06
 8.0000E-02 4.6082E-01 -4.7814E-01 -7.6294E-06 -2.0862E-05
 8.0000E-02 4.6321E-01 -4.4633E-01  0.0000E+00 -1.0371E-05
 8.0000E-02 4.6563E-01 -4.1292E-01 -3.9101E-05  1.3262E-05
 8.0000E-02 4.6806E-01 -3.7778E-01 -1.8120E-05  3.6359E-06
 8.0000E-02 4.7053E-01 -3.4074E-01 -2.3842E-06  9.1791E-06
 8.0000E-02 4.7302E-01 -3.0154E-01  9.5367E-07  1.9968E-05
 8.0000E-02 4.7553E-01 -2.6016E-01 -3.7193E-05  8.0168E-06
 8.0000E-02 4.7807E-01 -2.1668E-01  1.9073E-06  2.6524E-06
 8.0000E-02 4.8065E-01 -1.7120E-01  4.9591E-05 -1.8045E-05
 8.0000E-02 4.8324E-01 -1.2409E-01  5.1975E-05  3.5062E-05
 8.0000E-02 4.8587E-01 -7.5938E-02 -2.6703E-05  1.0729E-06
 8.0000E-02 4.8852E-01 -2.7570E-02  8.1062E-06 -1.2508E-05
 8.0000E-02 4.9121E-01  1.9925E-02  3.8624E-05  4.7628E-06
 8.0000E-02 4.9392E-01  6.5446E-02  6.3896E-05  4.4256E-06
 8.0000E-02 4.9667E-01  1.0724E-01  2.0027E-05  9.0376E-06
 8.0000E-02 4.9944E-01  1.4351E-01 -3.8147E-06 -1.5616E-05
 8.0000E-02 5.0225E-01  1.7564E-01 -3.3379E-06  4.9621E-06
 8.0000E-02 5.0508E-01  2.0351E-01  1.5259E-05 -4.4703E-07
 8.0000E-02 5.0795E-01  2.2729E-01 -8.5831E-06  9.6709E-06
 8.0000E-02 5.1086E-01  2.4741E-01 -3.1471E-05 -9.5814E-06
 8.0000E-02 5.1379E-01  2.6449E-01  3.3379E-06  6.5565E-07
 8.0000E-02 5.1676E-01  2.7936E-01 -1.1921E-05  1.2726E-05
 8.0000E-02 5.1977E-01  2.9303E-01  1.6689E-05  1.0699E-05
 8.0000E-02 5.2281E-01  3.0947E-01  1.4782E-05  8.6427E-07
 8.0000E-02 5.2588E-01  3.2751E-01 -6.1989E-06 -4.8280E-06
 8.0000E-02 5.2899E-01  3.4544E-01 -1.4305E-06 -1.3411E-06
 8.0000E-02 5.3214E-01  3.6321E-01  1.7643E-05  5.3644E-07
 8.0000E-02 5.3533E-01  3.8060E-01  9.0599E-06  2.6822E-06
 8.0000E-02 5.3855E-01  3.9731E-01  5.7220E-06  1.4007E-06
 8.0000E-02 5.4182E-01  4.1298E-01  4.7684E-06  8.3447E-07
 8.0000E-02 5.4512E-01  4.2722E-01 -5.7220E-06  4.4107E-06
 8.0000E-02 5.4847E-01  4.3967E-01 -5.6267E-05 -1.2666E-05
 8.0000E-02 5.5185E-01  4.4941E-01  8.1539E-05 -9.8050E-06
 8.0000E-02 5.5528E-01  4.5759E-01  1.6212E-05 -2.1636E-05
 8.0000E-02 5.5875E-01  4.6441E-01  4.8161E-05 -4.4584E-05
 8.0000E-02 5.6226E-01  4.7027E-01  2.9564E-05  8.1062E-06
 8.0000E-02 5.6582E-01  4.7561E-01  2.0504E-05  8.1956E-06
 8.0000E-02 5.6943E-01  4.8073E-01  1.4305E-06 -1.4454E-05
 8.0000E-02 5.7308E-01  4.8577E-01 -6.0081E-05  5.2631E-05
 8.0000E-02 5.7677E-01  4.9045E-01 -6.9618E-05 -9.6262E-06
 8.0000E-02 5.8052E-01  4.9420E-01 -3.1948E-05 -5.1260E-06
 8.0000E-02 5.8431E-01  4.9636E-01 -4.1008E-05 -5.1260E-06
 8.0000E-02 5.8816E-01  4.9646E-01  2.2888E-05 -7.0632E-06
 8.0000E-02 5.9205E-01  4.9422E-01  5.2929E-05 -1.4871E-05
 8.0000E-02 5.9600E-01  4.8943E-01  1.0014E-05 -3.3230E-05
 8.0000E-02 6.0000E-01  4.8163E-01 -1.6689E-05 -1.0431E-05
