 DDSCAT --- DDSCAT 7.3.3 [22.01.20]   
 TARGET --->TARGSPHER  spherical target with explicit spacing                 
 GPFAFT --- method of solution 
 GKDLDR --- prescription for polarizabilities
 FROM_FILE --- shape 
    4169 = NAT0 = number of dipoles
 ../../diel/Pena-Rioux_dielectric_26Au_74Ag                  
 ../../diel/Pena-Rioux_dielectric_52Au_48Ag                  
 ../../diel/Pena-Rioux_dielectric_65Au_35Ag                  
 ../../diel/Au_evap                                          
   0.000   0.000 = beta_min, beta_max ;  NBETA = 1
   0.000   0.000 = theta_min, theta_max; NTHETA= 1
   0.000   0.000 = phi_min, phi_max   ;   NPHI = 1
 0.5000 = ETASCA (param. controlling # of scatt. dirs used to calculate <cos> etc.
 Results averaged over    1 target orientations
                   and  2 incident polarizations
   aeff       wave       Q_ext     Q_abs      Q_sca     g(1)=<cos>  <cos^2>    Q_bk       Nsca
 4.0000E-02 3.0000E-01 2.5367E+00 1.7753E+00 7.6140E-01  2.5311E-01 4.1486E-01 3.8842E-02   408
 4.0000E-02 3.0101E-01 2.5283E+00 1.7741E+00 7.5418E-01  2.5131E-01 4.1466E-01 3.8819E-02   408
 4.0000E-02 3.0203E-01 2.5198E+00 1.7729E+00 7.4697E-01  2.4950E-01 4.1447E-01 3.8789E-02   408
 4.0000E-02 3.0305E-01 2.5113E+00 1.7716E+00 7.3973E-01  2.4770E-01 4.1428E-01 3.8750E-02   408
 4.0000E-02 3.0408E-01 2.5027E+00 1.7702E+00 7.3247E-01  2.4591E-01 4.1409E-01 3.8701E-02   408
 4.0000E-02 3.0512E-01 2.4939E+00 1.7688E+00 7.2516E-01  2.4412E-01 4.1390E-01 3.8642E-02   408
 4.0000E-02 3.0616E-01 2.4851E+00 1.7672E+00 7.1783E-01  2.4234E-01 4.1372E-01 3.8575E-02   408
 4.0000E-02 3.0722E-01 2.4761E+00 1.7656E+00 7.1047E-01  2.4056E-01 4.1353E-01 3.8499E-02   408
 4.0000E-02 3.0828E-01 2.4672E+00 1.7640E+00 7.0319E-01  2.3878E-01 4.1335E-01 3.8420E-02   408
 4.0000E-02 3.0934E-01 2.4587E+00 1.7625E+00 6.9623E-01  2.3698E-01 4.1317E-01 3.8356E-02   408
 4.0000E-02 3.1042E-01 2.4502E+00 1.7609E+00 6.8925E-01  2.3517E-01 4.1299E-01 3.8284E-02   408
 4.0000E-02 3.1150E-01 2.4415E+00 1.7593E+00 6.8221E-01  2.3337E-01 4.1281E-01 3.8202E-02   408
 4.0000E-02 3.1259E-01 2.4326E+00 1.7575E+00 6.7514E-01  2.3157E-01 4.1264E-01 3.8112E-02   408
 4.0000E-02 3.1368E-01 2.4236E+00 1.7556E+00 6.6806E-01  2.2977E-01 4.1246E-01 3.8015E-02   408
 4.0000E-02 3.1479E-01 2.4146E+00 1.7536E+00 6.6097E-01  2.2807E-01 4.1244E-01 3.7911E-02   362
 4.0000E-02 3.1590E-01 2.4055E+00 1.7516E+00 6.5389E-01  2.2626E-01 4.1227E-01 3.7801E-02   362
 4.0000E-02 3.1702E-01 2.3963E+00 1.7495E+00 6.4680E-01  2.2446E-01 4.1210E-01 3.7683E-02   363
 4.0000E-02 3.1815E-01 2.3864E+00 1.7470E+00 6.3939E-01  2.2266E-01 4.1194E-01 3.7541E-02   363
 4.0000E-02 3.1929E-01 2.3763E+00 1.7444E+00 6.3192E-01  2.2087E-01 4.1177E-01 3.7386E-02   363
 4.0000E-02 3.2043E-01 2.3661E+00 1.7417E+00 6.2442E-01  2.1908E-01 4.1161E-01 3.7223E-02   363
 4.0000E-02 3.2158E-01 2.3559E+00 1.7389E+00 6.1702E-01  2.1729E-01 4.1145E-01 3.7056E-02   363
 4.0000E-02 3.2274E-01 2.3455E+00 1.7360E+00 6.0959E-01  2.1549E-01 4.1130E-01 3.6881E-02   363
 4.0000E-02 3.2391E-01 2.3350E+00 1.7329E+00 6.0216E-01  2.1370E-01 4.1114E-01 3.6698E-02   363
 4.0000E-02 3.2509E-01 2.3243E+00 1.7296E+00 5.9470E-01  2.1190E-01 4.1099E-01 3.6507E-02   363
 4.0000E-02 3.2628E-01 2.3134E+00 1.7262E+00 5.8724E-01  2.1011E-01 4.1083E-01 3.6308E-02   363
 4.0000E-02 3.2747E-01 2.3015E+00 1.7222E+00 5.7936E-01  2.0834E-01 4.1068E-01 3.6071E-02   363
 4.0000E-02 3.2868E-01 2.2898E+00 1.7181E+00 5.7169E-01  2.0656E-01 4.1054E-01 3.5841E-02   363
 4.0000E-02 3.2989E-01 2.2783E+00 1.7141E+00 5.6427E-01  2.0477E-01 4.1039E-01 3.5621E-02   363
 4.0000E-02 3.3111E-01 2.2671E+00 1.7100E+00 5.5711E-01  2.0296E-01 4.1024E-01 3.5410E-02   363
 4.0000E-02 3.3234E-01 2.2560E+00 1.7058E+00 5.5013E-01  2.0115E-01 4.1009E-01 3.5207E-02   363
 4.0000E-02 3.3358E-01 2.2450E+00 1.7016E+00 5.4340E-01  1.9932E-01 4.0995E-01 3.5015E-02   363
 4.0000E-02 3.3483E-01 2.2344E+00 1.6974E+00 5.3697E-01  1.9747E-01 4.0980E-01 3.4836E-02   363
 4.0000E-02 3.3609E-01 2.2246E+00 1.6935E+00 5.3118E-01  1.9559E-01 4.0965E-01 3.4696E-02   363
 4.0000E-02 3.3736E-01 2.2163E+00 1.6900E+00 5.2626E-01  1.9367E-01 4.0949E-01 3.4611E-02   363
 4.0000E-02 3.3864E-01 2.2088E+00 1.6869E+00 5.2187E-01  1.9173E-01 4.0933E-01 3.4559E-02   363
 4.0000E-02 3.3992E-01 2.2021E+00 1.6840E+00 5.1805E-01  1.8976E-01 4.0918E-01 3.4543E-02   363
 4.0000E-02 3.4122E-01 2.1963E+00 1.6815E+00 5.1482E-01  1.8778E-01 4.0902E-01 3.4565E-02   363
 4.0000E-02 3.4253E-01 2.1914E+00 1.6792E+00 5.1218E-01  1.8577E-01 4.0886E-01 3.4625E-02   363
 4.0000E-02 3.4385E-01 2.1874E+00 1.6773E+00 5.1014E-01  1.8373E-01 4.0870E-01 3.4726E-02   363
 4.0000E-02 3.4517E-01 2.1847E+00 1.6758E+00 5.0885E-01  1.8168E-01 4.0853E-01 3.4879E-02   363
 4.0000E-02 3.4651E-01 2.1834E+00 1.6751E+00 5.0834E-01  1.7961E-01 4.0837E-01 3.5085E-02   363
 4.0000E-02 3.4786E-01 2.1832E+00 1.6747E+00 5.0845E-01  1.7753E-01 4.0821E-01 3.5335E-02   363
 4.0000E-02 3.4922E-01 2.1841E+00 1.6749E+00 5.0920E-01  1.7544E-01 4.0804E-01 3.5630E-02   363
 4.0000E-02 3.5059E-01 2.1861E+00 1.6755E+00 5.1062E-01  1.7334E-01 4.0788E-01 3.5974E-02   363
 4.0000E-02 3.5197E-01 2.1893E+00 1.6766E+00 5.1272E-01  1.7124E-01 4.0772E-01 3.6368E-02   363
 4.0000E-02 3.5336E-01 2.1938E+00 1.6783E+00 5.1552E-01  1.6913E-01 4.0755E-01 3.6815E-02   363
 4.0000E-02 3.5476E-01 2.1996E+00 1.6806E+00 5.1902E-01  1.6702E-01 4.0739E-01 3.7314E-02   363
 4.0000E-02 3.5618E-01 2.2066E+00 1.6834E+00 5.2317E-01  1.6493E-01 4.0723E-01 3.7862E-02   363
 4.0000E-02 3.5760E-01 2.2147E+00 1.6868E+00 5.2790E-01  1.6283E-01 4.0707E-01 3.8456E-02   363
 4.0000E-02 3.5904E-01 2.2239E+00 1.6906E+00 5.3326E-01  1.6073E-01 4.0691E-01 3.9102E-02   363
 4.0000E-02 3.6048E-01 2.2342E+00 1.6950E+00 5.3927E-01  1.5864E-01 4.0675E-01 3.9801E-02   363
 4.0000E-02 3.6194E-01 2.2458E+00 1.6999E+00 5.4596E-01  1.5654E-01 4.0660E-01 4.0556E-02   363
 4.0000E-02 3.6341E-01 2.2586E+00 1.7053E+00 5.5331E-01  1.5444E-01 4.0644E-01 4.1369E-02   363
 4.0000E-02 3.6490E-01 2.2725E+00 1.7113E+00 5.6124E-01  1.5235E-01 4.0629E-01 4.2231E-02   363
 4.0000E-02 3.6639E-01 2.2875E+00 1.7177E+00 5.6977E-01  1.5026E-01 4.0613E-01 4.3147E-02   363
 4.0000E-02 3.6790E-01 2.3036E+00 1.7247E+00 5.7893E-01  1.4817E-01 4.0598E-01 4.4120E-02   363
 4.0000E-02 3.6942E-01 2.3209E+00 1.7321E+00 5.8875E-01  1.4609E-01 4.0583E-01 4.5153E-02   363
 4.0000E-02 3.7095E-01 2.3394E+00 1.7401E+00 5.9926E-01  1.4400E-01 4.0568E-01 4.6250E-02   363
 4.0000E-02 3.7250E-01 2.3591E+00 1.7487E+00 6.1045E-01  1.4191E-01 4.0553E-01 4.7412E-02   363
 4.0000E-02 3.7406E-01 2.3799E+00 1.7577E+00 6.2224E-01  1.3982E-01 4.0539E-01 4.8632E-02   363
 4.0000E-02 3.7563E-01 2.4018E+00 1.7672E+00 6.3470E-01  1.3772E-01 4.0524E-01 4.9917E-02   363
 4.0000E-02 3.7722E-01 2.4250E+00 1.7771E+00 6.4786E-01  1.3563E-01 4.0510E-01 5.1273E-02   363
 4.0000E-02 3.7881E-01 2.4494E+00 1.7877E+00 6.6177E-01  1.3354E-01 4.0496E-01 5.2702E-02   363
 4.0000E-02 3.8043E-01 2.4752E+00 1.7987E+00 6.7651E-01  1.3143E-01 4.0482E-01 5.4215E-02   363
 4.0000E-02 3.8205E-01 2.5023E+00 1.8103E+00 6.9195E-01  1.2933E-01 4.0468E-01 5.5800E-02   363
 4.0000E-02 3.8369E-01 2.5304E+00 1.8223E+00 7.0808E-01  1.2722E-01 4.0454E-01 5.7461E-02   363
 4.0000E-02 3.8534E-01 2.5599E+00 1.8348E+00 7.2509E-01  1.2511E-01 4.0441E-01 5.9212E-02   363
 4.0000E-02 3.8701E-01 2.5910E+00 1.8480E+00 7.4305E-01  1.2300E-01 4.0427E-01 6.1060E-02   363
 4.0000E-02 3.8870E-01 2.6238E+00 1.8618E+00 7.6202E-01  1.2088E-01 4.0414E-01 6.3011E-02   363
 4.0000E-02 3.9039E-01 2.6583E+00 1.8762E+00 7.8206E-01  1.1886E-01 4.0419E-01 6.5072E-02   323
 4.0000E-02 3.9211E-01 2.6943E+00 1.8912E+00 8.0309E-01  1.1675E-01 4.0406E-01 6.7239E-02   323
 4.0000E-02 3.9383E-01 2.7323E+00 1.9069E+00 8.2538E-01  1.1464E-01 4.0393E-01 6.9534E-02   323
 4.0000E-02 3.9558E-01 2.7723E+00 1.9233E+00 8.4900E-01  1.1253E-01 4.0381E-01 7.1967E-02   323
 4.0000E-02 3.9733E-01 2.8146E+00 1.9406E+00 8.7403E-01  1.1043E-01 4.0369E-01 7.4545E-02   323
 4.0000E-02 3.9911E-01 2.8594E+00 1.9588E+00 9.0063E-01  1.0833E-01 4.0357E-01 7.7286E-02   323
 4.0000E-02 4.0090E-01 2.9067E+00 1.9778E+00 9.2891E-01  1.0624E-01 4.0345E-01 8.0199E-02   323
 4.0000E-02 4.0270E-01 2.9568E+00 1.9978E+00 9.5903E-01  1.0415E-01 4.0333E-01 8.3302E-02   323
 4.0000E-02 4.0452E-01 3.0100E+00 2.0189E+00 9.9108E-01  1.0206E-01 4.0321E-01 8.6611E-02   323
 4.0000E-02 4.0636E-01 3.0663E+00 2.0410E+00 1.0252E+00  9.9971E-02 4.0310E-01 9.0140E-02   323
 4.0000E-02 4.0822E-01 3.1259E+00 2.0643E+00 1.0616E+00  9.7874E-02 4.0298E-01 9.3908E-02   323
 4.0000E-02 4.1009E-01 3.1895E+00 2.0889E+00 1.1006E+00  9.5772E-02 4.0287E-01 9.7952E-02   323
 4.0000E-02 4.1198E-01 3.2571E+00 2.1149E+00 1.1422E+00  9.3659E-02 4.0276E-01 1.0229E-01   323
 4.0000E-02 4.1389E-01 3.3289E+00 2.1422E+00 1.1867E+00  9.1526E-02 4.0265E-01 1.0693E-01   323
 4.0000E-02 4.1581E-01 3.4050E+00 2.1709E+00 1.2341E+00  8.9368E-02 4.0254E-01 1.1191E-01   323
 4.0000E-02 4.1776E-01 3.4858E+00 2.2010E+00 1.2849E+00  8.7182E-02 4.0243E-01 1.1727E-01   323
 4.0000E-02 4.1972E-01 3.5722E+00 2.2328E+00 1.3394E+00  8.4957E-02 4.0232E-01 1.2306E-01   323
 4.0000E-02 4.2170E-01 3.6637E+00 2.2661E+00 1.3976E+00  8.2684E-02 4.0221E-01 1.2928E-01   323
 4.0000E-02 4.2370E-01 3.7608E+00 2.3009E+00 1.4599E+00  8.0351E-02 4.0210E-01 1.3599E-01   323
 4.0000E-02 4.2571E-01 3.8637E+00 2.3371E+00 1.5266E+00  7.7946E-02 4.0199E-01 1.4324E-01   323
 4.0000E-02 4.2775E-01 3.9728E+00 2.3748E+00 1.5980E+00  7.5452E-02 4.0188E-01 1.5108E-01   323
 4.0000E-02 4.2981E-01 4.0880E+00 2.4138E+00 1.6742E+00  7.2850E-02 4.0177E-01 1.5956E-01   323
 4.0000E-02 4.3188E-01 4.2094E+00 2.4538E+00 1.7555E+00  7.0136E-02 4.0166E-01 1.6873E-01   323
 4.0000E-02 4.3398E-01 4.3369E+00 2.4947E+00 1.8422E+00  6.7298E-02 4.0156E-01 1.7864E-01   323
 4.0000E-02 4.3610E-01 4.4708E+00 2.5362E+00 1.9347E+00  6.4325E-02 4.0146E-01 1.8936E-01   323
 4.0000E-02 4.3824E-01 4.6104E+00 2.5780E+00 2.0324E+00  6.1221E-02 4.0136E-01 2.0089E-01   323
 4.0000E-02 4.4039E-01 4.7554E+00 2.6199E+00 2.1355E+00  5.8005E-02 4.0126E-01 2.1325E-01   323
 4.0000E-02 4.4257E-01 4.9057E+00 2.6615E+00 2.2441E+00  5.4701E-02 4.0118E-01 2.2645E-01   323
 4.0000E-02 4.4478E-01 5.0610E+00 2.7030E+00 2.3580E+00  5.1341E-02 4.0110E-01 2.4049E-01   323
 4.0000E-02 4.4700E-01 5.2203E+00 2.7440E+00 2.4764E+00  4.7976E-02 4.0104E-01 2.5526E-01   323
 4.0000E-02 4.4925E-01 5.3831E+00 2.7846E+00 2.5986E+00  4.4660E-02 4.0098E-01 2.7065E-01   323
 4.0000E-02 4.5152E-01 5.5488E+00 2.8247E+00 2.7241E+00  4.1435E-02 4.0094E-01 2.8659E-01   323
 4.0000E-02 4.5381E-01 5.7164E+00 2.8645E+00 2.8519E+00  3.8338E-02 4.0090E-01 3.0290E-01   323
 4.0000E-02 4.5612E-01 5.8844E+00 2.9039E+00 2.9805E+00  3.5422E-02 4.0088E-01 3.1938E-01   323
 4.0000E-02 4.5846E-01 6.0514E+00 2.9426E+00 3.1088E+00  3.2707E-02 4.0086E-01 3.3585E-01   323
 4.0000E-02 4.6082E-01 6.2155E+00 2.9803E+00 3.2352E+00  3.0201E-02 4.0085E-01 3.5209E-01   323
 4.0000E-02 4.6321E-01 6.3745E+00 3.0166E+00 3.3579E+00  2.7904E-02 4.0085E-01 3.6789E-01   323
 4.0000E-02 4.6563E-01 6.5260E+00 3.0507E+00 3.4753E+00  2.5807E-02 4.0085E-01 3.8302E-01   323
 4.0000E-02 4.6806E-01 6.6677E+00 3.0819E+00 3.5859E+00  2.3894E-02 4.0086E-01 3.9733E-01   323
 4.0000E-02 4.7053E-01 6.7972E+00 3.1092E+00 3.6880E+00  2.2146E-02 4.0087E-01 4.1059E-01   323
 4.0000E-02 4.7302E-01 6.9111E+00 3.1320E+00 3.7792E+00  2.0552E-02 4.0089E-01 4.2255E-01   323
 4.0000E-02 4.7553E-01 7.0077E+00 3.1492E+00 3.8585E+00  1.9090E-02 4.0090E-01 4.3307E-01   323
 4.0000E-02 4.7807E-01 7.0847E+00 3.1599E+00 3.9249E+00  1.7742E-02 4.0092E-01 4.4203E-01   323
 4.0000E-02 4.8065E-01 7.1395E+00 3.1634E+00 3.9761E+00  1.6492E-02 4.0093E-01 4.4919E-01   323
 4.0000E-02 4.8324E-01 7.1694E+00 3.1589E+00 4.0105E+00  1.5327E-02 4.0094E-01 4.5436E-01   323
 4.0000E-02 4.8587E-01 7.1728E+00 3.1462E+00 4.0267E+00  1.4230E-02 4.0095E-01 4.5736E-01   323
 4.0000E-02 4.8852E-01 7.1482E+00 3.1250E+00 4.0232E+00  1.3193E-02 4.0096E-01 4.5804E-01   323
 4.0000E-02 4.9121E-01 7.0951E+00 3.0960E+00 3.9992E+00  1.2209E-02 4.0097E-01 4.5629E-01   323
 4.0000E-02 4.9392E-01 7.0151E+00 3.0597E+00 3.9554E+00  1.1270E-02 4.0097E-01 4.5221E-01   323
 4.0000E-02 4.9667E-01 6.9110E+00 3.0178E+00 3.8932E+00  1.0376E-02 4.0097E-01 4.4593E-01   323
 4.0000E-02 4.9944E-01 6.7879E+00 2.9725E+00 3.8154E+00  9.5357E-03 4.0097E-01 4.3776E-01   323
 4.0000E-02 5.0225E-01 6.6496E+00 2.9237E+00 3.7259E+00  8.7256E-03 4.0097E-01 4.2818E-01   323
 4.0000E-02 5.0508E-01 6.5008E+00 2.8728E+00 3.6280E+00  7.9427E-03 4.0097E-01 4.1757E-01   323
 4.0000E-02 5.0795E-01 6.3457E+00 2.8208E+00 3.5249E+00  7.1866E-03 4.0097E-01 4.0630E-01   324
 4.0000E-02 5.1086E-01 6.1885E+00 2.7686E+00 3.4199E+00  6.4566E-03 4.0096E-01 3.9476E-01   324
 4.0000E-02 5.1379E-01 6.0326E+00 2.7166E+00 3.3160E+00  5.7854E-03 4.0116E-01 3.8329E-01   285
 4.0000E-02 5.1676E-01 5.8807E+00 2.6650E+00 3.2157E+00  5.1027E-03 4.0116E-01 3.7220E-01   285
 4.0000E-02 5.1977E-01 5.7343E+00 2.6134E+00 3.1209E+00  4.4401E-03 4.0116E-01 3.6169E-01   285
 4.0000E-02 5.2281E-01 5.5888E+00 2.5565E+00 3.0323E+00  3.7579E-03 4.0115E-01 3.5193E-01   285
 4.0000E-02 5.2588E-01 5.4420E+00 2.4948E+00 2.9473E+00  3.0586E-03 4.0116E-01 3.4257E-01   285
 4.0000E-02 5.2899E-01 5.2951E+00 2.4301E+00 2.8650E+00  2.3578E-03 4.0116E-01 3.3352E-01   285
 4.0000E-02 5.3214E-01 5.1472E+00 2.3621E+00 2.7851E+00  1.6525E-03 4.0116E-01 3.2471E-01   285
 4.0000E-02 5.3533E-01 4.9970E+00 2.2902E+00 2.7068E+00  9.4054E-04 4.0117E-01 3.1608E-01   285
 4.0000E-02 5.3855E-01 4.8435E+00 2.2142E+00 2.6293E+00  2.2061E-04 4.0117E-01 3.0751E-01   285
 4.0000E-02 5.4182E-01 4.6856E+00 2.1339E+00 2.5517E+00 -5.1021E-04 4.0117E-01 2.9892E-01   285
 4.0000E-02 5.4512E-01 4.5223E+00 2.0491E+00 2.4732E+00 -1.2536E-03 4.0117E-01 2.9019E-01   285
 4.0000E-02 5.4847E-01 4.3533E+00 1.9605E+00 2.3927E+00 -2.0118E-03 4.0117E-01 2.8122E-01   285
 4.0000E-02 5.5185E-01 4.1810E+00 1.8711E+00 2.3099E+00 -2.7719E-03 4.0117E-01 2.7193E-01   285
 4.0000E-02 5.5528E-01 4.0050E+00 1.7800E+00 2.2250E+00 -3.5459E-03 4.0117E-01 2.6237E-01   285
 4.0000E-02 5.5875E-01 3.8260E+00 1.6881E+00 2.1379E+00 -4.3370E-03 4.0117E-01 2.5253E-01   285
 4.0000E-02 5.6226E-01 3.6454E+00 1.5968E+00 2.0487E+00 -5.1443E-03 4.0116E-01 2.4240E-01   285
 4.0000E-02 5.6582E-01 3.4653E+00 1.5076E+00 1.9576E+00 -5.9663E-03 4.0116E-01 2.3203E-01   285
 4.0000E-02 5.6943E-01 3.2883E+00 1.4227E+00 1.8656E+00 -6.7982E-03 4.0115E-01 2.2151E-01   285
 4.0000E-02 5.7308E-01 3.1173E+00 1.3433E+00 1.7740E+00 -7.6359E-03 4.0115E-01 2.1099E-01   285
 4.0000E-02 5.7677E-01 2.9546E+00 1.2702E+00 1.6844E+00 -8.4792E-03 4.0114E-01 2.0068E-01   285
 4.0000E-02 5.8052E-01 2.8013E+00 1.2032E+00 1.5981E+00 -9.3266E-03 4.0114E-01 1.9073E-01   285
 4.0000E-02 5.8431E-01 2.6567E+00 1.1409E+00 1.5158E+00 -1.0185E-02 4.0113E-01 1.8123E-01   285
 4.0000E-02 5.8816E-01 2.5201E+00 1.0824E+00 1.4377E+00 -1.1056E-02 4.0113E-01 1.7220E-01   285
 4.0000E-02 5.9205E-01 2.3911E+00 1.0275E+00 1.3636E+00 -1.1938E-02 4.0112E-01 1.6363E-01   285
 4.0000E-02 5.9600E-01 2.2694E+00 9.7612E-01 1.2933E+00 -1.2831E-02 4.0112E-01 1.5547E-01   285
 4.0000E-02 6.0000E-01 2.1552E+00 9.2860E-01 1.2266E+00 -1.3733E-02 4.0112E-01 1.4774E-01   285
