 DDSCAT --- DDSCAT 7.3.3 [22.01.20]   
 TARGET --->TARGSPHER  spherical target with explicit spacing                 
 GPFAFT --- method of solution 
 FLTRCD --- prescription for polarizabilities
 FROM_FILE --- shape 
    4169 = NAT0 = number of dipoles
 ../../diel/Pena-Rioux_dielectric_26Au_74Ag                  
 ../../diel/Pena-Rioux_dielectric_52Au_48Ag                  
 ../../diel/Pena-Rioux_dielectric_65Au_35Ag                  
 ../../diel/Pena-Rioux_dielectric_76Au_24Ag                  
 ../../diel/Pena-Rioux_dielectric_92Au_8Ag                   
   0.000   0.000 = beta_min, beta_max ;  NBETA = 1
   0.000   0.000 = theta_min, theta_max; NTHETA= 1
   0.000   0.000 = phi_min, phi_max   ;   NPHI = 1
 Results averaged over    1 target orientations
                   and  2 incident polarizations
   aeff       wave       Q_pha       Q_pol       Q_cpol
 1.0000E-03 3.0000E-01  2.0541E-02  7.4506E-08  3.5390E-08
 1.0000E-03 3.0101E-01  2.0340E-02  4.3213E-07  3.3528E-08
 1.0000E-03 3.0203E-01  2.0134E-02 -1.7881E-07 -7.4506E-09
 1.0000E-03 3.0305E-01  1.9923E-02  2.3842E-07 -4.2841E-08
 1.0000E-03 3.0408E-01  1.9707E-02  3.9488E-07 -1.6764E-08
 1.0000E-03 3.0512E-01  1.9486E-02 -1.7136E-07  7.4506E-09
 1.0000E-03 3.0616E-01  1.9260E-02  1.4156E-07 -7.4506E-09
 1.0000E-03 3.0722E-01  1.9029E-02  1.4156E-07 -6.1467E-08
 1.0000E-03 3.0828E-01  1.8796E-02 -1.5646E-07 -2.0489E-08
 1.0000E-03 3.0934E-01  1.8576E-02 -1.2666E-07 -3.1665E-08
 1.0000E-03 3.1042E-01  1.8351E-02 -3.7253E-08  1.1176E-08
 1.0000E-03 3.1150E-01  1.8121E-02  2.9057E-07 -2.2352E-08
 1.0000E-03 3.1259E-01  1.7886E-02  5.9605E-08  1.1176E-08
 1.0000E-03 3.1368E-01  1.7646E-02  2.2352E-08  3.7253E-09
 1.0000E-03 3.1479E-01  1.7401E-02  9.6858E-08 -5.5879E-09
 1.0000E-03 3.1590E-01  1.7150E-02  9.6858E-08  2.6077E-08
 1.0000E-03 3.1702E-01  1.6893E-02  1.1921E-07 -2.0489E-08
 1.0000E-03 3.1815E-01  1.6632E-02 -7.4506E-09  1.8626E-08
 1.0000E-03 3.1929E-01  1.6360E-02 -1.4901E-08 -1.3039E-08
 1.0000E-03 3.2043E-01  1.6078E-02 -8.9407E-08 -9.3132E-09
 1.0000E-03 3.2158E-01  1.5784E-02 -7.4506E-08  1.8626E-08
 1.0000E-03 3.2274E-01  1.5477E-02 -7.4506E-08 -2.0489E-08
 1.0000E-03 3.2391E-01  1.5159E-02 -7.4506E-08  2.4214E-08
 1.0000E-03 3.2509E-01  1.4827E-02  1.1921E-07  3.5390E-08
 1.0000E-03 3.2628E-01  1.4483E-02  7.4506E-08 -3.7253E-09
 1.0000E-03 3.2747E-01  1.4087E-02  2.2352E-08 -7.4506E-09
 1.0000E-03 3.2868E-01  1.3677E-02  2.2352E-08  7.4506E-09
 1.0000E-03 3.2989E-01  1.3255E-02  2.0117E-07  2.7940E-09
 1.0000E-03 3.3111E-01  1.2820E-02  3.7253E-08 -1.8626E-09
 1.0000E-03 3.3234E-01  1.2371E-02 -2.9802E-08 -1.8626E-09
 1.0000E-03 3.3358E-01  1.1907E-02  1.7881E-07 -8.3819E-09
 1.0000E-03 3.3483E-01  1.1426E-02  6.7055E-08  7.4506E-09
 1.0000E-03 3.3609E-01  1.0931E-02  3.7253E-08  1.3039E-08
 1.0000E-03 3.3736E-01  1.0430E-02  6.7055E-08 -5.5879E-09
 1.0000E-03 3.3864E-01  9.9235E-03  0.0000E+00 -7.4506E-09
 1.0000E-03 3.3992E-01  9.4115E-03  9.6858E-08 -2.7940E-09
 1.0000E-03 3.4122E-01  8.8926E-03 -2.2352E-08 -1.8626E-08
 1.0000E-03 3.4253E-01  8.3660E-03 -6.7055E-08 -4.6566E-09
 1.0000E-03 3.4385E-01  7.8304E-03  3.7253E-08 -2.4214E-08
 1.0000E-03 3.4517E-01  7.2937E-03 -2.8312E-07  1.2107E-08
 1.0000E-03 3.4651E-01  6.7674E-03  4.4703E-08  2.3283E-09
 1.0000E-03 3.4786E-01  6.2428E-03  2.9802E-08  0.0000E+00
 1.0000E-03 3.4922E-01  5.7195E-03 -6.7055E-08 -8.8476E-09
 1.0000E-03 3.5059E-01  5.1974E-03  5.9605E-08 -9.7789E-09
 1.0000E-03 3.5197E-01  4.6761E-03 -6.7055E-08 -9.3132E-09
 1.0000E-03 3.5336E-01  4.1554E-03 -9.6858E-08  9.3132E-09
 1.0000E-03 3.5476E-01  3.6452E-03 -3.7253E-08 -1.8626E-09
 1.0000E-03 3.5618E-01  3.1447E-03 -1.2666E-07 -1.8626E-09
 1.0000E-03 3.5760E-01  2.6509E-03 -4.4703E-08  5.8208E-09
 1.0000E-03 3.5904E-01  2.1646E-03 -8.1956E-08  4.4238E-09
 1.0000E-03 3.6048E-01  1.6864E-03 -2.2352E-08 -2.4447E-09
 1.0000E-03 3.6194E-01  1.2170E-03  0.0000E+00 -1.9791E-09
 1.0000E-03 3.6341E-01  7.6045E-04  1.4901E-08 -1.3970E-09
 1.0000E-03 3.6490E-01  3.1943E-04  7.4506E-09  4.2492E-09
 1.0000E-03 3.6639E-01 -1.0886E-04 -7.4506E-09 -4.8967E-09
 1.0000E-03 3.6790E-01 -5.2335E-04 -1.4901E-08 -1.8044E-09
 1.0000E-03 3.6942E-01 -9.2219E-04 -2.2352E-08  7.5670E-10
 1.0000E-03 3.7095E-01 -1.3032E-03 -2.9802E-08  1.7462E-09
 1.0000E-03 3.7250E-01 -1.6627E-03 -1.1176E-07 -5.8208E-10
 1.0000E-03 3.7406E-01 -2.0004E-03 -5.9605E-08 -3.7253E-09
 1.0000E-03 3.7563E-01 -2.3173E-03  4.4703E-08  9.3132E-09
 1.0000E-03 3.7722E-01 -2.6110E-03  1.3411E-07  4.4238E-09
 1.0000E-03 3.7881E-01 -2.8773E-03  7.4506E-08  9.5461E-09
 1.0000E-03 3.8043E-01 -3.1122E-03  2.8312E-07  6.9849E-09
 1.0000E-03 3.8205E-01 -3.3116E-03 -5.9605E-08 -1.6997E-08
 1.0000E-03 3.8369E-01 -3.4782E-03  2.0117E-07  7.4739E-08
 1.0000E-03 3.8534E-01 -3.6080E-03 -3.6508E-07 -4.3539E-08
 1.0000E-03 3.8701E-01 -3.6950E-03 -3.5018E-07  3.9581E-09
 1.0000E-03 3.8870E-01 -3.7330E-03 -6.7055E-08  1.7229E-08
 1.0000E-03 3.9039E-01 -3.7135E-03  3.8743E-07 -4.7497E-08
 1.0000E-03 3.9211E-01 -3.6379E-03  4.4703E-08 -3.6089E-08
 1.0000E-03 3.9383E-01 -3.4983E-03  6.1095E-07 -1.3504E-08
 1.0000E-03 3.9558E-01 -3.2860E-03 -4.4703E-07  4.8196E-08
 1.0000E-03 3.9733E-01 -2.9886E-03 -5.9605E-08 -9.3132E-10
 1.0000E-03 3.9911E-01 -2.5928E-03  7.4506E-08  4.7032E-08
 1.0000E-03 4.0090E-01 -2.0945E-03  2.2352E-07  5.4482E-08
 1.0000E-03 4.0270E-01 -1.4797E-03  4.0233E-07 -2.4063E-07
 1.0000E-03 4.0452E-01 -7.2902E-04 -1.9372E-07 -1.2573E-08
 1.0000E-03 4.0636E-01  1.7622E-04 -8.4937E-07  3.0908E-08
 1.0000E-03 4.0822E-01  1.2577E-03 -5.8115E-07 -2.9337E-07
 1.0000E-03 4.1009E-01  2.5287E-03  0.0000E+00  4.4005E-08
 1.0000E-03 4.1198E-01  4.0169E-03 -1.1921E-07 -2.5611E-08
 1.0000E-03 4.1389E-01  5.7498E-03  8.9407E-08 -1.6298E-08
 1.0000E-03 4.1581E-01  7.7508E-03 -2.6822E-07 -8.3819E-09
 1.0000E-03 4.1776E-01  1.0040E-02  1.4007E-06 -2.2072E-07
 1.0000E-03 4.1972E-01  1.2631E-02  2.6822E-07  2.8964E-07
 1.0000E-03 4.2170E-01  1.5537E-02 -2.0862E-07  2.4494E-07
 1.0000E-03 4.2370E-01  1.8752E-02 -3.5763E-07 -7.4506E-09
 1.0000E-03 4.2571E-01  2.2259E-02 -1.9372E-07  2.0117E-07
 1.0000E-03 4.2775E-01  2.6031E-02  1.3411E-07  1.3039E-08
 1.0000E-03 4.2981E-01  3.0033E-02 -4.7684E-07  1.3039E-08
 1.0000E-03 4.3188E-01  3.4214E-02 -1.4901E-08  5.5879E-08
 1.0000E-03 4.3398E-01  3.8521E-02 -7.4506E-08  3.7253E-08
 1.0000E-03 4.3610E-01  4.2903E-02  1.1921E-07  1.3039E-07
 1.0000E-03 4.3824E-01  4.7306E-02  1.0431E-07 -5.9605E-08
 1.0000E-03 4.4039E-01  5.1666E-02  2.3842E-07  7.4506E-08
 1.0000E-03 4.4257E-01  5.5926E-02  2.3842E-07  6.7055E-08
 1.0000E-03 4.4478E-01  6.0030E-02 -1.0431E-07 -2.3842E-07
 1.0000E-03 4.4700E-01  6.3918E-02  2.9802E-08 -6.7055E-08
 1.0000E-03 4.4925E-01  6.7536E-02 -3.4273E-07 -3.7253E-08
 1.0000E-03 4.5152E-01  7.0844E-02 -2.0862E-07 -1.1176E-07
 1.0000E-03 4.5381E-01  7.3807E-02 -7.1526E-07  2.9802E-08
 1.0000E-03 4.5612E-01  7.6404E-02  2.2352E-07  7.4506E-08
 1.0000E-03 4.5846E-01  7.8623E-02 -2.9802E-08  5.9605E-08
 1.0000E-03 4.6082E-01  8.0466E-02  0.0000E+00  7.4506E-09
 1.0000E-03 4.6321E-01  8.1942E-02  1.0431E-07 -1.7136E-07
 1.0000E-03 4.6563E-01  8.3066E-02  4.1723E-07  6.7055E-08
 1.0000E-03 4.6806E-01  8.3858E-02  1.4901E-08 -1.7136E-07
 1.0000E-03 4.7053E-01  8.4339E-02  8.9407E-08 -7.4506E-09
 1.0000E-03 4.7302E-01  8.4533E-02 -1.7136E-07  1.4901E-07
 1.0000E-03 4.7553E-01  8.4461E-02  4.9919E-07 -7.4506E-08
 1.0000E-03 4.7807E-01  8.4152E-02  2.9802E-08 -1.4156E-07
 1.0000E-03 4.8065E-01  8.3630E-02 -3.0547E-07  7.4506E-08
 1.0000E-03 4.8324E-01  8.2922E-02  8.1956E-08  2.6077E-07
 1.0000E-03 4.8587E-01  8.2060E-02  2.3097E-07  1.6391E-07
 1.0000E-03 4.8852E-01  8.1073E-02 -8.9407E-08  5.9605E-08
 1.0000E-03 4.9121E-01  7.9992E-02  3.5018E-07  2.6077E-07
 1.0000E-03 4.9392E-01  7.8846E-02 -6.7055E-08 -1.7136E-07
 1.0000E-03 4.9667E-01  7.7664E-02 -8.9407E-08  1.4156E-07
 1.0000E-03 4.9944E-01  7.6469E-02 -4.5821E-07 -4.4703E-07
 1.0000E-03 5.0225E-01  7.5278E-02 -5.9605E-08  4.5449E-07
 1.0000E-03 5.0508E-01  7.4102E-02  1.9744E-07 -5.9605E-07
 1.0000E-03 5.0795E-01  7.2946E-02  3.3900E-07  2.6077E-07
 1.0000E-03 5.1086E-01  7.1805E-02 -6.6310E-07  1.4901E-07
 1.0000E-03 5.1379E-01  7.0666E-02  1.7136E-07  4.1723E-07
 1.0000E-03 5.1676E-01  6.9514E-02  2.7567E-07  2.9802E-07
 1.0000E-03 5.1977E-01  6.8335E-02  0.0000E+00 -8.9407E-08
 1.0000E-03 5.2281E-01  6.7117E-02  7.8231E-08  2.2352E-08
 1.0000E-03 5.2588E-01  6.5861E-02  8.1956E-08 -7.4506E-09
 1.0000E-03 5.2899E-01  6.4570E-02  9.4995E-08  1.9372E-07
 1.0000E-03 5.3214E-01  6.3259E-02  9.8720E-08  2.2352E-08
 1.0000E-03 5.3533E-01  6.1942E-02 -6.7055E-08 -2.1979E-07
 1.0000E-03 5.3855E-01  6.0638E-02  5.4017E-08  2.0489E-07
 1.0000E-03 5.4182E-01  5.9363E-02  1.5087E-07  1.3039E-07
 1.0000E-03 5.4512E-01  5.8128E-02 -5.9418E-07  5.9605E-08
 1.0000E-03 5.4847E-01  5.6943E-02  7.0035E-07  1.0431E-07
 1.0000E-03 5.5185E-01  5.5811E-02  6.3330E-08  1.4901E-07
 1.0000E-03 5.5528E-01  5.4729E-02 -4.6566E-08  5.2154E-08
 1.0000E-03 5.5875E-01  5.3693E-02 -1.9185E-07 -2.7567E-07
 1.0000E-03 5.6226E-01  5.2697E-02 -7.7859E-07 -2.2724E-07
 1.0000E-03 5.6582E-01  5.1733E-02 -3.0547E-07 -5.7369E-07
 1.0000E-03 5.6943E-01  5.0795E-02  2.0675E-07  1.3039E-07
 1.0000E-03 5.7308E-01  4.9881E-02 -2.3888E-06  5.5879E-08
 1.0000E-03 5.7677E-01  4.8990E-02 -8.8476E-08  5.2154E-08
 1.0000E-03 5.8052E-01  4.8127E-02 -1.0459E-06 -1.4901E-07
 1.0000E-03 5.8431E-01  4.7298E-02  1.6503E-06  1.9744E-07
 1.0000E-03 5.8816E-01  4.6506E-02  6.9849E-08  9.2760E-07
 1.0000E-03 5.9205E-01  4.5756E-02 -8.3074E-07 -1.0803E-07
 1.0000E-03 5.9600E-01  4.5051E-02 -4.6566E-09  5.7369E-07
 1.0000E-03 6.0000E-01  4.4402E-02  9.4064E-08 -2.6077E-08
