 DDSCAT --- DDSCAT 7.3.3 [22.01.20]   
 TARGET --->TARGSPHER  spherical target with explicit spacing                 
 GPFAFT --- method of solution 
 FLTRCD --- prescription for polarizabilities
 FROM_FILE --- shape 
    4169 = NAT0 = number of dipoles
 ../../diel/Pena-Rioux_dielectric_26Au_74Ag                  
 ../../diel/Pena-Rioux_dielectric_34Au_66Ag                  
 ../../diel/Pena-Rioux_dielectric_92Au_8Ag                   
   0.000   0.000 = beta_min, beta_max ;  NBETA = 1
   0.000   0.000 = theta_min, theta_max; NTHETA= 1
   0.000   0.000 = phi_min, phi_max   ;   NPHI = 1
 Results averaged over    1 target orientations
                   and  2 incident polarizations
   aeff       wave       Q_pha       Q_pol       Q_cpol
 1.0000E-03 3.0000E-01  2.1439E-02  1.0431E-07  3.5390E-08
 1.0000E-03 3.0101E-01  2.1239E-02 -1.3411E-07  4.2841E-08
 1.0000E-03 3.0203E-01  2.1036E-02 -7.4506E-08  4.8429E-08
 1.0000E-03 3.0305E-01  2.0828E-02 -7.4506E-09  3.1665E-08
 1.0000E-03 3.0408E-01  2.0615E-02 -5.2154E-08 -2.2352E-08
 1.0000E-03 3.0512E-01  2.0397E-02  1.4901E-08 -3.9116E-08
 1.0000E-03 3.0616E-01  2.0174E-02 -2.9802E-07  2.6077E-08
 1.0000E-03 3.0722E-01  1.9945E-02 -7.4506E-08  1.8626E-09
 1.0000E-03 3.0828E-01  1.9716E-02 -4.4703E-08 -2.6077E-08
 1.0000E-03 3.0934E-01  1.9499E-02  1.4901E-08  1.1176E-08
 1.0000E-03 3.1042E-01  1.9278E-02  1.2666E-07  2.4214E-08
 1.0000E-03 3.1150E-01  1.9051E-02  6.7055E-08  1.1176E-08
 1.0000E-03 3.1259E-01  1.8820E-02 -3.2037E-07  3.7253E-09
 1.0000E-03 3.1368E-01  1.8584E-02  2.6077E-07  3.3528E-08
 1.0000E-03 3.1479E-01  1.8343E-02  9.6858E-08 -2.0489E-08
 1.0000E-03 3.1590E-01  1.8096E-02  1.6391E-07  5.0291E-08
 1.0000E-03 3.1702E-01  1.7844E-02  3.7253E-08 -6.1467E-08
 1.0000E-03 3.1815E-01  1.7587E-02  3.7253E-08  1.3039E-08
 1.0000E-03 3.1929E-01  1.7320E-02 -3.7253E-08 -2.7940E-08
 1.0000E-03 3.2043E-01  1.7043E-02 -5.2154E-08 -2.2352E-08
 1.0000E-03 3.2158E-01  1.6754E-02  5.9605E-08 -1.1176E-08
 1.0000E-03 3.2274E-01  1.6455E-02  5.2154E-08 -2.4214E-08
 1.0000E-03 3.2391E-01  1.6143E-02  2.1607E-07  0.0000E+00
 1.0000E-03 3.2509E-01  1.5820E-02 -5.9605E-08 -1.6764E-08
 1.0000E-03 3.2628E-01  1.5484E-02  1.2666E-07  4.6566E-09
 1.0000E-03 3.2747E-01  1.5100E-02 -1.0431E-07  2.6077E-08
 1.0000E-03 3.2868E-01  1.4703E-02 -1.4901E-08 -4.0978E-08
 1.0000E-03 3.2989E-01  1.4296E-02 -1.3411E-07 -5.5879E-09
 1.0000E-03 3.3111E-01  1.3876E-02  0.0000E+00  6.5193E-09
 1.0000E-03 3.3234E-01  1.3442E-02  0.0000E+00 -2.4214E-08
 1.0000E-03 3.3358E-01  1.2995E-02 -5.9605E-08  2.7940E-09
 1.0000E-03 3.3483E-01  1.2534E-02  8.9407E-08  7.4506E-09
 1.0000E-03 3.3609E-01  1.2058E-02 -2.0117E-07  1.8626E-09
 1.0000E-03 3.3736E-01  1.1579E-02  1.1176E-07  2.0489E-08
 1.0000E-03 3.3864E-01  1.1095E-02  5.2154E-08 -1.8626E-08
 1.0000E-03 3.3992E-01  1.0606E-02 -1.1921E-07 -2.0489E-08
 1.0000E-03 3.4122E-01  1.0111E-02  1.4901E-08 -1.9558E-08
 1.0000E-03 3.4253E-01  9.6089E-03  7.4506E-09 -8.3819E-09
 1.0000E-03 3.4385E-01  9.0992E-03  2.3097E-07 -4.6566E-09
 1.0000E-03 3.4517E-01  8.5882E-03 -1.4901E-08  9.3132E-10
 1.0000E-03 3.4651E-01  8.0869E-03  5.9605E-08  2.4214E-08
 1.0000E-03 3.4786E-01  7.5876E-03  7.4506E-09  6.0536E-09
 1.0000E-03 3.4922E-01  7.0902E-03 -5.2154E-08  2.3283E-09
 1.0000E-03 3.5059E-01  6.5943E-03  2.2352E-08 -4.6566E-10
 1.0000E-03 3.5197E-01  6.0999E-03  1.1921E-07  2.7940E-09
 1.0000E-03 3.5336E-01  5.6067E-03  7.4506E-09  5.5879E-09
 1.0000E-03 3.5476E-01  5.1247E-03  4.4703E-08  8.8476E-09
 1.0000E-03 3.5618E-01  4.6529E-03 -7.4506E-08  5.1223E-09
 1.0000E-03 3.5760E-01  4.1886E-03 -5.2154E-08  4.6566E-10
 1.0000E-03 3.5904E-01  3.7324E-03 -1.8626E-07  2.0955E-09
 1.0000E-03 3.6048E-01  3.2851E-03 -2.9802E-08 -6.0536E-09
 1.0000E-03 3.6194E-01  2.8476E-03  6.7055E-08  0.0000E+00
 1.0000E-03 3.6341E-01  2.4222E-03 -4.4703E-08 -7.4506E-09
 1.0000E-03 3.6490E-01  2.0138E-03  1.4901E-08  7.4506E-09
 1.0000E-03 3.6639E-01  1.6186E-03  9.6858E-08 -2.7940E-09
 1.0000E-03 3.6790E-01  1.2381E-03  1.4901E-08 -3.2596E-09
 1.0000E-03 3.6942E-01  8.7408E-04  2.2352E-08 -2.9686E-09
 1.0000E-03 3.7095E-01  5.2875E-04 -7.4506E-08  1.5134E-09
 1.0000E-03 3.7250E-01  2.0490E-04 -7.4506E-08 -2.3138E-09
 1.0000E-03 3.7406E-01 -9.6968E-05  3.7253E-08  1.0259E-09
 1.0000E-03 3.7563E-01 -3.7589E-04  7.4506E-09 -2.0955E-09
 1.0000E-03 3.7722E-01 -6.3000E-04 -2.8312E-07  2.0955E-09
 1.0000E-03 3.7881E-01 -8.5515E-04  1.9372E-07 -8.7311E-10
 1.0000E-03 3.8043E-01 -1.0474E-03  6.7055E-08  2.5611E-09
 1.0000E-03 3.8205E-01 -1.2024E-03  1.1921E-07 -1.1525E-08
 1.0000E-03 3.8369E-01 -1.3207E-03 -7.4506E-08 -6.8685E-09
 1.0000E-03 3.8534E-01 -1.3979E-03 -1.2666E-07  7.5670E-09
 1.0000E-03 3.8701E-01 -1.4282E-03  9.6858E-08 -4.6566E-10
 1.0000E-03 3.8870E-01 -1.4050E-03 -5.9605E-08  2.6776E-09
 1.0000E-03 3.9039E-01 -1.3197E-03  2.9802E-08 -7.2177E-09
 1.0000E-03 3.9211E-01 -1.1698E-03 -7.4506E-08 -8.1491E-10
 1.0000E-03 3.9383E-01 -9.4983E-04  0.0000E+00  1.9558E-08
 1.0000E-03 3.9558E-01 -6.4939E-04 -1.4901E-08  2.3865E-09
 1.0000E-03 3.9733E-01 -2.5692E-04 -1.1921E-07 -6.8103E-09
 1.0000E-03 3.9911E-01  2.4120E-04 -1.3411E-07 -6.7084E-08
 1.0000E-03 4.0090E-01  8.5421E-04 -5.0664E-07  6.3446E-08
 1.0000E-03 4.0270E-01  1.5916E-03 -2.5332E-07 -1.1735E-07
 1.0000E-03 4.0452E-01  2.4715E-03  5.9605E-08 -3.0268E-09
 1.0000E-03 4.0636E-01  3.5137E-03 -7.8976E-07 -1.8883E-07
 1.0000E-03 4.0822E-01  4.7396E-03  0.0000E+00 -1.8161E-07
 1.0000E-03 4.1009E-01  6.1672E-03  1.4901E-08  7.7300E-08
 1.0000E-03 4.1198E-01  7.8147E-03 -2.5332E-07  4.2841E-08
 1.0000E-03 4.1389E-01  9.7070E-03 -2.0862E-07 -9.7789E-08
 1.0000E-03 4.1581E-01  1.1867E-02 -1.3411E-07  2.7008E-08
 1.0000E-03 4.1776E-01  1.4314E-02  1.4901E-07 -1.8626E-08
 1.0000E-03 4.1972E-01  1.7051E-02  1.3411E-07  1.4901E-08
 1.0000E-03 4.2170E-01  2.0070E-02  1.1921E-07  2.4214E-08
 1.0000E-03 4.2370E-01  2.3347E-02 -9.3877E-07 -1.0245E-07
 1.0000E-03 4.2571E-01  2.6842E-02  4.4703E-07 -1.8626E-08
 1.0000E-03 4.2775E-01  3.0488E-02 -1.1921E-07  1.9744E-07
 1.0000E-03 4.2981E-01  3.4206E-02  2.9802E-07 -1.3411E-07
 1.0000E-03 4.3188E-01  3.7922E-02  1.3411E-07 -5.9605E-08
 1.0000E-03 4.3398E-01  4.1567E-02 -1.3411E-07  5.2154E-08
 1.0000E-03 4.3610E-01  4.5083E-02  4.7684E-07  1.5274E-07
 1.0000E-03 4.3824E-01  4.8417E-02 -9.0897E-07 -7.4506E-09
 1.0000E-03 4.4039E-01  5.1563E-02  2.6822E-07  9.6858E-08
 1.0000E-03 4.4257E-01  5.4502E-02 -1.7881E-07 -2.9802E-08
 1.0000E-03 4.4478E-01  5.7216E-02 -1.4901E-08  1.6391E-07
 1.0000E-03 4.4700E-01  5.9700E-02  2.9802E-08 -9.3132E-08
 1.0000E-03 4.4925E-01  6.1958E-02 -3.2783E-07 -2.6077E-08
 1.0000E-03 4.5152E-01  6.3979E-02  1.7881E-07 -7.4506E-08
 1.0000E-03 4.5381E-01  6.5754E-02 -4.4703E-08 -7.4506E-09
 1.0000E-03 4.5612E-01  6.7297E-02 -1.0431E-07 -1.4901E-08
 1.0000E-03 4.5846E-01  6.8615E-02 -6.1095E-07  0.0000E+00
 1.0000E-03 4.6082E-01  6.9717E-02 -1.1921E-07  8.1956E-08
 1.0000E-03 4.6321E-01  7.0620E-02  2.3842E-07  5.9605E-08
 1.0000E-03 4.6563E-01  7.1357E-02 -8.9407E-08  1.1176E-07
 1.0000E-03 4.6806E-01  7.1953E-02  1.4156E-07 -2.2352E-08
 1.0000E-03 4.7053E-01  7.2435E-02 -2.2352E-07 -1.7136E-07
 1.0000E-03 4.7302E-01  7.2837E-02  3.7253E-08 -1.4901E-08
 1.0000E-03 4.7553E-01  7.3187E-02  4.0978E-07  2.0117E-07
 1.0000E-03 4.7807E-01  7.3502E-02 -2.6822E-07 -1.2666E-07
 1.0000E-03 4.8065E-01  7.3805E-02 -1.9372E-07 -1.4901E-07
 1.0000E-03 4.8324E-01  7.4105E-02 -2.2352E-08  5.2154E-08
 1.0000E-03 4.8587E-01  7.4398E-02 -9.6858E-08  6.7055E-08
 1.0000E-03 4.8852E-01  7.4677E-02 -4.0978E-07  8.9407E-08
 1.0000E-03 4.9121E-01  7.4934E-02  3.7253E-08 -2.2352E-08
 1.0000E-03 4.9392E-01  7.5136E-02 -2.2352E-08  1.7881E-07
 1.0000E-03 4.9667E-01  7.5258E-02  4.4703E-08 -1.1921E-07
 1.0000E-03 4.9944E-01  7.5279E-02 -2.6822E-07 -8.9407E-08
 1.0000E-03 5.0225E-01  7.5169E-02 -1.0431E-07 -1.8626E-07
 1.0000E-03 5.0508E-01  7.4905E-02  1.1176E-07 -1.1176E-07
 1.0000E-03 5.0795E-01  7.4477E-02 -8.7917E-07  1.1921E-07
 1.0000E-03 5.1086E-01  7.3874E-02 -8.1584E-07  2.3097E-07
 1.0000E-03 5.1379E-01  7.3100E-02  4.2468E-07 -1.9372E-07
 1.0000E-03 5.1676E-01  7.2164E-02  2.6450E-07 -2.3097E-07
 1.0000E-03 5.1977E-01  7.1080E-02 -1.7509E-07 -1.9372E-07
 1.0000E-03 5.2281E-01  6.9874E-02 -1.7881E-07 -9.6858E-08
 1.0000E-03 5.2588E-01  6.8570E-02  3.2037E-07 -9.6858E-08
 1.0000E-03 5.2899E-01  6.7191E-02 -1.1921E-07  1.1176E-07
 1.0000E-03 5.3214E-01  6.5768E-02  6.7055E-08  8.9407E-08
 1.0000E-03 5.3533E-01  6.4318E-02 -3.0547E-07 -2.2352E-07
 1.0000E-03 5.3855E-01  6.2860E-02 -1.7881E-07 -1.7881E-07
 1.0000E-03 5.4182E-01  6.1412E-02 -5.7742E-08 -1.4901E-08
 1.0000E-03 5.4512E-01  5.9987E-02  2.6077E-07  2.3469E-07
 1.0000E-03 5.4847E-01  5.8600E-02 -8.7917E-07 -8.5682E-08
 1.0000E-03 5.5185E-01  5.7266E-02  1.3039E-07  5.5879E-08
 1.0000E-03 5.5528E-01  5.5994E-02 -1.4156E-07 -3.7253E-08
 1.0000E-03 5.5875E-01  5.4792E-02 -1.0617E-07 -4.5076E-07
 1.0000E-03 5.6226E-01  5.3661E-02 -1.3430E-06  8.5682E-08
 1.0000E-03 5.6582E-01  5.2595E-02 -3.5018E-07  3.7998E-07
 1.0000E-03 5.6943E-01  5.1586E-02  2.1532E-06  1.1176E-08
 1.0000E-03 5.7308E-01  5.0621E-02 -1.5004E-06 -2.6077E-08
 1.0000E-03 5.7677E-01  4.9687E-02 -6.6590E-07  5.2154E-07
 1.0000E-03 5.8052E-01  4.8778E-02  8.1398E-07 -2.1607E-07
 1.0000E-03 5.8431E-01  4.7893E-02 -8.5123E-07 -3.7998E-07
 1.0000E-03 5.8816E-01  4.7042E-02  6.5193E-09  3.8743E-07
 1.0000E-03 5.9205E-01  4.6229E-02  1.2806E-06  1.9372E-07
 1.0000E-03 5.9600E-01  4.5460E-02  1.2107E-08  5.4389E-07
 1.0000E-03 6.0000E-01  4.4729E-02  1.2890E-06 -1.4156E-07
