 DDSCAT --- DDSCAT 7.3.3 [22.01.20]   
 TARGET --->TARGSPHER  spherical target with explicit spacing                 
 GPFAFT --- method of solution 
 FLTRCD --- prescription for polarizabilities
 FROM_FILE --- shape 
    4169 = NAT0 = number of dipoles
 ../../diel/Pena-Rioux_dielectric_26Au_74Ag                  
 ../../diel/Pena-Rioux_dielectric_34Au_66Ag                  
 ../../diel/Pena-Rioux_dielectric_92Au_8Ag                   
   0.000   0.000 = beta_min, beta_max ;  NBETA = 1
   0.000   0.000 = theta_min, theta_max; NTHETA= 1
   0.000   0.000 = phi_min, phi_max   ;   NPHI = 1
 0.5000 = ETASCA (param. controlling # of scatt. dirs used to calculate <cos> etc.
 Results averaged over    1 target orientations
                   and  2 incident polarizations
   aeff       wave       Q_ext     Q_abs      Q_sca     g(1)=<cos>  <cos^2>    Q_bk       Nsca
 1.0000E-03 3.0000E-01 8.4635E-02 8.4634E-02 1.1705E-06  2.6012E-04 4.0217E-01 1.3951E-07   214
 1.0000E-03 3.0101E-01 8.4182E-02 8.4180E-02 1.1483E-06  2.5956E-04 4.0217E-01 1.3687E-07   214
 1.0000E-03 3.0203E-01 8.3741E-02 8.3740E-02 1.1267E-06  2.5938E-04 4.0217E-01 1.3429E-07   214
 1.0000E-03 3.0305E-01 8.3315E-02 8.3314E-02 1.1056E-06  2.5909E-04 4.0217E-01 1.3178E-07   214
 1.0000E-03 3.0408E-01 8.2903E-02 8.2902E-02 1.0850E-06  2.5859E-04 4.0217E-01 1.2932E-07   214
 1.0000E-03 3.0512E-01 8.2504E-02 8.2503E-02 1.0648E-06  2.5807E-04 4.0217E-01 1.2692E-07   214
 1.0000E-03 3.0616E-01 8.2120E-02 8.2119E-02 1.0452E-06  2.5786E-04 4.0217E-01 1.2457E-07   214
 1.0000E-03 3.0722E-01 8.1749E-02 8.1748E-02 1.0259E-06  2.5716E-04 4.0217E-01 1.2228E-07   214
 1.0000E-03 3.0828E-01 8.1395E-02 8.1394E-02 1.0073E-06  2.5712E-04 4.0217E-01 1.2006E-07   214
 1.0000E-03 3.0934E-01 8.1057E-02 8.1057E-02 9.8952E-07  2.5635E-04 4.0217E-01 1.1794E-07   214
 1.0000E-03 3.1042E-01 8.0729E-02 8.0728E-02 9.7205E-07  2.5591E-04 4.0217E-01 1.1586E-07   214
 1.0000E-03 3.1150E-01 8.0408E-02 8.0407E-02 9.5489E-07  2.5544E-04 4.0217E-01 1.1381E-07   214
 1.0000E-03 3.1259E-01 8.0096E-02 8.0095E-02 9.3806E-07  2.5502E-04 4.0217E-01 1.1181E-07   214
 1.0000E-03 3.1368E-01 7.9792E-02 7.9791E-02 9.2153E-07  2.5437E-04 4.0217E-01 1.0984E-07   214
 1.0000E-03 3.1479E-01 7.9496E-02 7.9496E-02 9.0530E-07  2.5400E-04 4.0217E-01 1.0790E-07   214
 1.0000E-03 3.1590E-01 7.9209E-02 7.9208E-02 8.8937E-07  2.5360E-04 4.0217E-01 1.0601E-07   214
 1.0000E-03 3.1702E-01 7.8930E-02 7.8929E-02 8.7374E-07  2.5284E-04 4.0217E-01 1.0414E-07   214
 1.0000E-03 3.1815E-01 7.8610E-02 7.8610E-02 8.5752E-07  2.5233E-04 4.0217E-01 1.0221E-07   214
 1.0000E-03 3.1929E-01 7.8295E-02 7.8294E-02 8.4148E-07  2.5204E-04 4.0217E-01 1.0030E-07   214
 1.0000E-03 3.2043E-01 7.7993E-02 7.7992E-02 8.2575E-07  2.5141E-04 4.0217E-01 9.8422E-08   214
 1.0000E-03 3.2158E-01 7.7703E-02 7.7702E-02 8.1032E-07  2.5094E-04 4.0217E-01 9.6584E-08   214
 1.0000E-03 3.2274E-01 7.7427E-02 7.7426E-02 7.9522E-07  2.5028E-04 4.0217E-01 9.4784E-08   214
 1.0000E-03 3.2391E-01 7.7164E-02 7.7163E-02 7.8042E-07  2.4991E-04 4.0217E-01 9.3021E-08   214
 1.0000E-03 3.2509E-01 7.6913E-02 7.6912E-02 7.6593E-07  2.4958E-04 4.0217E-01 9.1293E-08   214
 1.0000E-03 3.2628E-01 7.6676E-02 7.6675E-02 7.5173E-07  2.4892E-04 4.0217E-01 8.9600E-08   214
 1.0000E-03 3.2747E-01 7.6463E-02 7.6462E-02 7.3757E-07  2.4832E-04 4.0217E-01 8.7913E-08   214
 1.0000E-03 3.2868E-01 7.6282E-02 7.6281E-02 7.2408E-07  2.4775E-04 4.0217E-01 8.6305E-08   214
 1.0000E-03 3.2989E-01 7.6135E-02 7.6134E-02 7.1126E-07  2.4721E-04 4.0217E-01 8.4777E-08   214
 1.0000E-03 3.3111E-01 7.6021E-02 7.6020E-02 6.9911E-07  2.4638E-04 4.0217E-01 8.3330E-08   214
 1.0000E-03 3.3234E-01 7.5941E-02 7.5940E-02 6.8764E-07  2.4586E-04 4.0217E-01 8.1962E-08   214
 1.0000E-03 3.3358E-01 7.5895E-02 7.5894E-02 6.7683E-07  2.4515E-04 4.0217E-01 8.0674E-08   214
 1.0000E-03 3.3483E-01 7.5884E-02 7.5883E-02 6.6669E-07  2.4459E-04 4.0217E-01 7.9466E-08   214
 1.0000E-03 3.3609E-01 7.5940E-02 7.5939E-02 6.5776E-07  2.4373E-04 4.0217E-01 7.8401E-08   214
 1.0000E-03 3.3736E-01 7.6073E-02 7.6073E-02 6.5024E-07  2.4291E-04 4.0217E-01 7.7505E-08   214
 1.0000E-03 3.3864E-01 7.6254E-02 7.6253E-02 6.4367E-07  2.4197E-04 4.0217E-01 7.6721E-08   214
 1.0000E-03 3.3992E-01 7.6483E-02 7.6482E-02 6.3805E-07  2.4094E-04 4.0217E-01 7.6052E-08   214
 1.0000E-03 3.4122E-01 7.6763E-02 7.6763E-02 6.3340E-07  2.3999E-04 4.0217E-01 7.5498E-08   214
 1.0000E-03 3.4253E-01 7.7097E-02 7.7097E-02 6.2976E-07  2.3932E-04 4.0217E-01 7.5064E-08   214
 1.0000E-03 3.4385E-01 7.7488E-02 7.7488E-02 6.2714E-07  2.3815E-04 4.0217E-01 7.4753E-08   214
 1.0000E-03 3.4517E-01 7.7942E-02 7.7942E-02 6.2572E-07  2.3703E-04 4.0217E-01 7.4583E-08   214
 1.0000E-03 3.4651E-01 7.8457E-02 7.8456E-02 6.2547E-07  2.3604E-04 4.0217E-01 7.4554E-08   214
 1.0000E-03 3.4786E-01 7.9022E-02 7.9022E-02 6.2623E-07  2.3461E-04 4.0217E-01 7.4644E-08   214
 1.0000E-03 3.4922E-01 7.9643E-02 7.9643E-02 6.2802E-07  2.3336E-04 4.0217E-01 7.4858E-08   214
 1.0000E-03 3.5059E-01 8.0323E-02 8.0323E-02 6.3090E-07  2.3206E-04 4.0217E-01 7.5201E-08   214
 1.0000E-03 3.5197E-01 8.1067E-02 8.1066E-02 6.3492E-07  2.3104E-04 4.0217E-01 7.5681E-08   214
 1.0000E-03 3.5336E-01 8.1878E-02 8.1877E-02 6.4015E-07  2.2969E-04 4.0217E-01 7.6305E-08   214
 1.0000E-03 3.5476E-01 8.2754E-02 8.2753E-02 6.4659E-07  2.2852E-04 4.0217E-01 7.7073E-08   214
 1.0000E-03 3.5618E-01 8.3685E-02 8.3684E-02 6.5407E-07  2.2710E-04 4.0217E-01 7.7964E-08   214
 1.0000E-03 3.5760E-01 8.4675E-02 8.4675E-02 6.6262E-07  2.2605E-04 4.0217E-01 7.8984E-08   214
 1.0000E-03 3.5904E-01 8.5729E-02 8.5728E-02 6.7232E-07  2.2469E-04 4.0217E-01 8.0141E-08   214
 1.0000E-03 3.6048E-01 8.6851E-02 8.6850E-02 6.8325E-07  2.2337E-04 4.0217E-01 8.1443E-08   214
 1.0000E-03 3.6194E-01 8.8046E-02 8.8046E-02 6.9547E-07  2.2202E-04 4.0217E-01 8.2900E-08   214
 1.0000E-03 3.6341E-01 8.9316E-02 8.9316E-02 7.0902E-07  2.2098E-04 4.0217E-01 8.4515E-08   214
 1.0000E-03 3.6490E-01 9.0644E-02 9.0643E-02 7.2363E-07  2.1946E-04 4.0217E-01 8.6257E-08   214
 1.0000E-03 3.6639E-01 9.2038E-02 9.2037E-02 7.3944E-07  2.1844E-04 4.0217E-01 8.8142E-08   214
 1.0000E-03 3.6790E-01 9.3503E-02 9.3503E-02 7.5653E-07  2.1684E-04 4.0217E-01 9.0180E-08   214
 1.0000E-03 3.6942E-01 9.5047E-02 9.5046E-02 7.7501E-07  2.1577E-04 4.0217E-01 9.2383E-08   214
 1.0000E-03 3.7095E-01 9.6673E-02 9.6672E-02 7.9497E-07  2.1420E-04 4.0217E-01 9.4762E-08   214
 1.0000E-03 3.7250E-01 9.8384E-02 9.8383E-02 8.1646E-07  2.1313E-04 4.0217E-01 9.7324E-08   214
 1.0000E-03 3.7406E-01 1.0017E-01 1.0017E-01 8.3930E-07  2.1169E-04 4.0217E-01 1.0005E-07   214
 1.0000E-03 3.7563E-01 1.0204E-01 1.0204E-01 8.6368E-07  2.1017E-04 4.0217E-01 1.0295E-07   214
 1.0000E-03 3.7722E-01 1.0399E-01 1.0399E-01 8.8984E-07  2.3738E-04 4.0254E-01 1.0605E-07   184
 1.0000E-03 3.7881E-01 1.0604E-01 1.0604E-01 9.1755E-07  2.3597E-04 4.0254E-01 1.0935E-07   184
 1.0000E-03 3.8043E-01 1.0819E-01 1.0819E-01 9.4715E-07  2.3483E-04 4.0254E-01 1.1288E-07   184
 1.0000E-03 3.8205E-01 1.1044E-01 1.1044E-01 9.7863E-07  2.3340E-04 4.0254E-01 1.1663E-07   184
 1.0000E-03 3.8369E-01 1.1278E-01 1.1278E-01 1.0120E-06  2.3211E-04 4.0254E-01 1.2061E-07   184
 1.0000E-03 3.8534E-01 1.1523E-01 1.1523E-01 1.0474E-06  2.3070E-04 4.0254E-01 1.2483E-07   184
 1.0000E-03 3.8701E-01 1.1779E-01 1.1778E-01 1.0850E-06  2.2953E-04 4.0254E-01 1.2931E-07   184
 1.0000E-03 3.8870E-01 1.2046E-01 1.2046E-01 1.1250E-06  2.2811E-04 4.0254E-01 1.3408E-07   184
 1.0000E-03 3.9039E-01 1.2326E-01 1.2326E-01 1.1675E-06  2.2695E-04 4.0254E-01 1.3914E-07   184
 1.0000E-03 3.9211E-01 1.2616E-01 1.2616E-01 1.2124E-06  2.2553E-04 4.0254E-01 1.4450E-07   184
 1.0000E-03 3.9383E-01 1.2919E-01 1.2919E-01 1.2601E-06  2.2420E-04 4.0254E-01 1.5018E-07   184
 1.0000E-03 3.9558E-01 1.3235E-01 1.3235E-01 1.3105E-06  2.2280E-04 4.0254E-01 1.5619E-07   184
 1.0000E-03 3.9733E-01 1.3563E-01 1.3563E-01 1.3641E-06  2.2177E-04 4.0254E-01 1.6257E-07   184
 1.0000E-03 3.9911E-01 1.3903E-01 1.3903E-01 1.4208E-06  2.2033E-04 4.0254E-01 1.6933E-07   184
 1.0000E-03 4.0090E-01 1.4256E-01 1.4256E-01 1.4806E-06  2.1890E-04 4.0254E-01 1.7647E-07   184
 1.0000E-03 4.0270E-01 1.4620E-01 1.4620E-01 1.5438E-06  2.1782E-04 4.0254E-01 1.8399E-07   184
 1.0000E-03 4.0452E-01 1.4995E-01 1.4995E-01 1.6104E-06  2.1656E-04 4.0254E-01 1.9194E-07   184
 1.0000E-03 4.0636E-01 1.5380E-01 1.5380E-01 1.6805E-06  2.1534E-04 4.0254E-01 2.0029E-07   184
 1.0000E-03 4.0822E-01 1.5773E-01 1.5773E-01 1.7541E-06  2.1413E-04 4.0254E-01 2.0906E-07   184
 1.0000E-03 4.1009E-01 1.6170E-01 1.6170E-01 1.8308E-06  2.1275E-04 4.0254E-01 2.1820E-07   184
 1.0000E-03 4.1198E-01 1.6569E-01 1.6569E-01 1.9104E-06  2.1135E-04 4.0254E-01 2.2770E-07   184
 1.0000E-03 4.1389E-01 1.6964E-01 1.6964E-01 1.9925E-06  2.1032E-04 4.0254E-01 2.3748E-07   184
 1.0000E-03 4.1581E-01 1.7349E-01 1.7349E-01 2.0761E-06  2.0921E-04 4.0254E-01 2.4745E-07   184
 1.0000E-03 4.1776E-01 1.7714E-01 1.7714E-01 2.1599E-06  2.0797E-04 4.0254E-01 2.5743E-07   184
 1.0000E-03 4.1972E-01 1.8048E-01 1.8048E-01 2.2421E-06  2.0695E-04 4.0254E-01 2.6723E-07   184
 1.0000E-03 4.2170E-01 1.8342E-01 1.8341E-01 2.3208E-06  2.0564E-04 4.0254E-01 2.7662E-07   184
 1.0000E-03 4.2370E-01 1.8580E-01 1.8580E-01 2.3935E-06  2.0460E-04 4.0254E-01 2.8528E-07   184
 1.0000E-03 4.2571E-01 1.8751E-01 1.8751E-01 2.4575E-06  2.0347E-04 4.0254E-01 2.9291E-07   184
 1.0000E-03 4.2775E-01 1.8845E-01 1.8845E-01 2.5103E-06  2.0264E-04 4.0254E-01 2.9920E-07   184
 1.0000E-03 4.2981E-01 1.8859E-01 1.8859E-01 2.5506E-06  2.0165E-04 4.0254E-01 3.0400E-07   184
 1.0000E-03 4.3188E-01 1.8793E-01 1.8792E-01 2.5777E-06  2.0059E-04 4.0254E-01 3.0724E-07   184
 1.0000E-03 4.3398E-01 1.8649E-01 1.8649E-01 2.5916E-06  1.9982E-04 4.0253E-01 3.0889E-07   184
 1.0000E-03 4.3610E-01 1.8435E-01 1.8435E-01 2.5926E-06  1.9893E-04 4.0254E-01 3.0901E-07   184
 1.0000E-03 4.3824E-01 1.8160E-01 1.8160E-01 2.5821E-06  1.9799E-04 4.0254E-01 3.0776E-07   184
 1.0000E-03 4.4039E-01 1.7834E-01 1.7834E-01 2.5619E-06  1.9725E-04 4.0254E-01 3.0535E-07   184
 1.0000E-03 4.4257E-01 1.7462E-01 1.7462E-01 2.5328E-06  1.9629E-04 4.0254E-01 3.0189E-07   184
 1.0000E-03 4.4478E-01 1.7051E-01 1.7051E-01 2.4956E-06  1.9557E-04 4.0253E-01 2.9746E-07   184
 1.0000E-03 4.4700E-01 1.6611E-01 1.6611E-01 2.4521E-06  1.9499E-04 4.0254E-01 2.9226E-07   184
 1.0000E-03 4.4925E-01 1.6144E-01 1.6144E-01 2.4027E-06  1.9422E-04 4.0254E-01 2.8638E-07   184
 1.0000E-03 4.5152E-01 1.5657E-01 1.5657E-01 2.3481E-06  1.9342E-04 4.0254E-01 2.7987E-07   184
 1.0000E-03 4.5381E-01 1.5155E-01 1.5155E-01 2.2889E-06  1.9274E-04 4.0254E-01 2.7282E-07   184
 1.0000E-03 4.5612E-01 1.4647E-01 1.4647E-01 2.2267E-06  1.9194E-04 4.0254E-01 2.6541E-07   184
 1.0000E-03 4.5846E-01 1.4136E-01 1.4136E-01 2.1621E-06  1.9129E-04 4.0253E-01 2.5770E-07   184
 1.0000E-03 4.6082E-01 1.3630E-01 1.3630E-01 2.0961E-06  1.9066E-04 4.0254E-01 2.4983E-07   184
 1.0000E-03 4.6321E-01 1.3134E-01 1.3134E-01 2.0297E-06  1.9015E-04 4.0253E-01 2.4193E-07   184
 1.0000E-03 4.6563E-01 1.2652E-01 1.2652E-01 1.9643E-06  1.8939E-04 4.0253E-01 2.3413E-07   184
 1.0000E-03 4.6806E-01 1.2186E-01 1.2186E-01 1.9003E-06  1.8896E-04 4.0254E-01 2.2650E-07   184
 1.0000E-03 4.7053E-01 1.1739E-01 1.1739E-01 1.8386E-06  1.8838E-04 4.0253E-01 2.1914E-07   184
 1.0000E-03 4.7302E-01 1.1311E-01 1.1310E-01 1.7799E-06  1.8791E-04 4.0253E-01 2.1215E-07   184
 1.0000E-03 4.7553E-01 1.0898E-01 1.0898E-01 1.7242E-06  1.8725E-04 4.0253E-01 2.0551E-07   184
 1.0000E-03 4.7807E-01 1.0499E-01 1.0499E-01 1.6716E-06  1.8688E-04 4.0254E-01 1.9925E-07   184
 1.0000E-03 4.8065E-01 1.0109E-01 1.0109E-01 1.6222E-06  1.8638E-04 4.0253E-01 1.9335E-07   184
 1.0000E-03 4.8324E-01 9.7245E-02 9.7244E-02 1.5754E-06  1.8585E-04 4.0253E-01 1.8778E-07   184
 1.0000E-03 4.8587E-01 9.3385E-02 9.3383E-02 1.5306E-06  1.8539E-04 4.0253E-01 1.8243E-07   184
 1.0000E-03 4.8852E-01 8.9474E-02 8.9472E-02 1.4871E-06  1.8507E-04 4.0253E-01 1.7725E-07   184
 1.0000E-03 4.9121E-01 8.5470E-02 8.5469E-02 1.4443E-06  1.8444E-04 4.0253E-01 1.7215E-07   184
 1.0000E-03 4.9392E-01 8.1339E-02 8.1338E-02 1.4012E-06  1.8390E-04 4.0253E-01 1.6702E-07   184
 1.0000E-03 4.9667E-01 7.7082E-02 7.7081E-02 1.3573E-06  1.8333E-04 4.0253E-01 1.6178E-07   184
 1.0000E-03 4.9944E-01 7.2700E-02 7.2699E-02 1.3120E-06  1.8293E-04 4.0253E-01 1.5639E-07   184
 1.0000E-03 5.0225E-01 6.8215E-02 6.8214E-02 1.2650E-06  1.8233E-04 4.0253E-01 1.5078E-07   184
 1.0000E-03 5.0508E-01 6.3681E-02 6.3680E-02 1.2161E-06  1.8171E-04 4.0253E-01 1.4495E-07   184
 1.0000E-03 5.0795E-01 5.9142E-02 5.9141E-02 1.1655E-06  1.8098E-04 4.0254E-01 1.3892E-07   184
 1.0000E-03 5.1086E-01 5.4654E-02 5.4653E-02 1.1133E-06  1.8055E-04 4.0253E-01 1.3270E-07   184
 1.0000E-03 5.1379E-01 5.0291E-02 5.0290E-02 1.0601E-06  1.7982E-04 4.0253E-01 1.2636E-07   184
 1.0000E-03 5.1676E-01 4.6104E-02 4.6103E-02 1.0065E-06  1.7916E-04 4.0253E-01 1.1997E-07   184
 1.0000E-03 5.1977E-01 4.2143E-02 4.2142E-02 9.5280E-07  1.7870E-04 4.0254E-01 1.1357E-07   184
 1.0000E-03 5.2281E-01 3.8456E-02 3.8456E-02 8.9991E-07  1.7799E-04 4.0253E-01 1.0726E-07   184
 1.0000E-03 5.2588E-01 3.5067E-02 3.5066E-02 8.4828E-07  1.7743E-04 4.0253E-01 1.0111E-07   184
 1.0000E-03 5.2899E-01 3.1988E-02 3.1988E-02 7.9837E-07  1.7671E-04 4.0253E-01 9.5162E-08   184
 1.0000E-03 5.3214E-01 2.9223E-02 2.9222E-02 7.5065E-07  1.7599E-04 4.0253E-01 8.9474E-08   184
 1.0000E-03 5.3533E-01 2.6762E-02 2.6761E-02 7.0529E-07  1.7544E-04 4.0253E-01 8.4067E-08   184
 1.0000E-03 5.3855E-01 2.4594E-02 2.4594E-02 6.6244E-07  1.7475E-04 4.0253E-01 7.8960E-08   184
 1.0000E-03 5.4182E-01 2.2704E-02 2.2703E-02 6.2222E-07  1.7400E-04 4.0253E-01 7.4166E-08   184
 1.0000E-03 5.4512E-01 2.1075E-02 2.1075E-02 5.8463E-07  1.7327E-04 4.0253E-01 6.9686E-08   184
 1.0000E-03 5.4847E-01 1.9692E-02 1.9692E-02 5.4972E-07  1.7244E-04 4.0253E-01 6.5524E-08   184
 1.0000E-03 5.5185E-01 1.8528E-02 1.8527E-02 5.1751E-07  1.7179E-04 4.0253E-01 6.1685E-08   184
 1.0000E-03 5.5528E-01 1.7552E-02 1.7551E-02 4.8793E-07  1.7096E-04 4.0253E-01 5.8159E-08   184
 1.0000E-03 5.5875E-01 1.6726E-02 1.6726E-02 4.6085E-07  1.6996E-04 4.0253E-01 5.4932E-08   184
 1.0000E-03 5.6226E-01 1.6014E-02 1.6013E-02 4.3607E-07  1.6940E-04 4.0253E-01 5.1978E-08   184
 1.0000E-03 5.6582E-01 1.5381E-02 1.5381E-02 4.1330E-07  1.6848E-04 4.0253E-01 4.9265E-08   184
 1.0000E-03 5.6943E-01 1.4802E-02 1.4802E-02 3.9227E-07  1.6757E-04 4.0253E-01 4.6758E-08   184
 1.0000E-03 5.7308E-01 1.4262E-02 1.4262E-02 3.7267E-07  1.6690E-04 4.0253E-01 4.4421E-08   184
 1.0000E-03 5.7677E-01 1.3761E-02 1.3761E-02 3.5423E-07  1.6620E-04 4.0253E-01 4.2223E-08   184
 1.0000E-03 5.8052E-01 1.3312E-02 1.3312E-02 3.3681E-07  1.6534E-04 4.0253E-01 4.0147E-08   184
 1.0000E-03 5.8431E-01 1.2932E-02 1.2932E-02 3.2037E-07  1.6475E-04 4.0253E-01 3.8188E-08   184
 1.0000E-03 5.8816E-01 1.2632E-02 1.2631E-02 3.0500E-07  1.6393E-04 4.0253E-01 3.6355E-08   184
 1.0000E-03 5.9205E-01 1.2400E-02 1.2400E-02 2.9068E-07  1.6311E-04 4.0253E-01 3.4648E-08   184
 1.0000E-03 5.9600E-01 1.2227E-02 1.2227E-02 2.7740E-07  1.6247E-04 4.0253E-01 3.3066E-08   184
 1.0000E-03 6.0000E-01 1.2113E-02 1.2113E-02 2.6505E-07  1.6171E-04 4.0253E-01 3.1594E-08   184
