 DDSCAT --- DDSCAT 7.3.3 [22.01.20]   
 TARGET --->TARGSPHER  spherical target with explicit spacing                 
 GPFAFT --- method of solution 
 FLTRCD --- prescription for polarizabilities
 FROM_FILE --- shape 
    4169 = NAT0 = number of dipoles
 ../../diel/Pena-Rioux_dielectric_26Au_74Ag                  
 ../../diel/Pena-Rioux_dielectric_85Au_15Ag                  
 ../../diel/Pena-Rioux_dielectric_92Au_8Ag                   
 ../../diel/Au_evap                                          
   0.000   0.000 = beta_min, beta_max ;  NBETA = 1
   0.000   0.000 = theta_min, theta_max; NTHETA= 1
   0.000   0.000 = phi_min, phi_max   ;   NPHI = 1
 0.5000 = ETASCA (param. controlling # of scatt. dirs used to calculate <cos> etc.
 Results averaged over    1 target orientations
                   and  2 incident polarizations
   aeff       wave       Q_ext     Q_abs      Q_sca     g(1)=<cos>  <cos^2>    Q_bk       Nsca
 1.0000E-03 3.0000E-01 8.5273E-02 8.5272E-02 1.1904E-06  2.5943E-04 4.0217E-01 1.4188E-07   214
 1.0000E-03 3.0101E-01 8.4837E-02 8.4835E-02 1.1684E-06  2.5895E-04 4.0217E-01 1.3926E-07   214
 1.0000E-03 3.0203E-01 8.4426E-02 8.4425E-02 1.1471E-06  2.5853E-04 4.0217E-01 1.3672E-07   214
 1.0000E-03 3.0305E-01 8.4031E-02 8.4030E-02 1.1263E-06  2.5806E-04 4.0217E-01 1.3424E-07   214
 1.0000E-03 3.0408E-01 8.3650E-02 8.3649E-02 1.1060E-06  2.5762E-04 4.0217E-01 1.3183E-07   214
 1.0000E-03 3.0512E-01 8.3284E-02 8.3283E-02 1.0863E-06  2.5718E-04 4.0217E-01 1.2947E-07   214
 1.0000E-03 3.0616E-01 8.2933E-02 8.2932E-02 1.0670E-06  2.5691E-04 4.0217E-01 1.2718E-07   214
 1.0000E-03 3.0722E-01 8.2597E-02 8.2596E-02 1.0482E-06  2.5629E-04 4.0217E-01 1.2494E-07   214
 1.0000E-03 3.0828E-01 8.2278E-02 8.2277E-02 1.0301E-06  2.5567E-04 4.0217E-01 1.2277E-07   214
 1.0000E-03 3.0934E-01 8.1978E-02 8.1977E-02 1.0128E-06  2.5542E-04 4.0217E-01 1.2071E-07   214
 1.0000E-03 3.1042E-01 8.1687E-02 8.1686E-02 9.9579E-07  2.5503E-04 4.0217E-01 1.1869E-07   214
 1.0000E-03 3.1150E-01 8.1393E-02 8.1392E-02 9.7902E-07  2.5434E-04 4.0217E-01 1.1669E-07   214
 1.0000E-03 3.1259E-01 8.1105E-02 8.1104E-02 9.6253E-07  2.5416E-04 4.0217E-01 1.1472E-07   214
 1.0000E-03 3.1368E-01 8.0826E-02 8.0826E-02 9.4635E-07  2.5335E-04 4.0217E-01 1.1280E-07   214
 1.0000E-03 3.1479E-01 8.0558E-02 8.0557E-02 9.3050E-07  2.5296E-04 4.0217E-01 1.1091E-07   214
 1.0000E-03 3.1590E-01 8.0298E-02 8.0297E-02 9.1496E-07  2.5240E-04 4.0217E-01 1.0906E-07   214
 1.0000E-03 3.1702E-01 8.0047E-02 8.0047E-02 8.9973E-07  2.5189E-04 4.0217E-01 1.0724E-07   214
 1.0000E-03 3.1815E-01 7.9756E-02 7.9755E-02 8.8388E-07  2.5149E-04 4.0217E-01 1.0535E-07   214
 1.0000E-03 3.1929E-01 7.9469E-02 7.9468E-02 8.6820E-07  2.5093E-04 4.0217E-01 1.0348E-07   214
 1.0000E-03 3.2043E-01 7.9196E-02 7.9195E-02 8.5283E-07  2.5035E-04 4.0217E-01 1.0165E-07   214
 1.0000E-03 3.2158E-01 7.8959E-02 7.8958E-02 8.3804E-07  2.4989E-04 4.0217E-01 9.9888E-08   214
 1.0000E-03 3.2274E-01 7.8734E-02 7.8733E-02 8.2353E-07  2.4930E-04 4.0217E-01 9.8159E-08   214
 1.0000E-03 3.2391E-01 7.8520E-02 7.8519E-02 8.0929E-07  2.4882E-04 4.0217E-01 9.6462E-08   214
 1.0000E-03 3.2509E-01 7.8318E-02 7.8317E-02 7.9532E-07  2.4849E-04 4.0217E-01 9.4797E-08   214
 1.0000E-03 3.2628E-01 7.8127E-02 7.8126E-02 7.8162E-07  2.4762E-04 4.0217E-01 9.3163E-08   214
 1.0000E-03 3.2747E-01 7.7958E-02 7.7958E-02 7.6789E-07  2.4693E-04 4.0217E-01 9.1527E-08   214
 1.0000E-03 3.2868E-01 7.7821E-02 7.7820E-02 7.5479E-07  2.4637E-04 4.0217E-01 8.9966E-08   214
 1.0000E-03 3.2989E-01 7.7714E-02 7.7714E-02 7.4233E-07  2.4611E-04 4.0217E-01 8.8481E-08   214
 1.0000E-03 3.3111E-01 7.7639E-02 7.7639E-02 7.3051E-07  2.4550E-04 4.0217E-01 8.7073E-08   214
 1.0000E-03 3.3234E-01 7.7582E-02 7.7581E-02 7.1916E-07  2.4491E-04 4.0217E-01 8.5719E-08   214
 1.0000E-03 3.3358E-01 7.7549E-02 7.7549E-02 7.0834E-07  2.4434E-04 4.0217E-01 8.4430E-08   214
 1.0000E-03 3.3483E-01 7.7548E-02 7.7547E-02 6.9814E-07  2.4364E-04 4.0217E-01 8.3214E-08   214
 1.0000E-03 3.3609E-01 7.7609E-02 7.7609E-02 6.8910E-07  2.4291E-04 4.0217E-01 8.2136E-08   214
 1.0000E-03 3.3736E-01 7.7743E-02 7.7743E-02 6.8143E-07  2.4215E-04 4.0217E-01 8.1223E-08   214
 1.0000E-03 3.3864E-01 7.7920E-02 7.7919E-02 6.7465E-07  2.4109E-04 4.0217E-01 8.0414E-08   214
 1.0000E-03 3.3992E-01 7.8140E-02 7.8140E-02 6.6875E-07  2.4026E-04 4.0217E-01 7.9712E-08   214
 1.0000E-03 3.4122E-01 7.8408E-02 7.8407E-02 6.6377E-07  2.3940E-04 4.0217E-01 7.9118E-08   214
 1.0000E-03 3.4253E-01 7.8723E-02 7.8723E-02 6.5971E-07  2.3834E-04 4.0217E-01 7.8635E-08   214
 1.0000E-03 3.4385E-01 7.9086E-02 7.9085E-02 6.5655E-07  2.3745E-04 4.0217E-01 7.8258E-08   214
 1.0000E-03 3.4517E-01 7.9510E-02 7.9510E-02 6.5453E-07  2.3660E-04 4.0217E-01 7.8018E-08   214
 1.0000E-03 3.4651E-01 7.9991E-02 7.9990E-02 6.5366E-07  2.3551E-04 4.0217E-01 7.7914E-08   214
 1.0000E-03 3.4786E-01 8.0522E-02 8.0522E-02 6.5376E-07  2.3421E-04 4.0217E-01 7.7926E-08   214
 1.0000E-03 3.4922E-01 8.1108E-02 8.1107E-02 6.5488E-07  2.3309E-04 4.0217E-01 7.8060E-08   214
 1.0000E-03 3.5059E-01 8.1751E-02 8.1750E-02 6.5707E-07  2.3214E-04 4.0217E-01 7.8321E-08   214
 1.0000E-03 3.5197E-01 8.2456E-02 8.2455E-02 6.6038E-07  2.3083E-04 4.0217E-01 7.8716E-08   214
 1.0000E-03 3.5336E-01 8.3226E-02 8.3226E-02 6.6486E-07  2.2966E-04 4.0217E-01 7.9250E-08   214
 1.0000E-03 3.5476E-01 8.4069E-02 8.4068E-02 6.7065E-07  2.2850E-04 4.0217E-01 7.9940E-08   214
 1.0000E-03 3.5618E-01 8.4976E-02 8.4976E-02 6.7762E-07  2.2720E-04 4.0217E-01 8.0772E-08   214
 1.0000E-03 3.5760E-01 8.5943E-02 8.5942E-02 6.8567E-07  2.2605E-04 4.0217E-01 8.1732E-08   214
 1.0000E-03 3.5904E-01 8.6972E-02 8.6971E-02 6.9485E-07  2.2476E-04 4.0217E-01 8.2826E-08   214
 1.0000E-03 3.6048E-01 8.8069E-02 8.8068E-02 7.0524E-07  2.2336E-04 4.0217E-01 8.4065E-08   214
 1.0000E-03 3.6194E-01 8.9239E-02 8.9238E-02 7.1693E-07  2.2230E-04 4.0217E-01 8.5458E-08   214
 1.0000E-03 3.6341E-01 9.0483E-02 9.0483E-02 7.2994E-07  2.2070E-04 4.0217E-01 8.7010E-08   214
 1.0000E-03 3.6490E-01 9.1788E-02 9.1788E-02 7.4407E-07  2.1958E-04 4.0217E-01 8.8694E-08   214
 1.0000E-03 3.6639E-01 9.3158E-02 9.3158E-02 7.5938E-07  2.1810E-04 4.0217E-01 9.0519E-08   214
 1.0000E-03 3.6790E-01 9.4600E-02 9.4599E-02 7.7596E-07  2.1694E-04 4.0217E-01 9.2496E-08   214
 1.0000E-03 3.6942E-01 9.6115E-02 9.6115E-02 7.9387E-07  2.1587E-04 4.0217E-01 9.4631E-08   214
 1.0000E-03 3.7095E-01 9.7708E-02 9.7708E-02 8.1319E-07  2.1432E-04 4.0217E-01 9.6934E-08   214
 1.0000E-03 3.7250E-01 9.9382E-02 9.9381E-02 8.3397E-07  2.1271E-04 4.0217E-01 9.9412E-08   214
 1.0000E-03 3.7406E-01 1.0112E-01 1.0112E-01 8.5591E-07  2.1145E-04 4.0217E-01 1.0203E-07   214
 1.0000E-03 3.7563E-01 1.0293E-01 1.0293E-01 8.7920E-07  2.1039E-04 4.0217E-01 1.0480E-07   214
 1.0000E-03 3.7722E-01 1.0481E-01 1.0481E-01 9.0411E-07  2.3739E-04 4.0254E-01 1.0775E-07   184
 1.0000E-03 3.7881E-01 1.0678E-01 1.0678E-01 9.3038E-07  2.3612E-04 4.0254E-01 1.1088E-07   184
 1.0000E-03 3.8043E-01 1.0884E-01 1.0883E-01 9.5830E-07  2.3472E-04 4.0254E-01 1.1421E-07   184
 1.0000E-03 3.8205E-01 1.1097E-01 1.1097E-01 9.8769E-07  2.3364E-04 4.0254E-01 1.1771E-07   184
 1.0000E-03 3.8369E-01 1.1316E-01 1.1316E-01 1.0184E-06  2.3226E-04 4.0254E-01 1.2138E-07   184
 1.0000E-03 3.8534E-01 1.1545E-01 1.1545E-01 1.0509E-06  2.3090E-04 4.0254E-01 1.2524E-07   184
 1.0000E-03 3.8701E-01 1.1782E-01 1.1782E-01 1.0852E-06  2.2975E-04 4.0254E-01 1.2933E-07   184
 1.0000E-03 3.8870E-01 1.2029E-01 1.2029E-01 1.1214E-06  2.2820E-04 4.0254E-01 1.3365E-07   184
 1.0000E-03 3.9039E-01 1.2286E-01 1.2286E-01 1.1597E-06  2.2698E-04 4.0254E-01 1.3822E-07   184
 1.0000E-03 3.9211E-01 1.2551E-01 1.2551E-01 1.1999E-06  2.2561E-04 4.0254E-01 1.4301E-07   184
 1.0000E-03 3.9383E-01 1.2826E-01 1.2826E-01 1.2423E-06  2.2432E-04 4.0254E-01 1.4805E-07   184
 1.0000E-03 3.9558E-01 1.3110E-01 1.3110E-01 1.2869E-06  2.2308E-04 4.0254E-01 1.5337E-07   184
 1.0000E-03 3.9733E-01 1.3404E-01 1.3404E-01 1.3338E-06  2.2179E-04 4.0254E-01 1.5897E-07   184
 1.0000E-03 3.9911E-01 1.3709E-01 1.3709E-01 1.3834E-06  2.2058E-04 4.0254E-01 1.6488E-07   184
 1.0000E-03 4.0090E-01 1.4021E-01 1.4021E-01 1.4354E-06  2.1920E-04 4.0254E-01 1.7108E-07   184
 1.0000E-03 4.0270E-01 1.4342E-01 1.4342E-01 1.4899E-06  2.1830E-04 4.0254E-01 1.7758E-07   184
 1.0000E-03 4.0452E-01 1.4670E-01 1.4670E-01 1.5470E-06  2.1690E-04 4.0254E-01 1.8438E-07   184
 1.0000E-03 4.0636E-01 1.5004E-01 1.5004E-01 1.6065E-06  2.1576E-04 4.0254E-01 1.9147E-07   184
 1.0000E-03 4.0822E-01 1.5341E-01 1.5340E-01 1.6682E-06  2.1424E-04 4.0254E-01 1.9883E-07   184
 1.0000E-03 4.1009E-01 1.5678E-01 1.5678E-01 1.7319E-06  2.1320E-04 4.0254E-01 2.0642E-07   184
 1.0000E-03 4.1198E-01 1.6013E-01 1.6013E-01 1.7973E-06  2.1204E-04 4.0254E-01 2.1421E-07   184
 1.0000E-03 4.1389E-01 1.6341E-01 1.6341E-01 1.8638E-06  2.1067E-04 4.0254E-01 2.2215E-07   184
 1.0000E-03 4.1581E-01 1.6656E-01 1.6655E-01 1.9305E-06  2.0944E-04 4.0254E-01 2.3009E-07   184
 1.0000E-03 4.1776E-01 1.6950E-01 1.6950E-01 1.9965E-06  2.0860E-04 4.0254E-01 2.3796E-07   184
 1.0000E-03 4.1972E-01 1.7218E-01 1.7218E-01 2.0605E-06  2.0749E-04 4.0254E-01 2.4558E-07   184
 1.0000E-03 4.2170E-01 1.7452E-01 1.7452E-01 2.1213E-06  2.0617E-04 4.0254E-01 2.5284E-07   184
 1.0000E-03 4.2370E-01 1.7644E-01 1.7644E-01 2.1774E-06  2.0541E-04 4.0254E-01 2.5952E-07   184
 1.0000E-03 4.2571E-01 1.7786E-01 1.7786E-01 2.2273E-06  2.0425E-04 4.0254E-01 2.6547E-07   184
 1.0000E-03 4.2775E-01 1.7875E-01 1.7875E-01 2.2697E-06  2.0336E-04 4.0254E-01 2.7052E-07   184
 1.0000E-03 4.2981E-01 1.7910E-01 1.7910E-01 2.3044E-06  2.0263E-04 4.0254E-01 2.7465E-07   184
 1.0000E-03 4.3188E-01 1.7891E-01 1.7891E-01 2.3312E-06  2.0148E-04 4.0254E-01 2.7785E-07   184
 1.0000E-03 4.3398E-01 1.7818E-01 1.7818E-01 2.3498E-06  2.0078E-04 4.0254E-01 2.8007E-07   184
 1.0000E-03 4.3610E-01 1.7694E-01 1.7694E-01 2.3602E-06  1.9974E-04 4.0254E-01 2.8131E-07   184
 1.0000E-03 4.3824E-01 1.7523E-01 1.7523E-01 2.3632E-06  1.9887E-04 4.0254E-01 2.8167E-07   184
 1.0000E-03 4.4039E-01 1.7307E-01 1.7307E-01 2.3588E-06  1.9818E-04 4.0254E-01 2.8114E-07   184
 1.0000E-03 4.4257E-01 1.7048E-01 1.7048E-01 2.3472E-06  1.9738E-04 4.0253E-01 2.7976E-07   184
 1.0000E-03 4.4478E-01 1.6751E-01 1.6750E-01 2.3287E-06  1.9649E-04 4.0254E-01 2.7756E-07   184
 1.0000E-03 4.4700E-01 1.6421E-01 1.6421E-01 2.3044E-06  1.9580E-04 4.0254E-01 2.7467E-07   184
 1.0000E-03 4.4925E-01 1.6062E-01 1.6062E-01 2.2747E-06  1.9509E-04 4.0253E-01 2.7113E-07   184
 1.0000E-03 4.5152E-01 1.5679E-01 1.5679E-01 2.2402E-06  1.9443E-04 4.0253E-01 2.6701E-07   184
 1.0000E-03 4.5381E-01 1.5276E-01 1.5276E-01 2.2015E-06  1.9373E-04 4.0253E-01 2.6241E-07   184
 1.0000E-03 4.5612E-01 1.4860E-01 1.4859E-01 2.1602E-06  1.9292E-04 4.0253E-01 2.5748E-07   184
 1.0000E-03 4.5846E-01 1.4432E-01 1.4432E-01 2.1166E-06  1.9245E-04 4.0254E-01 2.5229E-07   184
 1.0000E-03 4.6082E-01 1.3997E-01 1.3997E-01 2.0716E-06  1.9178E-04 4.0253E-01 2.4691E-07   184
 1.0000E-03 4.6321E-01 1.3557E-01 1.3557E-01 2.0258E-06  1.9124E-04 4.0253E-01 2.4146E-07   184
 1.0000E-03 4.6563E-01 1.3111E-01 1.3111E-01 1.9795E-06  1.9033E-04 4.0253E-01 2.3594E-07   184
 1.0000E-03 4.6806E-01 1.2657E-01 1.2657E-01 1.9325E-06  1.8987E-04 4.0254E-01 2.3034E-07   184
 1.0000E-03 4.7053E-01 1.2194E-01 1.2194E-01 1.8850E-06  1.8926E-04 4.0253E-01 2.2468E-07   184
 1.0000E-03 4.7302E-01 1.1723E-01 1.1723E-01 1.8364E-06  1.8850E-04 4.0253E-01 2.1889E-07   184
 1.0000E-03 4.7553E-01 1.1239E-01 1.1239E-01 1.7863E-06  1.8799E-04 4.0253E-01 2.1291E-07   184
 1.0000E-03 4.7807E-01 1.0743E-01 1.0743E-01 1.7345E-06  1.8756E-04 4.0253E-01 2.0674E-07   184
 1.0000E-03 4.8065E-01 1.0236E-01 1.0236E-01 1.6809E-06  1.8683E-04 4.0253E-01 2.0035E-07   184
 1.0000E-03 4.8324E-01 9.7184E-02 9.7183E-02 1.6249E-06  1.8611E-04 4.0253E-01 1.9368E-07   184
 1.0000E-03 4.8587E-01 9.1950E-02 9.1949E-02 1.5666E-06  1.8545E-04 4.0254E-01 1.8672E-07   184
 1.0000E-03 4.8852E-01 8.6711E-02 8.6709E-02 1.5060E-06  1.8489E-04 4.0254E-01 1.7951E-07   184
 1.0000E-03 4.9121E-01 8.1519E-02 8.1517E-02 1.4437E-06  1.8439E-04 4.0253E-01 1.7208E-07   184
 1.0000E-03 4.9392E-01 7.6452E-02 7.6450E-02 1.3801E-06  1.8354E-04 4.0253E-01 1.6450E-07   184
 1.0000E-03 4.9667E-01 7.1608E-02 7.1606E-02 1.3168E-06  1.8304E-04 4.0253E-01 1.5695E-07   184
 1.0000E-03 4.9944E-01 6.7064E-02 6.7062E-02 1.2553E-06  1.8230E-04 4.0253E-01 1.4962E-07   184
 1.0000E-03 5.0225E-01 6.2770E-02 6.2769E-02 1.1946E-06  1.8184E-04 4.0253E-01 1.4239E-07   184
 1.0000E-03 5.0508E-01 5.8760E-02 5.8759E-02 1.1358E-06  1.8127E-04 4.0253E-01 1.3538E-07   184
 1.0000E-03 5.0795E-01 5.5038E-02 5.5037E-02 1.0792E-06  1.8070E-04 4.0253E-01 1.2863E-07   184
 1.0000E-03 5.1086E-01 5.1603E-02 5.1601E-02 1.0252E-06  1.7987E-04 4.0253E-01 1.2220E-07   184
 1.0000E-03 5.1379E-01 4.8442E-02 4.8441E-02 9.7436E-07  1.7918E-04 4.0253E-01 1.1614E-07   184
 1.0000E-03 5.1676E-01 4.5524E-02 4.5523E-02 9.2669E-07  1.7881E-04 4.0253E-01 1.1046E-07   184
 1.0000E-03 5.1977E-01 4.2811E-02 4.2811E-02 8.8225E-07  1.7830E-04 4.0253E-01 1.0516E-07   184
 1.0000E-03 5.2281E-01 4.0129E-02 4.0129E-02 8.3901E-07  1.7766E-04 4.0253E-01 1.0001E-07   184
 1.0000E-03 5.2588E-01 3.7527E-02 3.7526E-02 7.9695E-07  1.7702E-04 4.0253E-01 9.4993E-08   184
 1.0000E-03 5.2899E-01 3.5069E-02 3.5068E-02 7.5689E-07  1.7640E-04 4.0253E-01 9.0218E-08   184
 1.0000E-03 5.3214E-01 3.2737E-02 3.2737E-02 7.1860E-07  1.7589E-04 4.0253E-01 8.5654E-08   184
 1.0000E-03 5.3533E-01 3.0530E-02 3.0529E-02 6.8182E-07  1.7512E-04 4.0253E-01 8.1270E-08   184
 1.0000E-03 5.3855E-01 2.8454E-02 2.8453E-02 6.4639E-07  1.7448E-04 4.0253E-01 7.7047E-08   184
 1.0000E-03 5.4182E-01 2.6521E-02 2.6521E-02 6.1228E-07  1.7383E-04 4.0253E-01 7.2982E-08   184
 1.0000E-03 5.4512E-01 2.4751E-02 2.4750E-02 5.7952E-07  1.7333E-04 4.0253E-01 6.9077E-08   184
 1.0000E-03 5.4847E-01 2.3155E-02 2.3154E-02 5.4825E-07  1.7245E-04 4.0253E-01 6.5349E-08   184
 1.0000E-03 5.5185E-01 2.1765E-02 2.1764E-02 5.1906E-07  1.7188E-04 4.0253E-01 6.1870E-08   184
 1.0000E-03 5.5528E-01 2.0535E-02 2.0535E-02 4.9167E-07  1.7095E-04 4.0253E-01 5.8605E-08   184
 1.0000E-03 5.5875E-01 1.9448E-02 1.9447E-02 4.6609E-07  1.7038E-04 4.0253E-01 5.5557E-08   184
 1.0000E-03 5.6226E-01 1.8481E-02 1.8481E-02 4.4228E-07  1.6974E-04 4.0253E-01 5.2718E-08   184
 1.0000E-03 5.6582E-01 1.7609E-02 1.7609E-02 4.2011E-07  1.6894E-04 4.0253E-01 5.0076E-08   184
 1.0000E-03 5.6943E-01 1.6812E-02 1.6811E-02 3.9943E-07  1.6825E-04 4.0253E-01 4.7611E-08   184
 1.0000E-03 5.7308E-01 1.6069E-02 1.6069E-02 3.8007E-07  1.6745E-04 4.0253E-01 4.5303E-08   184
 1.0000E-03 5.7677E-01 1.5370E-02 1.5370E-02 3.6181E-07  1.6667E-04 4.0253E-01 4.3127E-08   184
 1.0000E-03 5.8052E-01 1.4713E-02 1.4713E-02 3.4449E-07  1.6582E-04 4.0253E-01 4.1062E-08   184
 1.0000E-03 5.8431E-01 1.4106E-02 1.4106E-02 3.2789E-07  1.6510E-04 4.0253E-01 3.9083E-08   184
 1.0000E-03 5.8816E-01 1.3570E-02 1.3570E-02 3.1202E-07  1.6450E-04 4.0253E-01 3.7192E-08   184
 1.0000E-03 5.9205E-01 1.3121E-02 1.3120E-02 2.9699E-07  1.6359E-04 4.0253E-01 3.5401E-08   184
 1.0000E-03 5.9600E-01 1.2765E-02 1.2764E-02 2.8287E-07  1.6276E-04 4.0253E-01 3.3718E-08   184
 1.0000E-03 6.0000E-01 1.2499E-02 1.2498E-02 2.6973E-07  1.6212E-04 4.0253E-01 3.2152E-08   184
