 DDSCAT --- DDSCAT 7.3.3 [22.01.20]   
 TARGET --->TARGSPHER  spherical target with explicit spacing                 
 GPFAFT --- method of solution 
 FLTRCD --- prescription for polarizabilities
 FROM_FILE --- shape 
    4169 = NAT0 = number of dipoles
 ../../diel/Pena-Rioux_dielectric_26Au_74Ag                  
 ../../diel/Pena-Rioux_dielectric_85Au_15Ag                  
 ../../diel/Pena-Rioux_dielectric_92Au_8Ag                   
 ../../diel/Au_evap                                          
   0.000   0.000 = beta_min, beta_max ;  NBETA = 1
   0.000   0.000 = theta_min, theta_max; NTHETA= 1
   0.000   0.000 = phi_min, phi_max   ;   NPHI = 1
 Results averaged over    1 target orientations
                   and  2 incident polarizations
   aeff       wave       Q_pha       Q_pol       Q_cpol
 1.0000E-03 3.0000E-01  2.1697E-02 -2.0117E-07  0.0000E+00
 1.0000E-03 3.0101E-01  2.1499E-02 -1.9372E-07 -4.8429E-08
 1.0000E-03 3.0203E-01  2.1292E-02 -2.9802E-08 -2.6077E-08
 1.0000E-03 3.0305E-01  2.1082E-02 -4.4703E-08  2.9802E-08
 1.0000E-03 3.0408E-01  2.0867E-02 -1.2666E-07 -3.7253E-09
 1.0000E-03 3.0512E-01  2.0648E-02  1.4901E-08  1.3039E-08
 1.0000E-03 3.0616E-01  2.0425E-02 -1.1921E-07 -7.2643E-08
 1.0000E-03 3.0722E-01  2.0197E-02 -1.2666E-07  1.6764E-08
 1.0000E-03 3.0828E-01  1.9969E-02 -2.3097E-07 -9.3132E-09
 1.0000E-03 3.0934E-01  1.9754E-02 -2.9802E-08  0.0000E+00
 1.0000E-03 3.1042E-01  1.9535E-02  1.4901E-08  3.3528E-08
 1.0000E-03 3.1150E-01  1.9316E-02 -1.4901E-08 -2.6077E-08
 1.0000E-03 3.1259E-01  1.9094E-02 -1.4901E-08  1.3039E-08
 1.0000E-03 3.1368E-01  1.8868E-02  1.2666E-07 -3.7253E-08
 1.0000E-03 3.1479E-01  1.8637E-02 -2.9802E-08 -1.8626E-09
 1.0000E-03 3.1590E-01  1.8401E-02  2.2352E-08  9.3132E-09
 1.0000E-03 3.1702E-01  1.8160E-02 -1.3411E-07 -4.2841E-08
 1.0000E-03 3.1815E-01  1.7915E-02 -1.8626E-07 -4.0978E-08
 1.0000E-03 3.1929E-01  1.7660E-02  1.4901E-07  9.3132E-09
 1.0000E-03 3.2043E-01  1.7395E-02 -1.5646E-07 -3.7998E-07
 1.0000E-03 3.2158E-01  1.7110E-02  2.6822E-07 -9.3132E-09
 1.0000E-03 3.2274E-01  1.6814E-02  0.0000E+00  2.9802E-08
 1.0000E-03 3.2391E-01  1.6508E-02  1.7136E-07 -4.8429E-08
 1.0000E-03 3.2509E-01  1.6190E-02 -1.4901E-08  1.3039E-08
 1.0000E-03 3.2628E-01  1.5860E-02  1.4901E-08  3.3528E-08
 1.0000E-03 3.2747E-01  1.5483E-02  0.0000E+00  4.2841E-08
 1.0000E-03 3.2868E-01  1.5093E-02  1.4901E-07  1.3970E-08
 1.0000E-03 3.2989E-01  1.4692E-02  1.4901E-08  1.5832E-08
 1.0000E-03 3.3111E-01  1.4279E-02 -1.3411E-07  5.9605E-08
 1.0000E-03 3.3234E-01  1.3859E-02 -1.7136E-07 -2.7008E-08
 1.0000E-03 3.3358E-01  1.3428E-02  1.1921E-07  4.6566E-09
 1.0000E-03 3.3483E-01  1.2983E-02  5.9605E-08  9.3132E-09
 1.0000E-03 3.3609E-01  1.2528E-02 -2.9802E-08  1.8626E-09
 1.0000E-03 3.3736E-01  1.2070E-02  8.1956E-08  6.5193E-09
 1.0000E-03 3.3864E-01  1.1609E-02  0.0000E+00  2.7940E-09
 1.0000E-03 3.3992E-01  1.1144E-02  2.2352E-08  1.3970E-08
 1.0000E-03 3.4122E-01  1.0676E-02 -1.4901E-08 -2.1420E-08
 1.0000E-03 3.4253E-01  1.0202E-02 -2.2352E-08  3.7253E-09
 1.0000E-03 3.4385E-01  9.7210E-03  2.9802E-08  1.3970E-08
 1.0000E-03 3.4517E-01  9.2404E-03 -2.2352E-07 -6.5193E-09
 1.0000E-03 3.4651E-01  8.7697E-03  3.7253E-08 -2.0489E-08
 1.0000E-03 3.4786E-01  8.3019E-03  0.0000E+00 -1.8626E-09
 1.0000E-03 3.4922E-01  7.8368E-03  1.1176E-07  6.5193E-09
 1.0000E-03 3.5059E-01  7.3741E-03 -1.1176E-07  1.0245E-08
 1.0000E-03 3.5197E-01  6.9136E-03 -9.6858E-08  5.5879E-09
 1.0000E-03 3.5336E-01  6.4553E-03  5.2154E-08  4.6566E-09
 1.0000E-03 3.5476E-01  6.0073E-03 -7.4506E-09 -1.3970E-09
 1.0000E-03 3.5618E-01  5.5697E-03 -7.4506E-09  0.0000E+00
 1.0000E-03 3.5760E-01  5.1403E-03  1.0431E-07 -2.7940E-09
 1.0000E-03 3.5904E-01  4.7201E-03  7.4506E-09  2.3283E-09
 1.0000E-03 3.6048E-01  4.3098E-03  2.2352E-08  1.8626E-09
 1.0000E-03 3.6194E-01  3.9104E-03  5.9605E-08 -4.1910E-09
 1.0000E-03 3.6341E-01  3.5256E-03 -2.9802E-08  0.0000E+00
 1.0000E-03 3.6490E-01  3.1598E-03  3.7253E-08  3.7253E-09
 1.0000E-03 3.6639E-01  2.8095E-03  0.0000E+00  1.1642E-09
 1.0000E-03 3.6790E-01  2.4764E-03  4.4703E-08  5.3551E-09
 1.0000E-03 3.6942E-01  2.1635E-03  1.1176E-07 -4.6566E-10
 1.0000E-03 3.7095E-01  1.8717E-03  1.0431E-07  1.5134E-09
 1.0000E-03 3.7250E-01  1.6051E-03  1.0431E-07 -2.2119E-09
 1.0000E-03 3.7406E-01  1.3645E-03 -2.6822E-07 -1.0477E-09
 1.0000E-03 3.7563E-01  1.1489E-03  1.4901E-08  1.2806E-09
 1.0000E-03 3.7722E-01  9.6159E-04  2.2352E-08  5.2387E-10
 1.0000E-03 3.7881E-01  8.0625E-04  0.0000E+00 -2.3865E-09
 1.0000E-03 3.8043E-01  6.8710E-04 -2.0117E-07  5.0059E-09
 1.0000E-03 3.8205E-01  6.0789E-04  3.4273E-07 -1.2107E-08
 1.0000E-03 3.8369E-01  5.6533E-04 -2.5332E-07 -7.8580E-09
 1.0000E-03 3.8534E-01  5.6429E-04 -1.8626E-07 -8.1491E-10
 1.0000E-03 3.8701E-01  6.1060E-04 -2.3842E-07 -3.4343E-08
 1.0000E-03 3.8870E-01  7.0970E-04 -6.1095E-07  2.6077E-08
 1.0000E-03 3.9039E-01  8.7089E-04  1.3411E-07 -2.2352E-08
 1.0000E-03 3.9211E-01  1.0934E-03 -2.9802E-08  1.2142E-07
 1.0000E-03 3.9383E-01  1.3822E-03 -5.9605E-08  9.4296E-09
 1.0000E-03 3.9558E-01  1.7468E-03 -2.5332E-07  5.0059E-09
 1.0000E-03 3.9733E-01  2.1971E-03  2.9802E-08 -6.0070E-08
 1.0000E-03 3.9911E-01  2.7458E-03  3.1292E-07 -7.9162E-09
 1.0000E-03 4.0090E-01  3.3991E-03 -1.3411E-07 -5.4017E-08
 1.0000E-03 4.0270E-01  4.1641E-03  3.4273E-07  1.9092E-08
 1.0000E-03 4.0452E-01  5.0558E-03  5.5134E-07 -3.0547E-07
 1.0000E-03 4.0636E-01  6.0894E-03 -1.0729E-06  9.2667E-08
 1.0000E-03 4.0822E-01  7.2819E-03 -4.7684E-07 -9.5926E-08
 1.0000E-03 4.1009E-01  8.6442E-03 -1.3411E-07 -1.7695E-08
 1.0000E-03 4.1198E-01  1.0188E-02  2.2352E-07 -2.2352E-08
 1.0000E-03 4.1389E-01  1.1928E-02  3.8743E-07  1.8533E-07
 1.0000E-03 4.1581E-01  1.3877E-02 -6.2585E-07 -2.6170E-07
 1.0000E-03 4.1776E-01  1.6045E-02  2.5332E-07 -1.0617E-07
 1.0000E-03 4.1972E-01  1.8422E-02  3.4273E-07 -7.4506E-09
 1.0000E-03 4.2170E-01  2.1000E-02 -3.5763E-07 -1.5274E-07
 1.0000E-03 4.2370E-01  2.3757E-02  3.5763E-07 -4.6566E-08
 1.0000E-03 4.2571E-01  2.6660E-02 -7.4506E-07  2.0675E-07
 1.0000E-03 4.2775E-01  2.9665E-02  3.2783E-07  1.1176E-07
 1.0000E-03 4.2981E-01  3.2728E-02  1.1921E-07  8.1956E-08
 1.0000E-03 4.3188E-01  3.5819E-02  1.1921E-07 -2.2352E-08
 1.0000E-03 4.3398E-01  3.8897E-02  6.1095E-07  3.7253E-09
 1.0000E-03 4.3610E-01  4.1930E-02 -2.8312E-07 -8.5682E-08
 1.0000E-03 4.3824E-01  4.4886E-02 -3.1292E-07 -8.1956E-08
 1.0000E-03 4.4039E-01  4.7755E-02  3.8743E-07  1.1176E-08
 1.0000E-03 4.4257E-01  5.0510E-02  1.1921E-07  3.7253E-08
 1.0000E-03 4.4478E-01  5.3127E-02  6.7055E-07  2.0489E-07
 1.0000E-03 4.4700E-01  5.5596E-02 -3.4273E-07 -1.4901E-07
 1.0000E-03 4.4925E-01  5.7908E-02  1.7881E-07 -3.3528E-08
 1.0000E-03 4.5152E-01  6.0052E-02  5.9605E-08 -3.7253E-08
 1.0000E-03 4.5381E-01  6.2029E-02  1.7881E-07 -5.9605E-08
 1.0000E-03 4.5612E-01  6.3849E-02  1.4901E-07 -3.7253E-08
 1.0000E-03 4.5846E-01  6.5520E-02 -1.0431E-07 -5.9605E-08
 1.0000E-03 4.6082E-01  6.7051E-02  1.9372E-07 -2.2352E-08
 1.0000E-03 4.6321E-01  6.8458E-02 -4.4703E-08 -1.4901E-07
 1.0000E-03 4.6563E-01  6.9762E-02 -1.1921E-07 -6.7055E-08
 1.0000E-03 4.6806E-01  7.0963E-02  8.9407E-08 -7.4506E-08
 1.0000E-03 4.7053E-01  7.2067E-02  4.4703E-07 -4.4703E-08
 1.0000E-03 4.7302E-01  7.3063E-02  1.4901E-07  2.2352E-08
 1.0000E-03 4.7553E-01  7.3942E-02  2.4587E-07  0.0000E+00
 1.0000E-03 4.7807E-01  7.4697E-02 -7.3016E-07  2.9802E-08
 1.0000E-03 4.8065E-01  7.5314E-02 -3.7253E-08  2.2352E-08
 1.0000E-03 4.8324E-01  7.5773E-02 -2.3097E-07  2.8312E-07
 1.0000E-03 4.8587E-01  7.6046E-02 -8.1956E-08  2.9057E-07
 1.0000E-03 4.8852E-01  7.6126E-02 -2.9802E-07 -1.9372E-07
 1.0000E-03 4.9121E-01  7.6007E-02 -2.3842E-07  1.2666E-07
 1.0000E-03 4.9392E-01  7.5686E-02 -1.7136E-07  6.7055E-08
 1.0000E-03 4.9667E-01  7.5193E-02 -2.1607E-07 -1.6391E-07
 1.0000E-03 4.9944E-01  7.4575E-02  1.1921E-07 -2.2352E-08
 1.0000E-03 5.0225E-01  7.3822E-02  1.3411E-07 -2.8312E-07
 1.0000E-03 5.0508E-01  7.2964E-02 -7.7486E-07 -1.3411E-07
 1.0000E-03 5.0795E-01  7.2030E-02 -1.6764E-07 -1.4901E-08
 1.0000E-03 5.1086E-01  7.1045E-02 -2.1234E-07  1.7881E-07
 1.0000E-03 5.1379E-01  7.0040E-02 -3.7253E-09 -4.4703E-08
 1.0000E-03 5.1676E-01  6.9036E-02 -3.3900E-07 -1.4901E-07
 1.0000E-03 5.1977E-01  6.8052E-02  1.8626E-08  1.4901E-08
 1.0000E-03 5.2281E-01  6.7038E-02  1.3039E-07  1.8626E-07
 1.0000E-03 5.2588E-01  6.5985E-02 -1.0803E-07  2.5332E-07
 1.0000E-03 5.2899E-01  6.4924E-02 -1.1176E-07  2.0117E-07
 1.0000E-03 5.3214E-01  6.3852E-02 -8.1956E-08  9.6858E-08
 1.0000E-03 5.3533E-01  6.2763E-02  1.9185E-07 -3.9488E-07
 1.0000E-03 5.3855E-01  6.1651E-02  1.4529E-07  1.8626E-08
 1.0000E-03 5.4182E-01  6.0516E-02  1.5832E-07 -5.2154E-08
 1.0000E-03 5.4512E-01  5.9363E-02  3.3900E-07  2.9802E-08
 1.0000E-03 5.4847E-01  5.8202E-02  1.4156E-07 -1.8999E-07
 1.0000E-03 5.5185E-01  5.7069E-02 -7.0781E-08 -2.3097E-07
 1.0000E-03 5.5528E-01  5.5960E-02 -3.7253E-09 -1.4901E-07
 1.0000E-03 5.5875E-01  5.4887E-02 -2.2724E-07 -1.3039E-07
 1.0000E-03 5.6226E-01  5.3853E-02 -9.9652E-07 -1.7136E-07
 1.0000E-03 5.6582E-01  5.2862E-02  4.0047E-07  1.9744E-07
 1.0000E-03 5.6943E-01  5.1911E-02  1.3784E-07  3.3155E-07
 1.0000E-03 5.7308E-01  5.0997E-02 -3.0361E-07 -2.8685E-07
 1.0000E-03 5.7677E-01  5.0110E-02 -6.0536E-08 -1.6764E-07
 1.0000E-03 5.8052E-01  4.9242E-02 -2.7195E-07  1.0058E-07
 1.0000E-03 5.8431E-01  4.8380E-02 -2.3935E-07 -1.1176E-08
 1.0000E-03 5.8816E-01  4.7525E-02  7.6368E-08  2.8685E-07
 1.0000E-03 5.9205E-01  4.6688E-02 -9.5926E-08 -3.8743E-07
 1.0000E-03 5.9600E-01  4.5878E-02  9.9186E-07 -8.5682E-08
 1.0000E-03 6.0000E-01  4.5103E-02 -1.6578E-07  5.9605E-07
