 DDSCAT --- DDSCAT 7.3.3 [22.01.20]   
 TARGET --->TARGSPHER  spherical target with explicit spacing                 
 GPFAFT --- method of solution 
 FLTRCD --- prescription for polarizabilities
 FROM_FILE --- shape 
    4169 = NAT0 = number of dipoles
 ../../diel/Pena-Rioux_dielectric_26Au_74Ag                  
 ../../diel/Pena-Rioux_dielectric_34Au_66Ag                  
 ../../diel/Pena-Rioux_dielectric_52Au_48Ag                  
 ../../diel/Au_evap                                          
   0.000   0.000 = beta_min, beta_max ;  NBETA = 1
   0.000   0.000 = theta_min, theta_max; NTHETA= 1
   0.000   0.000 = phi_min, phi_max   ;   NPHI = 1
 0.5000 = ETASCA (param. controlling # of scatt. dirs used to calculate <cos> etc.
 Results averaged over    1 target orientations
                   and  2 incident polarizations
   aeff       wave       Q_ext     Q_abs      Q_sca     g(1)=<cos>  <cos^2>    Q_bk       Nsca
 1.0000E-03 3.0000E-01 8.3345E-02 8.3344E-02 1.0733E-06  2.5954E-04 4.0217E-01 1.2793E-07   214
 1.0000E-03 3.0101E-01 8.2850E-02 8.2848E-02 1.0511E-06  2.5892E-04 4.0217E-01 1.2528E-07   214
 1.0000E-03 3.0203E-01 8.2381E-02 8.2380E-02 1.0296E-06  2.5881E-04 4.0217E-01 1.2272E-07   214
 1.0000E-03 3.0305E-01 8.1928E-02 8.1927E-02 1.0086E-06  2.5846E-04 4.0217E-01 1.2022E-07   214
 1.0000E-03 3.0408E-01 8.1490E-02 8.1490E-02 9.8820E-07  2.5786E-04 4.0217E-01 1.1778E-07   214
 1.0000E-03 3.0512E-01 8.1068E-02 8.1068E-02 9.6828E-07  2.5737E-04 4.0217E-01 1.1541E-07   214
 1.0000E-03 3.0616E-01 8.0662E-02 8.0661E-02 9.4887E-07  2.5677E-04 4.0217E-01 1.1310E-07   214
 1.0000E-03 3.0722E-01 8.0271E-02 8.0270E-02 9.2995E-07  2.5646E-04 4.0217E-01 1.1084E-07   214
 1.0000E-03 3.0828E-01 7.9897E-02 7.9896E-02 9.1163E-07  2.5572E-04 4.0217E-01 1.0866E-07   214
 1.0000E-03 3.0934E-01 7.9548E-02 7.9548E-02 8.9418E-07  2.5510E-04 4.0217E-01 1.0658E-07   214
 1.0000E-03 3.1042E-01 7.9212E-02 7.9211E-02 8.7717E-07  2.5443E-04 4.0217E-01 1.0455E-07   214
 1.0000E-03 3.1150E-01 7.8878E-02 7.8877E-02 8.6043E-07  2.5381E-04 4.0217E-01 1.0256E-07   214
 1.0000E-03 3.1259E-01 7.8552E-02 7.8552E-02 8.4406E-07  2.5329E-04 4.0217E-01 1.0060E-07   214
 1.0000E-03 3.1368E-01 7.8241E-02 7.8241E-02 8.2811E-07  2.5283E-04 4.0217E-01 9.8704E-08   214
 1.0000E-03 3.1479E-01 7.7943E-02 7.7943E-02 8.1258E-07  2.5235E-04 4.0217E-01 9.6853E-08   214
 1.0000E-03 3.1590E-01 7.7659E-02 7.7658E-02 7.9746E-07  2.5172E-04 4.0217E-01 9.5051E-08   214
 1.0000E-03 3.1702E-01 7.7388E-02 7.7387E-02 7.8275E-07  2.5094E-04 4.0217E-01 9.3297E-08   214
 1.0000E-03 3.1815E-01 7.7088E-02 7.7088E-02 7.6770E-07  2.5030E-04 4.0217E-01 9.1503E-08   214
 1.0000E-03 3.1929E-01 7.6800E-02 7.6799E-02 7.5299E-07  2.4959E-04 4.0217E-01 8.9751E-08   214
 1.0000E-03 3.2043E-01 7.6531E-02 7.6530E-02 7.3877E-07  2.4916E-04 4.0217E-01 8.8056E-08   214
 1.0000E-03 3.2158E-01 7.6303E-02 7.6302E-02 7.2533E-07  2.4813E-04 4.0217E-01 8.6455E-08   214
 1.0000E-03 3.2274E-01 7.6092E-02 7.6091E-02 7.1233E-07  2.4770E-04 4.0217E-01 8.4904E-08   214
 1.0000E-03 3.2391E-01 7.5898E-02 7.5897E-02 6.9975E-07  2.4686E-04 4.0217E-01 8.3405E-08   214
 1.0000E-03 3.2509E-01 7.5721E-02 7.5720E-02 6.8760E-07  2.4654E-04 4.0217E-01 8.1958E-08   214
 1.0000E-03 3.2628E-01 7.5560E-02 7.5559E-02 6.7588E-07  2.4545E-04 4.0217E-01 8.0560E-08   214
 1.0000E-03 3.2747E-01 7.5432E-02 7.5432E-02 6.6457E-07  2.4428E-04 4.0217E-01 7.9212E-08   214
 1.0000E-03 3.2868E-01 7.5339E-02 7.5339E-02 6.5402E-07  2.4383E-04 4.0217E-01 7.7956E-08   214
 1.0000E-03 3.2989E-01 7.5281E-02 7.5281E-02 6.4426E-07  2.4310E-04 4.0217E-01 7.6792E-08   214
 1.0000E-03 3.3111E-01 7.5259E-02 7.5258E-02 6.3529E-07  2.4235E-04 4.0217E-01 7.5722E-08   214
 1.0000E-03 3.3234E-01 7.5259E-02 7.5259E-02 6.2691E-07  2.4141E-04 4.0217E-01 7.4724E-08   214
 1.0000E-03 3.3358E-01 7.5290E-02 7.5289E-02 6.1923E-07  2.4063E-04 4.0217E-01 7.3810E-08   214
 1.0000E-03 3.3483E-01 7.5356E-02 7.5356E-02 6.1235E-07  2.3982E-04 4.0217E-01 7.2989E-08   214
 1.0000E-03 3.3609E-01 7.5496E-02 7.5495E-02 6.0685E-07  2.3902E-04 4.0217E-01 7.2334E-08   214
 1.0000E-03 3.3736E-01 7.5714E-02 7.5714E-02 6.0288E-07  2.3802E-04 4.0217E-01 7.1860E-08   214
 1.0000E-03 3.3864E-01 7.5977E-02 7.5976E-02 5.9986E-07  2.3721E-04 4.0217E-01 7.1500E-08   214
 1.0000E-03 3.3992E-01 7.6286E-02 7.6285E-02 5.9781E-07  2.3617E-04 4.0217E-01 7.1257E-08   214
 1.0000E-03 3.4122E-01 7.6645E-02 7.6644E-02 5.9678E-07  2.3520E-04 4.0217E-01 7.1133E-08   214
 1.0000E-03 3.4253E-01 7.7056E-02 7.7056E-02 5.9679E-07  2.3390E-04 4.0217E-01 7.1136E-08   214
 1.0000E-03 3.4385E-01 7.7520E-02 7.7519E-02 5.9785E-07  2.3311E-04 4.0217E-01 7.1261E-08   214
 1.0000E-03 3.4517E-01 7.8042E-02 7.8041E-02 6.0007E-07  2.3204E-04 4.0217E-01 7.1527E-08   214
 1.0000E-03 3.4651E-01 7.8612E-02 7.8611E-02 6.0329E-07  2.3093E-04 4.0217E-01 7.1911E-08   214
 1.0000E-03 3.4786E-01 7.9231E-02 7.9230E-02 6.0750E-07  2.2979E-04 4.0217E-01 7.2413E-08   214
 1.0000E-03 3.4922E-01 7.9903E-02 7.9903E-02 6.1275E-07  2.2873E-04 4.0217E-01 7.3039E-08   214
 1.0000E-03 3.5059E-01 8.0633E-02 8.0632E-02 6.1910E-07  2.2766E-04 4.0217E-01 7.3796E-08   214
 1.0000E-03 3.5197E-01 8.1423E-02 8.1422E-02 6.2661E-07  2.2663E-04 4.0217E-01 7.4692E-08   214
 1.0000E-03 3.5336E-01 8.2278E-02 8.2277E-02 6.3536E-07  2.2532E-04 4.0217E-01 7.5735E-08   214
 1.0000E-03 3.5476E-01 8.3188E-02 8.3187E-02 6.4518E-07  2.2407E-04 4.0217E-01 7.6905E-08   214
 1.0000E-03 3.5618E-01 8.4158E-02 8.4157E-02 6.5615E-07  2.2299E-04 4.0217E-01 7.8213E-08   214
 1.0000E-03 3.5760E-01 8.5190E-02 8.5189E-02 6.6834E-07  2.2171E-04 4.0217E-01 7.9666E-08   214
 1.0000E-03 3.5904E-01 8.6290E-02 8.6289E-02 6.8182E-07  2.2055E-04 4.0217E-01 8.1274E-08   214
 1.0000E-03 3.6048E-01 8.7463E-02 8.7462E-02 6.9671E-07  2.1935E-04 4.0217E-01 8.3049E-08   214
 1.0000E-03 3.6194E-01 8.8715E-02 8.8715E-02 7.1313E-07  2.1824E-04 4.0217E-01 8.5006E-08   214
 1.0000E-03 3.6341E-01 9.0050E-02 9.0050E-02 7.3115E-07  2.1702E-04 4.0217E-01 8.7154E-08   214
 1.0000E-03 3.6490E-01 9.1466E-02 9.1465E-02 7.5079E-07  2.1583E-04 4.0217E-01 8.9496E-08   214
 1.0000E-03 3.6639E-01 9.2975E-02 9.2974E-02 7.7227E-07  2.1458E-04 4.0217E-01 9.2056E-08   214
 1.0000E-03 3.6790E-01 9.4585E-02 9.4584E-02 7.9573E-07  2.1358E-04 4.0217E-01 9.4853E-08   214
 1.0000E-03 3.6942E-01 9.6306E-02 9.6305E-02 8.2139E-07  2.1214E-04 4.0217E-01 9.7913E-08   214
 1.0000E-03 3.7095E-01 9.8146E-02 9.8145E-02 8.4945E-07  2.1096E-04 4.0217E-01 1.0126E-07   214
 1.0000E-03 3.7250E-01 1.0012E-01 1.0012E-01 8.8023E-07  2.0996E-04 4.0217E-01 1.0493E-07   214
 1.0000E-03 3.7406E-01 1.0224E-01 1.0224E-01 9.1400E-07  2.0862E-04 4.0217E-01 1.0895E-07   214
 1.0000E-03 3.7563E-01 1.0452E-01 1.0452E-01 9.5084E-07  2.0738E-04 4.0217E-01 1.1334E-07   214
 1.0000E-03 3.7722E-01 1.0695E-01 1.0695E-01 9.9131E-07  2.3475E-04 4.0254E-01 1.1814E-07   184
 1.0000E-03 3.7881E-01 1.0958E-01 1.0957E-01 1.0354E-06  2.3333E-04 4.0254E-01 1.2340E-07   184
 1.0000E-03 3.8043E-01 1.1240E-01 1.1240E-01 1.0838E-06  2.3201E-04 4.0254E-01 1.2917E-07   184
 1.0000E-03 3.8205E-01 1.1544E-01 1.1544E-01 1.1369E-06  2.3074E-04 4.0254E-01 1.3549E-07   184
 1.0000E-03 3.8369E-01 1.1870E-01 1.1870E-01 1.1948E-06  2.2938E-04 4.0254E-01 1.4239E-07   184
 1.0000E-03 3.8534E-01 1.2221E-01 1.2221E-01 1.2582E-06  2.2844E-04 4.0254E-01 1.4996E-07   184
 1.0000E-03 3.8701E-01 1.2601E-01 1.2600E-01 1.3279E-06  2.2698E-04 4.0254E-01 1.5826E-07   184
 1.0000E-03 3.8870E-01 1.3011E-01 1.3010E-01 1.4046E-06  2.2565E-04 4.0254E-01 1.6740E-07   184
 1.0000E-03 3.9039E-01 1.3455E-01 1.3454E-01 1.4891E-06  2.2439E-04 4.0254E-01 1.7747E-07   184
 1.0000E-03 3.9211E-01 1.3933E-01 1.3933E-01 1.5817E-06  2.2309E-04 4.0254E-01 1.8851E-07   184
 1.0000E-03 3.9383E-01 1.4450E-01 1.4449E-01 1.6836E-06  2.2186E-04 4.0254E-01 2.0066E-07   184
 1.0000E-03 3.9558E-01 1.5007E-01 1.5007E-01 1.7958E-06  2.2058E-04 4.0254E-01 2.1403E-07   184
 1.0000E-03 3.9733E-01 1.5611E-01 1.5610E-01 1.9193E-06  2.1926E-04 4.0254E-01 2.2876E-07   184
 1.0000E-03 3.9911E-01 1.6263E-01 1.6263E-01 2.0558E-06  2.1804E-04 4.0254E-01 2.4502E-07   184
 1.0000E-03 4.0090E-01 1.6965E-01 1.6965E-01 2.2057E-06  2.1674E-04 4.0254E-01 2.6289E-07   184
 1.0000E-03 4.0270E-01 1.7718E-01 1.7718E-01 2.3703E-06  2.1538E-04 4.0254E-01 2.8250E-07   184
 1.0000E-03 4.0452E-01 1.8524E-01 1.8524E-01 2.5506E-06  2.1397E-04 4.0254E-01 3.0399E-07   184
 1.0000E-03 4.0636E-01 1.9383E-01 1.9383E-01 2.7477E-06  2.1272E-04 4.0254E-01 3.2748E-07   184
 1.0000E-03 4.0822E-01 2.0292E-01 2.0292E-01 2.9621E-06  2.1125E-04 4.0254E-01 3.5305E-07   184
 1.0000E-03 4.1009E-01 2.1245E-01 2.1245E-01 3.1941E-06  2.1005E-04 4.0254E-01 3.8069E-07   184
 1.0000E-03 4.1198E-01 2.2232E-01 2.2231E-01 3.4428E-06  2.0871E-04 4.0253E-01 4.1033E-07   184
 1.0000E-03 4.1389E-01 2.3238E-01 2.3238E-01 3.7068E-06  2.0723E-04 4.0254E-01 4.4180E-07   184
 1.0000E-03 4.1581E-01 2.4245E-01 2.4245E-01 3.9837E-06  2.0615E-04 4.0254E-01 4.7481E-07   184
 1.0000E-03 4.1776E-01 2.5226E-01 2.5226E-01 4.2695E-06  2.0487E-04 4.0254E-01 5.0888E-07   184
 1.0000E-03 4.1972E-01 2.6149E-01 2.6148E-01 4.5587E-06  2.0358E-04 4.0253E-01 5.4334E-07   184
 1.0000E-03 4.2170E-01 2.6972E-01 2.6971E-01 4.8431E-06  2.0230E-04 4.0254E-01 5.7725E-07   184
 1.0000E-03 4.2370E-01 2.7649E-01 2.7648E-01 5.1132E-06  2.0091E-04 4.0254E-01 6.0944E-07   184
 1.0000E-03 4.2571E-01 2.8129E-01 2.8129E-01 5.3573E-06  1.9984E-04 4.0254E-01 6.3853E-07   184
 1.0000E-03 4.2775E-01 2.8363E-01 2.8362E-01 5.5618E-06  1.9871E-04 4.0253E-01 6.6291E-07   184
 1.0000E-03 4.2981E-01 2.8306E-01 2.8306E-01 5.7136E-06  1.9764E-04 4.0254E-01 6.8101E-07   184
 1.0000E-03 4.3188E-01 2.7934E-01 2.7933E-01 5.8014E-06  1.9634E-04 4.0253E-01 6.9148E-07   184
 1.0000E-03 4.3398E-01 2.7239E-01 2.7238E-01 5.8173E-06  1.9555E-04 4.0254E-01 6.9337E-07   184
 1.0000E-03 4.3610E-01 2.6238E-01 2.6237E-01 5.7581E-06  1.9451E-04 4.0254E-01 6.8631E-07   184
 1.0000E-03 4.3824E-01 2.4976E-01 2.4976E-01 5.6265E-06  1.9372E-04 4.0253E-01 6.7063E-07   184
 1.0000E-03 4.4039E-01 2.3522E-01 2.3521E-01 5.4335E-06  1.9290E-04 4.0253E-01 6.4762E-07   184
 1.0000E-03 4.4257E-01 2.1943E-01 2.1942E-01 5.1911E-06  1.9215E-04 4.0253E-01 6.1874E-07   184
 1.0000E-03 4.4478E-01 2.0308E-01 2.0308E-01 4.9135E-06  1.9133E-04 4.0254E-01 5.8565E-07   184
 1.0000E-03 4.4700E-01 1.8683E-01 1.8683E-01 4.6157E-06  1.9073E-04 4.0253E-01 5.5016E-07   184
 1.0000E-03 4.4925E-01 1.7114E-01 1.7114E-01 4.3111E-06  1.8997E-04 4.0253E-01 5.1385E-07   184
 1.0000E-03 4.5152E-01 1.5630E-01 1.5629E-01 4.0087E-06  1.8911E-04 4.0253E-01 4.7780E-07   184
 1.0000E-03 4.5381E-01 1.4246E-01 1.4245E-01 3.7146E-06  1.8858E-04 4.0253E-01 4.4275E-07   184
 1.0000E-03 4.5612E-01 1.2978E-01 1.2978E-01 3.4352E-06  1.8776E-04 4.0253E-01 4.0945E-07   184
 1.0000E-03 4.5846E-01 1.1828E-01 1.1827E-01 3.1733E-06  1.8741E-04 4.0253E-01 3.7824E-07   184
 1.0000E-03 4.6082E-01 1.0790E-01 1.0790E-01 2.9297E-06  1.8651E-04 4.0253E-01 3.4920E-07   184
 1.0000E-03 4.6321E-01 9.8590E-02 9.8587E-02 2.7045E-06  1.8623E-04 4.0254E-01 3.2235E-07   184
 1.0000E-03 4.6563E-01 9.0278E-02 9.0276E-02 2.4974E-06  1.8554E-04 4.0253E-01 2.9768E-07   184
 1.0000E-03 4.6806E-01 8.2877E-02 8.2875E-02 2.3078E-06  1.8495E-04 4.0253E-01 2.7507E-07   184
 1.0000E-03 4.7053E-01 7.6309E-02 7.6308E-02 2.1345E-06  1.8424E-04 4.0253E-01 2.5441E-07   184
 1.0000E-03 4.7302E-01 7.0532E-02 7.0530E-02 1.9762E-06  1.8361E-04 4.0253E-01 2.3555E-07   184
 1.0000E-03 4.7553E-01 6.5452E-02 6.5450E-02 1.8324E-06  1.8330E-04 4.0253E-01 2.1841E-07   184
 1.0000E-03 4.7807E-01 6.0977E-02 6.0975E-02 1.7019E-06  1.8258E-04 4.0253E-01 2.0286E-07   184
 1.0000E-03 4.8065E-01 5.7042E-02 5.7040E-02 1.5837E-06  1.8185E-04 4.0253E-01 1.8876E-07   184
 1.0000E-03 4.8324E-01 5.3584E-02 5.3583E-02 1.4765E-06  1.8146E-04 4.0253E-01 1.7599E-07   184
 1.0000E-03 4.8587E-01 5.0538E-02 5.0537E-02 1.3794E-06  1.8058E-04 4.0253E-01 1.6441E-07   184
 1.0000E-03 4.8852E-01 4.7856E-02 4.7855E-02 1.2913E-06  1.8029E-04 4.0253E-01 1.5391E-07   184
 1.0000E-03 4.9121E-01 4.5494E-02 4.5493E-02 1.2113E-06  1.7952E-04 4.0253E-01 1.4438E-07   184
 1.0000E-03 4.9392E-01 4.3409E-02 4.3408E-02 1.1386E-06  1.7881E-04 4.0253E-01 1.3571E-07   184
 1.0000E-03 4.9667E-01 4.1594E-02 4.1593E-02 1.0729E-06  1.7805E-04 4.0254E-01 1.2789E-07   184
 1.0000E-03 4.9944E-01 4.0046E-02 4.0044E-02 1.0144E-06  1.7748E-04 4.0253E-01 1.2091E-07   184
 1.0000E-03 5.0225E-01 3.8670E-02 3.8668E-02 9.6112E-07  1.7681E-04 4.0253E-01 1.1456E-07   184
 1.0000E-03 5.0508E-01 3.7440E-02 3.7439E-02 9.1268E-07  1.7619E-04 4.0253E-01 1.0879E-07   184
 1.0000E-03 5.0795E-01 3.6334E-02 3.6333E-02 8.6873E-07  1.7568E-04 4.0253E-01 1.0355E-07   184
 1.0000E-03 5.1086E-01 3.5320E-02 3.5320E-02 8.2893E-07  1.7515E-04 4.0253E-01 9.8804E-08   184
 1.0000E-03 5.1379E-01 3.4365E-02 3.4364E-02 7.9290E-07  1.7475E-04 4.0254E-01 9.4510E-08   184
 1.0000E-03 5.1676E-01 3.3430E-02 3.3429E-02 7.6025E-07  1.7402E-04 4.0253E-01 9.0619E-08   184
 1.0000E-03 5.1977E-01 3.2474E-02 3.2474E-02 7.3052E-07  1.7378E-04 4.0253E-01 8.7075E-08   184
 1.0000E-03 5.2281E-01 3.1334E-02 3.1334E-02 7.0133E-07  1.7291E-04 4.0253E-01 8.3596E-08   184
 1.0000E-03 5.2588E-01 3.0095E-02 3.0094E-02 6.7241E-07  1.7255E-04 4.0253E-01 8.0148E-08   184
 1.0000E-03 5.2899E-01 2.8850E-02 2.8849E-02 6.4446E-07  1.7210E-04 4.0253E-01 7.6818E-08   184
 1.0000E-03 5.3214E-01 2.7615E-02 2.7614E-02 6.1737E-07  1.7155E-04 4.0253E-01 7.3589E-08   184
 1.0000E-03 5.3533E-01 2.6410E-02 2.6409E-02 5.9111E-07  1.7094E-04 4.0253E-01 7.0459E-08   184
 1.0000E-03 5.3855E-01 2.5249E-02 2.5249E-02 5.6574E-07  1.7065E-04 4.0253E-01 6.7434E-08   184
 1.0000E-03 5.4182E-01 2.4141E-02 2.4140E-02 5.4133E-07  1.6988E-04 4.0253E-01 6.4525E-08   184
 1.0000E-03 5.4512E-01 2.3082E-02 2.3081E-02 5.1792E-07  1.6933E-04 4.0253E-01 6.1735E-08   184
 1.0000E-03 5.4847E-01 2.2066E-02 2.2065E-02 4.9552E-07  1.6863E-04 4.0253E-01 5.9065E-08   184
 1.0000E-03 5.5185E-01 2.1116E-02 2.1116E-02 4.7449E-07  1.6802E-04 4.0253E-01 5.6558E-08   184
 1.0000E-03 5.5528E-01 2.0186E-02 2.0185E-02 4.5438E-07  1.6759E-04 4.0253E-01 5.4161E-08   184
 1.0000E-03 5.5875E-01 1.9268E-02 1.9268E-02 4.3502E-07  1.6688E-04 4.0253E-01 5.1853E-08   184
 1.0000E-03 5.6226E-01 1.8367E-02 1.8366E-02 4.1628E-07  1.6623E-04 4.0253E-01 4.9619E-08   184
 1.0000E-03 5.6582E-01 1.7488E-02 1.7488E-02 3.9806E-07  1.6556E-04 4.0253E-01 4.7448E-08   184
 1.0000E-03 5.6943E-01 1.6648E-02 1.6648E-02 3.8028E-07  1.6477E-04 4.0253E-01 4.5329E-08   184
 1.0000E-03 5.7308E-01 1.5865E-02 1.5865E-02 3.6295E-07  1.6436E-04 4.0254E-01 4.3263E-08   184
 1.0000E-03 5.7677E-01 1.5164E-02 1.5163E-02 3.4611E-07  1.6348E-04 4.0253E-01 4.1256E-08   184
 1.0000E-03 5.8052E-01 1.4563E-02 1.4563E-02 3.2990E-07  1.6290E-04 4.0253E-01 3.9323E-08   184
 1.0000E-03 5.8431E-01 1.4077E-02 1.4076E-02 3.1438E-07  1.6209E-04 4.0253E-01 3.7474E-08   184
 1.0000E-03 5.8816E-01 1.3706E-02 1.3705E-02 2.9977E-07  1.6148E-04 4.0253E-01 3.5732E-08   184
 1.0000E-03 5.9205E-01 1.3440E-02 1.3439E-02 2.8619E-07  1.6100E-04 4.0253E-01 3.4114E-08   184
 1.0000E-03 5.9600E-01 1.3265E-02 1.3265E-02 2.7372E-07  1.6043E-04 4.0253E-01 3.2627E-08   184
 1.0000E-03 6.0000E-01 1.3164E-02 1.3163E-02 2.6236E-07  1.5988E-04 4.0253E-01 3.1273E-08   184
