 DDSCAT --- DDSCAT 7.3.3 [22.01.20]   
 TARGET --->TARGSPHER  spherical target with explicit spacing                 
 GPFAFT --- method of solution 
 FLTRCD --- prescription for polarizabilities
 FROM_FILE --- shape 
   28639 = NAT0 = number of dipoles
 ../diel/Pena26Au74Ag                                        
 ../diel/Au_evap                                             
   0.000   0.000 = beta_min, beta_max ;  NBETA = 1
   0.000   0.000 = theta_min, theta_max; NTHETA= 1
   0.000   0.000 = phi_min, phi_max   ;   NPHI = 1
 Results averaged over    1 target orientations
                   and  2 incident polarizations
   aeff       wave       Q_pha       Q_pol       Q_cpol
 2.4619E-01 3.0000E-01 -2.0468E-01  1.9598E-04  1.4032E-04
 2.4619E-01 3.0101E-01 -2.0435E-01  1.8144E-04  1.3906E-04
 2.4619E-01 3.0203E-01 -2.0429E-01  1.8907E-04  1.3544E-04
 2.4619E-01 3.0305E-01 -2.0426E-01  1.9288E-04  1.3410E-04
 2.4619E-01 3.0408E-01 -2.0424E-01  2.0003E-04  1.3235E-04
 2.4619E-01 3.0512E-01 -2.0425E-01  1.8692E-04  1.2903E-04
 2.4619E-01 3.0616E-01 -2.0427E-01  1.9288E-04  1.3141E-04
 2.4619E-01 3.0722E-01 -2.0432E-01  1.8454E-04  1.2740E-04
 2.4619E-01 3.0828E-01 -2.0440E-01  2.1219E-04  1.2670E-04
 2.4619E-01 3.0934E-01 -2.0452E-01  2.0504E-04  1.2608E-04
 2.4619E-01 3.1042E-01 -2.0466E-01  2.0480E-04  1.2402E-04
 2.4619E-01 3.1150E-01 -2.0456E-01  1.9145E-04  1.2103E-04
 2.4619E-01 3.1259E-01 -2.0442E-01  2.0862E-04  1.2007E-04
 2.4619E-01 3.1368E-01 -2.0432E-01  2.0742E-04  1.1887E-04
 2.4619E-01 3.1479E-01 -2.0428E-01  2.0504E-04  1.1672E-04
 2.4619E-01 3.1590E-01 -2.0427E-01  2.1434E-04  1.1784E-04
 2.4619E-01 3.1702E-01 -2.0432E-01  2.0695E-04  1.1481E-04
 2.4619E-01 3.1815E-01 -2.0439E-01  2.1410E-04  1.1514E-04
 2.4619E-01 3.1929E-01 -2.0450E-01  2.2149E-04  1.1361E-04
 2.4619E-01 3.2043E-01 -2.0469E-01  2.0409E-04  1.1110E-04
 2.4619E-01 3.2158E-01 -2.0548E-01  2.1648E-04  1.1213E-04
 2.4619E-01 3.2274E-01 -2.0630E-01  2.0504E-04  1.1133E-04
 2.4619E-01 3.2391E-01 -2.0715E-01  2.0909E-04  1.1107E-04
 2.4619E-01 3.2509E-01 -2.0802E-01  2.0504E-04  1.1081E-04
 2.4619E-01 3.2628E-01 -2.0892E-01  2.1553E-04  1.0873E-04
 2.4619E-01 3.2747E-01 -2.0987E-01  2.0027E-04  1.0709E-04
 2.4619E-01 3.2868E-01 -2.1086E-01  2.3746E-04  1.0557E-04
 2.4619E-01 3.2989E-01 -2.1191E-01  2.1744E-04  1.0283E-04
 2.4619E-01 3.3111E-01 -2.1302E-01  2.0194E-04  9.9078E-05
 2.4619E-01 3.3234E-01 -2.1387E-01  2.2221E-04  9.4965E-05
 2.4619E-01 3.3358E-01 -2.1458E-01  1.8144E-04  9.1806E-05
 2.4619E-01 3.3483E-01 -2.1530E-01  2.1243E-04  8.7291E-05
 2.4619E-01 3.3609E-01 -2.1607E-01  2.1005E-04  8.0571E-05
 2.4619E-01 3.3736E-01 -2.1687E-01  2.3103E-04  7.4297E-05
 2.4619E-01 3.3864E-01 -2.1768E-01  2.3770E-04  6.8396E-05
 2.4619E-01 3.3992E-01 -2.1851E-01  2.4986E-04  6.3241E-05
 2.4619E-01 3.4122E-01 -2.1936E-01  2.5487E-04  5.8204E-05
 2.4619E-01 3.4253E-01 -2.2021E-01  2.6464E-04  5.0679E-05
 2.4619E-01 3.4385E-01 -2.2104E-01  2.8157E-04  4.5106E-05
 2.4619E-01 3.4517E-01 -2.2194E-01  3.0756E-04  3.7521E-05
 2.4619E-01 3.4651E-01 -2.2290E-01  3.1471E-04  3.2604E-05
 2.4619E-01 3.4786E-01 -2.2392E-01  3.3665E-04  2.6196E-05
 2.4619E-01 3.4922E-01 -2.2501E-01  3.4380E-04  2.2665E-05
 2.4619E-01 3.5059E-01 -2.2615E-01  3.7193E-04  1.7270E-05
 2.4619E-01 3.5197E-01 -2.2735E-01  3.7503E-04  1.3053E-05
 2.4619E-01 3.5336E-01 -2.2861E-01  4.0960E-04  6.9737E-06
 2.4619E-01 3.5476E-01 -2.3000E-01  4.1723E-04  4.8280E-06
 2.4619E-01 3.5618E-01 -2.3157E-01  4.7493E-04  2.3693E-06
 2.4619E-01 3.5760E-01 -2.3317E-01  4.7374E-04 -7.0035E-07
 2.4619E-01 3.5904E-01 -2.3482E-01  4.9496E-04 -2.7716E-06
 2.4619E-01 3.6048E-01 -2.3650E-01  4.9973E-04 -4.7237E-06
 2.4619E-01 3.6194E-01 -2.3821E-01  5.2857E-04 -5.8860E-06
 2.4619E-01 3.6341E-01 -2.3996E-01  5.4669E-04 -5.9605E-06
 2.4619E-01 3.6490E-01 -2.4173E-01  5.9152E-04 -7.4059E-06
 2.4619E-01 3.6639E-01 -2.4352E-01  5.7292E-04 -7.0632E-06
 2.4619E-01 3.6790E-01 -2.4532E-01  6.0105E-04 -7.3314E-06
 2.4619E-01 3.6942E-01 -2.4710E-01  6.3467E-04 -8.3596E-06
 2.4619E-01 3.7095E-01 -2.4886E-01  6.6900E-04 -7.5847E-06
 2.4619E-01 3.7250E-01 -2.5061E-01  6.8092E-04 -7.0930E-06
 2.4619E-01 3.7406E-01 -2.5234E-01  6.9213E-04 -8.8513E-06
 2.4619E-01 3.7563E-01 -2.5404E-01  7.5483E-04 -3.8445E-06
 2.4619E-01 3.7722E-01 -2.5573E-01  7.3647E-04 -5.0962E-06
 2.4619E-01 3.7881E-01 -2.5739E-01  7.7438E-04 -3.4571E-06
 2.4619E-01 3.8043E-01 -2.5903E-01  8.0442E-04  1.8179E-06
 2.4619E-01 3.8205E-01 -2.6059E-01  8.1944E-04  1.8477E-06
 2.4619E-01 3.8369E-01 -2.6202E-01  8.6761E-04  5.2452E-06
 2.4619E-01 3.8534E-01 -2.6346E-01  8.4496E-04  7.8380E-06
 2.4619E-01 3.8701E-01 -2.6491E-01  9.3699E-04  1.1355E-05
 2.4619E-01 3.8870E-01 -2.6636E-01  9.1553E-04  1.3471E-05
 2.4619E-01 3.9039E-01 -2.6782E-01  9.8300E-04  1.7852E-05
 2.4619E-01 3.9211E-01 -2.6929E-01  9.8634E-04  2.1875E-05
 2.4619E-01 3.9383E-01 -2.7076E-01  1.0283E-03  2.8789E-05
 2.4619E-01 3.9558E-01 -2.7224E-01  1.0748E-03  3.6299E-05
 2.4619E-01 3.9733E-01 -2.7374E-01  1.1106E-03  4.1664E-05
 2.4619E-01 3.9911E-01 -2.7539E-01  1.1551E-03  5.1528E-05
 2.4619E-01 4.0090E-01 -2.7707E-01  1.1885E-03  6.1303E-05
 2.4619E-01 4.0270E-01 -2.7877E-01  1.2257E-03  7.0602E-05
 2.4619E-01 4.0452E-01 -2.8048E-01  1.2629E-03  8.5056E-05
 2.4619E-01 4.0636E-01 -2.8220E-01  1.3065E-03  9.8467E-05
 2.4619E-01 4.0822E-01 -2.8393E-01  1.3463E-03  1.1227E-04
 2.4619E-01 4.1009E-01 -2.8565E-01  1.3385E-03  1.3041E-04
 2.4619E-01 4.1198E-01 -2.8736E-01  1.3943E-03  1.4842E-04
 2.4619E-01 4.1389E-01 -2.8898E-01  1.4575E-03  1.7175E-04
 2.4619E-01 4.1581E-01 -2.9042E-01  1.5023E-03  1.9187E-04
 2.4619E-01 4.1776E-01 -2.9183E-01  1.5163E-03  2.1452E-04
 2.4619E-01 4.1972E-01 -2.9319E-01  1.5512E-03  2.4271E-04
 2.4619E-01 4.2170E-01 -2.9448E-01  1.5872E-03  2.6801E-04
 2.4619E-01 4.2370E-01 -2.9570E-01  1.6396E-03  3.0178E-04
 2.4619E-01 4.2571E-01 -2.9684E-01  1.6346E-03  3.2878E-04
 2.4619E-01 4.2775E-01 -2.9792E-01  1.6289E-03  3.5533E-04
 2.4619E-01 4.2981E-01 -2.9894E-01  1.6477E-03  3.9068E-04
 2.4619E-01 4.3188E-01 -3.0007E-01  1.6584E-03  4.1986E-04
 2.4619E-01 4.3398E-01 -3.0123E-01  1.6215E-03  4.5109E-04
 2.4619E-01 4.3610E-01 -3.0235E-01  1.6401E-03  4.7693E-04
 2.4619E-01 4.3824E-01 -3.0343E-01  1.6499E-03  5.0670E-04
 2.4619E-01 4.4039E-01 -3.0451E-01  1.6353E-03  5.3570E-04
 2.4619E-01 4.4257E-01 -3.0557E-01  1.6253E-03  5.6571E-04
 2.4619E-01 4.4478E-01 -3.0664E-01  1.6198E-03  5.9038E-04
 2.4619E-01 4.4700E-01 -3.0773E-01  1.6034E-03  6.2272E-04
 2.4619E-01 4.4925E-01 -3.0885E-01  1.5850E-03  6.4942E-04
 2.4619E-01 4.5152E-01 -3.0990E-01  1.5655E-03  6.7964E-04
 2.4619E-01 4.5381E-01 -3.1075E-01  1.5543E-03  7.0870E-04
 2.4619E-01 4.5612E-01 -3.1166E-01  1.5593E-03  7.3698E-04
 2.4619E-01 4.5846E-01 -3.1265E-01  1.5156E-03  7.6595E-04
 2.4619E-01 4.6082E-01 -3.1373E-01  1.5061E-03  7.9396E-04
 2.4619E-01 4.6321E-01 -3.1489E-01  1.4825E-03  8.2147E-04
 2.4619E-01 4.6563E-01 -3.1616E-01  1.4560E-03  8.5089E-04
 2.4619E-01 4.6806E-01 -3.1753E-01  1.4367E-03  8.7929E-04
 2.4619E-01 4.7053E-01 -3.1902E-01  1.4167E-03  9.0334E-04
 2.4619E-01 4.7302E-01 -3.2121E-01  1.3533E-03  9.2658E-04
 2.4619E-01 4.7553E-01 -3.2380E-01  1.3206E-03  9.5403E-04
 2.4619E-01 4.7807E-01 -3.2647E-01  1.2689E-03  9.7686E-04
 2.4619E-01 4.8065E-01 -3.2926E-01  1.2012E-03  9.9441E-04
 2.4619E-01 4.8324E-01 -3.3216E-01  1.1582E-03  1.0152E-03
 2.4619E-01 4.8587E-01 -3.3521E-01  1.1454E-03  1.0330E-03
 2.4619E-01 4.8852E-01 -3.3840E-01  1.0500E-03  1.0485E-03
 2.4619E-01 4.9121E-01 -3.4174E-01  9.8658E-04  1.0671E-03
 2.4619E-01 4.9392E-01 -3.4525E-01  9.5391E-04  1.0832E-03
 2.4619E-01 4.9667E-01 -3.4903E-01  8.5998E-04  1.0980E-03
 2.4619E-01 4.9944E-01 -3.5303E-01  8.0681E-04  1.1115E-03
 2.4619E-01 5.0225E-01 -3.5670E-01  7.5984E-04  1.1298E-03
 2.4619E-01 5.0508E-01 -3.5994E-01  6.2156E-04  1.1468E-03
 2.4619E-01 5.0795E-01 -3.6262E-01  5.1999E-04  1.1669E-03
 2.4619E-01 5.1086E-01 -3.6462E-01  4.0007E-04  1.1980E-03
 2.4619E-01 5.1379E-01 -3.6578E-01  2.3389E-04  1.2217E-03
 2.4619E-01 5.1676E-01 -3.6592E-01 -3.2187E-05  1.2589E-03
 2.4619E-01 5.1977E-01 -3.6482E-01 -3.0541E-04  1.2961E-03
 2.4619E-01 5.2281E-01 -3.6044E-01 -6.3920E-04  1.2954E-03
 2.4619E-01 5.2588E-01 -3.5361E-01 -9.9254E-04  1.2380E-03
 2.4619E-01 5.2899E-01 -3.4532E-01 -1.3916E-03  1.1287E-03
 2.4619E-01 5.3214E-01 -3.3552E-01 -1.8458E-03  9.4193E-04
 2.4619E-01 5.3533E-01 -3.2427E-01 -2.2359E-03  6.7019E-04
 2.4619E-01 5.3855E-01 -3.1180E-01 -2.4953E-03  3.1576E-04
 2.4619E-01 5.4182E-01 -2.9852E-01 -2.5420E-03 -1.0929E-04
 2.4619E-01 5.4512E-01 -2.8502E-01 -2.3985E-03 -5.8395E-04
 2.4619E-01 5.4847E-01 -2.7199E-01 -1.9321E-03 -1.0735E-03
 2.4619E-01 5.5185E-01 -2.6099E-01 -1.2231E-03 -1.5163E-03
 2.4619E-01 5.5528E-01 -2.5160E-01 -1.8358E-04 -1.8845E-03
 2.4619E-01 5.5875E-01 -2.4406E-01  1.0636E-03 -2.1194E-03
 2.4619E-01 5.6226E-01 -2.3837E-01  2.5439E-03 -2.1597E-03
 2.4619E-01 5.6582E-01 -2.3421E-01  4.0586E-03 -1.9650E-03
 2.4619E-01 5.6943E-01 -2.3096E-01  5.3904E-03 -1.5305E-03
 2.4619E-01 5.7308E-01 -2.2778E-01  6.4201E-03 -8.9514E-04
 2.4619E-01 5.7677E-01 -2.2367E-01  7.0074E-03 -1.2046E-04
 2.4619E-01 5.8052E-01 -2.1767E-01  7.0367E-03  7.1016E-04
 2.4619E-01 5.8431E-01 -2.0851E-01  6.4504E-03  1.5111E-03
 2.4619E-01 5.8816E-01 -1.9556E-01  5.2743E-03  2.1479E-03
 2.4619E-01 5.9205E-01 -1.7865E-01  3.7699E-03  2.5008E-03
 2.4619E-01 5.9600E-01 -1.5762E-01  2.0051E-03  2.4884E-03
 2.4619E-01 6.0000E-01 -1.3260E-01  4.2915E-04  2.0673E-03
