 DDSCAT --- DDSCAT 7.3.3 [22.01.20]   
 TARGET --->TARGSPHER  spherical target with explicit spacing                 
 GPFAFT --- method of solution 
 FLTRCD --- prescription for polarizabilities
 FROM_FILE --- shape 
    4169 = NAT0 = number of dipoles
 ../../diel/Pena-Rioux_dielectric_26Au_74Ag                  
 ../../diel/Pena-Rioux_dielectric_65Au_35Ag                  
 ../../diel/Pena-Rioux_dielectric_85Au_15Ag                  
 ../../diel/Au_evap                                          
   0.000   0.000 = beta_min, beta_max ;  NBETA = 1
   0.000   0.000 = theta_min, theta_max; NTHETA= 1
   0.000   0.000 = phi_min, phi_max   ;   NPHI = 1
 0.5000 = ETASCA (param. controlling # of scatt. dirs used to calculate <cos> etc.
 Results averaged over    1 target orientations
                   and  2 incident polarizations
   aeff       wave       Q_ext     Q_abs      Q_sca     g(1)=<cos>  <cos^2>    Q_bk       Nsca
 1.0000E-03 3.0000E-01 8.5020E-02 8.5019E-02 1.1628E-06  2.5920E-04 4.0217E-01 1.3859E-07   214
 1.0000E-03 3.0101E-01 8.4571E-02 8.4570E-02 1.1408E-06  2.5886E-04 4.0217E-01 1.3597E-07   214
 1.0000E-03 3.0203E-01 8.4148E-02 8.4147E-02 1.1195E-06  2.5835E-04 4.0217E-01 1.3343E-07   214
 1.0000E-03 3.0305E-01 8.3740E-02 8.3738E-02 1.0987E-06  2.5799E-04 4.0217E-01 1.3096E-07   214
 1.0000E-03 3.0408E-01 8.3346E-02 8.3345E-02 1.0785E-06  2.5762E-04 4.0217E-01 1.2854E-07   214
 1.0000E-03 3.0512E-01 8.2967E-02 8.2966E-02 1.0587E-06  2.5706E-04 4.0217E-01 1.2619E-07   214
 1.0000E-03 3.0616E-01 8.2603E-02 8.2602E-02 1.0395E-06  2.5671E-04 4.0217E-01 1.2389E-07   214
 1.0000E-03 3.0722E-01 8.2254E-02 8.2253E-02 1.0207E-06  2.5622E-04 4.0217E-01 1.2165E-07   214
 1.0000E-03 3.0828E-01 8.1922E-02 8.1921E-02 1.0025E-06  2.5578E-04 4.0217E-01 1.1949E-07   214
 1.0000E-03 3.0934E-01 8.1609E-02 8.1608E-02 9.8518E-07  2.5509E-04 4.0217E-01 1.1742E-07   214
 1.0000E-03 3.1042E-01 8.1305E-02 8.1304E-02 9.6820E-07  2.5487E-04 4.0217E-01 1.1540E-07   214
 1.0000E-03 3.1150E-01 8.0999E-02 8.0998E-02 9.5142E-07  2.5426E-04 4.0217E-01 1.1340E-07   214
 1.0000E-03 3.1259E-01 8.0699E-02 8.0698E-02 9.3491E-07  2.5374E-04 4.0217E-01 1.1143E-07   214
 1.0000E-03 3.1368E-01 8.0409E-02 8.0408E-02 9.1873E-07  2.5331E-04 4.0217E-01 1.0951E-07   214
 1.0000E-03 3.1479E-01 8.0128E-02 8.0127E-02 9.0288E-07  2.5266E-04 4.0217E-01 1.0762E-07   214
 1.0000E-03 3.1590E-01 7.9856E-02 7.9856E-02 8.8734E-07  2.5206E-04 4.0217E-01 1.0576E-07   214
 1.0000E-03 3.1702E-01 7.9595E-02 7.9594E-02 8.7212E-07  2.5170E-04 4.0217E-01 1.0395E-07   214
 1.0000E-03 3.1815E-01 7.9290E-02 7.9289E-02 8.5628E-07  2.5107E-04 4.0217E-01 1.0206E-07   214
 1.0000E-03 3.1929E-01 7.8991E-02 7.8990E-02 8.4062E-07  2.5065E-04 4.0217E-01 1.0020E-07   214
 1.0000E-03 3.2043E-01 7.8706E-02 7.8706E-02 8.2529E-07  2.5019E-04 4.0217E-01 9.8369E-08   214
 1.0000E-03 3.2158E-01 7.8458E-02 7.8458E-02 8.1058E-07  2.4942E-04 4.0217E-01 9.6615E-08   214
 1.0000E-03 3.2274E-01 7.8222E-02 7.8222E-02 7.9615E-07  2.4869E-04 4.0217E-01 9.4895E-08   214
 1.0000E-03 3.2391E-01 7.7999E-02 7.7998E-02 7.8202E-07  2.4834E-04 4.0217E-01 9.3211E-08   214
 1.0000E-03 3.2509E-01 7.7786E-02 7.7786E-02 7.6817E-07  2.4779E-04 4.0217E-01 9.1561E-08   214
 1.0000E-03 3.2628E-01 7.7586E-02 7.7585E-02 7.5461E-07  2.4717E-04 4.0217E-01 8.9944E-08   214
 1.0000E-03 3.2747E-01 7.7407E-02 7.7407E-02 7.4104E-07  2.4655E-04 4.0217E-01 8.8327E-08   214
 1.0000E-03 3.2868E-01 7.7261E-02 7.7260E-02 7.2815E-07  2.4608E-04 4.0217E-01 8.6790E-08   214
 1.0000E-03 3.2989E-01 7.7147E-02 7.7147E-02 7.1593E-07  2.4568E-04 4.0217E-01 8.5335E-08   214
 1.0000E-03 3.3111E-01 7.7066E-02 7.7066E-02 7.0440E-07  2.4475E-04 4.0217E-01 8.3960E-08   214
 1.0000E-03 3.3234E-01 7.7006E-02 7.7005E-02 6.9337E-07  2.4417E-04 4.0217E-01 8.2645E-08   214
 1.0000E-03 3.3358E-01 7.6971E-02 7.6970E-02 6.8292E-07  2.4342E-04 4.0217E-01 8.1399E-08   214
 1.0000E-03 3.3483E-01 7.6968E-02 7.6968E-02 6.7312E-07  2.4251E-04 4.0217E-01 8.0232E-08   214
 1.0000E-03 3.3609E-01 7.7035E-02 7.7034E-02 6.6458E-07  2.4202E-04 4.0217E-01 7.9214E-08   214
 1.0000E-03 3.3736E-01 7.7179E-02 7.7178E-02 6.5752E-07  2.4109E-04 4.0217E-01 7.8373E-08   214
 1.0000E-03 3.3864E-01 7.7368E-02 7.7368E-02 6.5139E-07  2.4015E-04 4.0217E-01 7.7643E-08   214
 1.0000E-03 3.3992E-01 7.7605E-02 7.7605E-02 6.4622E-07  2.3946E-04 4.0217E-01 7.7026E-08   214
 1.0000E-03 3.4122E-01 7.7891E-02 7.7891E-02 6.4201E-07  2.3857E-04 4.0217E-01 7.6525E-08   214
 1.0000E-03 3.4253E-01 7.8229E-02 7.8229E-02 6.3880E-07  2.3740E-04 4.0217E-01 7.6143E-08   214
 1.0000E-03 3.4385E-01 7.8618E-02 7.8617E-02 6.3657E-07  2.3629E-04 4.0217E-01 7.5877E-08   214
 1.0000E-03 3.4517E-01 7.9072E-02 7.9072E-02 6.3558E-07  2.3521E-04 4.0217E-01 7.5758E-08   214
 1.0000E-03 3.4651E-01 7.9587E-02 7.9586E-02 6.3578E-07  2.3422E-04 4.0217E-01 7.5784E-08   214
 1.0000E-03 3.4786E-01 8.0154E-02 8.0154E-02 6.3702E-07  2.3319E-04 4.0217E-01 7.5931E-08   214
 1.0000E-03 3.4922E-01 8.0778E-02 8.0778E-02 6.3933E-07  2.3194E-04 4.0217E-01 7.6206E-08   214
 1.0000E-03 3.5059E-01 8.1463E-02 8.1462E-02 6.4276E-07  2.3084E-04 4.0217E-01 7.6615E-08   214
 1.0000E-03 3.5197E-01 8.2212E-02 8.2211E-02 6.4737E-07  2.2945E-04 4.0217E-01 7.7165E-08   214
 1.0000E-03 3.5336E-01 8.3030E-02 8.3030E-02 6.5322E-07  2.2844E-04 4.0217E-01 7.7863E-08   214
 1.0000E-03 3.5476E-01 8.3920E-02 8.3919E-02 6.6038E-07  2.2711E-04 4.0217E-01 7.8717E-08   214
 1.0000E-03 3.5618E-01 8.4875E-02 8.4874E-02 6.6874E-07  2.2588E-04 4.0217E-01 7.9713E-08   214
 1.0000E-03 3.5760E-01 8.5890E-02 8.5890E-02 6.7820E-07  2.2459E-04 4.0217E-01 8.0841E-08   214
 1.0000E-03 3.5904E-01 8.6971E-02 8.6971E-02 6.8885E-07  2.2331E-04 4.0217E-01 8.2111E-08   214
 1.0000E-03 3.6048E-01 8.8123E-02 8.8122E-02 7.0076E-07  2.2215E-04 4.0217E-01 8.3531E-08   214
 1.0000E-03 3.6194E-01 8.9351E-02 8.9350E-02 7.1404E-07  2.2085E-04 4.0217E-01 8.5114E-08   214
 1.0000E-03 3.6341E-01 9.0656E-02 9.0655E-02 7.2869E-07  2.1991E-04 4.0217E-01 8.6861E-08   214
 1.0000E-03 3.6490E-01 9.2024E-02 9.2023E-02 7.4450E-07  2.1843E-04 4.0217E-01 8.8746E-08   214
 1.0000E-03 3.6639E-01 9.3463E-02 9.3462E-02 7.6158E-07  2.1707E-04 4.0217E-01 9.0782E-08   214
 1.0000E-03 3.6790E-01 9.4977E-02 9.4976E-02 7.8003E-07  2.1572E-04 4.0217E-01 9.2980E-08   214
 1.0000E-03 3.6942E-01 9.6571E-02 9.6570E-02 7.9991E-07  2.1460E-04 4.0217E-01 9.5352E-08   214
 1.0000E-03 3.7095E-01 9.8250E-02 9.8249E-02 8.2133E-07  2.1338E-04 4.0217E-01 9.7905E-08   214
 1.0000E-03 3.7250E-01 1.0002E-01 1.0002E-01 8.4432E-07  2.1186E-04 4.0217E-01 1.0065E-07   214
 1.0000E-03 3.7406E-01 1.0186E-01 1.0186E-01 8.6869E-07  2.1067E-04 4.0217E-01 1.0355E-07   214
 1.0000E-03 3.7563E-01 1.0378E-01 1.0378E-01 8.9458E-07  2.0924E-04 4.0217E-01 1.0664E-07   214
 1.0000E-03 3.7722E-01 1.0579E-01 1.0579E-01 9.2233E-07  2.3653E-04 4.0254E-01 1.0992E-07   184
 1.0000E-03 3.7881E-01 1.0790E-01 1.0790E-01 9.5167E-07  2.3512E-04 4.0254E-01 1.1342E-07   184
 1.0000E-03 3.8043E-01 1.1011E-01 1.1011E-01 9.8295E-07  2.3374E-04 4.0254E-01 1.1715E-07   184
 1.0000E-03 3.8205E-01 1.1241E-01 1.1241E-01 1.0160E-06  2.3265E-04 4.0254E-01 1.2109E-07   184
 1.0000E-03 3.8369E-01 1.1480E-01 1.1480E-01 1.0508E-06  2.3118E-04 4.0254E-01 1.2524E-07   184
 1.0000E-03 3.8534E-01 1.1730E-01 1.1729E-01 1.0877E-06  2.2989E-04 4.0254E-01 1.2964E-07   184
 1.0000E-03 3.8701E-01 1.1991E-01 1.1991E-01 1.1269E-06  2.2870E-04 4.0254E-01 1.3431E-07   184
 1.0000E-03 3.8870E-01 1.2264E-01 1.2264E-01 1.1686E-06  2.2719E-04 4.0254E-01 1.3928E-07   184
 1.0000E-03 3.9039E-01 1.2550E-01 1.2550E-01 1.2129E-06  2.2612E-04 4.0254E-01 1.4456E-07   184
 1.0000E-03 3.9211E-01 1.2847E-01 1.2847E-01 1.2597E-06  2.2489E-04 4.0254E-01 1.5013E-07   184
 1.0000E-03 3.9383E-01 1.3158E-01 1.3158E-01 1.3094E-06  2.2339E-04 4.0254E-01 1.5606E-07   184
 1.0000E-03 3.9558E-01 1.3483E-01 1.3483E-01 1.3623E-06  2.2259E-04 4.0254E-01 1.6237E-07   184
 1.0000E-03 3.9733E-01 1.3822E-01 1.3822E-01 1.4185E-06  2.2092E-04 4.0254E-01 1.6906E-07   184
 1.0000E-03 3.9911E-01 1.4177E-01 1.4177E-01 1.4784E-06  2.1975E-04 4.0254E-01 1.7620E-07   184
 1.0000E-03 4.0090E-01 1.4545E-01 1.4545E-01 1.5417E-06  2.1854E-04 4.0254E-01 1.8375E-07   184
 1.0000E-03 4.0270E-01 1.4928E-01 1.4928E-01 1.6090E-06  2.1721E-04 4.0254E-01 1.9176E-07   184
 1.0000E-03 4.0452E-01 1.5326E-01 1.5326E-01 1.6804E-06  2.1610E-04 4.0254E-01 2.0027E-07   184
 1.0000E-03 4.0636E-01 1.5737E-01 1.5737E-01 1.7559E-06  2.1482E-04 4.0254E-01 2.0928E-07   184
 1.0000E-03 4.0822E-01 1.6160E-01 1.6159E-01 1.8356E-06  2.1347E-04 4.0254E-01 2.1878E-07   184
 1.0000E-03 4.1009E-01 1.6592E-01 1.6592E-01 1.9195E-06  2.1238E-04 4.0254E-01 2.2877E-07   184
 1.0000E-03 4.1198E-01 1.7034E-01 1.7033E-01 2.0075E-06  2.1130E-04 4.0254E-01 2.3927E-07   184
 1.0000E-03 4.1389E-01 1.7478E-01 1.7478E-01 2.0993E-06  2.1012E-04 4.0254E-01 2.5021E-07   184
 1.0000E-03 4.1581E-01 1.7920E-01 1.7919E-01 2.1939E-06  2.0912E-04 4.0254E-01 2.6148E-07   184
 1.0000E-03 4.1776E-01 1.8351E-01 1.8351E-01 2.2905E-06  2.0766E-04 4.0254E-01 2.7300E-07   184
 1.0000E-03 4.1972E-01 1.8768E-01 1.8768E-01 2.3887E-06  2.0672E-04 4.0254E-01 2.8471E-07   184
 1.0000E-03 4.2170E-01 1.9158E-01 1.9157E-01 2.4863E-06  2.0555E-04 4.0253E-01 2.9634E-07   184
 1.0000E-03 4.2370E-01 1.9509E-01 1.9508E-01 2.5814E-06  2.0447E-04 4.0254E-01 3.0767E-07   184
 1.0000E-03 4.2571E-01 1.9810E-01 1.9810E-01 2.6720E-06  2.0325E-04 4.0254E-01 3.1847E-07   184
 1.0000E-03 4.2775E-01 2.0054E-01 2.0054E-01 2.7566E-06  2.0225E-04 4.0254E-01 3.2855E-07   184
 1.0000E-03 4.2981E-01 2.0232E-01 2.0232E-01 2.8335E-06  2.0147E-04 4.0254E-01 3.3772E-07   184
 1.0000E-03 4.3188E-01 2.0336E-01 2.0336E-01 2.9010E-06  2.0054E-04 4.0254E-01 3.4577E-07   184
 1.0000E-03 4.3398E-01 2.0362E-01 2.0362E-01 2.9581E-06  1.9943E-04 4.0254E-01 3.5257E-07   184
 1.0000E-03 4.3610E-01 2.0308E-01 2.0308E-01 3.0039E-06  1.9852E-04 4.0253E-01 3.5804E-07   184
 1.0000E-03 4.3824E-01 2.0170E-01 2.0169E-01 3.0374E-06  1.9768E-04 4.0254E-01 3.6203E-07   184
 1.0000E-03 4.4039E-01 1.9948E-01 1.9948E-01 3.0584E-06  1.9699E-04 4.0253E-01 3.6453E-07   184
 1.0000E-03 4.4257E-01 1.9645E-01 1.9644E-01 3.0666E-06  1.9631E-04 4.0254E-01 3.6551E-07   184
 1.0000E-03 4.4478E-01 1.9262E-01 1.9261E-01 3.0622E-06  1.9537E-04 4.0254E-01 3.6499E-07   184
 1.0000E-03 4.4700E-01 1.8801E-01 1.8801E-01 3.0449E-06  1.9453E-04 4.0254E-01 3.6293E-07   184
 1.0000E-03 4.4925E-01 1.8266E-01 1.8266E-01 3.0148E-06  1.9376E-04 4.0254E-01 3.5933E-07   184
 1.0000E-03 4.5152E-01 1.7661E-01 1.7661E-01 2.9718E-06  1.9317E-04 4.0254E-01 3.5422E-07   184
 1.0000E-03 4.5381E-01 1.6989E-01 1.6988E-01 2.9161E-06  1.9230E-04 4.0254E-01 3.4757E-07   184
 1.0000E-03 4.5612E-01 1.6257E-01 1.6257E-01 2.8478E-06  1.9183E-04 4.0253E-01 3.3944E-07   184
 1.0000E-03 4.5846E-01 1.5478E-01 1.5477E-01 2.7677E-06  1.9092E-04 4.0254E-01 3.2989E-07   184
 1.0000E-03 4.6082E-01 1.4660E-01 1.4660E-01 2.6767E-06  1.9037E-04 4.0254E-01 3.1904E-07   184
 1.0000E-03 4.6321E-01 1.3818E-01 1.3818E-01 2.5761E-06  1.8957E-04 4.0253E-01 3.0705E-07   184
 1.0000E-03 4.6563E-01 1.2966E-01 1.2965E-01 2.4673E-06  1.8885E-04 4.0254E-01 2.9408E-07   184
 1.0000E-03 4.6806E-01 1.2119E-01 1.2119E-01 2.3527E-06  1.8820E-04 4.0253E-01 2.8043E-07   184
 1.0000E-03 4.7053E-01 1.1292E-01 1.1292E-01 2.2346E-06  1.8746E-04 4.0254E-01 2.6635E-07   184
 1.0000E-03 4.7302E-01 1.0497E-01 1.0497E-01 2.1146E-06  1.8658E-04 4.0253E-01 2.5204E-07   184
 1.0000E-03 4.7553E-01 9.7466E-02 9.7464E-02 1.9954E-06  1.8607E-04 4.0254E-01 2.3783E-07   184
 1.0000E-03 4.7807E-01 9.0450E-02 9.0448E-02 1.8790E-06  1.8560E-04 4.0253E-01 2.2397E-07   184
 1.0000E-03 4.8065E-01 8.3959E-02 8.3957E-02 1.7668E-06  1.8469E-04 4.0253E-01 2.1059E-07   184
 1.0000E-03 4.8324E-01 7.8012E-02 7.8010E-02 1.6598E-06  1.8412E-04 4.0254E-01 1.9783E-07   184
 1.0000E-03 4.8587E-01 7.2604E-02 7.2603E-02 1.5587E-06  1.8331E-04 4.0254E-01 1.8579E-07   184
 1.0000E-03 4.8852E-01 6.7713E-02 6.7712E-02 1.4640E-06  1.8272E-04 4.0253E-01 1.7451E-07   184
 1.0000E-03 4.9121E-01 6.3306E-02 6.3305E-02 1.3758E-06  1.8208E-04 4.0253E-01 1.6398E-07   184
 1.0000E-03 4.9392E-01 5.9348E-02 5.9347E-02 1.2939E-06  1.8128E-04 4.0253E-01 1.5423E-07   184
 1.0000E-03 4.9667E-01 5.5824E-02 5.5823E-02 1.2189E-06  1.8075E-04 4.0253E-01 1.4528E-07   184
 1.0000E-03 4.9944E-01 5.2718E-02 5.2717E-02 1.1510E-06  1.7996E-04 4.0253E-01 1.3719E-07   184
 1.0000E-03 5.0225E-01 4.9909E-02 4.9908E-02 1.0884E-06  1.7930E-04 4.0253E-01 1.2973E-07   184
 1.0000E-03 5.0508E-01 4.7362E-02 4.7361E-02 1.0308E-06  1.7894E-04 4.0253E-01 1.2286E-07   184
 1.0000E-03 5.0795E-01 4.5048E-02 4.5047E-02 9.7777E-07  1.7841E-04 4.0253E-01 1.1655E-07   184
 1.0000E-03 5.1086E-01 4.2936E-02 4.2936E-02 9.2912E-07  1.7768E-04 4.0253E-01 1.1075E-07   184
 1.0000E-03 5.1379E-01 4.0992E-02 4.0991E-02 8.8461E-07  1.7702E-04 4.0253E-01 1.0544E-07   184
 1.0000E-03 5.1676E-01 3.9175E-02 3.9174E-02 8.4393E-07  1.7659E-04 4.0253E-01 1.0059E-07   184
 1.0000E-03 5.1977E-01 3.7437E-02 3.7436E-02 8.0673E-07  1.7596E-04 4.0253E-01 9.6159E-08   184
 1.0000E-03 5.2281E-01 3.5595E-02 3.5595E-02 7.7065E-07  1.7543E-04 4.0253E-01 9.1859E-08   184
 1.0000E-03 5.2588E-01 3.3714E-02 3.3713E-02 7.3534E-07  1.7508E-04 4.0253E-01 8.7650E-08   184
 1.0000E-03 5.2899E-01 3.1873E-02 3.1873E-02 7.0142E-07  1.7436E-04 4.0253E-01 8.3606E-08   184
 1.0000E-03 5.3214E-01 3.0082E-02 3.0081E-02 6.6864E-07  1.7370E-04 4.0253E-01 7.9700E-08   184
 1.0000E-03 5.3533E-01 2.8359E-02 2.8358E-02 6.3687E-07  1.7294E-04 4.0253E-01 7.5912E-08   184
 1.0000E-03 5.3855E-01 2.6726E-02 2.6725E-02 6.0610E-07  1.7248E-04 4.0253E-01 7.2245E-08   184
 1.0000E-03 5.4182E-01 2.5201E-02 2.5200E-02 5.7641E-07  1.7178E-04 4.0253E-01 6.8706E-08   184
 1.0000E-03 5.4512E-01 2.3798E-02 2.3797E-02 5.4793E-07  1.7131E-04 4.0253E-01 6.5311E-08   184
 1.0000E-03 5.4847E-01 2.2519E-02 2.2519E-02 5.2078E-07  1.7047E-04 4.0253E-01 6.2075E-08   184
 1.0000E-03 5.5185E-01 2.1388E-02 2.1388E-02 4.9551E-07  1.7004E-04 4.0253E-01 5.9063E-08   184
 1.0000E-03 5.5528E-01 2.0349E-02 2.0349E-02 4.7175E-07  1.6919E-04 4.0253E-01 5.6231E-08   184
 1.0000E-03 5.5875E-01 1.9384E-02 1.9384E-02 4.4936E-07  1.6844E-04 4.0253E-01 5.3563E-08   184
 1.0000E-03 5.6226E-01 1.8481E-02 1.8481E-02 4.2823E-07  1.6794E-04 4.0253E-01 5.1044E-08   184
 1.0000E-03 5.6582E-01 1.7628E-02 1.7628E-02 4.0822E-07  1.6719E-04 4.0253E-01 4.8659E-08   184
 1.0000E-03 5.6943E-01 1.6822E-02 1.6822E-02 3.8918E-07  1.6649E-04 4.0253E-01 4.6390E-08   184
 1.0000E-03 5.7308E-01 1.6063E-02 1.6062E-02 3.7099E-07  1.6578E-04 4.0253E-01 4.4222E-08   184
 1.0000E-03 5.7677E-01 1.5356E-02 1.5356E-02 3.5356E-07  1.6500E-04 4.0253E-01 4.2144E-08   184
 1.0000E-03 5.8052E-01 1.4717E-02 1.4717E-02 3.3685E-07  1.6435E-04 4.0253E-01 4.0152E-08   184
 1.0000E-03 5.8431E-01 1.4160E-02 1.4160E-02 3.2081E-07  1.6348E-04 4.0253E-01 3.8240E-08   184
 1.0000E-03 5.8816E-01 1.3698E-02 1.3698E-02 3.0557E-07  1.6294E-04 4.0253E-01 3.6424E-08   184
 1.0000E-03 5.9205E-01 1.3335E-02 1.3334E-02 2.9128E-07  1.6205E-04 4.0253E-01 3.4720E-08   184
 1.0000E-03 5.9600E-01 1.3064E-02 1.3063E-02 2.7798E-07  1.6156E-04 4.0253E-01 3.3135E-08   184
 1.0000E-03 6.0000E-01 1.2875E-02 1.2875E-02 2.6573E-07  1.6085E-04 4.0253E-01 3.1675E-08   184
