 DDSCAT --- DDSCAT 7.3.3 [22.01.20]   
 TARGET --->TARGSPHER  spherical target with explicit spacing                 
 GPFAFT --- method of solution 
 FLTRCD --- prescription for polarizabilities
 FROM_FILE --- shape 
    4169 = NAT0 = number of dipoles
 ../../diel/Pena-Rioux_dielectric_26Au_74Ag                  
 ../../diel/Pena-Rioux_dielectric_65Au_35Ag                  
 ../../diel/Pena-Rioux_dielectric_92Au_8Ag                   
 ../../diel/Au_evap                                          
   0.000   0.000 = beta_min, beta_max ;  NBETA = 1
   0.000   0.000 = theta_min, theta_max; NTHETA= 1
   0.000   0.000 = phi_min, phi_max   ;   NPHI = 1
 Results averaged over    1 target orientations
                   and  2 incident polarizations
   aeff       wave       Q_pha       Q_pol       Q_cpol
 4.0000E-02 3.0000E-01 -1.8409E-02 -1.9073E-06  3.1665E-08
 4.0000E-02 3.0101E-01 -1.7232E-02 -6.9141E-06 -5.7742E-08
 4.0000E-02 3.0203E-01 -1.6346E-02  3.3379E-06 -2.6077E-08
 4.0000E-02 3.0305E-01 -1.5624E-02  4.7684E-06  2.2352E-08
 4.0000E-02 3.0408E-01 -1.5073E-02 -4.7684E-07 -6.6124E-08
 4.0000E-02 3.0512E-01 -1.4698E-02 -1.4305E-06  8.8476E-08
 4.0000E-02 3.0616E-01 -1.4504E-02 -1.4305E-06 -5.4948E-08
 4.0000E-02 3.0722E-01 -1.4498E-02 -2.3842E-06 -3.1665E-08
 4.0000E-02 3.0828E-01 -1.4656E-02  3.0994E-06  9.3132E-09
 4.0000E-02 3.0934E-01 -1.4869E-02 -4.2915E-06  9.3132E-09
 4.0000E-02 3.1042E-01 -1.5223E-02 -3.5763E-06 -8.0094E-08
 4.0000E-02 3.1150E-01 -1.5588E-02  3.3379E-06 -2.6077E-08
 4.0000E-02 3.1259E-01 -1.6069E-02  3.8147E-06 -1.1735E-07
 4.0000E-02 3.1368E-01 -1.6719E-02  1.1921E-06  2.9802E-08
 4.0000E-02 3.1479E-01 -1.7543E-02  2.3842E-06 -8.9407E-08
 4.0000E-02 3.1590E-01 -1.8543E-02 -2.6226E-06 -2.6077E-08
 4.0000E-02 3.1702E-01 -1.9725E-02 -4.0531E-06 -1.4901E-08
 4.0000E-02 3.1815E-01 -2.0715E-02  2.1458E-06  1.1921E-07
 4.0000E-02 3.1929E-01 -2.1912E-02 -1.4305E-06 -4.6566E-08
 4.0000E-02 3.2043E-01 -2.3405E-02 -1.6689E-06 -1.1176E-08
 4.0000E-02 3.2158E-01 -2.5476E-02  1.9073E-06 -2.6077E-08
 4.0000E-02 3.2274E-01 -2.7835E-02  7.1526E-07 -8.1956E-08
 4.0000E-02 3.2391E-01 -3.0492E-02 -9.5367E-07  1.8626E-08
 4.0000E-02 3.2509E-01 -3.3456E-02  3.3379E-06  1.1176E-07
 4.0000E-02 3.2628E-01 -3.6736E-02  2.3842E-06  4.8429E-08
 4.0000E-02 3.2747E-01 -4.0888E-02  1.1921E-06 -7.4506E-09
 4.0000E-02 3.2868E-01 -4.5525E-02  1.9073E-06  3.7253E-09
 4.0000E-02 3.2989E-01 -5.0635E-02  9.5367E-07 -4.0978E-08
 4.0000E-02 3.3111E-01 -5.6234E-02  2.1458E-06 -2.6077E-08
 4.0000E-02 3.3234E-01 -6.2176E-02 -9.5367E-07 -1.7136E-07
 4.0000E-02 3.3358E-01 -6.8539E-02 -2.3842E-07 -2.9802E-08
 4.0000E-02 3.3483E-01 -7.5407E-02  1.6689E-06 -4.4703E-08
 4.0000E-02 3.3609E-01 -8.2997E-02 -1.9073E-06 -3.7253E-08
 4.0000E-02 3.3736E-01 -9.1224E-02 -9.7752E-06 -5.9605E-08
 4.0000E-02 3.3864E-01 -9.9848E-02 -3.8147E-06  3.7253E-08
 4.0000E-02 3.3992E-01 -1.0888E-01  2.8610E-06  3.7253E-08
 4.0000E-02 3.4122E-01 -1.1833E-01  1.9073E-06 -6.7055E-08
 4.0000E-02 3.4253E-01 -1.2822E-01 -2.1458E-06  3.4273E-07
 4.0000E-02 3.4385E-01 -1.3855E-01  6.6757E-06 -1.9372E-07
 4.0000E-02 3.4517E-01 -1.4927E-01 -2.3842E-07 -5.9605E-08
 4.0000E-02 3.4651E-01 -1.6016E-01  2.3842E-06 -5.9605E-08
 4.0000E-02 3.4786E-01 -1.7128E-01  3.3379E-06 -7.4506E-08
 4.0000E-02 3.4922E-01 -1.8265E-01  9.5367E-07  3.4273E-07
 4.0000E-02 3.5059E-01 -1.9428E-01  1.1921E-06 -7.4506E-08
 4.0000E-02 3.5197E-01 -2.0615E-01 -3.5763E-06 -2.9802E-08
 4.0000E-02 3.5336E-01 -2.1831E-01  1.1921E-06 -6.4075E-07
 4.0000E-02 3.5476E-01 -2.3057E-01 -3.8147E-06  1.4901E-07
 4.0000E-02 3.5618E-01 -2.4292E-01 -2.1458E-06 -2.9802E-08
 4.0000E-02 3.5760E-01 -2.5537E-01  0.0000E+00  5.9605E-08
 4.0000E-02 3.5904E-01 -2.6792E-01  4.0531E-06 -5.0664E-07
 4.0000E-02 3.6048E-01 -2.8057E-01 -1.4305E-06  7.1526E-07
 4.0000E-02 3.6194E-01 -2.9332E-01 -1.6689E-06 -9.5367E-07
 4.0000E-02 3.6341E-01 -3.0612E-01 -4.7684E-06 -1.4901E-07
 4.0000E-02 3.6490E-01 -3.1885E-01 -7.1526E-07 -2.9802E-08
 4.0000E-02 3.6639E-01 -3.3159E-01 -7.6294E-06  1.1921E-07
 4.0000E-02 3.6790E-01 -3.4433E-01  9.5367E-07  4.1723E-07
 4.0000E-02 3.6942E-01 -3.5707E-01 -1.1921E-06  5.9605E-07
 4.0000E-02 3.7095E-01 -3.6980E-01 -1.1921E-06  6.2585E-07
 4.0000E-02 3.7250E-01 -3.8250E-01 -9.5367E-06  2.9802E-08
 4.0000E-02 3.7406E-01 -3.9510E-01 -7.1526E-07  5.6624E-07
 4.0000E-02 3.7563E-01 -4.0770E-01 -7.1526E-07 -1.7881E-07
 4.0000E-02 3.7722E-01 -4.2024E-01 -4.0531E-06  2.3842E-07
 4.0000E-02 3.7881E-01 -4.3275E-01  1.6689E-06 -3.2783E-07
 4.0000E-02 3.8043E-01 -4.4521E-01  3.3379E-06 -1.7285E-06
 4.0000E-02 3.8205E-01 -4.5757E-01  5.0068E-06  5.9605E-07
 4.0000E-02 3.8369E-01 -4.6984E-01  2.8610E-06 -6.8545E-07
 4.0000E-02 3.8534E-01 -4.8211E-01  2.3842E-06 -2.9802E-08
 4.0000E-02 3.8701E-01 -4.9436E-01  4.7684E-07 -1.1623E-06
 4.0000E-02 3.8870E-01 -5.0656E-01  1.4305E-06 -8.3447E-07
 4.0000E-02 3.9039E-01 -5.1870E-01 -4.2915E-06  2.6226E-06
 4.0000E-02 3.9211E-01 -5.3078E-01  2.0027E-05  3.8147E-06
 4.0000E-02 3.9383E-01 -5.4287E-01 -1.9073E-06  3.3975E-06
 4.0000E-02 3.9558E-01 -5.5494E-01 -1.2636E-05 -3.5763E-07
 4.0000E-02 3.9733E-01 -5.6699E-01 -8.1062E-06 -3.3379E-06
 4.0000E-02 3.9911E-01 -5.7897E-01 -5.0068E-06  2.1458E-06
 4.0000E-02 4.0090E-01 -5.9088E-01 -4.2915E-06 -5.9605E-07
 4.0000E-02 4.0270E-01 -6.0277E-01  5.0068E-06  9.5367E-07
 4.0000E-02 4.0452E-01 -6.1458E-01 -4.0531E-06  1.3113E-06
 4.0000E-02 4.0636E-01 -6.2622E-01  1.1921E-06  1.1325E-06
 4.0000E-02 4.0822E-01 -6.3761E-01  4.7684E-07 -1.7881E-07
 4.0000E-02 4.1009E-01 -6.4883E-01 -4.7684E-07 -4.7684E-07
 4.0000E-02 4.1198E-01 -6.5972E-01 -1.1921E-06  5.3644E-07
 4.0000E-02 4.1389E-01 -6.7014E-01 -3.5763E-06 -1.4901E-06
 4.0000E-02 4.1581E-01 -6.7993E-01  1.1921E-06  5.9605E-08
 4.0000E-02 4.1776E-01 -6.8894E-01 -2.3842E-06 -5.3644E-07
 4.0000E-02 4.1972E-01 -6.9720E-01  5.2452E-06  9.5367E-07
 4.0000E-02 4.2170E-01 -7.0434E-01  8.5831E-06  2.7418E-06
 4.0000E-02 4.2370E-01 -7.1023E-01  3.0994E-06  2.9802E-07
 4.0000E-02 4.2571E-01 -7.1476E-01 -7.6294E-06 -1.3113E-06
 4.0000E-02 4.2775E-01 -7.1790E-01 -8.5831E-06 -2.1458E-06
 4.0000E-02 4.2981E-01 -7.1950E-01  8.8215E-06 -1.8477E-06
 4.0000E-02 4.3188E-01 -7.1953E-01  4.2915E-06  7.3910E-06
 4.0000E-02 4.3398E-01 -7.1797E-01 -4.7684E-06  5.3644E-07
 4.0000E-02 4.3610E-01 -7.1479E-01 -6.1989E-06 -9.9540E-06
 4.0000E-02 4.3824E-01 -7.0970E-01 -7.1526E-06  1.3709E-06
 4.0000E-02 4.4039E-01 -7.0264E-01 -4.7684E-07  2.9802E-07
 4.0000E-02 4.4257E-01 -6.9343E-01  7.1526E-06  1.6093E-06
 4.0000E-02 4.4478E-01 -6.8183E-01  1.4305E-06 -3.0994E-06
 4.0000E-02 4.4700E-01 -6.6743E-01 -1.0967E-05 -7.1526E-07
 4.0000E-02 4.4925E-01 -6.4982E-01  2.0981E-05 -2.6822E-06
 4.0000E-02 4.5152E-01 -6.2846E-01 -5.7220E-06 -6.5565E-07
 4.0000E-02 4.5381E-01 -6.0266E-01 -3.3379E-06  1.0729E-06
 4.0000E-02 4.5612E-01 -5.7161E-01 -1.3351E-05 -7.7486E-07
 4.0000E-02 4.5846E-01 -5.3451E-01  9.0599E-06 -5.4240E-06
 4.0000E-02 4.6082E-01 -4.9047E-01 -5.2452E-06  1.4603E-06
 4.0000E-02 4.6321E-01 -4.3854E-01 -1.6212E-05  2.3842E-07
 4.0000E-02 4.6563E-01 -3.7785E-01  4.2915E-06 -1.3113E-06
 4.0000E-02 4.6806E-01 -3.0789E-01 -6.1989E-06  5.6624E-06
 4.0000E-02 4.7053E-01 -2.2814E-01  2.0981E-05  3.6806E-06
 4.0000E-02 4.7302E-01 -1.3836E-01 -4.7684E-07  1.5944E-06
 4.0000E-02 4.7553E-01 -3.9166E-02  6.7234E-05 -1.3180E-05
 4.0000E-02 4.7807E-01  6.8693E-02  1.8597E-05 -9.6485E-06
 4.0000E-02 4.8065E-01  1.8415E-01  0.0000E+00 -2.4587E-06
 4.0000E-02 4.8324E-01  3.0565E-01  5.0545E-05 -1.4573E-05
 4.0000E-02 4.8587E-01  4.3110E-01 -4.0054E-05  1.5348E-05
 4.0000E-02 4.8852E-01  5.5848E-01 -3.1948E-05 -1.0788E-05
 4.0000E-02 4.9121E-01  6.8562E-01 -3.9101E-05 -1.3530E-05
 4.0000E-02 4.9392E-01  8.1041E-01  3.2902E-05  1.1563E-05
 4.0000E-02 4.9667E-01  9.3031E-01 -1.0967E-05 -6.1989E-06
 4.0000E-02 4.9944E-01  1.0431E+00 -4.2915E-06  3.3379E-06
 4.0000E-02 5.0225E-01  1.1506E+00  2.3842E-06 -5.9605E-07
 4.0000E-02 5.0508E-01  1.2525E+00 -3.8147E-06  2.1458E-06
 4.0000E-02 5.0795E-01  1.3490E+00 -1.6689E-05 -1.7047E-05
 4.0000E-02 5.1086E-01  1.4407E+00 -5.7220E-06 -7.1526E-07
 4.0000E-02 5.1379E-01  1.5282E+00  2.3842E-05 -6.4373E-06
 4.0000E-02 5.1676E-01  1.6125E+00 -9.5367E-07 -2.6226E-06
 4.0000E-02 5.1977E-01  1.6945E+00  1.2398E-05 -3.0994E-06
 4.0000E-02 5.2281E-01  1.7787E+00 -1.9073E-06 -7.1526E-06
 4.0000E-02 5.2588E-01  1.8619E+00  0.0000E+00  1.0729E-05
 4.0000E-02 5.2899E-01  1.9409E+00 -1.1921E-05  5.2452E-06
 4.0000E-02 5.3214E-01  2.0141E+00  1.8597E-05 -6.6757E-06
 4.0000E-02 5.3533E-01  2.0800E+00 -2.8610E-05 -1.8120E-05
 4.0000E-02 5.3855E-01  2.1368E+00 -1.0014E-05 -1.6212E-05
 4.0000E-02 5.4182E-01  2.1832E+00  3.0518E-05 -5.9605E-06
 4.0000E-02 5.4512E-01  2.2186E+00 -4.2915E-06  2.3603E-05
 4.0000E-02 5.4847E-01  2.2434E+00  2.8610E-06  7.1526E-06
 4.0000E-02 5.5185E-01  2.2585E+00  2.1458E-05 -1.9073E-06
 4.0000E-02 5.5528E-01  2.2661E+00  9.7752E-06 -4.0531E-06
 4.0000E-02 5.5875E-01  2.2675E+00 -8.1062E-06 -6.9141E-06
 4.0000E-02 5.6226E-01  2.2636E+00  7.8678E-06  2.0981E-05
 4.0000E-02 5.6582E-01  2.2553E+00  1.1921E-06 -2.3603E-05
 4.0000E-02 5.6943E-01  2.2428E+00 -3.6001E-05 -4.7684E-06
 4.0000E-02 5.7308E-01  2.2263E+00  1.3351E-05  6.9141E-06
 4.0000E-02 5.7677E-01  2.2057E+00 -1.9073E-06  9.5367E-07
 4.0000E-02 5.8052E-01  2.1809E+00  5.7220E-06  0.0000E+00
 4.0000E-02 5.8431E-01  2.1516E+00 -5.2452E-06 -3.3379E-06
 4.0000E-02 5.8816E-01  2.1187E+00 -9.5367E-07  2.3842E-07
 4.0000E-02 5.9205E-01  2.0836E+00 -3.5286E-05 -9.7752E-06
 4.0000E-02 5.9600E-01  2.0477E+00  2.1696E-05  1.2636E-05
 4.0000E-02 6.0000E-01  2.0121E+00  1.6451E-05 -3.3379E-06
