 DDSCAT --- DDSCAT 7.3.3 [22.01.20]   
 TARGET --->TARGSPHER  spherical target with explicit spacing                 
 GPFAFT --- method of solution 
 FLTRCD --- prescription for polarizabilities
 FROM_FILE --- shape 
    4169 = NAT0 = number of dipoles
 ../../diel/Pena-Rioux_dielectric_26Au_74Ag                  
 ../../diel/Pena-Rioux_dielectric_65Au_35Ag                  
 ../../diel/Pena-Rioux_dielectric_92Au_8Ag                   
 ../../diel/Au_evap                                          
   0.000   0.000 = beta_min, beta_max ;  NBETA = 1
   0.000   0.000 = theta_min, theta_max; NTHETA= 1
   0.000   0.000 = phi_min, phi_max   ;   NPHI = 1
 0.5000 = ETASCA (param. controlling # of scatt. dirs used to calculate <cos> etc.
 Results averaged over    1 target orientations
                   and  2 incident polarizations
   aeff       wave       Q_ext     Q_abs      Q_sca     g(1)=<cos>  <cos^2>    Q_bk       Nsca
 4.0000E-02 3.0000E-01 2.5647E+00 1.7789E+00 7.8587E-01  2.4766E-01 4.1417E-01 4.1262E-02   408
 4.0000E-02 3.0101E-01 2.5572E+00 1.7782E+00 7.7897E-01  2.4590E-01 4.1398E-01 4.1251E-02   408
 4.0000E-02 3.0203E-01 2.5497E+00 1.7776E+00 7.7208E-01  2.4416E-01 4.1381E-01 4.1232E-02   408
 4.0000E-02 3.0305E-01 2.5421E+00 1.7769E+00 7.6516E-01  2.4244E-01 4.1363E-01 4.1203E-02   408
 4.0000E-02 3.0408E-01 2.5344E+00 1.7762E+00 7.5820E-01  2.4072E-01 4.1346E-01 4.1164E-02   408
 4.0000E-02 3.0512E-01 2.5267E+00 1.7755E+00 7.5122E-01  2.3901E-01 4.1329E-01 4.1116E-02   408
 4.0000E-02 3.0616E-01 2.5189E+00 1.7747E+00 7.4421E-01  2.3731E-01 4.1312E-01 4.1058E-02   408
 4.0000E-02 3.0722E-01 2.5110E+00 1.7738E+00 7.3717E-01  2.3562E-01 4.1296E-01 4.0991E-02   408
 4.0000E-02 3.0828E-01 2.5032E+00 1.7730E+00 7.3021E-01  2.3393E-01 4.1279E-01 4.0922E-02   408
 4.0000E-02 3.0934E-01 2.4959E+00 1.7723E+00 7.2357E-01  2.3222E-01 4.1263E-01 4.0867E-02   408
 4.0000E-02 3.1042E-01 2.4885E+00 1.7716E+00 7.1692E-01  2.3053E-01 4.1247E-01 4.0804E-02   408
 4.0000E-02 3.1150E-01 2.4809E+00 1.7707E+00 7.1021E-01  2.2883E-01 4.1231E-01 4.0730E-02   408
 4.0000E-02 3.1259E-01 2.4732E+00 1.7698E+00 7.0345E-01  2.2714E-01 4.1215E-01 4.0648E-02   408
 4.0000E-02 3.1368E-01 2.4654E+00 1.7688E+00 6.9666E-01  2.2546E-01 4.1199E-01 4.0558E-02   408
 4.0000E-02 3.1479E-01 2.4575E+00 1.7677E+00 6.8983E-01  2.2388E-01 4.1199E-01 4.0459E-02   362
 4.0000E-02 3.1590E-01 2.4496E+00 1.7666E+00 6.8299E-01  2.2221E-01 4.1184E-01 4.0352E-02   362
 4.0000E-02 3.1702E-01 2.4415E+00 1.7654E+00 6.7614E-01  2.2054E-01 4.1169E-01 4.0238E-02   363
 4.0000E-02 3.1815E-01 2.4329E+00 1.7639E+00 6.6898E-01  2.1889E-01 4.1154E-01 4.0096E-02   363
 4.0000E-02 3.1929E-01 2.4240E+00 1.7623E+00 6.6169E-01  2.1725E-01 4.1140E-01 3.9940E-02   363
 4.0000E-02 3.2043E-01 2.4149E+00 1.7606E+00 6.5436E-01  2.1562E-01 4.1126E-01 3.9773E-02   363
 4.0000E-02 3.2158E-01 2.4059E+00 1.7588E+00 6.4708E-01  2.1399E-01 4.1112E-01 3.9601E-02   363
 4.0000E-02 3.2274E-01 2.3967E+00 1.7569E+00 6.3974E-01  2.1236E-01 4.1098E-01 3.9418E-02   363
 4.0000E-02 3.2391E-01 2.3872E+00 1.7549E+00 6.3234E-01  2.1073E-01 4.1085E-01 3.9224E-02   363
 4.0000E-02 3.2509E-01 2.3776E+00 1.7527E+00 6.2488E-01  2.0911E-01 4.1071E-01 3.9020E-02   363
 4.0000E-02 3.2628E-01 2.3677E+00 1.7504E+00 6.1738E-01  2.0750E-01 4.1058E-01 3.8805E-02   363
 4.0000E-02 3.2747E-01 2.3567E+00 1.7474E+00 6.0932E-01  2.0592E-01 4.1046E-01 3.8543E-02   363
 4.0000E-02 3.2868E-01 2.3459E+00 1.7444E+00 6.0142E-01  2.0433E-01 4.1033E-01 3.8285E-02   363
 4.0000E-02 3.2989E-01 2.3351E+00 1.7414E+00 5.9371E-01  2.0273E-01 4.1021E-01 3.8033E-02   363
 4.0000E-02 3.3111E-01 2.3245E+00 1.7384E+00 5.8618E-01  2.0111E-01 4.1008E-01 3.7789E-02   363
 4.0000E-02 3.3234E-01 2.3140E+00 1.7352E+00 5.7879E-01  1.9948E-01 4.0996E-01 3.7548E-02   363
 4.0000E-02 3.3358E-01 2.3035E+00 1.7319E+00 5.7157E-01  1.9783E-01 4.0983E-01 3.7314E-02   363
 4.0000E-02 3.3483E-01 2.2932E+00 1.7286E+00 5.6456E-01  1.9616E-01 4.0970E-01 3.7090E-02   363
 4.0000E-02 3.3609E-01 2.2836E+00 1.7255E+00 5.5810E-01  1.9445E-01 4.0957E-01 3.6900E-02   363
 4.0000E-02 3.3736E-01 2.2752E+00 1.7228E+00 5.5237E-01  1.9267E-01 4.0944E-01 3.6760E-02   363
 4.0000E-02 3.3864E-01 2.2675E+00 1.7203E+00 5.4717E-01  1.9086E-01 4.0930E-01 3.6653E-02   363
 4.0000E-02 3.3992E-01 2.2605E+00 1.7181E+00 5.4248E-01  1.8902E-01 4.0916E-01 3.6580E-02   363
 4.0000E-02 3.4122E-01 2.2544E+00 1.7161E+00 5.3832E-01  1.8713E-01 4.0902E-01 3.6543E-02   363
 4.0000E-02 3.4253E-01 2.2490E+00 1.7143E+00 5.3471E-01  1.8521E-01 4.0888E-01 3.6543E-02   363
 4.0000E-02 3.4385E-01 2.2444E+00 1.7128E+00 5.3164E-01  1.8325E-01 4.0873E-01 3.6580E-02   363
 4.0000E-02 3.4517E-01 2.2410E+00 1.7117E+00 5.2931E-01  1.8124E-01 4.0858E-01 3.6670E-02   363
 4.0000E-02 3.4651E-01 2.2391E+00 1.7113E+00 5.2778E-01  1.7920E-01 4.0843E-01 3.6818E-02   363
 4.0000E-02 3.4786E-01 2.2382E+00 1.7113E+00 5.2689E-01  1.7713E-01 4.0828E-01 3.7010E-02   363
 4.0000E-02 3.4922E-01 2.2384E+00 1.7118E+00 5.2664E-01  1.7504E-01 4.0812E-01 3.7251E-02   363
 4.0000E-02 3.5059E-01 2.2397E+00 1.7127E+00 5.2707E-01  1.7293E-01 4.0796E-01 3.7541E-02   363
 4.0000E-02 3.5197E-01 2.2423E+00 1.7141E+00 5.2817E-01  1.7080E-01 4.0781E-01 3.7882E-02   363
 4.0000E-02 3.5336E-01 2.2461E+00 1.7161E+00 5.3000E-01  1.6864E-01 4.0765E-01 3.8278E-02   363
 4.0000E-02 3.5476E-01 2.2513E+00 1.7187E+00 5.3261E-01  1.6648E-01 4.0749E-01 3.8733E-02   363
 4.0000E-02 3.5618E-01 2.2579E+00 1.7220E+00 5.3593E-01  1.6432E-01 4.0733E-01 3.9242E-02   363
 4.0000E-02 3.5760E-01 2.2656E+00 1.7258E+00 5.3988E-01  1.6216E-01 4.0718E-01 3.9801E-02   363
 4.0000E-02 3.5904E-01 2.2746E+00 1.7301E+00 5.4447E-01  1.5999E-01 4.0702E-01 4.0414E-02   363
 4.0000E-02 3.6048E-01 2.2847E+00 1.7350E+00 5.4974E-01  1.5782E-01 4.0686E-01 4.1082E-02   363
 4.0000E-02 3.6194E-01 2.2962E+00 1.7405E+00 5.5571E-01  1.5564E-01 4.0671E-01 4.1810E-02   363
 4.0000E-02 3.6341E-01 2.3089E+00 1.7465E+00 5.6240E-01  1.5346E-01 4.0655E-01 4.2597E-02   363
 4.0000E-02 3.6490E-01 2.3228E+00 1.7532E+00 5.6966E-01  1.5128E-01 4.0640E-01 4.3436E-02   363
 4.0000E-02 3.6639E-01 2.3378E+00 1.7603E+00 5.7752E-01  1.4910E-01 4.0625E-01 4.4330E-02   363
 4.0000E-02 3.6790E-01 2.3541E+00 1.7680E+00 5.8603E-01  1.4693E-01 4.0609E-01 4.5281E-02   363
 4.0000E-02 3.6942E-01 2.3715E+00 1.7763E+00 5.9519E-01  1.4476E-01 4.0594E-01 4.6293E-02   363
 4.0000E-02 3.7095E-01 2.3902E+00 1.7852E+00 6.0502E-01  1.4258E-01 4.0580E-01 4.7367E-02   363
 4.0000E-02 3.7250E-01 2.4101E+00 1.7946E+00 6.1552E-01  1.4041E-01 4.0565E-01 4.8507E-02   363
 4.0000E-02 3.7406E-01 2.4311E+00 1.8045E+00 6.2657E-01  1.3823E-01 4.0550E-01 4.9703E-02   363
 4.0000E-02 3.7563E-01 2.4532E+00 1.8149E+00 6.3829E-01  1.3604E-01 4.0536E-01 5.0965E-02   363
 4.0000E-02 3.7722E-01 2.4764E+00 1.8258E+00 6.5060E-01  1.3386E-01 4.0521E-01 5.2288E-02   363
 4.0000E-02 3.7881E-01 2.5009E+00 1.8373E+00 6.6361E-01  1.3168E-01 4.0507E-01 5.3683E-02   363
 4.0000E-02 3.8043E-01 2.5268E+00 1.8494E+00 6.7734E-01  1.2949E-01 4.0493E-01 5.5153E-02   363
 4.0000E-02 3.8205E-01 2.5537E+00 1.8620E+00 6.9173E-01  1.2729E-01 4.0479E-01 5.6695E-02   363
 4.0000E-02 3.8369E-01 2.5817E+00 1.8750E+00 7.0663E-01  1.2509E-01 4.0465E-01 5.8299E-02   363
 4.0000E-02 3.8534E-01 2.6108E+00 1.8885E+00 7.2231E-01  1.2288E-01 4.0452E-01 5.9986E-02   363
 4.0000E-02 3.8701E-01 2.6414E+00 1.9026E+00 7.3876E-01  1.2066E-01 4.0438E-01 6.1760E-02   363
 4.0000E-02 3.8870E-01 2.6733E+00 1.9173E+00 7.5607E-01  1.1844E-01 4.0425E-01 6.3627E-02   363
 4.0000E-02 3.9039E-01 2.7068E+00 1.9326E+00 7.7426E-01  1.1628E-01 4.0429E-01 6.5594E-02   323
 4.0000E-02 3.9211E-01 2.7417E+00 1.9484E+00 7.9327E-01  1.1404E-01 4.0416E-01 6.7654E-02   323
 4.0000E-02 3.9383E-01 2.7781E+00 1.9648E+00 8.1324E-01  1.1178E-01 4.0404E-01 6.9824E-02   323
 4.0000E-02 3.9558E-01 2.8161E+00 1.9819E+00 8.3422E-01  1.0953E-01 4.0391E-01 7.2107E-02   323
 4.0000E-02 3.9733E-01 2.8560E+00 1.9996E+00 8.5635E-01  1.0725E-01 4.0379E-01 7.4521E-02   323
 4.0000E-02 3.9911E-01 2.8979E+00 2.0182E+00 8.7974E-01  1.0498E-01 4.0367E-01 7.7076E-02   323
 4.0000E-02 4.0090E-01 2.9417E+00 2.0374E+00 9.0431E-01  1.0269E-01 4.0355E-01 7.9765E-02   323
 4.0000E-02 4.0270E-01 2.9876E+00 2.0574E+00 9.3023E-01  1.0040E-01 4.0343E-01 8.2611E-02   323
 4.0000E-02 4.0452E-01 3.0358E+00 2.0782E+00 9.5764E-01  9.8094E-02 4.0332E-01 8.5626E-02   323
 4.0000E-02 4.0636E-01 3.0865E+00 2.0999E+00 9.8665E-01  9.5783E-02 4.0320E-01 8.8823E-02   323
 4.0000E-02 4.0822E-01 3.1398E+00 2.1225E+00 1.0173E+00  9.3460E-02 4.0309E-01 9.2213E-02   323
 4.0000E-02 4.1009E-01 3.1958E+00 2.1461E+00 1.0497E+00  9.1129E-02 4.0299E-01 9.5807E-02   323
 4.0000E-02 4.1198E-01 3.2549E+00 2.1707E+00 1.0842E+00  8.8783E-02 4.0288E-01 9.9634E-02   323
 4.0000E-02 4.1389E-01 3.3171E+00 2.1965E+00 1.1206E+00  8.6425E-02 4.0277E-01 1.0370E-01   323
 4.0000E-02 4.1581E-01 3.3825E+00 2.2234E+00 1.1592E+00  8.4046E-02 4.0267E-01 1.0803E-01   323
 4.0000E-02 4.1776E-01 3.4514E+00 2.2514E+00 1.2000E+00  8.1655E-02 4.0257E-01 1.1262E-01   323
 4.0000E-02 4.1972E-01 3.5239E+00 2.2807E+00 1.2432E+00  7.9249E-02 4.0248E-01 1.1751E-01   323
 4.0000E-02 4.2170E-01 3.6000E+00 2.3112E+00 1.2887E+00  7.6829E-02 4.0238E-01 1.2269E-01   323
 4.0000E-02 4.2370E-01 3.6795E+00 2.3430E+00 1.3365E+00  7.4399E-02 4.0229E-01 1.2816E-01   323
 4.0000E-02 4.2571E-01 3.7623E+00 2.3758E+00 1.3866E+00  7.1964E-02 4.0221E-01 1.3392E-01   323
 4.0000E-02 4.2775E-01 3.8485E+00 2.4096E+00 1.4389E+00  6.9527E-02 4.0213E-01 1.3999E-01   323
 4.0000E-02 4.2981E-01 3.9380E+00 2.4444E+00 1.4936E+00  6.7088E-02 4.0205E-01 1.4637E-01   323
 4.0000E-02 4.3188E-01 4.0308E+00 2.4802E+00 1.5507E+00  6.4661E-02 4.0197E-01 1.5307E-01   323
 4.0000E-02 4.3398E-01 4.1269E+00 2.5168E+00 1.6102E+00  6.2251E-02 4.0190E-01 1.6009E-01   323
 4.0000E-02 4.3610E-01 4.2264E+00 2.5541E+00 1.6723E+00  5.9858E-02 4.0184E-01 1.6746E-01   323
 4.0000E-02 4.3824E-01 4.3297E+00 2.5924E+00 1.7373E+00  5.7484E-02 4.0178E-01 1.7521E-01   323
 4.0000E-02 4.4039E-01 4.4369E+00 2.6315E+00 1.8054E+00  5.5138E-02 4.0172E-01 1.8334E-01   323
 4.0000E-02 4.4257E-01 4.5481E+00 2.6714E+00 1.8768E+00  5.2817E-02 4.0167E-01 1.9191E-01   323
 4.0000E-02 4.4478E-01 4.6640E+00 2.7121E+00 1.9520E+00  5.0522E-02 4.0162E-01 2.0095E-01   323
 4.0000E-02 4.4700E-01 4.7847E+00 2.7535E+00 2.0312E+00  4.8253E-02 4.0157E-01 2.1050E-01   323
 4.0000E-02 4.4925E-01 4.9104E+00 2.7958E+00 2.1146E+00  4.6008E-02 4.0153E-01 2.2059E-01   323
 4.0000E-02 4.5152E-01 5.0414E+00 2.8386E+00 2.2028E+00  4.3779E-02 4.0149E-01 2.3129E-01   323
 4.0000E-02 4.5381E-01 5.1780E+00 2.8820E+00 2.2961E+00  4.1559E-02 4.0145E-01 2.4263E-01   323
 4.0000E-02 4.5612E-01 5.3200E+00 2.9257E+00 2.3943E+00  3.9364E-02 4.0142E-01 2.5462E-01   323
 4.0000E-02 4.5846E-01 5.4664E+00 2.9694E+00 2.4970E+00  3.7199E-02 4.0139E-01 2.6719E-01   323
 4.0000E-02 4.6082E-01 5.6166E+00 3.0129E+00 2.6038E+00  3.5072E-02 4.0136E-01 2.8030E-01   323
 4.0000E-02 4.6321E-01 5.7692E+00 3.0554E+00 2.7138E+00  3.2989E-02 4.0133E-01 2.9386E-01   323
 4.0000E-02 4.6563E-01 5.9219E+00 3.0965E+00 2.8254E+00  3.0963E-02 4.0131E-01 3.0768E-01   323
 4.0000E-02 4.6806E-01 6.0723E+00 3.1353E+00 2.9370E+00  2.9008E-02 4.0129E-01 3.2155E-01   323
 4.0000E-02 4.7053E-01 6.2174E+00 3.1710E+00 3.0464E+00  2.7131E-02 4.0128E-01 3.3524E-01   323
 4.0000E-02 4.7302E-01 6.3532E+00 3.2027E+00 3.1505E+00  2.5344E-02 4.0126E-01 3.4835E-01   323
 4.0000E-02 4.7553E-01 6.4760E+00 3.2294E+00 3.2466E+00  2.3656E-02 4.0125E-01 3.6057E-01   323
 4.0000E-02 4.7807E-01 6.5829E+00 3.2501E+00 3.3328E+00  2.2069E-02 4.0124E-01 3.7166E-01   323
 4.0000E-02 4.8065E-01 6.6707E+00 3.2641E+00 3.4066E+00  2.0583E-02 4.0123E-01 3.8131E-01   323
 4.0000E-02 4.8324E-01 6.7365E+00 3.2707E+00 3.4658E+00  1.9196E-02 4.0123E-01 3.8925E-01   323
 4.0000E-02 4.8587E-01 6.7785E+00 3.2696E+00 3.5089E+00  1.7902E-02 4.0122E-01 3.9533E-01   323
 4.0000E-02 4.8852E-01 6.7957E+00 3.2605E+00 3.5352E+00  1.6696E-02 4.0122E-01 3.9942E-01   323
 4.0000E-02 4.9121E-01 6.7880E+00 3.2437E+00 3.5443E+00  1.5571E-02 4.0121E-01 4.0147E-01   323
 4.0000E-02 4.9392E-01 6.7570E+00 3.2198E+00 3.5372E+00  1.4519E-02 4.0121E-01 4.0162E-01   323
 4.0000E-02 4.9667E-01 6.7058E+00 3.1899E+00 3.5159E+00  1.3544E-02 4.0121E-01 4.0006E-01   323
 4.0000E-02 4.9944E-01 6.6401E+00 3.1558E+00 3.4843E+00  1.2652E-02 4.0120E-01 3.9721E-01   323
 4.0000E-02 5.0225E-01 6.5607E+00 3.1168E+00 3.4439E+00  1.1806E-02 4.0120E-01 3.9330E-01   323
 4.0000E-02 5.0508E-01 6.4704E+00 3.0735E+00 3.3970E+00  1.0996E-02 4.0119E-01 3.8859E-01   323
 4.0000E-02 5.0795E-01 6.3717E+00 3.0261E+00 3.3456E+00  1.0214E-02 4.0118E-01 3.8333E-01   324
 4.0000E-02 5.1086E-01 6.2665E+00 2.9748E+00 3.2917E+00  9.4515E-03 4.0117E-01 3.7773E-01   324
 4.0000E-02 5.1379E-01 6.1565E+00 2.9197E+00 3.2368E+00  8.7375E-03 4.0137E-01 3.7200E-01   285
 4.0000E-02 5.1676E-01 6.0427E+00 2.8604E+00 3.1823E+00  7.9936E-03 4.0136E-01 3.6629E-01   285
 4.0000E-02 5.1977E-01 5.9255E+00 2.7962E+00 3.1293E+00  7.2491E-03 4.0135E-01 3.6075E-01   285
 4.0000E-02 5.2281E-01 5.7938E+00 2.7204E+00 3.0735E+00  6.4499E-03 4.0134E-01 3.5491E-01   285
 4.0000E-02 5.2588E-01 5.6446E+00 2.6342E+00 3.0104E+00  5.6096E-03 4.0133E-01 3.4827E-01   285
 4.0000E-02 5.2899E-01 5.4816E+00 2.5411E+00 2.9405E+00  4.7571E-03 4.0133E-01 3.4081E-01   285
 4.0000E-02 5.3214E-01 5.3045E+00 2.4419E+00 2.8626E+00  3.8937E-03 4.0133E-01 3.3241E-01   285
 4.0000E-02 5.3533E-01 5.1140E+00 2.3380E+00 2.7760E+00  3.0190E-03 4.0132E-01 3.2296E-01   285
 4.0000E-02 5.3855E-01 4.9122E+00 2.2317E+00 2.6805E+00  2.1351E-03 4.0132E-01 3.1244E-01   285
 4.0000E-02 5.4182E-01 4.7027E+00 2.1254E+00 2.5773E+00  1.2428E-03 4.0132E-01 3.0098E-01   285
 4.0000E-02 5.4512E-01 4.4899E+00 2.0215E+00 2.4683E+00  3.4431E-04 4.0131E-01 2.8881E-01   285
 4.0000E-02 5.4847E-01 4.2782E+00 1.9220E+00 2.3562E+00 -5.5711E-04 4.0131E-01 2.7620E-01   285
 4.0000E-02 5.5185E-01 4.0756E+00 1.8301E+00 2.2455E+00 -1.4461E-03 4.0130E-01 2.6372E-01   285
 4.0000E-02 5.5528E-01 3.8806E+00 1.7434E+00 2.1372E+00 -2.3352E-03 4.0129E-01 2.5147E-01   285
 4.0000E-02 5.5875E-01 3.6936E+00 1.6615E+00 2.0321E+00 -3.2256E-03 4.0129E-01 2.3955E-01   285
 4.0000E-02 5.6226E-01 3.5146E+00 1.5839E+00 1.9307E+00 -4.1165E-03 4.0128E-01 2.2802E-01   285
 4.0000E-02 5.6582E-01 3.3433E+00 1.5103E+00 1.8329E+00 -5.0089E-03 4.0127E-01 2.1689E-01   285
 4.0000E-02 5.6943E-01 3.1791E+00 1.4403E+00 1.7387E+00 -5.9040E-03 4.0127E-01 2.0614E-01   285
 4.0000E-02 5.7308E-01 3.0217E+00 1.3740E+00 1.6476E+00 -6.8023E-03 4.0127E-01 1.9571E-01   285
 4.0000E-02 5.7677E-01 2.8713E+00 1.3119E+00 1.5593E+00 -7.7020E-03 4.0126E-01 1.8557E-01   285
 4.0000E-02 5.8052E-01 2.7287E+00 1.2552E+00 1.4736E+00 -8.6022E-03 4.0126E-01 1.7570E-01   285
 4.0000E-02 5.8431E-01 2.5954E+00 1.2051E+00 1.3903E+00 -9.5011E-03 4.0125E-01 1.6608E-01   285
 4.0000E-02 5.8816E-01 2.4737E+00 1.1630E+00 1.3106E+00 -1.0391E-02 4.0125E-01 1.5686E-01   285
 4.0000E-02 5.9205E-01 2.3652E+00 1.1293E+00 1.2359E+00 -1.1257E-02 4.0124E-01 1.4818E-01   285
 4.0000E-02 5.9600E-01 2.2704E+00 1.1035E+00 1.1669E+00 -1.2091E-02 4.0123E-01 1.4015E-01   285
 4.0000E-02 6.0000E-01 2.1891E+00 1.0851E+00 1.1040E+00 -1.2885E-02 4.0123E-01 1.3282E-01   285
