 DDSCAT --- DDSCAT 7.3.3 [22.01.20]   
 TARGET --->TARGSPHER  spherical target with explicit spacing                 
 GPFAFT --- method of solution 
 FLTRCD --- prescription for polarizabilities
 FROM_FILE --- shape 
    4169 = NAT0 = number of dipoles
 ../../diel/Pena-Rioux_dielectric_26Au_74Ag                  
 ../../diel/Pena-Rioux_dielectric_52Au_48Ag                  
 ../../diel/Pena-Rioux_dielectric_85Au_15Ag                  
 ../../diel/Pena-Rioux_dielectric_92Au_8Ag                   
   0.000   0.000 = beta_min, beta_max ;  NBETA = 1
   0.000   0.000 = theta_min, theta_max; NTHETA= 1
   0.000   0.000 = phi_min, phi_max   ;   NPHI = 1
 Results averaged over    1 target orientations
                   and  2 incident polarizations
   aeff       wave       Q_pha       Q_pol       Q_cpol
 4.0000E-02 3.0000E-01 -2.9417E-02  2.8610E-06  1.2666E-07
 4.0000E-02 3.0101E-01 -2.8291E-02  1.1921E-06 -7.0781E-08
 4.0000E-02 3.0203E-01 -2.7336E-02  6.4373E-06 -3.3528E-08
 4.0000E-02 3.0305E-01 -2.6558E-02 -4.0531E-06 -3.5390E-08
 4.0000E-02 3.0408E-01 -2.5964E-02 -8.3447E-06 -1.3039E-08
 4.0000E-02 3.0512E-01 -2.5558E-02  2.3842E-06  2.0489E-08
 4.0000E-02 3.0616E-01 -2.5347E-02  2.1458E-06 -1.1176E-08
 4.0000E-02 3.0722E-01 -2.5337E-02 -9.5367E-07 -3.3528E-08
 4.0000E-02 3.0828E-01 -2.5505E-02 -1.1921E-06  9.3132E-09
 4.0000E-02 3.0934E-01 -2.5753E-02 -5.4836E-06 -1.3039E-08
 4.0000E-02 3.1042E-01 -2.6170E-02 -7.8678E-06 -3.7253E-08
 4.0000E-02 3.1150E-01 -2.6762E-02 -2.1458E-06 -1.1176E-08
 4.0000E-02 3.1259E-01 -2.7532E-02  1.1921E-06 -1.0245E-07
 4.0000E-02 3.1368E-01 -2.8489E-02 -9.5367E-07  7.4506E-09
 4.0000E-02 3.1479E-01 -2.9635E-02 -2.3842E-06  4.8429E-08
 4.0000E-02 3.1590E-01 -3.0978E-02 -1.1921E-06 -3.3528E-08
 4.0000E-02 3.1702E-01 -3.2522E-02 -2.3842E-06  7.8231E-08
 4.0000E-02 3.1815E-01 -3.3921E-02  2.6226E-06  1.6764E-07
 4.0000E-02 3.1929E-01 -3.5556E-02 -6.1989E-06  2.9802E-08
 4.0000E-02 3.2043E-01 -3.7506E-02 -8.5831E-06  1.4901E-08
 4.0000E-02 3.2158E-01 -3.9781E-02  7.1526E-07  1.8626E-08
 4.0000E-02 3.2274E-01 -4.2390E-02 -9.5367E-07 -9.3132E-08
 4.0000E-02 3.2391E-01 -4.5347E-02 -4.2915E-06  5.2154E-08
 4.0000E-02 3.2509E-01 -4.8660E-02 -1.6689E-06 -7.4506E-08
 4.0000E-02 3.2628E-01 -5.2344E-02 -3.3379E-06 -3.7253E-08
 4.0000E-02 3.2747E-01 -5.7018E-02 -2.6226E-06 -1.3411E-07
 4.0000E-02 3.2868E-01 -6.2215E-02 -2.6226E-06 -1.4529E-07
 4.0000E-02 3.2989E-01 -6.7925E-02  5.0068E-06 -2.3097E-07
 4.0000E-02 3.3111E-01 -7.4163E-02  2.1458E-06  2.2352E-08
 4.0000E-02 3.3234E-01 -8.0947E-02  9.5367E-06 -1.1921E-07
 4.0000E-02 3.3358E-01 -8.8294E-02  0.0000E+00 -2.9802E-08
 4.0000E-02 3.3483E-01 -9.6223E-02  0.0000E+00  4.4703E-08
 4.0000E-02 3.3609E-01 -1.0494E-01 -1.4305E-06  1.4901E-08
 4.0000E-02 3.3736E-01 -1.1432E-01 -2.3842E-07  7.4506E-09
 4.0000E-02 3.3864E-01 -1.2413E-01 -1.9073E-06  3.7253E-08
 4.0000E-02 3.3992E-01 -1.3439E-01  5.2452E-06 -3.7253E-07
 4.0000E-02 3.4122E-01 -1.4509E-01 -7.3910E-06 -3.4273E-07
 4.0000E-02 3.4253E-01 -1.5626E-01 -5.0068E-06  2.0862E-07
 4.0000E-02 3.4385E-01 -1.6791E-01 -2.1458E-06  1.9372E-07
 4.0000E-02 3.4517E-01 -1.7990E-01  4.2915E-06 -1.9372E-07
 4.0000E-02 3.4651E-01 -1.9198E-01  9.5367E-07  1.4901E-07
 4.0000E-02 3.4786E-01 -2.0427E-01  6.6757E-06  1.9372E-07
 4.0000E-02 3.4922E-01 -2.1677E-01  2.3842E-07 -2.2352E-07
 4.0000E-02 3.5059E-01 -2.2950E-01  2.3842E-07  1.4901E-07
 4.0000E-02 3.5197E-01 -2.4246E-01 -4.0531E-06  0.0000E+00
 4.0000E-02 3.5336E-01 -2.5565E-01  1.1921E-06 -5.6624E-07
 4.0000E-02 3.5476E-01 -2.6886E-01  4.2915E-06 -8.9407E-08
 4.0000E-02 3.5618E-01 -2.8210E-01 -2.8610E-06 -2.0862E-07
 4.0000E-02 3.5760E-01 -2.9542E-01 -2.3842E-07  4.1723E-07
 4.0000E-02 3.5904E-01 -3.0883E-01 -4.2915E-06  3.8743E-07
 4.0000E-02 3.6048E-01 -3.2232E-01  6.1989E-06 -8.9407E-08
 4.0000E-02 3.6194E-01 -3.3591E-01  1.4305E-06 -1.4901E-07
 4.0000E-02 3.6341E-01 -3.4953E-01  4.7684E-07  2.3842E-07
 4.0000E-02 3.6490E-01 -3.6310E-01  2.6226E-06  7.4506E-07
 4.0000E-02 3.6639E-01 -3.7672E-01  2.1458E-06 -4.7684E-07
 4.0000E-02 3.6790E-01 -3.9037E-01  4.0531E-06 -2.6822E-07
 4.0000E-02 3.6942E-01 -4.0407E-01 -4.7684E-07  1.4901E-07
 4.0000E-02 3.7095E-01 -4.1781E-01 -2.1458E-06  2.3842E-07
 4.0000E-02 3.7250E-01 -4.3155E-01  3.5763E-06  5.3644E-07
 4.0000E-02 3.7406E-01 -4.4527E-01  1.6689E-06 -8.9407E-08
 4.0000E-02 3.7563E-01 -4.5906E-01 -5.0068E-06  1.0133E-06
 4.0000E-02 3.7722E-01 -4.7293E-01  5.2452E-06 -1.7881E-07
 4.0000E-02 3.7881E-01 -4.8685E-01 -7.1526E-07 -3.5763E-07
 4.0000E-02 3.8043E-01 -5.0083E-01  2.1458E-06 -2.9802E-07
 4.0000E-02 3.8205E-01 -5.1483E-01  0.0000E+00  1.6093E-06
 4.0000E-02 3.8369E-01 -5.2895E-01  3.0994E-06 -8.3447E-07
 4.0000E-02 3.8534E-01 -5.4321E-01  2.1458E-06  1.7881E-07
 4.0000E-02 3.8701E-01 -5.5761E-01  0.0000E+00 -1.0133E-06
 4.0000E-02 3.8870E-01 -5.7214E-01  2.3842E-06  5.9605E-08
 4.0000E-02 3.9039E-01 -5.8679E-01 -4.2915E-06 -1.3709E-06
 4.0000E-02 3.9211E-01 -6.0168E-01  3.3379E-06  1.4305E-06
 4.0000E-02 3.9383E-01 -6.1680E-01  6.6757E-06 -4.0531E-06
 4.0000E-02 3.9558E-01 -6.3211E-01 -2.7895E-05  1.7881E-06
 4.0000E-02 3.9733E-01 -6.4759E-01 -9.2983E-06  2.6226E-06
 4.0000E-02 3.9911E-01 -6.6323E-01  2.6226E-06  4.1723E-07
 4.0000E-02 4.0090E-01 -6.7918E-01  5.2452E-06 -4.1723E-07
 4.0000E-02 4.0270E-01 -6.9528E-01 -2.3842E-07 -2.3246E-06
 4.0000E-02 4.0452E-01 -7.1147E-01 -1.4305E-06  2.1100E-05
 4.0000E-02 4.0636E-01 -7.2766E-01 -2.6226E-06 -2.9802E-07
 4.0000E-02 4.0822E-01 -7.4381E-01  2.1458E-06 -2.3842E-07
 4.0000E-02 4.1009E-01 -7.5993E-01  2.0266E-05 -1.0192E-05
 4.0000E-02 4.1198E-01 -7.7577E-01 -3.5763E-06  2.2650E-06
 4.0000E-02 4.1389E-01 -7.9116E-01 -5.9605E-06  2.0862E-06
 4.0000E-02 4.1581E-01 -8.0601E-01 -2.3842E-07 -3.7551E-06
 4.0000E-02 4.1776E-01 -8.2020E-01 -7.1526E-06 -1.1921E-06
 4.0000E-02 4.1972E-01 -8.3341E-01  1.9073E-06  8.9407E-07
 4.0000E-02 4.2170E-01 -8.4543E-01 -7.1526E-07  4.2915E-06
 4.0000E-02 4.2370E-01 -8.5612E-01  6.9141E-06 -1.0133E-06
 4.0000E-02 4.2571E-01 -8.6530E-01 -7.8678E-06 -1.7881E-07
 4.0000E-02 4.2775E-01 -8.7269E-01  9.7752E-06  3.1590E-06
 4.0000E-02 4.2981E-01 -8.7792E-01  1.3351E-05 -1.7285E-06
 4.0000E-02 4.3188E-01 -8.8082E-01 -3.8147E-06  5.7220E-06
 4.0000E-02 4.3398E-01 -8.8108E-01 -3.3379E-06 -6.3777E-06
 4.0000E-02 4.3610E-01 -8.7826E-01 -2.8610E-06  1.5497E-06
 4.0000E-02 4.3824E-01 -8.7165E-01  5.2452E-06  1.5497E-06
 4.0000E-02 4.4039E-01 -8.6093E-01  5.7220E-06  5.7817E-06
 4.0000E-02 4.4257E-01 -8.4537E-01 -1.1444E-05  2.0266E-06
 4.0000E-02 4.4478E-01 -8.2409E-01  2.3842E-06 -5.3644E-06
 4.0000E-02 4.4700E-01 -7.9626E-01  2.1458E-05  5.0068E-06
 4.0000E-02 4.4925E-01 -7.6126E-01  1.4305E-06  1.1325E-06
 4.0000E-02 4.5152E-01 -7.1824E-01  1.3828E-05  6.0201E-06
 4.0000E-02 4.5381E-01 -6.6637E-01 -4.4823E-05 -1.5020E-05
 4.0000E-02 4.5612E-01 -6.0542E-01 -4.7684E-06 -2.5630E-06
 4.0000E-02 4.5846E-01 -5.3549E-01  6.6757E-06  2.2054E-06
 4.0000E-02 4.6082E-01 -4.5658E-01 -2.1458E-05  6.4671E-06
 4.0000E-02 4.6321E-01 -3.6907E-01  6.6757E-06  3.1590E-06
 4.0000E-02 4.6563E-01 -2.7406E-01 -3.0518E-05 -1.7643E-05
 4.0000E-02 4.6806E-01 -1.7247E-01  5.2452E-06 -4.2915E-06
 4.0000E-02 4.7053E-01 -6.5449E-02  2.4796E-05  0.0000E+00
 4.0000E-02 4.7302E-01  4.5642E-02 -2.0027E-05  1.8355E-05
 4.0000E-02 4.7553E-01  1.5943E-01 -2.0981E-05 -1.0282E-06
 4.0000E-02 4.7807E-01  2.7472E-01 -3.3379E-06 -2.6852E-05
 4.0000E-02 4.8065E-01  3.9025E-01 -6.6757E-06  7.8082E-06
 4.0000E-02 4.8324E-01  5.0492E-01 -1.5736E-05  2.1338E-05
 4.0000E-02 4.8587E-01  6.1816E-01 -5.1498E-05  2.2411E-05
 4.0000E-02 4.8852E-01  7.2931E-01  3.8147E-06  7.7486E-07
 4.0000E-02 4.9121E-01  8.3803E-01  8.1062E-06  1.0729E-05
 4.0000E-02 4.9392E-01  9.4466E-01  3.3379E-06  4.1723E-07
 4.0000E-02 4.9667E-01  1.0495E+00 -2.3842E-06 -4.8876E-06
 4.0000E-02 4.9944E-01  1.1530E+00 -1.8597E-05 -9.4175E-06
 4.0000E-02 5.0225E-01  1.2563E+00 -4.2915E-06 -1.4067E-05
 4.0000E-02 5.0508E-01  1.3602E+00  3.2902E-05  7.9870E-06
 4.0000E-02 5.0795E-01  1.4652E+00  2.4319E-05 -2.2650E-06
 4.0000E-02 5.1086E-01  1.5716E+00  7.1526E-06  4.7684E-07
 4.0000E-02 5.1379E-01  1.6789E+00  3.3379E-06  5.4836E-06
 4.0000E-02 5.1676E-01  1.7855E+00 -1.6212E-05  9.5367E-07
 4.0000E-02 5.1977E-01  1.8889E+00 -2.9564E-05 -5.2452E-06
 4.0000E-02 5.2281E-01  1.9856E+00  4.1008E-05 -6.4373E-06
 4.0000E-02 5.2588E-01  2.0725E+00  5.7220E-06  4.0531E-06
 4.0000E-02 5.2899E-01  2.1465E+00 -1.3351E-05 -1.6451E-05
 4.0000E-02 5.3214E-01  2.2062E+00 -3.5763E-05 -1.6212E-05
 4.0000E-02 5.3533E-01  2.2514E+00 -1.5736E-05  1.2398E-05
 4.0000E-02 5.3855E-01  2.2830E+00 -4.7684E-07  9.5367E-06
 4.0000E-02 5.4182E-01  2.3032E+00  5.2452E-06 -6.1989E-06
 4.0000E-02 5.4512E-01  2.3138E+00 -2.1935E-05  1.1921E-06
 4.0000E-02 5.4847E-01  2.3166E+00  2.7895E-05  1.4544E-05
 4.0000E-02 5.5185E-01  2.3128E+00 -5.8174E-05  2.6226E-06
 4.0000E-02 5.5528E-01  2.3031E+00 -5.7220E-06 -7.3910E-06
 4.0000E-02 5.5875E-01  2.2884E+00 -4.2200E-05  1.2159E-05
 4.0000E-02 5.6226E-01  2.2690E+00 -5.9605E-06  1.6689E-05
 4.0000E-02 5.6582E-01  2.2452E+00 -3.6716E-05  2.2650E-05
 4.0000E-02 5.6943E-01  2.2174E+00 -3.6716E-05 -5.0068E-06
 4.0000E-02 5.7308E-01  2.1859E+00  1.3113E-05  8.3447E-06
 4.0000E-02 5.7677E-01  2.1519E+00  4.3631E-05 -2.1458E-06
 4.0000E-02 5.8052E-01  2.1164E+00 -4.5538E-05  1.1444E-05
 4.0000E-02 5.8431E-01  2.0803E+00  2.6226E-06  6.1989E-06
 4.0000E-02 5.8816E-01  2.0442E+00  8.8215E-06 -1.0014E-05
 4.0000E-02 5.9205E-01  2.0087E+00  7.8678E-06 -4.0531E-06
 4.0000E-02 5.9600E-01  1.9747E+00  3.2902E-05  1.5497E-05
 4.0000E-02 6.0000E-01  1.9439E+00  2.1696E-05 -8.5831E-06
