 DDSCAT --- DDSCAT 7.3.3 [22.01.20]   
 TARGET --->TARGSPHER  spherical target with explicit spacing                 
 GPFAFT --- method of solution 
 FLTRCD --- prescription for polarizabilities
 FROM_FILE --- shape 
    4169 = NAT0 = number of dipoles
 ../../diel/Pena-Rioux_dielectric_26Au_74Ag                  
 ../../diel/Pena-Rioux_dielectric_76Au_24Ag                  
 ../../diel/Pena-Rioux_dielectric_85Au_15Ag                  
 ../../diel/Pena-Rioux_dielectric_92Au_8Ag                   
   0.000   0.000 = beta_min, beta_max ;  NBETA = 1
   0.000   0.000 = theta_min, theta_max; NTHETA= 1
   0.000   0.000 = phi_min, phi_max   ;   NPHI = 1
 0.5000 = ETASCA (param. controlling # of scatt. dirs used to calculate <cos> etc.
 Results averaged over    1 target orientations
                   and  2 incident polarizations
   aeff       wave       Q_ext     Q_abs      Q_sca     g(1)=<cos>  <cos^2>    Q_bk       Nsca
 4.0000E-02 3.0000E-01 2.5707E+00 1.7808E+00 7.8994E-01  2.4742E-01 4.1410E-01 4.1500E-02   408
 4.0000E-02 3.0101E-01 2.5634E+00 1.7803E+00 7.8313E-01  2.4568E-01 4.1392E-01 4.1494E-02   408
 4.0000E-02 3.0203E-01 2.5560E+00 1.7797E+00 7.7628E-01  2.4395E-01 4.1374E-01 4.1479E-02   408
 4.0000E-02 3.0305E-01 2.5485E+00 1.7791E+00 7.6939E-01  2.4223E-01 4.1357E-01 4.1454E-02   408
 4.0000E-02 3.0408E-01 2.5409E+00 1.7785E+00 7.6246E-01  2.4051E-01 4.1339E-01 4.1419E-02   408
 4.0000E-02 3.0512E-01 2.5332E+00 1.7778E+00 7.5549E-01  2.3881E-01 4.1322E-01 4.1374E-02   408
 4.0000E-02 3.0616E-01 2.5255E+00 1.7770E+00 7.4849E-01  2.3712E-01 4.1306E-01 4.1319E-02   408
 4.0000E-02 3.0722E-01 2.5177E+00 1.7762E+00 7.4145E-01  2.3544E-01 4.1289E-01 4.1254E-02   408
 4.0000E-02 3.0828E-01 2.5099E+00 1.7754E+00 7.3452E-01  2.3375E-01 4.1273E-01 4.1189E-02   408
 4.0000E-02 3.0934E-01 2.5026E+00 1.7747E+00 7.2789E-01  2.3205E-01 4.1256E-01 4.1137E-02   408
 4.0000E-02 3.1042E-01 2.4952E+00 1.7740E+00 7.2121E-01  2.3035E-01 4.1240E-01 4.1076E-02   408
 4.0000E-02 3.1150E-01 2.4877E+00 1.7732E+00 7.1454E-01  2.2867E-01 4.1224E-01 4.1005E-02   408
 4.0000E-02 3.1259E-01 2.4801E+00 1.7723E+00 7.0779E-01  2.2699E-01 4.1208E-01 4.0927E-02   408
 4.0000E-02 3.1368E-01 2.4724E+00 1.7714E+00 7.0100E-01  2.2531E-01 4.1193E-01 4.0839E-02   408
 4.0000E-02 3.1479E-01 2.4646E+00 1.7704E+00 6.9419E-01  2.2374E-01 4.1193E-01 4.0742E-02   362
 4.0000E-02 3.1590E-01 2.4567E+00 1.7694E+00 6.8736E-01  2.2207E-01 4.1178E-01 4.0638E-02   362
 4.0000E-02 3.1702E-01 2.4487E+00 1.7682E+00 6.8049E-01  2.2041E-01 4.1163E-01 4.0525E-02   363
 4.0000E-02 3.1815E-01 2.4401E+00 1.7668E+00 6.7329E-01  2.1877E-01 4.1148E-01 4.0384E-02   363
 4.0000E-02 3.1929E-01 2.4312E+00 1.7652E+00 6.6597E-01  2.1714E-01 4.1134E-01 4.0228E-02   363
 4.0000E-02 3.2043E-01 2.4221E+00 1.7635E+00 6.5858E-01  2.1552E-01 4.1120E-01 4.0060E-02   363
 4.0000E-02 3.2158E-01 2.4128E+00 1.7617E+00 6.5110E-01  2.1390E-01 4.1106E-01 3.9878E-02   363
 4.0000E-02 3.2274E-01 2.4032E+00 1.7597E+00 6.4356E-01  2.1229E-01 4.1092E-01 3.9685E-02   363
 4.0000E-02 3.2391E-01 2.3935E+00 1.7576E+00 6.3593E-01  2.1069E-01 4.1079E-01 3.9479E-02   363
 4.0000E-02 3.2509E-01 2.3835E+00 1.7553E+00 6.2824E-01  2.0910E-01 4.1066E-01 3.9262E-02   363
 4.0000E-02 3.2628E-01 2.3733E+00 1.7528E+00 6.2049E-01  2.0751E-01 4.1053E-01 3.9033E-02   363
 4.0000E-02 3.2747E-01 2.3620E+00 1.7498E+00 6.1217E-01  2.0596E-01 4.1041E-01 3.8756E-02   363
 4.0000E-02 3.2868E-01 2.3507E+00 1.7468E+00 6.0398E-01  2.0440E-01 4.1029E-01 3.8479E-02   363
 4.0000E-02 3.2989E-01 2.3396E+00 1.7436E+00 5.9594E-01  2.0283E-01 4.1016E-01 3.8208E-02   363
 4.0000E-02 3.3111E-01 2.3286E+00 1.7405E+00 5.8809E-01  2.0124E-01 4.1004E-01 3.7942E-02   363
 4.0000E-02 3.3234E-01 2.3177E+00 1.7373E+00 5.8043E-01  1.9964E-01 4.0992E-01 3.7684E-02   363
 4.0000E-02 3.3358E-01 2.3070E+00 1.7341E+00 5.7296E-01  1.9802E-01 4.0979E-01 3.7433E-02   363
 4.0000E-02 3.3483E-01 2.2965E+00 1.7308E+00 5.6570E-01  1.9638E-01 4.0967E-01 3.7191E-02   363
 4.0000E-02 3.3609E-01 2.2866E+00 1.7277E+00 5.5895E-01  1.9469E-01 4.0954E-01 3.6982E-02   363
 4.0000E-02 3.3736E-01 2.2779E+00 1.7250E+00 5.5292E-01  1.9294E-01 4.0941E-01 3.6820E-02   363
 4.0000E-02 3.3864E-01 2.2699E+00 1.7225E+00 5.4740E-01  1.9115E-01 4.0928E-01 3.6692E-02   363
 4.0000E-02 3.3992E-01 2.2626E+00 1.7202E+00 5.4240E-01  1.8932E-01 4.0914E-01 3.6597E-02   363
 4.0000E-02 3.4122E-01 2.2562E+00 1.7183E+00 5.3794E-01  1.8746E-01 4.0900E-01 3.6538E-02   363
 4.0000E-02 3.4253E-01 2.2506E+00 1.7165E+00 5.3403E-01  1.8555E-01 4.0886E-01 3.6517E-02   363
 4.0000E-02 3.4385E-01 2.2458E+00 1.7151E+00 5.3069E-01  1.8360E-01 4.0872E-01 3.6535E-02   363
 4.0000E-02 3.4517E-01 2.2422E+00 1.7141E+00 5.2808E-01  1.8161E-01 4.0857E-01 3.6605E-02   363
 4.0000E-02 3.4651E-01 2.2400E+00 1.7137E+00 5.2626E-01  1.7957E-01 4.0842E-01 3.6732E-02   363
 4.0000E-02 3.4786E-01 2.2388E+00 1.7137E+00 5.2509E-01  1.7750E-01 4.0827E-01 3.6904E-02   363
 4.0000E-02 3.4922E-01 2.2388E+00 1.7142E+00 5.2456E-01  1.7541E-01 4.0812E-01 3.7124E-02   363
 4.0000E-02 3.5059E-01 2.2398E+00 1.7151E+00 5.2470E-01  1.7329E-01 4.0797E-01 3.7393E-02   363
 4.0000E-02 3.5197E-01 2.2421E+00 1.7166E+00 5.2552E-01  1.7115E-01 4.0781E-01 3.7713E-02   363
 4.0000E-02 3.5336E-01 2.2456E+00 1.7185E+00 5.2707E-01  1.6899E-01 4.0765E-01 3.8090E-02   363
 4.0000E-02 3.5476E-01 2.2505E+00 1.7211E+00 5.2938E-01  1.6681E-01 4.0750E-01 3.8524E-02   363
 4.0000E-02 3.5618E-01 2.2566E+00 1.7242E+00 5.3235E-01  1.6463E-01 4.0734E-01 3.9009E-02   363
 4.0000E-02 3.5760E-01 2.2639E+00 1.7279E+00 5.3597E-01  1.6244E-01 4.0718E-01 3.9546E-02   363
 4.0000E-02 3.5904E-01 2.2724E+00 1.7321E+00 5.4024E-01  1.6024E-01 4.0703E-01 4.0136E-02   363
 4.0000E-02 3.6048E-01 2.2821E+00 1.7369E+00 5.4520E-01  1.5804E-01 4.0687E-01 4.0783E-02   363
 4.0000E-02 3.6194E-01 2.2932E+00 1.7423E+00 5.5088E-01  1.5584E-01 4.0671E-01 4.1490E-02   363
 4.0000E-02 3.6341E-01 2.3057E+00 1.7484E+00 5.5730E-01  1.5363E-01 4.0656E-01 4.2258E-02   363
 4.0000E-02 3.6490E-01 2.3193E+00 1.7550E+00 5.6430E-01  1.5143E-01 4.0640E-01 4.3079E-02   363
 4.0000E-02 3.6639E-01 2.3341E+00 1.7622E+00 5.7192E-01  1.4923E-01 4.0625E-01 4.3954E-02   363
 4.0000E-02 3.6790E-01 2.3500E+00 1.7699E+00 5.8017E-01  1.4703E-01 4.0610E-01 4.4887E-02   363
 4.0000E-02 3.6942E-01 2.3673E+00 1.7782E+00 5.8910E-01  1.4483E-01 4.0595E-01 4.5882E-02   363
 4.0000E-02 3.7095E-01 2.3858E+00 1.7871E+00 5.9873E-01  1.4263E-01 4.0580E-01 4.6942E-02   363
 4.0000E-02 3.7250E-01 2.4057E+00 1.7967E+00 6.0904E-01  1.4044E-01 4.0565E-01 4.8068E-02   363
 4.0000E-02 3.7406E-01 2.4267E+00 1.8068E+00 6.1993E-01  1.3824E-01 4.0551E-01 4.9250E-02   363
 4.0000E-02 3.7563E-01 2.4488E+00 1.8173E+00 6.3149E-01  1.3604E-01 4.0536E-01 5.0500E-02   363
 4.0000E-02 3.7722E-01 2.4722E+00 1.8285E+00 6.4366E-01  1.3384E-01 4.0522E-01 5.1812E-02   363
 4.0000E-02 3.7881E-01 2.4968E+00 1.8403E+00 6.5653E-01  1.3164E-01 4.0508E-01 5.3196E-02   363
 4.0000E-02 3.8043E-01 2.5228E+00 1.8527E+00 6.7014E-01  1.2944E-01 4.0494E-01 5.4656E-02   363
 4.0000E-02 3.8205E-01 2.5501E+00 1.8657E+00 6.8444E-01  1.2724E-01 4.0480E-01 5.6190E-02   363
 4.0000E-02 3.8369E-01 2.5786E+00 1.8793E+00 6.9937E-01  1.2503E-01 4.0466E-01 5.7795E-02   363
 4.0000E-02 3.8534E-01 2.6084E+00 1.8933E+00 7.1505E-01  1.2282E-01 4.0452E-01 5.9479E-02   363
 4.0000E-02 3.8701E-01 2.6395E+00 1.9080E+00 7.3149E-01  1.2060E-01 4.0439E-01 6.1251E-02   363
 4.0000E-02 3.8870E-01 2.6720E+00 1.9233E+00 7.4874E-01  1.1838E-01 4.0426E-01 6.3113E-02   363
 4.0000E-02 3.9039E-01 2.7062E+00 1.9393E+00 7.6690E-01  1.1621E-01 4.0430E-01 6.5075E-02   323
 4.0000E-02 3.9211E-01 2.7416E+00 1.9558E+00 7.8582E-01  1.1396E-01 4.0417E-01 6.7129E-02   323
 4.0000E-02 3.9383E-01 2.7785E+00 1.9729E+00 8.0565E-01  1.1170E-01 4.0404E-01 6.9287E-02   323
 4.0000E-02 3.9558E-01 2.8171E+00 1.9906E+00 8.2644E-01  1.0943E-01 4.0392E-01 7.1559E-02   323
 4.0000E-02 3.9733E-01 2.8573E+00 2.0091E+00 8.4829E-01  1.0715E-01 4.0380E-01 7.3950E-02   323
 4.0000E-02 3.9911E-01 2.8994E+00 2.0282E+00 8.7121E-01  1.0485E-01 4.0367E-01 7.6471E-02   323
 4.0000E-02 4.0090E-01 2.9433E+00 2.0481E+00 8.9527E-01  1.0253E-01 4.0355E-01 7.9123E-02   323
 4.0000E-02 4.0270E-01 2.9891E+00 2.0686E+00 9.2052E-01  1.0022E-01 4.0344E-01 8.1916E-02   323
 4.0000E-02 4.0452E-01 3.0371E+00 2.0900E+00 9.4711E-01  9.7888E-02 4.0332E-01 8.4866E-02   323
 4.0000E-02 4.0636E-01 3.0874E+00 2.1123E+00 9.7511E-01  9.5546E-02 4.0321E-01 8.7983E-02   323
 4.0000E-02 4.0822E-01 3.1400E+00 2.1354E+00 1.0046E+00  9.3196E-02 4.0310E-01 9.1276E-02   323
 4.0000E-02 4.1009E-01 3.1951E+00 2.1595E+00 1.0356E+00  9.0835E-02 4.0299E-01 9.4751E-02   323
 4.0000E-02 4.1198E-01 3.2528E+00 2.1846E+00 1.0683E+00  8.8465E-02 4.0289E-01 9.8428E-02   323
 4.0000E-02 4.1389E-01 3.3134E+00 2.2107E+00 1.1027E+00  8.6085E-02 4.0278E-01 1.0232E-01   323
 4.0000E-02 4.1581E-01 3.3769E+00 2.2379E+00 1.1390E+00  8.3695E-02 4.0268E-01 1.0643E-01   323
 4.0000E-02 4.1776E-01 3.4433E+00 2.2663E+00 1.1771E+00  8.1299E-02 4.0259E-01 1.1077E-01   323
 4.0000E-02 4.1972E-01 3.5126E+00 2.2957E+00 1.2169E+00  7.8896E-02 4.0249E-01 1.1533E-01   323
 4.0000E-02 4.2170E-01 3.5847E+00 2.3262E+00 1.2586E+00  7.6493E-02 4.0240E-01 1.2012E-01   323
 4.0000E-02 4.2370E-01 3.6596E+00 2.3578E+00 1.3019E+00  7.4090E-02 4.0231E-01 1.2514E-01   323
 4.0000E-02 4.2571E-01 3.7369E+00 2.3902E+00 1.3466E+00  7.1694E-02 4.0222E-01 1.3036E-01   323
 4.0000E-02 4.2775E-01 3.8163E+00 2.4235E+00 1.3928E+00  6.9307E-02 4.0214E-01 1.3577E-01   323
 4.0000E-02 4.2981E-01 3.8980E+00 2.4575E+00 1.4404E+00  6.6932E-02 4.0206E-01 1.4141E-01   323
 4.0000E-02 4.3188E-01 3.9817E+00 2.4922E+00 1.4895E+00  6.4577E-02 4.0199E-01 1.4724E-01   323
 4.0000E-02 4.3398E-01 4.0675E+00 2.5275E+00 1.5400E+00  6.2243E-02 4.0192E-01 1.5329E-01   323
 4.0000E-02 4.3610E-01 4.1554E+00 2.5634E+00 1.5920E+00  5.9940E-02 4.0186E-01 1.5954E-01   323
 4.0000E-02 4.3824E-01 4.2457E+00 2.6000E+00 1.6457E+00  5.7673E-02 4.0180E-01 1.6603E-01   323
 4.0000E-02 4.4039E-01 4.3384E+00 2.6372E+00 1.7012E+00  5.5449E-02 4.0175E-01 1.7275E-01   323
 4.0000E-02 4.4257E-01 4.4336E+00 2.6751E+00 1.7585E+00  5.3276E-02 4.0170E-01 1.7970E-01   323
 4.0000E-02 4.4478E-01 4.5313E+00 2.7137E+00 1.8176E+00  5.1159E-02 4.0165E-01 1.8688E-01   323
 4.0000E-02 4.4700E-01 4.6319E+00 2.7530E+00 1.8789E+00  4.9100E-02 4.0161E-01 1.9433E-01   323
 4.0000E-02 4.4925E-01 4.7353E+00 2.7930E+00 1.9423E+00  4.7096E-02 4.0157E-01 2.0205E-01   323
 4.0000E-02 4.5152E-01 4.8415E+00 2.8336E+00 2.0080E+00  4.5148E-02 4.0153E-01 2.1005E-01   323
 4.0000E-02 4.5381E-01 4.9510E+00 2.8746E+00 2.0764E+00  4.3249E-02 4.0150E-01 2.1837E-01   323
 4.0000E-02 4.5612E-01 5.0640E+00 2.9161E+00 2.1479E+00  4.1391E-02 4.0147E-01 2.2708E-01   323
 4.0000E-02 4.5846E-01 5.1807E+00 2.9580E+00 2.2228E+00  3.9569E-02 4.0144E-01 2.3620E-01   323
 4.0000E-02 4.6082E-01 5.3013E+00 3.0000E+00 2.3013E+00  3.7775E-02 4.0141E-01 2.4577E-01   323
 4.0000E-02 4.6321E-01 5.4260E+00 3.0421E+00 2.3839E+00  3.6004E-02 4.0138E-01 2.5586E-01   323
 4.0000E-02 4.6563E-01 5.5546E+00 3.0839E+00 2.4708E+00  3.4251E-02 4.0136E-01 2.6647E-01   323
 4.0000E-02 4.6806E-01 5.6865E+00 3.1250E+00 2.5615E+00  3.2516E-02 4.0134E-01 2.7758E-01   323
 4.0000E-02 4.7053E-01 5.8208E+00 3.1650E+00 2.6558E+00  3.0803E-02 4.0132E-01 2.8916E-01   323
 4.0000E-02 4.7302E-01 5.9565E+00 3.2034E+00 2.7531E+00  2.9116E-02 4.0130E-01 3.0114E-01   323
 4.0000E-02 4.7553E-01 6.0913E+00 3.2394E+00 2.8519E+00  2.7465E-02 4.0129E-01 3.1335E-01   323
 4.0000E-02 4.7807E-01 6.2231E+00 3.2722E+00 2.9510E+00  2.5860E-02 4.0127E-01 3.2563E-01   323
 4.0000E-02 4.8065E-01 6.3497E+00 3.3009E+00 3.0488E+00  2.4308E-02 4.0126E-01 3.3781E-01   323
 4.0000E-02 4.8324E-01 6.4682E+00 3.3248E+00 3.1434E+00  2.2820E-02 4.0125E-01 3.4966E-01   323
 4.0000E-02 4.8587E-01 6.5756E+00 3.3427E+00 3.2329E+00  2.1403E-02 4.0124E-01 3.6093E-01   323
 4.0000E-02 4.8852E-01 6.6698E+00 3.3540E+00 3.3158E+00  2.0059E-02 4.0123E-01 3.7144E-01   323
 4.0000E-02 4.9121E-01 6.7483E+00 3.3577E+00 3.3906E+00  1.8788E-02 4.0122E-01 3.8102E-01   323
 4.0000E-02 4.9392E-01 6.8089E+00 3.3531E+00 3.4558E+00  1.7588E-02 4.0122E-01 3.8948E-01   323
 4.0000E-02 4.9667E-01 6.8504E+00 3.3395E+00 3.5109E+00  1.6453E-02 4.0121E-01 3.9675E-01   323
 4.0000E-02 4.9944E-01 6.8713E+00 3.3163E+00 3.5550E+00  1.5371E-02 4.0120E-01 4.0275E-01   323
 4.0000E-02 5.0225E-01 6.8708E+00 3.2830E+00 3.5879E+00  1.4332E-02 4.0119E-01 4.0743E-01   323
 4.0000E-02 5.0508E-01 6.8482E+00 3.2389E+00 3.6092E+00  1.3325E-02 4.0119E-01 4.1079E-01   323
 4.0000E-02 5.0795E-01 6.8025E+00 3.1837E+00 3.6188E+00  1.2339E-02 4.0118E-01 4.1279E-01   324
 4.0000E-02 5.1086E-01 6.7327E+00 3.1168E+00 3.6159E+00  1.1364E-02 4.0117E-01 4.1336E-01   324
 4.0000E-02 5.1379E-01 6.6377E+00 3.0378E+00 3.5999E+00  1.0428E-02 4.0137E-01 4.1242E-01   285
 4.0000E-02 5.1676E-01 6.5159E+00 2.9466E+00 3.5693E+00  9.4570E-03 4.0137E-01 4.0980E-01   285
 4.0000E-02 5.1977E-01 6.3657E+00 2.8437E+00 3.5220E+00  8.4873E-03 4.0136E-01 4.0525E-01   285
 4.0000E-02 5.2281E-01 6.1871E+00 2.7302E+00 3.4569E+00  7.5181E-03 4.0136E-01 3.9860E-01   285
 4.0000E-02 5.2588E-01 5.9810E+00 2.6082E+00 3.3728E+00  6.5547E-03 4.0136E-01 3.8971E-01   285
 4.0000E-02 5.2899E-01 5.7507E+00 2.4809E+00 3.2699E+00  5.5966E-03 4.0136E-01 3.7859E-01   285
 4.0000E-02 5.3214E-01 5.5019E+00 2.3516E+00 3.1503E+00  4.6425E-03 4.0136E-01 3.6548E-01   285
 4.0000E-02 5.3533E-01 5.2414E+00 2.2241E+00 3.0173E+00  3.6906E-03 4.0135E-01 3.5074E-01   285
 4.0000E-02 5.3855E-01 4.9766E+00 2.1016E+00 2.8750E+00  2.7388E-03 4.0135E-01 3.3484E-01   285
 4.0000E-02 5.4182E-01 4.7146E+00 1.9865E+00 2.7281E+00  1.7877E-03 4.0134E-01 3.1834E-01   285
 4.0000E-02 5.4512E-01 4.4611E+00 1.8803E+00 2.5808E+00  8.3898E-04 4.0133E-01 3.0172E-01   285
 4.0000E-02 5.4847E-01 4.2200E+00 1.7833E+00 2.4367E+00 -1.1000E-04 4.0132E-01 2.8542E-01   285
 4.0000E-02 5.5185E-01 3.9933E+00 1.6951E+00 2.2983E+00 -1.0575E-03 4.0131E-01 2.6973E-01   285
 4.0000E-02 5.5528E-01 3.7814E+00 1.6146E+00 2.1668E+00 -2.0018E-03 4.0130E-01 2.5479E-01   285
 4.0000E-02 5.5875E-01 3.5835E+00 1.5407E+00 2.0428E+00 -2.9399E-03 4.0129E-01 2.4067E-01   285
 4.0000E-02 5.6226E-01 3.3983E+00 1.4725E+00 1.9258E+00 -3.8720E-03 4.0129E-01 2.2734E-01   285
 4.0000E-02 5.6582E-01 3.2247E+00 1.4093E+00 1.8154E+00 -4.7975E-03 4.0128E-01 2.1472E-01   285
 4.0000E-02 5.6943E-01 3.0619E+00 1.3510E+00 1.7109E+00 -5.7163E-03 4.0128E-01 2.0275E-01   285
 4.0000E-02 5.7308E-01 2.9097E+00 1.2981E+00 1.6116E+00 -6.6292E-03 4.0127E-01 1.9134E-01   285
 4.0000E-02 5.7677E-01 2.7688E+00 1.2512E+00 1.5175E+00 -7.5339E-03 4.0126E-01 1.8052E-01   285
 4.0000E-02 5.8052E-01 2.6400E+00 1.2110E+00 1.4290E+00 -8.4282E-03 4.0125E-01 1.7029E-01   285
 4.0000E-02 5.8431E-01 2.5240E+00 1.1777E+00 1.3463E+00 -9.3057E-03 4.0124E-01 1.6074E-01   285
 4.0000E-02 5.8816E-01 2.4208E+00 1.1509E+00 1.2699E+00 -1.0160E-02 4.0123E-01 1.5188E-01   285
 4.0000E-02 5.9205E-01 2.3296E+00 1.1299E+00 1.1998E+00 -1.0987E-02 4.0122E-01 1.4374E-01   285
 4.0000E-02 5.9600E-01 2.2501E+00 1.1145E+00 1.1356E+00 -1.1779E-02 4.0121E-01 1.3628E-01   285
 4.0000E-02 6.0000E-01 2.1827E+00 1.1052E+00 1.0775E+00 -1.2528E-02 4.0121E-01 1.2952E-01   285
