 DDSCAT --- DDSCAT 7.3.3 [22.01.20]   
 TARGET --->TARGSPHER  spherical target with explicit spacing                 
 GPFAFT --- method of solution 
 GKDLDR --- prescription for polarizabilities
 FROM_FILE --- shape 
   33401 = NAT0 = number of dipoles
 ../diel/Pena26Au74Ag                                        
 ../diel/Au_evap                                             
   0.000   0.000 = beta_min, beta_max ;  NBETA = 1
   0.000   0.000 = theta_min, theta_max; NTHETA= 1
   0.000   0.000 = phi_min, phi_max   ;   NPHI = 1
 0.5000 = ETASCA (param. controlling # of scatt. dirs used to calculate <cos> etc.
 Results averaged over    1 target orientations
                   and  1 incident polarizations
   aeff       wave       Q_ext     Q_abs      Q_sca     g(1)=<cos>  <cos^2>    Q_bk       Nsca
 1.0000E-03 3.0000E-01 8.4930E-02 8.4930E-02 1.1797E-06  2.5852E-04 4.0217E-01 1.4060E-07   214
 1.0000E-03 3.0151E-01 8.4353E-02 8.4352E-02 1.1474E-06  2.5767E-04 4.0217E-01 1.3676E-07   214
 1.0000E-03 3.0302E-01 8.3867E-02 8.3866E-02 1.1173E-06  2.5705E-04 4.0217E-01 1.3317E-07   214
 1.0000E-03 3.0452E-01 8.3427E-02 8.3426E-02 1.0888E-06  2.5614E-04 4.0217E-01 1.2978E-07   214
 1.0000E-03 3.0603E-01 8.3031E-02 8.3030E-02 1.0618E-06  2.5533E-04 4.0217E-01 1.2656E-07   214
 1.0000E-03 3.0754E-01 8.2680E-02 8.2678E-02 1.0363E-06  2.5478E-04 4.0217E-01 1.2352E-07   214
 1.0000E-03 3.0905E-01 8.2379E-02 8.2378E-02 1.0128E-06  2.5355E-04 4.0217E-01 1.2072E-07   214
 1.0000E-03 3.1055E-01 8.2112E-02 8.2110E-02 9.9065E-07  2.5275E-04 4.0217E-01 1.1808E-07   214
 1.0000E-03 3.1206E-01 8.1804E-02 8.1803E-02 9.6880E-07  2.5213E-04 4.0217E-01 1.1547E-07   214
 1.0000E-03 3.1357E-01 8.1520E-02 8.1520E-02 9.4788E-07  2.5156E-04 4.0217E-01 1.1298E-07   214
 1.0000E-03 3.1508E-01 8.1268E-02 8.1267E-02 9.2791E-07  2.5068E-04 4.0217E-01 1.1060E-07   214
 1.0000E-03 3.1658E-01 8.1047E-02 8.1046E-02 9.0887E-07  2.5050E-04 4.0217E-01 1.0833E-07   214
 1.0000E-03 3.1809E-01 8.0803E-02 8.0802E-02 8.8976E-07  2.4993E-04 4.0217E-01 1.0605E-07   214
 1.0000E-03 3.1960E-01 8.0558E-02 8.0558E-02 8.7087E-07  2.4898E-04 4.0217E-01 1.0380E-07   214
 1.0000E-03 3.2111E-01 8.0402E-02 8.0401E-02 8.5334E-07  2.4715E-04 4.0217E-01 1.0171E-07   214
 1.0000E-03 3.2261E-01 8.0327E-02 8.0326E-02 8.3710E-07  2.4668E-04 4.0217E-01 9.9776E-08   214
 1.0000E-03 3.2412E-01 8.0272E-02 8.0272E-02 8.2148E-07  2.4595E-04 4.0217E-01 9.7915E-08   214
 1.0000E-03 3.2563E-01 8.0236E-02 8.0235E-02 8.0646E-07  2.4542E-04 4.0217E-01 9.6124E-08   214
 1.0000E-03 3.2714E-01 8.0227E-02 8.0226E-02 7.9185E-07  2.4463E-04 4.0217E-01 9.4383E-08   214
 1.0000E-03 3.2864E-01 8.0266E-02 8.0265E-02 7.7815E-07  2.4275E-04 4.0217E-01 9.2751E-08   214
 1.0000E-03 3.3015E-01 8.0352E-02 8.0351E-02 7.6564E-07  2.4228E-04 4.0217E-01 9.1261E-08   214
 1.0000E-03 3.3166E-01 8.0476E-02 8.0476E-02 7.5419E-07  2.4198E-04 4.0217E-01 8.9896E-08   214
 1.0000E-03 3.3317E-01 8.0567E-02 8.0567E-02 7.4297E-07  2.4057E-04 4.0217E-01 8.8559E-08   214
 1.0000E-03 3.3467E-01 8.0698E-02 8.0698E-02 7.3281E-07  2.4017E-04 4.0217E-01 8.7347E-08   214
 1.0000E-03 3.3618E-01 8.0910E-02 8.0909E-02 7.2445E-07  2.3866E-04 4.0217E-01 8.6351E-08   214
 1.0000E-03 3.3769E-01 8.1215E-02 8.1215E-02 7.1816E-07  2.3894E-04 4.0217E-01 8.5600E-08   214
 1.0000E-03 3.3920E-01 8.1569E-02 8.1569E-02 7.1312E-07  2.3759E-04 4.0217E-01 8.5000E-08   214
 1.0000E-03 3.4070E-01 8.1973E-02 8.1973E-02 7.0933E-07  2.3558E-04 4.0217E-01 8.4550E-08   214
 1.0000E-03 3.4221E-01 8.2430E-02 8.2430E-02 7.0679E-07  2.3532E-04 4.0217E-01 8.4246E-08   214
 1.0000E-03 3.4372E-01 8.2924E-02 8.2923E-02 7.0518E-07  2.3437E-04 4.0217E-01 8.4056E-08   214
 1.0000E-03 3.4523E-01 8.3485E-02 8.3485E-02 7.0505E-07  2.3293E-04 4.0217E-01 8.4039E-08   214
 1.0000E-03 3.4673E-01 8.4108E-02 8.4108E-02 7.0630E-07  2.3208E-04 4.0217E-01 8.4189E-08   214
 1.0000E-03 3.4824E-01 8.4794E-02 8.4793E-02 7.0885E-07  2.3106E-04 4.0217E-01 8.4492E-08   214
 1.0000E-03 3.4975E-01 8.5544E-02 8.5544E-02 7.1272E-07  2.2991E-04 4.0217E-01 8.4954E-08   214
 1.0000E-03 3.5126E-01 8.6363E-02 8.6362E-02 7.1795E-07  2.2893E-04 4.0217E-01 8.5579E-08   214
 1.0000E-03 3.5276E-01 8.7254E-02 8.7253E-02 7.2459E-07  2.2747E-04 4.0217E-01 8.6370E-08   214
 1.0000E-03 3.5427E-01 8.8221E-02 8.8221E-02 7.3270E-07  2.2623E-04 4.0217E-01 8.7336E-08   214
 1.0000E-03 3.5578E-01 8.9328E-02 8.9326E-02 7.4327E-07  2.2473E-04 4.0217E-01 8.8597E-08   214
 1.0000E-03 3.5729E-01 9.0499E-02 9.0497E-02 7.5514E-07  2.2331E-04 4.0217E-01 9.0011E-08   214
 1.0000E-03 3.5879E-01 9.1740E-02 9.1739E-02 7.6835E-07  2.2279E-04 4.0217E-01 9.1588E-08   214
 1.0000E-03 3.6030E-01 9.3054E-02 9.3054E-02 7.8300E-07  2.2102E-04 4.0217E-01 9.3333E-08   214
 1.0000E-03 3.6181E-01 9.4449E-02 9.4448E-02 7.9918E-07  2.1972E-04 4.0217E-01 9.5263E-08   214
 1.0000E-03 3.6332E-01 9.5926E-02 9.5925E-02 8.1696E-07  2.1843E-04 4.0217E-01 9.7383E-08   214
 1.0000E-03 3.6482E-01 9.7477E-02 9.7476E-02 8.3619E-07  2.1757E-04 4.0217E-01 9.9675E-08   214
 1.0000E-03 3.6633E-01 9.9106E-02 9.9105E-02 8.5695E-07  2.1655E-04 4.0217E-01 1.0215E-07   214
 1.0000E-03 3.6784E-01 1.0082E-01 1.0082E-01 8.7935E-07  2.1434E-04 4.0217E-01 1.0482E-07   214
 1.0000E-03 3.6935E-01 1.0261E-01 1.0261E-01 9.0345E-07  2.1342E-04 4.0217E-01 1.0769E-07   214
 1.0000E-03 3.7085E-01 1.0449E-01 1.0449E-01 9.2907E-07  2.1095E-04 4.0217E-01 1.1075E-07   214
 1.0000E-03 3.7236E-01 1.0644E-01 1.0643E-01 9.5628E-07  2.1139E-04 4.0217E-01 1.1399E-07   214
 1.0000E-03 3.7387E-01 1.0845E-01 1.0845E-01 9.8489E-07  2.0962E-04 4.0217E-01 1.1740E-07   214
 1.0000E-03 3.7538E-01 1.1054E-01 1.1054E-01 1.0150E-06  2.0821E-04 4.0217E-01 1.2099E-07   214
 1.0000E-03 3.7688E-01 1.1270E-01 1.1269E-01 1.0469E-06  2.3487E-04 4.0254E-01 1.2477E-07   184
 1.0000E-03 3.7839E-01 1.1493E-01 1.1493E-01 1.0803E-06  2.3367E-04 4.0254E-01 1.2875E-07   184
 1.0000E-03 3.7990E-01 1.1725E-01 1.1725E-01 1.1155E-06  2.3295E-04 4.0254E-01 1.3294E-07   184
 1.0000E-03 3.8141E-01 1.1965E-01 1.1965E-01 1.1524E-06  2.3170E-04 4.0253E-01 1.3735E-07   184
 1.0000E-03 3.8291E-01 1.2202E-01 1.2202E-01 1.1891E-06  2.3073E-04 4.0254E-01 1.4172E-07   184
 1.0000E-03 3.8442E-01 1.2446E-01 1.2446E-01 1.2274E-06  2.2891E-04 4.0254E-01 1.4628E-07   184
 1.0000E-03 3.8593E-01 1.2697E-01 1.2697E-01 1.2674E-06  2.2825E-04 4.0254E-01 1.5105E-07   184
 1.0000E-03 3.8744E-01 1.2956E-01 1.2956E-01 1.3093E-06  2.2695E-04 4.0254E-01 1.5605E-07   184
 1.0000E-03 3.8894E-01 1.3223E-01 1.3223E-01 1.3531E-06  2.2529E-04 4.0254E-01 1.6127E-07   184
 1.0000E-03 3.9045E-01 1.3497E-01 1.3497E-01 1.3989E-06  2.2416E-04 4.0254E-01 1.6672E-07   184
 1.0000E-03 3.9196E-01 1.3777E-01 1.3777E-01 1.4464E-06  2.2307E-04 4.0254E-01 1.7238E-07   184
 1.0000E-03 3.9347E-01 1.4063E-01 1.4063E-01 1.4957E-06  2.2199E-04 4.0254E-01 1.7826E-07   184
 1.0000E-03 3.9497E-01 1.4356E-01 1.4356E-01 1.5469E-06  2.2127E-04 4.0254E-01 1.8436E-07   184
 1.0000E-03 3.9648E-01 1.4653E-01 1.4653E-01 1.5998E-06  2.1932E-04 4.0254E-01 1.9067E-07   184
 1.0000E-03 3.9799E-01 1.4958E-01 1.4958E-01 1.6553E-06  2.1856E-04 4.0254E-01 1.9729E-07   184
 1.0000E-03 3.9950E-01 1.5273E-01 1.5273E-01 1.7139E-06  2.1809E-04 4.0254E-01 2.0427E-07   184
 1.0000E-03 4.0101E-01 1.5590E-01 1.5590E-01 1.7741E-06  2.1634E-04 4.0254E-01 2.1145E-07   184
 1.0000E-03 4.0251E-01 1.5909E-01 1.5909E-01 1.8361E-06  2.1567E-04 4.0254E-01 2.1883E-07   184
 1.0000E-03 4.0402E-01 1.6228E-01 1.6228E-01 1.8995E-06  2.1405E-04 4.0254E-01 2.2639E-07   184
 1.0000E-03 4.0553E-01 1.6545E-01 1.6545E-01 1.9642E-06  2.1294E-04 4.0254E-01 2.3410E-07   184
 1.0000E-03 4.0704E-01 1.6859E-01 1.6859E-01 2.0299E-06  2.1221E-04 4.0254E-01 2.4193E-07   184
 1.0000E-03 4.0854E-01 1.7166E-01 1.7165E-01 2.0962E-06  2.1177E-04 4.0253E-01 2.4984E-07   184
 1.0000E-03 4.1005E-01 1.7464E-01 1.7464E-01 2.1628E-06  2.1016E-04 4.0254E-01 2.5778E-07   184
 1.0000E-03 4.1156E-01 1.7751E-01 1.7750E-01 2.2294E-06  2.0950E-04 4.0254E-01 2.6571E-07   184
 1.0000E-03 4.1307E-01 1.8022E-01 1.8022E-01 2.2953E-06  2.0801E-04 4.0254E-01 2.7357E-07   184
 1.0000E-03 4.1457E-01 1.8266E-01 1.8266E-01 2.3575E-06  2.0775E-04 4.0254E-01 2.8099E-07   184
 1.0000E-03 4.1608E-01 1.8488E-01 1.8487E-01 2.4177E-06  2.0718E-04 4.0254E-01 2.8816E-07   184
 1.0000E-03 4.1759E-01 1.8685E-01 1.8685E-01 2.4757E-06  2.0611E-04 4.0254E-01 2.9507E-07   184
 1.0000E-03 4.1910E-01 1.8855E-01 1.8855E-01 2.5308E-06  2.0481E-04 4.0254E-01 3.0165E-07   184
 1.0000E-03 4.2060E-01 1.8995E-01 1.8995E-01 2.5825E-06  2.0438E-04 4.0253E-01 3.0781E-07   184
 1.0000E-03 4.2211E-01 1.9102E-01 1.9102E-01 2.6301E-06  2.0327E-04 4.0254E-01 3.1347E-07   184
 1.0000E-03 4.2362E-01 1.9172E-01 1.9172E-01 2.6728E-06  2.0261E-04 4.0253E-01 3.1857E-07   184
 1.0000E-03 4.2513E-01 1.9204E-01 1.9204E-01 2.7102E-06  2.0154E-04 4.0253E-01 3.2302E-07   184
 1.0000E-03 4.2663E-01 1.9197E-01 1.9196E-01 2.7416E-06  2.0079E-04 4.0254E-01 3.2677E-07   184
 1.0000E-03 4.2814E-01 1.9146E-01 1.9146E-01 2.7666E-06  2.0019E-04 4.0254E-01 3.2975E-07   184
 1.0000E-03 4.2965E-01 1.9055E-01 1.9055E-01 2.7849E-06  1.9949E-04 4.0254E-01 3.3193E-07   184
 1.0000E-03 4.3116E-01 1.8927E-01 1.8927E-01 2.7978E-06  1.9922E-04 4.0254E-01 3.3347E-07   184
 1.0000E-03 4.3266E-01 1.8764E-01 1.8764E-01 2.8054E-06  1.9909E-04 4.0254E-01 3.3437E-07   184
 1.0000E-03 4.3417E-01 1.8562E-01 1.8561E-01 2.8056E-06  1.9762E-04 4.0254E-01 3.3440E-07   184
 1.0000E-03 4.3568E-01 1.8321E-01 1.8321E-01 2.7986E-06  1.9687E-04 4.0253E-01 3.3357E-07   184
 1.0000E-03 4.3719E-01 1.8046E-01 1.8046E-01 2.7843E-06  1.9636E-04 4.0253E-01 3.3187E-07   184
 1.0000E-03 4.3869E-01 1.7742E-01 1.7742E-01 2.7636E-06  1.9569E-04 4.0253E-01 3.2939E-07   184
 1.0000E-03 4.4020E-01 1.7411E-01 1.7411E-01 2.7369E-06  1.9526E-04 4.0253E-01 3.2621E-07   184
 1.0000E-03 4.4171E-01 1.7058E-01 1.7058E-01 2.7047E-06  1.9458E-04 4.0254E-01 3.2238E-07   184
 1.0000E-03 4.4322E-01 1.6687E-01 1.6686E-01 2.6675E-06  1.9417E-04 4.0254E-01 3.1794E-07   184
 1.0000E-03 4.4472E-01 1.6300E-01 1.6300E-01 2.6258E-06  1.9369E-04 4.0254E-01 3.1297E-07   184
 1.0000E-03 4.4623E-01 1.5903E-01 1.5903E-01 2.5803E-06  1.9292E-04 4.0253E-01 3.0755E-07   184
 1.0000E-03 4.4774E-01 1.5500E-01 1.5500E-01 2.5318E-06  1.9263E-04 4.0254E-01 3.0177E-07   184
 1.0000E-03 4.4925E-01 1.5094E-01 1.5094E-01 2.4809E-06  1.9245E-04 4.0253E-01 2.9571E-07   184
 1.0000E-03 4.5075E-01 1.4686E-01 1.4686E-01 2.4281E-06  1.9184E-04 4.0254E-01 2.8940E-07   184
 1.0000E-03 4.5226E-01 1.4281E-01 1.4280E-01 2.3708E-06  1.9130E-04 4.0253E-01 2.8258E-07   184
 1.0000E-03 4.5377E-01 1.3879E-01 1.3879E-01 2.3126E-06  1.9104E-04 4.0253E-01 2.7564E-07   184
 1.0000E-03 4.5528E-01 1.3484E-01 1.3484E-01 2.2543E-06  1.9040E-04 4.0254E-01 2.6869E-07   184
 1.0000E-03 4.5678E-01 1.3096E-01 1.3096E-01 2.1963E-06  1.9039E-04 4.0254E-01 2.6178E-07   184
 1.0000E-03 4.5829E-01 1.2717E-01 1.2717E-01 2.1388E-06  1.9011E-04 4.0253E-01 2.5492E-07   184
 1.0000E-03 4.5980E-01 1.2347E-01 1.2347E-01 2.0819E-06  1.8964E-04 4.0253E-01 2.4815E-07   184
 1.0000E-03 4.6131E-01 1.1988E-01 1.1988E-01 2.0259E-06  1.8905E-04 4.0254E-01 2.4147E-07   184
 1.0000E-03 4.6281E-01 1.1640E-01 1.1639E-01 1.9709E-06  1.8855E-04 4.0254E-01 2.3492E-07   184
 1.0000E-03 4.6432E-01 1.1303E-01 1.1303E-01 1.9171E-06  1.8857E-04 4.0254E-01 2.2850E-07   184
 1.0000E-03 4.6583E-01 1.0977E-01 1.0977E-01 1.8647E-06  1.8792E-04 4.0253E-01 2.2225E-07   184
 1.0000E-03 4.6734E-01 1.0663E-01 1.0663E-01 1.8136E-06  1.8771E-04 4.0253E-01 2.1617E-07   184
 1.0000E-03 4.6884E-01 1.0361E-01 1.0361E-01 1.7640E-06  1.8735E-04 4.0254E-01 2.1026E-07   184
 1.0000E-03 4.7035E-01 1.0070E-01 1.0070E-01 1.7158E-06  1.8714E-04 4.0254E-01 2.0452E-07   184
 1.0000E-03 4.7186E-01 9.7943E-02 9.7941E-02 1.6698E-06  1.8664E-04 4.0253E-01 1.9903E-07   184
 1.0000E-03 4.7337E-01 9.5354E-02 9.5353E-02 1.6265E-06  1.8590E-04 4.0254E-01 1.9387E-07   184
 1.0000E-03 4.7487E-01 9.2858E-02 9.2857E-02 1.5847E-06  1.8596E-04 4.0253E-01 1.8888E-07   184
 1.0000E-03 4.7638E-01 9.0454E-02 9.0452E-02 1.5443E-06  1.8563E-04 4.0254E-01 1.8407E-07   184
 1.0000E-03 4.7789E-01 8.8140E-02 8.8138E-02 1.5053E-06  1.8550E-04 4.0253E-01 1.7942E-07   184
 1.0000E-03 4.7940E-01 8.5914E-02 8.5913E-02 1.4677E-06  1.8522E-04 4.0254E-01 1.7494E-07   184
 1.0000E-03 4.8090E-01 8.3773E-02 8.3772E-02 1.4316E-06  1.8476E-04 4.0253E-01 1.7064E-07   184
 1.0000E-03 4.8241E-01 8.1715E-02 8.1713E-02 1.3970E-06  1.8433E-04 4.0253E-01 1.6651E-07   184
 1.0000E-03 4.8392E-01 7.9733E-02 7.9731E-02 1.3637E-06  1.8396E-04 4.0254E-01 1.6255E-07   184
 1.0000E-03 4.8543E-01 7.7824E-02 7.7823E-02 1.3319E-06  1.8361E-04 4.0253E-01 1.5875E-07   184
 1.0000E-03 4.8693E-01 7.5984E-02 7.5983E-02 1.3014E-06  1.8398E-04 4.0253E-01 1.5512E-07   184
 1.0000E-03 4.8844E-01 7.4209E-02 7.4208E-02 1.2722E-06  1.8355E-04 4.0253E-01 1.5164E-07   184
 1.0000E-03 4.8995E-01 7.2495E-02 7.2494E-02 1.2444E-06  1.8286E-04 4.0253E-01 1.4832E-07   184
 1.0000E-03 4.9146E-01 7.0835E-02 7.0835E-02 1.2178E-06  1.8251E-04 4.0253E-01 1.4515E-07   184
 1.0000E-03 4.9296E-01 6.9225E-02 6.9224E-02 1.1924E-06  1.8266E-04 4.0253E-01 1.4213E-07   184
 1.0000E-03 4.9447E-01 6.7659E-02 6.7658E-02 1.1682E-06  1.8199E-04 4.0254E-01 1.3924E-07   184
 1.0000E-03 4.9598E-01 6.6127E-02 6.6126E-02 1.1452E-06  1.8212E-04 4.0253E-01 1.3650E-07   184
 1.0000E-03 4.9749E-01 6.4532E-02 6.4531E-02 1.1253E-06  1.8127E-04 4.0253E-01 1.3413E-07   184
 1.0000E-03 4.9900E-01 6.2947E-02 6.2946E-02 1.1060E-06  1.8148E-04 4.0254E-01 1.3182E-07   184
 1.0000E-03 5.0050E-01 6.1367E-02 6.1366E-02 1.0870E-06  1.8102E-04 4.0254E-01 1.2957E-07   184
 1.0000E-03 5.0201E-01 5.9789E-02 5.9788E-02 1.0685E-06  1.8063E-04 4.0253E-01 1.2736E-07   184
 1.0000E-03 5.0352E-01 5.8210E-02 5.8208E-02 1.0503E-06  1.8068E-04 4.0253E-01 1.2519E-07   184
 1.0000E-03 5.0503E-01 5.6627E-02 5.6626E-02 1.0323E-06  1.8007E-04 4.0253E-01 1.2305E-07   184
 1.0000E-03 5.0653E-01 5.5040E-02 5.5039E-02 1.0145E-06  1.7979E-04 4.0254E-01 1.2092E-07   184
 1.0000E-03 5.0804E-01 5.3448E-02 5.3447E-02 9.9687E-07  1.7966E-04 4.0253E-01 1.1882E-07   184
 1.0000E-03 5.0955E-01 5.1851E-02 5.1850E-02 9.7932E-07  1.7916E-04 4.0253E-01 1.1673E-07   184
 1.0000E-03 5.1106E-01 5.0249E-02 5.0249E-02 9.6183E-07  1.7885E-04 4.0253E-01 1.1464E-07   184
 1.0000E-03 5.1256E-01 4.8645E-02 4.8644E-02 9.4436E-07  1.7826E-04 4.0253E-01 1.1256E-07   184
 1.0000E-03 5.1407E-01 4.7039E-02 4.7038E-02 9.2689E-07  1.7848E-04 4.0253E-01 1.1048E-07   184
 1.0000E-03 5.1558E-01 4.5435E-02 4.5434E-02 9.0939E-07  1.7803E-04 4.0253E-01 1.0840E-07   184
 1.0000E-03 5.1709E-01 4.3835E-02 4.3834E-02 8.9186E-07  1.7752E-04 4.0253E-01 1.0631E-07   184
 1.0000E-03 5.1859E-01 4.2243E-02 4.2242E-02 8.7430E-07  1.7747E-04 4.0253E-01 1.0421E-07   184
 1.0000E-03 5.2010E-01 4.0661E-02 4.0660E-02 8.5669E-07  1.7710E-04 4.0253E-01 1.0211E-07   184
 1.0000E-03 5.2161E-01 3.9134E-02 3.9133E-02 8.3776E-07  1.7661E-04 4.0254E-01 9.9858E-08   184
 1.0000E-03 5.2312E-01 3.7697E-02 3.7696E-02 8.1765E-07  1.7663E-04 4.0253E-01 9.7461E-08   184
 1.0000E-03 5.2462E-01 3.6311E-02 3.6310E-02 7.9792E-07  1.7535E-04 4.0253E-01 9.5110E-08   184
 1.0000E-03 5.2613E-01 3.4977E-02 3.4976E-02 7.7859E-07  1.7671E-04 4.0253E-01 9.2804E-08   184
 1.0000E-03 5.2764E-01 3.3693E-02 3.3693E-02 7.5966E-07  1.7548E-04 4.0253E-01 9.0550E-08   184
 1.0000E-03 5.2915E-01 3.2460E-02 3.2460E-02 7.4114E-07  1.7476E-04 4.0253E-01 8.8340E-08   184
 1.0000E-03 5.3065E-01 3.1277E-02 3.1276E-02 7.2305E-07  1.7456E-04 4.0253E-01 8.6184E-08   184
 1.0000E-03 5.3216E-01 3.0142E-02 3.0141E-02 7.0538E-07  1.7407E-04 4.0253E-01 8.4079E-08   184
 1.0000E-03 5.3367E-01 2.9054E-02 2.9054E-02 6.8813E-07  1.7390E-04 4.0253E-01 8.2023E-08   184
 1.0000E-03 5.3518E-01 2.8014E-02 2.8013E-02 6.7132E-07  1.7339E-04 4.0253E-01 8.0020E-08   184
 1.0000E-03 5.3668E-01 2.7019E-02 2.7018E-02 6.5494E-07  1.7255E-04 4.0253E-01 7.8066E-08   184
 1.0000E-03 5.3819E-01 2.6067E-02 2.6067E-02 6.3899E-07  1.7298E-04 4.0253E-01 7.6166E-08   184
 1.0000E-03 5.3970E-01 2.5158E-02 2.5158E-02 6.2346E-07  1.7256E-04 4.0253E-01 7.4314E-08   184
 1.0000E-03 5.4121E-01 2.4290E-02 2.4290E-02 6.0836E-07  1.7227E-04 4.0253E-01 7.2515E-08   184
 1.0000E-03 5.4271E-01 2.3462E-02 2.3461E-02 5.9368E-07  1.7139E-04 4.0253E-01 7.0765E-08   184
 1.0000E-03 5.4422E-01 2.2672E-02 2.2671E-02 5.7941E-07  1.7135E-04 4.0253E-01 6.9064E-08   184
 1.0000E-03 5.4573E-01 2.1918E-02 2.1917E-02 5.6555E-07  1.7123E-04 4.0253E-01 6.7412E-08   184
 1.0000E-03 5.4724E-01 2.1199E-02 2.1198E-02 5.5208E-07  1.7117E-04 4.0253E-01 6.5807E-08   184
 1.0000E-03 5.4874E-01 2.0514E-02 2.0513E-02 5.3904E-07  1.7102E-04 4.0253E-01 6.4252E-08   184
 1.0000E-03 5.5025E-01 1.9863E-02 1.9863E-02 5.2669E-07  1.7040E-04 4.0253E-01 6.2781E-08   184
 1.0000E-03 5.5176E-01 1.9240E-02 1.9239E-02 5.1472E-07  1.6968E-04 4.0253E-01 6.1353E-08   184
 1.0000E-03 5.5327E-01 1.8642E-02 1.8641E-02 5.0310E-07  1.6930E-04 4.0253E-01 5.9968E-08   184
 1.0000E-03 5.5477E-01 1.8069E-02 1.8069E-02 4.9184E-07  1.6942E-04 4.0253E-01 5.8625E-08   184
 1.0000E-03 5.5628E-01 1.7520E-02 1.7519E-02 4.8090E-07  1.6857E-04 4.0253E-01 5.7323E-08   184
 1.0000E-03 5.5779E-01 1.6993E-02 1.6992E-02 4.7030E-07  1.6818E-04 4.0253E-01 5.6058E-08   184
 1.0000E-03 5.5930E-01 1.6487E-02 1.6487E-02 4.6000E-07  1.6870E-04 4.0253E-01 5.4832E-08   184
 1.0000E-03 5.6080E-01 1.6003E-02 1.6002E-02 4.5002E-07  1.6809E-04 4.0253E-01 5.3641E-08   184
 1.0000E-03 5.6231E-01 1.5538E-02 1.5538E-02 4.4033E-07  1.6792E-04 4.0253E-01 5.2486E-08   184
 1.0000E-03 5.6382E-01 1.5093E-02 1.5092E-02 4.3092E-07  1.6779E-04 4.0253E-01 5.1365E-08   184
 1.0000E-03 5.6533E-01 1.4665E-02 1.4665E-02 4.2179E-07  1.6716E-04 4.0253E-01 5.0276E-08   184
 1.0000E-03 5.6683E-01 1.4255E-02 1.4254E-02 4.1293E-07  1.6625E-04 4.0253E-01 4.9220E-08   184
 1.0000E-03 5.6834E-01 1.3861E-02 1.3860E-02 4.0432E-07  1.6623E-04 4.0253E-01 4.8194E-08   184
 1.0000E-03 5.6985E-01 1.3482E-02 1.3482E-02 3.9597E-07  1.6583E-04 4.0253E-01 4.7198E-08   184
 1.0000E-03 5.7136E-01 1.3118E-02 1.3118E-02 3.8786E-07  1.6529E-04 4.0253E-01 4.6233E-08   184
 1.0000E-03 5.7286E-01 1.2768E-02 1.2768E-02 3.7998E-07  1.6606E-04 4.0253E-01 4.5293E-08   184
 1.0000E-03 5.7437E-01 1.2431E-02 1.2431E-02 3.7233E-07  1.6563E-04 4.0253E-01 4.4381E-08   184
 1.0000E-03 5.7588E-01 1.2107E-02 1.2106E-02 3.6490E-07  1.6468E-04 4.0253E-01 4.3495E-08   184
 1.0000E-03 5.7739E-01 1.1793E-02 1.1793E-02 3.5767E-07  1.6467E-04 4.0253E-01 4.2634E-08   184
 1.0000E-03 5.7889E-01 1.1491E-02 1.1491E-02 3.5065E-07  1.6530E-04 4.0254E-01 4.1797E-08   184
 1.0000E-03 5.8040E-01 1.1199E-02 1.1199E-02 3.4382E-07  1.6412E-04 4.0253E-01 4.0983E-08   184
 1.0000E-03 5.8191E-01 1.0917E-02 1.0917E-02 3.3717E-07  1.6361E-04 4.0253E-01 4.0191E-08   184
 1.0000E-03 5.8342E-01 1.0643E-02 1.0642E-02 3.3064E-07  1.6342E-04 4.0253E-01 3.9412E-08   184
 1.0000E-03 5.8492E-01 1.0376E-02 1.0376E-02 3.2428E-07  1.6288E-04 4.0253E-01 3.8654E-08   184
 1.0000E-03 5.8643E-01 1.0117E-02 1.0117E-02 3.1809E-07  1.6274E-04 4.0253E-01 3.7916E-08   184
 1.0000E-03 5.8794E-01 9.8659E-03 9.8655E-03 3.1207E-07  1.6269E-04 4.0253E-01 3.7198E-08   184
 1.0000E-03 5.8945E-01 9.6217E-03 9.6214E-03 3.0620E-07  1.6200E-04 4.0253E-01 3.6499E-08   184
 1.0000E-03 5.9095E-01 9.3847E-03 9.3843E-03 3.0048E-07  1.6213E-04 4.0253E-01 3.5817E-08   184
 1.0000E-03 5.9246E-01 9.1543E-03 9.1541E-03 2.9491E-07  1.6283E-04 4.0253E-01 3.5152E-08   184
 1.0000E-03 5.9397E-01 8.9305E-03 8.9302E-03 2.8947E-07  1.6139E-04 4.0253E-01 3.4504E-08   184
 1.0000E-03 5.9548E-01 8.7132E-03 8.7129E-03 2.8416E-07  1.6169E-04 4.0253E-01 3.3871E-08   184
 1.0000E-03 5.9698E-01 8.5025E-03 8.5023E-03 2.7897E-07  1.6049E-04 4.0253E-01 3.3254E-08   184
 1.0000E-03 5.9849E-01 8.2984E-03 8.2982E-03 2.7391E-07  1.6044E-04 4.0253E-01 3.2650E-08   184
 1.0000E-03 6.0000E-01 8.1011E-03 8.1009E-03 2.6897E-07  1.6059E-04 4.0253E-01 3.2061E-08   184
