 DDSCAT --- DDSCAT 7.3.3 [22.01.20]   
 TARGET --->TARGSPHER  spherical target with explicit spacing                 
 GPFAFT --- method of solution 
 GKDLDR --- prescription for polarizabilities
 FROM_FILE --- shape 
   33401 = NAT0 = number of dipoles
 ../diel/Pena26Au74Ag                                        
 ../diel/Au_evap                                             
   0.000   0.000 = beta_min, beta_max ;  NBETA = 1
   0.000   0.000 = theta_min, theta_max; NTHETA= 1
   0.000   0.000 = phi_min, phi_max   ;   NPHI = 1
 Results averaged over    1 target orientations
                   and  1 incident polarizations
   aeff       wave      Q_pha
 1.0000E-03 3.0000E-01  2.1560E-02
 1.0000E-03 3.0151E-01  2.1198E-02
 1.0000E-03 3.0302E-01  2.0811E-02
 1.0000E-03 3.0452E-01  2.0419E-02
 1.0000E-03 3.0603E-01  2.0021E-02
 1.0000E-03 3.0754E-01  1.9617E-02
 1.0000E-03 3.0905E-01  1.9231E-02
 1.0000E-03 3.1055E-01  1.8852E-02
 1.0000E-03 3.1206E-01  1.8505E-02
 1.0000E-03 3.1357E-01  1.8154E-02
 1.0000E-03 3.1508E-01  1.7796E-02
 1.0000E-03 3.1658E-01  1.7429E-02
 1.0000E-03 3.1809E-01  1.7055E-02
 1.0000E-03 3.1960E-01  1.6667E-02
 1.0000E-03 3.2111E-01  1.6232E-02
 1.0000E-03 3.2261E-01  1.5749E-02
 1.0000E-03 3.2412E-01  1.5252E-02
 1.0000E-03 3.2563E-01  1.4739E-02
 1.0000E-03 3.2714E-01  1.4184E-02
 1.0000E-03 3.2864E-01  1.3591E-02
 1.0000E-03 3.3015E-01  1.2985E-02
 1.0000E-03 3.3166E-01  1.2371E-02
 1.0000E-03 3.3317E-01  1.1787E-02
 1.0000E-03 3.3467E-01  1.1195E-02
 1.0000E-03 3.3618E-01  1.0601E-02
 1.0000E-03 3.3769E-01  1.0020E-02
 1.0000E-03 3.3920E-01  9.4483E-03
 1.0000E-03 3.4070E-01  8.8851E-03
 1.0000E-03 3.4221E-01  8.3297E-03
 1.0000E-03 3.4372E-01  7.7819E-03
 1.0000E-03 3.4523E-01  7.2449E-03
 1.0000E-03 3.4673E-01  6.7301E-03
 1.0000E-03 3.4824E-01  6.2258E-03
 1.0000E-03 3.4975E-01  5.7319E-03
 1.0000E-03 3.5126E-01  5.2480E-03
 1.0000E-03 3.5276E-01  4.7737E-03
 1.0000E-03 3.5427E-01  4.3104E-03
 1.0000E-03 3.5578E-01  3.8497E-03
 1.0000E-03 3.5729E-01  3.4010E-03
 1.0000E-03 3.5879E-01  2.9647E-03
 1.0000E-03 3.6030E-01  2.5413E-03
 1.0000E-03 3.6181E-01  2.1317E-03
 1.0000E-03 3.6332E-01  1.7377E-03
 1.0000E-03 3.6482E-01  1.3626E-03
 1.0000E-03 3.6633E-01  1.0052E-03
 1.0000E-03 3.6784E-01  6.6713E-04
 1.0000E-03 3.6935E-01  3.5680E-04
 1.0000E-03 3.7085E-01  7.0790E-05
 1.0000E-03 3.7236E-01 -1.8804E-04
 1.0000E-03 3.7387E-01 -4.1640E-04
 1.0000E-03 3.7538E-01 -6.1496E-04
 1.0000E-03 3.7688E-01 -7.8050E-04
 1.0000E-03 3.7839E-01 -9.0940E-04
 1.0000E-03 3.7990E-01 -9.9754E-04
 1.0000E-03 3.8141E-01 -1.0403E-03
 1.0000E-03 3.8291E-01 -1.0311E-03
 1.0000E-03 3.8442E-01 -9.7707E-04
 1.0000E-03 3.8593E-01 -8.7383E-04
 1.0000E-03 3.8744E-01 -7.1607E-04
 1.0000E-03 3.8894E-01 -4.9797E-04
 1.0000E-03 3.9045E-01 -2.1344E-04
 1.0000E-03 3.9196E-01  1.3836E-04
 1.0000E-03 3.9347E-01  5.6249E-04
 1.0000E-03 3.9497E-01  1.0655E-03
 1.0000E-03 3.9648E-01  1.6544E-03
 1.0000E-03 3.9799E-01  2.3344E-03
 1.0000E-03 3.9950E-01  3.1141E-03
 1.0000E-03 4.0101E-01  3.9976E-03
 1.0000E-03 4.0251E-01  4.9927E-03
 1.0000E-03 4.0402E-01  6.1069E-03
 1.0000E-03 4.0553E-01  7.3469E-03
 1.0000E-03 4.0704E-01  8.7187E-03
 1.0000E-03 4.0854E-01  1.0228E-02
 1.0000E-03 4.1005E-01  1.1874E-02
 1.0000E-03 4.1156E-01  1.3659E-02
 1.0000E-03 4.1307E-01  1.5585E-02
 1.0000E-03 4.1457E-01  1.7643E-02
 1.0000E-03 4.1608E-01  1.9832E-02
 1.0000E-03 4.1759E-01  2.2147E-02
 1.0000E-03 4.1910E-01  2.4580E-02
 1.0000E-03 4.2060E-01  2.7116E-02
 1.0000E-03 4.2211E-01  2.9743E-02
 1.0000E-03 4.2362E-01  3.2443E-02
 1.0000E-03 4.2513E-01  3.5200E-02
 1.0000E-03 4.2663E-01  3.7992E-02
 1.0000E-03 4.2814E-01  4.0799E-02
 1.0000E-03 4.2965E-01  4.3592E-02
 1.0000E-03 4.3116E-01  4.6367E-02
 1.0000E-03 4.3266E-01  4.9108E-02
 1.0000E-03 4.3417E-01  5.1769E-02
 1.0000E-03 4.3568E-01  5.4329E-02
 1.0000E-03 4.3719E-01  5.6763E-02
 1.0000E-03 4.3869E-01  5.9058E-02
 1.0000E-03 4.4020E-01  6.1206E-02
 1.0000E-03 4.4171E-01  6.3197E-02
 1.0000E-03 4.4322E-01  6.5025E-02
 1.0000E-03 4.4472E-01  6.6686E-02
 1.0000E-03 4.4623E-01  6.8179E-02
 1.0000E-03 4.4774E-01  6.9510E-02
 1.0000E-03 4.4925E-01  7.0684E-02
 1.0000E-03 4.5075E-01  7.1707E-02
 1.0000E-03 4.5226E-01  7.2498E-02
 1.0000E-03 4.5377E-01  7.3158E-02
 1.0000E-03 4.5528E-01  7.3704E-02
 1.0000E-03 4.5678E-01  7.4146E-02
 1.0000E-03 4.5829E-01  7.4491E-02
 1.0000E-03 4.5980E-01  7.4747E-02
 1.0000E-03 4.6131E-01  7.4919E-02
 1.0000E-03 4.6281E-01  7.5016E-02
 1.0000E-03 4.6432E-01  7.5046E-02
 1.0000E-03 4.6583E-01  7.5017E-02
 1.0000E-03 4.6734E-01  7.4936E-02
 1.0000E-03 4.6884E-01  7.4806E-02
 1.0000E-03 4.7035E-01  7.4634E-02
 1.0000E-03 4.7186E-01  7.4435E-02
 1.0000E-03 4.7337E-01  7.4226E-02
 1.0000E-03 4.7487E-01  7.3994E-02
 1.0000E-03 4.7638E-01  7.3742E-02
 1.0000E-03 4.7789E-01  7.3474E-02
 1.0000E-03 4.7940E-01  7.3194E-02
 1.0000E-03 4.8090E-01  7.2906E-02
 1.0000E-03 4.8241E-01  7.2612E-02
 1.0000E-03 4.8392E-01  7.2317E-02
 1.0000E-03 4.8543E-01  7.2023E-02
 1.0000E-03 4.8693E-01  7.1731E-02
 1.0000E-03 4.8844E-01  7.1445E-02
 1.0000E-03 4.8995E-01  7.1165E-02
 1.0000E-03 4.9146E-01  7.0895E-02
 1.0000E-03 4.9296E-01  7.0636E-02
 1.0000E-03 4.9447E-01  7.0388E-02
 1.0000E-03 4.9598E-01  7.0159E-02
 1.0000E-03 4.9749E-01  7.0042E-02
 1.0000E-03 4.9900E-01  6.9926E-02
 1.0000E-03 5.0050E-01  6.9807E-02
 1.0000E-03 5.0201E-01  6.9686E-02
 1.0000E-03 5.0352E-01  6.9561E-02
 1.0000E-03 5.0503E-01  6.9429E-02
 1.0000E-03 5.0653E-01  6.9288E-02
 1.0000E-03 5.0804E-01  6.9136E-02
 1.0000E-03 5.0955E-01  6.8973E-02
 1.0000E-03 5.1106E-01  6.8795E-02
 1.0000E-03 5.1256E-01  6.8601E-02
 1.0000E-03 5.1407E-01  6.8390E-02
 1.0000E-03 5.1558E-01  6.8159E-02
 1.0000E-03 5.1709E-01  6.7908E-02
 1.0000E-03 5.1859E-01  6.7636E-02
 1.0000E-03 5.2010E-01  6.7342E-02
 1.0000E-03 5.2161E-01  6.6963E-02
 1.0000E-03 5.2312E-01  6.6502E-02
 1.0000E-03 5.2462E-01  6.6028E-02
 1.0000E-03 5.2613E-01  6.5545E-02
 1.0000E-03 5.2764E-01  6.5055E-02
 1.0000E-03 5.2915E-01  6.4557E-02
 1.0000E-03 5.3065E-01  6.4055E-02
 1.0000E-03 5.3216E-01  6.3547E-02
 1.0000E-03 5.3367E-01  6.3037E-02
 1.0000E-03 5.3518E-01  6.2525E-02
 1.0000E-03 5.3668E-01  6.2012E-02
 1.0000E-03 5.3819E-01  6.1499E-02
 1.0000E-03 5.3970E-01  6.0987E-02
 1.0000E-03 5.4121E-01  6.0476E-02
 1.0000E-03 5.4271E-01  5.9968E-02
 1.0000E-03 5.4422E-01  5.9462E-02
 1.0000E-03 5.4573E-01  5.8960E-02
 1.0000E-03 5.4724E-01  5.8463E-02
 1.0000E-03 5.4874E-01  5.7971E-02
 1.0000E-03 5.5025E-01  5.7501E-02
 1.0000E-03 5.5176E-01  5.7038E-02
 1.0000E-03 5.5327E-01  5.6581E-02
 1.0000E-03 5.5477E-01  5.6130E-02
 1.0000E-03 5.5628E-01  5.5685E-02
 1.0000E-03 5.5779E-01  5.5246E-02
 1.0000E-03 5.5930E-01  5.4813E-02
 1.0000E-03 5.6080E-01  5.4388E-02
 1.0000E-03 5.6231E-01  5.3968E-02
 1.0000E-03 5.6382E-01  5.3554E-02
 1.0000E-03 5.6533E-01  5.3147E-02
 1.0000E-03 5.6683E-01  5.2745E-02
 1.0000E-03 5.6834E-01  5.2351E-02
 1.0000E-03 5.6985E-01  5.1962E-02
 1.0000E-03 5.7136E-01  5.1580E-02
 1.0000E-03 5.7286E-01  5.1204E-02
 1.0000E-03 5.7437E-01  5.0835E-02
 1.0000E-03 5.7588E-01  5.0470E-02
 1.0000E-03 5.7739E-01  5.0112E-02
 1.0000E-03 5.7889E-01  4.9760E-02
 1.0000E-03 5.8040E-01  4.9413E-02
 1.0000E-03 5.8191E-01  4.9072E-02
 1.0000E-03 5.8342E-01  4.8731E-02
 1.0000E-03 5.8492E-01  4.8395E-02
 1.0000E-03 5.8643E-01  4.8064E-02
 1.0000E-03 5.8794E-01  4.7739E-02
 1.0000E-03 5.8945E-01  4.7418E-02
 1.0000E-03 5.9095E-01  4.7102E-02
 1.0000E-03 5.9246E-01  4.6790E-02
 1.0000E-03 5.9397E-01  4.6482E-02
 1.0000E-03 5.9548E-01  4.6179E-02
 1.0000E-03 5.9698E-01  4.5878E-02
 1.0000E-03 5.9849E-01  4.5582E-02
 1.0000E-03 6.0000E-01  4.5289E-02
