 DDSCAT --- DDSCAT 7.3.3 [22.01.20]   
 TARGET --->TARGSPHER  spherical target with explicit spacing                 
 GPFAFT --- method of solution 
 FLTRCD --- prescription for polarizabilities
 FROM_FILE --- shape 
    4169 = NAT0 = number of dipoles
 ../../diel/Pena-Rioux_dielectric_26Au_74Ag                  
 ../../diel/Pena-Rioux_dielectric_34Au_66Ag                  
 ../../diel/Pena-Rioux_dielectric_65Au_35Ag                  
 ../../diel/Au_evap                                          
   0.000   0.000 = beta_min, beta_max ;  NBETA = 1
   0.000   0.000 = theta_min, theta_max; NTHETA= 1
   0.000   0.000 = phi_min, phi_max   ;   NPHI = 1
 Results averaged over    1 target orientations
                   and  2 incident polarizations
   aeff       wave       Q_pha       Q_pol       Q_cpol
 4.0000E-02 3.0000E-01 -4.5350E-02  0.0000E+00  3.3528E-08
 4.0000E-02 3.0101E-01 -4.4600E-02 -9.5367E-07 -7.4506E-08
 4.0000E-02 3.0203E-01 -4.4181E-02  1.4305E-06 -5.2154E-08
 4.0000E-02 3.0305E-01 -4.3976E-02 -2.1458E-06  1.1176E-07
 4.0000E-02 3.0408E-01 -4.3992E-02 -9.5367E-07 -8.1956E-08
 4.0000E-02 3.0512E-01 -4.4236E-02 -2.3842E-07 -9.3132E-08
 4.0000E-02 3.0616E-01 -4.4715E-02 -4.2915E-06  3.3528E-08
 4.0000E-02 3.0722E-01 -4.5436E-02 -1.9073E-06  2.2352E-08
 4.0000E-02 3.0828E-01 -4.6390E-02  0.0000E+00  7.4506E-08
 4.0000E-02 3.0934E-01 -4.7514E-02 -1.1921E-06 -3.7253E-09
 4.0000E-02 3.1042E-01 -4.8851E-02  4.7684E-07  7.4506E-09
 4.0000E-02 3.1150E-01 -5.0283E-02 -2.8610E-06  1.4901E-08
 4.0000E-02 3.1259E-01 -5.1906E-02 -2.3842E-06  2.9802E-08
 4.0000E-02 3.1368E-01 -5.3773E-02 -2.3842E-07  4.8429E-08
 4.0000E-02 3.1479E-01 -5.5891E-02 -1.9073E-06  5.2154E-08
 4.0000E-02 3.1590E-01 -5.8268E-02 -7.1526E-07  4.8429E-08
 4.0000E-02 3.1702E-01 -6.0910E-02  7.1526E-07  4.8429E-08
 4.0000E-02 3.1815E-01 -6.3527E-02  0.0000E+00  2.2352E-08
 4.0000E-02 3.1929E-01 -6.6426E-02  0.0000E+00  4.4703E-08
 4.0000E-02 3.2043E-01 -6.9679E-02 -6.6757E-06  4.4703E-08
 4.0000E-02 3.2158E-01 -7.3545E-02 -3.3379E-06  1.5646E-07
 4.0000E-02 3.2274E-01 -7.7764E-02 -2.6226E-06 -2.9802E-08
 4.0000E-02 3.2391E-01 -8.2349E-02 -1.9073E-06 -6.7055E-08
 4.0000E-02 3.2509E-01 -8.7309E-02 -1.4305E-06 -2.9057E-07
 4.0000E-02 3.2628E-01 -9.2659E-02 -3.5763E-06 -8.1956E-08
 4.0000E-02 3.2747E-01 -9.8937E-02  2.3842E-07 -2.3097E-07
 4.0000E-02 3.2868E-01 -1.0571E-01  1.9073E-06 -3.0547E-07
 4.0000E-02 3.2989E-01 -1.1296E-01 -5.7220E-06 -2.2352E-08
 4.0000E-02 3.3111E-01 -1.2071E-01  3.8147E-06  6.7055E-08
 4.0000E-02 3.3234E-01 -1.2883E-01 -3.3379E-06  4.4703E-08
 4.0000E-02 3.3358E-01 -1.3740E-01 -3.3379E-06  2.9802E-08
 4.0000E-02 3.3483E-01 -1.4649E-01 -2.3842E-06 -5.3644E-07
 4.0000E-02 3.3609E-01 -1.5623E-01  2.1458E-06 -7.4506E-08
 4.0000E-02 3.3736E-01 -1.6650E-01  0.0000E+00 -7.8976E-07
 4.0000E-02 3.3864E-01 -1.7713E-01  4.7684E-07  1.6391E-07
 4.0000E-02 3.3992E-01 -1.8813E-01  1.9073E-06  1.4901E-08
 4.0000E-02 3.4122E-01 -1.9952E-01  9.5367E-07  1.1921E-07
 4.0000E-02 3.4253E-01 -2.1131E-01  9.5367E-07 -1.9372E-07
 4.0000E-02 3.4385E-01 -2.2351E-01 -3.0994E-06  1.4901E-07
 4.0000E-02 3.4517E-01 -2.3599E-01  7.1526E-07  7.4506E-08
 4.0000E-02 3.4651E-01 -2.4852E-01  2.6226E-06 -8.9407E-08
 4.0000E-02 3.4786E-01 -2.6129E-01  2.3842E-07  2.0862E-07
 4.0000E-02 3.4922E-01 -2.7432E-01 -3.5763E-06 -2.9802E-08
 4.0000E-02 3.5059E-01 -2.8760E-01 -4.7684E-07  2.0862E-07
 4.0000E-02 3.5197E-01 -3.0115E-01 -4.7684E-07 -3.5763E-07
 4.0000E-02 3.5336E-01 -3.1499E-01  2.1458E-06 -4.4703E-07
 4.0000E-02 3.5476E-01 -3.2899E-01  5.0068E-06 -1.7881E-07
 4.0000E-02 3.5618E-01 -3.4320E-01  4.7684E-07 -6.5565E-07
 4.0000E-02 3.5760E-01 -3.5764E-01 -4.7684E-07  2.9802E-07
 4.0000E-02 3.5904E-01 -3.7235E-01 -2.8610E-06  2.9802E-08
 4.0000E-02 3.6048E-01 -3.8732E-01 -1.6689E-06 -2.9802E-07
 4.0000E-02 3.6194E-01 -4.0259E-01 -4.7684E-06 -8.9407E-08
 4.0000E-02 3.6341E-01 -4.1818E-01  5.0068E-06 -5.9605E-07
 4.0000E-02 3.6490E-01 -4.3412E-01 -2.1458E-06 -3.5763E-07
 4.0000E-02 3.6639E-01 -4.5035E-01  8.8215E-06  8.9407E-08
 4.0000E-02 3.6790E-01 -4.6690E-01 -2.1458E-06  2.9802E-08
 4.0000E-02 3.6942E-01 -4.8376E-01  1.9073E-06  2.9802E-07
 4.0000E-02 3.7095E-01 -5.0097E-01  7.1526E-07 -1.5497E-06
 4.0000E-02 3.7250E-01 -5.1857E-01  5.7220E-06 -1.1921E-07
 4.0000E-02 3.7406E-01 -5.3653E-01 -1.0967E-05  8.3447E-07
 4.0000E-02 3.7563E-01 -5.5480E-01 -3.5763E-06  1.7881E-07
 4.0000E-02 3.7722E-01 -5.7338E-01  8.8215E-06 -4.1723E-07
 4.0000E-02 3.7881E-01 -5.9230E-01 -1.9073E-06 -1.7881E-07
 4.0000E-02 3.8043E-01 -6.1154E-01  4.2915E-06 -7.7486E-07
 4.0000E-02 3.8205E-01 -6.3105E-01  1.6689E-06  1.9073E-06
 4.0000E-02 3.8369E-01 -6.5073E-01 -3.5763E-06  6.5565E-07
 4.0000E-02 3.8534E-01 -6.7064E-01 -2.8610E-06  1.1325E-06
 4.0000E-02 3.8701E-01 -6.9076E-01 -9.5367E-06  8.9407E-07
 4.0000E-02 3.8870E-01 -7.1106E-01  1.6689E-06  1.3113E-06
 4.0000E-02 3.9039E-01 -7.3153E-01  1.6689E-06  5.9605E-08
 4.0000E-02 3.9211E-01 -7.5196E-01  1.9073E-06 -7.7486E-07
 4.0000E-02 3.9383E-01 -7.7244E-01  8.5831E-06  1.0729E-06
 4.0000E-02 3.9558E-01 -7.9288E-01 -1.1921E-06 -2.9802E-07
 4.0000E-02 3.9733E-01 -8.1321E-01  0.0000E+00 -2.3842E-07
 4.0000E-02 3.9911E-01 -8.3337E-01 -1.6689E-06  6.5565E-07
 4.0000E-02 4.0090E-01 -8.5318E-01  5.2452E-06  4.1723E-07
 4.0000E-02 4.0270E-01 -8.7261E-01 -5.2452E-06  0.0000E+00
 4.0000E-02 4.0452E-01 -8.9153E-01 -7.1526E-06  1.6093E-06
 4.0000E-02 4.0636E-01 -9.0980E-01 -3.5763E-06 -1.0729E-06
 4.0000E-02 4.0822E-01 -9.2722E-01 -2.1458E-06 -6.9141E-06
 4.0000E-02 4.1009E-01 -9.4368E-01  9.5367E-07 -1.8477E-06
 4.0000E-02 4.1198E-01 -9.5902E-01 -2.1458E-06 -2.1458E-06
 4.0000E-02 4.1389E-01 -9.7304E-01 -1.1921E-06  2.9802E-07
 4.0000E-02 4.1581E-01 -9.8553E-01 -3.0994E-06 -1.1921E-07
 4.0000E-02 4.1776E-01 -9.9628E-01 -1.4067E-05 -6.5565E-07
 4.0000E-02 4.1972E-01 -1.0052E+00 -9.7752E-06 -7.1526E-07
 4.0000E-02 4.2170E-01 -1.0121E+00 -8.1062E-06 -6.6757E-06
 4.0000E-02 4.2370E-01 -1.0169E+00 -4.2915E-06 -1.3113E-06
 4.0000E-02 4.2571E-01 -1.0192E+00 -8.1062E-06  1.1921E-06
 4.0000E-02 4.2775E-01 -1.0189E+00  0.0000E+00  4.7684E-07
 4.0000E-02 4.2981E-01 -1.0157E+00 -6.1989E-06 -1.1921E-06
 4.0000E-02 4.3188E-01 -1.0094E+00 -8.1062E-06 -2.6226E-06
 4.0000E-02 4.3398E-01 -9.9934E-01 -8.5831E-06  2.1458E-06
 4.0000E-02 4.3610E-01 -9.8495E-01  1.5259E-05 -1.2875E-05
 4.0000E-02 4.3824E-01 -9.6550E-01 -2.8610E-06  5.7220E-06
 4.0000E-02 4.4039E-01 -9.4029E-01  9.5367E-07 -1.2517E-06
 4.0000E-02 4.4257E-01 -9.0847E-01  1.0967E-05  8.9407E-06
 4.0000E-02 4.4478E-01 -8.6915E-01 -2.0027E-05 -5.8413E-06
 4.0000E-02 4.4700E-01 -8.2178E-01 -1.9073E-05 -1.8477E-06
 4.0000E-02 4.4925E-01 -7.6596E-01  8.1062E-06  3.0994E-06
 4.0000E-02 4.5152E-01 -7.0116E-01  2.4319E-05 -5.0664E-06
 4.0000E-02 4.5381E-01 -6.2691E-01  1.7166E-05  1.6212E-05
 4.0000E-02 4.5612E-01 -5.4349E-01 -9.5367E-07  1.1921E-06
 4.0000E-02 4.5846E-01 -4.5106E-01  1.6212E-05  6.3777E-06
 4.0000E-02 4.6082E-01 -3.4983E-01 -4.7684E-06 -2.9802E-07
 4.0000E-02 4.6321E-01 -2.4022E-01  1.0490E-05 -4.9323E-06
 4.0000E-02 4.6563E-01 -1.2291E-01  9.5367E-07 -4.9695E-06
 4.0000E-02 4.6806E-01  1.2346E-03 -4.0531E-05 -9.4704E-07
 4.0000E-02 4.7053E-01  1.3117E-01  2.3842E-06  1.0580E-05
 4.0000E-02 4.7302E-01  2.6520E-01 -1.5259E-05 -1.6272E-05
 4.0000E-02 4.7553E-01  4.0149E-01 -1.2398E-05 -8.0168E-06
 4.0000E-02 4.7807E-01  5.3841E-01 -1.1921E-05  1.4305E-06
 4.0000E-02 4.8065E-01  6.7412E-01  1.0967E-05 -1.5199E-05
 4.0000E-02 4.8324E-01  8.0682E-01  9.5367E-07  3.5763E-06
 4.0000E-02 4.8587E-01  9.3493E-01  3.8147E-06  7.5698E-06
 4.0000E-02 4.8852E-01  1.0570E+00 -1.4782E-05  4.6492E-06
 4.0000E-02 4.9121E-01  1.1718E+00 -5.2452E-06  3.5763E-07
 4.0000E-02 4.9392E-01  1.2785E+00  1.2398E-05  1.0729E-06
 4.0000E-02 4.9667E-01  1.3759E+00  6.1989E-06 -4.5300E-06
 4.0000E-02 4.9944E-01  1.4629E+00 -3.3379E-06  2.5034E-06
 4.0000E-02 5.0225E-01  1.5416E+00 -1.8597E-05 -9.5367E-07
 4.0000E-02 5.0508E-01  1.6123E+00  2.4319E-05  2.0146E-05
 4.0000E-02 5.0795E-01  1.6757E+00  2.7657E-05  2.0266E-06
 4.0000E-02 5.1086E-01  1.7326E+00  3.8147E-06  9.5367E-07
 4.0000E-02 5.1379E-01  1.7848E+00  5.2452E-06  8.2254E-06
 4.0000E-02 5.1676E-01  1.8337E+00 -5.2452E-06 -1.6332E-05
 4.0000E-02 5.1977E-01  1.8813E+00 -4.2915E-06  2.2650E-06
 4.0000E-02 5.2281E-01  1.9317E+00 -4.7684E-07 -8.7023E-06
 4.0000E-02 5.2588E-01  1.9815E+00 -1.1444E-05 -2.7418E-06
 4.0000E-02 5.2899E-01  2.0279E+00 -2.2888E-05 -8.8215E-06
 4.0000E-02 5.3214E-01  2.0700E+00  1.4305E-05 -2.6226E-06
 4.0000E-02 5.3533E-01  2.1068E+00 -3.3379E-06  5.4836E-06
 4.0000E-02 5.3855E-01  2.1377E+00  3.7193E-05  5.9605E-06
 4.0000E-02 5.4182E-01  2.1625E+00  6.3896E-05  7.3910E-06
 4.0000E-02 5.4512E-01  2.1817E+00 -1.7643E-05  2.3603E-05
 4.0000E-02 5.4847E-01  2.1958E+00 -5.2929E-05 -1.2875E-05
 4.0000E-02 5.5185E-01  2.2056E+00  1.0800E-04  1.7166E-05
 4.0000E-02 5.5528E-01  2.2120E+00  2.0027E-05 -2.0742E-05
 4.0000E-02 5.5875E-01  2.2151E+00 -8.9645E-05 -3.5763E-06
 4.0000E-02 5.6226E-01  2.2147E+00 -6.1989E-06 -6.1989E-06
 4.0000E-02 5.6582E-01  2.2104E+00  4.5061E-05  5.0068E-06
 4.0000E-02 5.6943E-01  2.2014E+00 -1.9789E-05  1.1683E-05
 4.0000E-02 5.7308E-01  2.1872E+00  2.0742E-05 -3.5763E-06
 4.0000E-02 5.7677E-01  2.1674E+00 -9.2983E-06  3.8147E-06
 4.0000E-02 5.8052E-01  2.1421E+00 -7.1526E-07  1.3113E-05
 4.0000E-02 5.8431E-01  2.1121E+00 -2.3842E-07  2.3842E-06
 4.0000E-02 5.8816E-01  2.0789E+00  3.3379E-06  6.1989E-06
 4.0000E-02 5.9205E-01  2.0444E+00 -3.5763E-06  5.4836E-06
 4.0000E-02 5.9600E-01  2.0102E+00 -4.2915E-06  8.5831E-06
 4.0000E-02 6.0000E-01  1.9774E+00  9.0599E-06 -1.5497E-06
