 DDSCAT --- DDSCAT 7.3.3 [22.01.20]   
 TARGET --->TARGSPHER  spherical target with explicit spacing                 
 GPFAFT --- method of solution 
 FLTRCD --- prescription for polarizabilities
 FROM_FILE --- shape 
    4169 = NAT0 = number of dipoles
 ../../diel/Pena-Rioux_dielectric_26Au_74Ag                  
 ../../diel/Pena-Rioux_dielectric_34Au_66Ag                  
 ../../diel/Pena-Rioux_dielectric_52Au_48Ag                  
 ../../diel/Pena-Rioux_dielectric_76Au_24Ag                  
   0.000   0.000 = beta_min, beta_max ;  NBETA = 1
   0.000   0.000 = theta_min, theta_max; NTHETA= 1
   0.000   0.000 = phi_min, phi_max   ;   NPHI = 1
 Results averaged over    1 target orientations
                   and  2 incident polarizations
   aeff       wave       Q_pha       Q_pol       Q_cpol
 1.0000E-03 3.0000E-01  1.7754E-02  8.1956E-08  4.8429E-08
 1.0000E-03 3.0101E-01  1.7519E-02 -2.2352E-07  1.4901E-08
 1.0000E-03 3.0203E-01  1.7278E-02 -1.4156E-07  1.8626E-09
 1.0000E-03 3.0305E-01  1.7030E-02 -5.9605E-08 -1.6764E-08
 1.0000E-03 3.0408E-01  1.6774E-02 -1.6391E-07 -9.3132E-09
 1.0000E-03 3.0512E-01  1.6511E-02 -8.9407E-08  5.5879E-09
 1.0000E-03 3.0616E-01  1.6240E-02 -7.4506E-09  2.6077E-08
 1.0000E-03 3.0722E-01  1.5961E-02 -1.4156E-07 -7.4506E-09
 1.0000E-03 3.0828E-01  1.5677E-02  1.4901E-08  3.7253E-09
 1.0000E-03 3.0934E-01  1.5400E-02  7.4506E-08  9.3132E-09
 1.0000E-03 3.1042E-01  1.5116E-02  7.4506E-09  3.8184E-08
 1.0000E-03 3.1150E-01  1.4826E-02  0.0000E+00 -1.6764E-08
 1.0000E-03 3.1259E-01  1.4528E-02 -8.1956E-08  6.5193E-09
 1.0000E-03 3.1368E-01  1.4223E-02 -3.5018E-07 -4.6566E-09
 1.0000E-03 3.1479E-01  1.3910E-02 -8.9407E-08 -1.0245E-08
 1.0000E-03 3.1590E-01  1.3589E-02  2.0862E-07  1.8626E-09
 1.0000E-03 3.1702E-01  1.3259E-02 -1.4901E-07  6.5193E-09
 1.0000E-03 3.1815E-01  1.2923E-02  1.2666E-07 -6.5193E-09
 1.0000E-03 3.1929E-01  1.2576E-02  2.9802E-08 -3.7253E-09
 1.0000E-03 3.2043E-01  1.2216E-02 -1.0431E-07 -4.6566E-09
 1.0000E-03 3.2158E-01  1.1845E-02 -1.1176E-07 -1.3970E-08
 1.0000E-03 3.2274E-01  1.1460E-02 -2.2352E-07  0.0000E+00
 1.0000E-03 3.2391E-01  1.1062E-02 -3.7253E-08 -3.7253E-09
 1.0000E-03 3.2509E-01  1.0650E-02  2.7567E-07 -1.5832E-08
 1.0000E-03 3.2628E-01  1.0224E-02 -1.2666E-07 -4.6566E-09
 1.0000E-03 3.2747E-01  9.7478E-03 -1.3411E-07 -4.6566E-09
 1.0000E-03 3.2868E-01  9.2585E-03 -7.4506E-08 -9.3132E-09
 1.0000E-03 3.2989E-01  8.7568E-03  1.1176E-07  1.3970E-08
 1.0000E-03 3.3111E-01  8.2415E-03  1.0431E-07  1.6764E-08
 1.0000E-03 3.3234E-01  7.7115E-03  1.4156E-07  3.7253E-09
 1.0000E-03 3.3358E-01  7.1658E-03  2.2352E-08 -2.7008E-08
 1.0000E-03 3.3483E-01  6.6032E-03  2.2352E-08 -1.1176E-08
 1.0000E-03 3.3609E-01  6.0279E-03  1.6391E-07 -9.3132E-10
 1.0000E-03 3.3736E-01  5.4494E-03  1.0431E-07 -4.6566E-10
 1.0000E-03 3.3864E-01  4.8648E-03  6.7055E-08  0.0000E+00
 1.0000E-03 3.3992E-01  4.2731E-03  1.4156E-07 -7.4506E-09
 1.0000E-03 3.4122E-01  3.6733E-03  1.4156E-07 -5.1223E-09
 1.0000E-03 3.4253E-01  3.0644E-03  5.2154E-08  1.1642E-09
 1.0000E-03 3.4385E-01  2.4453E-03 -8.1956E-08  2.3283E-10
 1.0000E-03 3.4517E-01  1.8255E-03 -9.6858E-08 -3.4925E-10
 1.0000E-03 3.4651E-01  1.2152E-03 -1.8626E-07 -4.6566E-10
 1.0000E-03 3.4786E-01  6.0153E-04  9.6858E-08 -1.2806E-09
 1.0000E-03 3.4922E-01 -1.5936E-05 -1.0431E-07 -1.4752E-09
 1.0000E-03 3.5059E-01 -6.3779E-04 -7.4506E-08 -2.4447E-09
 1.0000E-03 3.5197E-01 -1.2646E-03  1.3411E-07  3.6089E-09
 1.0000E-03 3.5336E-01 -1.8971E-03 -5.9605E-08  5.5879E-09
 1.0000E-03 3.5476E-01 -2.5310E-03 -7.4506E-09 -3.0268E-09
 1.0000E-03 3.5618E-01 -3.1686E-03  1.4901E-08 -7.6834E-09
 1.0000E-03 3.5760E-01 -3.8124E-03 -9.6858E-08  5.3551E-09
 1.0000E-03 3.5904E-01 -4.4628E-03  9.6858E-08 -8.3819E-09
 1.0000E-03 3.6048E-01 -5.1202E-03  1.4901E-08  1.3970E-09
 1.0000E-03 3.6194E-01 -5.7853E-03 -2.9802E-08  5.1223E-09
 1.0000E-03 3.6341E-01 -6.4603E-03  2.2352E-08 -1.4435E-08
 1.0000E-03 3.6490E-01 -7.1474E-03  1.4901E-08  6.0536E-09
 1.0000E-03 3.6639E-01 -7.8432E-03  0.0000E+00  1.0245E-08
 1.0000E-03 3.6790E-01 -8.5480E-03  7.4506E-09  9.3132E-10
 1.0000E-03 3.6942E-01 -9.2620E-03  8.9407E-08 -6.5193E-09
 1.0000E-03 3.7095E-01 -9.9860E-03 -2.2352E-08 -9.3132E-09
 1.0000E-03 3.7250E-01 -1.0719E-02 -8.1956E-08 -1.8626E-09
 1.0000E-03 3.7406E-01 -1.1458E-02 -1.7136E-07 -3.7253E-09
 1.0000E-03 3.7563E-01 -1.2203E-02 -1.3411E-07  2.7940E-09
 1.0000E-03 3.7722E-01 -1.2950E-02 -1.8626E-07  0.0000E+00
 1.0000E-03 3.7881E-01 -1.3697E-02 -2.9802E-08  1.5832E-08
 1.0000E-03 3.8043E-01 -1.4443E-02  1.4156E-07 -1.9558E-08
 1.0000E-03 3.8205E-01 -1.5178E-02  6.7055E-08  2.2352E-08
 1.0000E-03 3.8369E-01 -1.5896E-02 -8.1956E-08  1.6764E-08
 1.0000E-03 3.8534E-01 -1.6594E-02  1.7136E-07  3.9116E-08
 1.0000E-03 3.8701E-01 -1.7263E-02 -8.9407E-08  5.9605E-08
 1.0000E-03 3.8870E-01 -1.7894E-02 -1.3411E-07 -8.3819E-08
 1.0000E-03 3.9039E-01 -1.8474E-02  3.4273E-07  1.0803E-07
 1.0000E-03 3.9211E-01 -1.8982E-02  4.1723E-07 -5.0291E-08
 1.0000E-03 3.9383E-01 -1.9409E-02  0.0000E+00  3.9116E-08
 1.0000E-03 3.9558E-01 -1.9729E-02 -5.9605E-08  7.6368E-08
 1.0000E-03 3.9733E-01 -1.9914E-02 -1.4901E-08  1.0617E-07
 1.0000E-03 3.9911E-01 -1.9929E-02 -7.4506E-08 -4.2841E-08
 1.0000E-03 4.0090E-01 -1.9737E-02 -8.1956E-07  1.0431E-07
 1.0000E-03 4.0270E-01 -1.9294E-02 -2.2352E-07  2.0489E-08
 1.0000E-03 4.0452E-01 -1.8545E-02  4.6194E-07  7.4506E-08
 1.0000E-03 4.0636E-01 -1.7421E-02 -1.1921E-07  3.7253E-09
 1.0000E-03 4.0822E-01 -1.5847E-02  1.7881E-07  9.6858E-08
 1.0000E-03 4.1009E-01 -1.3749E-02  4.4703E-07 -1.3784E-07
 1.0000E-03 4.1198E-01 -1.1047E-02  4.4703E-08 -5.5879E-09
 1.0000E-03 4.1389E-01 -7.6500E-03 -3.2783E-07  3.4925E-08
 1.0000E-03 4.1581E-01 -3.4720E-03 -1.4901E-07  4.3772E-08
 1.0000E-03 4.1776E-01  1.5629E-03  8.9407E-08  1.0594E-07
 1.0000E-03 4.1972E-01  7.5032E-03 -1.7881E-07 -4.0978E-08
 1.0000E-03 4.2170E-01  1.4357E-02 -9.8348E-07 -4.0978E-08
 1.0000E-03 4.2370E-01  2.2098E-02 -5.0664E-07  5.7742E-08
 1.0000E-03 4.2571E-01  3.0636E-02 -1.1027E-06 -2.1048E-07
 1.0000E-03 4.2775E-01  3.9804E-02  6.8545E-07  5.2154E-08
 1.0000E-03 4.2981E-01  4.9327E-02  4.1723E-07 -3.3528E-08
 1.0000E-03 4.3188E-01  5.8878E-02 -7.1526E-07 -4.6566E-07
 1.0000E-03 4.3398E-01  6.8098E-02  5.0664E-07  1.7136E-07
 1.0000E-03 4.3610E-01  7.6632E-02 -4.1723E-07  1.0431E-07
 1.0000E-03 4.3824E-01  8.4146E-02 -6.5565E-07  5.9605E-08
 1.0000E-03 4.4039E-01  9.0456E-02  8.0466E-07  2.3842E-07
 1.0000E-03 4.4257E-01  9.5465E-02 -3.4273E-07  2.6822E-07
 1.0000E-03 4.4478E-01  9.9181E-02  2.2352E-07  6.7055E-08
 1.0000E-03 4.4700E-01  1.0170E-01 -3.4273E-07 -4.4703E-08
 1.0000E-03 4.4925E-01  1.0318E-01 -6.4075E-07 -2.0862E-07
 1.0000E-03 4.5152E-01  1.0380E-01  1.1623E-06  1.2666E-07
 1.0000E-03 4.5381E-01  1.0372E-01  2.2352E-07 -1.4156E-07
 1.0000E-03 4.5612E-01  1.0309E-01 -2.5332E-07  2.4587E-07
 1.0000E-03 4.5846E-01  1.0205E-01 -2.0862E-07  6.7055E-08
 1.0000E-03 4.6082E-01  1.0071E-01 -7.6741E-07 -4.4703E-08
 1.0000E-03 4.6321E-01  9.9142E-02  2.3097E-07  7.4506E-09
 1.0000E-03 4.6563E-01  9.7429E-02  4.3958E-07 -1.4156E-07
 1.0000E-03 4.6806E-01  9.5627E-02  1.1921E-07  4.4703E-08
 1.0000E-03 4.7053E-01  9.3782E-02 -1.5646E-07 -3.6508E-07
 1.0000E-03 4.7302E-01  9.1932E-02 -2.9057E-07  6.7055E-07
 1.0000E-03 4.7553E-01  9.0110E-02  2.6822E-07  2.9802E-08
 1.0000E-03 4.7807E-01  8.8335E-02  5.3644E-07 -3.3528E-07
 1.0000E-03 4.8065E-01  8.6623E-02  6.7055E-07 -4.1723E-07
 1.0000E-03 4.8324E-01  8.4981E-02  1.8626E-07  0.0000E+00
 1.0000E-03 4.8587E-01  8.3405E-02  1.4901E-07  9.6858E-08
 1.0000E-03 4.8852E-01  8.1887E-02  0.0000E+00  2.9802E-08
 1.0000E-03 4.9121E-01  8.0411E-02  1.7509E-07 -7.4506E-09
 1.0000E-03 4.9392E-01  7.8953E-02  2.2352E-08  1.2666E-07
 1.0000E-03 4.9667E-01  7.7496E-02  2.6077E-08 -1.6391E-07
 1.0000E-03 4.9944E-01  7.6027E-02  3.9488E-07  8.9407E-08
 1.0000E-03 5.0225E-01  7.4537E-02  2.3097E-07  1.8626E-07
 1.0000E-03 5.0508E-01  7.3026E-02 -1.1548E-07 -2.7567E-07
 1.0000E-03 5.0795E-01  7.1501E-02 -2.2352E-08 -3.8743E-07
 1.0000E-03 5.1086E-01  6.9971E-02  5.8487E-07  1.7881E-07
 1.0000E-03 5.1379E-01  6.8448E-02  2.6822E-07  2.6077E-07
 1.0000E-03 5.1676E-01  6.6946E-02  1.5274E-07 -2.4587E-07
 1.0000E-03 5.1977E-01  6.5475E-02 -5.6066E-07 -3.7253E-07
 1.0000E-03 5.2281E-01  6.4047E-02  3.2969E-07 -1.7136E-07
 1.0000E-03 5.2588E-01  6.2672E-02 -2.1793E-07  1.6391E-07
 1.0000E-03 5.2899E-01  6.1358E-02  3.6322E-07  1.8626E-08
 1.0000E-03 5.3214E-01  6.0108E-02  9.4436E-07 -6.7055E-08
 1.0000E-03 5.3533E-01  5.8922E-02 -6.1281E-07  1.8999E-07
 1.0000E-03 5.3855E-01  5.7794E-02 -1.2536E-06  5.0291E-07
 1.0000E-03 5.4182E-01  5.6717E-02  4.4331E-07  7.8231E-08
 1.0000E-03 5.4512E-01  5.5684E-02 -1.8440E-07  6.3330E-08
 1.0000E-03 5.4847E-01  5.4687E-02  1.4901E-07  5.9605E-07
 1.0000E-03 5.5185E-01  5.3720E-02  2.6077E-07 -7.3016E-07
 1.0000E-03 5.5528E-01  5.2779E-02  6.1840E-07 -1.1548E-06
 1.0000E-03 5.5875E-01  5.1863E-02 -1.3895E-06 -2.0117E-07
 1.0000E-03 5.6226E-01  5.0969E-02  8.9686E-07 -9.5367E-07
 1.0000E-03 5.6582E-01  5.0099E-02 -6.9290E-07  3.7253E-09
 1.0000E-03 5.6943E-01  4.9256E-02 -8.1025E-07 -7.4506E-08
 1.0000E-03 5.7308E-01  4.8442E-02  5.5879E-07  2.5332E-07
 1.0000E-03 5.7677E-01  4.7662E-02 -1.4557E-06  1.0990E-06
 1.0000E-03 5.8052E-01  4.6914E-02 -2.7008E-07 -6.7055E-08
 1.0000E-03 5.8431E-01  4.6202E-02 -1.6019E-07 -6.8918E-07
 1.0000E-03 5.8816E-01  4.5536E-02 -1.8282E-06 -1.4901E-07
 1.0000E-03 5.9205E-01  4.4930E-02  2.6915E-07  1.7881E-07
 1.0000E-03 5.9600E-01  4.4398E-02  1.7323E-07  1.0803E-07
 1.0000E-03 6.0000E-01  4.3952E-02 -4.4331E-07  3.2037E-07
