 DDSCAT --- DDSCAT 7.3.3 [22.01.20]   
 TARGET --->TARGSPHER  spherical target with explicit spacing                 
 GPFAFT --- method of solution 
 FLTRCD --- prescription for polarizabilities
 FROM_FILE --- shape 
    4169 = NAT0 = number of dipoles
 ../../diel/Pena-Rioux_dielectric_26Au_74Ag                  
 ../../diel/Pena-Rioux_dielectric_34Au_66Ag                  
 ../../diel/Pena-Rioux_dielectric_65Au_35Ag                  
 ../../diel/Pena-Rioux_dielectric_85Au_15Ag                  
   0.000   0.000 = beta_min, beta_max ;  NBETA = 1
   0.000   0.000 = theta_min, theta_max; NTHETA= 1
   0.000   0.000 = phi_min, phi_max   ;   NPHI = 1
 Results averaged over    1 target orientations
                   and  2 incident polarizations
   aeff       wave       Q_pha       Q_pol       Q_cpol
 8.0000E-02 3.0000E-01 -1.9804E-01  1.9073E-06 -1.0133E-06
 8.0000E-02 3.0101E-01 -1.9692E-01 -3.3379E-06 -6.7055E-07
 8.0000E-02 3.0203E-01 -1.9592E-01 -2.3842E-07  2.5332E-07
 8.0000E-02 3.0305E-01 -1.9503E-01  1.0014E-05  3.4273E-07
 8.0000E-02 3.0408E-01 -1.9426E-01  2.8610E-06 -5.9605E-08
 8.0000E-02 3.0512E-01 -1.9363E-01 -5.7220E-06  3.5763E-07
 8.0000E-02 3.0616E-01 -1.9312E-01 -3.0994E-06 -3.1292E-07
 8.0000E-02 3.0722E-01 -1.9275E-01  8.1062E-06 -2.3842E-07
 8.0000E-02 3.0828E-01 -1.9253E-01  1.4305E-06  4.4703E-08
 8.0000E-02 3.0934E-01 -1.9249E-01  2.6226E-06  1.0431E-07
 8.0000E-02 3.1042E-01 -1.9258E-01 -2.1458E-06 -6.7055E-07
 8.0000E-02 3.1150E-01 -1.9283E-01  2.3842E-06  6.1095E-07
 8.0000E-02 3.1259E-01 -1.9324E-01 -5.7220E-06 -1.4901E-08
 8.0000E-02 3.1368E-01 -1.9380E-01 -1.9073E-06  3.2783E-07
 8.0000E-02 3.1479E-01 -1.9453E-01  9.5367E-07  2.9802E-07
 8.0000E-02 3.1590E-01 -1.9544E-01  3.0994E-06  8.9407E-08
 8.0000E-02 3.1702E-01 -1.9653E-01 -2.3842E-07 -4.3213E-07
 8.0000E-02 3.1815E-01 -1.9767E-01  5.2452E-06 -8.7917E-07
 8.0000E-02 3.1929E-01 -1.9899E-01 -2.6226E-06  1.7881E-07
 8.0000E-02 3.2043E-01 -2.0054E-01  2.1458E-06  1.6391E-07
 8.0000E-02 3.2158E-01 -2.0234E-01  1.6689E-06 -8.9407E-08
 8.0000E-02 3.2274E-01 -2.0438E-01 -7.1526E-07 -1.0431E-07
 8.0000E-02 3.2391E-01 -2.0669E-01 -2.6226E-06  5.9605E-08
 8.0000E-02 3.2509E-01 -2.0927E-01 -2.3842E-06 -5.9605E-08
 8.0000E-02 3.2628E-01 -2.1215E-01 -5.4836E-06  3.5763E-07
 8.0000E-02 3.2747E-01 -2.1557E-01  1.6689E-06 -1.1921E-07
 8.0000E-02 3.2868E-01 -2.1936E-01  6.1989E-06 -4.4703E-08
 8.0000E-02 3.2989E-01 -2.2353E-01 -2.1458E-06  8.9407E-08
 8.0000E-02 3.3111E-01 -2.2808E-01  1.0014E-05 -1.4901E-08
 8.0000E-02 3.3234E-01 -2.3304E-01  5.0068E-06  4.3213E-07
 8.0000E-02 3.3358E-01 -2.3841E-01  3.0994E-06 -1.9372E-07
 8.0000E-02 3.3483E-01 -2.4423E-01 -3.0994E-06 -1.0431E-07
 8.0000E-02 3.3609E-01 -2.5057E-01 -7.6294E-06 -1.1921E-07
 8.0000E-02 3.3736E-01 -2.5739E-01  2.1458E-06 -8.9407E-08
 8.0000E-02 3.3864E-01 -2.6454E-01  1.9073E-06  1.4901E-07
 8.0000E-02 3.3992E-01 -2.7205E-01  2.8610E-06  1.7881E-07
 8.0000E-02 3.4122E-01 -2.7990E-01  3.3379E-06 -8.3447E-07
 8.0000E-02 3.4253E-01 -2.8810E-01  9.5367E-07  2.9802E-07
 8.0000E-02 3.4385E-01 -2.9665E-01  5.0068E-06 -4.1723E-07
 8.0000E-02 3.4517E-01 -3.0544E-01 -3.8147E-06 -2.0862E-07
 8.0000E-02 3.4651E-01 -3.1432E-01  2.3842E-07 -1.1921E-07
 8.0000E-02 3.4786E-01 -3.2340E-01 -1.1921E-06  6.5565E-07
 8.0000E-02 3.4922E-01 -3.3266E-01 -1.1921E-06  5.9605E-08
 8.0000E-02 3.5059E-01 -3.4211E-01  6.1989E-06  2.0862E-07
 8.0000E-02 3.5197E-01 -3.5174E-01 -4.7684E-06  1.1921E-07
 8.0000E-02 3.5336E-01 -3.6154E-01  5.2452E-06  7.4506E-07
 8.0000E-02 3.5476E-01 -3.7140E-01 -7.8678E-06 -6.2585E-07
 8.0000E-02 3.5618E-01 -3.8135E-01 -4.5300E-06  5.3644E-07
 8.0000E-02 3.5760E-01 -3.9143E-01 -1.1921E-06 -2.9802E-08
 8.0000E-02 3.5904E-01 -4.0164E-01 -9.5367E-07 -9.2387E-07
 8.0000E-02 3.6048E-01 -4.1196E-01  6.6757E-06 -5.9605E-08
 8.0000E-02 3.6194E-01 -4.2241E-01 -1.9073E-06  9.2387E-07
 8.0000E-02 3.6341E-01 -4.3301E-01  3.0994E-06  1.7881E-07
 8.0000E-02 3.6490E-01 -4.4377E-01  4.0531E-06  1.1623E-06
 8.0000E-02 3.6639E-01 -4.5464E-01  9.0599E-06  8.3447E-07
 8.0000E-02 3.6790E-01 -4.6563E-01 -7.1526E-07  4.7684E-07
 8.0000E-02 3.6942E-01 -4.7672E-01  1.1206E-05  2.4438E-06
 8.0000E-02 3.7095E-01 -4.8793E-01 -1.1921E-06  1.4901E-07
 8.0000E-02 3.7250E-01 -4.9927E-01 -3.3379E-06 -4.4405E-06
 8.0000E-02 3.7406E-01 -5.1073E-01  9.5367E-07 -3.1590E-06
 8.0000E-02 3.7563E-01 -5.2223E-01  2.3842E-06  1.3709E-06
 8.0000E-02 3.7722E-01 -5.3378E-01  0.0000E+00 -3.5763E-07
 8.0000E-02 3.7881E-01 -5.4536E-01 -6.1989E-06 -1.1921E-07
 8.0000E-02 3.8043E-01 -5.5699E-01  9.7752E-06  1.3709E-06
 8.0000E-02 3.8205E-01 -5.6858E-01  5.2452E-06 -8.9407E-07
 8.0000E-02 3.8369E-01 -5.8008E-01  1.2159E-05  1.7881E-07
 8.0000E-02 3.8534E-01 -5.9151E-01  5.4836E-06  1.1325E-06
 8.0000E-02 3.8701E-01 -6.0286E-01 -3.8147E-06  4.7684E-07
 8.0000E-02 3.8870E-01 -6.1409E-01  1.1683E-05  3.2187E-06
 8.0000E-02 3.9039E-01 -6.2519E-01  1.9073E-06 -2.5034E-06
 8.0000E-02 3.9211E-01 -6.3603E-01  1.4544E-05  1.0133E-06
 8.0000E-02 3.9383E-01 -6.4666E-01 -5.7220E-06 -2.9802E-07
 8.0000E-02 3.9558E-01 -6.5705E-01  3.5763E-06 -2.9802E-07
 8.0000E-02 3.9733E-01 -6.6716E-01 -5.2452E-06  3.5763E-07
 8.0000E-02 3.9911E-01 -6.7694E-01  0.0000E+00  2.3842E-07
 8.0000E-02 4.0090E-01 -6.8630E-01  1.6451E-05  0.0000E+00
 8.0000E-02 4.0270E-01 -6.9528E-01  3.5763E-06 -4.7684E-07
 8.0000E-02 4.0452E-01 -7.0380E-01  2.1458E-06  1.7285E-06
 8.0000E-02 4.0636E-01 -7.1181E-01  6.1989E-06  3.2783E-06
 8.0000E-02 4.0822E-01 -7.1924E-01 -1.8597E-05 -1.0192E-05
 8.0000E-02 4.1009E-01 -7.2605E-01  9.5367E-07  7.2122E-06
 8.0000E-02 4.1198E-01 -7.3217E-01 -1.3113E-05  5.9605E-07
 8.0000E-02 4.1389E-01 -7.3755E-01  0.0000E+00 -6.2585E-06
 8.0000E-02 4.1581E-01 -7.4205E-01 -1.9073E-06  2.2650E-06
 8.0000E-02 4.1776E-01 -7.4558E-01 -1.1921E-06 -5.9605E-07
 8.0000E-02 4.1972E-01 -7.4808E-01 -7.1526E-07 -7.7486E-07
 8.0000E-02 4.2170E-01 -7.4938E-01 -2.6226E-06 -6.5565E-07
 8.0000E-02 4.2370E-01 -7.4933E-01  6.6757E-06  4.8876E-06
 8.0000E-02 4.2571E-01 -7.4776E-01  3.5763E-06  7.3910E-06
 8.0000E-02 4.2775E-01 -7.4452E-01  0.0000E+00  1.3113E-06
 8.0000E-02 4.2981E-01 -7.3949E-01 -1.0252E-05 -2.3842E-06
 8.0000E-02 4.3188E-01 -7.3260E-01 -8.8215E-06  3.2187E-06
 8.0000E-02 4.3398E-01 -7.2378E-01  2.8610E-06 -4.7684E-06
 8.0000E-02 4.3610E-01 -7.1304E-01 -2.2411E-05  1.9073E-06
 8.0000E-02 4.3824E-01 -7.0046E-01 -1.4305E-06  2.7418E-06
 8.0000E-02 4.4039E-01 -6.8612E-01 -1.0967E-05 -1.5676E-05
 8.0000E-02 4.4257E-01 -6.7008E-01  1.2398E-05  8.1658E-06
 8.0000E-02 4.4478E-01 -6.5236E-01  1.8120E-05 -1.0729E-06
 8.0000E-02 4.4700E-01 -6.3296E-01  2.3842E-06 -3.0398E-06
 8.0000E-02 4.4925E-01 -6.1187E-01  8.5831E-06 -1.0729E-06
 8.0000E-02 4.5152E-01 -5.8907E-01  7.6294E-06 -7.6890E-06
 8.0000E-02 4.5381E-01 -5.6454E-01 -1.4305E-06  1.1861E-05
 8.0000E-02 4.5612E-01 -5.3841E-01 -2.7180E-05  6.6161E-06
 8.0000E-02 4.5846E-01 -5.1088E-01  2.5272E-05  2.3842E-06
 8.0000E-02 4.6082E-01 -4.8218E-01  9.5367E-07 -2.7120E-06
 8.0000E-02 4.6321E-01 -4.5257E-01 -4.7684E-06 -8.9407E-07
 8.0000E-02 4.6563E-01 -4.2241E-01  0.0000E+00 -9.8348E-07
 8.0000E-02 4.6806E-01 -3.9198E-01 -4.7684E-07 -3.2485E-06
 8.0000E-02 4.7053E-01 -3.6150E-01 -7.6294E-06  2.8014E-06
 8.0000E-02 4.7302E-01 -3.3117E-01 -9.0599E-06  7.7486E-07
 8.0000E-02 4.7553E-01 -3.0103E-01 -1.0967E-05  1.3709E-06
 8.0000E-02 4.7807E-01 -2.7094E-01  1.4305E-06 -2.2054E-06
 8.0000E-02 4.8065E-01 -2.4069E-01 -1.3351E-05 -8.2105E-06
 8.0000E-02 4.8324E-01 -2.0993E-01 -2.8610E-06 -7.2122E-06
 8.0000E-02 4.8587E-01 -1.7819E-01 -2.3365E-05 -9.1344E-06
 8.0000E-02 4.8852E-01 -1.4503E-01  1.5736E-05 -2.0102E-05
 8.0000E-02 4.9121E-01 -1.1003E-01 -1.4305E-05  1.0878E-05
 8.0000E-02 4.9392E-01 -7.2827E-02  2.0027E-05 -2.0556E-05
 8.0000E-02 4.9667E-01 -3.3264E-02 -1.8597E-05 -4.2394E-06
 8.0000E-02 4.9944E-01  8.6317E-03 -4.9591E-05 -2.9616E-07
 8.0000E-02 5.0225E-01  5.2651E-02  2.9087E-05 -9.1083E-06
 8.0000E-02 5.0508E-01  9.8337E-02  1.6689E-05  6.2138E-06
 8.0000E-02 5.0795E-01  1.4509E-01 -4.5300E-05 -2.4587E-06
 8.0000E-02 5.1086E-01  1.9234E-01  5.2452E-06  1.0431E-06
 8.0000E-02 5.1379E-01  2.3934E-01 -9.0599E-06 -9.0897E-07
 8.0000E-02 5.1676E-01  2.8537E-01  1.6212E-05  7.6890E-06
 8.0000E-02 5.1977E-01  3.2958E-01 -1.8120E-05 -2.0027E-05
 8.0000E-02 5.2281E-01  3.7103E-01 -7.6294E-06 -2.1756E-06
 8.0000E-02 5.2588E-01  4.0882E-01 -1.7166E-05  1.5199E-06
 8.0000E-02 5.2899E-01  4.4234E-01  3.6240E-05 -4.1425E-06
 8.0000E-02 5.3214E-01  4.7096E-01 -8.7261E-05  2.6405E-05
 8.0000E-02 5.3533E-01  4.9428E-01  1.7643E-05 -1.9372E-06
 8.0000E-02 5.3855E-01  5.1211E-01 -2.5272E-05  2.2173E-05
 8.0000E-02 5.4182E-01  5.2501E-01  2.7657E-05  6.6757E-06
 8.0000E-02 5.4512E-01  5.3381E-01 -3.5763E-05  1.1146E-05
 8.0000E-02 5.4847E-01  5.3946E-01 -6.1989E-06  3.6359E-06
 8.0000E-02 5.5185E-01  5.4294E-01 -1.8597E-05 -5.9009E-06
 8.0000E-02 5.5528E-01  5.4495E-01  1.0490E-05 -9.5367E-06
 8.0000E-02 5.5875E-01  5.4595E-01 -4.7684E-07  1.0431E-05
 8.0000E-02 5.6226E-01  5.4610E-01 -6.6757E-06 -4.4107E-06
 8.0000E-02 5.6582E-01  5.4533E-01  1.4305E-06  2.8014E-06
 8.0000E-02 5.6943E-01  5.4344E-01  1.1444E-05  1.9431E-05
 8.0000E-02 5.7308E-01  5.4022E-01  3.7193E-05  2.3365E-05
 8.0000E-02 5.7677E-01  5.3564E-01 -2.3842E-05 -2.2054E-06
 8.0000E-02 5.8052E-01  5.2978E-01  5.7220E-06  7.4506E-06
 8.0000E-02 5.8431E-01  5.2244E-01  8.1062E-06 -1.6451E-05
 8.0000E-02 5.8816E-01  5.1285E-01  5.7697E-05  2.6584E-05
 8.0000E-02 5.9205E-01  4.9991E-01  4.4584E-05 -2.0534E-05
 8.0000E-02 5.9600E-01  4.8272E-01  9.7513E-05 -3.1292E-06
 8.0000E-02 6.0000E-01  4.6114E-01  5.2452E-06 -3.5763E-07
