 DDSCAT --- DDSCAT 7.3.3 [22.01.20]   
 TARGET --->TARGSPHER  spherical target with explicit spacing                 
 GPFAFT --- method of solution 
 FLTRCD --- prescription for polarizabilities
 FROM_FILE --- shape 
    4169 = NAT0 = number of dipoles
 ../../diel/Pena-Rioux_dielectric_26Au_74Ag                  
 ../../diel/Pena-Rioux_dielectric_34Au_66Ag                  
 ../../diel/Pena-Rioux_dielectric_65Au_35Ag                  
 ../../diel/Pena-Rioux_dielectric_85Au_15Ag                  
   0.000   0.000 = beta_min, beta_max ;  NBETA = 1
   0.000   0.000 = theta_min, theta_max; NTHETA= 1
   0.000   0.000 = phi_min, phi_max   ;   NPHI = 1
 0.5000 = ETASCA (param. controlling # of scatt. dirs used to calculate <cos> etc.
 Results averaged over    1 target orientations
                   and  2 incident polarizations
   aeff       wave       Q_ext     Q_abs      Q_sca     g(1)=<cos>  <cos^2>    Q_bk       Nsca
 8.0000E-02 3.0000E-01 2.7255E+00 1.5351E+00 1.1904E+00  6.5252E-01 6.1672E-01 2.5616E-02   656
 8.0000E-02 3.0101E-01 2.7211E+00 1.5363E+00 1.1848E+00  6.5212E-01 6.1557E-01 2.5473E-02   656
 8.0000E-02 3.0203E-01 2.7165E+00 1.5374E+00 1.1791E+00  6.5173E-01 6.1440E-01 2.5312E-02   656
 8.0000E-02 3.0305E-01 2.7117E+00 1.5385E+00 1.1732E+00  6.5133E-01 6.1322E-01 2.5132E-02   656
 8.0000E-02 3.0408E-01 2.7068E+00 1.5395E+00 1.1673E+00  6.5093E-01 6.1201E-01 2.4933E-02   656
 8.0000E-02 3.0512E-01 2.7016E+00 1.5404E+00 1.1612E+00  6.5052E-01 6.1079E-01 2.4716E-02   656
 8.0000E-02 3.0616E-01 2.6963E+00 1.5413E+00 1.1550E+00  6.5011E-01 6.0956E-01 2.4481E-02   656
 8.0000E-02 3.0722E-01 2.6908E+00 1.5420E+00 1.1488E+00  6.4969E-01 6.0830E-01 2.4229E-02   656
 8.0000E-02 3.0828E-01 2.6851E+00 1.5427E+00 1.1424E+00  6.4926E-01 6.0703E-01 2.3961E-02   656
 8.0000E-02 3.0934E-01 2.6795E+00 1.5433E+00 1.1363E+00  6.4879E-01 6.0572E-01 2.3686E-02   656
 8.0000E-02 3.1042E-01 2.6738E+00 1.5437E+00 1.1300E+00  6.4830E-01 6.0439E-01 2.3400E-02   656
 8.0000E-02 3.1150E-01 2.6679E+00 1.5441E+00 1.1238E+00  6.4778E-01 6.0304E-01 2.3102E-02   656
 8.0000E-02 3.1259E-01 2.6619E+00 1.5444E+00 1.1175E+00  6.4723E-01 6.0166E-01 2.2793E-02   656
 8.0000E-02 3.1368E-01 2.6557E+00 1.5446E+00 1.1112E+00  6.4666E-01 6.0026E-01 2.2473E-02   656
 8.0000E-02 3.1479E-01 2.6495E+00 1.5446E+00 1.1049E+00  6.4605E-01 5.9884E-01 2.2144E-02   656
 8.0000E-02 3.1590E-01 2.6430E+00 1.5445E+00 1.0985E+00  6.4542E-01 5.9739E-01 2.1807E-02   656
 8.0000E-02 3.1702E-01 2.6364E+00 1.5443E+00 1.0921E+00  6.4474E-01 5.9591E-01 2.1460E-02   656
 8.0000E-02 3.1815E-01 2.6296E+00 1.5440E+00 1.0856E+00  6.4402E-01 5.9440E-01 2.1106E-02   656
 8.0000E-02 3.1929E-01 2.6227E+00 1.5435E+00 1.0791E+00  6.4325E-01 5.9287E-01 2.0748E-02   656
 8.0000E-02 3.2043E-01 2.6156E+00 1.5429E+00 1.0726E+00  6.4244E-01 5.9131E-01 2.0385E-02   656
 8.0000E-02 3.2158E-01 2.6083E+00 1.5422E+00 1.0662E+00  6.4157E-01 5.8972E-01 2.0020E-02   657
 8.0000E-02 3.2274E-01 2.6010E+00 1.5413E+00 1.0597E+00  6.4064E-01 5.8810E-01 1.9653E-02   657
 8.0000E-02 3.2391E-01 2.5934E+00 1.5402E+00 1.0532E+00  6.3975E-01 5.8657E-01 1.9285E-02   602
 8.0000E-02 3.2509E-01 2.5858E+00 1.5390E+00 1.0468E+00  6.3871E-01 5.8490E-01 1.8917E-02   602
 8.0000E-02 3.2628E-01 2.5780E+00 1.5376E+00 1.0405E+00  6.3760E-01 5.8320E-01 1.8552E-02   602
 8.0000E-02 3.2747E-01 2.5697E+00 1.5358E+00 1.0339E+00  6.3643E-01 5.8148E-01 1.8182E-02   602
 8.0000E-02 3.2868E-01 2.5615E+00 1.5339E+00 1.0276E+00  6.3519E-01 5.7973E-01 1.7822E-02   602
 8.0000E-02 3.2989E-01 2.5534E+00 1.5318E+00 1.0215E+00  6.3385E-01 5.7795E-01 1.7473E-02   602
 8.0000E-02 3.3111E-01 2.5453E+00 1.5296E+00 1.0158E+00  6.3243E-01 5.7615E-01 1.7138E-02   602
 8.0000E-02 3.3234E-01 2.5375E+00 1.5272E+00 1.0103E+00  6.3092E-01 5.7432E-01 1.6817E-02   603
 8.0000E-02 3.3358E-01 2.5298E+00 1.5246E+00 1.0053E+00  6.2931E-01 5.7246E-01 1.6512E-02   603
 8.0000E-02 3.3483E-01 2.5224E+00 1.5218E+00 1.0006E+00  6.2759E-01 5.7058E-01 1.6224E-02   603
 8.0000E-02 3.3609E-01 2.5155E+00 1.5189E+00 9.9664E-01  6.2575E-01 5.6866E-01 1.5965E-02   603
 8.0000E-02 3.3736E-01 2.5095E+00 1.5159E+00 9.9360E-01  6.2376E-01 5.6672E-01 1.5741E-02   604
 8.0000E-02 3.3864E-01 2.5041E+00 1.5129E+00 9.9122E-01  6.2167E-01 5.6475E-01 1.5542E-02   604
 8.0000E-02 3.3992E-01 2.4992E+00 1.5097E+00 9.8953E-01  6.1946E-01 5.6276E-01 1.5369E-02   604
 8.0000E-02 3.4122E-01 2.4951E+00 1.5065E+00 9.8856E-01  6.1714E-01 5.6076E-01 1.5224E-02   604
 8.0000E-02 3.4253E-01 2.4916E+00 1.5032E+00 9.8836E-01  6.1470E-01 5.5873E-01 1.5107E-02   604
 8.0000E-02 3.4385E-01 2.4888E+00 1.4999E+00 9.8896E-01  6.1213E-01 5.5669E-01 1.5022E-02   604
 8.0000E-02 3.4517E-01 2.4870E+00 1.4965E+00 9.9044E-01  6.0946E-01 5.5463E-01 1.4969E-02   604
 8.0000E-02 3.4651E-01 2.4860E+00 1.4933E+00 9.9275E-01  6.0668E-01 5.5257E-01 1.4945E-02   605
 8.0000E-02 3.4786E-01 2.4859E+00 1.4901E+00 9.9582E-01  6.0382E-01 5.5051E-01 1.4947E-02   605
 8.0000E-02 3.4922E-01 2.4865E+00 1.4868E+00 9.9966E-01  6.0085E-01 5.4843E-01 1.4981E-02   605
 8.0000E-02 3.5059E-01 2.4879E+00 1.4836E+00 1.0043E+00  5.9778E-01 5.4635E-01 1.5044E-02   605
 8.0000E-02 3.5197E-01 2.4901E+00 1.4803E+00 1.0098E+00  5.9460E-01 5.4426E-01 1.5139E-02   605
 8.0000E-02 3.5336E-01 2.4932E+00 1.4771E+00 1.0161E+00  5.9134E-01 5.4217E-01 1.5266E-02   606
 8.0000E-02 3.5476E-01 2.4970E+00 1.4739E+00 1.0231E+00  5.8800E-01 5.4009E-01 1.5417E-02   606
 8.0000E-02 3.5618E-01 2.5015E+00 1.4707E+00 1.0307E+00  5.8459E-01 5.3801E-01 1.5595E-02   606
 8.0000E-02 3.5760E-01 2.5067E+00 1.4676E+00 1.0391E+00  5.8120E-01 5.3604E-01 1.5803E-02   551
 8.0000E-02 3.5904E-01 2.5128E+00 1.4644E+00 1.0484E+00  5.7763E-01 5.3396E-01 1.6044E-02   551
 8.0000E-02 3.6048E-01 2.5196E+00 1.4613E+00 1.0584E+00  5.7398E-01 5.3189E-01 1.6317E-02   551
 8.0000E-02 3.6194E-01 2.5273E+00 1.4581E+00 1.0692E+00  5.7025E-01 5.2982E-01 1.6623E-02   551
 8.0000E-02 3.6341E-01 2.5358E+00 1.4550E+00 1.0809E+00  5.6646E-01 5.2776E-01 1.6964E-02   551
 8.0000E-02 3.6490E-01 2.5450E+00 1.4517E+00 1.0933E+00  5.6258E-01 5.2570E-01 1.7340E-02   551
 8.0000E-02 3.6639E-01 2.5552E+00 1.4485E+00 1.1066E+00  5.5864E-01 5.2365E-01 1.7753E-02   551
 8.0000E-02 3.6790E-01 2.5662E+00 1.4454E+00 1.1208E+00  5.5465E-01 5.2162E-01 1.8204E-02   551
 8.0000E-02 3.6942E-01 2.5782E+00 1.4423E+00 1.1359E+00  5.5062E-01 5.1960E-01 1.8693E-02   551
 8.0000E-02 3.7095E-01 2.5911E+00 1.4392E+00 1.1519E+00  5.4654E-01 5.1760E-01 1.9223E-02   551
 8.0000E-02 3.7250E-01 2.6052E+00 1.4362E+00 1.1690E+00  5.4241E-01 5.1562E-01 1.9798E-02   551
 8.0000E-02 3.7406E-01 2.6205E+00 1.4333E+00 1.1872E+00  5.3825E-01 5.1367E-01 2.0419E-02   552
 8.0000E-02 3.7563E-01 2.6368E+00 1.4305E+00 1.2063E+00  5.3409E-01 5.1174E-01 2.1082E-02   552
 8.0000E-02 3.7722E-01 2.6544E+00 1.4279E+00 1.2265E+00  5.2992E-01 5.0983E-01 2.1787E-02   552
 8.0000E-02 3.7881E-01 2.6731E+00 1.4255E+00 1.2476E+00  5.2576E-01 5.0796E-01 2.2534E-02   552
 8.0000E-02 3.8043E-01 2.6931E+00 1.4232E+00 1.2699E+00  5.2161E-01 5.0612E-01 2.3326E-02   552
 8.0000E-02 3.8205E-01 2.7145E+00 1.4212E+00 1.2933E+00  5.1749E-01 5.0431E-01 2.4162E-02   552
 8.0000E-02 3.8369E-01 2.7373E+00 1.4195E+00 1.3178E+00  5.1342E-01 5.0254E-01 2.5035E-02   552
 8.0000E-02 3.8534E-01 2.7614E+00 1.4182E+00 1.3432E+00  5.0940E-01 5.0081E-01 2.5947E-02   552
 8.0000E-02 3.8701E-01 2.7869E+00 1.4171E+00 1.3697E+00  5.0544E-01 4.9911E-01 2.6896E-02   552
 8.0000E-02 3.8870E-01 2.8138E+00 1.4164E+00 1.3974E+00  5.0155E-01 4.9744E-01 2.7885E-02   552
 8.0000E-02 3.9039E-01 2.8423E+00 1.4161E+00 1.4262E+00  4.9772E-01 4.9581E-01 2.8912E-02   552
 8.0000E-02 3.9211E-01 2.8722E+00 1.4162E+00 1.4560E+00  4.9398E-01 4.9421E-01 2.9964E-02   552
 8.0000E-02 3.9383E-01 2.9037E+00 1.4168E+00 1.4869E+00  4.9034E-01 4.9264E-01 3.1044E-02   552
 8.0000E-02 3.9558E-01 2.9366E+00 1.4178E+00 1.5188E+00  4.8679E-01 4.9110E-01 3.2152E-02   552
 8.0000E-02 3.9733E-01 2.9712E+00 1.4193E+00 1.5519E+00  4.8333E-01 4.8959E-01 3.3283E-02   552
 8.0000E-02 3.9911E-01 3.0075E+00 1.4214E+00 1.5862E+00  4.7999E-01 4.8810E-01 3.4435E-02   552
 8.0000E-02 4.0090E-01 3.0454E+00 1.4240E+00 1.6215E+00  4.7686E-01 4.8676E-01 3.5601E-02   499
 8.0000E-02 4.0270E-01 3.0849E+00 1.4271E+00 1.6578E+00  4.7374E-01 4.8531E-01 3.6771E-02   499
 8.0000E-02 4.0452E-01 3.1262E+00 1.4308E+00 1.6953E+00  4.7074E-01 4.8388E-01 3.7942E-02   499
 8.0000E-02 4.0636E-01 3.1692E+00 1.4352E+00 1.7340E+00  4.6786E-01 4.8245E-01 3.9106E-02   499
 8.0000E-02 4.0822E-01 3.2140E+00 1.4402E+00 1.7738E+00  4.6511E-01 4.8102E-01 4.0248E-02   499
 8.0000E-02 4.1009E-01 3.2605E+00 1.4458E+00 1.8148E+00  4.6250E-01 4.7960E-01 4.1357E-02   499
 8.0000E-02 4.1198E-01 3.3090E+00 1.4520E+00 1.8570E+00  4.6004E-01 4.7816E-01 4.2415E-02   499
 8.0000E-02 4.1389E-01 3.3592E+00 1.4589E+00 1.9003E+00  4.5772E-01 4.7670E-01 4.3404E-02   499
 8.0000E-02 4.1581E-01 3.4113E+00 1.4666E+00 1.9448E+00  4.5557E-01 4.7522E-01 4.4304E-02   500
 8.0000E-02 4.1776E-01 3.4654E+00 1.4749E+00 1.9905E+00  4.5357E-01 4.7371E-01 4.5091E-02   500
 8.0000E-02 4.1972E-01 3.5214E+00 1.4840E+00 2.0375E+00  4.5172E-01 4.7215E-01 4.5748E-02   501
 8.0000E-02 4.2170E-01 3.5792E+00 1.4936E+00 2.0856E+00  4.5002E-01 4.7053E-01 4.6250E-02   501
 8.0000E-02 4.2370E-01 3.6389E+00 1.5039E+00 2.1349E+00  4.4844E-01 4.6885E-01 4.6574E-02   501
 8.0000E-02 4.2571E-01 3.7001E+00 1.5147E+00 2.1854E+00  4.4697E-01 4.6709E-01 4.6703E-02   501
 8.0000E-02 4.2775E-01 3.7628E+00 1.5260E+00 2.2368E+00  4.4556E-01 4.6524E-01 4.6622E-02   501
 8.0000E-02 4.2981E-01 3.8265E+00 1.5374E+00 2.2890E+00  4.4419E-01 4.6328E-01 4.6317E-02   501
 8.0000E-02 4.3188E-01 3.8908E+00 1.5490E+00 2.3419E+00  4.4280E-01 4.6121E-01 4.5776E-02   501
 8.0000E-02 4.3398E-01 3.9555E+00 1.5604E+00 2.3951E+00  4.4138E-01 4.5903E-01 4.4992E-02   501
 8.0000E-02 4.3610E-01 4.0199E+00 1.5715E+00 2.4484E+00  4.3988E-01 4.5674E-01 4.3956E-02   501
 8.0000E-02 4.3824E-01 4.0838E+00 1.5823E+00 2.5015E+00  4.3831E-01 4.5434E-01 4.2661E-02   501
 8.0000E-02 4.4039E-01 4.1470E+00 1.5929E+00 2.5541E+00  4.3668E-01 4.5186E-01 4.1100E-02   501
 8.0000E-02 4.4257E-01 4.2092E+00 1.6031E+00 2.6061E+00  4.3497E-01 4.4929E-01 3.9278E-02   501
 8.0000E-02 4.4478E-01 4.2704E+00 1.6133E+00 2.6571E+00  4.3323E-01 4.4666E-01 3.7197E-02   501
 8.0000E-02 4.4700E-01 4.3303E+00 1.6235E+00 2.7069E+00  4.3145E-01 4.4400E-01 3.4876E-02   501
 8.0000E-02 4.4925E-01 4.3889E+00 1.6338E+00 2.7551E+00  4.2963E-01 4.4132E-01 3.2355E-02   501
 8.0000E-02 4.5152E-01 4.4458E+00 1.6442E+00 2.8016E+00  4.2774E-01 4.3863E-01 2.9687E-02   501
 8.0000E-02 4.5381E-01 4.5005E+00 1.6547E+00 2.8458E+00  4.2575E-01 4.3596E-01 2.6944E-02   501
 8.0000E-02 4.5612E-01 4.5525E+00 1.6650E+00 2.8875E+00  4.2376E-01 4.3345E-01 2.4215E-02   452
 8.0000E-02 4.5846E-01 4.6015E+00 1.6750E+00 2.9266E+00  4.2143E-01 4.3085E-01 2.1595E-02   452
 8.0000E-02 4.6082E-01 4.6472E+00 1.6842E+00 2.9630E+00  4.1886E-01 4.2831E-01 1.9171E-02   452
 8.0000E-02 4.6321E-01 4.6894E+00 1.6927E+00 2.9967E+00  4.1602E-01 4.2585E-01 1.7022E-02   452
 8.0000E-02 4.6563E-01 4.7280E+00 1.7002E+00 3.0278E+00  4.1292E-01 4.2347E-01 1.5209E-02   452
 8.0000E-02 4.6806E-01 4.7634E+00 1.7067E+00 3.0567E+00  4.0954E-01 4.2119E-01 1.3770E-02   452
 8.0000E-02 4.7053E-01 4.7959E+00 1.7121E+00 3.0838E+00  4.0592E-01 4.1900E-01 1.2718E-02   452
 8.0000E-02 4.7302E-01 4.8261E+00 1.7167E+00 3.1095E+00  4.0210E-01 4.1692E-01 1.2046E-02   452
 8.0000E-02 4.7553E-01 4.8547E+00 1.7204E+00 3.1343E+00  3.9813E-01 4.1493E-01 1.1726E-02   452
 8.0000E-02 4.7807E-01 4.8824E+00 1.7235E+00 3.1589E+00  3.9405E-01 4.1303E-01 1.1724E-02   452
 8.0000E-02 4.8065E-01 4.9097E+00 1.7259E+00 3.1838E+00  3.8988E-01 4.1120E-01 1.2007E-02   452
 8.0000E-02 4.8324E-01 4.9369E+00 1.7276E+00 3.2093E+00  3.8565E-01 4.0942E-01 1.2556E-02   452
 8.0000E-02 4.8587E-01 4.9643E+00 1.7284E+00 3.2359E+00  3.8131E-01 4.0768E-01 1.3378E-02   452
 8.0000E-02 4.8852E-01 4.9914E+00 1.7277E+00 3.2637E+00  3.7682E-01 4.0595E-01 1.4514E-02   452
 8.0000E-02 4.9121E-01 5.0177E+00 1.7250E+00 3.2928E+00  3.7206E-01 4.0421E-01 1.6045E-02   452
 8.0000E-02 4.9392E-01 5.0422E+00 1.7194E+00 3.3229E+00  3.6692E-01 4.0246E-01 1.8084E-02   452
 8.0000E-02 4.9667E-01 5.0638E+00 1.7101E+00 3.3536E+00  3.6125E-01 4.0068E-01 2.0774E-02   452
 8.0000E-02 4.9944E-01 5.0808E+00 1.6964E+00 3.3845E+00  3.5493E-01 3.9889E-01 2.4263E-02   452
 8.0000E-02 5.0225E-01 5.0922E+00 1.6775E+00 3.4147E+00  3.4783E-01 3.9710E-01 2.8686E-02   452
 8.0000E-02 5.0508E-01 5.0965E+00 1.6532E+00 3.4433E+00  3.3991E-01 3.9532E-01 3.4136E-02   452
 8.0000E-02 5.0795E-01 5.0930E+00 1.6235E+00 3.4696E+00  3.3115E-01 3.9358E-01 4.0654E-02   452
 8.0000E-02 5.1086E-01 5.0810E+00 1.5884E+00 3.4926E+00  3.2155E-01 3.9189E-01 4.8243E-02   452
 8.0000E-02 5.1379E-01 5.0600E+00 1.5485E+00 3.5115E+00  3.1116E-01 3.9025E-01 5.6855E-02   453
 8.0000E-02 5.1676E-01 5.0298E+00 1.5043E+00 3.5255E+00  3.0002E-01 3.8870E-01 6.6428E-02   453
 8.0000E-02 5.1977E-01 4.9903E+00 1.4565E+00 3.5338E+00  2.8820E-01 3.8723E-01 7.6878E-02   453
 8.0000E-02 5.2281E-01 4.9420E+00 1.4058E+00 3.5362E+00  2.7577E-01 3.8587E-01 8.8104E-02   453
 8.0000E-02 5.2588E-01 4.8860E+00 1.3533E+00 3.5327E+00  2.6283E-01 3.8465E-01 9.9982E-02   453
 8.0000E-02 5.2899E-01 4.8238E+00 1.2999E+00 3.5239E+00  2.4960E-01 3.8371E-01 1.1239E-01   407
 8.0000E-02 5.3214E-01 4.7569E+00 1.2462E+00 3.5107E+00  2.3589E-01 3.8280E-01 1.2526E-01   407
 8.0000E-02 5.3533E-01 4.6874E+00 1.1934E+00 3.4940E+00  2.2199E-01 3.8209E-01 1.3844E-01   407
 8.0000E-02 5.3855E-01 4.6178E+00 1.1427E+00 3.4751E+00  2.0808E-01 3.8160E-01 1.5174E-01   407
 8.0000E-02 5.4182E-01 4.5508E+00 1.0955E+00 3.4553E+00  1.9444E-01 3.8133E-01 1.6488E-01   407
 8.0000E-02 5.4512E-01 4.4880E+00 1.0526E+00 3.4354E+00  1.8129E-01 3.8125E-01 1.7763E-01   407
 8.0000E-02 5.4847E-01 4.4303E+00 1.0146E+00 3.4158E+00  1.6879E-01 3.8135E-01 1.8977E-01   408
 8.0000E-02 5.5185E-01 4.3779E+00 9.8176E-01 3.3962E+00  1.5704E-01 3.8159E-01 2.0116E-01   408
 8.0000E-02 5.5528E-01 4.3302E+00 9.5416E-01 3.3761E+00  1.4607E-01 3.8192E-01 2.1167E-01   408
 8.0000E-02 5.5875E-01 4.2863E+00 9.3174E-01 3.3546E+00  1.3587E-01 3.8231E-01 2.2124E-01   408
 8.0000E-02 5.6226E-01 4.2455E+00 9.1449E-01 3.3310E+00  1.2638E-01 3.8274E-01 2.2984E-01   408
 8.0000E-02 5.6582E-01 4.2069E+00 9.0250E-01 3.3044E+00  1.1758E-01 3.8319E-01 2.3740E-01   408
 8.0000E-02 5.6943E-01 4.1702E+00 8.9589E-01 3.2744E+00  1.0945E-01 3.8367E-01 2.4392E-01   408
 8.0000E-02 5.7308E-01 4.1356E+00 8.9468E-01 3.2409E+00  1.0196E-01 3.8415E-01 2.4941E-01   408
 8.0000E-02 5.7677E-01 4.1034E+00 8.9858E-01 3.2048E+00  9.5097E-02 3.8464E-01 2.5394E-01   408
 8.0000E-02 5.8052E-01 4.0734E+00 9.0732E-01 3.1660E+00  8.8844E-02 3.8513E-01 2.5753E-01   408
 8.0000E-02 5.8431E-01 4.0449E+00 9.2072E-01 3.1242E+00  8.3146E-02 3.8560E-01 2.6020E-01   408
 8.0000E-02 5.8816E-01 4.0178E+00 9.3846E-01 3.0793E+00  7.7932E-02 3.8606E-01 2.6207E-01   408
 8.0000E-02 5.9205E-01 3.9928E+00 9.5979E-01 3.0330E+00  7.3113E-02 3.8650E-01 2.6341E-01   408
 8.0000E-02 5.9600E-01 3.9730E+00 9.8298E-01 2.9901E+00  6.8587E-02 3.8697E-01 2.6484E-01   408
 8.0000E-02 6.0000E-01 3.9626E+00 1.0058E+00 2.9568E+00  6.4271E-02 3.8750E-01 2.6709E-01   408
