 DDSCAT --- DDSCAT 7.3.3 [22.01.20]   
 TARGET --->TARGSPHER  spherical target with explicit spacing                 
 GPFAFT --- method of solution 
 FLTRCD --- prescription for polarizabilities
 FROM_FILE --- shape 
    4169 = NAT0 = number of dipoles
 ../../diel/Pena-Rioux_dielectric_26Au_74Ag                  
 ../../diel/Pena-Rioux_dielectric_34Au_66Ag                  
 ../../diel/Pena-Rioux_dielectric_85Au_15Ag                  
 ../../diel/Au_evap                                          
   0.000   0.000 = beta_min, beta_max ;  NBETA = 1
   0.000   0.000 = theta_min, theta_max; NTHETA= 1
   0.000   0.000 = phi_min, phi_max   ;   NPHI = 1
 Results averaged over    1 target orientations
                   and  2 incident polarizations
   aeff       wave       Q_pha       Q_pol       Q_cpol
 8.0000E-02 3.0000E-01 -1.9292E-01 -4.7684E-07 -1.0431E-07
 8.0000E-02 3.0101E-01 -1.9183E-01 -2.1458E-06 -5.5134E-07
 8.0000E-02 3.0203E-01 -1.9098E-01  4.5300E-06  5.6624E-07
 8.0000E-02 3.0305E-01 -1.9025E-01  1.9073E-06  5.9605E-08
 8.0000E-02 3.0408E-01 -1.8963E-01  2.8610E-06  8.6427E-07
 8.0000E-02 3.0512E-01 -1.8915E-01  2.3842E-07 -2.6822E-07
 8.0000E-02 3.0616E-01 -1.8880E-01  3.5763E-06  1.6391E-07
 8.0000E-02 3.0722E-01 -1.8858E-01  4.5300E-06 -8.4937E-07
 8.0000E-02 3.0828E-01 -1.8852E-01 -9.5367E-07 -7.1526E-07
 8.0000E-02 3.0934E-01 -1.8863E-01 -4.7684E-06  2.6822E-07
 8.0000E-02 3.1042E-01 -1.8888E-01  0.0000E+00 -1.4007E-06
 8.0000E-02 3.1150E-01 -1.8916E-01 -2.3842E-07 -4.0233E-07
 8.0000E-02 3.1259E-01 -1.8956E-01  2.6226E-06 -1.4901E-08
 8.0000E-02 3.1368E-01 -1.9012E-01 -5.9605E-06 -3.5763E-07
 8.0000E-02 3.1479E-01 -1.9086E-01  4.0531E-06  1.0431E-07
 8.0000E-02 3.1590E-01 -1.9178E-01 -4.2915E-06 -1.3411E-07
 8.0000E-02 3.1702E-01 -1.9289E-01  1.9073E-06 -1.7881E-07
 8.0000E-02 3.1815E-01 -1.9404E-01 -1.6689E-06 -1.9372E-07
 8.0000E-02 3.1929E-01 -1.9539E-01 -5.4836E-06  3.8743E-07
 8.0000E-02 3.2043E-01 -1.9697E-01  7.8678E-06  1.1921E-07
 8.0000E-02 3.2158E-01 -1.9905E-01 -2.1458E-06  2.6822E-07
 8.0000E-02 3.2274E-01 -2.0136E-01 -5.0068E-06 -2.3842E-07
 8.0000E-02 3.2391E-01 -2.0392E-01 -1.4305E-06 -7.4506E-08
 8.0000E-02 3.2509E-01 -2.0674E-01  0.0000E+00  3.8743E-07
 8.0000E-02 3.2628E-01 -2.0983E-01  5.9605E-06  1.3411E-07
 8.0000E-02 3.2747E-01 -2.1344E-01 -2.8610E-06  4.6194E-07
 8.0000E-02 3.2868E-01 -2.1739E-01 -5.2452E-06 -2.9802E-08
 8.0000E-02 3.2989E-01 -2.2169E-01  9.5367E-07 -3.4273E-07
 8.0000E-02 3.3111E-01 -2.2636E-01 -3.8147E-06  0.0000E+00
 8.0000E-02 3.3234E-01 -2.3127E-01 -3.5763E-06 -4.4703E-08
 8.0000E-02 3.3358E-01 -2.3649E-01 -2.3842E-06 -2.6822E-07
 8.0000E-02 3.3483E-01 -2.4210E-01 -2.3842E-07  0.0000E+00
 8.0000E-02 3.3609E-01 -2.4818E-01  5.0068E-06  1.4901E-07
 8.0000E-02 3.3736E-01 -2.5467E-01 -1.9073E-06 -1.1921E-07
 8.0000E-02 3.3864E-01 -2.6146E-01 -2.3842E-06 -1.1921E-07
 8.0000E-02 3.3992E-01 -2.6856E-01  8.8215E-06  3.8743E-07
 8.0000E-02 3.4122E-01 -2.7596E-01  6.4373E-06 -1.1921E-07
 8.0000E-02 3.4253E-01 -2.8368E-01 -4.2915E-06 -6.8545E-07
 8.0000E-02 3.4385E-01 -2.9170E-01  4.7684E-07  8.0466E-07
 8.0000E-02 3.4517E-01 -2.9995E-01 -2.3842E-07  4.1723E-07
 8.0000E-02 3.4651E-01 -3.0829E-01 -9.7752E-06 -6.5565E-07
 8.0000E-02 3.4786E-01 -3.1682E-01 -5.0068E-06 -2.9802E-08
 8.0000E-02 3.4922E-01 -3.2555E-01 -5.7220E-06 -4.4703E-07
 8.0000E-02 3.5059E-01 -3.3446E-01 -2.8610E-06 -1.3411E-06
 8.0000E-02 3.5197E-01 -3.4356E-01 -8.3447E-06 -2.9802E-08
 8.0000E-02 3.5336E-01 -3.5284E-01 -1.4305E-06  3.8743E-07
 8.0000E-02 3.5476E-01 -3.6222E-01 -2.3842E-06  1.7881E-07
 8.0000E-02 3.5618E-01 -3.7174E-01  9.2983E-06  4.7684E-07
 8.0000E-02 3.5760E-01 -3.8141E-01 -2.3842E-07 -6.5565E-07
 8.0000E-02 3.5904E-01 -3.9122E-01  2.6226E-06 -4.4703E-07
 8.0000E-02 3.6048E-01 -4.0118E-01 -9.5367E-07 -5.9605E-07
 8.0000E-02 3.6194E-01 -4.1128E-01 -7.1526E-07  5.3644E-07
 8.0000E-02 3.6341E-01 -4.2155E-01  2.6226E-06 -2.3842E-07
 8.0000E-02 3.6490E-01 -4.3202E-01 -3.0994E-06  2.0862E-07
 8.0000E-02 3.6639E-01 -4.4262E-01  4.0531E-06  1.8477E-06
 8.0000E-02 3.6790E-01 -4.5336E-01  6.1989E-06  1.6093E-06
 8.0000E-02 3.6942E-01 -4.6421E-01 -2.6226E-06 -2.8312E-06
 8.0000E-02 3.7095E-01 -4.7520E-01  0.0000E+00  3.5763E-06
 8.0000E-02 3.7250E-01 -4.8635E-01 -6.1989E-06 -1.2249E-05
 8.0000E-02 3.7406E-01 -4.9765E-01 -8.8215E-06 -1.2517E-05
 8.0000E-02 3.7563E-01 -5.0900E-01  8.3447E-06 -4.1723E-07
 8.0000E-02 3.7722E-01 -5.2041E-01  1.8358E-05  1.8477E-06
 8.0000E-02 3.7881E-01 -5.3189E-01 -4.7684E-07  1.9073E-06
 8.0000E-02 3.8043E-01 -5.4342E-01 -3.3379E-06  9.5367E-07
 8.0000E-02 3.8205E-01 -5.5494E-01  3.5763E-06 -2.3842E-06
 8.0000E-02 3.8369E-01 -5.6639E-01  4.7684E-07  0.0000E+00
 8.0000E-02 3.8534E-01 -5.7778E-01  4.7684E-07 -1.7285E-06
 8.0000E-02 3.8701E-01 -5.8910E-01  4.0531E-06 -2.5034E-06
 8.0000E-02 3.8870E-01 -6.0031E-01  1.0252E-05  1.8477E-06
 8.0000E-02 3.9039E-01 -6.1142E-01  1.9789E-05 -9.0599E-06
 8.0000E-02 3.9211E-01 -6.2225E-01 -6.4373E-06 -6.9141E-06
 8.0000E-02 3.9383E-01 -6.3288E-01 -1.1921E-06 -1.4901E-06
 8.0000E-02 3.9558E-01 -6.4325E-01 -1.1921E-06  8.3447E-07
 8.0000E-02 3.9733E-01 -6.5334E-01  4.7684E-07  4.1723E-07
 8.0000E-02 3.9911E-01 -6.6308E-01 -1.8120E-05  4.2319E-06
 8.0000E-02 4.0090E-01 -6.7240E-01 -2.3842E-06  4.8876E-06
 8.0000E-02 4.0270E-01 -6.8129E-01 -2.8610E-06 -1.2517E-06
 8.0000E-02 4.0452E-01 -6.8970E-01  2.8610E-06  4.1723E-07
 8.0000E-02 4.0636E-01 -6.9756E-01  1.6689E-06  2.3842E-06
 8.0000E-02 4.0822E-01 -7.0480E-01  2.6226E-05  1.0908E-05
 8.0000E-02 4.1009E-01 -7.1133E-01 -2.1458E-06 -1.7881E-07
 8.0000E-02 4.1198E-01 -7.1715E-01  0.0000E+00 -3.9339E-06
 8.0000E-02 4.1389E-01 -7.2214E-01  1.1683E-05 -2.6822E-06
 8.0000E-02 4.1581E-01 -7.2619E-01 -5.4836E-06  1.0729E-06
 8.0000E-02 4.1776E-01 -7.2919E-01  5.4836E-06 -1.4305E-06
 8.0000E-02 4.1972E-01 -7.3105E-01  2.3842E-06  1.0729E-06
 8.0000E-02 4.2170E-01 -7.3165E-01  5.4836E-06 -1.2517E-06
 8.0000E-02 4.2370E-01 -7.3081E-01 -1.3590E-05 -1.1742E-05
 8.0000E-02 4.2571E-01 -7.2835E-01 -1.4305E-06 -7.1526E-07
 8.0000E-02 4.2775E-01 -7.2416E-01 -6.6757E-06  1.2696E-05
 8.0000E-02 4.2981E-01 -7.1816E-01  1.4782E-05  2.0266E-06
 8.0000E-02 4.3188E-01 -7.1033E-01 -4.7684E-07 -3.9935E-06
 8.0000E-02 4.3398E-01 -7.0067E-01  2.8610E-06 -1.1921E-06
 8.0000E-02 4.3610E-01 -6.8928E-01 -2.6226E-06  1.7881E-06
 8.0000E-02 4.3824E-01 -6.7638E-01  7.6294E-06  5.6028E-06
 8.0000E-02 4.4039E-01 -6.6215E-01  9.0599E-06  2.4438E-06
 8.0000E-02 4.4257E-01 -6.4675E-01  1.2875E-05 -8.8215E-06
 8.0000E-02 4.4478E-01 -6.3026E-01  4.2915E-06  5.8413E-06
 8.0000E-02 4.4700E-01 -6.1270E-01 -2.3842E-06 -4.1723E-07
 8.0000E-02 4.4925E-01 -5.9393E-01  1.0490E-05  4.1723E-07
 8.0000E-02 4.5152E-01 -5.7379E-01  2.9564E-05 -1.5497E-06
 8.0000E-02 4.5381E-01 -5.5203E-01  2.0027E-05 -2.2054E-06
 8.0000E-02 4.5612E-01 -5.2838E-01 -2.1458E-05  6.5565E-06
 8.0000E-02 4.5846E-01 -5.0260E-01 -1.0014E-05  2.6226E-06
 8.0000E-02 4.6082E-01 -4.7454E-01 -3.2425E-05 -4.9174E-06
 8.0000E-02 4.6321E-01 -4.4413E-01 -5.7220E-06 -6.6459E-06
 8.0000E-02 4.6563E-01 -4.1140E-01 -1.0014E-05 -4.7386E-06
 8.0000E-02 4.6806E-01 -3.7648E-01  5.7220E-06 -7.4506E-07
 8.0000E-02 4.7053E-01 -3.3960E-01 -4.2915E-06 -3.0398E-06
 8.0000E-02 4.7302E-01 -3.0096E-01  1.3828E-05 -8.5235E-06
 8.0000E-02 4.7553E-01 -2.6122E-01  4.7684E-07  4.7684E-06
 8.0000E-02 4.7807E-01 -2.2107E-01  1.4782E-05 -4.2319E-06
 8.0000E-02 4.8065E-01 -1.8110E-01 -8.1062E-06 -1.9372E-06
 8.0000E-02 4.8324E-01 -1.4190E-01  2.8610E-06 -7.4506E-08
 8.0000E-02 4.8587E-01 -1.0390E-01 -9.5367E-07 -7.4506E-09
 8.0000E-02 4.8852E-01 -6.7456E-02  1.4305E-06  1.9819E-06
 8.0000E-02 4.9121E-01 -3.2781E-02 -6.6757E-06  1.7099E-06
 8.0000E-02 4.9392E-01  7.5948E-05 -3.3379E-06  1.3471E-06
 8.0000E-02 4.9667E-01  3.0426E-02  4.7684E-07  3.1665E-07
 8.0000E-02 4.9944E-01  5.7518E-02 -3.8147E-06  3.1218E-06
 8.0000E-02 5.0225E-01  8.3456E-02 -4.2915E-06 -3.2559E-06
 8.0000E-02 5.0508E-01  1.0838E-01  1.6689E-05  8.0839E-06
 8.0000E-02 5.0795E-01  1.3243E-01 -1.2398E-05  1.6987E-06
 8.0000E-02 5.1086E-01  1.5571E-01  1.4305E-05  1.3709E-06
 8.0000E-02 5.1379E-01  1.7841E-01  1.9550E-05  5.3644E-07
 8.0000E-02 5.1676E-01  2.0082E-01  1.2398E-05  3.6955E-06
 8.0000E-02 5.1977E-01  2.2338E-01  6.6757E-06  2.1160E-06
 8.0000E-02 5.2281E-01  2.4937E-01 -1.7166E-05 -2.9355E-05
 8.0000E-02 5.2588E-01  2.7715E-01 -2.2888E-05  5.8413E-06
 8.0000E-02 5.2899E-01  3.0459E-01 -9.5367E-06  1.1921E-06
 8.0000E-02 5.3214E-01  3.3135E-01  1.3828E-05 -9.2387E-07
 8.0000E-02 5.3533E-01  3.5686E-01 -3.4332E-05  1.3113E-06
 8.0000E-02 5.3855E-01  3.8057E-01  1.4782E-05  9.3281E-06
 8.0000E-02 5.4182E-01  4.0200E-01  8.5831E-06  1.1355E-05
 8.0000E-02 5.4512E-01  4.2079E-01 -5.2452E-06 -5.1260E-06
 8.0000E-02 5.4847E-01  4.3678E-01 -7.6294E-06  5.0664E-06
 8.0000E-02 5.5185E-01  4.4927E-01 -1.1444E-05 -2.9802E-07
 8.0000E-02 5.5528E-01  4.5939E-01 -6.6757E-06  9.9540E-06
 8.0000E-02 5.5875E-01  4.6765E-01 -1.1539E-04  4.4703E-06
 8.0000E-02 5.6226E-01  4.7451E-01 -2.9087E-05 -4.6194E-06
 8.0000E-02 5.6582E-01  4.8038E-01 -3.5763E-05  2.3484E-05
 8.0000E-02 5.6943E-01  4.8573E-01  6.8188E-05 -1.5050E-05
 8.0000E-02 5.7308E-01  4.9082E-01  1.1921E-05  1.7643E-05
 8.0000E-02 5.7677E-01  4.9563E-01  9.5367E-06 -8.8513E-06
 8.0000E-02 5.8052E-01  4.9983E-01 -4.1962E-05 -5.9605E-06
 8.0000E-02 5.8431E-01  5.0286E-01 -1.2398E-05 -8.7619E-06
 8.0000E-02 5.8816E-01  5.0410E-01  2.5749E-05 -3.6955E-06
 8.0000E-02 5.9205E-01  5.0323E-01 -1.4305E-05 -1.2875E-05
 8.0000E-02 5.9600E-01  5.0003E-01 -3.2425E-05 -1.6749E-05
 8.0000E-02 6.0000E-01  4.9408E-01 -6.6757E-05  8.7917E-06
