 DDSCAT --- DDSCAT 7.3.3 [22.01.20]   
 TARGET --->TARGSPHER  spherical target with explicit spacing                 
 GPFAFT --- method of solution 
 FLTRCD --- prescription for polarizabilities
 FROM_FILE --- shape 
    4169 = NAT0 = number of dipoles
 ../../diel/Pena-Rioux_dielectric_26Au_74Ag                  
 ../../diel/Pena-Rioux_dielectric_34Au_66Ag                  
 ../../diel/Pena-Rioux_dielectric_85Au_15Ag                  
 ../../diel/Au_evap                                          
   0.000   0.000 = beta_min, beta_max ;  NBETA = 1
   0.000   0.000 = theta_min, theta_max; NTHETA= 1
   0.000   0.000 = phi_min, phi_max   ;   NPHI = 1
 0.5000 = ETASCA (param. controlling # of scatt. dirs used to calculate <cos> etc.
 Results averaged over    1 target orientations
                   and  2 incident polarizations
   aeff       wave       Q_ext     Q_abs      Q_sca     g(1)=<cos>  <cos^2>    Q_bk       Nsca
 8.0000E-02 3.0000E-01 2.7337E+00 1.5407E+00 1.1930E+00  6.5377E-01 6.1741E-01 2.5495E-02   656
 8.0000E-02 3.0101E-01 2.7294E+00 1.5419E+00 1.1875E+00  6.5337E-01 6.1626E-01 2.5361E-02   656
 8.0000E-02 3.0203E-01 2.7250E+00 1.5430E+00 1.1820E+00  6.5291E-01 6.1508E-01 2.5222E-02   656
 8.0000E-02 3.0305E-01 2.7204E+00 1.5441E+00 1.1764E+00  6.5245E-01 6.1389E-01 2.5064E-02   656
 8.0000E-02 3.0408E-01 2.7157E+00 1.5451E+00 1.1706E+00  6.5200E-01 6.1268E-01 2.4888E-02   656
 8.0000E-02 3.0512E-01 2.7108E+00 1.5460E+00 1.1648E+00  6.5154E-01 6.1146E-01 2.4693E-02   656
 8.0000E-02 3.0616E-01 2.7058E+00 1.5469E+00 1.1589E+00  6.5108E-01 6.1022E-01 2.4481E-02   656
 8.0000E-02 3.0722E-01 2.7005E+00 1.5476E+00 1.1529E+00  6.5061E-01 6.0897E-01 2.4252E-02   656
 8.0000E-02 3.0828E-01 2.6952E+00 1.5483E+00 1.1469E+00  6.5013E-01 6.0770E-01 2.4008E-02   656
 8.0000E-02 3.0934E-01 2.6899E+00 1.5490E+00 1.1410E+00  6.4962E-01 6.0640E-01 2.3757E-02   656
 8.0000E-02 3.1042E-01 2.6846E+00 1.5495E+00 1.1351E+00  6.4908E-01 6.0508E-01 2.3495E-02   656
 8.0000E-02 3.1150E-01 2.6790E+00 1.5500E+00 1.1290E+00  6.4856E-01 6.0374E-01 2.3210E-02   656
 8.0000E-02 3.1259E-01 2.6732E+00 1.5504E+00 1.1228E+00  6.4802E-01 6.0238E-01 2.2910E-02   656
 8.0000E-02 3.1368E-01 2.6674E+00 1.5507E+00 1.1167E+00  6.4746E-01 6.0100E-01 2.2602E-02   656
 8.0000E-02 3.1479E-01 2.6614E+00 1.5509E+00 1.1105E+00  6.4686E-01 5.9960E-01 2.2284E-02   656
 8.0000E-02 3.1590E-01 2.6553E+00 1.5510E+00 1.1043E+00  6.4623E-01 5.9817E-01 2.1958E-02   656
 8.0000E-02 3.1702E-01 2.6491E+00 1.5510E+00 1.0982E+00  6.4556E-01 5.9672E-01 2.1625E-02   656
 8.0000E-02 3.1815E-01 2.6427E+00 1.5509E+00 1.0919E+00  6.4485E-01 5.9524E-01 2.1284E-02   656
 8.0000E-02 3.1929E-01 2.6362E+00 1.5506E+00 1.0856E+00  6.4410E-01 5.9373E-01 2.0940E-02   656
 8.0000E-02 3.2043E-01 2.6296E+00 1.5502E+00 1.0794E+00  6.4329E-01 5.9220E-01 2.0592E-02   656
 8.0000E-02 3.2158E-01 2.6231E+00 1.5497E+00 1.0734E+00  6.4235E-01 5.9063E-01 2.0265E-02   657
 8.0000E-02 3.2274E-01 2.6165E+00 1.5490E+00 1.0675E+00  6.4137E-01 5.8904E-01 1.9935E-02   657
 8.0000E-02 3.2391E-01 2.6097E+00 1.5481E+00 1.0616E+00  6.4043E-01 5.8753E-01 1.9603E-02   602
 8.0000E-02 3.2509E-01 2.6028E+00 1.5471E+00 1.0557E+00  6.3934E-01 5.8589E-01 1.9268E-02   602
 8.0000E-02 3.2628E-01 2.5958E+00 1.5459E+00 1.0498E+00  6.3821E-01 5.8422E-01 1.8933E-02   602
 8.0000E-02 3.2747E-01 2.5882E+00 1.5445E+00 1.0438E+00  6.3702E-01 5.8253E-01 1.8592E-02   602
 8.0000E-02 3.2868E-01 2.5808E+00 1.5429E+00 1.0379E+00  6.3577E-01 5.8082E-01 1.8257E-02   602
 8.0000E-02 3.2989E-01 2.5734E+00 1.5411E+00 1.0323E+00  6.3445E-01 5.7909E-01 1.7931E-02   602
 8.0000E-02 3.3111E-01 2.5661E+00 1.5392E+00 1.0269E+00  6.3304E-01 5.7732E-01 1.7615E-02   602
 8.0000E-02 3.3234E-01 2.5588E+00 1.5371E+00 1.0217E+00  6.3160E-01 5.7554E-01 1.7297E-02   603
 8.0000E-02 3.3358E-01 2.5515E+00 1.5349E+00 1.0166E+00  6.3009E-01 5.7373E-01 1.6984E-02   603
 8.0000E-02 3.3483E-01 2.5443E+00 1.5325E+00 1.0119E+00  6.2851E-01 5.7190E-01 1.6683E-02   603
 8.0000E-02 3.3609E-01 2.5377E+00 1.5299E+00 1.0079E+00  6.2681E-01 5.7004E-01 1.6406E-02   603
 8.0000E-02 3.3736E-01 2.5319E+00 1.5273E+00 1.0046E+00  6.2499E-01 5.6815E-01 1.6157E-02   604
 8.0000E-02 3.3864E-01 2.5265E+00 1.5246E+00 1.0019E+00  6.2307E-01 5.6623E-01 1.5929E-02   604
 8.0000E-02 3.3992E-01 2.5217E+00 1.5218E+00 9.9984E-01  6.2105E-01 5.6429E-01 1.5721E-02   604
 8.0000E-02 3.4122E-01 2.5174E+00 1.5190E+00 9.9840E-01  6.1893E-01 5.6233E-01 1.5536E-02   604
 8.0000E-02 3.4253E-01 2.5137E+00 1.5161E+00 9.9766E-01  6.1670E-01 5.6035E-01 1.5375E-02   604
 8.0000E-02 3.4385E-01 2.5106E+00 1.5130E+00 9.9756E-01  6.1435E-01 5.5834E-01 1.5238E-02   604
 8.0000E-02 3.4517E-01 2.5082E+00 1.5100E+00 9.9829E-01  6.1189E-01 5.5632E-01 1.5131E-02   604
 8.0000E-02 3.4651E-01 2.5068E+00 1.5070E+00 9.9980E-01  6.0933E-01 5.5428E-01 1.5051E-02   605
 8.0000E-02 3.4786E-01 2.5060E+00 1.5040E+00 1.0020E+00  6.0666E-01 5.5223E-01 1.4999E-02   605
 8.0000E-02 3.4922E-01 2.5060E+00 1.5010E+00 1.0050E+00  6.0388E-01 5.5016E-01 1.4974E-02   605
 8.0000E-02 3.5059E-01 2.5067E+00 1.4979E+00 1.0088E+00  6.0100E-01 5.4809E-01 1.4979E-02   605
 8.0000E-02 3.5197E-01 2.5082E+00 1.4949E+00 1.0133E+00  5.9801E-01 5.4600E-01 1.5013E-02   605
 8.0000E-02 3.5336E-01 2.5106E+00 1.4919E+00 1.0187E+00  5.9491E-01 5.4391E-01 1.5079E-02   606
 8.0000E-02 3.5476E-01 2.5137E+00 1.4889E+00 1.0248E+00  5.9174E-01 5.4182E-01 1.5171E-02   606
 8.0000E-02 3.5618E-01 2.5176E+00 1.4860E+00 1.0316E+00  5.8847E-01 5.3973E-01 1.5296E-02   606
 8.0000E-02 3.5760E-01 2.5223E+00 1.4830E+00 1.0393E+00  5.8521E-01 5.3775E-01 1.5450E-02   551
 8.0000E-02 3.5904E-01 2.5277E+00 1.4801E+00 1.0477E+00  5.8176E-01 5.3566E-01 1.5637E-02   551
 8.0000E-02 3.6048E-01 2.5340E+00 1.4771E+00 1.0569E+00  5.7822E-01 5.3357E-01 1.5855E-02   551
 8.0000E-02 3.6194E-01 2.5410E+00 1.4742E+00 1.0669E+00  5.7459E-01 5.3147E-01 1.6107E-02   551
 8.0000E-02 3.6341E-01 2.5489E+00 1.4712E+00 1.0777E+00  5.7088E-01 5.2938E-01 1.6393E-02   551
 8.0000E-02 3.6490E-01 2.5574E+00 1.4681E+00 1.0894E+00  5.6707E-01 5.2730E-01 1.6715E-02   551
 8.0000E-02 3.6639E-01 2.5669E+00 1.4651E+00 1.1019E+00  5.6319E-01 5.2521E-01 1.7075E-02   551
 8.0000E-02 3.6790E-01 2.5774E+00 1.4620E+00 1.1153E+00  5.5925E-01 5.2314E-01 1.7473E-02   551
 8.0000E-02 3.6942E-01 2.5887E+00 1.4591E+00 1.1297E+00  5.5525E-01 5.2109E-01 1.7909E-02   551
 8.0000E-02 3.7095E-01 2.6011E+00 1.4561E+00 1.1450E+00  5.5120E-01 5.1905E-01 1.8386E-02   551
 8.0000E-02 3.7250E-01 2.6145E+00 1.4532E+00 1.1613E+00  5.4708E-01 5.1702E-01 1.8907E-02   551
 8.0000E-02 3.7406E-01 2.6291E+00 1.4504E+00 1.1787E+00  5.4292E-01 5.1501E-01 1.9475E-02   552
 8.0000E-02 3.7563E-01 2.6448E+00 1.4477E+00 1.1971E+00  5.3874E-01 5.1303E-01 2.0087E-02   552
 8.0000E-02 3.7722E-01 2.6616E+00 1.4451E+00 1.2166E+00  5.3454E-01 5.1108E-01 2.0739E-02   552
 8.0000E-02 3.7881E-01 2.6797E+00 1.4426E+00 1.2371E+00  5.3034E-01 5.0915E-01 2.1435E-02   552
 8.0000E-02 3.8043E-01 2.6990E+00 1.4404E+00 1.2587E+00  5.2615E-01 5.0725E-01 2.2175E-02   552
 8.0000E-02 3.8205E-01 2.7197E+00 1.4383E+00 1.2814E+00  5.2197E-01 5.0538E-01 2.2960E-02   552
 8.0000E-02 3.8369E-01 2.7416E+00 1.4365E+00 1.3051E+00  5.1781E-01 5.0354E-01 2.3781E-02   552
 8.0000E-02 3.8534E-01 2.7648E+00 1.4350E+00 1.3298E+00  5.1371E-01 5.0174E-01 2.4642E-02   552
 8.0000E-02 3.8701E-01 2.7895E+00 1.4337E+00 1.3557E+00  5.0965E-01 4.9997E-01 2.5541E-02   552
 8.0000E-02 3.8870E-01 2.8156E+00 1.4329E+00 1.3828E+00  5.0565E-01 4.9823E-01 2.6482E-02   552
 8.0000E-02 3.9039E-01 2.8434E+00 1.4324E+00 1.4110E+00  5.0172E-01 4.9654E-01 2.7460E-02   552
 8.0000E-02 3.9211E-01 2.8727E+00 1.4324E+00 1.4403E+00  4.9789E-01 4.9488E-01 2.8464E-02   552
 8.0000E-02 3.9383E-01 2.9035E+00 1.4328E+00 1.4707E+00  4.9415E-01 4.9325E-01 2.9496E-02   552
 8.0000E-02 3.9558E-01 2.9359E+00 1.4337E+00 1.5022E+00  4.9050E-01 4.9165E-01 3.0554E-02   552
 8.0000E-02 3.9733E-01 2.9699E+00 1.4351E+00 1.5348E+00  4.8695E-01 4.9008E-01 3.1634E-02   552
 8.0000E-02 3.9911E-01 3.0058E+00 1.4371E+00 1.5687E+00  4.8352E-01 4.8854E-01 3.2738E-02   552
 8.0000E-02 4.0090E-01 3.0434E+00 1.4397E+00 1.6037E+00  4.8032E-01 4.8716E-01 3.3850E-02   499
 8.0000E-02 4.0270E-01 3.0826E+00 1.4429E+00 1.6398E+00  4.7713E-01 4.8567E-01 3.4966E-02   499
 8.0000E-02 4.0452E-01 3.1236E+00 1.4467E+00 1.6770E+00  4.7406E-01 4.8419E-01 3.6079E-02   499
 8.0000E-02 4.0636E-01 3.1664E+00 1.4511E+00 1.7153E+00  4.7113E-01 4.8272E-01 3.7181E-02   499
 8.0000E-02 4.0822E-01 3.2110E+00 1.4562E+00 1.7548E+00  4.6832E-01 4.8126E-01 3.8260E-02   499
 8.0000E-02 4.1009E-01 3.2574E+00 1.4619E+00 1.7954E+00  4.6566E-01 4.7980E-01 3.9303E-02   499
 8.0000E-02 4.1198E-01 3.3055E+00 1.4684E+00 1.8371E+00  4.6315E-01 4.7833E-01 4.0291E-02   499
 8.0000E-02 4.1389E-01 3.3554E+00 1.4755E+00 1.8800E+00  4.6078E-01 4.7684E-01 4.1212E-02   499
 8.0000E-02 4.1581E-01 3.4072E+00 1.4833E+00 1.9239E+00  4.5856E-01 4.7532E-01 4.2042E-02   500
 8.0000E-02 4.1776E-01 3.4608E+00 1.4919E+00 1.9689E+00  4.5649E-01 4.7378E-01 4.2763E-02   500
 8.0000E-02 4.1972E-01 3.5162E+00 1.5011E+00 2.0151E+00  4.5456E-01 4.7219E-01 4.3358E-02   501
 8.0000E-02 4.2170E-01 3.5733E+00 1.5110E+00 2.0623E+00  4.5276E-01 4.7054E-01 4.3807E-02   501
 8.0000E-02 4.2370E-01 3.6320E+00 1.5215E+00 2.1105E+00  4.5107E-01 4.6884E-01 4.4094E-02   501
 8.0000E-02 4.2571E-01 3.6921E+00 1.5325E+00 2.1596E+00  4.4945E-01 4.6705E-01 4.4206E-02   501
 8.0000E-02 4.2775E-01 3.7532E+00 1.5437E+00 2.2095E+00  4.4787E-01 4.6518E-01 4.4133E-02   501
 8.0000E-02 4.2981E-01 3.8149E+00 1.5551E+00 2.2599E+00  4.4627E-01 4.6321E-01 4.3875E-02   501
 8.0000E-02 4.3188E-01 3.8768E+00 1.5662E+00 2.3106E+00  4.4461E-01 4.6113E-01 4.3429E-02   501
 8.0000E-02 4.3398E-01 3.9384E+00 1.5770E+00 2.3614E+00  4.4285E-01 4.5895E-01 4.2794E-02   501
 8.0000E-02 4.3610E-01 3.9992E+00 1.5872E+00 2.4121E+00  4.4096E-01 4.5665E-01 4.1972E-02   501
 8.0000E-02 4.3824E-01 4.0589E+00 1.5966E+00 2.4623E+00  4.3893E-01 4.5426E-01 4.0962E-02   501
 8.0000E-02 4.4039E-01 4.1175E+00 1.6053E+00 2.5122E+00  4.3678E-01 4.5177E-01 3.9755E-02   501
 8.0000E-02 4.4257E-01 4.1750E+00 1.6135E+00 2.5615E+00  4.3456E-01 4.4922E-01 3.8339E-02   501
 8.0000E-02 4.4478E-01 4.2316E+00 1.6213E+00 2.6103E+00  4.3229E-01 4.4661E-01 3.6701E-02   501
 8.0000E-02 4.4700E-01 4.2878E+00 1.6292E+00 2.6585E+00  4.3005E-01 4.4396E-01 3.4821E-02   501
 8.0000E-02 4.4925E-01 4.3436E+00 1.6375E+00 2.7061E+00  4.2787E-01 4.4130E-01 3.2705E-02   501
 8.0000E-02 4.5152E-01 4.3994E+00 1.6463E+00 2.7531E+00  4.2575E-01 4.3863E-01 3.0361E-02   501
 8.0000E-02 4.5381E-01 4.4549E+00 1.6557E+00 2.7992E+00  4.2369E-01 4.3595E-01 2.7820E-02   501
 8.0000E-02 4.5612E-01 4.5100E+00 1.6659E+00 2.8441E+00  4.2182E-01 4.3343E-01 2.5121E-02   452
 8.0000E-02 4.5846E-01 4.5643E+00 1.6767E+00 2.8877E+00  4.1980E-01 4.3078E-01 2.2333E-02   452
 8.0000E-02 4.6082E-01 4.6171E+00 1.6878E+00 2.9293E+00  4.1770E-01 4.2815E-01 1.9543E-02   452
 8.0000E-02 4.6321E-01 4.6675E+00 1.6987E+00 2.9687E+00  4.1544E-01 4.2554E-01 1.6849E-02   452
 8.0000E-02 4.6563E-01 4.7147E+00 1.7091E+00 3.0056E+00  4.1293E-01 4.2296E-01 1.4357E-02   452
 8.0000E-02 4.6806E-01 4.7580E+00 1.7185E+00 3.0395E+00  4.1009E-01 4.2040E-01 1.2173E-02   452
 8.0000E-02 4.7053E-01 4.7964E+00 1.7263E+00 3.0702E+00  4.0683E-01 4.1788E-01 1.0403E-02   452
 8.0000E-02 4.7302E-01 4.8287E+00 1.7320E+00 3.0967E+00  4.0307E-01 4.1540E-01 9.1530E-03   452
 8.0000E-02 4.7553E-01 4.8543E+00 1.7353E+00 3.1190E+00  3.9874E-01 4.1297E-01 8.5279E-03   452
 8.0000E-02 4.7807E-01 4.8732E+00 1.7359E+00 3.1373E+00  3.9384E-01 4.1062E-01 8.5946E-03   452
 8.0000E-02 4.8065E-01 4.8855E+00 1.7337E+00 3.1518E+00  3.8837E-01 4.0836E-01 9.3928E-03   452
 8.0000E-02 4.8324E-01 4.8916E+00 1.7287E+00 3.1629E+00  3.8236E-01 4.0620E-01 1.0931E-02   452
 8.0000E-02 4.8587E-01 4.8921E+00 1.7211E+00 3.1711E+00  3.7585E-01 4.0416E-01 1.3195E-02   452
 8.0000E-02 4.8852E-01 4.8880E+00 1.7110E+00 3.1769E+00  3.6888E-01 4.0225E-01 1.6149E-02   452
 8.0000E-02 4.9121E-01 4.8800E+00 1.6988E+00 3.1812E+00  3.6152E-01 4.0046E-01 1.9747E-02   452
 8.0000E-02 4.9392E-01 4.8690E+00 1.6846E+00 3.1844E+00  3.5382E-01 3.9879E-01 2.3943E-02   452
 8.0000E-02 4.9667E-01 4.8562E+00 1.6689E+00 3.1872E+00  3.4589E-01 3.9728E-01 2.8653E-02   452
 8.0000E-02 4.9944E-01 4.8439E+00 1.6530E+00 3.1909E+00  3.3799E-01 3.9597E-01 3.3698E-02   452
 8.0000E-02 5.0225E-01 4.8315E+00 1.6359E+00 3.1956E+00  3.2996E-01 3.9474E-01 3.9111E-02   452
 8.0000E-02 5.0508E-01 4.8192E+00 1.6177E+00 3.2015E+00  3.2182E-01 3.9360E-01 4.4864E-02   452
 8.0000E-02 5.0795E-01 4.8071E+00 1.5985E+00 3.2086E+00  3.1359E-01 3.9255E-01 5.0932E-02   452
 8.0000E-02 5.1086E-01 4.7955E+00 1.5785E+00 3.2170E+00  3.0533E-01 3.9156E-01 5.7289E-02   452
 8.0000E-02 5.1379E-01 4.7847E+00 1.5575E+00 3.2273E+00  2.9702E-01 3.9065E-01 6.3929E-02   453
 8.0000E-02 5.1676E-01 4.7752E+00 1.5352E+00 3.2400E+00  2.8869E-01 3.8979E-01 7.0869E-02   453
 8.0000E-02 5.1977E-01 4.7672E+00 1.5114E+00 3.2557E+00  2.8029E-01 3.8898E-01 7.8168E-02   453
 8.0000E-02 5.2281E-01 4.7555E+00 1.4821E+00 3.2734E+00  2.7117E-01 3.8810E-01 8.6378E-02   453
 8.0000E-02 5.2588E-01 4.7381E+00 1.4476E+00 3.2905E+00  2.6127E-01 3.8722E-01 9.5539E-02   453
 8.0000E-02 5.2899E-01 4.7167E+00 1.4101E+00 3.3066E+00  2.5102E-01 3.8654E-01 1.0540E-01   407
 8.0000E-02 5.3214E-01 4.6910E+00 1.3701E+00 3.3210E+00  2.4020E-01 3.8579E-01 1.1590E-01   407
 8.0000E-02 5.3533E-01 4.6609E+00 1.3279E+00 3.3330E+00  2.2900E-01 3.8514E-01 1.2696E-01   407
 8.0000E-02 5.3855E-01 4.6267E+00 1.2844E+00 3.3423E+00  2.1751E-01 3.8458E-01 1.3845E-01   407
 8.0000E-02 5.4182E-01 4.5892E+00 1.2404E+00 3.3488E+00  2.0581E-01 3.8412E-01 1.5025E-01   407
 8.0000E-02 5.4512E-01 4.5493E+00 1.1966E+00 3.3527E+00  1.9401E-01 3.8377E-01 1.6225E-01   407
 8.0000E-02 5.4847E-01 4.5082E+00 1.1536E+00 3.3546E+00  1.8221E-01 3.8354E-01 1.7437E-01   408
 8.0000E-02 5.5185E-01 4.4694E+00 1.1134E+00 3.3560E+00  1.7073E-01 3.8346E-01 1.8634E-01   408
 8.0000E-02 5.5528E-01 4.4325E+00 1.0749E+00 3.3576E+00  1.5950E-01 3.8350E-01 1.9826E-01   408
 8.0000E-02 5.5875E-01 4.3983E+00 1.0387E+00 3.3596E+00  1.4860E-01 3.8366E-01 2.1002E-01   408
 8.0000E-02 5.6226E-01 4.3668E+00 1.0055E+00 3.3613E+00  1.3813E-01 3.8392E-01 2.2147E-01   408
 8.0000E-02 5.6582E-01 4.3381E+00 9.7583E-01 3.3623E+00  1.2818E-01 3.8428E-01 2.3243E-01   408
 8.0000E-02 5.6943E-01 4.3118E+00 9.5030E-01 3.3615E+00  1.1882E-01 3.8469E-01 2.4269E-01   408
 8.0000E-02 5.7308E-01 4.2873E+00 9.2952E-01 3.3578E+00  1.1009E-01 3.8514E-01 2.5204E-01   408
 8.0000E-02 5.7677E-01 4.2633E+00 9.1432E-01 3.3490E+00  1.0203E-01 3.8561E-01 2.6026E-01   408
 8.0000E-02 5.8052E-01 4.2391E+00 9.0532E-01 3.3338E+00  9.4628E-02 3.8608E-01 2.6722E-01   408
 8.0000E-02 5.8431E-01 4.2138E+00 9.0286E-01 3.3110E+00  8.7851E-02 3.8654E-01 2.7280E-01   408
 8.0000E-02 5.8816E-01 4.1881E+00 9.0685E-01 3.2812E+00  8.1676E-02 3.8699E-01 2.7711E-01   408
 8.0000E-02 5.9205E-01 4.1633E+00 9.1636E-01 3.2469E+00  7.6069E-02 3.8743E-01 2.8037E-01   408
 8.0000E-02 5.9600E-01 4.1399E+00 9.3038E-01 3.2096E+00  7.0949E-02 3.8785E-01 2.8281E-01   408
 8.0000E-02 6.0000E-01 4.1184E+00 9.4796E-01 3.1705E+00  6.6220E-02 3.8826E-01 2.8466E-01   408
