 DDSCAT --- DDSCAT 7.3.3 [22.01.20]   
 TARGET --->TARGSPHER  spherical target with explicit spacing                 
 GPFAFT --- method of solution 
 FLTRCD --- prescription for polarizabilities
 FROM_FILE --- shape 
    4169 = NAT0 = number of dipoles
 ../../diel/Pena-Rioux_dielectric_26Au_74Ag                  
 ../../diel/Pena-Rioux_dielectric_76Au_24Ag                  
 ../../diel/Pena-Rioux_dielectric_92Au_8Ag                   
   0.000   0.000 = beta_min, beta_max ;  NBETA = 1
   0.000   0.000 = theta_min, theta_max; NTHETA= 1
   0.000   0.000 = phi_min, phi_max   ;   NPHI = 1
 0.5000 = ETASCA (param. controlling # of scatt. dirs used to calculate <cos> etc.
 Results averaged over    1 target orientations
                   and  2 incident polarizations
   aeff       wave       Q_ext     Q_abs      Q_sca     g(1)=<cos>  <cos^2>    Q_bk       Nsca
 1.0000E-03 3.0000E-01 8.5164E-02 8.5163E-02 1.1948E-06  2.5944E-04 4.0217E-01 1.4241E-07   214
 1.0000E-03 3.0101E-01 8.4722E-02 8.4721E-02 1.1727E-06  2.5915E-04 4.0217E-01 1.3978E-07   214
 1.0000E-03 3.0203E-01 8.4294E-02 8.4292E-02 1.1512E-06  2.5882E-04 4.0217E-01 1.3721E-07   214
 1.0000E-03 3.0305E-01 8.3879E-02 8.3878E-02 1.1302E-06  2.5839E-04 4.0217E-01 1.3470E-07   214
 1.0000E-03 3.0408E-01 8.3478E-02 8.3477E-02 1.1096E-06  2.5805E-04 4.0217E-01 1.3225E-07   214
 1.0000E-03 3.0512E-01 8.3091E-02 8.3090E-02 1.0896E-06  2.5763E-04 4.0217E-01 1.2986E-07   214
 1.0000E-03 3.0616E-01 8.2718E-02 8.2717E-02 1.0700E-06  2.5700E-04 4.0217E-01 1.2753E-07   214
 1.0000E-03 3.0722E-01 8.2359E-02 8.2358E-02 1.0508E-06  2.5681E-04 4.0217E-01 1.2525E-07   214
 1.0000E-03 3.0828E-01 8.2016E-02 8.2015E-02 1.0323E-06  2.5607E-04 4.0217E-01 1.2304E-07   214
 1.0000E-03 3.0934E-01 8.1690E-02 8.1689E-02 1.0146E-06  2.5606E-04 4.0217E-01 1.2093E-07   214
 1.0000E-03 3.1042E-01 8.1371E-02 8.1370E-02 9.9722E-07  2.5521E-04 4.0217E-01 1.1886E-07   214
 1.0000E-03 3.1150E-01 8.1060E-02 8.1059E-02 9.8014E-07  2.5475E-04 4.0217E-01 1.1682E-07   214
 1.0000E-03 3.1259E-01 8.0756E-02 8.0755E-02 9.6336E-07  2.5419E-04 4.0217E-01 1.1482E-07   214
 1.0000E-03 3.1368E-01 8.0460E-02 8.0459E-02 9.4687E-07  2.5396E-04 4.0217E-01 1.1286E-07   214
 1.0000E-03 3.1479E-01 8.0171E-02 8.0170E-02 9.3066E-07  2.5330E-04 4.0217E-01 1.1093E-07   214
 1.0000E-03 3.1590E-01 7.9889E-02 7.9889E-02 9.1474E-07  2.5284E-04 4.0217E-01 1.0903E-07   214
 1.0000E-03 3.1702E-01 7.9616E-02 7.9615E-02 8.9910E-07  2.5250E-04 4.0217E-01 1.0716E-07   214
 1.0000E-03 3.1815E-01 7.9298E-02 7.9297E-02 8.8282E-07  2.5214E-04 4.0217E-01 1.0522E-07   214
 1.0000E-03 3.1929E-01 7.8983E-02 7.8983E-02 8.6666E-07  2.5135E-04 4.0217E-01 1.0330E-07   214
 1.0000E-03 3.2043E-01 7.8681E-02 7.8680E-02 8.5080E-07  2.5096E-04 4.0217E-01 1.0141E-07   214
 1.0000E-03 3.2158E-01 7.8390E-02 7.8389E-02 8.3522E-07  2.5031E-04 4.0217E-01 9.9552E-08   214
 1.0000E-03 3.2274E-01 7.8111E-02 7.8110E-02 8.1992E-07  2.5001E-04 4.0217E-01 9.7728E-08   214
 1.0000E-03 3.2391E-01 7.7844E-02 7.7843E-02 8.0488E-07  2.4948E-04 4.0217E-01 9.5936E-08   214
 1.0000E-03 3.2509E-01 7.7588E-02 7.7587E-02 7.9012E-07  2.4909E-04 4.0217E-01 9.4176E-08   214
 1.0000E-03 3.2628E-01 7.7343E-02 7.7342E-02 7.7562E-07  2.4864E-04 4.0217E-01 9.2448E-08   214
 1.0000E-03 3.2747E-01 7.7120E-02 7.7119E-02 7.6105E-07  2.4789E-04 4.0217E-01 9.0712E-08   214
 1.0000E-03 3.2868E-01 7.6928E-02 7.6927E-02 7.4712E-07  2.4729E-04 4.0217E-01 8.9052E-08   214
 1.0000E-03 3.2989E-01 7.6768E-02 7.6767E-02 7.3384E-07  2.4681E-04 4.0217E-01 8.7469E-08   214
 1.0000E-03 3.3111E-01 7.6640E-02 7.6640E-02 7.2119E-07  2.4620E-04 4.0217E-01 8.5961E-08   214
 1.0000E-03 3.3234E-01 7.6545E-02 7.6545E-02 7.0918E-07  2.4586E-04 4.0217E-01 8.4530E-08   214
 1.0000E-03 3.3358E-01 7.6483E-02 7.6483E-02 6.9781E-07  2.4497E-04 4.0217E-01 8.3174E-08   214
 1.0000E-03 3.3483E-01 7.6455E-02 7.6454E-02 6.8707E-07  2.4440E-04 4.0217E-01 8.1894E-08   214
 1.0000E-03 3.3609E-01 7.6492E-02 7.6492E-02 6.7748E-07  2.4350E-04 4.0217E-01 8.0752E-08   214
 1.0000E-03 3.3736E-01 7.6606E-02 7.6605E-02 6.6929E-07  2.4285E-04 4.0217E-01 7.9776E-08   214
 1.0000E-03 3.3864E-01 7.6766E-02 7.6766E-02 6.6204E-07  2.4187E-04 4.0217E-01 7.8911E-08   214
 1.0000E-03 3.3992E-01 7.6976E-02 7.6975E-02 6.5573E-07  2.4109E-04 4.0217E-01 7.8159E-08   214
 1.0000E-03 3.4122E-01 7.7236E-02 7.7235E-02 6.5038E-07  2.4034E-04 4.0217E-01 7.7522E-08   214
 1.0000E-03 3.4253E-01 7.7550E-02 7.7549E-02 6.4603E-07  2.3931E-04 4.0217E-01 7.7003E-08   214
 1.0000E-03 3.4385E-01 7.7920E-02 7.7919E-02 6.4269E-07  2.3796E-04 4.0217E-01 7.6606E-08   214
 1.0000E-03 3.4517E-01 7.8355E-02 7.8355E-02 6.4055E-07  2.3703E-04 4.0217E-01 7.6351E-08   214
 1.0000E-03 3.4651E-01 7.8852E-02 7.8852E-02 6.3963E-07  2.3606E-04 4.0217E-01 7.6242E-08   214
 1.0000E-03 3.4786E-01 7.9402E-02 7.9402E-02 6.3974E-07  2.3498E-04 4.0217E-01 7.6254E-08   214
 1.0000E-03 3.4922E-01 8.0009E-02 8.0009E-02 6.4090E-07  2.3381E-04 4.0217E-01 7.6393E-08   214
 1.0000E-03 3.5059E-01 8.0676E-02 8.0675E-02 6.4317E-07  2.3243E-04 4.0217E-01 7.6664E-08   214
 1.0000E-03 3.5197E-01 8.1407E-02 8.1406E-02 6.4660E-07  2.3139E-04 4.0217E-01 7.7073E-08   214
 1.0000E-03 3.5336E-01 8.2207E-02 8.2206E-02 6.5126E-07  2.3021E-04 4.0217E-01 7.7629E-08   214
 1.0000E-03 3.5476E-01 8.3076E-02 8.3076E-02 6.5721E-07  2.2888E-04 4.0217E-01 7.8338E-08   214
 1.0000E-03 3.5618E-01 8.4003E-02 8.4002E-02 6.6424E-07  2.2764E-04 4.0217E-01 7.9177E-08   214
 1.0000E-03 3.5760E-01 8.4989E-02 8.4988E-02 6.7237E-07  2.2636E-04 4.0217E-01 8.0145E-08   214
 1.0000E-03 3.5904E-01 8.6039E-02 8.6038E-02 6.8165E-07  2.2528E-04 4.0217E-01 8.1252E-08   214
 1.0000E-03 3.6048E-01 8.7157E-02 8.7156E-02 6.9216E-07  2.2375E-04 4.0217E-01 8.2505E-08   214
 1.0000E-03 3.6194E-01 8.8349E-02 8.8348E-02 7.0399E-07  2.2251E-04 4.0217E-01 8.3916E-08   214
 1.0000E-03 3.6341E-01 8.9615E-02 8.9614E-02 7.1714E-07  2.2114E-04 4.0217E-01 8.5483E-08   214
 1.0000E-03 3.6490E-01 9.0936E-02 9.0935E-02 7.3134E-07  2.1990E-04 4.0217E-01 8.7177E-08   214
 1.0000E-03 3.6639E-01 9.2320E-02 9.2319E-02 7.4668E-07  2.1850E-04 4.0217E-01 8.9005E-08   214
 1.0000E-03 3.6790E-01 9.3771E-02 9.3770E-02 7.6324E-07  2.1726E-04 4.0217E-01 9.0979E-08   214
 1.0000E-03 3.6942E-01 9.5294E-02 9.5293E-02 7.8109E-07  2.1595E-04 4.0217E-01 9.3108E-08   214
 1.0000E-03 3.7095E-01 9.6894E-02 9.6893E-02 8.0034E-07  2.1444E-04 4.0217E-01 9.5402E-08   214
 1.0000E-03 3.7250E-01 9.8572E-02 9.8571E-02 8.2101E-07  2.1327E-04 4.0217E-01 9.7867E-08   214
 1.0000E-03 3.7406E-01 1.0031E-01 1.0031E-01 8.4277E-07  2.1181E-04 4.0217E-01 1.0046E-07   214
 1.0000E-03 3.7563E-01 1.0211E-01 1.0211E-01 8.6582E-07  2.1043E-04 4.0217E-01 1.0321E-07   214
 1.0000E-03 3.7722E-01 1.0399E-01 1.0399E-01 8.9043E-07  2.3765E-04 4.0254E-01 1.0612E-07   184
 1.0000E-03 3.7881E-01 1.0595E-01 1.0595E-01 9.1633E-07  2.3632E-04 4.0254E-01 1.0921E-07   184
 1.0000E-03 3.8043E-01 1.0799E-01 1.0799E-01 9.4380E-07  2.3489E-04 4.0254E-01 1.1248E-07   184
 1.0000E-03 3.8205E-01 1.1010E-01 1.1010E-01 9.7274E-07  2.3385E-04 4.0254E-01 1.1593E-07   184
 1.0000E-03 3.8369E-01 1.1229E-01 1.1229E-01 1.0031E-06  2.3231E-04 4.0254E-01 1.1955E-07   184
 1.0000E-03 3.8534E-01 1.1456E-01 1.1456E-01 1.0351E-06  2.3112E-04 4.0254E-01 1.2336E-07   184
 1.0000E-03 3.8701E-01 1.1691E-01 1.1691E-01 1.0688E-06  2.2979E-04 4.0254E-01 1.2738E-07   184
 1.0000E-03 3.8870E-01 1.1934E-01 1.1934E-01 1.1042E-06  2.2847E-04 4.0254E-01 1.3160E-07   184
 1.0000E-03 3.9039E-01 1.2186E-01 1.2186E-01 1.1415E-06  2.2720E-04 4.0254E-01 1.3605E-07   184
 1.0000E-03 3.9211E-01 1.2446E-01 1.2446E-01 1.1806E-06  2.2613E-04 4.0254E-01 1.4071E-07   184
 1.0000E-03 3.9383E-01 1.2715E-01 1.2714E-01 1.2216E-06  2.2471E-04 4.0254E-01 1.4560E-07   184
 1.0000E-03 3.9558E-01 1.2991E-01 1.2991E-01 1.2647E-06  2.2324E-04 4.0254E-01 1.5073E-07   184
 1.0000E-03 3.9733E-01 1.3276E-01 1.3276E-01 1.3098E-06  2.2207E-04 4.0254E-01 1.5611E-07   184
 1.0000E-03 3.9911E-01 1.3569E-01 1.3569E-01 1.3572E-06  2.2080E-04 4.0254E-01 1.6175E-07   184
 1.0000E-03 4.0090E-01 1.3869E-01 1.3868E-01 1.4066E-06  2.1951E-04 4.0254E-01 1.6764E-07   184
 1.0000E-03 4.0270E-01 1.4175E-01 1.4175E-01 1.4582E-06  2.1839E-04 4.0254E-01 1.7379E-07   184
 1.0000E-03 4.0452E-01 1.4487E-01 1.4487E-01 1.5119E-06  2.1713E-04 4.0254E-01 1.8020E-07   184
 1.0000E-03 4.0636E-01 1.4803E-01 1.4803E-01 1.5679E-06  2.1582E-04 4.0254E-01 1.8687E-07   184
 1.0000E-03 4.0822E-01 1.5121E-01 1.5121E-01 1.6257E-06  2.1458E-04 4.0254E-01 1.9376E-07   184
 1.0000E-03 4.1009E-01 1.5438E-01 1.5438E-01 1.6851E-06  2.1344E-04 4.0254E-01 2.0085E-07   184
 1.0000E-03 4.1198E-01 1.5752E-01 1.5752E-01 1.7461E-06  2.1213E-04 4.0254E-01 2.0811E-07   184
 1.0000E-03 4.1389E-01 1.6058E-01 1.6058E-01 1.8078E-06  2.1118E-04 4.0254E-01 2.1547E-07   184
 1.0000E-03 4.1581E-01 1.6350E-01 1.6350E-01 1.8696E-06  2.0995E-04 4.0254E-01 2.2284E-07   184
 1.0000E-03 4.1776E-01 1.6622E-01 1.6621E-01 1.9304E-06  2.0887E-04 4.0254E-01 2.3008E-07   184
 1.0000E-03 4.1972E-01 1.6865E-01 1.6865E-01 1.9889E-06  2.0772E-04 4.0254E-01 2.3705E-07   184
 1.0000E-03 4.2170E-01 1.7074E-01 1.7074E-01 2.0441E-06  2.0672E-04 4.0254E-01 2.4363E-07   184
 1.0000E-03 4.2370E-01 1.7242E-01 1.7241E-01 2.0942E-06  2.0561E-04 4.0254E-01 2.4961E-07   184
 1.0000E-03 4.2571E-01 1.7360E-01 1.7360E-01 2.1381E-06  2.0461E-04 4.0254E-01 2.5484E-07   184
 1.0000E-03 4.2775E-01 1.7426E-01 1.7426E-01 2.1744E-06  2.0365E-04 4.0254E-01 2.5917E-07   184
 1.0000E-03 4.2981E-01 1.7440E-01 1.7440E-01 2.2031E-06  2.0292E-04 4.0253E-01 2.6258E-07   184
 1.0000E-03 4.3188E-01 1.7403E-01 1.7403E-01 2.2240E-06  2.0176E-04 4.0254E-01 2.6508E-07   184
 1.0000E-03 4.3398E-01 1.7317E-01 1.7317E-01 2.2373E-06  2.0105E-04 4.0254E-01 2.6666E-07   184
 1.0000E-03 4.3610E-01 1.7184E-01 1.7184E-01 2.2430E-06  2.0010E-04 4.0254E-01 2.6734E-07   184
 1.0000E-03 4.3824E-01 1.7011E-01 1.7010E-01 2.2418E-06  1.9903E-04 4.0254E-01 2.6720E-07   184
 1.0000E-03 4.4039E-01 1.6798E-01 1.6798E-01 2.2344E-06  1.9836E-04 4.0254E-01 2.6631E-07   184
 1.0000E-03 4.4257E-01 1.6549E-01 1.6549E-01 2.2208E-06  1.9776E-04 4.0253E-01 2.6469E-07   184
 1.0000E-03 4.4478E-01 1.6266E-01 1.6266E-01 2.2012E-06  1.9674E-04 4.0254E-01 2.6236E-07   184
 1.0000E-03 4.4700E-01 1.5957E-01 1.5956E-01 2.1767E-06  1.9609E-04 4.0254E-01 2.5944E-07   184
 1.0000E-03 4.4925E-01 1.5622E-01 1.5622E-01 2.1474E-06  1.9543E-04 4.0253E-01 2.5596E-07   184
 1.0000E-03 4.5152E-01 1.5266E-01 1.5266E-01 2.1138E-06  1.9455E-04 4.0253E-01 2.5195E-07   184
 1.0000E-03 4.5381E-01 1.4895E-01 1.4895E-01 2.0765E-06  1.9379E-04 4.0253E-01 2.4750E-07   184
 1.0000E-03 4.5612E-01 1.4514E-01 1.4514E-01 2.0367E-06  1.9338E-04 4.0253E-01 2.4276E-07   184
 1.0000E-03 4.5846E-01 1.4126E-01 1.4126E-01 1.9949E-06  1.9250E-04 4.0253E-01 2.3778E-07   184
 1.0000E-03 4.6082E-01 1.3736E-01 1.3735E-01 1.9519E-06  1.9206E-04 4.0253E-01 2.3265E-07   184
 1.0000E-03 4.6321E-01 1.3347E-01 1.3347E-01 1.9085E-06  1.9145E-04 4.0254E-01 2.2748E-07   184
 1.0000E-03 4.6563E-01 1.2961E-01 1.2961E-01 1.8655E-06  1.9084E-04 4.0254E-01 2.2235E-07   184
 1.0000E-03 4.6806E-01 1.2577E-01 1.2577E-01 1.8229E-06  1.9028E-04 4.0253E-01 2.1727E-07   184
 1.0000E-03 4.7053E-01 1.2197E-01 1.2197E-01 1.7812E-06  1.8959E-04 4.0253E-01 2.1230E-07   184
 1.0000E-03 4.7302E-01 1.1819E-01 1.1819E-01 1.7407E-06  1.8901E-04 4.0253E-01 2.0747E-07   184
 1.0000E-03 4.7553E-01 1.1439E-01 1.1439E-01 1.7011E-06  1.8856E-04 4.0254E-01 2.0275E-07   184
 1.0000E-03 4.7807E-01 1.1057E-01 1.1056E-01 1.6622E-06  1.8785E-04 4.0253E-01 1.9812E-07   184
 1.0000E-03 4.8065E-01 1.0669E-01 1.0669E-01 1.6240E-06  1.8746E-04 4.0254E-01 1.9357E-07   184
 1.0000E-03 4.8324E-01 1.0272E-01 1.0272E-01 1.5861E-06  1.8681E-04 4.0253E-01 1.8905E-07   184
 1.0000E-03 4.8587E-01 9.8634E-02 9.8633E-02 1.5478E-06  1.8612E-04 4.0254E-01 1.8449E-07   184
 1.0000E-03 4.8852E-01 9.4415E-02 9.4413E-02 1.5088E-06  1.8574E-04 4.0253E-01 1.7984E-07   184
 1.0000E-03 4.9121E-01 9.0043E-02 9.0042E-02 1.4688E-06  1.8523E-04 4.0253E-01 1.7507E-07   184
 1.0000E-03 4.9392E-01 8.5510E-02 8.5509E-02 1.4268E-06  1.8479E-04 4.0253E-01 1.7007E-07   184
 1.0000E-03 4.9667E-01 8.0839E-02 8.0837E-02 1.3829E-06  1.8426E-04 4.0253E-01 1.6483E-07   184
 1.0000E-03 4.9944E-01 7.6047E-02 7.6045E-02 1.3366E-06  1.8354E-04 4.0253E-01 1.5932E-07   184
 1.0000E-03 5.0225E-01 7.1171E-02 7.1170E-02 1.2880E-06  1.8288E-04 4.0253E-01 1.5352E-07   184
 1.0000E-03 5.0508E-01 6.6277E-02 6.6276E-02 1.2371E-06  1.8229E-04 4.0253E-01 1.4745E-07   184
 1.0000E-03 5.0795E-01 6.1414E-02 6.1413E-02 1.1842E-06  1.8176E-04 4.0253E-01 1.4115E-07   184
 1.0000E-03 5.1086E-01 5.6642E-02 5.6641E-02 1.1298E-06  1.8120E-04 4.0253E-01 1.3467E-07   184
 1.0000E-03 5.1379E-01 5.2036E-02 5.2035E-02 1.0745E-06  1.8049E-04 4.0253E-01 1.2808E-07   184
 1.0000E-03 5.1676E-01 4.7643E-02 4.7642E-02 1.0189E-06  1.7974E-04 4.0253E-01 1.2145E-07   184
 1.0000E-03 5.1977E-01 4.3508E-02 4.3507E-02 9.6358E-07  1.7920E-04 4.0253E-01 1.1485E-07   184
 1.0000E-03 5.2281E-01 3.9674E-02 3.9673E-02 9.0925E-07  1.7861E-04 4.0253E-01 1.0838E-07   184
 1.0000E-03 5.2588E-01 3.6155E-02 3.6154E-02 8.5643E-07  1.7798E-04 4.0253E-01 1.0208E-07   184
 1.0000E-03 5.2899E-01 3.2962E-02 3.2961E-02 8.0549E-07  1.7744E-04 4.0253E-01 9.6011E-08   184
 1.0000E-03 5.3214E-01 3.0095E-02 3.0094E-02 7.5690E-07  1.7663E-04 4.0253E-01 9.0219E-08   184
 1.0000E-03 5.3533E-01 2.7539E-02 2.7538E-02 7.1078E-07  1.7576E-04 4.0253E-01 8.4722E-08   184
 1.0000E-03 5.3855E-01 2.5286E-02 2.5285E-02 6.6725E-07  1.7525E-04 4.0253E-01 7.9533E-08   184
 1.0000E-03 5.4182E-01 2.3316E-02 2.3315E-02 6.2642E-07  1.7460E-04 4.0253E-01 7.4666E-08   184
 1.0000E-03 5.4512E-01 2.1615E-02 2.1614E-02 5.8827E-07  1.7382E-04 4.0253E-01 7.0120E-08   184
 1.0000E-03 5.4847E-01 2.0166E-02 2.0166E-02 5.5285E-07  1.7284E-04 4.0253E-01 6.5898E-08   184
 1.0000E-03 5.5185E-01 1.8942E-02 1.8942E-02 5.2016E-07  1.7223E-04 4.0253E-01 6.2001E-08   184
 1.0000E-03 5.5528E-01 1.7916E-02 1.7915E-02 4.9014E-07  1.7150E-04 4.0253E-01 5.8423E-08   184
 1.0000E-03 5.5875E-01 1.7047E-02 1.7046E-02 4.6267E-07  1.7059E-04 4.0253E-01 5.5149E-08   184
 1.0000E-03 5.6226E-01 1.6298E-02 1.6298E-02 4.3755E-07  1.6989E-04 4.0253E-01 5.2155E-08   184
 1.0000E-03 5.6582E-01 1.5633E-02 1.5632E-02 4.1449E-07  1.6893E-04 4.0253E-01 4.9406E-08   184
 1.0000E-03 5.6943E-01 1.5025E-02 1.5025E-02 3.9318E-07  1.6832E-04 4.0253E-01 4.6866E-08   184
 1.0000E-03 5.7308E-01 1.4462E-02 1.4461E-02 3.7334E-07  1.6745E-04 4.0253E-01 4.4501E-08   184
 1.0000E-03 5.7677E-01 1.3941E-02 1.3941E-02 3.5470E-07  1.6661E-04 4.0253E-01 4.2280E-08   184
 1.0000E-03 5.8052E-01 1.3472E-02 1.3472E-02 3.3710E-07  1.6590E-04 4.0253E-01 4.0182E-08   184
 1.0000E-03 5.8431E-01 1.3076E-02 1.3075E-02 3.2050E-07  1.6487E-04 4.0253E-01 3.8203E-08   184
 1.0000E-03 5.8816E-01 1.2761E-02 1.2761E-02 3.0495E-07  1.6428E-04 4.0253E-01 3.6349E-08   184
 1.0000E-03 5.9205E-01 1.2523E-02 1.2523E-02 2.9050E-07  1.6355E-04 4.0253E-01 3.4627E-08   184
 1.0000E-03 5.9600E-01 1.2345E-02 1.2345E-02 2.7710E-07  1.6257E-04 4.0253E-01 3.3030E-08   184
 1.0000E-03 6.0000E-01 1.2222E-02 1.2221E-02 2.6466E-07  1.6201E-04 4.0253E-01 3.1548E-08   184
