 DDSCAT --- DDSCAT 7.3.3 [22.01.20]   
 TARGET --->TARGSPHER  spherical target with explicit spacing                 
 GPFAFT --- method of solution 
 FLTRCD --- prescription for polarizabilities
 FROM_FILE --- shape 
    4169 = NAT0 = number of dipoles
 ../../diel/Pena-Rioux_dielectric_26Au_74Ag                  
 ../../diel/Pena-Rioux_dielectric_52Au_48Ag                  
 ../../diel/Pena-Rioux_dielectric_65Au_35Ag                  
 ../../diel/Pena-Rioux_dielectric_85Au_15Ag                  
   0.000   0.000 = beta_min, beta_max ;  NBETA = 1
   0.000   0.000 = theta_min, theta_max; NTHETA= 1
   0.000   0.000 = phi_min, phi_max   ;   NPHI = 1
 Results averaged over    1 target orientations
                   and  2 incident polarizations
   aeff       wave       Q_pha       Q_pol       Q_cpol
 4.0000E-02 3.0000E-01 -3.5314E-02 -1.1921E-06  3.7253E-08
 4.0000E-02 3.0101E-01 -3.4239E-02 -5.4836E-06 -2.2352E-08
 4.0000E-02 3.0203E-01 -3.3339E-02 -2.6226E-06  9.3132E-08
 4.0000E-02 3.0305E-01 -3.2619E-02 -5.9605E-06  1.8626E-08
 4.0000E-02 3.0408E-01 -3.2086E-02 -3.3379E-06 -3.3528E-08
 4.0000E-02 3.0512E-01 -3.1744E-02  2.3842E-07  8.9407E-08
 4.0000E-02 3.0616E-01 -3.1600E-02 -6.4373E-06  3.7253E-08
 4.0000E-02 3.0722E-01 -3.1661E-02 -3.0994E-06  3.7253E-09
 4.0000E-02 3.0828E-01 -3.1902E-02  0.0000E+00  1.8626E-08
 4.0000E-02 3.0934E-01 -3.2227E-02 -1.9073E-06 -4.8429E-08
 4.0000E-02 3.1042E-01 -3.2726E-02 -4.0531E-06 -1.1548E-07
 4.0000E-02 3.1150E-01 -3.3403E-02 -3.8147E-06  1.4901E-08
 4.0000E-02 3.1259E-01 -3.4263E-02 -5.9605E-06  5.5879E-08
 4.0000E-02 3.1368E-01 -3.5313E-02 -6.9141E-06  6.3330E-08
 4.0000E-02 3.1479E-01 -3.6557E-02 -2.3842E-07 -1.0058E-07
 4.0000E-02 3.1590E-01 -3.8001E-02 -2.8610E-06  2.2352E-08
 4.0000E-02 3.1702E-01 -3.9651E-02  5.2452E-06 -7.4506E-09
 4.0000E-02 3.1815E-01 -4.1162E-02  2.8610E-06  4.4703E-08
 4.0000E-02 3.1929E-01 -4.2914E-02 -4.7684E-07  4.4703E-08
 4.0000E-02 3.2043E-01 -4.4984E-02  4.7684E-07  1.8626E-08
 4.0000E-02 3.2158E-01 -4.7384E-02  3.0994E-06  2.9802E-08
 4.0000E-02 3.2274E-01 -5.0123E-02 -2.8610E-06 -1.1176E-08
 4.0000E-02 3.2391E-01 -5.3214E-02  3.5763E-06 -1.8626E-08
 4.0000E-02 3.2509E-01 -5.6667E-02 -1.4305E-06 -4.4703E-08
 4.0000E-02 3.2628E-01 -6.0496E-02  3.3379E-06  1.0431E-07
 4.0000E-02 3.2747E-01 -6.5327E-02  2.3842E-07 -3.2783E-07
 4.0000E-02 3.2868E-01 -7.0686E-02 -3.8147E-06  2.2352E-08
 4.0000E-02 3.2989E-01 -7.6559E-02 -4.2915E-06 -5.2154E-08
 4.0000E-02 3.3111E-01 -8.2963E-02  2.3842E-06  0.0000E+00
 4.0000E-02 3.3234E-01 -8.9917E-02 -9.5367E-07  0.0000E+00
 4.0000E-02 3.3358E-01 -9.7437E-02 -9.5367E-07  1.4156E-07
 4.0000E-02 3.3483E-01 -1.0554E-01  0.0000E+00  1.4901E-07
 4.0000E-02 3.3609E-01 -1.1443E-01 -1.4305E-06 -5.9605E-08
 4.0000E-02 3.3736E-01 -1.2399E-01 -9.5367E-07  0.0000E+00
 4.0000E-02 3.3864E-01 -1.3398E-01 -1.9073E-06 -8.9407E-08
 4.0000E-02 3.3992E-01 -1.4440E-01 -4.7684E-07  2.9802E-07
 4.0000E-02 3.4122E-01 -1.5528E-01  1.4305E-06 -1.6391E-07
 4.0000E-02 3.4253E-01 -1.6662E-01 -4.5300E-06 -1.1921E-07
 4.0000E-02 3.4385E-01 -1.7844E-01  0.0000E+00  1.4901E-08
 4.0000E-02 3.4517E-01 -1.9059E-01  4.7684E-06 -3.5763E-07
 4.0000E-02 3.4651E-01 -2.0282E-01 -1.6689E-06  2.3842E-07
 4.0000E-02 3.4786E-01 -2.1525E-01 -2.3842E-07 -1.0431E-07
 4.0000E-02 3.4922E-01 -2.2790E-01  1.1921E-06 -1.4901E-08
 4.0000E-02 3.5059E-01 -2.4077E-01  3.0994E-06 -1.9372E-07
 4.0000E-02 3.5197E-01 -2.5387E-01  9.5367E-07  7.1526E-07
 4.0000E-02 3.5336E-01 -2.6720E-01  4.2915E-06  2.0862E-07
 4.0000E-02 3.5476E-01 -2.8057E-01  3.0994E-06  5.0664E-07
 4.0000E-02 3.5618E-01 -2.9396E-01 -4.5300E-06  2.6822E-07
 4.0000E-02 3.5760E-01 -3.0741E-01  3.0994E-06  1.4901E-07
 4.0000E-02 3.5904E-01 -3.2097E-01  6.9141E-06 -2.6822E-07
 4.0000E-02 3.6048E-01 -3.3462E-01  3.0994E-06 -2.3842E-07
 4.0000E-02 3.6194E-01 -3.4837E-01 -1.9073E-06  9.2387E-07
 4.0000E-02 3.6341E-01 -3.6216E-01 -7.1526E-07  4.7684E-07
 4.0000E-02 3.6490E-01 -3.7592E-01  5.7220E-06 -8.9407E-08
 4.0000E-02 3.6639E-01 -3.8973E-01 -1.1921E-06  2.9802E-08
 4.0000E-02 3.6790E-01 -4.0359E-01  9.5367E-07 -1.7881E-07
 4.0000E-02 3.6942E-01 -4.1750E-01  6.4373E-06  1.4901E-07
 4.0000E-02 3.7095E-01 -4.3145E-01  7.1526E-07  6.8545E-07
 4.0000E-02 3.7250E-01 -4.4542E-01 -2.8610E-06 -8.9407E-08
 4.0000E-02 3.7406E-01 -4.5939E-01  3.0994E-06 -4.1723E-07
 4.0000E-02 3.7563E-01 -4.7342E-01 -1.4305E-06  7.4506E-07
 4.0000E-02 3.7722E-01 -4.8755E-01 -1.1921E-06 -1.1921E-07
 4.0000E-02 3.7881E-01 -5.0174E-01 -1.1921E-06  2.3842E-07
 4.0000E-02 3.8043E-01 -5.1599E-01  3.3379E-06  1.3709E-06
 4.0000E-02 3.8205E-01 -5.3028E-01  2.3842E-07 -1.1921E-07
 4.0000E-02 3.8369E-01 -5.4468E-01 -1.6689E-06  2.3842E-07
 4.0000E-02 3.8534E-01 -5.5924E-01  5.2452E-06 -1.7881E-07
 4.0000E-02 3.8701E-01 -5.7394E-01  6.1989E-06 -1.3709E-06
 4.0000E-02 3.8870E-01 -5.8878E-01  4.0531E-06 -1.1921E-07
 4.0000E-02 3.9039E-01 -6.0373E-01  8.8215E-06 -2.6822E-06
 4.0000E-02 3.9211E-01 -6.1895E-01  1.7166E-05 -1.6093E-06
 4.0000E-02 3.9383E-01 -6.3437E-01  2.3842E-06  1.3709E-06
 4.0000E-02 3.9558E-01 -6.4999E-01  2.3365E-05  1.7643E-05
 4.0000E-02 3.9733E-01 -6.6581E-01  2.3842E-06  1.7285E-06
 4.0000E-02 3.9911E-01 -6.8177E-01 -5.9605E-06  0.0000E+00
 4.0000E-02 4.0090E-01 -6.9804E-01 -2.1458E-06 -1.1921E-07
 4.0000E-02 4.0270E-01 -7.1447E-01 -2.1458E-06  1.6451E-05
 4.0000E-02 4.0452E-01 -7.3097E-01 -2.6226E-06 -5.9605E-07
 4.0000E-02 4.0636E-01 -7.4748E-01 -1.9073E-06 -1.6093E-06
 4.0000E-02 4.0822E-01 -7.6394E-01  1.6689E-06  9.5367E-07
 4.0000E-02 4.1009E-01 -7.8038E-01  2.1458E-06 -7.1526E-07
 4.0000E-02 4.1198E-01 -7.9653E-01  2.0266E-05  3.8743E-06
 4.0000E-02 4.1389E-01 -8.1222E-01 -7.6294E-06  2.4438E-06
 4.0000E-02 4.1581E-01 -8.2736E-01 -2.6226E-06 -1.0133E-06
 4.0000E-02 4.1776E-01 -8.4183E-01  8.5831E-06  2.6226E-06
 4.0000E-02 4.1972E-01 -8.5531E-01  1.5497E-05 -1.2517E-06
 4.0000E-02 4.2170E-01 -8.6761E-01 -1.6451E-05 -8.9407E-07
 4.0000E-02 4.2370E-01 -8.7854E-01  1.2636E-05  4.2915E-06
 4.0000E-02 4.2571E-01 -8.8795E-01 -1.1921E-06  7.5102E-06
 4.0000E-02 4.2775E-01 -8.9554E-01  1.4305E-06  6.5565E-07
 4.0000E-02 4.2981E-01 -9.0088E-01 -6.1989E-06 -3.1590E-06
 4.0000E-02 4.3188E-01 -9.0386E-01 -1.6689E-05 -8.3447E-07
 4.0000E-02 4.3398E-01 -9.0412E-01  1.5736E-05  0.0000E+00
 4.0000E-02 4.3610E-01 -9.0128E-01 -2.3842E-06 -2.2650E-06
 4.0000E-02 4.3824E-01 -8.9461E-01 -1.0490E-05  4.1723E-06
 4.0000E-02 4.4039E-01 -8.8393E-01 -2.5749E-05 -7.7486E-07
 4.0000E-02 4.4257E-01 -8.6862E-01  1.5259E-05 -1.7285E-06
 4.0000E-02 4.4478E-01 -8.4793E-01  1.4305E-06 -6.7353E-06
 4.0000E-02 4.4700E-01 -8.2119E-01 -1.1921E-05 -6.1393E-06
 4.0000E-02 4.4925E-01 -7.8790E-01 -3.7193E-05 -1.5676E-05
 4.0000E-02 4.5152E-01 -7.4730E-01  7.6294E-06  3.5763E-06
 4.0000E-02 4.5381E-01 -6.9862E-01  2.7180E-05 -9.3579E-06
 4.0000E-02 4.5612E-01 -6.4158E-01 -4.7684E-06 -6.4373E-06
 4.0000E-02 4.5846E-01 -5.7605E-01  2.3365E-05  2.7418E-06
 4.0000E-02 4.6082E-01 -5.0182E-01 -1.5259E-05 -4.1723E-06
 4.0000E-02 4.6321E-01 -4.1889E-01  2.1458E-05 -1.0639E-05
 4.0000E-02 4.6563E-01 -3.2786E-01  1.4305E-05  1.0431E-06
 4.0000E-02 4.6806E-01 -2.2916E-01  3.1471E-05  8.9556E-06
 4.0000E-02 4.7053E-01 -1.2332E-01 -4.5300E-05 -1.6242E-06
 4.0000E-02 4.7302E-01 -1.1136E-02  3.4809E-05 -8.1332E-06
 4.0000E-02 4.7553E-01  1.0640E-01 -1.2875E-05  5.0664E-07
 4.0000E-02 4.7807E-01  2.2837E-01  1.8597E-05 -2.9951E-06
 4.0000E-02 4.8065E-01  3.5354E-01 -1.3828E-05 -2.0057E-05
 4.0000E-02 4.8324E-01  4.8069E-01 -2.1458E-05  1.1414E-05
 4.0000E-02 4.8587E-01  6.0880E-01  3.8147E-06  6.6161E-06
 4.0000E-02 4.8852E-01  7.3691E-01  7.8201E-05 -1.6034E-05
 4.0000E-02 4.9121E-01  8.6433E-01  4.5776E-05 -5.8413E-06
 4.0000E-02 4.9392E-01  9.9106E-01  1.0490E-05  3.0875E-05
 4.0000E-02 4.9667E-01  1.1172E+00  1.1444E-05 -1.2636E-05
 4.0000E-02 4.9944E-01  1.2431E+00 -2.3842E-06 -3.3379E-06
 4.0000E-02 5.0225E-01  1.3691E+00  1.4782E-05  5.6028E-06
 4.0000E-02 5.0508E-01  1.4946E+00  1.5736E-05  4.1723E-06
 4.0000E-02 5.0795E-01  1.6184E+00  9.5367E-06  4.7684E-07
 4.0000E-02 5.1086E-01  1.7384E+00  4.5776E-05  2.0862E-05
 4.0000E-02 5.1379E-01  1.8518E+00 -9.5367E-07 -5.2452E-06
 4.0000E-02 5.1676E-01  1.9557E+00  1.8597E-05  9.5367E-07
 4.0000E-02 5.1977E-01  2.0473E+00 -3.2425E-05  3.3379E-06
 4.0000E-02 5.2281E-01  2.1248E+00  2.6703E-05  6.6757E-06
 4.0000E-02 5.2588E-01  2.1873E+00  1.2398E-05 -1.7405E-05
 4.0000E-02 5.2899E-01  2.2351E+00  4.2915E-06  1.1921E-05
 4.0000E-02 5.3214E-01  2.2692E+00 -7.6294E-06  2.1458E-06
 4.0000E-02 5.3533E-01  2.2916E+00 -6.1989E-06 -1.9073E-06
 4.0000E-02 5.3855E-01  2.3042E+00 -3.3855E-05  9.7752E-06
 4.0000E-02 5.4182E-01  2.3091E+00 -1.4305E-05 -1.4305E-05
 4.0000E-02 5.4512E-01  2.3077E+00 -8.8692E-05  1.0490E-05
 4.0000E-02 5.4847E-01  2.3013E+00 -8.5354E-05  1.3828E-05
 4.0000E-02 5.5185E-01  2.2904E+00 -4.7922E-05  1.3351E-05
 4.0000E-02 5.5528E-01  2.2754E+00  4.0531E-05  1.6212E-05
 4.0000E-02 5.5875E-01  2.2566E+00  3.3379E-06  1.0490E-05
 4.0000E-02 5.6226E-01  2.2341E+00  5.8413E-05 -1.5736E-05
 4.0000E-02 5.6582E-01  2.2081E+00 -1.1206E-05  1.0252E-05
 4.0000E-02 5.6943E-01  2.1790E+00  1.6928E-05  1.4305E-06
 4.0000E-02 5.7308E-01  2.1475E+00 -3.2187E-05 -3.3379E-06
 4.0000E-02 5.7677E-01  2.1144E+00 -5.9128E-05  1.3828E-05
 4.0000E-02 5.8052E-01  2.0805E+00 -4.3154E-05  1.3113E-05
 4.0000E-02 5.8431E-01  2.0464E+00  1.0967E-05  6.6757E-06
 4.0000E-02 5.8816E-01  2.0125E+00 -2.7895E-05 -2.3842E-05
 4.0000E-02 5.9205E-01  1.9797E+00 -4.8161E-05  7.9870E-06
 4.0000E-02 5.9600E-01  1.9496E+00  5.7936E-05  1.4663E-05
 4.0000E-02 6.0000E-01  1.9245E+00 -2.0742E-05  1.0133E-05
