 DDSCAT --- DDSCAT 7.3.3 [22.01.20]   
 TARGET --->TARGSPHER  spherical target with explicit spacing                 
 GPFAFT --- method of solution 
 GKDLDR --- prescription for polarizabilities
 FROM_FILE --- shape 
   33401 = NAT0 = number of dipoles
 ../diel/Pena26Au74Ag                                        
 ../diel/Au_evap                                             
   0.000   0.000 = beta_min, beta_max ;  NBETA = 1
   0.000   0.000 = theta_min, theta_max; NTHETA= 1
   0.000   0.000 = phi_min, phi_max   ;   NPHI = 1
 Results averaged over    1 target orientations
                   and  1 incident polarizations
   aeff       wave      Q_pha
 1.0000E-03 3.0000E-01  2.0088E-02
 1.0000E-03 3.0151E-01  1.9699E-02
 1.0000E-03 3.0302E-01  1.9290E-02
 1.0000E-03 3.0452E-01  1.8875E-02
 1.0000E-03 3.0603E-01  1.8454E-02
 1.0000E-03 3.0754E-01  1.8025E-02
 1.0000E-03 3.0905E-01  1.7615E-02
 1.0000E-03 3.1055E-01  1.7213E-02
 1.0000E-03 3.1206E-01  1.6834E-02
 1.0000E-03 3.1357E-01  1.6450E-02
 1.0000E-03 3.1508E-01  1.6060E-02
 1.0000E-03 3.1658E-01  1.5661E-02
 1.0000E-03 3.1809E-01  1.5260E-02
 1.0000E-03 3.1960E-01  1.4844E-02
 1.0000E-03 3.2111E-01  1.4388E-02
 1.0000E-03 3.2261E-01  1.3892E-02
 1.0000E-03 3.2412E-01  1.3379E-02
 1.0000E-03 3.2563E-01  1.2850E-02
 1.0000E-03 3.2714E-01  1.2273E-02
 1.0000E-03 3.2864E-01  1.1653E-02
 1.0000E-03 3.3015E-01  1.1019E-02
 1.0000E-03 3.3166E-01  1.0371E-02
 1.0000E-03 3.3317E-01  9.7381E-03
 1.0000E-03 3.3467E-01  9.0922E-03
 1.0000E-03 3.3618E-01  8.4378E-03
 1.0000E-03 3.3769E-01  7.7893E-03
 1.0000E-03 3.3920E-01  7.1446E-03
 1.0000E-03 3.4070E-01  6.5028E-03
 1.0000E-03 3.4221E-01  5.8628E-03
 1.0000E-03 3.4372E-01  5.2236E-03
 1.0000E-03 3.4523E-01  4.5905E-03
 1.0000E-03 3.4673E-01  3.9770E-03
 1.0000E-03 3.4824E-01  3.3702E-03
 1.0000E-03 3.4975E-01  2.7694E-03
 1.0000E-03 3.5126E-01  2.1740E-03
 1.0000E-03 3.5276E-01  1.5832E-03
 1.0000E-03 3.5427E-01  9.9852E-04
 1.0000E-03 3.5578E-01  4.1526E-04
 1.0000E-03 3.5729E-01 -1.6059E-04
 1.0000E-03 3.5879E-01 -7.2887E-04
 1.0000E-03 3.6030E-01 -1.2893E-03
 1.0000E-03 3.6181E-01 -1.8416E-03
 1.0000E-03 3.6332E-01 -2.3839E-03
 1.0000E-03 3.6482E-01 -2.9122E-03
 1.0000E-03 3.6633E-01 -3.4283E-03
 1.0000E-03 3.6784E-01 -3.9307E-03
 1.0000E-03 3.6935E-01 -4.4128E-03
 1.0000E-03 3.7085E-01 -4.8764E-03
 1.0000E-03 3.7236E-01 -5.3185E-03
 1.0000E-03 3.7387E-01 -5.7343E-03
 1.0000E-03 3.7538E-01 -6.1249E-03
 1.0000E-03 3.7688E-01 -6.4869E-03
 1.0000E-03 3.7839E-01 -6.8159E-03
 1.0000E-03 3.7990E-01 -7.1070E-03
 1.0000E-03 3.8141E-01 -7.3544E-03
 1.0000E-03 3.8291E-01 -7.5487E-03
 1.0000E-03 3.8442E-01 -7.6961E-03
 1.0000E-03 3.8593E-01 -7.7901E-03
 1.0000E-03 3.8744E-01 -7.8233E-03
 1.0000E-03 3.8894E-01 -7.7871E-03
 1.0000E-03 3.9045E-01 -7.6721E-03
 1.0000E-03 3.9196E-01 -7.4739E-03
 1.0000E-03 3.9347E-01 -7.1845E-03
 1.0000E-03 3.9497E-01 -6.7922E-03
 1.0000E-03 3.9648E-01 -6.2848E-03
 1.0000E-03 3.9799E-01 -5.6511E-03
 1.0000E-03 3.9950E-01 -4.8758E-03
 1.0000E-03 4.0101E-01 -3.9495E-03
 1.0000E-03 4.0251E-01 -2.8566E-03
 1.0000E-03 4.0402E-01 -1.5816E-03
 1.0000E-03 4.0553E-01 -1.0898E-04
 1.0000E-03 4.0704E-01  1.5762E-03
 1.0000E-03 4.0854E-01  3.4883E-03
 1.0000E-03 4.1005E-01  5.6318E-03
 1.0000E-03 4.1156E-01  8.0159E-03
 1.0000E-03 4.1307E-01  1.0648E-02
 1.0000E-03 4.1457E-01  1.3521E-02
 1.0000E-03 4.1608E-01  1.6635E-02
 1.0000E-03 4.1759E-01  1.9983E-02
 1.0000E-03 4.1910E-01  2.3549E-02
 1.0000E-03 4.2060E-01  2.7306E-02
 1.0000E-03 4.2211E-01  3.1226E-02
 1.0000E-03 4.2362E-01  3.5274E-02
 1.0000E-03 4.2513E-01  3.9410E-02
 1.0000E-03 4.2663E-01  4.3589E-02
 1.0000E-03 4.2814E-01  4.7762E-02
 1.0000E-03 4.2965E-01  5.1872E-02
 1.0000E-03 4.3116E-01  5.5888E-02
 1.0000E-03 4.3266E-01  5.9771E-02
 1.0000E-03 4.3417E-01  6.3453E-02
 1.0000E-03 4.3568E-01  6.6899E-02
 1.0000E-03 4.3719E-01  7.0070E-02
 1.0000E-03 4.3869E-01  7.2951E-02
 1.0000E-03 4.4020E-01  7.5534E-02
 1.0000E-03 4.4171E-01  7.7815E-02
 1.0000E-03 4.4322E-01  7.9795E-02
 1.0000E-03 4.4472E-01  8.1483E-02
 1.0000E-03 4.4623E-01  8.2888E-02
 1.0000E-03 4.4774E-01  8.4038E-02
 1.0000E-03 4.4925E-01  8.4950E-02
 1.0000E-03 4.5075E-01  8.5643E-02
 1.0000E-03 4.5226E-01  8.6078E-02
 1.0000E-03 4.5377E-01  8.6339E-02
 1.0000E-03 4.5528E-01  8.6454E-02
 1.0000E-03 4.5678E-01  8.6444E-02
 1.0000E-03 4.5829E-01  8.6323E-02
 1.0000E-03 4.5980E-01  8.6103E-02
 1.0000E-03 4.6131E-01  8.5799E-02
 1.0000E-03 4.6281E-01  8.5422E-02
 1.0000E-03 4.6432E-01  8.4984E-02
 1.0000E-03 4.6583E-01  8.4497E-02
 1.0000E-03 4.6734E-01  8.3967E-02
 1.0000E-03 4.6884E-01  8.3403E-02
 1.0000E-03 4.7035E-01  8.2811E-02
 1.0000E-03 4.7186E-01  8.2202E-02
 1.0000E-03 4.7337E-01  8.1593E-02
 1.0000E-03 4.7487E-01  8.0973E-02
 1.0000E-03 4.7638E-01  8.0345E-02
 1.0000E-03 4.7789E-01  7.9714E-02
 1.0000E-03 4.7940E-01  7.9082E-02
 1.0000E-03 4.8090E-01  7.8452E-02
 1.0000E-03 4.8241E-01  7.7828E-02
 1.0000E-03 4.8392E-01  7.7210E-02
 1.0000E-03 4.8543E-01  7.6602E-02
 1.0000E-03 4.8693E-01  7.6005E-02
 1.0000E-03 4.8844E-01  7.5421E-02
 1.0000E-03 4.8995E-01  7.4850E-02
 1.0000E-03 4.9146E-01  7.4295E-02
 1.0000E-03 4.9296E-01  7.3756E-02
 1.0000E-03 4.9447E-01  7.3233E-02
 1.0000E-03 4.9598E-01  7.2732E-02
 1.0000E-03 4.9749E-01  7.2312E-02
 1.0000E-03 4.9900E-01  7.1899E-02
 1.0000E-03 5.0050E-01  7.1494E-02
 1.0000E-03 5.0201E-01  7.1094E-02
 1.0000E-03 5.0352E-01  7.0698E-02
 1.0000E-03 5.0503E-01  7.0305E-02
 1.0000E-03 5.0653E-01  6.9914E-02
 1.0000E-03 5.0804E-01  6.9522E-02
 1.0000E-03 5.0955E-01  6.9128E-02
 1.0000E-03 5.1106E-01  6.8733E-02
 1.0000E-03 5.1256E-01  6.8333E-02
 1.0000E-03 5.1407E-01  6.7928E-02
 1.0000E-03 5.1558E-01  6.7517E-02
 1.0000E-03 5.1709E-01  6.7100E-02
 1.0000E-03 5.1859E-01  6.6677E-02
 1.0000E-03 5.2010E-01  6.6246E-02
 1.0000E-03 5.2161E-01  6.5769E-02
 1.0000E-03 5.2312E-01  6.5245E-02
 1.0000E-03 5.2462E-01  6.4721E-02
 1.0000E-03 5.2613E-01  6.4197E-02
 1.0000E-03 5.2764E-01  6.3675E-02
 1.0000E-03 5.2915E-01  6.3154E-02
 1.0000E-03 5.3065E-01  6.2635E-02
 1.0000E-03 5.3216E-01  6.2119E-02
 1.0000E-03 5.3367E-01  6.1605E-02
 1.0000E-03 5.3518E-01  6.1096E-02
 1.0000E-03 5.3668E-01  6.0590E-02
 1.0000E-03 5.3819E-01  6.0089E-02
 1.0000E-03 5.3970E-01  5.9592E-02
 1.0000E-03 5.4121E-01  5.9099E-02
 1.0000E-03 5.4271E-01  5.8611E-02
 1.0000E-03 5.4422E-01  5.8129E-02
 1.0000E-03 5.4573E-01  5.7652E-02
 1.0000E-03 5.4724E-01  5.7181E-02
 1.0000E-03 5.4874E-01  5.6716E-02
 1.0000E-03 5.5025E-01  5.6269E-02
 1.0000E-03 5.5176E-01  5.5828E-02
 1.0000E-03 5.5327E-01  5.5394E-02
 1.0000E-03 5.5477E-01  5.4967E-02
 1.0000E-03 5.5628E-01  5.4546E-02
 1.0000E-03 5.5779E-01  5.4132E-02
 1.0000E-03 5.5930E-01  5.3724E-02
 1.0000E-03 5.6080E-01  5.3322E-02
 1.0000E-03 5.6231E-01  5.2926E-02
 1.0000E-03 5.6382E-01  5.2537E-02
 1.0000E-03 5.6533E-01  5.2152E-02
 1.0000E-03 5.6683E-01  5.1774E-02
 1.0000E-03 5.6834E-01  5.1402E-02
 1.0000E-03 5.6985E-01  5.1035E-02
 1.0000E-03 5.7136E-01  5.0673E-02
 1.0000E-03 5.7286E-01  5.0317E-02
 1.0000E-03 5.7437E-01  4.9966E-02
 1.0000E-03 5.7588E-01  4.9620E-02
 1.0000E-03 5.7739E-01  4.9279E-02
 1.0000E-03 5.7889E-01  4.8942E-02
 1.0000E-03 5.8040E-01  4.8610E-02
 1.0000E-03 5.8191E-01  4.8283E-02
 1.0000E-03 5.8342E-01  4.7957E-02
 1.0000E-03 5.8492E-01  4.7634E-02
 1.0000E-03 5.8643E-01  4.7315E-02
 1.0000E-03 5.8794E-01  4.7002E-02
 1.0000E-03 5.8945E-01  4.6691E-02
 1.0000E-03 5.9095E-01  4.6386E-02
 1.0000E-03 5.9246E-01  4.6084E-02
 1.0000E-03 5.9397E-01  4.5786E-02
 1.0000E-03 5.9548E-01  4.5491E-02
 1.0000E-03 5.9698E-01  4.5199E-02
 1.0000E-03 5.9849E-01  4.4912E-02
 1.0000E-03 6.0000E-01  4.4628E-02
