 DDSCAT --- DDSCAT 7.3.3 [22.01.20]   
 TARGET --->TARGSPHER  spherical target with explicit spacing                 
 GPFAFT --- method of solution 
 GKDLDR --- prescription for polarizabilities
 FROM_FILE --- shape 
   33401 = NAT0 = number of dipoles
 ../diel/Pena26Au74Ag                                        
 ../diel/Au_evap                                             
   0.000   0.000 = beta_min, beta_max ;  NBETA = 1
   0.000   0.000 = theta_min, theta_max; NTHETA= 1
   0.000   0.000 = phi_min, phi_max   ;   NPHI = 1
 0.5000 = ETASCA (param. controlling # of scatt. dirs used to calculate <cos> etc.
 Results averaged over    1 target orientations
                   and  1 incident polarizations
   aeff       wave       Q_ext     Q_abs      Q_sca     g(1)=<cos>  <cos^2>    Q_bk       Nsca
 1.0000E-03 3.0000E-01 8.3617E-02 8.3616E-02 1.1190E-06  2.5953E-04 4.0217E-01 1.3338E-07   214
 1.0000E-03 3.0151E-01 8.3022E-02 8.3020E-02 1.0871E-06  2.5814E-04 4.0217E-01 1.2957E-07   214
 1.0000E-03 3.0302E-01 8.2507E-02 8.2505E-02 1.0573E-06  2.5815E-04 4.0217E-01 1.2602E-07   214
 1.0000E-03 3.0452E-01 8.2036E-02 8.2036E-02 1.0291E-06  2.5728E-04 4.0217E-01 1.2266E-07   214
 1.0000E-03 3.0603E-01 8.1612E-02 8.1611E-02 1.0025E-06  2.5682E-04 4.0217E-01 1.1949E-07   214
 1.0000E-03 3.0754E-01 8.1232E-02 8.1231E-02 9.7729E-07  2.5541E-04 4.0217E-01 1.1648E-07   214
 1.0000E-03 3.0905E-01 8.0908E-02 8.0907E-02 9.5418E-07  2.5494E-04 4.0217E-01 1.1373E-07   214
 1.0000E-03 3.1055E-01 8.0619E-02 8.0618E-02 9.3248E-07  2.5451E-04 4.0217E-01 1.1114E-07   214
 1.0000E-03 3.1206E-01 8.0306E-02 8.0305E-02 9.1123E-07  2.5353E-04 4.0217E-01 1.0861E-07   214
 1.0000E-03 3.1357E-01 8.0017E-02 8.0017E-02 8.9091E-07  2.5243E-04 4.0217E-01 1.0619E-07   214
 1.0000E-03 3.1508E-01 7.9758E-02 7.9757E-02 8.7154E-07  2.5159E-04 4.0217E-01 1.0388E-07   214
 1.0000E-03 3.1658E-01 7.9527E-02 7.9527E-02 8.5307E-07  2.5037E-04 4.0217E-01 1.0168E-07   214
 1.0000E-03 3.1809E-01 7.9267E-02 7.9266E-02 8.3447E-07  2.5028E-04 4.0217E-01 9.9463E-08   214
 1.0000E-03 3.1960E-01 7.9000E-02 7.8999E-02 8.1604E-07  2.4920E-04 4.0217E-01 9.7265E-08   214
 1.0000E-03 3.2111E-01 7.8802E-02 7.8801E-02 7.9882E-07  2.4862E-04 4.0217E-01 9.5213E-08   214
 1.0000E-03 3.2261E-01 7.8672E-02 7.8671E-02 7.8274E-07  2.4697E-04 4.0217E-01 9.3296E-08   214
 1.0000E-03 3.2412E-01 7.8561E-02 7.8561E-02 7.6731E-07  2.4679E-04 4.0217E-01 9.1458E-08   214
 1.0000E-03 3.2563E-01 7.8469E-02 7.8468E-02 7.5250E-07  2.4551E-04 4.0217E-01 8.9692E-08   214
 1.0000E-03 3.2714E-01 7.8401E-02 7.8399E-02 7.3806E-07  2.4496E-04 4.0217E-01 8.7972E-08   214
 1.0000E-03 3.2864E-01 7.8380E-02 7.8379E-02 7.2453E-07  2.4410E-04 4.0217E-01 8.6361E-08   214
 1.0000E-03 3.3015E-01 7.8409E-02 7.8409E-02 7.1225E-07  2.4381E-04 4.0217E-01 8.4895E-08   214
 1.0000E-03 3.3166E-01 7.8482E-02 7.8481E-02 7.0111E-07  2.4188E-04 4.0217E-01 8.3567E-08   214
 1.0000E-03 3.3317E-01 7.8546E-02 7.8546E-02 6.9046E-07  2.4136E-04 4.0217E-01 8.2300E-08   214
 1.0000E-03 3.3467E-01 7.8654E-02 7.8654E-02 6.8095E-07  2.4088E-04 4.0217E-01 8.1166E-08   214
 1.0000E-03 3.3618E-01 7.8853E-02 7.8852E-02 6.7336E-07  2.3903E-04 4.0217E-01 8.0262E-08   214
 1.0000E-03 3.3769E-01 7.9158E-02 7.9157E-02 6.6798E-07  2.3821E-04 4.0217E-01 7.9618E-08   214
 1.0000E-03 3.3920E-01 7.9520E-02 7.9519E-02 6.6398E-07  2.3701E-04 4.0217E-01 7.9145E-08   214
 1.0000E-03 3.4070E-01 7.9941E-02 7.9940E-02 6.6137E-07  2.3641E-04 4.0217E-01 7.8834E-08   214
 1.0000E-03 3.4221E-01 8.0425E-02 8.0424E-02 6.6014E-07  2.3512E-04 4.0217E-01 7.8685E-08   214
 1.0000E-03 3.4372E-01 8.0958E-02 8.0957E-02 6.6009E-07  2.3409E-04 4.0217E-01 7.8679E-08   214
 1.0000E-03 3.4523E-01 8.1569E-02 8.1568E-02 6.6164E-07  2.3284E-04 4.0217E-01 7.8866E-08   214
 1.0000E-03 3.4673E-01 8.2248E-02 8.2247E-02 6.6469E-07  2.3247E-04 4.0217E-01 7.9229E-08   214
 1.0000E-03 3.4824E-01 8.2994E-02 8.2993E-02 6.6912E-07  2.3093E-04 4.0217E-01 7.9758E-08   214
 1.0000E-03 3.4975E-01 8.3813E-02 8.3811E-02 6.7500E-07  2.2990E-04 4.0217E-01 8.0458E-08   214
 1.0000E-03 3.5126E-01 8.4704E-02 8.4704E-02 6.8237E-07  2.2796E-04 4.0217E-01 8.1338E-08   214
 1.0000E-03 3.5276E-01 8.5677E-02 8.5677E-02 6.9130E-07  2.2682E-04 4.0217E-01 8.2402E-08   214
 1.0000E-03 3.5427E-01 8.6733E-02 8.6731E-02 7.0185E-07  2.2618E-04 4.0217E-01 8.3659E-08   214
 1.0000E-03 3.5578E-01 8.7914E-02 8.7913E-02 7.1468E-07  2.2483E-04 4.0217E-01 8.5190E-08   214
 1.0000E-03 3.5729E-01 8.9168E-02 8.9168E-02 7.2898E-07  2.2332E-04 4.0217E-01 8.6893E-08   214
 1.0000E-03 3.5879E-01 9.0501E-02 9.0501E-02 7.4483E-07  2.2248E-04 4.0217E-01 8.8784E-08   214
 1.0000E-03 3.6030E-01 9.1920E-02 9.1919E-02 7.6234E-07  2.2092E-04 4.0217E-01 9.0872E-08   214
 1.0000E-03 3.6181E-01 9.3429E-02 9.3428E-02 7.8164E-07  2.1930E-04 4.0217E-01 9.3171E-08   214
 1.0000E-03 3.6332E-01 9.5035E-02 9.5034E-02 8.0281E-07  2.1819E-04 4.0217E-01 9.5696E-08   214
 1.0000E-03 3.6482E-01 9.6727E-02 9.6727E-02 8.2573E-07  2.1634E-04 4.0217E-01 9.8427E-08   214
 1.0000E-03 3.6633E-01 9.8512E-02 9.8513E-02 8.5049E-07  2.1584E-04 4.0217E-01 1.0138E-07   214
 1.0000E-03 3.6784E-01 1.0040E-01 1.0040E-01 8.7725E-07  2.1436E-04 4.0217E-01 1.0457E-07   214
 1.0000E-03 3.6935E-01 1.0239E-01 1.0239E-01 9.0610E-07  2.1245E-04 4.0217E-01 1.0801E-07   214
 1.0000E-03 3.7085E-01 1.0448E-01 1.0448E-01 9.3702E-07  2.1187E-04 4.0217E-01 1.1170E-07   214
 1.0000E-03 3.7236E-01 1.0668E-01 1.0667E-01 9.7013E-07  2.1050E-04 4.0217E-01 1.1564E-07   214
 1.0000E-03 3.7387E-01 1.0897E-01 1.0897E-01 1.0053E-06  2.0971E-04 4.0217E-01 1.1983E-07   214
 1.0000E-03 3.7538E-01 1.1136E-01 1.1136E-01 1.0426E-06  2.0806E-04 4.0217E-01 1.2428E-07   214
 1.0000E-03 3.7688E-01 1.1387E-01 1.1386E-01 1.0824E-06  2.3546E-04 4.0254E-01 1.2901E-07   184
 1.0000E-03 3.7839E-01 1.1649E-01 1.1648E-01 1.1246E-06  2.3268E-04 4.0254E-01 1.3403E-07   184
 1.0000E-03 3.7990E-01 1.1923E-01 1.1923E-01 1.1695E-06  2.3215E-04 4.0254E-01 1.3938E-07   184
 1.0000E-03 3.8141E-01 1.2210E-01 1.2210E-01 1.2172E-06  2.3124E-04 4.0254E-01 1.4507E-07   184
 1.0000E-03 3.8291E-01 1.2502E-01 1.2502E-01 1.2661E-06  2.2952E-04 4.0254E-01 1.5089E-07   184
 1.0000E-03 3.8442E-01 1.2805E-01 1.2805E-01 1.3177E-06  2.2840E-04 4.0253E-01 1.5704E-07   184
 1.0000E-03 3.8593E-01 1.3122E-01 1.3121E-01 1.3724E-06  2.2743E-04 4.0253E-01 1.6356E-07   184
 1.0000E-03 3.8744E-01 1.3452E-01 1.3451E-01 1.4303E-06  2.2549E-04 4.0254E-01 1.7046E-07   184
 1.0000E-03 3.8894E-01 1.3796E-01 1.3796E-01 1.4916E-06  2.2452E-04 4.0254E-01 1.7777E-07   184
 1.0000E-03 3.9045E-01 1.4154E-01 1.4154E-01 1.5565E-06  2.2402E-04 4.0254E-01 1.8551E-07   184
 1.0000E-03 3.9196E-01 1.4525E-01 1.4525E-01 1.6248E-06  2.2277E-04 4.0254E-01 1.9364E-07   184
 1.0000E-03 3.9347E-01 1.4910E-01 1.4910E-01 1.6967E-06  2.2105E-04 4.0253E-01 2.0222E-07   184
 1.0000E-03 3.9497E-01 1.5308E-01 1.5308E-01 1.7724E-06  2.2030E-04 4.0254E-01 2.1124E-07   184
 1.0000E-03 3.9648E-01 1.5719E-01 1.5719E-01 1.8519E-06  2.1945E-04 4.0253E-01 2.2072E-07   184
 1.0000E-03 3.9799E-01 1.6145E-01 1.6145E-01 1.9360E-06  2.1757E-04 4.0254E-01 2.3074E-07   184
 1.0000E-03 3.9950E-01 1.6587E-01 1.6587E-01 2.0252E-06  2.1658E-04 4.0254E-01 2.4137E-07   184
 1.0000E-03 4.0101E-01 1.7039E-01 1.7039E-01 2.1183E-06  2.1534E-04 4.0254E-01 2.5247E-07   184
 1.0000E-03 4.0251E-01 1.7500E-01 1.7500E-01 2.2154E-06  2.1374E-04 4.0254E-01 2.6404E-07   184
 1.0000E-03 4.0402E-01 1.7968E-01 1.7967E-01 2.3161E-06  2.1261E-04 4.0254E-01 2.7605E-07   184
 1.0000E-03 4.0553E-01 1.8439E-01 1.8438E-01 2.4203E-06  2.1170E-04 4.0254E-01 2.8847E-07   184
 1.0000E-03 4.0704E-01 1.8910E-01 1.8910E-01 2.5275E-06  2.1057E-04 4.0254E-01 3.0124E-07   184
 1.0000E-03 4.0854E-01 1.9377E-01 1.9377E-01 2.6371E-06  2.0933E-04 4.0254E-01 3.1431E-07   184
 1.0000E-03 4.1005E-01 1.9836E-01 1.9836E-01 2.7486E-06  2.0843E-04 4.0253E-01 3.2760E-07   184
 1.0000E-03 4.1156E-01 2.0282E-01 2.0282E-01 2.8610E-06  2.0776E-04 4.0254E-01 3.4100E-07   184
 1.0000E-03 4.1307E-01 2.0708E-01 2.0707E-01 2.9734E-06  2.0644E-04 4.0254E-01 3.5440E-07   184
 1.0000E-03 4.1457E-01 2.1099E-01 2.1099E-01 3.0822E-06  2.0596E-04 4.0254E-01 3.6736E-07   184
 1.0000E-03 4.1608E-01 2.1456E-01 2.1456E-01 3.1881E-06  2.0502E-04 4.0254E-01 3.7999E-07   184
 1.0000E-03 4.1759E-01 2.1774E-01 2.1773E-01 3.2903E-06  2.0356E-04 4.0254E-01 3.9216E-07   184
 1.0000E-03 4.1910E-01 2.2045E-01 2.2045E-01 3.3873E-06  2.0295E-04 4.0253E-01 4.0372E-07   184
 1.0000E-03 4.2060E-01 2.2263E-01 2.2263E-01 3.4776E-06  2.0204E-04 4.0253E-01 4.1448E-07   184
 1.0000E-03 4.2211E-01 2.2421E-01 2.2421E-01 3.5594E-06  2.0107E-04 4.0254E-01 4.2425E-07   184
 1.0000E-03 4.2362E-01 2.2513E-01 2.2513E-01 3.6314E-06  2.0096E-04 4.0253E-01 4.3283E-07   184
 1.0000E-03 4.2513E-01 2.2535E-01 2.2535E-01 3.6921E-06  1.9985E-04 4.0254E-01 4.4006E-07   184
 1.0000E-03 4.2663E-01 2.2483E-01 2.2483E-01 3.7403E-06  1.9948E-04 4.0254E-01 4.4581E-07   184
 1.0000E-03 4.2814E-01 2.2356E-01 2.2355E-01 3.7748E-06  1.9870E-04 4.0254E-01 4.4992E-07   184
 1.0000E-03 4.2965E-01 2.2154E-01 2.2153E-01 3.7953E-06  1.9719E-04 4.0253E-01 4.5236E-07   184
 1.0000E-03 4.3116E-01 2.1883E-01 2.1883E-01 3.8028E-06  1.9658E-04 4.0254E-01 4.5326E-07   184
 1.0000E-03 4.3266E-01 2.1548E-01 2.1548E-01 3.7977E-06  1.9610E-04 4.0254E-01 4.5265E-07   184
 1.0000E-03 4.3417E-01 2.1149E-01 2.1148E-01 3.7782E-06  1.9558E-04 4.0253E-01 4.5033E-07   184
 1.0000E-03 4.3568E-01 2.0692E-01 2.0692E-01 3.7451E-06  1.9472E-04 4.0253E-01 4.4638E-07   184
 1.0000E-03 4.3719E-01 2.0186E-01 2.0185E-01 3.6989E-06  1.9460E-04 4.0254E-01 4.4088E-07   184
 1.0000E-03 4.3869E-01 1.9640E-01 1.9640E-01 3.6417E-06  1.9399E-04 4.0254E-01 4.3406E-07   184
 1.0000E-03 4.4020E-01 1.9065E-01 1.9065E-01 3.5749E-06  1.9339E-04 4.0253E-01 4.2610E-07   184
 1.0000E-03 4.4171E-01 1.8467E-01 1.8467E-01 3.4999E-06  1.9256E-04 4.0254E-01 4.1716E-07   184
 1.0000E-03 4.4322E-01 1.7855E-01 1.7855E-01 3.4181E-06  1.9247E-04 4.0253E-01 4.0741E-07   184
 1.0000E-03 4.4472E-01 1.7236E-01 1.7236E-01 3.3308E-06  1.9171E-04 4.0254E-01 3.9700E-07   184
 1.0000E-03 4.4623E-01 1.6618E-01 1.6617E-01 3.2396E-06  1.9128E-04 4.0254E-01 3.8613E-07   184
 1.0000E-03 4.4774E-01 1.6006E-01 1.6006E-01 3.1460E-06  1.9050E-04 4.0254E-01 3.7498E-07   184
 1.0000E-03 4.4925E-01 1.5405E-01 1.5405E-01 3.0511E-06  1.9069E-04 4.0254E-01 3.6367E-07   184
 1.0000E-03 4.5075E-01 1.4818E-01 1.4817E-01 2.9558E-06  1.8975E-04 4.0254E-01 3.5231E-07   184
 1.0000E-03 4.5226E-01 1.4250E-01 1.4250E-01 2.8588E-06  1.8972E-04 4.0254E-01 3.4074E-07   184
 1.0000E-03 4.5377E-01 1.3701E-01 1.3701E-01 2.7628E-06  1.8871E-04 4.0253E-01 3.2931E-07   184
 1.0000E-03 4.5528E-01 1.3173E-01 1.3173E-01 2.6689E-06  1.8851E-04 4.0253E-01 3.1811E-07   184
 1.0000E-03 4.5678E-01 1.2666E-01 1.2666E-01 2.5774E-06  1.8810E-04 4.0253E-01 3.0721E-07   184
 1.0000E-03 4.5829E-01 1.2181E-01 1.2180E-01 2.4885E-06  1.8807E-04 4.0253E-01 2.9662E-07   184
 1.0000E-03 4.5980E-01 1.1716E-01 1.1716E-01 2.4025E-06  1.8747E-04 4.0253E-01 2.8636E-07   184
 1.0000E-03 4.6131E-01 1.1273E-01 1.1273E-01 2.3193E-06  1.8710E-04 4.0253E-01 2.7644E-07   184
 1.0000E-03 4.6281E-01 1.0852E-01 1.0851E-01 2.2390E-06  1.8638E-04 4.0253E-01 2.6688E-07   184
 1.0000E-03 4.6432E-01 1.0451E-01 1.0450E-01 2.1619E-06  1.8664E-04 4.0253E-01 2.5768E-07   184
 1.0000E-03 4.6583E-01 1.0069E-01 1.0069E-01 2.0879E-06  1.8601E-04 4.0254E-01 2.4887E-07   184
 1.0000E-03 4.6734E-01 9.7068E-02 9.7066E-02 2.0169E-06  1.8527E-04 4.0254E-01 2.4041E-07   184
 1.0000E-03 4.6884E-01 9.3627E-02 9.3625E-02 1.9489E-06  1.8547E-04 4.0253E-01 2.3230E-07   184
 1.0000E-03 4.7035E-01 9.0361E-02 9.0359E-02 1.8838E-06  1.8462E-04 4.0253E-01 2.2453E-07   184
 1.0000E-03 4.7186E-01 8.7283E-02 8.7280E-02 1.8219E-06  1.8412E-04 4.0254E-01 2.1716E-07   184
 1.0000E-03 4.7337E-01 8.4399E-02 8.4396E-02 1.7636E-06  1.8411E-04 4.0254E-01 2.1021E-07   184
 1.0000E-03 4.7487E-01 8.1652E-02 8.1651E-02 1.7078E-06  1.8356E-04 4.0254E-01 2.0356E-07   184
 1.0000E-03 4.7638E-01 7.9039E-02 7.9038E-02 1.6544E-06  1.8308E-04 4.0253E-01 1.9720E-07   184
 1.0000E-03 4.7789E-01 7.6553E-02 7.6551E-02 1.6035E-06  1.8296E-04 4.0253E-01 1.9112E-07   184
 1.0000E-03 4.7940E-01 7.4187E-02 7.4185E-02 1.5548E-06  1.8271E-04 4.0254E-01 1.8532E-07   184
 1.0000E-03 4.8090E-01 7.1935E-02 7.1934E-02 1.5083E-06  1.8236E-04 4.0253E-01 1.7978E-07   184
 1.0000E-03 4.8241E-01 6.9790E-02 6.9790E-02 1.4640E-06  1.8200E-04 4.0253E-01 1.7449E-07   184
 1.0000E-03 4.8392E-01 6.7746E-02 6.7745E-02 1.4217E-06  1.8199E-04 4.0253E-01 1.6945E-07   184
 1.0000E-03 4.8543E-01 6.5794E-02 6.5793E-02 1.3813E-06  1.8113E-04 4.0253E-01 1.6465E-07   184
 1.0000E-03 4.8693E-01 6.3932E-02 6.3931E-02 1.3428E-06  1.8132E-04 4.0253E-01 1.6006E-07   184
 1.0000E-03 4.8844E-01 6.2151E-02 6.2150E-02 1.3062E-06  1.8099E-04 4.0253E-01 1.5569E-07   184
 1.0000E-03 4.8995E-01 6.0449E-02 6.0447E-02 1.2712E-06  1.8051E-04 4.0254E-01 1.5153E-07   184
 1.0000E-03 4.9146E-01 5.8817E-02 5.8815E-02 1.2380E-06  1.8060E-04 4.0254E-01 1.4756E-07   184
 1.0000E-03 4.9296E-01 5.7248E-02 5.7247E-02 1.2062E-06  1.7993E-04 4.0253E-01 1.4378E-07   184
 1.0000E-03 4.9447E-01 5.5739E-02 5.5738E-02 1.1760E-06  1.7967E-04 4.0253E-01 1.4018E-07   184
 1.0000E-03 4.9598E-01 5.4279E-02 5.4278E-02 1.1473E-06  1.7982E-04 4.0253E-01 1.3675E-07   184
 1.0000E-03 4.9749E-01 5.2792E-02 5.2791E-02 1.1213E-06  1.7899E-04 4.0253E-01 1.3365E-07   184
 1.0000E-03 4.9900E-01 5.1336E-02 5.1335E-02 1.0962E-06  1.7921E-04 4.0253E-01 1.3066E-07   184
 1.0000E-03 5.0050E-01 4.9909E-02 4.9908E-02 1.0720E-06  1.7826E-04 4.0253E-01 1.2778E-07   184
 1.0000E-03 5.0201E-01 4.8504E-02 4.8503E-02 1.0486E-06  1.7816E-04 4.0254E-01 1.2498E-07   184
 1.0000E-03 5.0352E-01 4.7120E-02 4.7119E-02 1.0258E-06  1.7785E-04 4.0253E-01 1.2227E-07   184
 1.0000E-03 5.0503E-01 4.5753E-02 4.5752E-02 1.0037E-06  1.7829E-04 4.0253E-01 1.1963E-07   184
 1.0000E-03 5.0653E-01 4.4403E-02 4.4403E-02 9.8215E-07  1.7757E-04 4.0253E-01 1.1707E-07   184
 1.0000E-03 5.0804E-01 4.3069E-02 4.3068E-02 9.6112E-07  1.7748E-04 4.0253E-01 1.1456E-07   184
 1.0000E-03 5.0955E-01 4.1749E-02 4.1748E-02 9.4056E-07  1.7672E-04 4.0253E-01 1.1211E-07   184
 1.0000E-03 5.1106E-01 4.0443E-02 4.0442E-02 9.2042E-07  1.7658E-04 4.0254E-01 1.0971E-07   184
 1.0000E-03 5.1256E-01 3.9152E-02 3.9151E-02 9.0067E-07  1.7627E-04 4.0253E-01 1.0736E-07   184
 1.0000E-03 5.1407E-01 3.7876E-02 3.7875E-02 8.8126E-07  1.7660E-04 4.0253E-01 1.0504E-07   184
 1.0000E-03 5.1558E-01 3.6616E-02 3.6615E-02 8.6219E-07  1.7549E-04 4.0253E-01 1.0277E-07   184
 1.0000E-03 5.1709E-01 3.5374E-02 3.5373E-02 8.4342E-07  1.7522E-04 4.0253E-01 1.0053E-07   184
 1.0000E-03 5.1859E-01 3.4150E-02 3.4149E-02 8.2495E-07  1.7510E-04 4.0254E-01 9.8332E-08   184
 1.0000E-03 5.2010E-01 3.2946E-02 3.2945E-02 8.0677E-07  1.7462E-04 4.0253E-01 9.6163E-08   184
 1.0000E-03 5.2161E-01 3.1791E-02 3.1790E-02 7.8805E-07  1.7405E-04 4.0253E-01 9.3933E-08   184
 1.0000E-03 5.2312E-01 3.0705E-02 3.0704E-02 7.6887E-07  1.7366E-04 4.0253E-01 9.1647E-08   184
 1.0000E-03 5.2462E-01 2.9660E-02 2.9660E-02 7.5019E-07  1.7368E-04 4.0253E-01 8.9419E-08   184
 1.0000E-03 5.2613E-01 2.8655E-02 2.8654E-02 7.3199E-07  1.7341E-04 4.0253E-01 8.7251E-08   184
 1.0000E-03 5.2764E-01 2.7689E-02 2.7688E-02 7.1429E-07  1.7314E-04 4.0253E-01 8.5141E-08   184
 1.0000E-03 5.2915E-01 2.6760E-02 2.6760E-02 6.9706E-07  1.7212E-04 4.0253E-01 8.3087E-08   184
 1.0000E-03 5.3065E-01 2.5868E-02 2.5868E-02 6.8030E-07  1.7238E-04 4.0253E-01 8.1090E-08   184
 1.0000E-03 5.3216E-01 2.5012E-02 2.5012E-02 6.6400E-07  1.7273E-04 4.0253E-01 7.9145E-08   184
 1.0000E-03 5.3367E-01 2.4191E-02 2.4190E-02 6.4815E-07  1.7171E-04 4.0253E-01 7.7257E-08   184
 1.0000E-03 5.3518E-01 2.3402E-02 2.3402E-02 6.3275E-07  1.7158E-04 4.0253E-01 7.5421E-08   184
 1.0000E-03 5.3668E-01 2.2647E-02 2.2646E-02 6.1778E-07  1.7028E-04 4.0253E-01 7.3637E-08   184
 1.0000E-03 5.3819E-01 2.1922E-02 2.1921E-02 6.0323E-07  1.7051E-04 4.0253E-01 7.1903E-08   184
 1.0000E-03 5.3970E-01 2.1227E-02 2.1226E-02 5.8909E-07  1.7069E-04 4.0254E-01 7.0218E-08   184
 1.0000E-03 5.4121E-01 2.0561E-02 2.0560E-02 5.7536E-07  1.7096E-04 4.0254E-01 6.8581E-08   184
 1.0000E-03 5.4271E-01 1.9923E-02 1.9922E-02 5.6201E-07  1.6966E-04 4.0253E-01 6.6990E-08   184
 1.0000E-03 5.4422E-01 1.9312E-02 1.9311E-02 5.4905E-07  1.6922E-04 4.0253E-01 6.5444E-08   184
 1.0000E-03 5.4573E-01 1.8726E-02 1.8726E-02 5.3646E-07  1.6952E-04 4.0253E-01 6.3945E-08   184
 1.0000E-03 5.4724E-01 1.8165E-02 1.8165E-02 5.2423E-07  1.6845E-04 4.0253E-01 6.2487E-08   184
 1.0000E-03 5.4874E-01 1.7629E-02 1.7628E-02 5.1237E-07  1.6853E-04 4.0253E-01 6.1074E-08   184
 1.0000E-03 5.5025E-01 1.7118E-02 1.7117E-02 5.0107E-07  1.6801E-04 4.0253E-01 5.9726E-08   184
 1.0000E-03 5.5176E-01 1.6626E-02 1.6625E-02 4.9010E-07  1.6844E-04 4.0253E-01 5.8419E-08   184
 1.0000E-03 5.5327E-01 1.6153E-02 1.6152E-02 4.7946E-07  1.6770E-04 4.0253E-01 5.7151E-08   184
 1.0000E-03 5.5477E-01 1.5698E-02 1.5697E-02 4.6913E-07  1.6753E-04 4.0253E-01 5.5919E-08   184
 1.0000E-03 5.5628E-01 1.5259E-02 1.5259E-02 4.5910E-07  1.6744E-04 4.0253E-01 5.4724E-08   184
 1.0000E-03 5.5779E-01 1.4837E-02 1.4837E-02 4.4937E-07  1.6674E-04 4.0253E-01 5.3564E-08   184
 1.0000E-03 5.5930E-01 1.4430E-02 1.4430E-02 4.3991E-07  1.6614E-04 4.0253E-01 5.2437E-08   184
 1.0000E-03 5.6080E-01 1.4038E-02 1.4038E-02 4.3073E-07  1.6642E-04 4.0253E-01 5.1342E-08   184
 1.0000E-03 5.6231E-01 1.3660E-02 1.3660E-02 4.2181E-07  1.6552E-04 4.0253E-01 5.0279E-08   184
 1.0000E-03 5.6382E-01 1.3296E-02 1.3295E-02 4.1314E-07  1.6610E-04 4.0253E-01 4.9245E-08   184
 1.0000E-03 5.6533E-01 1.2944E-02 1.2943E-02 4.0471E-07  1.6485E-04 4.0253E-01 4.8241E-08   184
 1.0000E-03 5.6683E-01 1.2604E-02 1.2604E-02 3.9651E-07  1.6466E-04 4.0253E-01 4.7264E-08   184
 1.0000E-03 5.6834E-01 1.2276E-02 1.2276E-02 3.8854E-07  1.6545E-04 4.0253E-01 4.6314E-08   184
 1.0000E-03 5.6985E-01 1.1959E-02 1.1959E-02 3.8079E-07  1.6465E-04 4.0253E-01 4.5390E-08   184
 1.0000E-03 5.7136E-01 1.1653E-02 1.1653E-02 3.7325E-07  1.6365E-04 4.0253E-01 4.4491E-08   184
 1.0000E-03 5.7286E-01 1.1357E-02 1.1357E-02 3.6591E-07  1.6390E-04 4.0253E-01 4.3617E-08   184
 1.0000E-03 5.7437E-01 1.1071E-02 1.1071E-02 3.5877E-07  1.6386E-04 4.0253E-01 4.2765E-08   184
 1.0000E-03 5.7588E-01 1.0794E-02 1.0794E-02 3.5182E-07  1.6345E-04 4.0253E-01 4.1935E-08   184
 1.0000E-03 5.7739E-01 1.0526E-02 1.0525E-02 3.4504E-07  1.6280E-04 4.0253E-01 4.1128E-08   184
 1.0000E-03 5.7889E-01 1.0266E-02 1.0265E-02 3.3844E-07  1.6233E-04 4.0253E-01 4.0342E-08   184
 1.0000E-03 5.8040E-01 1.0014E-02 1.0014E-02 3.3200E-07  1.6220E-04 4.0253E-01 3.9575E-08   184
 1.0000E-03 5.8191E-01 9.7706E-03 9.7703E-03 3.2573E-07  1.6206E-04 4.0253E-01 3.8827E-08   184
 1.0000E-03 5.8342E-01 9.5335E-03 9.5332E-03 3.1957E-07  1.6179E-04 4.0253E-01 3.8092E-08   184
 1.0000E-03 5.8492E-01 9.3037E-03 9.3034E-03 3.1355E-07  1.6219E-04 4.0253E-01 3.7375E-08   184
 1.0000E-03 5.8643E-01 9.0810E-03 9.0806E-03 3.0769E-07  1.6094E-04 4.0253E-01 3.6677E-08   184
 1.0000E-03 5.8794E-01 8.8654E-03 8.8651E-03 3.0197E-07  1.6091E-04 4.0253E-01 3.5995E-08   184
 1.0000E-03 5.8945E-01 8.6567E-03 8.6564E-03 2.9639E-07  1.6064E-04 4.0253E-01 3.5330E-08   184
 1.0000E-03 5.9095E-01 8.4548E-03 8.4545E-03 2.9095E-07  1.6059E-04 4.0253E-01 3.4681E-08   184
 1.0000E-03 5.9246E-01 8.2597E-03 8.2595E-03 2.8563E-07  1.6063E-04 4.0253E-01 3.4047E-08   184
 1.0000E-03 5.9397E-01 8.0714E-03 8.0711E-03 2.8044E-07  1.5946E-04 4.0253E-01 3.3429E-08   184
 1.0000E-03 5.9548E-01 7.8897E-03 7.8894E-03 2.7538E-07  1.5979E-04 4.0253E-01 3.2825E-08   184
 1.0000E-03 5.9698E-01 7.7148E-03 7.7146E-03 2.7043E-07  1.5928E-04 4.0253E-01 3.2235E-08   184
 1.0000E-03 5.9849E-01 7.5466E-03 7.5464E-03 2.6560E-07  1.5876E-04 4.0253E-01 3.1659E-08   184
 1.0000E-03 6.0000E-01 7.3853E-03 7.3851E-03 2.6088E-07  1.5846E-04 4.0253E-01 3.1098E-08   184
