 DDSCAT --- DDSCAT 7.3.3 [22.01.20]   
 TARGET --->TARGSPHER  spherical target with explicit spacing                 
 GPFAFT --- method of solution 
 GKDLDR --- prescription for polarizabilities
 FROM_FILE --- shape 
    4169 = NAT0 = number of dipoles
 ../../diel/Pena-Rioux_dielectric_26Au_74Ag                  
 ../../diel/Pena-Rioux_dielectric_65Au_35Ag                  
 ../../diel/Pena-Rioux_dielectric_85Au_15Ag                  
   0.000   0.000 = beta_min, beta_max ;  NBETA = 1
   0.000   0.000 = theta_min, theta_max; NTHETA= 1
   0.000   0.000 = phi_min, phi_max   ;   NPHI = 1
 0.5000 = ETASCA (param. controlling # of scatt. dirs used to calculate <cos> etc.
 Results averaged over    1 target orientations
                   and  2 incident polarizations
   aeff       wave       Q_ext     Q_abs      Q_sca     g(1)=<cos>  <cos^2>    Q_bk       Nsca
 4.0000E-02 3.0000E-01 2.5833E+00 1.7950E+00 7.8828E-01  2.5432E-01 4.1468E-01 3.9888E-02   408
 4.0000E-02 3.0101E-01 2.5759E+00 1.7944E+00 7.8147E-01  2.5255E-01 4.1449E-01 3.9894E-02   408
 4.0000E-02 3.0203E-01 2.5683E+00 1.7937E+00 7.7461E-01  2.5079E-01 4.1430E-01 3.9891E-02   408
 4.0000E-02 3.0305E-01 2.5607E+00 1.7930E+00 7.6771E-01  2.4904E-01 4.1411E-01 3.9879E-02   408
 4.0000E-02 3.0408E-01 2.5530E+00 1.7923E+00 7.6078E-01  2.4730E-01 4.1392E-01 3.9856E-02   408
 4.0000E-02 3.0512E-01 2.5452E+00 1.7914E+00 7.5381E-01  2.4556E-01 4.1374E-01 3.9825E-02   408
 4.0000E-02 3.0616E-01 2.5373E+00 1.7905E+00 7.4681E-01  2.4384E-01 4.1356E-01 3.9784E-02   408
 4.0000E-02 3.0722E-01 2.5294E+00 1.7896E+00 7.3978E-01  2.4211E-01 4.1338E-01 3.9734E-02   408
 4.0000E-02 3.0828E-01 2.5215E+00 1.7887E+00 7.3281E-01  2.4039E-01 4.1320E-01 3.9682E-02   408
 4.0000E-02 3.0934E-01 2.5140E+00 1.7878E+00 7.2620E-01  2.3865E-01 4.1303E-01 3.9645E-02   408
 4.0000E-02 3.1042E-01 2.5065E+00 1.7870E+00 7.1954E-01  2.3691E-01 4.1285E-01 3.9600E-02   408
 4.0000E-02 3.1150E-01 2.4989E+00 1.7860E+00 7.1283E-01  2.3517E-01 4.1267E-01 3.9546E-02   408
 4.0000E-02 3.1259E-01 2.4911E+00 1.7850E+00 7.0610E-01  2.3344E-01 4.1250E-01 3.9484E-02   408
 4.0000E-02 3.1368E-01 2.4833E+00 1.7840E+00 6.9934E-01  2.3171E-01 4.1233E-01 3.9414E-02   408
 4.0000E-02 3.1479E-01 2.4754E+00 1.7828E+00 6.9256E-01  2.3009E-01 4.1232E-01 3.9335E-02   362
 4.0000E-02 3.1590E-01 2.4673E+00 1.7816E+00 6.8574E-01  2.2837E-01 4.1215E-01 3.9248E-02   362
 4.0000E-02 3.1702E-01 2.4592E+00 1.7803E+00 6.7891E-01  2.2666E-01 4.1199E-01 3.9154E-02   363
 4.0000E-02 3.1815E-01 2.4505E+00 1.7787E+00 6.7175E-01  2.2496E-01 4.1183E-01 3.9033E-02   363
 4.0000E-02 3.1929E-01 2.4415E+00 1.7770E+00 6.6446E-01  2.2328E-01 4.1168E-01 3.8897E-02   363
 4.0000E-02 3.2043E-01 2.4322E+00 1.7751E+00 6.5711E-01  2.2160E-01 4.1152E-01 3.8749E-02   363
 4.0000E-02 3.2158E-01 2.4228E+00 1.7731E+00 6.4968E-01  2.1992E-01 4.1137E-01 3.8589E-02   363
 4.0000E-02 3.2274E-01 2.4132E+00 1.7710E+00 6.4217E-01  2.1826E-01 4.1122E-01 3.8417E-02   363
 4.0000E-02 3.2391E-01 2.4033E+00 1.7687E+00 6.3461E-01  2.1659E-01 4.1107E-01 3.8233E-02   363
 4.0000E-02 3.2509E-01 2.3932E+00 1.7663E+00 6.2697E-01  2.1494E-01 4.1093E-01 3.8039E-02   363
 4.0000E-02 3.2628E-01 2.3829E+00 1.7637E+00 6.1928E-01  2.1328E-01 4.1079E-01 3.7833E-02   363
 4.0000E-02 3.2747E-01 2.3715E+00 1.7605E+00 6.1102E-01  2.1167E-01 4.1065E-01 3.7579E-02   363
 4.0000E-02 3.2868E-01 2.3601E+00 1.7572E+00 6.0288E-01  2.1005E-01 4.1051E-01 3.7326E-02   363
 4.0000E-02 3.2989E-01 2.3489E+00 1.7539E+00 5.9492E-01  2.0841E-01 4.1038E-01 3.7078E-02   363
 4.0000E-02 3.3111E-01 2.3377E+00 1.7506E+00 5.8714E-01  2.0677E-01 4.1024E-01 3.6835E-02   363
 4.0000E-02 3.3234E-01 2.3268E+00 1.7473E+00 5.7954E-01  2.0510E-01 4.1010E-01 3.6599E-02   363
 4.0000E-02 3.3358E-01 2.3160E+00 1.7439E+00 5.7214E-01  2.0342E-01 4.0997E-01 3.6370E-02   363
 4.0000E-02 3.3483E-01 2.3054E+00 1.7404E+00 5.6495E-01  2.0172E-01 4.0983E-01 3.6151E-02   363
 4.0000E-02 3.3609E-01 2.2954E+00 1.7372E+00 5.5827E-01  1.9997E-01 4.0969E-01 3.5963E-02   363
 4.0000E-02 3.3736E-01 2.2866E+00 1.7343E+00 5.5232E-01  1.9815E-01 4.0955E-01 3.5822E-02   363
 4.0000E-02 3.3864E-01 2.2786E+00 1.7317E+00 5.4686E-01  1.9630E-01 4.0940E-01 3.5712E-02   363
 4.0000E-02 3.3992E-01 2.2713E+00 1.7293E+00 5.4194E-01  1.9441E-01 4.0925E-01 3.5636E-02   363
 4.0000E-02 3.4122E-01 2.2648E+00 1.7272E+00 5.3755E-01  1.9248E-01 4.0910E-01 3.5594E-02   363
 4.0000E-02 3.4253E-01 2.2591E+00 1.7254E+00 5.3370E-01  1.9052E-01 4.0894E-01 3.5589E-02   363
 4.0000E-02 3.4385E-01 2.2542E+00 1.7238E+00 5.3043E-01  1.8851E-01 4.0879E-01 3.5622E-02   363
 4.0000E-02 3.4517E-01 2.2506E+00 1.7227E+00 5.2786E-01  1.8646E-01 4.0863E-01 3.5705E-02   363
 4.0000E-02 3.4651E-01 2.2482E+00 1.7222E+00 5.2608E-01  1.8436E-01 4.0847E-01 3.5843E-02   363
 4.0000E-02 3.4786E-01 2.2470E+00 1.7221E+00 5.2492E-01  1.8224E-01 4.0831E-01 3.6024E-02   363
 4.0000E-02 3.4922E-01 2.2468E+00 1.7224E+00 5.2441E-01  1.8009E-01 4.0814E-01 3.6251E-02   363
 4.0000E-02 3.5059E-01 2.2477E+00 1.7232E+00 5.2453E-01  1.7791E-01 4.0798E-01 3.6527E-02   363
 4.0000E-02 3.5197E-01 2.2498E+00 1.7245E+00 5.2535E-01  1.7571E-01 4.0781E-01 3.6853E-02   363
 4.0000E-02 3.5336E-01 2.2531E+00 1.7262E+00 5.2688E-01  1.7349E-01 4.0765E-01 3.7232E-02   363
 4.0000E-02 3.5476E-01 2.2578E+00 1.7287E+00 5.2915E-01  1.7126E-01 4.0748E-01 3.7666E-02   363
 4.0000E-02 3.5618E-01 2.2637E+00 1.7316E+00 5.3207E-01  1.6902E-01 4.0732E-01 3.8150E-02   363
 4.0000E-02 3.5760E-01 2.2707E+00 1.7351E+00 5.3561E-01  1.6677E-01 4.0715E-01 3.8684E-02   363
 4.0000E-02 3.5904E-01 2.2790E+00 1.7392E+00 5.3983E-01  1.6451E-01 4.0699E-01 3.9271E-02   363
 4.0000E-02 3.6048E-01 2.2885E+00 1.7438E+00 5.4473E-01  1.6225E-01 4.0682E-01 3.9914E-02   363
 4.0000E-02 3.6194E-01 2.2993E+00 1.7490E+00 5.5035E-01  1.5999E-01 4.0666E-01 4.0616E-02   363
 4.0000E-02 3.6341E-01 2.3115E+00 1.7549E+00 5.5670E-01  1.5772E-01 4.0650E-01 4.1380E-02   363
 4.0000E-02 3.6490E-01 2.3249E+00 1.7613E+00 5.6365E-01  1.5545E-01 4.0634E-01 4.2196E-02   363
 4.0000E-02 3.6639E-01 2.3395E+00 1.7683E+00 5.7123E-01  1.5318E-01 4.0618E-01 4.3068E-02   363
 4.0000E-02 3.6790E-01 2.3553E+00 1.7758E+00 5.7947E-01  1.5092E-01 4.0602E-01 4.3998E-02   363
 4.0000E-02 3.6942E-01 2.3723E+00 1.7839E+00 5.8840E-01  1.4864E-01 4.0586E-01 4.4992E-02   363
 4.0000E-02 3.7095E-01 2.3908E+00 1.7927E+00 5.9804E-01  1.4637E-01 4.0571E-01 4.6051E-02   363
 4.0000E-02 3.7250E-01 2.4106E+00 1.8022E+00 6.0842E-01  1.4410E-01 4.0555E-01 4.7179E-02   363
 4.0000E-02 3.7406E-01 2.4316E+00 1.8122E+00 6.1938E-01  1.4183E-01 4.0540E-01 4.8367E-02   363
 4.0000E-02 3.7563E-01 2.4537E+00 1.8227E+00 6.3099E-01  1.3956E-01 4.0525E-01 4.9620E-02   363
 4.0000E-02 3.7722E-01 2.4772E+00 1.8339E+00 6.4335E-01  1.3728E-01 4.0510E-01 5.0946E-02   363
 4.0000E-02 3.7881E-01 2.5020E+00 1.8457E+00 6.5639E-01  1.3500E-01 4.0496E-01 5.2343E-02   363
 4.0000E-02 3.8043E-01 2.5283E+00 1.8581E+00 6.7019E-01  1.3271E-01 4.0481E-01 5.3820E-02   363
 4.0000E-02 3.8205E-01 2.5559E+00 1.8712E+00 6.8474E-01  1.3042E-01 4.0467E-01 5.5375E-02   363
 4.0000E-02 3.8369E-01 2.5848E+00 1.8849E+00 6.9995E-01  1.2813E-01 4.0453E-01 5.7004E-02   363
 4.0000E-02 3.8534E-01 2.6150E+00 1.8991E+00 7.1590E-01  1.2584E-01 4.0439E-01 5.8714E-02   363
 4.0000E-02 3.8701E-01 2.6467E+00 1.9141E+00 7.3263E-01  1.2353E-01 4.0426E-01 6.0511E-02   363
 4.0000E-02 3.8870E-01 2.6798E+00 1.9296E+00 7.5020E-01  1.2122E-01 4.0412E-01 6.2403E-02   363
 4.0000E-02 3.9039E-01 2.7145E+00 1.9459E+00 7.6863E-01  1.1898E-01 4.0416E-01 6.4393E-02   323
 4.0000E-02 3.9211E-01 2.7506E+00 1.9628E+00 7.8784E-01  1.1665E-01 4.0404E-01 6.6474E-02   323
 4.0000E-02 3.9383E-01 2.7882E+00 1.9803E+00 8.0791E-01  1.1431E-01 4.0391E-01 6.8658E-02   323
 4.0000E-02 3.9558E-01 2.8273E+00 1.9985E+00 8.2889E-01  1.1196E-01 4.0378E-01 7.0948E-02   323
 4.0000E-02 3.9733E-01 2.8681E+00 2.0173E+00 8.5082E-01  1.0961E-01 4.0366E-01 7.3352E-02   323
 4.0000E-02 3.9911E-01 2.9107E+00 2.0369E+00 8.7373E-01  1.0724E-01 4.0354E-01 7.5876E-02   323
 4.0000E-02 4.0090E-01 2.9548E+00 2.0572E+00 8.9759E-01  1.0486E-01 4.0343E-01 7.8517E-02   323
 4.0000E-02 4.0270E-01 3.0006E+00 2.0781E+00 9.2247E-01  1.0248E-01 4.0331E-01 8.1284E-02   323
 4.0000E-02 4.0452E-01 3.0482E+00 2.0998E+00 9.4846E-01  1.0009E-01 4.0320E-01 8.4188E-02   323
 4.0000E-02 4.0636E-01 3.0977E+00 2.1221E+00 9.7559E-01  9.7682E-02 4.0309E-01 8.7233E-02   323
 4.0000E-02 4.0822E-01 3.1492E+00 2.1453E+00 1.0039E+00  9.5271E-02 4.0298E-01 9.0426E-02   323
 4.0000E-02 4.1009E-01 3.2025E+00 2.1691E+00 1.0334E+00  9.2852E-02 4.0288E-01 9.3769E-02   323
 4.0000E-02 4.1198E-01 3.2579E+00 2.1937E+00 1.0641E+00  9.0427E-02 4.0278E-01 9.7276E-02   323
 4.0000E-02 4.1389E-01 3.3154E+00 2.2191E+00 1.0963E+00  8.7996E-02 4.0268E-01 1.0096E-01   323
 4.0000E-02 4.1581E-01 3.3752E+00 2.2454E+00 1.1299E+00  8.5562E-02 4.0258E-01 1.0482E-01   323
 4.0000E-02 4.1776E-01 3.4373E+00 2.2724E+00 1.1649E+00  8.3124E-02 4.0249E-01 1.0887E-01   323
 4.0000E-02 4.1972E-01 3.5017E+00 2.3003E+00 1.2015E+00  8.0685E-02 4.0240E-01 1.1312E-01   323
 4.0000E-02 4.2170E-01 3.5688E+00 2.3290E+00 1.2398E+00  7.8248E-02 4.0231E-01 1.1758E-01   323
 4.0000E-02 4.2370E-01 3.6385E+00 2.3587E+00 1.2798E+00  7.5816E-02 4.0223E-01 1.2226E-01   323
 4.0000E-02 4.2571E-01 3.7109E+00 2.3894E+00 1.3216E+00  7.3393E-02 4.0215E-01 1.2717E-01   323
 4.0000E-02 4.2775E-01 3.7861E+00 2.4210E+00 1.3651E+00  7.0981E-02 4.0207E-01 1.3231E-01   323
 4.0000E-02 4.2981E-01 3.8641E+00 2.4536E+00 1.4105E+00  6.8586E-02 4.0200E-01 1.3768E-01   323
 4.0000E-02 4.3188E-01 3.9450E+00 2.4872E+00 1.4578E+00  6.6215E-02 4.0193E-01 1.4329E-01   323
 4.0000E-02 4.3398E-01 4.0286E+00 2.5219E+00 1.5068E+00  6.3873E-02 4.0186E-01 1.4913E-01   323
 4.0000E-02 4.3610E-01 4.1148E+00 2.5574E+00 1.5573E+00  6.1564E-02 4.0179E-01 1.5518E-01   323
 4.0000E-02 4.3824E-01 4.2034E+00 2.5939E+00 1.6095E+00  5.9300E-02 4.0173E-01 1.6144E-01   323
 4.0000E-02 4.4039E-01 4.2944E+00 2.6312E+00 1.6632E+00  5.7085E-02 4.0168E-01 1.6789E-01   323
 4.0000E-02 4.4257E-01 4.3875E+00 2.6693E+00 1.7181E+00  5.4923E-02 4.0162E-01 1.7452E-01   323
 4.0000E-02 4.4478E-01 4.4824E+00 2.7081E+00 1.7743E+00  5.2820E-02 4.0157E-01 1.8131E-01   323
 4.0000E-02 4.4700E-01 4.5793E+00 2.7475E+00 1.8317E+00  5.0784E-02 4.0153E-01 1.8826E-01   323
 4.0000E-02 4.4925E-01 4.6780E+00 2.7876E+00 1.8904E+00  4.8812E-02 4.0148E-01 1.9538E-01   323
 4.0000E-02 4.5152E-01 4.7784E+00 2.8280E+00 1.9503E+00  4.6908E-02 4.0144E-01 2.0264E-01   323
 4.0000E-02 4.5381E-01 4.8804E+00 2.8689E+00 2.0115E+00  4.5073E-02 4.0140E-01 2.1007E-01   323
 4.0000E-02 4.5612E-01 4.9845E+00 2.9102E+00 2.0743E+00  4.3303E-02 4.0137E-01 2.1770E-01   323
 4.0000E-02 4.5846E-01 5.0907E+00 2.9517E+00 2.1390E+00  4.1592E-02 4.0134E-01 2.2554E-01   323
 4.0000E-02 4.6082E-01 5.1991E+00 2.9934E+00 2.2057E+00  3.9934E-02 4.0130E-01 2.3363E-01   323
 4.0000E-02 4.6321E-01 5.3102E+00 3.0352E+00 2.2750E+00  3.8323E-02 4.0127E-01 2.4203E-01   323
 4.0000E-02 4.6563E-01 5.4246E+00 3.0769E+00 2.3477E+00  3.6746E-02 4.0125E-01 2.5083E-01   323
 4.0000E-02 4.6806E-01 5.5423E+00 3.1184E+00 2.4239E+00  3.5192E-02 4.0122E-01 2.6006E-01   323
 4.0000E-02 4.7053E-01 5.6639E+00 3.1595E+00 2.5044E+00  3.3651E-02 4.0119E-01 2.6981E-01   323
 4.0000E-02 4.7302E-01 5.7895E+00 3.1998E+00 2.5898E+00  3.2113E-02 4.0116E-01 2.8017E-01   323
 4.0000E-02 4.7553E-01 5.9190E+00 3.2388E+00 2.6802E+00  3.0565E-02 4.0114E-01 2.9116E-01   323
 4.0000E-02 4.7807E-01 6.0516E+00 3.2760E+00 2.7756E+00  2.9004E-02 4.0111E-01 3.0279E-01   323
 4.0000E-02 4.8065E-01 6.1867E+00 3.3106E+00 2.8761E+00  2.7426E-02 4.0109E-01 3.1507E-01   323
 4.0000E-02 4.8324E-01 6.3226E+00 3.3417E+00 2.9809E+00  2.5827E-02 4.0107E-01 3.2796E-01   323
 4.0000E-02 4.8587E-01 6.4566E+00 3.3681E+00 3.0886E+00  2.4215E-02 4.0105E-01 3.4127E-01   323
 4.0000E-02 4.8852E-01 6.5862E+00 3.3886E+00 3.1977E+00  2.2597E-02 4.0103E-01 3.5485E-01   323
 4.0000E-02 4.9121E-01 6.7079E+00 3.4016E+00 3.3063E+00  2.0982E-02 4.0101E-01 3.6847E-01   323
 4.0000E-02 4.9392E-01 6.8165E+00 3.4058E+00 3.4107E+00  1.9386E-02 4.0100E-01 3.8172E-01   323
 4.0000E-02 4.9667E-01 6.9075E+00 3.3996E+00 3.5079E+00  1.7824E-02 4.0099E-01 3.9419E-01   323
 4.0000E-02 4.9944E-01 6.9756E+00 3.3817E+00 3.5939E+00  1.6309E-02 4.0098E-01 4.0542E-01   323
 4.0000E-02 5.0225E-01 7.0153E+00 3.3512E+00 3.6642E+00  1.4851E-02 4.0097E-01 4.1488E-01   323
 4.0000E-02 5.0508E-01 7.0228E+00 3.3076E+00 3.7153E+00  1.3461E-02 4.0097E-01 4.2213E-01   323
 4.0000E-02 5.0795E-01 6.9952E+00 3.2509E+00 3.7443E+00  1.2140E-02 4.0097E-01 4.2680E-01   324
 4.0000E-02 5.1086E-01 6.9311E+00 3.1820E+00 3.7491E+00  1.0886E-02 4.0097E-01 4.2864E-01   324
 4.0000E-02 5.1379E-01 6.8324E+00 3.1025E+00 3.7299E+00  9.7335E-03 4.0118E-01 4.2764E-01   285
 4.0000E-02 5.1676E-01 6.7020E+00 3.0140E+00 3.6879E+00  8.6009E-03 4.0118E-01 4.2394E-01   285
 4.0000E-02 5.1977E-01 6.5442E+00 2.9188E+00 3.6254E+00  7.5180E-03 4.0119E-01 4.1779E-01   285
 4.0000E-02 5.2281E-01 6.3651E+00 2.8188E+00 3.5463E+00  6.4769E-03 4.0119E-01 4.0963E-01   285
 4.0000E-02 5.2588E-01 6.1702E+00 2.7160E+00 3.4542E+00  5.4694E-03 4.0120E-01 3.9990E-01   285
 4.0000E-02 5.2899E-01 5.9647E+00 2.6118E+00 3.3529E+00  4.4907E-03 4.0121E-01 3.8901E-01   285
 4.0000E-02 5.3214E-01 5.7533E+00 2.5070E+00 3.2463E+00  3.5362E-03 4.0121E-01 3.7745E-01   285
 4.0000E-02 5.3533E-01 5.5389E+00 2.4017E+00 3.1371E+00  2.6036E-03 4.0122E-01 3.6551E-01   285
 4.0000E-02 5.3855E-01 5.3230E+00 2.2959E+00 3.0271E+00  1.6921E-03 4.0123E-01 3.5339E-01   285
 4.0000E-02 5.4182E-01 5.1058E+00 2.1889E+00 2.9169E+00  7.9897E-04 4.0123E-01 3.4120E-01   285
 4.0000E-02 5.4512E-01 4.8867E+00 2.0804E+00 2.8063E+00 -7.8397E-05 4.0124E-01 3.2889E-01   285
 4.0000E-02 5.4847E-01 4.6653E+00 1.9705E+00 2.6948E+00 -9.4483E-04 4.0124E-01 3.1641E-01   285
 4.0000E-02 5.5185E-01 4.4416E+00 1.8600E+00 2.5815E+00 -1.8042E-03 4.0124E-01 3.0366E-01   285
 4.0000E-02 5.5528E-01 4.2168E+00 1.7503E+00 2.4665E+00 -2.6616E-03 4.0124E-01 2.9065E-01   285
 4.0000E-02 5.5875E-01 3.9930E+00 1.6430E+00 2.3500E+00 -3.5218E-03 4.0124E-01 2.7741E-01   285
 4.0000E-02 5.6226E-01 3.7725E+00 1.5397E+00 2.2328E+00 -4.3878E-03 4.0123E-01 2.6404E-01   285
 4.0000E-02 5.6582E-01 3.5582E+00 1.4421E+00 2.1161E+00 -5.2621E-03 4.0122E-01 2.5068E-01   285
 4.0000E-02 5.6943E-01 3.3525E+00 1.3512E+00 2.0013E+00 -6.1432E-03 4.0121E-01 2.3749E-01   285
 4.0000E-02 5.7308E-01 3.1576E+00 1.2678E+00 1.8898E+00 -7.0300E-03 4.0120E-01 2.2466E-01   285
 4.0000E-02 5.7677E-01 2.9746E+00 1.1916E+00 1.7830E+00 -7.9219E-03 4.0119E-01 2.1234E-01   285
 4.0000E-02 5.8052E-01 2.8035E+00 1.1220E+00 1.6816E+00 -8.8201E-03 4.0118E-01 2.0061E-01   285
 4.0000E-02 5.8431E-01 2.6438E+00 1.0581E+00 1.5857E+00 -9.7257E-03 4.0117E-01 1.8952E-01   285
 4.0000E-02 5.8816E-01 2.4943E+00 9.9926E-01 1.4951E+00 -1.0638E-02 4.0116E-01 1.7901E-01   285
 4.0000E-02 5.9205E-01 2.3548E+00 9.4542E-01 1.4094E+00 -1.1557E-02 4.0115E-01 1.6907E-01   285
 4.0000E-02 5.9600E-01 2.2253E+00 8.9675E-01 1.3286E+00 -1.2479E-02 4.0115E-01 1.5967E-01   285
 4.0000E-02 6.0000E-01 2.1061E+00 8.5342E-01 1.2527E+00 -1.3400E-02 4.0114E-01 1.5083E-01   285
