 DDSCAT --- DDSCAT 7.3.3 [22.01.20]   
 TARGET --->TARGSPHER  spherical target with explicit spacing                 
 GPFAFT --- method of solution 
 FLTRCD --- prescription for polarizabilities
 FROM_FILE --- shape 
    4169 = NAT0 = number of dipoles
 ../../diel/Pena-Rioux_dielectric_26Au_74Ag                  
 ../../diel/Pena-Rioux_dielectric_85Au_15Ag                  
 ../../diel/Pena-Rioux_dielectric_92Au_8Ag                   
   0.000   0.000 = beta_min, beta_max ;  NBETA = 1
   0.000   0.000 = theta_min, theta_max; NTHETA= 1
   0.000   0.000 = phi_min, phi_max   ;   NPHI = 1
 Results averaged over    1 target orientations
                   and  2 incident polarizations
   aeff       wave       Q_pha       Q_pol       Q_cpol
 4.0000E-02 3.0000E-01 -2.0144E-03 -5.0068E-06  2.0955E-08
 4.0000E-02 3.0101E-01 -5.9783E-04  2.3842E-07 -2.2817E-08
 4.0000E-02 3.0203E-01  6.9952E-04 -2.3842E-07  4.9011E-08
 4.0000E-02 3.0305E-01  1.8309E-03  7.1526E-07 -4.2375E-08
 4.0000E-02 3.0408E-01  2.8102E-03  9.5367E-07 -7.0315E-08
 4.0000E-02 3.0512E-01  3.6321E-03  5.9605E-06 -1.4203E-08
 4.0000E-02 3.0616E-01  4.2917E-03  9.5367E-07 -2.5146E-08
 4.0000E-02 3.0722E-01  4.7845E-03  7.1526E-07 -1.4435E-08
 4.0000E-02 3.0828E-01  5.1354E-03  3.0994E-06  2.0023E-08
 4.0000E-02 3.0934E-01  5.4740E-03 -1.9073E-06 -6.1933E-08
 4.0000E-02 3.1042E-01  5.6635E-03 -3.0994E-06 -2.0023E-08
 4.0000E-02 3.1150E-01  5.7268E-03 -8.5831E-06  2.1420E-08
 4.0000E-02 3.1259E-01  5.6604E-03 -6.9141E-06 -3.3993E-08
 4.0000E-02 3.1368E-01  5.4594E-03 -6.4373E-06  4.6566E-10
 4.0000E-02 3.1479E-01  5.1208E-03  5.0068E-06 -1.8161E-08
 4.0000E-02 3.1590E-01  4.6405E-03  2.3842E-07  1.9558E-08
 4.0000E-02 3.1702E-01  4.0140E-03  4.5300E-06  1.0710E-08
 4.0000E-02 3.1815E-01  3.6137E-03 -3.0994E-06  7.3574E-08
 4.0000E-02 3.1929E-01  3.0426E-03  3.3379E-06 -3.9116E-08
 4.0000E-02 3.2043E-01  2.2218E-03  6.6757E-06  4.1910E-08
 4.0000E-02 3.2158E-01  1.1438E-03  3.0994E-06  1.7928E-08
 4.0000E-02 3.2274E-01 -1.9980E-04  1.6689E-06 -3.5303E-08
 4.0000E-02 3.2391E-01 -1.8180E-03 -4.7684E-06  6.6357E-09
 4.0000E-02 3.2509E-01 -3.7184E-03  3.0994E-06 -1.1176E-08
 4.0000E-02 3.2628E-01 -5.9110E-03 -2.8610E-06 -1.8626E-08
 4.0000E-02 3.2747E-01 -8.9114E-03  1.9073E-06 -3.2596E-08
 4.0000E-02 3.2868E-01 -1.2376E-02  2.6226E-06  5.5879E-09
 4.0000E-02 3.2989E-01 -1.6299E-02  2.1458E-06 -1.8626E-09
 4.0000E-02 3.3111E-01 -2.0691E-02  4.5300E-06  1.0688E-05
 4.0000E-02 3.3234E-01 -2.5557E-02 -3.3379E-06 -5.7742E-08
 4.0000E-02 3.3358E-01 -3.0931E-02 -6.6757E-06 -6.5193E-08
 4.0000E-02 3.3483E-01 -3.6823E-02  5.7220E-06 -2.6077E-08
 4.0000E-02 3.3609E-01 -4.3451E-02 -6.4373E-06  2.2352E-08
 4.0000E-02 3.3736E-01 -5.0739E-02 -2.3842E-07 -1.4901E-08
 4.0000E-02 3.3864E-01 -5.8477E-02  5.0068E-06  4.4703E-08
 4.0000E-02 3.3992E-01 -6.6663E-02 -2.3842E-07 -2.5332E-07
 4.0000E-02 3.4122E-01 -7.5311E-02  3.0994E-06 -1.1176E-07
 4.0000E-02 3.4253E-01 -8.4436E-02 -6.1989E-06  1.5646E-07
 4.0000E-02 3.4385E-01 -9.4054E-02 -1.1921E-06  3.7253E-08
 4.0000E-02 3.4517E-01 -1.0412E-01  4.2915E-06  1.4901E-07
 4.0000E-02 3.4651E-01 -1.1443E-01 -1.4305E-06  5.9605E-08
 4.0000E-02 3.4786E-01 -1.2499E-01  3.3379E-06 -3.7253E-08
 4.0000E-02 3.4922E-01 -1.3582E-01  0.0000E+00  1.6391E-07
 4.0000E-02 3.5059E-01 -1.4693E-01  3.3379E-06 -4.0233E-07
 4.0000E-02 3.5197E-01 -1.5831E-01 -1.9073E-06  1.3411E-07
 4.0000E-02 3.5336E-01 -1.6999E-01 -7.1526E-07  1.6391E-07
 4.0000E-02 3.5476E-01 -1.8177E-01  2.3842E-06  5.9605E-08
 4.0000E-02 3.5618E-01 -1.9357E-01  2.3842E-07 -7.4506E-08
 4.0000E-02 3.5760E-01 -2.0545E-01 -5.2452E-06  0.0000E+00
 4.0000E-02 3.5904E-01 -2.1740E-01  4.7684E-07 -7.4506E-08
 4.0000E-02 3.6048E-01 -2.2943E-01 -1.1921E-06 -4.4703E-08
 4.0000E-02 3.6194E-01 -2.4153E-01 -2.3842E-06  1.4901E-08
 4.0000E-02 3.6341E-01 -2.5363E-01 -2.3842E-06 -5.9605E-08
 4.0000E-02 3.6490E-01 -2.6556E-01  5.2452E-06  1.4901E-07
 4.0000E-02 3.6639E-01 -2.7744E-01  9.5367E-07 -2.3842E-07
 4.0000E-02 3.6790E-01 -2.8926E-01 -1.1921E-06  8.9407E-08
 4.0000E-02 3.6942E-01 -3.0100E-01  0.0000E+00 -1.1921E-07
 4.0000E-02 3.7095E-01 -3.1267E-01 -3.5763E-06  3.5763E-07
 4.0000E-02 3.7250E-01 -3.2422E-01 -2.6226E-06  7.1526E-07
 4.0000E-02 3.7406E-01 -3.3560E-01 -5.9605E-06  4.7684E-07
 4.0000E-02 3.7563E-01 -3.4684E-01  9.0599E-06 -6.8545E-07
 4.0000E-02 3.7722E-01 -3.5796E-01 -3.8147E-06 -3.5763E-07
 4.0000E-02 3.7881E-01 -3.6894E-01  7.6294E-06  8.3447E-07
 4.0000E-02 3.8043E-01 -3.7976E-01 -6.1989E-06  8.9407E-08
 4.0000E-02 3.8205E-01 -3.9039E-01  4.7684E-06 -1.1921E-07
 4.0000E-02 3.8369E-01 -4.0086E-01 -6.4373E-06  1.2815E-06
 4.0000E-02 3.8534E-01 -4.1119E-01 -5.2452E-06 -3.3975E-06
 4.0000E-02 3.8701E-01 -4.2136E-01  2.5511E-05  1.1027E-05
 4.0000E-02 3.8870E-01 -4.3135E-01  1.1921E-06 -2.6524E-06
 4.0000E-02 3.9039E-01 -4.4115E-01  1.6689E-06  6.8545E-07
 4.0000E-02 3.9211E-01 -4.5076E-01 -9.5367E-07  1.9968E-06
 4.0000E-02 3.9383E-01 -4.6021E-01  1.6212E-05 -2.5392E-05
 4.0000E-02 3.9558E-01 -4.6948E-01  3.9101E-05  1.6421E-05
 4.0000E-02 3.9733E-01 -4.7854E-01 -1.7166E-05  2.5094E-05
 4.0000E-02 3.9911E-01 -4.8735E-01  1.6451E-05  1.2904E-05
 4.0000E-02 4.0090E-01 -4.9590E-01  7.1526E-06 -7.2718E-06
 4.0000E-02 4.0270E-01 -5.0423E-01 -1.8835E-05 -2.1994E-05
 4.0000E-02 4.0452E-01 -5.1225E-01 -4.0531E-06 -1.7881E-07
 4.0000E-02 4.0636E-01 -5.1993E-01  3.0279E-05 -2.6226E-06
 4.0000E-02 4.0822E-01 -5.2713E-01  6.6757E-06  3.4571E-06
 4.0000E-02 4.1009E-01 -5.3379E-01  2.5749E-05  1.2517E-05
 4.0000E-02 4.1198E-01 -5.3988E-01  4.0531E-06 -7.5102E-06
 4.0000E-02 4.1389E-01 -5.4524E-01 -9.0599E-06 -2.6822E-06
 4.0000E-02 4.1581E-01 -5.4966E-01  3.0994E-06 -3.5167E-06
 4.0000E-02 4.1776E-01 -5.5294E-01  4.2915E-06  2.5630E-06
 4.0000E-02 4.1972E-01 -5.5493E-01 -6.1989E-06  2.9206E-06
 4.0000E-02 4.2170E-01 -5.5551E-01  1.5736E-05 -1.6689E-06
 4.0000E-02 4.2370E-01 -5.5449E-01 -3.5763E-06 -3.0398E-06
 4.0000E-02 4.2571E-01 -5.5184E-01 -1.1921E-05 -5.3644E-07
 4.0000E-02 4.2775E-01 -5.4750E-01  3.8147E-06 -1.9670E-06
 4.0000E-02 4.2981E-01 -5.4170E-01 -2.6703E-05 -5.6624E-06
 4.0000E-02 4.3188E-01 -5.3455E-01 -1.4782E-05  4.7088E-06
 4.0000E-02 4.3398E-01 -5.2612E-01 -4.2915E-06 -1.0550E-05
 4.0000E-02 4.3610E-01 -5.1645E-01  1.7643E-05 -4.7684E-06
 4.0000E-02 4.3824E-01 -5.0582E-01 -4.7684E-06  4.1723E-07
 4.0000E-02 4.4039E-01 -4.9399E-01  1.2875E-05  1.6689E-06
 4.0000E-02 4.4257E-01 -4.8086E-01  1.0014E-05  1.7881E-06
 4.0000E-02 4.4478E-01 -4.6629E-01  4.7684E-07 -2.0862E-07
 4.0000E-02 4.4700E-01 -4.5037E-01 -4.7684E-07 -1.2815E-06
 4.0000E-02 4.4925E-01 -4.3272E-01 -1.0014E-05 -9.5367E-07
 4.0000E-02 4.5152E-01 -4.1322E-01 -4.7684E-07 -5.3644E-07
 4.0000E-02 4.5381E-01 -3.9191E-01 -7.6294E-06 -2.6822E-07
 4.0000E-02 4.5612E-01 -3.6883E-01 -4.7684E-07 -1.6689E-06
 4.0000E-02 4.5846E-01 -3.4390E-01  5.2452E-06  1.9372E-06
 4.0000E-02 4.6082E-01 -3.1731E-01  8.5831E-06 -6.5565E-07
 4.0000E-02 4.6321E-01 -2.8934E-01  4.2915E-06  2.5332E-06
 4.0000E-02 4.6563E-01 -2.5992E-01  2.0027E-05  5.6922E-06
 4.0000E-02 4.6806E-01 -2.2901E-01  5.7220E-06  1.1921E-06
 4.0000E-02 4.7053E-01 -1.9665E-01  0.0000E+00  6.6608E-06
 4.0000E-02 4.7302E-01 -1.6268E-01 -2.8610E-06  8.1956E-07
 4.0000E-02 4.7553E-01 -1.2639E-01  1.9073E-06 -9.9838E-07
 4.0000E-02 4.7807E-01 -8.7264E-02  2.3842E-06 -2.9206E-06
 4.0000E-02 4.8065E-01 -4.4637E-02  8.1062E-06 -1.8999E-07
 4.0000E-02 4.8324E-01  2.5453E-03 -1.6689E-05  6.1144E-06
 4.0000E-02 4.8587E-01  5.5486E-02  1.0014E-05 -3.6508E-07
 4.0000E-02 4.8852E-01  1.1528E-01 -8.5831E-06  1.1846E-06
 4.0000E-02 4.9121E-01  1.8323E-01 -9.5367E-07 -8.9407E-07
 4.0000E-02 4.9392E-01  2.6088E-01 -1.1921E-05 -2.1845E-05
 4.0000E-02 4.9667E-01  3.4923E-01 -4.1962E-05  7.1526E-07
 4.0000E-02 4.9944E-01  4.4953E-01  1.9073E-05  3.6061E-06
 4.0000E-02 5.0225E-01  5.6279E-01 -1.5259E-05 -1.7285E-06
 4.0000E-02 5.0508E-01  6.8901E-01 -3.8147E-06  1.0133E-06
 4.0000E-02 5.0795E-01  8.2817E-01 -8.5831E-06  2.4438E-06
 4.0000E-02 5.1086E-01  9.7928E-01 -9.5367E-07  9.8944E-06
 4.0000E-02 5.1379E-01  1.1397E+00  5.2929E-05 -1.8597E-05
 4.0000E-02 5.1676E-01  1.3065E+00  1.3351E-05 -7.1526E-07
 4.0000E-02 5.1977E-01  1.4753E+00  1.3828E-05  7.0333E-06
 4.0000E-02 5.2281E-01  1.6409E+00  2.8133E-05 -1.2279E-05
 4.0000E-02 5.2588E-01  1.7983E+00 -2.6226E-05 -1.0014E-05
 4.0000E-02 5.2899E-01  1.9426E+00  1.0490E-05  2.3842E-07
 4.0000E-02 5.3214E-01  2.0700E+00 -1.5736E-05 -1.5259E-05
 4.0000E-02 5.3533E-01  2.1777E+00  2.8610E-06 -1.6689E-06
 4.0000E-02 5.3855E-01  2.2643E+00 -3.3379E-06  9.0599E-06
 4.0000E-02 5.4182E-01  2.3295E+00  4.2439E-05  1.2875E-05
 4.0000E-02 5.4512E-01  2.3740E+00  9.5367E-07  4.7684E-07
 4.0000E-02 5.4847E-01  2.3993E+00  2.8610E-06  9.5367E-07
 4.0000E-02 5.5185E-01  2.4086E+00 -2.9087E-05  1.5974E-05
 4.0000E-02 5.5528E-01  2.4047E+00 -1.8597E-05 -1.1683E-05
 4.0000E-02 5.5875E-01  2.3914E+00 -1.5497E-05 -2.9564E-05
 4.0000E-02 5.6226E-01  2.3716E+00  7.3910E-06 -4.0531E-05
 4.0000E-02 5.6582E-01  2.3474E+00 -1.4782E-05 -5.1022E-05
 4.0000E-02 5.6943E-01  2.3201E+00  1.2875E-05  2.1219E-05
 4.0000E-02 5.7308E-01  2.2903E+00 -7.9632E-05  4.4823E-05
 4.0000E-02 5.7677E-01  2.2578E+00 -9.8705E-05  1.6689E-06
 4.0000E-02 5.8052E-01  2.2223E+00 -4.5061E-05 -1.1444E-05
 4.0000E-02 5.8431E-01  2.1839E+00 -4.0293E-05  5.8889E-05
 4.0000E-02 5.8816E-01  2.1435E+00 -6.1274E-05  3.8385E-05
 4.0000E-02 5.9205E-01  2.1024E+00 -1.0729E-05  2.1219E-05
 4.0000E-02 5.9600E-01  2.0617E+00  1.2589E-04  3.4332E-05
 4.0000E-02 6.0000E-01  2.0217E+00  8.4162E-05 -1.3351E-05
