 DDSCAT --- DDSCAT 7.3.3 [22.01.20]   
 TARGET --->TARGSPHER  spherical target with explicit spacing                 
 GPFAFT --- method of solution 
 FLTRCD --- prescription for polarizabilities
 FROM_FILE --- shape 
    4169 = NAT0 = number of dipoles
 ../../diel/Pena-Rioux_dielectric_26Au_74Ag                  
 ../../diel/Pena-Rioux_dielectric_85Au_15Ag                  
 ../../diel/Pena-Rioux_dielectric_92Au_8Ag                   
   0.000   0.000 = beta_min, beta_max ;  NBETA = 1
   0.000   0.000 = theta_min, theta_max; NTHETA= 1
   0.000   0.000 = phi_min, phi_max   ;   NPHI = 1
 Results averaged over    1 target orientations
                   and  2 incident polarizations
   aeff       wave       Q_pha       Q_pol       Q_cpol
 8.0000E-02 3.0000E-01 -1.6248E-01 -9.5367E-07  1.6391E-07
 8.0000E-02 3.0101E-01 -1.6097E-01 -5.2452E-06  2.8312E-07
 8.0000E-02 3.0203E-01 -1.5952E-01  2.3842E-06  1.4901E-07
 8.0000E-02 3.0305E-01 -1.5814E-01 -1.5974E-05  2.8610E-06
 8.0000E-02 3.0408E-01 -1.5684E-01  2.4319E-05 -2.0266E-06
 8.0000E-02 3.0512E-01 -1.5562E-01 -7.1526E-07  2.5928E-06
 8.0000E-02 3.0616E-01 -1.5447E-01 -5.9605E-06 -2.2352E-07
 8.0000E-02 3.0722E-01 -1.5342E-01 -5.4836E-06  4.2766E-06
 8.0000E-02 3.0828E-01 -1.5243E-01  7.3910E-06  1.0431E-07
 8.0000E-02 3.0934E-01 -1.5153E-01  3.5763E-06 -1.1921E-06
 8.0000E-02 3.1042E-01 -1.5070E-01 -2.1458E-06  7.1079E-06
 8.0000E-02 3.1150E-01 -1.4993E-01  7.1526E-07 -2.2352E-07
 8.0000E-02 3.1259E-01 -1.4924E-01 -1.0490E-05  1.1474E-06
 8.0000E-02 3.1368E-01 -1.4863E-01  3.0994E-06 -1.7881E-07
 8.0000E-02 3.1479E-01 -1.4809E-01 -1.4305E-06  1.5795E-06
 8.0000E-02 3.1590E-01 -1.4764E-01 -6.9141E-06  1.3709E-06
 8.0000E-02 3.1702E-01 -1.4726E-01 -1.6212E-05 -5.8115E-07
 8.0000E-02 3.1815E-01 -1.4677E-01 -5.9605E-06 -1.1921E-07
 8.0000E-02 3.1929E-01 -1.4636E-01 -4.5300E-06 -2.7716E-06
 8.0000E-02 3.2043E-01 -1.4608E-01  2.0981E-05 -3.0100E-06
 8.0000E-02 3.2158E-01 -1.4594E-01  8.1062E-06 -7.8231E-06
 8.0000E-02 3.2274E-01 -1.4595E-01  3.5763E-06  8.1956E-06
 8.0000E-02 3.2391E-01 -1.4610E-01  1.6689E-06  6.1095E-07
 8.0000E-02 3.2509E-01 -1.4642E-01  1.0014E-05 -6.8545E-07
 8.0000E-02 3.2628E-01 -1.4689E-01 -6.9141E-06 -2.8312E-06
 8.0000E-02 3.2747E-01 -1.4773E-01  2.3127E-05  1.1086E-05
 8.0000E-02 3.2868E-01 -1.4887E-01 -2.3842E-07  3.5316E-06
 8.0000E-02 3.2989E-01 -1.5030E-01 -5.7220E-06  1.9372E-07
 8.0000E-02 3.3111E-01 -1.5204E-01 -2.3842E-07  1.0446E-05
 8.0000E-02 3.3234E-01 -1.5410E-01  1.9073E-06 -7.1973E-06
 8.0000E-02 3.3358E-01 -1.5649E-01  1.7166E-05  5.4240E-06
 8.0000E-02 3.3483E-01 -1.5924E-01 -1.0252E-05 -5.1111E-06
 8.0000E-02 3.3609E-01 -1.6251E-01 -1.1921E-05  5.4091E-06
 8.0000E-02 3.3736E-01 -1.6630E-01 -4.0531E-06 -2.9653E-06
 8.0000E-02 3.3864E-01 -1.7044E-01  2.6226E-06 -1.3411E-06
 8.0000E-02 3.3992E-01 -1.7494E-01 -1.6689E-05 -3.7551E-06
 8.0000E-02 3.4122E-01 -1.7981E-01 -1.9312E-05  2.1756E-06
 8.0000E-02 3.4253E-01 -1.8506E-01  1.0014E-05 -5.7966E-06
 8.0000E-02 3.4385E-01 -1.9070E-01  5.9605E-06 -4.0233E-07
 8.0000E-02 3.4517E-01 -1.9672E-01  2.3842E-06 -9.2834E-06
 8.0000E-02 3.4651E-01 -2.0303E-01 -6.6757E-06  0.0000E+00
 8.0000E-02 3.4786E-01 -2.0955E-01  3.8147E-06 -1.1176E-06
 8.0000E-02 3.4922E-01 -2.1630E-01 -2.4319E-05  4.1127E-06
 8.0000E-02 3.5059E-01 -2.2329E-01 -1.3590E-05  2.9057E-06
 8.0000E-02 3.5197E-01 -2.3050E-01  2.8610E-06 -2.4140E-06
 8.0000E-02 3.5336E-01 -2.3794E-01  6.1989E-06  9.6858E-07
 8.0000E-02 3.5476E-01 -2.4546E-01 -9.0599E-06 -1.6093E-06
 8.0000E-02 3.5618E-01 -2.5300E-01 -1.1921E-06 -1.4007E-06
 8.0000E-02 3.5760E-01 -2.6060E-01  6.4373E-06  1.8179E-06
 8.0000E-02 3.5904E-01 -2.6822E-01 -4.7684E-06 -4.3511E-06
 8.0000E-02 3.6048E-01 -2.7588E-01 -3.3379E-06  2.0862E-07
 8.0000E-02 3.6194E-01 -2.8355E-01  1.4305E-05 -3.5763E-07
 8.0000E-02 3.6341E-01 -2.9117E-01  9.2983E-06 -2.9802E-08
 8.0000E-02 3.6490E-01 -2.9863E-01 -2.0504E-05  5.4836E-06
 8.0000E-02 3.6639E-01 -3.0599E-01  3.3379E-06 -1.4901E-07
 8.0000E-02 3.6790E-01 -3.1325E-01 -4.0531E-06 -9.0599E-06
 8.0000E-02 3.6942E-01 -3.2040E-01  5.2452E-06 -2.8312E-06
 8.0000E-02 3.7095E-01 -3.2745E-01 -4.5300E-06  2.3246E-06
 8.0000E-02 3.7250E-01 -3.3432E-01 -2.6941E-05  5.5730E-06
 8.0000E-02 3.7406E-01 -3.4101E-01  1.7405E-05 -1.5795E-06
 8.0000E-02 3.7563E-01 -3.4754E-01  6.4373E-06 -5.9605E-07
 8.0000E-02 3.7722E-01 -3.5392E-01  9.5367E-07 -1.0431E-06
 8.0000E-02 3.7881E-01 -3.6013E-01  1.4305E-06 -4.2915E-06
 8.0000E-02 3.8043E-01 -3.6616E-01 -7.3910E-06  9.2387E-07
 8.0000E-02 3.8205E-01 -3.7201E-01  8.3447E-06  2.6822E-07
 8.0000E-02 3.8369E-01 -3.7769E-01 -4.0531E-06 -9.8348E-07
 8.0000E-02 3.8534E-01 -3.8320E-01  8.3447E-06  5.0664E-07
 8.0000E-02 3.8701E-01 -3.8855E-01  1.3828E-05  3.9637E-06
 8.0000E-02 3.8870E-01 -3.9373E-01  6.1989E-06  3.3379E-06
 8.0000E-02 3.9039E-01 -3.9872E-01 -1.0252E-05 -2.2948E-06
 8.0000E-02 3.9211E-01 -4.0354E-01  0.0000E+00  1.6391E-06
 8.0000E-02 3.9383E-01 -4.0821E-01 -4.5300E-06 -1.8179E-06
 8.0000E-02 3.9558E-01 -4.1274E-01  9.7752E-06 -4.2021E-06
 8.0000E-02 3.9733E-01 -4.1712E-01 -2.6226E-06 -4.2915E-06
 8.0000E-02 3.9911E-01 -4.2132E-01 -1.6928E-05  5.9605E-08
 8.0000E-02 4.0090E-01 -4.2537E-01  9.2983E-06 -5.9605E-08
 8.0000E-02 4.0270E-01 -4.2930E-01  1.3828E-05 -7.7188E-06
 8.0000E-02 4.0452E-01 -4.3311E-01 -5.0068E-06 -9.2387E-07
 8.0000E-02 4.0636E-01 -4.3676E-01  0.0000E+00  1.8179E-06
 8.0000E-02 4.0822E-01 -4.4024E-01 -5.2452E-06 -1.5497E-06
 8.0000E-02 4.1009E-01 -4.4354E-01  1.0490E-05  2.2352E-06
 8.0000E-02 4.1198E-01 -4.4668E-01  1.0252E-05  3.3081E-06
 8.0000E-02 4.1389E-01 -4.4961E-01 -2.8610E-06 -2.0862E-06
 8.0000E-02 4.1581E-01 -4.5229E-01  7.1526E-07  5.9605E-07
 8.0000E-02 4.1776E-01 -4.5467E-01  9.7752E-06  6.8545E-07
 8.0000E-02 4.1972E-01 -4.5672E-01  4.2915E-06  7.4506E-06
 8.0000E-02 4.2170E-01 -4.5849E-01  2.7895E-05  3.6657E-06
 8.0000E-02 4.2370E-01 -4.5993E-01 -1.0490E-05  5.5432E-06
 8.0000E-02 4.2571E-01 -4.6102E-01 -6.6757E-06  2.7120E-06
 8.0000E-02 4.2775E-01 -4.6176E-01  4.2915E-06 -1.8477E-06
 8.0000E-02 4.2981E-01 -4.6220E-01 -5.0068E-06 -1.2815E-06
 8.0000E-02 4.3188E-01 -4.6231E-01 -1.6689E-06  6.8545E-07
 8.0000E-02 4.3398E-01 -4.6204E-01  3.1710E-05  6.0797E-06
 8.0000E-02 4.3610E-01 -4.6136E-01  4.5300E-06  6.2585E-07
 8.0000E-02 4.3824E-01 -4.6044E-01  1.7166E-05 -2.2054E-06
 8.0000E-02 4.4039E-01 -4.5915E-01  8.1062E-06  3.8743E-07
 8.0000E-02 4.4257E-01 -4.5755E-01  9.0599E-06  5.9605E-08
 8.0000E-02 4.4478E-01 -4.5572E-01 -1.1683E-05 -2.9802E-07
 8.0000E-02 4.4700E-01 -4.5389E-01  3.5763E-06  9.2387E-07
 8.0000E-02 4.4925E-01 -4.5195E-01 -2.3842E-06  1.9670E-06
 8.0000E-02 4.5152E-01 -4.4997E-01 -6.1989E-06  8.6427E-07
 8.0000E-02 4.5381E-01 -4.4804E-01 -5.4836E-06  5.3644E-07
 8.0000E-02 4.5612E-01 -4.4623E-01  2.6226E-06  2.3842E-07
 8.0000E-02 4.5846E-01 -4.4442E-01 -1.6689E-06  9.2387E-07
 8.0000E-02 4.6082E-01 -4.4268E-01 -1.1921E-06 -1.7583E-06
 8.0000E-02 4.6321E-01 -4.4107E-01 -2.6226E-06 -5.9605E-08
 8.0000E-02 4.6563E-01 -4.3946E-01  9.5367E-06 -9.8348E-07
 8.0000E-02 4.6806E-01 -4.3774E-01  1.1921E-06  4.2319E-06
 8.0000E-02 4.7053E-01 -4.3589E-01  5.4836E-06  5.9605E-07
 8.0000E-02 4.7302E-01 -4.3386E-01  6.6757E-06  1.8775E-06
 8.0000E-02 4.7553E-01 -4.3127E-01 -3.3379E-06 -3.4571E-06
 8.0000E-02 4.7807E-01 -4.2792E-01  2.8610E-06 -3.6657E-06
 8.0000E-02 4.8065E-01 -4.2358E-01  8.1062E-06 -2.3842E-07
 8.0000E-02 4.8324E-01 -4.1780E-01 -9.5367E-07  1.1325E-06
 8.0000E-02 4.8587E-01 -4.1010E-01 -5.2452E-06 -1.9073E-06
 8.0000E-02 4.8852E-01 -4.0004E-01  4.7684E-06  1.3411E-06
 8.0000E-02 4.9121E-01 -3.8711E-01 -2.8610E-06 -1.1921E-07
 8.0000E-02 4.9392E-01 -3.7069E-01 -1.3828E-05  4.2021E-06
 8.0000E-02 4.9667E-01 -3.5045E-01 -3.3379E-06  1.1921E-06
 8.0000E-02 4.9944E-01 -3.2598E-01 -7.1526E-06 -8.0466E-07
 8.0000E-02 5.0225E-01 -2.9702E-01  6.1989E-06  2.9802E-07
 8.0000E-02 5.0508E-01 -2.6375E-01 -2.3365E-05  8.7321E-06
 8.0000E-02 5.0795E-01 -2.2629E-01 -2.9087E-05  4.0829E-06
 8.0000E-02 5.1086E-01 -1.8491E-01  3.8147E-06  2.7418E-06
 8.0000E-02 5.1379E-01 -1.4031E-01 -2.4319E-05 -1.6242E-06
 8.0000E-02 5.1676E-01 -9.2855E-02  3.3379E-06  1.4007E-06
 8.0000E-02 5.1977E-01 -4.3001E-02 -1.1921E-05  1.7993E-06
 8.0000E-02 5.2281E-01  8.5025E-03 -1.2398E-05  3.1227E-06
 8.0000E-02 5.2588E-01  6.1183E-02  1.8597E-05  1.1392E-05
 8.0000E-02 5.2899E-01  1.1440E-01 -9.0599E-06  3.5316E-06
 8.0000E-02 5.3214E-01  1.6731E-01 -5.7220E-06  5.0664E-07
 8.0000E-02 5.3533E-01  2.1940E-01  3.1948E-05 -2.1979E-05
 8.0000E-02 5.3855E-01  2.6972E-01  1.8120E-05  1.5050E-05
 8.0000E-02 5.4182E-01  3.1715E-01  1.2398E-05 -9.5665E-06
 8.0000E-02 5.4512E-01  3.6036E-01 -2.6226E-05  2.5213E-05
 8.0000E-02 5.4847E-01  3.9811E-01 -9.7275E-05  9.8944E-06
 8.0000E-02 5.5185E-01  4.2973E-01 -9.5367E-06 -7.7486E-06
 8.0000E-02 5.5528E-01  4.5505E-01 -4.7684E-07 -1.0669E-05
 8.0000E-02 5.5875E-01  4.7437E-01 -1.8120E-05 -3.2932E-05
 8.0000E-02 5.6226E-01  4.8861E-01 -3.8147E-06 -1.6659E-05
 8.0000E-02 5.6582E-01  4.9914E-01 -1.1539E-04  6.5565E-06
 8.0000E-02 5.6943E-01  5.0743E-01  3.1948E-05  8.4639E-06
 8.0000E-02 5.7308E-01  5.1447E-01  3.6240E-05  4.2915E-06
 8.0000E-02 5.7677E-01  5.2083E-01  4.7684E-07  3.6359E-06
 8.0000E-02 5.8052E-01  5.2655E-01  8.5354E-05  8.9407E-07
 8.0000E-02 5.8431E-01  5.3104E-01  4.0531E-05 -2.0146E-05
 8.0000E-02 5.8816E-01  5.3354E-01 -7.7248E-05 -3.9935E-06
 8.0000E-02 5.9205E-01  5.3372E-01  7.8201E-05 -8.1599E-05
 8.0000E-02 5.9600E-01  5.3181E-01  7.1049E-05 -4.1425E-05
 8.0000E-02 6.0000E-01  5.2762E-01 -5.3883E-05  3.5167E-06
