 DDSCAT --- DDSCAT 7.3.3 [22.01.20]   
 TARGET --->TARGSPHER  spherical target with explicit spacing                 
 GPFAFT --- method of solution 
 GKDLDR --- prescription for polarizabilities
 FROM_FILE --- shape 
    4169 = NAT0 = number of dipoles
 ../../diel/Pena-Rioux_dielectric_26Au_74Ag                  
 ../../diel/Pena-Rioux_dielectric_76Au_24Ag                  
 ../../diel/Pena-Rioux_dielectric_85Au_15Ag                  
 ../../diel/Au_evap                                          
   0.000   0.000 = beta_min, beta_max ;  NBETA = 1
   0.000   0.000 = theta_min, theta_max; NTHETA= 1
   0.000   0.000 = phi_min, phi_max   ;   NPHI = 1
 0.5000 = ETASCA (param. controlling # of scatt. dirs used to calculate <cos> etc.
 Results averaged over    1 target orientations
                   and  2 incident polarizations
   aeff       wave       Q_ext     Q_abs      Q_sca     g(1)=<cos>  <cos^2>    Q_bk       Nsca
 4.0000E-02 3.0000E-01 2.5790E+00 1.7936E+00 7.8546E-01  2.5438E-01 4.1474E-01 3.9753E-02   408
 4.0000E-02 3.0101E-01 2.5715E+00 1.7929E+00 7.7862E-01  2.5260E-01 4.1454E-01 3.9759E-02   408
 4.0000E-02 3.0203E-01 2.5640E+00 1.7922E+00 7.7179E-01  2.5082E-01 4.1435E-01 3.9757E-02   408
 4.0000E-02 3.0305E-01 2.5564E+00 1.7915E+00 7.6493E-01  2.4906E-01 4.1416E-01 3.9746E-02   408
 4.0000E-02 3.0408E-01 2.5487E+00 1.7907E+00 7.5803E-01  2.4730E-01 4.1397E-01 3.9726E-02   408
 4.0000E-02 3.0512E-01 2.5410E+00 1.7899E+00 7.5112E-01  2.4555E-01 4.1379E-01 3.9697E-02   408
 4.0000E-02 3.0616E-01 2.5332E+00 1.7890E+00 7.4417E-01  2.4381E-01 4.1361E-01 3.9658E-02   408
 4.0000E-02 3.0722E-01 2.5253E+00 1.7881E+00 7.3721E-01  2.4207E-01 4.1343E-01 3.9611E-02   408
 4.0000E-02 3.0828E-01 2.5175E+00 1.7871E+00 7.3033E-01  2.4034E-01 4.1325E-01 3.9562E-02   408
 4.0000E-02 3.0934E-01 2.5101E+00 1.7864E+00 7.2378E-01  2.3858E-01 4.1307E-01 3.9529E-02   408
 4.0000E-02 3.1042E-01 2.5027E+00 1.7855E+00 7.1721E-01  2.3683E-01 4.1289E-01 3.9488E-02   408
 4.0000E-02 3.1150E-01 2.4952E+00 1.7846E+00 7.1058E-01  2.3509E-01 4.1272E-01 3.9437E-02   408
 4.0000E-02 3.1259E-01 2.4875E+00 1.7836E+00 7.0391E-01  2.3335E-01 4.1255E-01 3.9377E-02   408
 4.0000E-02 3.1368E-01 2.4798E+00 1.7826E+00 6.9722E-01  2.3162E-01 4.1238E-01 3.9309E-02   408
 4.0000E-02 3.1479E-01 2.4720E+00 1.7815E+00 6.9050E-01  2.3000E-01 4.1236E-01 3.9233E-02   362
 4.0000E-02 3.1590E-01 2.4640E+00 1.7803E+00 6.8377E-01  2.2827E-01 4.1220E-01 3.9150E-02   362
 4.0000E-02 3.1702E-01 2.4561E+00 1.7790E+00 6.7703E-01  2.2655E-01 4.1203E-01 3.9059E-02   363
 4.0000E-02 3.1815E-01 2.4475E+00 1.7775E+00 6.6999E-01  2.2486E-01 4.1187E-01 3.8943E-02   363
 4.0000E-02 3.1929E-01 2.4387E+00 1.7759E+00 6.6282E-01  2.2317E-01 4.1172E-01 3.8812E-02   363
 4.0000E-02 3.2043E-01 2.4297E+00 1.7741E+00 6.5560E-01  2.2148E-01 4.1156E-01 3.8670E-02   363
 4.0000E-02 3.2158E-01 2.4206E+00 1.7722E+00 6.4840E-01  2.1980E-01 4.1141E-01 3.8522E-02   363
 4.0000E-02 3.2274E-01 2.4114E+00 1.7703E+00 6.4113E-01  2.1812E-01 4.1126E-01 3.8362E-02   363
 4.0000E-02 3.2391E-01 2.4019E+00 1.7682E+00 6.3379E-01  2.1644E-01 4.1111E-01 3.8191E-02   363
 4.0000E-02 3.2509E-01 2.3923E+00 1.7659E+00 6.2639E-01  2.1477E-01 4.1097E-01 3.8010E-02   363
 4.0000E-02 3.2628E-01 2.3824E+00 1.7634E+00 6.1894E-01  2.1311E-01 4.1083E-01 3.7817E-02   363
 4.0000E-02 3.2747E-01 2.3713E+00 1.7604E+00 6.1092E-01  2.1149E-01 4.1069E-01 3.7576E-02   363
 4.0000E-02 3.2868E-01 2.3603E+00 1.7573E+00 6.0303E-01  2.0986E-01 4.1055E-01 3.7337E-02   363
 4.0000E-02 3.2989E-01 2.3495E+00 1.7542E+00 5.9530E-01  2.0821E-01 4.1042E-01 3.7103E-02   363
 4.0000E-02 3.3111E-01 2.3387E+00 1.7510E+00 5.8774E-01  2.0656E-01 4.1028E-01 3.6874E-02   363
 4.0000E-02 3.3234E-01 2.3280E+00 1.7477E+00 5.8028E-01  2.0489E-01 4.1014E-01 3.6647E-02   363
 4.0000E-02 3.3358E-01 2.3173E+00 1.7443E+00 5.7299E-01  2.0320E-01 4.1001E-01 3.6425E-02   363
 4.0000E-02 3.3483E-01 2.3067E+00 1.7408E+00 5.6589E-01  2.0150E-01 4.0987E-01 3.6211E-02   363
 4.0000E-02 3.3609E-01 2.2968E+00 1.7376E+00 5.5929E-01  1.9976E-01 4.0973E-01 3.6027E-02   363
 4.0000E-02 3.3736E-01 2.2880E+00 1.7346E+00 5.5339E-01  1.9795E-01 4.0958E-01 3.5890E-02   363
 4.0000E-02 3.3864E-01 2.2799E+00 1.7319E+00 5.4796E-01  1.9610E-01 4.0944E-01 3.5782E-02   363
 4.0000E-02 3.3992E-01 2.2724E+00 1.7294E+00 5.4303E-01  1.9422E-01 4.0929E-01 3.5705E-02   363
 4.0000E-02 3.4122E-01 2.2657E+00 1.7271E+00 5.3860E-01  1.9230E-01 4.0914E-01 3.5661E-02   363
 4.0000E-02 3.4253E-01 2.2598E+00 1.7251E+00 5.3469E-01  1.9035E-01 4.0898E-01 3.5651E-02   363
 4.0000E-02 3.4385E-01 2.2545E+00 1.7233E+00 5.3128E-01  1.8835E-01 4.0883E-01 3.5676E-02   363
 4.0000E-02 3.4517E-01 2.2504E+00 1.7218E+00 5.2857E-01  1.8630E-01 4.0867E-01 3.5750E-02   363
 4.0000E-02 3.4651E-01 2.2476E+00 1.7210E+00 5.2663E-01  1.8422E-01 4.0851E-01 3.5877E-02   363
 4.0000E-02 3.4786E-01 2.2459E+00 1.7206E+00 5.2531E-01  1.8210E-01 4.0834E-01 3.6048E-02   363
 4.0000E-02 3.4922E-01 2.2452E+00 1.7206E+00 5.2462E-01  1.7996E-01 4.0818E-01 3.6264E-02   363
 4.0000E-02 3.5059E-01 2.2456E+00 1.7210E+00 5.2457E-01  1.7779E-01 4.0802E-01 3.6527E-02   363
 4.0000E-02 3.5197E-01 2.2472E+00 1.7220E+00 5.2520E-01  1.7560E-01 4.0785E-01 3.6839E-02   363
 4.0000E-02 3.5336E-01 2.2499E+00 1.7234E+00 5.2653E-01  1.7338E-01 4.0768E-01 3.7204E-02   363
 4.0000E-02 3.5476E-01 2.2542E+00 1.7255E+00 5.2865E-01  1.7116E-01 4.0752E-01 3.7626E-02   363
 4.0000E-02 3.5618E-01 2.2597E+00 1.7283E+00 5.3148E-01  1.6893E-01 4.0735E-01 3.8102E-02   363
 4.0000E-02 3.5760E-01 2.2665E+00 1.7315E+00 5.3494E-01  1.6669E-01 4.0719E-01 3.8628E-02   363
 4.0000E-02 3.5904E-01 2.2744E+00 1.7353E+00 5.3908E-01  1.6445E-01 4.0702E-01 3.9207E-02   363
 4.0000E-02 3.6048E-01 2.2836E+00 1.7397E+00 5.4389E-01  1.6220E-01 4.0686E-01 3.9841E-02   363
 4.0000E-02 3.6194E-01 2.2941E+00 1.7447E+00 5.4942E-01  1.5995E-01 4.0669E-01 4.0534E-02   363
 4.0000E-02 3.6341E-01 2.3059E+00 1.7503E+00 5.5569E-01  1.5769E-01 4.0653E-01 4.1289E-02   363
 4.0000E-02 3.6490E-01 2.3190E+00 1.7565E+00 5.6260E-01  1.5544E-01 4.0637E-01 4.2097E-02   363
 4.0000E-02 3.6639E-01 2.3333E+00 1.7632E+00 5.7013E-01  1.5319E-01 4.0621E-01 4.2962E-02   363
 4.0000E-02 3.6790E-01 2.3489E+00 1.7705E+00 5.7834E-01  1.5094E-01 4.0605E-01 4.3885E-02   363
 4.0000E-02 3.6942E-01 2.3657E+00 1.7784E+00 5.8726E-01  1.4868E-01 4.0589E-01 4.4874E-02   363
 4.0000E-02 3.7095E-01 2.3839E+00 1.7870E+00 5.9689E-01  1.4642E-01 4.0574E-01 4.5927E-02   363
 4.0000E-02 3.7250E-01 2.4034E+00 1.7962E+00 6.0724E-01  1.4417E-01 4.0558E-01 4.7048E-02   363
 4.0000E-02 3.7406E-01 2.4241E+00 1.8060E+00 6.1819E-01  1.4191E-01 4.0543E-01 4.8230E-02   363
 4.0000E-02 3.7563E-01 2.4461E+00 1.8163E+00 6.2980E-01  1.3965E-01 4.0528E-01 4.9477E-02   363
 4.0000E-02 3.7722E-01 2.4693E+00 1.8272E+00 6.4211E-01  1.3740E-01 4.0513E-01 5.0793E-02   363
 4.0000E-02 3.7881E-01 2.4938E+00 1.8386E+00 6.5522E-01  1.3512E-01 4.0498E-01 5.2190E-02   363
 4.0000E-02 3.8043E-01 2.5199E+00 1.8508E+00 6.6907E-01  1.3285E-01 4.0484E-01 5.3662E-02   363
 4.0000E-02 3.8205E-01 2.5472E+00 1.8636E+00 6.8362E-01  1.3057E-01 4.0469E-01 5.5211E-02   363
 4.0000E-02 3.8369E-01 2.5756E+00 1.8769E+00 6.9873E-01  1.2830E-01 4.0455E-01 5.6826E-02   363
 4.0000E-02 3.8534E-01 2.6054E+00 1.8907E+00 7.1466E-01  1.2601E-01 4.0442E-01 5.8527E-02   363
 4.0000E-02 3.8701E-01 2.6367E+00 1.9053E+00 7.3141E-01  1.2371E-01 4.0428E-01 6.0319E-02   363
 4.0000E-02 3.8870E-01 2.6695E+00 1.9205E+00 7.4900E-01  1.2141E-01 4.0414E-01 6.2205E-02   363
 4.0000E-02 3.9039E-01 2.7039E+00 1.9364E+00 7.6752E-01  1.1918E-01 4.0418E-01 6.4192E-02   323
 4.0000E-02 3.9211E-01 2.7398E+00 1.9530E+00 7.8684E-01  1.1686E-01 4.0405E-01 6.6274E-02   323
 4.0000E-02 3.9383E-01 2.7773E+00 1.9702E+00 8.0708E-01  1.1454E-01 4.0392E-01 6.8461E-02   323
 4.0000E-02 3.9558E-01 2.8164E+00 1.9881E+00 8.2826E-01  1.1221E-01 4.0380E-01 7.0759E-02   323
 4.0000E-02 3.9733E-01 2.8572E+00 2.0068E+00 8.5046E-01  1.0987E-01 4.0367E-01 7.3175E-02   323
 4.0000E-02 3.9911E-01 2.9001E+00 2.0263E+00 8.7381E-01  1.0753E-01 4.0355E-01 7.5722E-02   323
 4.0000E-02 4.0090E-01 2.9446E+00 2.0465E+00 8.9818E-01  1.0517E-01 4.0343E-01 7.8392E-02   323
 4.0000E-02 4.0270E-01 2.9910E+00 2.0674E+00 9.2366E-01  1.0281E-01 4.0332E-01 8.1197E-02   323
 4.0000E-02 4.0452E-01 3.0394E+00 2.0891E+00 9.5032E-01  1.0044E-01 4.0320E-01 8.4144E-02   323
 4.0000E-02 4.0636E-01 3.0897E+00 2.1115E+00 9.7821E-01  9.8066E-02 4.0309E-01 8.7241E-02   323
 4.0000E-02 4.0822E-01 3.1422E+00 2.1348E+00 1.0074E+00  9.5677E-02 4.0298E-01 9.0497E-02   323
 4.0000E-02 4.1009E-01 3.1967E+00 2.1589E+00 1.0378E+00  9.3281E-02 4.0287E-01 9.3911E-02   323
 4.0000E-02 4.1198E-01 3.2534E+00 2.1837E+00 1.0697E+00  9.0879E-02 4.0277E-01 9.7501E-02   323
 4.0000E-02 4.1389E-01 3.3124E+00 2.2094E+00 1.1030E+00  8.8466E-02 4.0267E-01 1.0127E-01   323
 4.0000E-02 4.1581E-01 3.3737E+00 2.2359E+00 1.1378E+00  8.6044E-02 4.0257E-01 1.0524E-01   323
 4.0000E-02 4.1776E-01 3.4375E+00 2.2633E+00 1.1742E+00  8.3616E-02 4.0247E-01 1.0940E-01   323
 4.0000E-02 4.1972E-01 3.5039E+00 2.2916E+00 1.2123E+00  8.1186E-02 4.0238E-01 1.1378E-01   323
 4.0000E-02 4.2170E-01 3.5731E+00 2.3208E+00 1.2523E+00  7.8754E-02 4.0229E-01 1.1840E-01   323
 4.0000E-02 4.2370E-01 3.6451E+00 2.3510E+00 1.2941E+00  7.6322E-02 4.0220E-01 1.2325E-01   323
 4.0000E-02 4.2571E-01 3.7201E+00 2.3822E+00 1.3379E+00  7.3893E-02 4.0212E-01 1.2835E-01   323
 4.0000E-02 4.2775E-01 3.7980E+00 2.4144E+00 1.3836E+00  7.1472E-02 4.0204E-01 1.3370E-01   323
 4.0000E-02 4.2981E-01 3.8790E+00 2.4476E+00 1.4314E+00  6.9062E-02 4.0196E-01 1.3932E-01   323
 4.0000E-02 4.3188E-01 3.9633E+00 2.4819E+00 1.4814E+00  6.6671E-02 4.0189E-01 1.4521E-01   323
 4.0000E-02 4.3398E-01 4.0504E+00 2.5172E+00 1.5333E+00  6.4305E-02 4.0182E-01 1.5136E-01   323
 4.0000E-02 4.3610E-01 4.1404E+00 2.5533E+00 1.5871E+00  6.1965E-02 4.0175E-01 1.5775E-01   323
 4.0000E-02 4.3824E-01 4.2333E+00 2.5904E+00 1.6429E+00  5.9658E-02 4.0169E-01 1.6441E-01   323
 4.0000E-02 4.4039E-01 4.3290E+00 2.6284E+00 1.7006E+00  5.7389E-02 4.0163E-01 1.7133E-01   323
 4.0000E-02 4.4257E-01 4.4274E+00 2.6671E+00 1.7603E+00  5.5162E-02 4.0157E-01 1.7850E-01   323
 4.0000E-02 4.4478E-01 4.5285E+00 2.7065E+00 1.8220E+00  5.2981E-02 4.0152E-01 1.8592E-01   323
 4.0000E-02 4.4700E-01 4.6326E+00 2.7467E+00 1.8859E+00  5.0847E-02 4.0148E-01 1.9364E-01   323
 4.0000E-02 4.4925E-01 4.7397E+00 2.7875E+00 1.9522E+00  4.8760E-02 4.0143E-01 2.0166E-01   323
 4.0000E-02 4.5152E-01 4.8500E+00 2.8289E+00 2.0211E+00  4.6711E-02 4.0139E-01 2.1000E-01   323
 4.0000E-02 4.5381E-01 4.9636E+00 2.8708E+00 2.0929E+00  4.4694E-02 4.0135E-01 2.1871E-01   323
 4.0000E-02 4.5612E-01 5.0811E+00 2.9132E+00 2.1680E+00  4.2715E-02 4.0131E-01 2.2784E-01   323
 4.0000E-02 4.5846E-01 5.2023E+00 2.9559E+00 2.2465E+00  4.0768E-02 4.0128E-01 2.3740E-01   323
 4.0000E-02 4.6082E-01 5.3273E+00 2.9987E+00 2.3286E+00  3.8848E-02 4.0125E-01 2.4741E-01   323
 4.0000E-02 4.6321E-01 5.4560E+00 3.0414E+00 2.4146E+00  3.6951E-02 4.0122E-01 2.5792E-01   323
 4.0000E-02 4.6563E-01 5.5884E+00 3.0837E+00 2.5047E+00  3.5068E-02 4.0119E-01 2.6895E-01   323
 4.0000E-02 4.6806E-01 5.7236E+00 3.1252E+00 2.5985E+00  3.3201E-02 4.0116E-01 2.8047E-01   323
 4.0000E-02 4.7053E-01 5.8610E+00 3.1653E+00 2.6957E+00  3.1351E-02 4.0114E-01 2.9246E-01   323
 4.0000E-02 4.7302E-01 5.9991E+00 3.2034E+00 2.7956E+00  2.9524E-02 4.0112E-01 3.0483E-01   323
 4.0000E-02 4.7553E-01 6.1357E+00 3.2389E+00 2.8968E+00  2.7728E-02 4.0110E-01 3.1741E-01   323
 4.0000E-02 4.7807E-01 6.2689E+00 3.2709E+00 2.9980E+00  2.5972E-02 4.0108E-01 3.3007E-01   323
 4.0000E-02 4.8065E-01 6.3962E+00 3.2984E+00 3.0978E+00  2.4263E-02 4.0107E-01 3.4262E-01   323
 4.0000E-02 4.8324E-01 6.5143E+00 3.3205E+00 3.1938E+00  2.2609E-02 4.0105E-01 3.5480E-01   323
 4.0000E-02 4.8587E-01 6.6196E+00 3.3360E+00 3.2836E+00  2.1023E-02 4.0105E-01 3.6629E-01   323
 4.0000E-02 4.8852E-01 6.7088E+00 3.3440E+00 3.3648E+00  1.9507E-02 4.0104E-01 3.7682E-01   323
 4.0000E-02 4.9121E-01 6.7782E+00 3.3434E+00 3.4348E+00  1.8063E-02 4.0103E-01 3.8607E-01   323
 4.0000E-02 4.9392E-01 6.8242E+00 3.3336E+00 3.4906E+00  1.6694E-02 4.0103E-01 3.9368E-01   323
 4.0000E-02 4.9667E-01 6.8448E+00 3.3144E+00 3.5303E+00  1.5403E-02 4.0103E-01 3.9941E-01   323
 4.0000E-02 4.9944E-01 6.8391E+00 3.2863E+00 3.5529E+00  1.4195E-02 4.0102E-01 4.0311E-01   323
 4.0000E-02 5.0225E-01 6.8063E+00 3.2489E+00 3.5574E+00  1.3046E-02 4.0102E-01 4.0470E-01   323
 4.0000E-02 5.0508E-01 6.7473E+00 3.2032E+00 3.5442E+00  1.1950E-02 4.0101E-01 4.0420E-01   323
 4.0000E-02 5.0795E-01 6.6640E+00 3.1500E+00 3.5140E+00  1.0906E-02 4.0101E-01 4.0169E-01   324
 4.0000E-02 5.1086E-01 6.5595E+00 3.0909E+00 3.4686E+00  9.9110E-03 4.0100E-01 3.9737E-01   324
 4.0000E-02 5.1379E-01 6.4385E+00 3.0274E+00 3.4110E+00  8.9961E-03 4.0120E-01 3.9158E-01   285
 4.0000E-02 5.1676E-01 6.3052E+00 2.9608E+00 3.3445E+00  8.0861E-03 4.0119E-01 3.8469E-01   285
 4.0000E-02 5.1977E-01 6.1644E+00 2.8920E+00 3.2724E+00  7.2129E-03 4.0119E-01 3.7709E-01   285
 4.0000E-02 5.2281E-01 6.0149E+00 2.8177E+00 3.1972E+00  6.3380E-03 4.0119E-01 3.6912E-01   285
 4.0000E-02 5.2588E-01 5.8570E+00 2.7387E+00 3.1183E+00  5.4660E-03 4.0118E-01 3.6071E-01   285
 4.0000E-02 5.2899E-01 5.6943E+00 2.6572E+00 3.0371E+00  4.6107E-03 4.0119E-01 3.5198E-01   285
 4.0000E-02 5.3214E-01 5.5274E+00 2.5729E+00 2.9545E+00  3.7663E-03 4.0119E-01 3.4305E-01   285
 4.0000E-02 5.3533E-01 5.3565E+00 2.4857E+00 2.8708E+00  2.9293E-03 4.0119E-01 3.3394E-01   285
 4.0000E-02 5.3855E-01 5.1813E+00 2.3956E+00 2.7858E+00  2.0973E-03 4.0120E-01 3.2465E-01   285
 4.0000E-02 5.4182E-01 5.0018E+00 2.3025E+00 2.6994E+00  1.2676E-03 4.0120E-01 3.1517E-01   285
 4.0000E-02 5.4512E-01 4.8183E+00 2.2068E+00 2.6115E+00  4.4009E-04 4.0121E-01 3.0546E-01   285
 4.0000E-02 5.4847E-01 4.6309E+00 2.1089E+00 2.5220E+00 -3.8681E-04 4.0121E-01 2.9553E-01   285
 4.0000E-02 5.5185E-01 4.4422E+00 2.0112E+00 2.4311E+00 -1.2021E-03 4.0121E-01 2.8538E-01   285
 4.0000E-02 5.5528E-01 4.2519E+00 1.9126E+00 2.3392E+00 -2.0170E-03 4.0121E-01 2.7508E-01   285
 4.0000E-02 5.5875E-01 4.0602E+00 1.8136E+00 2.2466E+00 -2.8352E-03 4.0121E-01 2.6465E-01   285
 4.0000E-02 5.6226E-01 3.8677E+00 1.7146E+00 2.1531E+00 -3.6622E-03 4.0120E-01 2.5408E-01   285
 4.0000E-02 5.6582E-01 3.6750E+00 1.6165E+00 2.0585E+00 -4.5018E-03 4.0120E-01 2.4335E-01   285
 4.0000E-02 5.6943E-01 3.4836E+00 1.5207E+00 1.9629E+00 -5.3560E-03 4.0119E-01 2.3246E-01   285
 4.0000E-02 5.7308E-01 3.2960E+00 1.4292E+00 1.8668E+00 -6.2226E-03 4.0119E-01 2.2147E-01   285
 4.0000E-02 5.7677E-01 3.1149E+00 1.3436E+00 1.7713E+00 -7.1000E-03 4.0118E-01 2.1052E-01   285
 4.0000E-02 5.8052E-01 2.9429E+00 1.2648E+00 1.6781E+00 -7.9846E-03 4.0117E-01 1.9980E-01   285
 4.0000E-02 5.8431E-01 2.7807E+00 1.1925E+00 1.5882E+00 -8.8794E-03 4.0116E-01 1.8944E-01   285
 4.0000E-02 5.8816E-01 2.6285E+00 1.1258E+00 1.5027E+00 -9.7826E-03 4.0116E-01 1.7958E-01   285
 4.0000E-02 5.9205E-01 2.4860E+00 1.0641E+00 1.4219E+00 -1.0691E-02 4.0115E-01 1.7024E-01   285
 4.0000E-02 5.9600E-01 2.3521E+00 1.0067E+00 1.3454E+00 -1.1604E-02 4.0115E-01 1.6139E-01   285
 4.0000E-02 6.0000E-01 2.2265E+00 9.5352E-01 1.2730E+00 -1.2522E-02 4.0115E-01 1.5300E-01   285
