 DDSCAT --- DDSCAT 7.3.3 [22.01.20]   
 TARGET --->TARGSPHER  spherical target with explicit spacing                 
 GPFAFT --- method of solution 
 FLTRCD --- prescription for polarizabilities
 FROM_FILE --- shape 
    4169 = NAT0 = number of dipoles
 ../../diel/Pena-Rioux_dielectric_26Au_74Ag                  
 ../../diel/Pena-Rioux_dielectric_65Au_35Ag                  
 ../../diel/Pena-Rioux_dielectric_76Au_24Ag                  
 ../../diel/Pena-Rioux_dielectric_85Au_15Ag                  
   0.000   0.000 = beta_min, beta_max ;  NBETA = 1
   0.000   0.000 = theta_min, theta_max; NTHETA= 1
   0.000   0.000 = phi_min, phi_max   ;   NPHI = 1
 Results averaged over    1 target orientations
                   and  2 incident polarizations
   aeff       wave       Q_pha       Q_pol       Q_cpol
 4.0000E-02 3.0000E-01 -2.4841E-02 -2.3842E-07  7.8231E-08
 4.0000E-02 3.0101E-01 -2.3623E-02  3.3379E-06 -3.5390E-08
 4.0000E-02 3.0203E-01 -2.2563E-02 -1.0014E-05  5.9605E-08
 4.0000E-02 3.0305E-01 -2.1666E-02 -9.0599E-06 -4.4703E-08
 4.0000E-02 3.0408E-01 -2.0938E-02  4.2915E-06 -3.3528E-08
 4.0000E-02 3.0512E-01 -2.0384E-02  0.0000E+00 -4.0978E-08
 4.0000E-02 3.0616E-01 -2.0010E-02 -3.8147E-06 -2.2352E-08
 4.0000E-02 3.0722E-01 -1.9821E-02  7.3910E-06 -1.1176E-08
 4.0000E-02 3.0828E-01 -1.9793E-02  2.8610E-06  1.8626E-08
 4.0000E-02 3.0934E-01 -1.9819E-02 -2.6226E-06 -5.7742E-08
 4.0000E-02 3.1042E-01 -1.9991E-02  6.1989E-06  2.2352E-08
 4.0000E-02 3.1150E-01 -2.0310E-02 -1.6689E-06 -1.4901E-08
 4.0000E-02 3.1259E-01 -2.0780E-02  2.3842E-07 -8.9407E-08
 4.0000E-02 3.1368E-01 -2.1409E-02  3.5763E-06  3.5390E-08
 4.0000E-02 3.1479E-01 -2.2200E-02 -4.5300E-06  2.9802E-08
 4.0000E-02 3.1590E-01 -2.3159E-02 -6.1989E-06  4.6566E-08
 4.0000E-02 3.1702E-01 -2.4291E-02 -3.8147E-06  4.2841E-08
 4.0000E-02 3.1815E-01 -2.5219E-02  1.9073E-06  7.2643E-08
 4.0000E-02 3.1929E-01 -2.6349E-02  4.7684E-06 -8.3819E-08
 4.0000E-02 3.2043E-01 -2.7760E-02  2.3842E-07  5.7742E-08
 4.0000E-02 3.2158E-01 -2.9462E-02 -9.5367E-07 -7.4506E-09
 4.0000E-02 3.2274E-01 -3.1464E-02 -2.3842E-07  3.7253E-08
 4.0000E-02 3.2391E-01 -3.3775E-02  1.6689E-06  1.8626E-08
 4.0000E-02 3.2509E-01 -3.6406E-02  2.3842E-07 -1.4901E-08
 4.0000E-02 3.2628E-01 -3.9366E-02 -4.0531E-06  8.9407E-08
 4.0000E-02 3.2747E-01 -4.3226E-02  3.0994E-06  2.2352E-08
 4.0000E-02 3.2868E-01 -4.7587E-02 -5.2452E-06 -3.3528E-08
 4.0000E-02 3.2989E-01 -5.2440E-02 -9.5367E-07  2.2352E-08
 4.0000E-02 3.3111E-01 -5.7800E-02 -4.5300E-06  0.0000E+00
 4.0000E-02 3.3234E-01 -6.3685E-02 -3.8147E-06 -9.6858E-08
 4.0000E-02 3.3358E-01 -7.0111E-02 -4.5300E-06  8.1956E-08
 4.0000E-02 3.3483E-01 -7.7093E-02  6.6757E-06 -2.1607E-07
 4.0000E-02 3.3609E-01 -8.4863E-02  1.1921E-06 -2.2352E-08
 4.0000E-02 3.3736E-01 -9.3331E-02 -4.7684E-06 -2.9802E-07
 4.0000E-02 3.3864E-01 -1.0225E-01 -4.0531E-06 -7.4506E-08
 4.0000E-02 3.3992E-01 -1.1162E-01 -9.5367E-07  1.8626E-07
 4.0000E-02 3.4122E-01 -1.2147E-01  5.4836E-06 -1.8626E-07
 4.0000E-02 3.4253E-01 -1.3180E-01 -2.3842E-07  7.4506E-08
 4.0000E-02 3.4385E-01 -1.4264E-01  2.3842E-06 -1.3411E-07
 4.0000E-02 3.4517E-01 -1.5389E-01  5.0068E-06  2.9802E-07
 4.0000E-02 3.4651E-01 -1.6531E-01  4.7684E-06  2.0862E-07
 4.0000E-02 3.4786E-01 -1.7698E-01  4.5300E-06 -1.3411E-07
 4.0000E-02 3.4922E-01 -1.8891E-01 -2.1458E-06 -1.6391E-07
 4.0000E-02 3.5059E-01 -2.0110E-01  9.5367E-07  4.4703E-08
 4.0000E-02 3.5197E-01 -2.1356E-01  2.3842E-07 -1.1921E-07
 4.0000E-02 3.5336E-01 -2.2630E-01  2.6226E-06 -1.1921E-07
 4.0000E-02 3.5476E-01 -2.3910E-01  4.0531E-06 -8.9407E-08
 4.0000E-02 3.5618E-01 -2.5194E-01  7.1526E-07  5.9605E-08
 4.0000E-02 3.5760E-01 -2.6488E-01  1.4305E-06 -4.1723E-07
 4.0000E-02 3.5904E-01 -2.7791E-01  1.9073E-06  8.9407E-08
 4.0000E-02 3.6048E-01 -2.9104E-01  1.1921E-06 -4.1723E-07
 4.0000E-02 3.6194E-01 -3.0426E-01 -4.7684E-07 -1.4901E-07
 4.0000E-02 3.6341E-01 -3.1753E-01  7.1526E-07 -4.1723E-07
 4.0000E-02 3.6490E-01 -3.3070E-01 -2.3842E-06 -9.5367E-07
 4.0000E-02 3.6639E-01 -3.4388E-01  5.0068E-06 -4.4703E-07
 4.0000E-02 3.6790E-01 -3.5707E-01 -4.0531E-06 -1.4901E-07
 4.0000E-02 3.6942E-01 -3.7025E-01  2.8610E-06  1.1921E-07
 4.0000E-02 3.7095E-01 -3.8342E-01  2.3842E-06  8.9407E-08
 4.0000E-02 3.7250E-01 -3.9655E-01 -5.0068E-06 -2.6822E-07
 4.0000E-02 3.7406E-01 -4.0958E-01 -3.3379E-06  5.9605E-08
 4.0000E-02 3.7563E-01 -4.2260E-01  3.0994E-06  6.2585E-07
 4.0000E-02 3.7722E-01 -4.3557E-01  1.6689E-06  3.2783E-07
 4.0000E-02 3.7881E-01 -4.4849E-01  5.7220E-06  0.0000E+00
 4.0000E-02 3.8043E-01 -4.6136E-01 -1.9073E-06  5.9605E-07
 4.0000E-02 3.8205E-01 -4.7413E-01  8.3447E-06 -1.2815E-06
 4.0000E-02 3.8369E-01 -4.8683E-01 -3.8147E-06  1.5199E-06
 4.0000E-02 3.8534E-01 -4.9951E-01  2.1458E-06  1.4305E-06
 4.0000E-02 3.8701E-01 -5.1215E-01 -7.1526E-06  3.5763E-07
 4.0000E-02 3.8870E-01 -5.2472E-01 -1.9073E-06 -8.9407E-07
 4.0000E-02 3.9039E-01 -5.3720E-01  4.7684E-06  4.4107E-06
 4.0000E-02 3.9211E-01 -5.4962E-01  2.2888E-05  1.7881E-06
 4.0000E-02 3.9383E-01 -5.6203E-01 -4.5300E-06  5.3644E-07
 4.0000E-02 3.9558E-01 -5.7440E-01 -8.8215E-06 -7.2122E-06
 4.0000E-02 3.9733E-01 -5.8673E-01 -4.2915E-06  6.5565E-07
 4.0000E-02 3.9911E-01 -5.9894E-01  4.5300E-06  1.5497E-06
 4.0000E-02 4.0090E-01 -6.1107E-01  5.0068E-06 -3.0398E-06
 4.0000E-02 4.0270E-01 -6.2317E-01 -1.0252E-05 -4.7684E-07
 4.0000E-02 4.0452E-01 -6.3517E-01  5.7220E-06  7.7486E-07
 4.0000E-02 4.0636E-01 -6.4700E-01  3.5763E-06  9.5367E-07
 4.0000E-02 4.0822E-01 -6.5857E-01  4.5300E-06 -7.7486E-07
 4.0000E-02 4.1009E-01 -6.6996E-01  4.5300E-06 -1.1146E-05
 4.0000E-02 4.1198E-01 -6.8104E-01 -4.0531E-06  1.3709E-06
 4.0000E-02 4.1389E-01 -6.9163E-01  9.5367E-07 -1.7881E-07
 4.0000E-02 4.1581E-01 -7.0160E-01 -1.2875E-05 -1.0490E-05
 4.0000E-02 4.1776E-01 -7.1079E-01 -1.5259E-05 -1.3709E-06
 4.0000E-02 4.1972E-01 -7.1926E-01 -5.7220E-06 -9.2983E-06
 4.0000E-02 4.2170E-01 -7.2662E-01 -1.5974E-05 -4.8876E-06
 4.0000E-02 4.2370E-01 -7.3274E-01  6.6757E-06 -2.9802E-07
 4.0000E-02 4.2571E-01 -7.3754E-01  1.6689E-05  0.0000E+00
 4.0000E-02 4.2775E-01 -7.4098E-01 -7.1526E-07 -4.1723E-07
 4.0000E-02 4.2981E-01 -7.4291E-01 -7.1526E-06 -5.4836E-06
 4.0000E-02 4.3188E-01 -7.4326E-01 -9.5367E-07 -2.7418E-06
 4.0000E-02 4.3398E-01 -7.4199E-01  1.4305E-06  5.3644E-07
 4.0000E-02 4.3610E-01 -7.3908E-01  4.7684E-06  8.9407E-07
 4.0000E-02 4.3824E-01 -7.3420E-01 -5.7220E-06  8.9407E-07
 4.0000E-02 4.4039E-01 -7.2730E-01 -1.1921E-05 -5.3644E-07
 4.0000E-02 4.4257E-01 -7.1822E-01  1.1921E-05  1.7881E-06
 4.0000E-02 4.4478E-01 -7.0674E-01  2.8610E-06  5.3644E-07
 4.0000E-02 4.4700E-01 -6.9248E-01  0.0000E+00 -1.0133E-06
 4.0000E-02 4.4925E-01 -6.7510E-01  1.8120E-05  5.3644E-07
 4.0000E-02 4.5152E-01 -6.5420E-01  4.7684E-07  5.9605E-08
 4.0000E-02 4.5381E-01 -6.2925E-01  1.9073E-06 -1.1921E-06
 4.0000E-02 4.5612E-01 -5.9956E-01  5.2452E-06  1.2517E-06
 4.0000E-02 4.5846E-01 -5.6453E-01 -6.1989E-06  8.9407E-07
 4.0000E-02 4.6082E-01 -5.2344E-01 -9.0599E-06  2.5034E-06
 4.0000E-02 4.6321E-01 -4.7552E-01  1.9073E-06  1.7583E-06
 4.0000E-02 4.6563E-01 -4.2009E-01 -7.1526E-06 -1.1921E-06
 4.0000E-02 4.6806E-01 -3.5672E-01 -7.1526E-06  2.6822E-07
 4.0000E-02 4.7053E-01 -2.8495E-01  9.5367E-07  1.6391E-06
 4.0000E-02 4.7302E-01 -2.0447E-01 -1.0967E-05  1.4901E-07
 4.0000E-02 4.7553E-01 -1.1541E-01 -4.2915E-06 -2.2426E-06
 4.0000E-02 4.7807E-01 -1.7945E-02  3.3379E-06 -1.4728E-05
 4.0000E-02 4.8065E-01  8.7701E-02  4.3869E-05 -5.2601E-06
 4.0000E-02 4.8324E-01  2.0104E-01 -1.6689E-05 -9.7603E-06
 4.0000E-02 4.8587E-01  3.2137E-01 -1.4782E-05  4.0829E-06
 4.0000E-02 4.8852E-01  4.4808E-01  3.8147E-06  8.0466E-06
 4.0000E-02 4.9121E-01  5.8037E-01  1.1921E-05  6.9737E-06
 4.0000E-02 4.9392E-01  7.1726E-01  1.5259E-05 -1.0192E-05
 4.0000E-02 4.9667E-01  8.5788E-01  3.3379E-06  2.0564E-05
 4.0000E-02 4.9944E-01  1.0013E+00 -2.8133E-05 -6.1989E-06
 4.0000E-02 5.0225E-01  1.1463E+00 -1.4782E-05 -5.1260E-06
 4.0000E-02 5.0508E-01  1.2917E+00  2.9564E-05 -1.9073E-05
 4.0000E-02 5.0795E-01  1.4359E+00 -1.0490E-05 -2.7418E-06
 4.0000E-02 5.1086E-01  1.5768E+00 -9.5367E-06  5.3644E-06
 4.0000E-02 5.1379E-01  1.7117E+00  1.0967E-05 -3.3379E-06
 4.0000E-02 5.1676E-01  1.8379E+00  2.0504E-05 -5.7220E-06
 4.0000E-02 5.1977E-01  1.9525E+00 -9.0599E-06 -3.0994E-06
 4.0000E-02 5.2281E-01  2.0529E+00 -2.8133E-05  7.8678E-06
 4.0000E-02 5.2588E-01  2.1375E+00 -2.3842E-06  6.1989E-06
 4.0000E-02 5.2899E-01  2.2054E+00 -2.3842E-06  8.1062E-06
 4.0000E-02 5.3214E-01  2.2570E+00 -5.7220E-06 -9.0599E-06
 4.0000E-02 5.3533E-01  2.2934E+00 -1.4305E-06 -2.1458E-06
 4.0000E-02 5.3855E-01  2.3165E+00  1.3351E-05 -1.6928E-05
 4.0000E-02 5.4182E-01  2.3287E+00  1.2875E-05  1.1921E-06
 4.0000E-02 5.4512E-01  2.3320E+00  0.0000E+00 -6.1989E-06
 4.0000E-02 5.4847E-01  2.3286E+00 -2.0027E-05  1.3590E-05
 4.0000E-02 5.5185E-01  2.3197E+00 -2.1935E-05 -4.7684E-07
 4.0000E-02 5.5528E-01  2.3061E+00  4.3392E-05 -1.7881E-05
 4.0000E-02 5.5875E-01  2.2885E+00  6.9618E-05  1.7166E-05
 4.0000E-02 5.6226E-01  2.2671E+00  1.9789E-05  1.0014E-05
 4.0000E-02 5.6582E-01  2.2420E+00 -1.3828E-05  3.0518E-05
 4.0000E-02 5.6943E-01  2.2136E+00 -4.3392E-05  5.4836E-06
 4.0000E-02 5.7308E-01  2.1823E+00 -4.2915E-06 -3.6955E-05
 4.0000E-02 5.7677E-01  2.1489E+00 -5.3883E-05  1.1444E-05
 4.0000E-02 5.8052E-01  2.1142E+00  7.1526E-06 -7.1526E-06
 4.0000E-02 5.8431E-01  2.0790E+00 -3.6240E-05  1.0490E-05
 4.0000E-02 5.8816E-01  2.0439E+00 -5.4121E-05 -2.3603E-05
 4.0000E-02 5.9205E-01  2.0093E+00 -6.6757E-06  2.4319E-05
 4.0000E-02 5.9600E-01  1.9762E+00 -1.0967E-05 -1.0133E-05
 4.0000E-02 6.0000E-01  1.9463E+00 -4.9829E-05  3.7313E-05
