 DDSCAT --- DDSCAT 7.3.3 [22.01.20]   
 TARGET --->TARGSPHER  spherical target with explicit spacing                 
 GPFAFT --- method of solution 
 FLTRCD --- prescription for polarizabilities
 FROM_FILE --- shape 
    4169 = NAT0 = number of dipoles
 ../../diel/Pena-Rioux_dielectric_26Au_74Ag                  
 ../../diel/Pena-Rioux_dielectric_65Au_35Ag                  
 ../../diel/Pena-Rioux_dielectric_76Au_24Ag                  
 ../../diel/Pena-Rioux_dielectric_85Au_15Ag                  
   0.000   0.000 = beta_min, beta_max ;  NBETA = 1
   0.000   0.000 = theta_min, theta_max; NTHETA= 1
   0.000   0.000 = phi_min, phi_max   ;   NPHI = 1
 0.5000 = ETASCA (param. controlling # of scatt. dirs used to calculate <cos> etc.
 Results averaged over    1 target orientations
                   and  2 incident polarizations
   aeff       wave       Q_ext     Q_abs      Q_sca     g(1)=<cos>  <cos^2>    Q_bk       Nsca
 4.0000E-02 3.0000E-01 2.5548E+00 1.7740E+00 7.8075E-01  2.4686E-01 4.1415E-01 4.1130E-02   408
 4.0000E-02 3.0101E-01 2.5472E+00 1.7734E+00 7.7383E-01  2.4512E-01 4.1396E-01 4.1114E-02   408
 4.0000E-02 3.0203E-01 2.5395E+00 1.7726E+00 7.6686E-01  2.4338E-01 4.1378E-01 4.1088E-02   408
 4.0000E-02 3.0305E-01 2.5317E+00 1.7719E+00 7.5986E-01  2.4165E-01 4.1361E-01 4.1052E-02   408
 4.0000E-02 3.0408E-01 2.5238E+00 1.7710E+00 7.5281E-01  2.3993E-01 4.1343E-01 4.1005E-02   408
 4.0000E-02 3.0512E-01 2.5159E+00 1.7701E+00 7.4573E-01  2.3822E-01 4.1326E-01 4.0950E-02   408
 4.0000E-02 3.0616E-01 2.5078E+00 1.7692E+00 7.3861E-01  2.3651E-01 4.1310E-01 4.0884E-02   408
 4.0000E-02 3.0722E-01 2.4996E+00 1.7682E+00 7.3146E-01  2.3482E-01 4.1293E-01 4.0809E-02   408
 4.0000E-02 3.0828E-01 2.4915E+00 1.7672E+00 7.2437E-01  2.3313E-01 4.1277E-01 4.0731E-02   408
 4.0000E-02 3.0934E-01 2.4839E+00 1.7663E+00 7.1761E-01  2.3142E-01 4.1260E-01 4.0667E-02   408
 4.0000E-02 3.1042E-01 2.4761E+00 1.7653E+00 7.1082E-01  2.2971E-01 4.1244E-01 4.0594E-02   408
 4.0000E-02 3.1150E-01 2.4683E+00 1.7643E+00 7.0399E-01  2.2801E-01 4.1228E-01 4.0513E-02   408
 4.0000E-02 3.1259E-01 2.4603E+00 1.7632E+00 6.9714E-01  2.2631E-01 4.1212E-01 4.0424E-02   408
 4.0000E-02 3.1368E-01 2.4523E+00 1.7620E+00 6.9025E-01  2.2462E-01 4.1196E-01 4.0326E-02   408
 4.0000E-02 3.1479E-01 2.4441E+00 1.7608E+00 6.8332E-01  2.2303E-01 4.1196E-01 4.0219E-02   362
 4.0000E-02 3.1590E-01 2.4358E+00 1.7594E+00 6.7636E-01  2.2134E-01 4.1180E-01 4.0104E-02   362
 4.0000E-02 3.1702E-01 2.4274E+00 1.7580E+00 6.6938E-01  2.1966E-01 4.1165E-01 3.9980E-02   363
 4.0000E-02 3.1815E-01 2.4184E+00 1.7563E+00 6.6208E-01  2.1799E-01 4.1151E-01 3.9829E-02   363
 4.0000E-02 3.1929E-01 2.4090E+00 1.7544E+00 6.5465E-01  2.1634E-01 4.1136E-01 3.9662E-02   363
 4.0000E-02 3.2043E-01 2.3995E+00 1.7524E+00 6.4715E-01  2.1469E-01 4.1122E-01 3.9484E-02   363
 4.0000E-02 3.2158E-01 2.3898E+00 1.7502E+00 6.3959E-01  2.1304E-01 4.1108E-01 3.9295E-02   363
 4.0000E-02 3.2274E-01 2.3799E+00 1.7479E+00 6.3196E-01  2.1140E-01 4.1094E-01 3.9094E-02   363
 4.0000E-02 3.2391E-01 2.3697E+00 1.7454E+00 6.2430E-01  2.0976E-01 4.1080E-01 3.8882E-02   363
 4.0000E-02 3.2509E-01 2.3594E+00 1.7428E+00 6.1656E-01  2.0812E-01 4.1067E-01 3.8660E-02   363
 4.0000E-02 3.2628E-01 2.3488E+00 1.7400E+00 6.0877E-01  2.0649E-01 4.1054E-01 3.8427E-02   363
 4.0000E-02 3.2747E-01 2.3371E+00 1.7366E+00 6.0046E-01  2.0489E-01 4.1041E-01 3.8147E-02   363
 4.0000E-02 3.2868E-01 2.3254E+00 1.7332E+00 5.9230E-01  2.0328E-01 4.1028E-01 3.7871E-02   363
 4.0000E-02 3.2989E-01 2.3140E+00 1.7297E+00 5.8432E-01  2.0166E-01 4.1016E-01 3.7602E-02   363
 4.0000E-02 3.3111E-01 2.3027E+00 1.7261E+00 5.7656E-01  2.0002E-01 4.1003E-01 3.7340E-02   363
 4.0000E-02 3.3234E-01 2.2916E+00 1.7226E+00 5.6902E-01  1.9836E-01 4.0990E-01 3.7088E-02   363
 4.0000E-02 3.3358E-01 2.2807E+00 1.7190E+00 5.6170E-01  1.9668E-01 4.0977E-01 3.6845E-02   363
 4.0000E-02 3.3483E-01 2.2700E+00 1.7154E+00 5.5462E-01  1.9499E-01 4.0965E-01 3.6613E-02   363
 4.0000E-02 3.3609E-01 2.2601E+00 1.7119E+00 5.4812E-01  1.9324E-01 4.0951E-01 3.6418E-02   363
 4.0000E-02 3.3736E-01 2.2514E+00 1.7090E+00 5.4241E-01  1.9144E-01 4.0938E-01 3.6275E-02   363
 4.0000E-02 3.3864E-01 2.2435E+00 1.7062E+00 5.3723E-01  1.8960E-01 4.0924E-01 3.6166E-02   363
 4.0000E-02 3.3992E-01 2.2364E+00 1.7038E+00 5.3262E-01  1.8773E-01 4.0910E-01 3.6094E-02   363
 4.0000E-02 3.4122E-01 2.2302E+00 1.7016E+00 5.2857E-01  1.8582E-01 4.0896E-01 3.6060E-02   363
 4.0000E-02 3.4253E-01 2.2248E+00 1.6997E+00 5.2512E-01  1.8387E-01 4.0881E-01 3.6066E-02   363
 4.0000E-02 3.4385E-01 2.2204E+00 1.6982E+00 5.2228E-01  1.8190E-01 4.0866E-01 3.6114E-02   363
 4.0000E-02 3.4517E-01 2.2173E+00 1.6971E+00 5.2021E-01  1.7988E-01 4.0851E-01 3.6216E-02   363
 4.0000E-02 3.4651E-01 2.2156E+00 1.6967E+00 5.1896E-01  1.7783E-01 4.0836E-01 3.6377E-02   363
 4.0000E-02 3.4786E-01 2.2150E+00 1.6967E+00 5.1836E-01  1.7576E-01 4.0821E-01 3.6584E-02   363
 4.0000E-02 3.4922E-01 2.2156E+00 1.6971E+00 5.1843E-01  1.7367E-01 4.0805E-01 3.6840E-02   363
 4.0000E-02 3.5059E-01 2.2173E+00 1.6981E+00 5.1918E-01  1.7156E-01 4.0790E-01 3.7147E-02   363
 4.0000E-02 3.5197E-01 2.2202E+00 1.6996E+00 5.2064E-01  1.6943E-01 4.0774E-01 3.7507E-02   363
 4.0000E-02 3.5336E-01 2.2244E+00 1.7016E+00 5.2284E-01  1.6729E-01 4.0759E-01 3.7923E-02   363
 4.0000E-02 3.5476E-01 2.2300E+00 1.7042E+00 5.2576E-01  1.6515E-01 4.0743E-01 3.8394E-02   363
 4.0000E-02 3.5618E-01 2.2368E+00 1.7074E+00 5.2934E-01  1.6300E-01 4.0727E-01 3.8917E-02   363
 4.0000E-02 3.5760E-01 2.2447E+00 1.7112E+00 5.3355E-01  1.6085E-01 4.0712E-01 3.9491E-02   363
 4.0000E-02 3.5904E-01 2.2538E+00 1.7154E+00 5.3841E-01  1.5869E-01 4.0696E-01 4.0118E-02   363
 4.0000E-02 3.6048E-01 2.2642E+00 1.7202E+00 5.4397E-01  1.5654E-01 4.0681E-01 4.0802E-02   363
 4.0000E-02 3.6194E-01 2.2759E+00 1.7257E+00 5.5024E-01  1.5438E-01 4.0665E-01 4.1546E-02   363
 4.0000E-02 3.6341E-01 2.2890E+00 1.7318E+00 5.5722E-01  1.5223E-01 4.0650E-01 4.2351E-02   363
 4.0000E-02 3.6490E-01 2.3031E+00 1.7384E+00 5.6479E-01  1.5008E-01 4.0635E-01 4.3208E-02   363
 4.0000E-02 3.6639E-01 2.3184E+00 1.7455E+00 5.7296E-01  1.4793E-01 4.0620E-01 4.4119E-02   363
 4.0000E-02 3.6790E-01 2.3349E+00 1.7532E+00 5.8176E-01  1.4579E-01 4.0605E-01 4.5087E-02   363
 4.0000E-02 3.6942E-01 2.3526E+00 1.7614E+00 5.9122E-01  1.4365E-01 4.0590E-01 4.6117E-02   363
 4.0000E-02 3.7095E-01 2.3717E+00 1.7703E+00 6.0141E-01  1.4151E-01 4.0575E-01 4.7213E-02   363
 4.0000E-02 3.7250E-01 2.3920E+00 1.7798E+00 6.1227E-01  1.3937E-01 4.0561E-01 4.8375E-02   363
 4.0000E-02 3.7406E-01 2.4134E+00 1.7897E+00 6.2370E-01  1.3723E-01 4.0546E-01 4.9594E-02   363
 4.0000E-02 3.7563E-01 2.4360E+00 1.8002E+00 6.3582E-01  1.3508E-01 4.0532E-01 5.0881E-02   363
 4.0000E-02 3.7722E-01 2.4598E+00 1.8113E+00 6.4856E-01  1.3294E-01 4.0518E-01 5.2232E-02   363
 4.0000E-02 3.7881E-01 2.4849E+00 1.8229E+00 6.6201E-01  1.3080E-01 4.0504E-01 5.3655E-02   363
 4.0000E-02 3.8043E-01 2.5114E+00 1.8352E+00 6.7622E-01  1.2866E-01 4.0490E-01 5.5156E-02   363
 4.0000E-02 3.8205E-01 2.5392E+00 1.8480E+00 6.9116E-01  1.2651E-01 4.0476E-01 5.6734E-02   363
 4.0000E-02 3.8369E-01 2.5681E+00 1.8614E+00 7.0672E-01  1.2436E-01 4.0463E-01 5.8382E-02   363
 4.0000E-02 3.8534E-01 2.5983E+00 1.8753E+00 7.2308E-01  1.2221E-01 4.0449E-01 6.0116E-02   363
 4.0000E-02 3.8701E-01 2.6300E+00 1.8898E+00 7.4023E-01  1.2004E-01 4.0436E-01 6.1937E-02   363
 4.0000E-02 3.8870E-01 2.6631E+00 1.9048E+00 7.5825E-01  1.1787E-01 4.0423E-01 6.3854E-02   363
 4.0000E-02 3.9039E-01 2.6978E+00 1.9206E+00 7.7717E-01  1.1577E-01 4.0427E-01 6.5872E-02   323
 4.0000E-02 3.9211E-01 2.7338E+00 1.9369E+00 7.9693E-01  1.1358E-01 4.0414E-01 6.7987E-02   323
 4.0000E-02 3.9383E-01 2.7714E+00 1.9538E+00 8.1766E-01  1.1138E-01 4.0402E-01 7.0211E-02   323
 4.0000E-02 3.9558E-01 2.8107E+00 1.9713E+00 8.3944E-01  1.0917E-01 4.0389E-01 7.2555E-02   323
 4.0000E-02 3.9733E-01 2.8518E+00 1.9895E+00 8.6237E-01  1.0694E-01 4.0377E-01 7.5028E-02   323
 4.0000E-02 3.9911E-01 2.8949E+00 2.0084E+00 8.8648E-01  1.0470E-01 4.0365E-01 7.7637E-02   323
 4.0000E-02 4.0090E-01 2.9397E+00 2.0280E+00 9.1176E-01  1.0246E-01 4.0353E-01 8.0384E-02   323
 4.0000E-02 4.0270E-01 2.9868E+00 2.0483E+00 9.3843E-01  1.0020E-01 4.0342E-01 8.3288E-02   323
 4.0000E-02 4.0452E-01 3.0361E+00 2.0695E+00 9.6659E-01  9.7932E-02 4.0330E-01 8.6364E-02   323
 4.0000E-02 4.0636E-01 3.0879E+00 2.0916E+00 9.9636E-01  9.5653E-02 4.0319E-01 8.9624E-02   323
 4.0000E-02 4.0822E-01 3.1424E+00 2.1146E+00 1.0278E+00  9.3362E-02 4.0308E-01 9.3078E-02   323
 4.0000E-02 4.1009E-01 3.1994E+00 2.1385E+00 1.0610E+00  9.1060E-02 4.0297E-01 9.6738E-02   323
 4.0000E-02 4.1198E-01 3.2596E+00 2.1634E+00 1.0962E+00  8.8746E-02 4.0286E-01 1.0063E-01   323
 4.0000E-02 4.1389E-01 3.3230E+00 2.1895E+00 1.1335E+00  8.6417E-02 4.0276E-01 1.0477E-01   323
 4.0000E-02 4.1581E-01 3.3897E+00 2.2168E+00 1.1730E+00  8.4074E-02 4.0265E-01 1.0917E-01   323
 4.0000E-02 4.1776E-01 3.4598E+00 2.2452E+00 1.2146E+00  8.1717E-02 4.0255E-01 1.1384E-01   323
 4.0000E-02 4.1972E-01 3.5335E+00 2.2748E+00 1.2587E+00  7.9343E-02 4.0246E-01 1.1880E-01   323
 4.0000E-02 4.2170E-01 3.6107E+00 2.3056E+00 1.3052E+00  7.6959E-02 4.0236E-01 1.2406E-01   323
 4.0000E-02 4.2370E-01 3.6914E+00 2.3376E+00 1.3539E+00  7.4567E-02 4.0227E-01 1.2960E-01   323
 4.0000E-02 4.2571E-01 3.7754E+00 2.3706E+00 1.4048E+00  7.2171E-02 4.0219E-01 1.3544E-01   323
 4.0000E-02 4.2775E-01 3.8628E+00 2.4047E+00 1.4580E+00  6.9773E-02 4.0210E-01 1.4158E-01   323
 4.0000E-02 4.2981E-01 3.9536E+00 2.4399E+00 1.5137E+00  6.7379E-02 4.0202E-01 1.4804E-01   323
 4.0000E-02 4.3188E-01 4.0477E+00 2.4759E+00 1.5718E+00  6.4995E-02 4.0195E-01 1.5481E-01   323
 4.0000E-02 4.3398E-01 4.1451E+00 2.5128E+00 1.6323E+00  6.2627E-02 4.0188E-01 1.6191E-01   323
 4.0000E-02 4.3610E-01 4.2460E+00 2.5506E+00 1.6954E+00  6.0279E-02 4.0181E-01 1.6935E-01   323
 4.0000E-02 4.3824E-01 4.3508E+00 2.5893E+00 1.7615E+00  5.7952E-02 4.0175E-01 1.7718E-01   323
 4.0000E-02 4.4039E-01 4.4593E+00 2.6288E+00 1.8305E+00  5.5652E-02 4.0169E-01 1.8538E-01   323
 4.0000E-02 4.4257E-01 4.5719E+00 2.6691E+00 1.9028E+00  5.3376E-02 4.0163E-01 1.9400E-01   323
 4.0000E-02 4.4478E-01 4.6888E+00 2.7101E+00 1.9787E+00  5.1122E-02 4.0158E-01 2.0309E-01   323
 4.0000E-02 4.4700E-01 4.8103E+00 2.7519E+00 2.0584E+00  4.8887E-02 4.0153E-01 2.1267E-01   323
 4.0000E-02 4.4925E-01 4.9364E+00 2.7942E+00 2.1422E+00  4.6669E-02 4.0149E-01 2.2277E-01   323
 4.0000E-02 4.5152E-01 5.0672E+00 2.8370E+00 2.2303E+00  4.4463E-02 4.0144E-01 2.3344E-01   323
 4.0000E-02 4.5381E-01 5.2031E+00 2.8801E+00 2.3230E+00  4.2270E-02 4.0141E-01 2.4471E-01   323
 4.0000E-02 4.5612E-01 5.3437E+00 2.9234E+00 2.4204E+00  4.0091E-02 4.0137E-01 2.5659E-01   323
 4.0000E-02 4.5846E-01 5.4885E+00 2.9666E+00 2.5220E+00  3.7937E-02 4.0134E-01 2.6904E-01   323
 4.0000E-02 4.6082E-01 5.6370E+00 3.0094E+00 2.6276E+00  3.5817E-02 4.0131E-01 2.8203E-01   323
 4.0000E-02 4.6321E-01 5.7880E+00 3.0515E+00 2.7366E+00  3.3743E-02 4.0129E-01 2.9549E-01   323
 4.0000E-02 4.6563E-01 5.9402E+00 3.0924E+00 2.8478E+00  3.1734E-02 4.0127E-01 3.0926E-01   323
 4.0000E-02 4.6806E-01 6.0916E+00 3.1316E+00 2.9600E+00  2.9804E-02 4.0125E-01 3.2319E-01   323
 4.0000E-02 4.7053E-01 6.2403E+00 3.1684E+00 3.0719E+00  2.7965E-02 4.0124E-01 3.3712E-01   323
 4.0000E-02 4.7302E-01 6.3842E+00 3.2023E+00 3.1819E+00  2.6227E-02 4.0123E-01 3.5085E-01   323
 4.0000E-02 4.7553E-01 6.5206E+00 3.2324E+00 3.2882E+00  2.4597E-02 4.0122E-01 3.6417E-01   323
 4.0000E-02 4.7807E-01 6.6475E+00 3.2578E+00 3.3897E+00  2.3073E-02 4.0121E-01 3.7691E-01   323
 4.0000E-02 4.8065E-01 6.7626E+00 3.2778E+00 3.4849E+00  2.1652E-02 4.0121E-01 3.8891E-01   323
 4.0000E-02 4.8324E-01 6.8638E+00 3.2914E+00 3.5724E+00  2.0327E-02 4.0120E-01 4.0000E-01   323
 4.0000E-02 4.8587E-01 6.9491E+00 3.2979E+00 3.6512E+00  1.9088E-02 4.0119E-01 4.1006E-01   323
 4.0000E-02 4.8852E-01 7.0166E+00 3.2962E+00 3.7204E+00  1.7920E-02 4.0119E-01 4.1900E-01   323
 4.0000E-02 4.9121E-01 7.0645E+00 3.2856E+00 3.7789E+00  1.6811E-02 4.0118E-01 4.2670E-01   323
 4.0000E-02 4.9392E-01 7.0914E+00 3.2653E+00 3.8261E+00  1.5744E-02 4.0118E-01 4.3309E-01   323
 4.0000E-02 4.9667E-01 7.0959E+00 3.2346E+00 3.8613E+00  1.4709E-02 4.0117E-01 4.3811E-01   323
 4.0000E-02 4.9944E-01 7.0764E+00 3.1927E+00 3.8837E+00  1.3693E-02 4.0116E-01 4.4167E-01   323
 4.0000E-02 5.0225E-01 7.0316E+00 3.1392E+00 3.8924E+00  1.2689E-02 4.0116E-01 4.4366E-01   323
 4.0000E-02 5.0508E-01 6.9600E+00 3.0737E+00 3.8863E+00  1.1691E-02 4.0116E-01 4.4396E-01   323
 4.0000E-02 5.0795E-01 6.8598E+00 2.9962E+00 3.8637E+00  1.0700E-02 4.0116E-01 4.4236E-01   324
 4.0000E-02 5.1086E-01 6.7298E+00 2.9069E+00 3.8228E+00  9.7143E-03 4.0116E-01 4.3865E-01   324
 4.0000E-02 5.1379E-01 6.5698E+00 2.8072E+00 3.7626E+00  8.7742E-03 4.0136E-01 4.3266E-01   285
 4.0000E-02 5.1676E-01 6.3807E+00 2.6986E+00 3.6821E+00  7.8081E-03 4.0136E-01 4.2429E-01   285
 4.0000E-02 5.1977E-01 6.1652E+00 2.5837E+00 3.5816E+00  6.8522E-03 4.0136E-01 4.1355E-01   285
 4.0000E-02 5.2281E-01 5.9284E+00 2.4653E+00 3.4631E+00  5.9046E-03 4.0136E-01 4.0066E-01   285
 4.0000E-02 5.2588E-01 5.6761E+00 2.3467E+00 3.3294E+00  4.9630E-03 4.0135E-01 3.8594E-01   285
 4.0000E-02 5.2899E-01 5.4152E+00 2.2306E+00 3.1846E+00  4.0238E-03 4.0135E-01 3.6985E-01   285
 4.0000E-02 5.3214E-01 5.1526E+00 2.1196E+00 3.0330E+00  3.0874E-03 4.0134E-01 3.5291E-01   285
 4.0000E-02 5.3533E-01 4.8943E+00 2.0153E+00 2.8790E+00  2.1544E-03 4.0133E-01 3.3561E-01   285
 4.0000E-02 5.3855E-01 4.6451E+00 1.9187E+00 2.7264E+00  1.2229E-03 4.0132E-01 3.1842E-01   285
 4.0000E-02 5.4182E-01 4.4079E+00 1.8296E+00 2.5783E+00  2.9355E-04 4.0131E-01 3.0168E-01   285
 4.0000E-02 5.4512E-01 4.1840E+00 1.7474E+00 2.4366E+00 -6.3535E-04 4.0130E-01 2.8563E-01   285
 4.0000E-02 5.4847E-01 3.9733E+00 1.6712E+00 2.3021E+00 -1.5595E-03 4.0129E-01 2.7039E-01   285
 4.0000E-02 5.5185E-01 3.7748E+00 1.6001E+00 2.1747E+00 -2.4793E-03 4.0128E-01 2.5591E-01   285
 4.0000E-02 5.5528E-01 3.5875E+00 1.5336E+00 2.0540E+00 -3.3933E-03 4.0128E-01 2.4217E-01   285
 4.0000E-02 5.5875E-01 3.4107E+00 1.4712E+00 1.9395E+00 -4.3009E-03 4.0127E-01 2.2911E-01   285
 4.0000E-02 5.6226E-01 3.2439E+00 1.4133E+00 1.8306E+00 -5.2030E-03 4.0127E-01 2.1665E-01   285
 4.0000E-02 5.6582E-01 3.0871E+00 1.3602E+00 1.7269E+00 -6.0994E-03 4.0126E-01 2.0476E-01   285
 4.0000E-02 5.6943E-01 2.9410E+00 1.3126E+00 1.6284E+00 -6.9891E-03 4.0125E-01 1.9343E-01   285
 4.0000E-02 5.7308E-01 2.8062E+00 1.2709E+00 1.5352E+00 -7.8696E-03 4.0124E-01 1.8270E-01   285
 4.0000E-02 5.7677E-01 2.6834E+00 1.2356E+00 1.4478E+00 -8.7367E-03 4.0123E-01 1.7261E-01   285
 4.0000E-02 5.8052E-01 2.5728E+00 1.2063E+00 1.3664E+00 -9.5852E-03 4.0122E-01 1.6319E-01   285
 4.0000E-02 5.8431E-01 2.4741E+00 1.1828E+00 1.2912E+00 -1.0409E-02 4.0122E-01 1.5448E-01   285
 4.0000E-02 5.8816E-01 2.3868E+00 1.1648E+00 1.2220E+00 -1.1205E-02 4.0121E-01 1.4644E-01   285
 4.0000E-02 5.9205E-01 2.3113E+00 1.1526E+00 1.1588E+00 -1.1964E-02 4.0120E-01 1.3909E-01   285
 4.0000E-02 5.9600E-01 2.2484E+00 1.1464E+00 1.1020E+00 -1.2676E-02 4.0119E-01 1.3248E-01   285
 4.0000E-02 6.0000E-01 2.1983E+00 1.1457E+00 1.0526E+00 -1.3331E-02 4.0119E-01 1.2673E-01   285
