 DDSCAT --- DDSCAT 7.3.3 [22.01.20]   
 TARGET --->TARGSPHER  spherical target with explicit spacing                 
 GPFAFT --- method of solution 
 GKDLDR --- prescription for polarizabilities
 FROM_FILE --- shape 
   33401 = NAT0 = number of dipoles
 ../diel/Pena26Au74Ag                                        
 ../diel/Pena15Au85Ag                                        
   0.000   0.000 = beta_min, beta_max ;  NBETA = 1
   0.000   0.000 = theta_min, theta_max; NTHETA= 1
   0.000   0.000 = phi_min, phi_max   ;   NPHI = 1
 Results averaged over    1 target orientations
                   and  1 incident polarizations
   aeff       wave      Q_pha
 1.0000E-03 3.0000E-01  1.4732E-02
 1.0000E-03 3.0151E-01  1.4239E-02
 1.0000E-03 3.0302E-01  1.3732E-02
 1.0000E-03 3.0452E-01  1.3210E-02
 1.0000E-03 3.0603E-01  1.2673E-02
 1.0000E-03 3.0754E-01  1.2120E-02
 1.0000E-03 3.0905E-01  1.1551E-02
 1.0000E-03 3.1055E-01  1.0971E-02
 1.0000E-03 3.1206E-01  1.0380E-02
 1.0000E-03 3.1357E-01  9.7777E-03
 1.0000E-03 3.1508E-01  9.1619E-03
 1.0000E-03 3.1658E-01  8.5319E-03
 1.0000E-03 3.1809E-01  7.9015E-03
 1.0000E-03 3.1960E-01  7.2660E-03
 1.0000E-03 3.2111E-01  6.6145E-03
 1.0000E-03 3.2261E-01  5.9459E-03
 1.0000E-03 3.2412E-01  5.2593E-03
 1.0000E-03 3.2563E-01  4.5533E-03
 1.0000E-03 3.2714E-01  3.8055E-03
 1.0000E-03 3.2864E-01  3.0219E-03
 1.0000E-03 3.3015E-01  2.2210E-03
 1.0000E-03 3.3166E-01  1.4007E-03
 1.0000E-03 3.3317E-01  5.5901E-04
 1.0000E-03 3.3467E-01 -3.0625E-04
 1.0000E-03 3.3618E-01 -1.1975E-03
 1.0000E-03 3.3769E-01 -2.1032E-03
 1.0000E-03 3.3920E-01 -3.0209E-03
 1.0000E-03 3.4070E-01 -3.9532E-03
 1.0000E-03 3.4221E-01 -4.9029E-03
 1.0000E-03 3.4372E-01 -5.8731E-03
 1.0000E-03 3.4523E-01 -6.8560E-03
 1.0000E-03 3.4673E-01 -7.8359E-03
 1.0000E-03 3.4824E-01 -8.8263E-03
 1.0000E-03 3.4975E-01 -9.8293E-03
 1.0000E-03 3.5126E-01 -1.0847E-02
 1.0000E-03 3.5276E-01 -1.1883E-02
 1.0000E-03 3.5427E-01 -1.2936E-02
 1.0000E-03 3.5578E-01 -1.3995E-02
 1.0000E-03 3.5729E-01 -1.5070E-02
 1.0000E-03 3.5879E-01 -1.6162E-02
 1.0000E-03 3.6030E-01 -1.7273E-02
 1.0000E-03 3.6181E-01 -1.8404E-02
 1.0000E-03 3.6332E-01 -1.9555E-02
 1.0000E-03 3.6482E-01 -2.0719E-02
 1.0000E-03 3.6633E-01 -2.1902E-02
 1.0000E-03 3.6784E-01 -2.3103E-02
 1.0000E-03 3.6935E-01 -2.4322E-02
 1.0000E-03 3.7085E-01 -2.5560E-02
 1.0000E-03 3.7236E-01 -2.6812E-02
 1.0000E-03 3.7387E-01 -2.8071E-02
 1.0000E-03 3.7538E-01 -2.9341E-02
 1.0000E-03 3.7688E-01 -3.0617E-02
 1.0000E-03 3.7839E-01 -3.1894E-02
 1.0000E-03 3.7990E-01 -3.3165E-02
 1.0000E-03 3.8141E-01 -3.4422E-02
 1.0000E-03 3.8291E-01 -3.5653E-02
 1.0000E-03 3.8442E-01 -3.6849E-02
 1.0000E-03 3.8593E-01 -3.7994E-02
 1.0000E-03 3.8744E-01 -3.9066E-02
 1.0000E-03 3.8894E-01 -4.0036E-02
 1.0000E-03 3.9045E-01 -4.0867E-02
 1.0000E-03 3.9196E-01 -4.1520E-02
 1.0000E-03 3.9347E-01 -4.1950E-02
 1.0000E-03 3.9497E-01 -4.2093E-02
 1.0000E-03 3.9648E-01 -4.1871E-02
 1.0000E-03 3.9799E-01 -4.1185E-02
 1.0000E-03 3.9950E-01 -3.9925E-02
 1.0000E-03 4.0101E-01 -3.7970E-02
 1.0000E-03 4.0251E-01 -3.5202E-02
 1.0000E-03 4.0402E-01 -3.1472E-02
 1.0000E-03 4.0553E-01 -2.6629E-02
 1.0000E-03 4.0704E-01 -2.0532E-02
 1.0000E-03 4.0854E-01 -1.3071E-02
 1.0000E-03 4.1005E-01 -4.2415E-03
 1.0000E-03 4.1156E-01  5.9445E-03
 1.0000E-03 4.1307E-01  1.7373E-02
 1.0000E-03 4.1457E-01  2.9818E-02
 1.0000E-03 4.1608E-01  4.2944E-02
 1.0000E-03 4.1759E-01  5.6337E-02
 1.0000E-03 4.1910E-01  6.9548E-02
 1.0000E-03 4.2060E-01  8.2144E-02
 1.0000E-03 4.2211E-01  9.3746E-02
 1.0000E-03 4.2362E-01  1.0408E-01
 1.0000E-03 4.2513E-01  1.1295E-01
 1.0000E-03 4.2663E-01  1.2030E-01
 1.0000E-03 4.2814E-01  1.2614E-01
 1.0000E-03 4.2965E-01  1.3056E-01
 1.0000E-03 4.3116E-01  1.3371E-01
 1.0000E-03 4.3266E-01  1.3575E-01
 1.0000E-03 4.3417E-01  1.3683E-01
 1.0000E-03 4.3568E-01  1.3712E-01
 1.0000E-03 4.3719E-01  1.3676E-01
 1.0000E-03 4.3869E-01  1.3587E-01
 1.0000E-03 4.4020E-01  1.3458E-01
 1.0000E-03 4.4171E-01  1.3296E-01
 1.0000E-03 4.4322E-01  1.3108E-01
 1.0000E-03 4.4472E-01  1.2902E-01
 1.0000E-03 4.4623E-01  1.2682E-01
 1.0000E-03 4.4774E-01  1.2455E-01
 1.0000E-03 4.4925E-01  1.2224E-01
 1.0000E-03 4.5075E-01  1.1992E-01
 1.0000E-03 4.5226E-01  1.1760E-01
 1.0000E-03 4.5377E-01  1.1530E-01
 1.0000E-03 4.5528E-01  1.1304E-01
 1.0000E-03 4.5678E-01  1.1083E-01
 1.0000E-03 4.5829E-01  1.0868E-01
 1.0000E-03 4.5980E-01  1.0659E-01
 1.0000E-03 4.6131E-01  1.0456E-01
 1.0000E-03 4.6281E-01  1.0259E-01
 1.0000E-03 4.6432E-01  1.0070E-01
 1.0000E-03 4.6583E-01  9.8874E-02
 1.0000E-03 4.6734E-01  9.7115E-02
 1.0000E-03 4.6884E-01  9.5420E-02
 1.0000E-03 4.7035E-01  9.3785E-02
 1.0000E-03 4.7186E-01  9.2207E-02
 1.0000E-03 4.7337E-01  9.0683E-02
 1.0000E-03 4.7487E-01  8.9211E-02
 1.0000E-03 4.7638E-01  8.7792E-02
 1.0000E-03 4.7789E-01  8.6422E-02
 1.0000E-03 4.7940E-01  8.5103E-02
 1.0000E-03 4.8090E-01  8.3833E-02
 1.0000E-03 4.8241E-01  8.2612E-02
 1.0000E-03 4.8392E-01  8.1438E-02
 1.0000E-03 4.8543E-01  8.0310E-02
 1.0000E-03 4.8693E-01  7.9225E-02
 1.0000E-03 4.8844E-01  7.8183E-02
 1.0000E-03 4.8995E-01  7.7181E-02
 1.0000E-03 4.9146E-01  7.6215E-02
 1.0000E-03 4.9296E-01  7.5282E-02
 1.0000E-03 4.9447E-01  7.4381E-02
 1.0000E-03 4.9598E-01  7.3507E-02
 1.0000E-03 4.9749E-01  7.2657E-02
 1.0000E-03 4.9900E-01  7.1829E-02
 1.0000E-03 5.0050E-01  7.1023E-02
 1.0000E-03 5.0201E-01  7.0234E-02
 1.0000E-03 5.0352E-01  6.9465E-02
 1.0000E-03 5.0503E-01  6.8712E-02
 1.0000E-03 5.0653E-01  6.7977E-02
 1.0000E-03 5.0804E-01  6.7257E-02
 1.0000E-03 5.0955E-01  6.6553E-02
 1.0000E-03 5.1106E-01  6.5862E-02
 1.0000E-03 5.1256E-01  6.5186E-02
 1.0000E-03 5.1407E-01  6.4524E-02
 1.0000E-03 5.1558E-01  6.3875E-02
 1.0000E-03 5.1709E-01  6.3238E-02
 1.0000E-03 5.1859E-01  6.2615E-02
 1.0000E-03 5.2010E-01  6.2004E-02
 1.0000E-03 5.2161E-01  6.1405E-02
 1.0000E-03 5.2312E-01  6.0820E-02
 1.0000E-03 5.2462E-01  6.0247E-02
 1.0000E-03 5.2613E-01  5.9687E-02
 1.0000E-03 5.2764E-01  5.9139E-02
 1.0000E-03 5.2915E-01  5.8603E-02
 1.0000E-03 5.3065E-01  5.8079E-02
 1.0000E-03 5.3216E-01  5.7566E-02
 1.0000E-03 5.3367E-01  5.7065E-02
 1.0000E-03 5.3518E-01  5.6573E-02
 1.0000E-03 5.3668E-01  5.6093E-02
 1.0000E-03 5.3819E-01  5.5623E-02
 1.0000E-03 5.3970E-01  5.5162E-02
 1.0000E-03 5.4121E-01  5.4710E-02
 1.0000E-03 5.4271E-01  5.4269E-02
 1.0000E-03 5.4422E-01  5.3836E-02
 1.0000E-03 5.4573E-01  5.3413E-02
 1.0000E-03 5.4724E-01  5.2999E-02
 1.0000E-03 5.4874E-01  5.2595E-02
 1.0000E-03 5.5025E-01  5.2200E-02
 1.0000E-03 5.5176E-01  5.1814E-02
 1.0000E-03 5.5327E-01  5.1438E-02
 1.0000E-03 5.5477E-01  5.1070E-02
 1.0000E-03 5.5628E-01  5.0711E-02
 1.0000E-03 5.5779E-01  5.0362E-02
 1.0000E-03 5.5930E-01  5.0020E-02
 1.0000E-03 5.6080E-01  4.9685E-02
 1.0000E-03 5.6231E-01  4.9358E-02
 1.0000E-03 5.6382E-01  4.9037E-02
 1.0000E-03 5.6533E-01  4.8721E-02
 1.0000E-03 5.6683E-01  4.8412E-02
 1.0000E-03 5.6834E-01  4.8106E-02
 1.0000E-03 5.6985E-01  4.7807E-02
 1.0000E-03 5.7136E-01  4.7511E-02
 1.0000E-03 5.7286E-01  4.7218E-02
 1.0000E-03 5.7437E-01  4.6930E-02
 1.0000E-03 5.7588E-01  4.6646E-02
 1.0000E-03 5.7739E-01  4.6365E-02
 1.0000E-03 5.7889E-01  4.6088E-02
 1.0000E-03 5.8040E-01  4.5814E-02
 1.0000E-03 5.8191E-01  4.5545E-02
 1.0000E-03 5.8342E-01  4.5279E-02
 1.0000E-03 5.8492E-01  4.5016E-02
 1.0000E-03 5.8643E-01  4.4758E-02
 1.0000E-03 5.8794E-01  4.4502E-02
 1.0000E-03 5.8945E-01  4.4250E-02
 1.0000E-03 5.9095E-01  4.4001E-02
 1.0000E-03 5.9246E-01  4.3755E-02
 1.0000E-03 5.9397E-01  4.3512E-02
 1.0000E-03 5.9548E-01  4.3271E-02
 1.0000E-03 5.9698E-01  4.3034E-02
 1.0000E-03 5.9849E-01  4.2799E-02
 1.0000E-03 6.0000E-01  4.2567E-02
