 DDSCAT --- DDSCAT 7.3.3 [22.01.20]   
 TARGET --->TARFROMFILE  Nanorod target: 97.3nm x 17.6nm x 17.6nm, d=1nm      
 GPFAFT --- method of solution 
 GKDLDR --- prescription for polarizabilities
 FROM_FILE --- shape 
   35739 = NAT0 = number of dipoles
 ../diel/Ag_evap                                             
   0.000   0.000 = beta_min, beta_max ;  NBETA = 1
   0.000   0.000 = theta_min, theta_max; NTHETA= 1
   0.000   0.000 = phi_min, phi_max   ;   NPHI = 1
 0.5000 = ETASCA (param. controlling # of scatt. dirs used to calculate <cos> etc.
 Results averaged over    1 target orientations
                   and  1 incident polarizations
   aeff       wave       Q_ext     Q_abs      Q_sca     g(1)=<cos>  <cos^2>    Q_bk       Nsca
 1.0000E-03 4.5000E-01 2.0819E-02 2.0819E-02 5.9046E-07  5.5802E-04 4.0249E-01 7.0298E-08   184
 1.0000E-03 4.5152E-01 2.2769E-02 2.2768E-02 5.1576E-07  5.0837E-04 4.0250E-01 6.1414E-08   184
 1.0000E-03 4.5303E-01 2.5850E-02 2.5850E-02 4.4493E-07  4.5861E-04 4.0250E-01 5.2989E-08   184
 1.0000E-03 4.5455E-01 3.0242E-02 3.0242E-02 3.8359E-07  4.1988E-04 4.0251E-01 4.5688E-08   184
 1.0000E-03 4.5606E-01 3.6456E-02 3.6455E-02 3.3711E-07  4.1805E-04 4.0251E-01 4.0153E-08   184
 1.0000E-03 4.5758E-01 4.5166E-02 4.5166E-02 3.1479E-07  4.9718E-04 4.0250E-01 3.7484E-08   184
 1.0000E-03 4.5909E-01 5.7347E-02 5.7346E-02 3.3278E-07  6.9430E-04 4.0247E-01 3.9600E-08   184
 1.0000E-03 4.6061E-01 7.4392E-02 7.4391E-02 4.2103E-07  9.5398E-04 4.0244E-01 5.0058E-08   184
 1.0000E-03 4.6212E-01 9.7581E-02 9.7580E-02 6.3090E-07  1.1514E-03 4.0242E-01 7.4960E-08   184
 1.0000E-03 4.6364E-01 1.2543E-01 1.2543E-01 1.0173E-06  1.2385E-03 4.0241E-01 1.2084E-07   184
 1.0000E-03 4.6515E-01 1.5004E-01 1.5004E-01 1.5653E-06  1.2574E-03 4.0241E-01 1.8591E-07   184
 1.0000E-03 4.6667E-01 1.5908E-01 1.5907E-01 2.1158E-06  1.2443E-03 4.0241E-01 2.5131E-07   184
 1.0000E-03 4.6818E-01 1.4697E-01 1.4697E-01 2.4473E-06  1.2124E-03 4.0241E-01 2.9072E-07   184
 1.0000E-03 4.6970E-01 1.2166E-01 1.2166E-01 2.4843E-06  1.1755E-03 4.0242E-01 2.9514E-07   184
 1.0000E-03 4.7121E-01 9.5067E-02 9.5065E-02 2.3293E-06  1.1399E-03 4.0242E-01 2.7677E-07   184
 1.0000E-03 4.7273E-01 7.4500E-02 7.4498E-02 2.1318E-06  1.1096E-03 4.0243E-01 2.5333E-07   184
 1.0000E-03 4.7424E-01 5.8756E-02 5.8754E-02 1.9312E-06  1.0816E-03 4.0243E-01 2.2951E-07   184
 1.0000E-03 4.7576E-01 4.6960E-02 4.6958E-02 1.7483E-06  1.0548E-03 4.0243E-01 2.0779E-07   184
 1.0000E-03 4.7727E-01 3.8147E-02 3.8145E-02 1.5894E-06  1.0308E-03 4.0243E-01 1.8892E-07   184
 1.0000E-03 4.7879E-01 3.1490E-02 3.1489E-02 1.4533E-06  1.0074E-03 4.0244E-01 1.7276E-07   184
 1.0000E-03 4.8030E-01 2.6396E-02 2.6395E-02 1.3368E-06  9.8609E-04 4.0244E-01 1.5892E-07   184
 1.0000E-03 4.8182E-01 2.2454E-02 2.2453E-02 1.2367E-06  9.6772E-04 4.0244E-01 1.4703E-07   184
 1.0000E-03 4.8333E-01 1.9372E-02 1.9370E-02 1.1502E-06  9.5056E-04 4.0244E-01 1.3676E-07   184
 1.0000E-03 4.8485E-01 1.6935E-02 1.6934E-02 1.0751E-06  9.3380E-04 4.0245E-01 1.2783E-07   184
 1.0000E-03 4.8636E-01 1.4983E-02 1.4982E-02 1.0096E-06  9.1911E-04 4.0245E-01 1.2005E-07   184
 1.0000E-03 4.8788E-01 1.3391E-02 1.3390E-02 9.5199E-07  9.0512E-04 4.0245E-01 1.1320E-07   184
 1.0000E-03 4.8939E-01 1.2072E-02 1.2071E-02 9.0096E-07  8.9233E-04 4.0245E-01 1.0714E-07   184
 1.0000E-03 4.9091E-01 1.0959E-02 1.0958E-02 8.5540E-07  8.7988E-04 4.0245E-01 1.0173E-07   184
 1.0000E-03 4.9242E-01 1.0009E-02 1.0008E-02 8.1440E-07  8.6796E-04 4.0245E-01 9.6854E-08   184
 1.0000E-03 4.9394E-01 9.1881E-03 9.1873E-03 7.7729E-07  8.5707E-04 4.0245E-01 9.2444E-08   184
 1.0000E-03 4.9545E-01 8.4692E-03 8.4684E-03 7.4350E-07  8.4688E-04 4.0246E-01 8.8428E-08   184
 1.0000E-03 4.9697E-01 7.8213E-03 7.8206E-03 7.1216E-07  8.3779E-04 4.0246E-01 8.4704E-08   184
 1.0000E-03 4.9848E-01 7.2417E-03 7.2411E-03 6.8307E-07  8.2794E-04 4.0246E-01 8.1246E-08   184
 1.0000E-03 5.0000E-01 6.7244E-03 6.7237E-03 6.5608E-07  8.1880E-04 4.0246E-01 7.8038E-08   184
 1.0000E-03 5.0152E-01 6.2608E-03 6.2601E-03 6.3092E-07  8.1041E-04 4.0246E-01 7.5047E-08   184
 1.0000E-03 5.0303E-01 5.8474E-03 5.8468E-03 6.0738E-07  8.0150E-04 4.0246E-01 7.2250E-08   184
 1.0000E-03 5.0455E-01 5.4807E-03 5.4801E-03 5.8532E-07  7.9326E-04 4.0246E-01 6.9628E-08   184
 1.0000E-03 5.0606E-01 5.1555E-03 5.1549E-03 5.6463E-07  7.8603E-04 4.0246E-01 6.7168E-08   184
 1.0000E-03 5.0758E-01 4.8679E-03 4.8674E-03 5.4518E-07  7.7854E-04 4.0246E-01 6.4855E-08   184
 1.0000E-03 5.0909E-01 4.6153E-03 4.6147E-03 5.2690E-07  7.7099E-04 4.0246E-01 6.2682E-08   184
 1.0000E-03 5.1061E-01 4.3918E-03 4.3913E-03 5.0973E-07  7.6314E-04 4.0246E-01 6.0642E-08   184
 1.0000E-03 5.1212E-01 4.1875E-03 4.1870E-03 4.9361E-07  7.5654E-04 4.0247E-01 5.8725E-08   184
 1.0000E-03 5.1364E-01 3.9914E-03 3.9909E-03 4.7841E-07  7.5013E-04 4.0247E-01 5.6917E-08   184
 1.0000E-03 5.1515E-01 3.7999E-03 3.7995E-03 4.6397E-07  7.4489E-04 4.0247E-01 5.5200E-08   184
 1.0000E-03 5.1667E-01 3.6174E-03 3.6169E-03 4.5017E-07  7.3799E-04 4.0247E-01 5.3560E-08   184
 1.0000E-03 5.1818E-01 3.4483E-03 3.4479E-03 4.3698E-07  7.3215E-04 4.0247E-01 5.1992E-08   184
 1.0000E-03 5.1970E-01 3.2950E-03 3.2946E-03 4.2437E-07  7.2631E-04 4.0247E-01 5.0492E-08   184
 1.0000E-03 5.2121E-01 3.1633E-03 3.1629E-03 4.1219E-07  7.2028E-04 4.0247E-01 4.9044E-08   184
 1.0000E-03 5.2273E-01 3.0658E-03 3.0655E-03 4.0015E-07  7.1407E-04 4.0247E-01 4.7613E-08   184
 1.0000E-03 5.2424E-01 2.9764E-03 2.9760E-03 3.8879E-07  7.0833E-04 4.0247E-01 4.6261E-08   184
 1.0000E-03 5.2576E-01 2.8877E-03 2.8873E-03 3.7803E-07  7.0269E-04 4.0247E-01 4.4983E-08   184
 1.0000E-03 5.2727E-01 2.7979E-03 2.7976E-03 3.6779E-07  6.9762E-04 4.0247E-01 4.3764E-08   184
 1.0000E-03 5.2879E-01 2.7109E-03 2.7106E-03 3.5799E-07  6.9375E-04 4.0247E-01 4.2599E-08   184
 1.0000E-03 5.3030E-01 2.6299E-03 2.6295E-03 3.4862E-07  6.8754E-04 4.0247E-01 4.1484E-08   184
 1.0000E-03 5.3182E-01 2.5557E-03 2.5554E-03 3.3965E-07  6.8394E-04 4.0247E-01 4.0418E-08   184
 1.0000E-03 5.3333E-01 2.4877E-03 2.4873E-03 3.3109E-07  6.7720E-04 4.0247E-01 3.9399E-08   184
 1.0000E-03 5.3485E-01 2.4241E-03 2.4238E-03 3.2290E-07  6.7362E-04 4.0247E-01 3.8426E-08   184
 1.0000E-03 5.3636E-01 2.3634E-03 2.3630E-03 3.1507E-07  6.6739E-04 4.0247E-01 3.7494E-08   184
 1.0000E-03 5.3788E-01 2.3044E-03 2.3041E-03 3.0755E-07  6.6359E-04 4.0248E-01 3.6601E-08   184
 1.0000E-03 5.3939E-01 2.2477E-03 2.2474E-03 3.0034E-07  6.5977E-04 4.0248E-01 3.5742E-08   184
 1.0000E-03 5.4091E-01 2.1938E-03 2.1935E-03 2.9340E-07  6.5616E-04 4.0248E-01 3.4917E-08   184
 1.0000E-03 5.4242E-01 2.1429E-03 2.1426E-03 2.8673E-07  6.5161E-04 4.0248E-01 3.4124E-08   184
 1.0000E-03 5.4394E-01 2.0949E-03 2.0947E-03 2.8031E-07  6.4739E-04 4.0248E-01 3.3360E-08   184
 1.0000E-03 5.4545E-01 2.0506E-03 2.0503E-03 2.7413E-07  6.4224E-04 4.0248E-01 3.2625E-08   184
 1.0000E-03 5.4697E-01 2.0100E-03 2.0098E-03 2.6818E-07  6.3905E-04 4.0248E-01 3.1917E-08   184
 1.0000E-03 5.4848E-01 1.9724E-03 1.9721E-03 2.6246E-07  6.3493E-04 4.0248E-01 3.1238E-08   184
 1.0000E-03 5.5000E-01 1.9167E-03 1.9165E-03 2.5724E-07  6.3083E-04 4.0248E-01 3.0616E-08   184
 1.0000E-03 5.5152E-01 1.8599E-03 1.8596E-03 2.5222E-07  6.2724E-04 4.0248E-01 3.0019E-08   184
 1.0000E-03 5.5303E-01 1.8014E-03 1.8012E-03 2.4736E-07  6.2358E-04 4.0248E-01 2.9441E-08   184
 1.0000E-03 5.5455E-01 1.7412E-03 1.7409E-03 2.4263E-07  6.2021E-04 4.0248E-01 2.8879E-08   184
 1.0000E-03 5.5606E-01 1.6807E-03 1.6805E-03 2.3802E-07  6.1673E-04 4.0248E-01 2.8330E-08   184
 1.0000E-03 5.5758E-01 1.6220E-03 1.6218E-03 2.3352E-07  6.1373E-04 4.0248E-01 2.7796E-08   184
 1.0000E-03 5.5909E-01 1.5662E-03 1.5660E-03 2.2914E-07  6.1087E-04 4.0248E-01 2.7274E-08   184
 1.0000E-03 5.6061E-01 1.5137E-03 1.5135E-03 2.2486E-07  6.0609E-04 4.0248E-01 2.6765E-08   184
 1.0000E-03 5.6212E-01 1.4643E-03 1.4641E-03 2.2070E-07  6.0396E-04 4.0248E-01 2.6270E-08   184
 1.0000E-03 5.6364E-01 1.4178E-03 1.4176E-03 2.1665E-07  6.0001E-04 4.0248E-01 2.5788E-08   184
 1.0000E-03 5.6515E-01 1.3741E-03 1.3739E-03 2.1270E-07  5.9762E-04 4.0248E-01 2.5318E-08   184
 1.0000E-03 5.6667E-01 1.3333E-03 1.3331E-03 2.0886E-07  5.9510E-04 4.0248E-01 2.4860E-08   184
 1.0000E-03 5.6818E-01 1.2955E-03 1.2953E-03 2.0511E-07  5.9098E-04 4.0248E-01 2.4415E-08   184
 1.0000E-03 5.6970E-01 1.2609E-03 1.2607E-03 2.0145E-07  5.8844E-04 4.0248E-01 2.3980E-08   184
 1.0000E-03 5.7121E-01 1.2297E-03 1.2296E-03 1.9789E-07  5.8546E-04 4.0248E-01 2.3556E-08   184
 1.0000E-03 5.7273E-01 1.2023E-03 1.2021E-03 1.9443E-07  5.8258E-04 4.0248E-01 2.3144E-08   184
 1.0000E-03 5.7424E-01 1.1788E-03 1.1786E-03 1.9105E-07  5.7953E-04 4.0248E-01 2.2743E-08   184
 1.0000E-03 5.7576E-01 1.1594E-03 1.1592E-03 1.8777E-07  5.7687E-04 4.0249E-01 2.2352E-08   184
 1.0000E-03 5.7727E-01 1.1442E-03 1.1441E-03 1.8459E-07  5.7310E-04 4.0249E-01 2.1974E-08   184
 1.0000E-03 5.7879E-01 1.1323E-03 1.1322E-03 1.8152E-07  5.7091E-04 4.0249E-01 2.1608E-08   184
 1.0000E-03 5.8030E-01 1.1204E-03 1.1202E-03 1.7856E-07  5.6808E-04 4.0249E-01 2.1256E-08   184
 1.0000E-03 5.8182E-01 1.1025E-03 1.1023E-03 1.7571E-07  5.6434E-04 4.0249E-01 2.0917E-08   184
 1.0000E-03 5.8333E-01 1.0845E-03 1.0843E-03 1.7286E-07  5.6277E-04 4.0249E-01 2.0578E-08   184
 1.0000E-03 5.8485E-01 1.0599E-03 1.0597E-03 1.7003E-07  5.5908E-04 4.0249E-01 2.0241E-08   184
 1.0000E-03 5.8636E-01 1.0334E-03 1.0332E-03 1.6722E-07  5.5626E-04 4.0249E-01 1.9908E-08   184
 1.0000E-03 5.8788E-01 1.0090E-03 1.0088E-03 1.6445E-07  5.5422E-04 4.0249E-01 1.9578E-08   184
 1.0000E-03 5.8939E-01 9.8803E-04 9.8787E-04 1.6173E-07  5.5241E-04 4.0249E-01 1.9254E-08   184
 1.0000E-03 5.9091E-01 9.7058E-04 9.7042E-04 1.5907E-07  5.4908E-04 4.0249E-01 1.8937E-08   184
 1.0000E-03 5.9242E-01 9.5631E-04 9.5614E-04 1.5646E-07  5.4632E-04 4.0249E-01 1.8627E-08   184
 1.0000E-03 5.9394E-01 9.4470E-04 9.4455E-04 1.5392E-07  5.4351E-04 4.0249E-01 1.8324E-08   184
 1.0000E-03 5.9545E-01 9.3536E-04 9.3521E-04 1.5143E-07  5.4131E-04 4.0249E-01 1.8028E-08   184
 1.0000E-03 5.9697E-01 9.2795E-04 9.2780E-04 1.4901E-07  5.3870E-04 4.0249E-01 1.7740E-08   184
 1.0000E-03 5.9848E-01 9.2219E-04 9.2205E-04 1.4664E-07  5.3606E-04 4.0249E-01 1.7459E-08   184
 1.0000E-03 6.0000E-01 9.1790E-04 9.1775E-04 1.4434E-07  5.3453E-04 4.0249E-01 1.7184E-08   184
