 DDSCAT --- DDSCAT 7.3.3 [22.01.20]   
 TARGET --->TARGSPHER  spherical target with explicit spacing                 
 GPFAFT --- method of solution 
 FLTRCD --- prescription for polarizabilities
 FROM_FILE --- shape 
    4169 = NAT0 = number of dipoles
 ../../diel/Pena-Rioux_dielectric_26Au_74Ag                  
 ../../diel/Pena-Rioux_dielectric_52Au_48Ag                  
 ../../diel/Pena-Rioux_dielectric_65Au_35Ag                  
 ../../diel/Pena-Rioux_dielectric_92Au_8Ag                   
   0.000   0.000 = beta_min, beta_max ;  NBETA = 1
   0.000   0.000 = theta_min, theta_max; NTHETA= 1
   0.000   0.000 = phi_min, phi_max   ;   NPHI = 1
 Results averaged over    1 target orientations
                   and  2 incident polarizations
   aeff       wave       Q_pha       Q_pol       Q_cpol
 1.0000E-03 3.0000E-01  1.9636E-02 -7.4506E-09 -2.4214E-08
 1.0000E-03 3.0101E-01  1.9423E-02 -1.0431E-07  6.1467E-08
 1.0000E-03 3.0203E-01  1.9204E-02  1.9372E-07 -4.2841E-08
 1.0000E-03 3.0305E-01  1.8980E-02 -5.2154E-08  4.8429E-08
 1.0000E-03 3.0408E-01  1.8750E-02 -1.9372E-07  5.9605E-08
 1.0000E-03 3.0512E-01  1.8514E-02  1.2666E-07  4.8429E-08
 1.0000E-03 3.0616E-01  1.8271E-02  5.2154E-08  1.1176E-08
 1.0000E-03 3.0722E-01  1.8023E-02  1.5646E-07 -6.1467E-08
 1.0000E-03 3.0828E-01  1.7772E-02  1.1176E-07  2.9802E-08
 1.0000E-03 3.0934E-01  1.7532E-02 -1.5646E-07  3.3528E-08
 1.0000E-03 3.1042E-01  1.7287E-02 -5.2154E-08  3.3528E-08
 1.0000E-03 3.1150E-01  1.7035E-02  1.4901E-07 -2.4214E-08
 1.0000E-03 3.1259E-01  1.6778E-02 -1.8626E-07  1.8626E-09
 1.0000E-03 3.1368E-01  1.6514E-02 -1.4901E-07 -5.5879E-09
 1.0000E-03 3.1479E-01  1.6243E-02  2.2352E-08  2.2352E-08
 1.0000E-03 3.1590E-01  1.5966E-02  6.7055E-08  5.4017E-08
 1.0000E-03 3.1702E-01  1.5682E-02 -1.9372E-07  7.4506E-08
 1.0000E-03 3.1815E-01  1.5392E-02 -6.7055E-08 -5.4948E-08
 1.0000E-03 3.1929E-01  1.5091E-02  1.4901E-07  2.4214E-08
 1.0000E-03 3.2043E-01  1.4777E-02  2.0862E-07 -1.3970E-08
 1.0000E-03 3.2158E-01  1.4451E-02  7.4506E-09  2.8871E-08
 1.0000E-03 3.2274E-01  1.4112E-02  4.4703E-08 -3.7253E-09
 1.0000E-03 3.2391E-01  1.3760E-02 -1.1921E-07 -4.6566E-09
 1.0000E-03 3.2509E-01  1.3394E-02 -6.7055E-08  5.5879E-09
 1.0000E-03 3.2628E-01  1.3013E-02 -5.2154E-08  3.7253E-09
 1.0000E-03 3.2747E-01  1.2578E-02  1.1176E-07  2.7940E-09
 1.0000E-03 3.2868E-01  1.2129E-02  8.9407E-08 -4.6566E-09
 1.0000E-03 3.2989E-01  1.1668E-02 -1.1176E-07 -4.6566E-09
 1.0000E-03 3.3111E-01  1.1192E-02 -1.4901E-08  1.5832E-08
 1.0000E-03 3.3234E-01  1.0702E-02  5.2154E-08  1.6764E-08
 1.0000E-03 3.3358E-01  1.0196E-02 -1.2666E-07  1.8626E-09
 1.0000E-03 3.3483E-01  9.6726E-03  3.7253E-08  3.6322E-08
 1.0000E-03 3.3609E-01  9.1347E-03  1.1921E-07  3.7253E-08
 1.0000E-03 3.3736E-01  8.5927E-03  1.0431E-07 -8.3819E-09
 1.0000E-03 3.3864E-01  8.0458E-03  1.4901E-07  1.9558E-08
 1.0000E-03 3.3992E-01  7.4931E-03 -1.0431E-07  6.9849E-09
 1.0000E-03 3.4122E-01  6.9338E-03 -3.7253E-08 -6.9849E-09
 1.0000E-03 3.4253E-01  6.3666E-03  3.7253E-08 -8.3819E-09
 1.0000E-03 3.4385E-01  5.7908E-03 -4.4703E-08 -5.5879E-09
 1.0000E-03 3.4517E-01  5.2160E-03 -1.6391E-07 -4.6566E-10
 1.0000E-03 3.4651E-01  4.6546E-03 -6.7055E-08 -5.5879E-09
 1.0000E-03 3.4786E-01  4.0949E-03 -1.4901E-07  5.1223E-09
 1.0000E-03 3.4922E-01  3.5366E-03 -3.7253E-08  5.8208E-09
 1.0000E-03 3.5059E-01  2.9795E-03  1.1176E-07 -3.9581E-09
 1.0000E-03 3.5197E-01  2.4235E-03 -5.2154E-08  5.8208E-09
 1.0000E-03 3.5336E-01  1.8684E-03 -1.1921E-07 -3.1432E-09
 1.0000E-03 3.5476E-01  1.3232E-03  2.9802E-08  1.3970E-09
 1.0000E-03 3.5618E-01  7.8585E-04 -4.4703E-08 -1.5716E-09
 1.0000E-03 3.5760E-01  2.5352E-04 -7.4506E-09 -3.7835E-10
 1.0000E-03 3.5904E-01 -2.7328E-04  2.9802E-08  1.8626E-09
 1.0000E-03 3.6048E-01 -7.9395E-04  2.9802E-08  3.4925E-10
 1.0000E-03 3.6194E-01 -1.3078E-03  2.9802E-08 -1.6298E-09
 1.0000E-03 3.6341E-01 -1.8119E-03 -2.9802E-08  9.3132E-10
 1.0000E-03 3.6490E-01 -2.3048E-03 -1.4901E-08  4.4238E-09
 1.0000E-03 3.6639E-01 -2.7907E-03  2.9802E-08 -4.6566E-09
 1.0000E-03 3.6790E-01 -3.2669E-03 -1.1176E-07 -3.0268E-09
 1.0000E-03 3.6942E-01 -3.7325E-03 -5.9605E-08 -1.8626E-09
 1.0000E-03 3.7095E-01 -4.1858E-03 -1.4901E-08 -6.0536E-09
 1.0000E-03 3.7250E-01 -4.6238E-03 -1.6391E-07  1.8626E-09
 1.0000E-03 3.7406E-01 -5.0471E-03  8.9407E-08 -3.7253E-09
 1.0000E-03 3.7563E-01 -5.4578E-03  5.2154E-08  6.0536E-09
 1.0000E-03 3.7722E-01 -5.8535E-03  0.0000E+00  2.3283E-08
 1.0000E-03 3.7881E-01 -6.2311E-03  2.3097E-07 -1.6298E-08
 1.0000E-03 3.8043E-01 -6.5868E-03  2.4587E-07  9.7789E-09
 1.0000E-03 3.8205E-01 -6.9182E-03  2.6822E-07 -3.6322E-08
 1.0000E-03 3.8369E-01 -7.2277E-03 -9.6858E-08 -3.7253E-09
 1.0000E-03 3.8534E-01 -7.5131E-03  0.0000E+00 -1.3970E-09
 1.0000E-03 3.8701E-01 -7.7681E-03  4.4703E-08  1.6764E-08
 1.0000E-03 3.8870E-01 -7.9864E-03  3.1292E-07  1.1176E-08
 1.0000E-03 3.9039E-01 -8.1603E-03  5.9605E-08  7.5437E-08
 1.0000E-03 3.9211E-01 -8.2976E-03 -2.8312E-07  2.7940E-08
 1.0000E-03 3.9383E-01 -8.3818E-03  9.8348E-07  4.0792E-07
 1.0000E-03 3.9558E-01 -8.4018E-03 -5.0664E-07  5.2340E-07
 1.0000E-03 3.9733E-01 -8.3452E-03  1.6391E-07 -8.3819E-09
 1.0000E-03 3.9911E-01 -8.1962E-03  1.4901E-07  6.7987E-08
 1.0000E-03 4.0090E-01 -7.9519E-03 -2.2352E-07  2.0489E-08
 1.0000E-03 4.0270E-01 -7.5812E-03  1.3113E-06 -2.7940E-08
 1.0000E-03 4.0452E-01 -7.0556E-03 -4.4703E-08  1.5367E-08
 1.0000E-03 4.0636E-01 -6.3478E-03 -1.4901E-08 -7.3574E-08
 1.0000E-03 4.0822E-01 -5.4270E-03 -3.4273E-07  4.3772E-07
 1.0000E-03 4.1009E-01 -4.2544E-03 -8.9407E-08 -4.0047E-08
 1.0000E-03 4.1198E-01 -2.7776E-03 -7.4506E-08  2.2538E-07
 1.0000E-03 4.1389E-01 -9.5010E-04 -1.1921E-07  1.5169E-07
 1.0000E-03 4.1581E-01  1.2757E-03  4.3213E-07  4.3306E-08
 1.0000E-03 4.1776E-01  3.9490E-03 -4.9174E-07  8.9407E-08
 1.0000E-03 4.1972E-01  7.1454E-03 -7.7486E-07  2.8405E-08
 1.0000E-03 4.2170E-01  1.0888E-02 -3.4273E-07  5.1223E-07
 1.0000E-03 4.2370E-01  1.5207E-02  1.0431E-07  4.5635E-08
 1.0000E-03 4.2571E-01  2.0118E-02 -1.5348E-06 -7.8231E-08
 1.0000E-03 4.2775E-01  2.5630E-02 -1.6391E-07  1.6019E-07
 1.0000E-03 4.2981E-01  3.1698E-02  2.5332E-07 -2.9802E-08
 1.0000E-03 4.3188E-01  3.8237E-02 -2.5332E-07 -9.3132E-08
 1.0000E-03 4.3398E-01  4.5150E-02 -7.8976E-07 -6.7055E-08
 1.0000E-03 4.3610E-01  5.2304E-02 -1.1921E-07 -9.3132E-08
 1.0000E-03 4.3824E-01  5.9477E-02  2.2352E-07  9.6858E-08
 1.0000E-03 4.4039E-01  6.6456E-02 -2.9802E-08  3.1292E-07
 1.0000E-03 4.4257E-01  7.3029E-02 -5.3644E-07 -1.2666E-07
 1.0000E-03 4.4478E-01  7.8986E-02  1.3411E-07 -5.9605E-08
 1.0000E-03 4.4700E-01  8.4121E-02  1.1772E-06  8.9407E-08
 1.0000E-03 4.4925E-01  8.8330E-02  1.6391E-07  3.1292E-07
 1.0000E-03 4.5152E-01  9.1567E-02  1.3411E-07 -5.2154E-08
 1.0000E-03 4.5381E-01  9.3840E-02 -1.1921E-06 -4.4703E-08
 1.0000E-03 4.5612E-01  9.5217E-02 -1.6391E-07  5.9605E-08
 1.0000E-03 4.5846E-01  9.5821E-02 -1.0431E-07 -4.3213E-07
 1.0000E-03 4.6082E-01  9.5775E-02 -1.6391E-07 -3.3528E-07
 1.0000E-03 4.6321E-01  9.5198E-02 -4.7684E-07  4.4703E-07
 1.0000E-03 4.6563E-01  9.4225E-02 -2.4587E-07 -1.3411E-07
 1.0000E-03 4.6806E-01  9.2963E-02  4.7684E-07 -1.3411E-07
 1.0000E-03 4.7053E-01  9.1490E-02  1.4901E-07  9.6858E-08
 1.0000E-03 4.7302E-01  8.9874E-02 -2.8312E-07  3.7253E-08
 1.0000E-03 4.7553E-01  8.8178E-02 -5.9605E-08 -2.3842E-07
 1.0000E-03 4.7807E-01  8.6438E-02 -7.0781E-07  2.2352E-07
 1.0000E-03 4.8065E-01  8.4684E-02  2.9057E-07  5.9605E-08
 1.0000E-03 4.8324E-01  8.2943E-02  5.8115E-07 -6.7055E-08
 1.0000E-03 4.8587E-01  8.1239E-02  1.5460E-06 -2.9802E-07
 1.0000E-03 4.8852E-01  7.9587E-02 -2.7940E-07  6.7055E-08
 1.0000E-03 4.9121E-01  7.8004E-02  3.9116E-07  4.3213E-07
 1.0000E-03 4.9392E-01  7.6502E-02 -1.6391E-07 -2.3842E-07
 1.0000E-03 4.9667E-01  7.5089E-02  3.3528E-07 -2.2352E-08
 1.0000E-03 4.9944E-01  7.3772E-02 -2.0117E-07 -5.9605E-08
 1.0000E-03 5.0225E-01  7.2550E-02  1.7509E-07 -2.2352E-08
 1.0000E-03 5.0508E-01  7.1409E-02  2.7567E-07  4.4703E-08
 1.0000E-03 5.0795E-01  7.0332E-02 -2.3469E-07 -3.7253E-08
 1.0000E-03 5.1086E-01  6.9293E-02  5.4017E-07  8.9407E-08
 1.0000E-03 5.1379E-01  6.8260E-02 -2.4587E-07  3.0547E-07
 1.0000E-03 5.1676E-01  6.7210E-02  8.9407E-08  1.1176E-07
 1.0000E-03 5.1977E-01  6.6122E-02  2.3097E-07  3.4273E-07
 1.0000E-03 5.2281E-01  6.4991E-02 -1.0431E-07 -1.4901E-08
 1.0000E-03 5.2588E-01  6.3819E-02 -1.6019E-07 -2.8312E-07
 1.0000E-03 5.2899E-01  6.2619E-02 -1.6391E-07 -2.4587E-07
 1.0000E-03 5.3214E-01  6.1410E-02  1.7136E-07  1.7509E-07
 1.0000E-03 5.3533E-01  6.0209E-02  2.4028E-07 -4.3213E-07
 1.0000E-03 5.3855E-01  5.9034E-02  4.4890E-07  4.0978E-08
 1.0000E-03 5.4182E-01  5.7896E-02  5.1223E-07  1.0058E-07
 1.0000E-03 5.4512E-01  5.6800E-02  4.0233E-07  9.6858E-08
 1.0000E-03 5.4847E-01  5.5744E-02  4.9733E-07 -1.7136E-07
 1.0000E-03 5.5185E-01  5.4726E-02  2.4214E-08  7.4506E-09
 1.0000E-03 5.5528E-01  5.3739E-02 -1.9558E-07  3.2783E-07
 1.0000E-03 5.5875E-01  5.2779E-02  2.2165E-07  1.8626E-08
 1.0000E-03 5.6226E-01  5.1841E-02 -4.8056E-07 -1.4529E-07
 1.0000E-03 5.6582E-01  5.0921E-02 -5.8487E-07 -4.6566E-07
 1.0000E-03 5.6943E-01  5.0019E-02  5.1688E-07 -1.4901E-07
 1.0000E-03 5.7308E-01  4.9140E-02 -1.5777E-06  2.9430E-07
 1.0000E-03 5.7677E-01  4.8289E-02  3.6228E-07 -6.4448E-07
 1.0000E-03 5.8052E-01  4.7472E-02 -1.9558E-07  4.0978E-08
 1.0000E-03 5.8431E-01  4.6694E-02  1.0151E-06 -4.9546E-07
 1.0000E-03 5.8816E-01  4.5959E-02  1.4370E-06  9.3505E-07
 1.0000E-03 5.9205E-01  4.5270E-02  2.3283E-07  4.7311E-07
 1.0000E-03 5.9600E-01  4.4641E-02 -5.9884E-07 -1.1921E-07
 1.0000E-03 6.0000E-01  4.4086E-02 -1.0217E-06  1.2293E-07
