 DDSCAT --- DDSCAT 7.3.3 [22.01.20]   
 TARGET --->TARGSPHER  spherical target with explicit spacing                 
 GPFAFT --- method of solution 
 FLTRCD --- prescription for polarizabilities
 FROM_FILE --- shape 
    4169 = NAT0 = number of dipoles
 ../../diel/Pena-Rioux_dielectric_26Au_74Ag                  
 ../../diel/Pena-Rioux_dielectric_52Au_48Ag                  
 ../../diel/Pena-Rioux_dielectric_76Au_24Ag                  
   0.000   0.000 = beta_min, beta_max ;  NBETA = 1
   0.000   0.000 = theta_min, theta_max; NTHETA= 1
   0.000   0.000 = phi_min, phi_max   ;   NPHI = 1
 0.5000 = ETASCA (param. controlling # of scatt. dirs used to calculate <cos> etc.
 Results averaged over    1 target orientations
                   and  2 incident polarizations
   aeff       wave       Q_ext     Q_abs      Q_sca     g(1)=<cos>  <cos^2>    Q_bk       Nsca
 4.0000E-02 3.0000E-01 2.5515E+00 1.7724E+00 7.7905E-01  2.4667E-01 4.1414E-01 4.1082E-02   408
 4.0000E-02 3.0101E-01 2.5439E+00 1.7718E+00 7.7213E-01  2.4493E-01 4.1396E-01 4.1065E-02   408
 4.0000E-02 3.0203E-01 2.5362E+00 1.7710E+00 7.6518E-01  2.4320E-01 4.1378E-01 4.1037E-02   408
 4.0000E-02 3.0305E-01 2.5284E+00 1.7703E+00 7.5819E-01  2.4147E-01 4.1360E-01 4.1000E-02   408
 4.0000E-02 3.0408E-01 2.5206E+00 1.7694E+00 7.5116E-01  2.3976E-01 4.1343E-01 4.0953E-02   408
 4.0000E-02 3.0512E-01 2.5126E+00 1.7685E+00 7.4409E-01  2.3805E-01 4.1326E-01 4.0895E-02   408
 4.0000E-02 3.0616E-01 2.5046E+00 1.7676E+00 7.3699E-01  2.3635E-01 4.1309E-01 4.0829E-02   408
 4.0000E-02 3.0722E-01 2.4964E+00 1.7666E+00 7.2986E-01  2.3467E-01 4.1292E-01 4.0752E-02   408
 4.0000E-02 3.0828E-01 2.4884E+00 1.7656E+00 7.2280E-01  2.3298E-01 4.1276E-01 4.0673E-02   408
 4.0000E-02 3.0934E-01 2.4808E+00 1.7647E+00 7.1605E-01  2.3127E-01 4.1259E-01 4.0609E-02   408
 4.0000E-02 3.1042E-01 2.4730E+00 1.7638E+00 7.0927E-01  2.2957E-01 4.1243E-01 4.0536E-02   408
 4.0000E-02 3.1150E-01 2.4652E+00 1.7628E+00 7.0247E-01  2.2788E-01 4.1227E-01 4.0454E-02   408
 4.0000E-02 3.1259E-01 2.4573E+00 1.7617E+00 6.9564E-01  2.2619E-01 4.1211E-01 4.0364E-02   408
 4.0000E-02 3.1368E-01 2.4493E+00 1.7605E+00 6.8877E-01  2.2450E-01 4.1195E-01 4.0265E-02   408
 4.0000E-02 3.1479E-01 2.4411E+00 1.7592E+00 6.8187E-01  2.2291E-01 4.1195E-01 4.0158E-02   362
 4.0000E-02 3.1590E-01 2.4329E+00 1.7579E+00 6.7494E-01  2.2123E-01 4.1180E-01 4.0042E-02   362
 4.0000E-02 3.1702E-01 2.4245E+00 1.7565E+00 6.6798E-01  2.1956E-01 4.1165E-01 3.9918E-02   363
 4.0000E-02 3.1815E-01 2.4155E+00 1.7548E+00 6.6070E-01  2.1790E-01 4.1150E-01 3.9766E-02   363
 4.0000E-02 3.1929E-01 2.4062E+00 1.7530E+00 6.5330E-01  2.1625E-01 4.1136E-01 3.9600E-02   363
 4.0000E-02 3.2043E-01 2.3968E+00 1.7510E+00 6.4584E-01  2.1461E-01 4.1122E-01 3.9422E-02   363
 4.0000E-02 3.2158E-01 2.3871E+00 1.7488E+00 6.3831E-01  2.1297E-01 4.1108E-01 3.9233E-02   363
 4.0000E-02 3.2274E-01 2.3772E+00 1.7465E+00 6.3073E-01  2.1133E-01 4.1094E-01 3.9033E-02   363
 4.0000E-02 3.2391E-01 2.3672E+00 1.7441E+00 6.2309E-01  2.0970E-01 4.1080E-01 3.8821E-02   363
 4.0000E-02 3.2509E-01 2.3569E+00 1.7415E+00 6.1539E-01  2.0808E-01 4.1067E-01 3.8600E-02   363
 4.0000E-02 3.2628E-01 2.3464E+00 1.7387E+00 6.0765E-01  2.0645E-01 4.1053E-01 3.8368E-02   363
 4.0000E-02 3.2747E-01 2.3348E+00 1.7354E+00 5.9939E-01  2.0487E-01 4.1041E-01 3.8090E-02   363
 4.0000E-02 3.2868E-01 2.3232E+00 1.7320E+00 5.9128E-01  2.0327E-01 4.1028E-01 3.7815E-02   363
 4.0000E-02 3.2989E-01 2.3119E+00 1.7285E+00 5.8336E-01  2.0165E-01 4.1016E-01 3.7548E-02   363
 4.0000E-02 3.3111E-01 2.3007E+00 1.7251E+00 5.7565E-01  2.0003E-01 4.1003E-01 3.7288E-02   363
 4.0000E-02 3.3234E-01 2.2897E+00 1.7216E+00 5.6816E-01  1.9838E-01 4.0990E-01 3.7037E-02   363
 4.0000E-02 3.3358E-01 2.2789E+00 1.7180E+00 5.6088E-01  1.9672E-01 4.0978E-01 3.6795E-02   363
 4.0000E-02 3.3483E-01 2.2683E+00 1.7144E+00 5.5386E-01  1.9504E-01 4.0965E-01 3.6565E-02   363
 4.0000E-02 3.3609E-01 2.2585E+00 1.7111E+00 5.4739E-01  1.9331E-01 4.0952E-01 3.6370E-02   363
 4.0000E-02 3.3736E-01 2.2498E+00 1.7082E+00 5.4169E-01  1.9152E-01 4.0938E-01 3.6228E-02   363
 4.0000E-02 3.3864E-01 2.2420E+00 1.7055E+00 5.3654E-01  1.8969E-01 4.0925E-01 3.6119E-02   363
 4.0000E-02 3.3992E-01 2.2350E+00 1.7031E+00 5.3191E-01  1.8783E-01 4.0911E-01 3.6045E-02   363
 4.0000E-02 3.4122E-01 2.2288E+00 1.7009E+00 5.2786E-01  1.8593E-01 4.0896E-01 3.6009E-02   363
 4.0000E-02 3.4253E-01 2.2234E+00 1.6991E+00 5.2438E-01  1.8400E-01 4.0882E-01 3.6013E-02   363
 4.0000E-02 3.4385E-01 2.2190E+00 1.6975E+00 5.2151E-01  1.8203E-01 4.0867E-01 3.6058E-02   363
 4.0000E-02 3.4517E-01 2.2158E+00 1.6964E+00 5.1938E-01  1.8002E-01 4.0853E-01 3.6156E-02   363
 4.0000E-02 3.4651E-01 2.2140E+00 1.6960E+00 5.1805E-01  1.7798E-01 4.0837E-01 3.6311E-02   363
 4.0000E-02 3.4786E-01 2.2133E+00 1.6959E+00 5.1737E-01  1.7591E-01 4.0822E-01 3.6511E-02   363
 4.0000E-02 3.4922E-01 2.2137E+00 1.6963E+00 5.1733E-01  1.7382E-01 4.0807E-01 3.6760E-02   363
 4.0000E-02 3.5059E-01 2.2152E+00 1.6972E+00 5.1797E-01  1.7171E-01 4.0791E-01 3.7059E-02   363
 4.0000E-02 3.5197E-01 2.2179E+00 1.6986E+00 5.1931E-01  1.6959E-01 4.0776E-01 3.7410E-02   363
 4.0000E-02 3.5336E-01 2.2219E+00 1.7006E+00 5.2136E-01  1.6744E-01 4.0760E-01 3.7817E-02   363
 4.0000E-02 3.5476E-01 2.2273E+00 1.7031E+00 5.2417E-01  1.6529E-01 4.0744E-01 3.8281E-02   363
 4.0000E-02 3.5618E-01 2.2338E+00 1.7062E+00 5.2758E-01  1.6313E-01 4.0729E-01 3.8793E-02   363
 4.0000E-02 3.5760E-01 2.2415E+00 1.7098E+00 5.3165E-01  1.6098E-01 4.0713E-01 3.9357E-02   363
 4.0000E-02 3.5904E-01 2.2504E+00 1.7140E+00 5.3638E-01  1.5881E-01 4.0698E-01 3.9975E-02   363
 4.0000E-02 3.6048E-01 2.2605E+00 1.7187E+00 5.4179E-01  1.5665E-01 4.0682E-01 4.0648E-02   363
 4.0000E-02 3.6194E-01 2.2720E+00 1.7241E+00 5.4792E-01  1.5449E-01 4.0667E-01 4.1382E-02   363
 4.0000E-02 3.6341E-01 2.2848E+00 1.7300E+00 5.5476E-01  1.5232E-01 4.0651E-01 4.2177E-02   363
 4.0000E-02 3.6490E-01 2.2987E+00 1.7365E+00 5.6218E-01  1.5016E-01 4.0636E-01 4.3024E-02   363
 4.0000E-02 3.6639E-01 2.3138E+00 1.7436E+00 5.7023E-01  1.4800E-01 4.0621E-01 4.3925E-02   363
 4.0000E-02 3.6790E-01 2.3301E+00 1.7512E+00 5.7889E-01  1.4585E-01 4.0606E-01 4.4884E-02   363
 4.0000E-02 3.6942E-01 2.3476E+00 1.7594E+00 5.8824E-01  1.4370E-01 4.0591E-01 4.5904E-02   363
 4.0000E-02 3.7095E-01 2.3664E+00 1.7681E+00 5.9828E-01  1.4155E-01 4.0577E-01 4.6991E-02   363
 4.0000E-02 3.7250E-01 2.3866E+00 1.7776E+00 6.0903E-01  1.3940E-01 4.0562E-01 4.8143E-02   363
 4.0000E-02 3.7406E-01 2.4079E+00 1.7875E+00 6.2034E-01  1.3725E-01 4.0548E-01 4.9353E-02   363
 4.0000E-02 3.7563E-01 2.4303E+00 1.7980E+00 6.3229E-01  1.3510E-01 4.0533E-01 5.0627E-02   363
 4.0000E-02 3.7722E-01 2.4540E+00 1.8091E+00 6.4490E-01  1.3296E-01 4.0519E-01 5.1968E-02   363
 4.0000E-02 3.7881E-01 2.4789E+00 1.8207E+00 6.5828E-01  1.3080E-01 4.0505E-01 5.3386E-02   363
 4.0000E-02 3.8043E-01 2.5053E+00 1.8329E+00 6.7236E-01  1.2865E-01 4.0491E-01 5.4877E-02   363
 4.0000E-02 3.8205E-01 2.5329E+00 1.8458E+00 6.8716E-01  1.2649E-01 4.0477E-01 5.6445E-02   363
 4.0000E-02 3.8369E-01 2.5618E+00 1.8592E+00 7.0262E-01  1.2433E-01 4.0464E-01 5.8086E-02   363
 4.0000E-02 3.8534E-01 2.5920E+00 1.8731E+00 7.1885E-01  1.2217E-01 4.0451E-01 5.9809E-02   363
 4.0000E-02 3.8701E-01 2.6235E+00 1.8876E+00 7.3590E-01  1.2000E-01 4.0437E-01 6.1623E-02   363
 4.0000E-02 3.8870E-01 2.6566E+00 1.9028E+00 7.5379E-01  1.1782E-01 4.0424E-01 6.3531E-02   363
 4.0000E-02 3.9039E-01 2.6912E+00 1.9186E+00 7.7261E-01  1.1570E-01 4.0428E-01 6.5541E-02   323
 4.0000E-02 3.9211E-01 2.7272E+00 1.9350E+00 7.9224E-01  1.1350E-01 4.0416E-01 6.7646E-02   323
 4.0000E-02 3.9383E-01 2.7648E+00 1.9520E+00 8.1285E-01  1.1129E-01 4.0403E-01 6.9863E-02   323
 4.0000E-02 3.9558E-01 2.8042E+00 1.9697E+00 8.3449E-01  1.0907E-01 4.0391E-01 7.2196E-02   323
 4.0000E-02 3.9733E-01 2.8453E+00 1.9880E+00 8.5725E-01  1.0683E-01 4.0378E-01 7.4659E-02   323
 4.0000E-02 3.9911E-01 2.8884E+00 2.0072E+00 8.8120E-01  1.0457E-01 4.0366E-01 7.7259E-02   323
 4.0000E-02 4.0090E-01 2.9333E+00 2.0270E+00 9.0632E-01  1.0231E-01 4.0354E-01 7.9997E-02   323
 4.0000E-02 4.0270E-01 2.9804E+00 2.0476E+00 9.3277E-01  1.0004E-01 4.0343E-01 8.2888E-02   323
 4.0000E-02 4.0452E-01 3.0297E+00 2.0690E+00 9.6068E-01  9.7754E-02 4.0331E-01 8.5946E-02   323
 4.0000E-02 4.0636E-01 3.0815E+00 2.0914E+00 9.9012E-01  9.5459E-02 4.0320E-01 8.9181E-02   323
 4.0000E-02 4.0822E-01 3.1358E+00 2.1147E+00 1.0211E+00  9.3149E-02 4.0309E-01 9.2605E-02   323
 4.0000E-02 4.1009E-01 3.1927E+00 2.1389E+00 1.0538E+00  9.0828E-02 4.0298E-01 9.6227E-02   323
 4.0000E-02 4.1198E-01 3.2525E+00 2.1642E+00 1.0884E+00  8.8495E-02 4.0288E-01 1.0007E-01   323
 4.0000E-02 4.1389E-01 3.3154E+00 2.1906E+00 1.1248E+00  8.6150E-02 4.0278E-01 1.0414E-01   323
 4.0000E-02 4.1581E-01 3.3813E+00 2.2181E+00 1.1632E+00  8.3792E-02 4.0267E-01 1.0845E-01   323
 4.0000E-02 4.1776E-01 3.4504E+00 2.2468E+00 1.2035E+00  8.1426E-02 4.0258E-01 1.1300E-01   323
 4.0000E-02 4.1972E-01 3.5226E+00 2.2766E+00 1.2459E+00  7.9051E-02 4.0248E-01 1.1780E-01   323
 4.0000E-02 4.2170E-01 3.5979E+00 2.3076E+00 1.2903E+00  7.6674E-02 4.0239E-01 1.2286E-01   323
 4.0000E-02 4.2370E-01 3.6763E+00 2.3398E+00 1.3365E+00  7.4301E-02 4.0230E-01 1.2816E-01   323
 4.0000E-02 4.2571E-01 3.7575E+00 2.3729E+00 1.3846E+00  7.1935E-02 4.0222E-01 1.3369E-01   323
 4.0000E-02 4.2775E-01 3.8414E+00 2.4071E+00 1.4343E+00  6.9580E-02 4.0213E-01 1.3946E-01   323
 4.0000E-02 4.2981E-01 3.9279E+00 2.4421E+00 1.4858E+00  6.7246E-02 4.0206E-01 1.4547E-01   323
 4.0000E-02 4.3188E-01 4.0170E+00 2.4779E+00 1.5390E+00  6.4935E-02 4.0198E-01 1.5171E-01   323
 4.0000E-02 4.3398E-01 4.1085E+00 2.5146E+00 1.5939E+00  6.2654E-02 4.0192E-01 1.5818E-01   323
 4.0000E-02 4.3610E-01 4.2025E+00 2.5520E+00 1.6506E+00  6.0405E-02 4.0185E-01 1.6490E-01   323
 4.0000E-02 4.3824E-01 4.2994E+00 2.5901E+00 1.7093E+00  5.8199E-02 4.0179E-01 1.7187E-01   323
 4.0000E-02 4.4039E-01 4.3990E+00 2.6290E+00 1.7700E+00  5.6034E-02 4.0173E-01 1.7911E-01   323
 4.0000E-02 4.4257E-01 4.5015E+00 2.6686E+00 1.8329E+00  5.3915E-02 4.0168E-01 1.8663E-01   323
 4.0000E-02 4.4478E-01 4.6071E+00 2.7090E+00 1.8981E+00  5.1845E-02 4.0163E-01 1.9444E-01   323
 4.0000E-02 4.4700E-01 4.7160E+00 2.7501E+00 1.9659E+00  4.9824E-02 4.0159E-01 2.0257E-01   323
 4.0000E-02 4.4925E-01 4.8283E+00 2.7918E+00 2.0364E+00  4.7850E-02 4.0154E-01 2.1104E-01   323
 4.0000E-02 4.5152E-01 4.9441E+00 2.8342E+00 2.1099E+00  4.5919E-02 4.0150E-01 2.1986E-01   323
 4.0000E-02 4.5381E-01 5.0634E+00 2.8770E+00 2.1865E+00  4.4028E-02 4.0147E-01 2.2908E-01   323
 4.0000E-02 4.5612E-01 5.1868E+00 2.9202E+00 2.2666E+00  4.2168E-02 4.0143E-01 2.3875E-01   323
 4.0000E-02 4.5846E-01 5.3140E+00 2.9635E+00 2.3505E+00  4.0328E-02 4.0139E-01 2.4888E-01   323
 4.0000E-02 4.6082E-01 5.4452E+00 3.0068E+00 2.4384E+00  3.8504E-02 4.0136E-01 2.5953E-01   323
 4.0000E-02 4.6321E-01 5.5805E+00 3.0496E+00 2.5309E+00  3.6690E-02 4.0133E-01 2.7076E-01   323
 4.0000E-02 4.6563E-01 5.7200E+00 3.0919E+00 2.6281E+00  3.4875E-02 4.0130E-01 2.8262E-01   323
 4.0000E-02 4.6806E-01 5.8631E+00 3.1330E+00 2.7301E+00  3.3062E-02 4.0128E-01 2.9510E-01   323
 4.0000E-02 4.7053E-01 6.0097E+00 3.1727E+00 2.8371E+00  3.1255E-02 4.0126E-01 3.0823E-01   323
 4.0000E-02 4.7302E-01 6.1593E+00 3.2102E+00 2.9491E+00  2.9458E-02 4.0124E-01 3.2203E-01   323
 4.0000E-02 4.7553E-01 6.3104E+00 3.2451E+00 3.0652E+00  2.7683E-02 4.0122E-01 3.3638E-01   323
 4.0000E-02 4.7807E-01 6.4614E+00 3.2765E+00 3.1849E+00  2.5945E-02 4.0121E-01 3.5121E-01   323
 4.0000E-02 4.8065E-01 6.6106E+00 3.3035E+00 3.3071E+00  2.4255E-02 4.0120E-01 3.6640E-01   323
 4.0000E-02 4.8324E-01 6.7549E+00 3.3248E+00 3.4301E+00  2.2625E-02 4.0119E-01 3.8172E-01   323
 4.0000E-02 4.8587E-01 6.8905E+00 3.3392E+00 3.5513E+00  2.1068E-02 4.0119E-01 3.9686E-01   323
 4.0000E-02 4.8852E-01 7.0133E+00 3.3452E+00 3.6681E+00  1.9587E-02 4.0118E-01 4.1151E-01   323
 4.0000E-02 4.9121E-01 7.1179E+00 3.3410E+00 3.7769E+00  1.8183E-02 4.0118E-01 4.2525E-01   323
 4.0000E-02 4.9392E-01 7.1984E+00 3.3253E+00 3.8732E+00  1.6855E-02 4.0119E-01 4.3755E-01   323
 4.0000E-02 4.9667E-01 7.2497E+00 3.2965E+00 3.9533E+00  1.5597E-02 4.0119E-01 4.4798E-01   323
 4.0000E-02 4.9944E-01 7.2665E+00 3.2536E+00 4.0129E+00  1.4401E-02 4.0119E-01 4.5604E-01   323
 4.0000E-02 5.0225E-01 7.2447E+00 3.1962E+00 4.0485E+00  1.3258E-02 4.0119E-01 4.6130E-01   323
 4.0000E-02 5.0508E-01 7.1827E+00 3.1247E+00 4.0580E+00  1.2164E-02 4.0119E-01 4.6353E-01   323
 4.0000E-02 5.0795E-01 7.0798E+00 3.0400E+00 4.0399E+00  1.1107E-02 4.0119E-01 4.6254E-01   324
 4.0000E-02 5.1086E-01 6.9377E+00 2.9435E+00 3.9942E+00  1.0085E-02 4.0119E-01 4.5833E-01   324
 4.0000E-02 5.1379E-01 6.7603E+00 2.8374E+00 3.9229E+00  9.1247E-03 4.0139E-01 4.5110E-01   285
 4.0000E-02 5.1676E-01 6.5519E+00 2.7239E+00 3.8280E+00  8.1505E-03 4.0138E-01 4.4107E-01   285
 4.0000E-02 5.1977E-01 6.3180E+00 2.6058E+00 3.7122E+00  7.1924E-03 4.0138E-01 4.2857E-01   285
 4.0000E-02 5.2281E-01 6.0650E+00 2.4854E+00 3.5796E+00  6.2467E-03 4.0137E-01 4.1405E-01   285
 4.0000E-02 5.2588E-01 5.7990E+00 2.3654E+00 3.4337E+00  5.3084E-03 4.0137E-01 3.9791E-01   285
 4.0000E-02 5.2899E-01 5.5264E+00 2.2482E+00 3.2782E+00  4.3734E-03 4.0136E-01 3.8060E-01   285
 4.0000E-02 5.3214E-01 5.2533E+00 2.1359E+00 3.1175E+00  3.4408E-03 4.0135E-01 3.6260E-01   285
 4.0000E-02 5.3533E-01 4.9851E+00 2.0301E+00 2.9551E+00  2.5119E-03 4.0134E-01 3.4434E-01   285
 4.0000E-02 5.3855E-01 4.7263E+00 1.9317E+00 2.7946E+00  1.5864E-03 4.0133E-01 3.2623E-01   285
 4.0000E-02 5.4182E-01 4.4799E+00 1.8411E+00 2.6387E+00  6.6434E-04 4.0132E-01 3.0861E-01   285
 4.0000E-02 5.4512E-01 4.2475E+00 1.7580E+00 2.4896E+00 -2.5298E-04 4.0131E-01 2.9170E-01   285
 4.0000E-02 5.4847E-01 4.0298E+00 1.6816E+00 2.3481E+00 -1.1653E-03 4.0130E-01 2.7564E-01   285
 4.0000E-02 5.5185E-01 3.8260E+00 1.6110E+00 2.2149E+00 -2.0717E-03 4.0129E-01 2.6049E-01   285
 4.0000E-02 5.5528E-01 3.6352E+00 1.5456E+00 2.0896E+00 -2.9713E-03 4.0129E-01 2.4620E-01   285
 4.0000E-02 5.5875E-01 3.4562E+00 1.4846E+00 1.9715E+00 -3.8639E-03 4.0128E-01 2.3273E-01   285
 4.0000E-02 5.6226E-01 3.2884E+00 1.4280E+00 1.8603E+00 -4.7510E-03 4.0128E-01 2.2001E-01   285
 4.0000E-02 5.6582E-01 3.1312E+00 1.3758E+00 1.7554E+00 -5.6317E-03 4.0127E-01 2.0797E-01   285
 4.0000E-02 5.6943E-01 2.9845E+00 1.3283E+00 1.6562E+00 -6.5063E-03 4.0126E-01 1.9658E-01   285
 4.0000E-02 5.7308E-01 2.8484E+00 1.2857E+00 1.5627E+00 -7.3728E-03 4.0125E-01 1.8582E-01   285
 4.0000E-02 5.7677E-01 2.7235E+00 1.2485E+00 1.4750E+00 -8.2285E-03 4.0125E-01 1.7570E-01   285
 4.0000E-02 5.8052E-01 2.6098E+00 1.2168E+00 1.3931E+00 -9.0687E-03 4.0124E-01 1.6623E-01   285
 4.0000E-02 5.8431E-01 2.5074E+00 1.1903E+00 1.3171E+00 -9.8897E-03 4.0123E-01 1.5744E-01   285
 4.0000E-02 5.8816E-01 2.4160E+00 1.1690E+00 1.2470E+00 -1.0686E-02 4.0122E-01 1.4931E-01   285
 4.0000E-02 5.9205E-01 2.3355E+00 1.1526E+00 1.1829E+00 -1.1451E-02 4.0121E-01 1.4186E-01   285
 4.0000E-02 5.9600E-01 2.2663E+00 1.1415E+00 1.1248E+00 -1.2178E-02 4.0121E-01 1.3511E-01   285
 4.0000E-02 6.0000E-01 2.2086E+00 1.1351E+00 1.0735E+00 -1.2857E-02 4.0120E-01 1.2914E-01   285
