 DDSCAT --- DDSCAT 7.3.3 [22.01.20]   
 TARGET --->TARGSPHER  spherical target with explicit spacing                 
 GPFAFT --- method of solution 
 FLTRCD --- prescription for polarizabilities
 FROM_FILE --- shape 
    4169 = NAT0 = number of dipoles
 ../../diel/Pena-Rioux_dielectric_26Au_74Ag                  
 ../../diel/Pena-Rioux_dielectric_52Au_48Ag                  
 ../../diel/Pena-Rioux_dielectric_76Au_24Ag                  
   0.000   0.000 = beta_min, beta_max ;  NBETA = 1
   0.000   0.000 = theta_min, theta_max; NTHETA= 1
   0.000   0.000 = phi_min, phi_max   ;   NPHI = 1
 Results averaged over    1 target orientations
                   and  2 incident polarizations
   aeff       wave       Q_pha       Q_pol       Q_cpol
 4.0000E-02 3.0000E-01 -2.5917E-02  9.5367E-07  4.6566E-08
 4.0000E-02 3.0101E-01 -2.4691E-02 -1.9073E-06 -4.6566E-08
 4.0000E-02 3.0203E-01 -2.3623E-02 -1.4305E-06 -3.9116E-08
 4.0000E-02 3.0305E-01 -2.2718E-02  2.8610E-06 -4.8429E-08
 4.0000E-02 3.0408E-01 -2.1981E-02  5.4836E-06 -7.0781E-08
 4.0000E-02 3.0512E-01 -2.1418E-02 -3.3379E-06  1.8626E-09
 4.0000E-02 3.0616E-01 -2.1033E-02  0.0000E+00  4.6566E-08
 4.0000E-02 3.0722E-01 -2.0833E-02  0.0000E+00 -2.7940E-08
 4.0000E-02 3.0828E-01 -2.0793E-02  5.9605E-06 -2.4214E-08
 4.0000E-02 3.0934E-01 -2.0807E-02  5.9605E-06 -1.6764E-08
 4.0000E-02 3.1042E-01 -2.0964E-02  3.8147E-06 -5.5879E-09
 4.0000E-02 3.1150E-01 -2.1268E-02 -5.4836E-06 -1.4901E-08
 4.0000E-02 3.1259E-01 -2.1722E-02 -3.3379E-06 -3.5390E-08
 4.0000E-02 3.1368E-01 -2.2334E-02  2.3842E-06 -2.0489E-08
 4.0000E-02 3.1479E-01 -2.3107E-02  4.2915E-06 -5.7742E-08
 4.0000E-02 3.1590E-01 -2.4048E-02 -4.0531E-06  0.0000E+00
 4.0000E-02 3.1702E-01 -2.5159E-02  2.3842E-07 -3.5390E-08
 4.0000E-02 3.1815E-01 -2.6071E-02 -7.6294E-06  7.2643E-08
 4.0000E-02 3.1929E-01 -2.7182E-02  4.0531E-06 -2.2352E-08
 4.0000E-02 3.2043E-01 -2.8573E-02  9.5367E-07  7.0781E-08
 4.0000E-02 3.2158E-01 -3.0251E-02 -9.5367E-07  9.3132E-09
 4.0000E-02 3.2274E-01 -3.2226E-02  9.5367E-07  4.0978E-08
 4.0000E-02 3.2391E-01 -3.4509E-02  9.5367E-07  0.0000E+00
 4.0000E-02 3.2509E-01 -3.7106E-02 -9.5367E-07 -1.1548E-07
 4.0000E-02 3.2628E-01 -4.0031E-02  4.2915E-06  6.3330E-08
 4.0000E-02 3.2747E-01 -4.3846E-02 -2.1458E-06 -9.6858E-08
 4.0000E-02 3.2868E-01 -4.8155E-02  1.6689E-06  3.7253E-09
 4.0000E-02 3.2989E-01 -5.2950E-02  1.1921E-06 -1.3411E-07
 4.0000E-02 3.3111E-01 -5.8244E-02 -6.6757E-06 -5.5879E-08
 4.0000E-02 3.3234E-01 -6.4055E-02 -5.4836E-06 -1.0431E-07
 4.0000E-02 3.3358E-01 -7.0398E-02 -2.8610E-06  0.0000E+00
 4.0000E-02 3.3483E-01 -7.7289E-02  6.4373E-06  3.7253E-08
 4.0000E-02 3.3609E-01 -8.4947E-02 -2.8610E-06  1.8626E-07
 4.0000E-02 3.3736E-01 -9.3286E-02 -4.2915E-06 -2.2352E-08
 4.0000E-02 3.3864E-01 -1.0206E-01  4.2915E-06 -2.9802E-08
 4.0000E-02 3.3992E-01 -1.1130E-01 -9.5367E-07 -1.2666E-07
 4.0000E-02 3.4122E-01 -1.2099E-01  6.1989E-06 -1.4901E-07
 4.0000E-02 3.4253E-01 -1.3117E-01  0.0000E+00  1.3411E-07
 4.0000E-02 3.4385E-01 -1.4184E-01 -6.4373E-06  2.0862E-07
 4.0000E-02 3.4517E-01 -1.5292E-01 -1.6689E-06  8.9407E-08
 4.0000E-02 3.4651E-01 -1.6419E-01 -3.0994E-06  3.2783E-07
 4.0000E-02 3.4786E-01 -1.7571E-01 -7.1526E-07 -2.9802E-08
 4.0000E-02 3.4922E-01 -1.8748E-01 -1.1921E-06  1.4901E-07
 4.0000E-02 3.5059E-01 -1.9952E-01 -1.4305E-06  5.9605E-08
 4.0000E-02 3.5197E-01 -2.1183E-01 -1.4305E-06 -1.6391E-07
 4.0000E-02 3.5336E-01 -2.2443E-01  2.3842E-06  2.2352E-07
 4.0000E-02 3.5476E-01 -2.3712E-01  5.4836E-06  1.6391E-07
 4.0000E-02 3.5618E-01 -2.4984E-01  1.9073E-06  5.9605E-08
 4.0000E-02 3.5760E-01 -2.6267E-01 -8.8215E-06 -1.1921E-07
 4.0000E-02 3.5904E-01 -2.7561E-01 -3.0994E-06  1.1921E-07
 4.0000E-02 3.6048E-01 -2.8865E-01  9.5367E-07 -5.3644E-07
 4.0000E-02 3.6194E-01 -3.0180E-01  1.1921E-06 -3.2783E-07
 4.0000E-02 3.6341E-01 -3.1499E-01  2.3842E-07  4.4703E-07
 4.0000E-02 3.6490E-01 -3.2810E-01 -7.1526E-07 -2.3842E-07
 4.0000E-02 3.6639E-01 -3.4121E-01 -2.1458E-06  6.2585E-07
 4.0000E-02 3.6790E-01 -3.5432E-01  5.2452E-06  4.7684E-07
 4.0000E-02 3.6942E-01 -3.6744E-01  6.9141E-06 -3.8743E-07
 4.0000E-02 3.7095E-01 -3.8056E-01  2.3842E-07  5.6624E-07
 4.0000E-02 3.7250E-01 -3.9362E-01  7.3910E-06  4.7684E-07
 4.0000E-02 3.7406E-01 -4.0658E-01 -6.9141E-06  8.9407E-08
 4.0000E-02 3.7563E-01 -4.1951E-01 -3.0994E-06  2.9802E-07
 4.0000E-02 3.7722E-01 -4.3239E-01  3.0994E-06 -2.3842E-07
 4.0000E-02 3.7881E-01 -4.4525E-01  2.1458E-06 -8.9407E-08
 4.0000E-02 3.8043E-01 -4.5801E-01  2.3842E-06 -3.5763E-07
 4.0000E-02 3.8205E-01 -4.7068E-01 -2.8610E-06  1.6689E-06
 4.0000E-02 3.8369E-01 -4.8327E-01  1.9073E-06  5.3644E-07
 4.0000E-02 3.8534E-01 -4.9582E-01  3.5763E-06 -1.7285E-06
 4.0000E-02 3.8701E-01 -5.0832E-01  4.2915E-06 -2.9802E-07
 4.0000E-02 3.8870E-01 -5.2074E-01  2.1458E-05  3.5167E-06
 4.0000E-02 3.9039E-01 -5.3303E-01  3.5763E-06 -7.1526E-07
 4.0000E-02 3.9211E-01 -5.4526E-01 -1.2875E-05 -3.6359E-06
 4.0000E-02 3.9383E-01 -5.5743E-01 -3.5763E-06  8.3447E-07
 4.0000E-02 3.9558E-01 -5.6954E-01 -1.7643E-05  5.4836E-06
 4.0000E-02 3.9733E-01 -5.8155E-01  1.6689E-06  1.5497E-06
 4.0000E-02 3.9911E-01 -5.9341E-01 -7.1526E-07 -1.1921E-06
 4.0000E-02 4.0090E-01 -6.0515E-01 -9.5367E-07 -1.0133E-06
 4.0000E-02 4.0270E-01 -6.1678E-01 -1.9073E-06 -1.0729E-06
 4.0000E-02 4.0452E-01 -6.2823E-01 -3.5524E-05 -7.8082E-06
 4.0000E-02 4.0636E-01 -6.3942E-01 -4.7684E-06  5.9605E-07
 4.0000E-02 4.0822E-01 -6.5028E-01 -1.4305E-06 -1.7881E-07
 4.0000E-02 4.1009E-01 -6.6081E-01  2.1458E-06 -9.5367E-07
 4.0000E-02 4.1198E-01 -6.7090E-01  4.2915E-06 -1.1921E-07
 4.0000E-02 4.1389E-01 -6.8043E-01  2.8610E-06 -7.7486E-07
 4.0000E-02 4.1581E-01 -6.8923E-01 -1.1921E-06 -1.7881E-06
 4.0000E-02 4.1776E-01 -6.9715E-01 -6.1989E-06  7.7486E-07
 4.0000E-02 4.1972E-01 -7.0417E-01 -1.1921E-06  3.5763E-07
 4.0000E-02 4.2170E-01 -7.1000E-01 -4.2915E-06 -3.3975E-06
 4.0000E-02 4.2370E-01 -7.1453E-01 -7.3910E-06 -2.3842E-07
 4.0000E-02 4.2571E-01 -7.1765E-01 -1.3351E-05 -4.8280E-06
 4.0000E-02 4.2775E-01 -7.1933E-01 -1.2398E-05  1.0729E-06
 4.0000E-02 4.2981E-01 -7.1951E-01  7.3910E-06  3.0994E-06
 4.0000E-02 4.3188E-01 -7.1814E-01 -3.8147E-06  0.0000E+00
 4.0000E-02 4.3398E-01 -7.1519E-01 -2.8610E-06 -7.7486E-07
 4.0000E-02 4.3610E-01 -7.1068E-01  5.2452E-06  5.9605E-07
 4.0000E-02 4.3824E-01 -7.0451E-01  6.6757E-06  5.4240E-06
 4.0000E-02 4.4039E-01 -6.9658E-01  5.2452E-06 -1.3709E-06
 4.0000E-02 4.4257E-01 -6.8681E-01 -1.0967E-05  1.3709E-06
 4.0000E-02 4.4478E-01 -6.7509E-01  1.0014E-05  1.2517E-06
 4.0000E-02 4.4700E-01 -6.6123E-01  1.2398E-05 -2.3842E-06
 4.0000E-02 4.4925E-01 -6.4501E-01 -2.3842E-06  2.3842E-07
 4.0000E-02 4.5152E-01 -6.2623E-01 -1.5259E-05  3.8743E-06
 4.0000E-02 4.5381E-01 -6.0468E-01  6.1989E-06  2.6226E-06
 4.0000E-02 4.5612E-01 -5.8003E-01  1.1921E-05  3.1590E-06
 4.0000E-02 4.5846E-01 -5.5191E-01  1.1921E-05 -5.1856E-06
 4.0000E-02 4.6082E-01 -5.1995E-01 -1.6689E-05  4.1723E-06
 4.0000E-02 4.6321E-01 -4.8375E-01  4.7684E-07 -4.6790E-06
 4.0000E-02 4.6563E-01 -4.4255E-01  9.5367E-07  2.3842E-07
 4.0000E-02 4.6806E-01 -3.9579E-01 -1.4782E-05  1.4901E-07
 4.0000E-02 4.7053E-01 -3.4274E-01 -2.0504E-05  1.7583E-06
 4.0000E-02 4.7302E-01 -2.8249E-01  7.1526E-06  4.2319E-06
 4.0000E-02 4.7553E-01 -2.1404E-01 -2.0027E-05  1.1548E-05
 4.0000E-02 4.7807E-01 -1.3655E-01 -3.8147E-06  5.8562E-06
 4.0000E-02 4.8065E-01 -4.8929E-02 -8.1062E-06 -1.5307E-05
 4.0000E-02 4.8324E-01  4.9867E-02  2.3842E-06 -9.0562E-06
 4.0000E-02 4.8587E-01  1.6038E-01  1.4782E-05 -5.6475E-06
 4.0000E-02 4.8852E-01  2.8315E-01  1.0014E-05 -1.7047E-05
 4.0000E-02 4.9121E-01  4.1834E-01 -1.4782E-05 -1.1921E-07
 4.0000E-02 4.9392E-01  5.6489E-01 -1.8597E-05  3.5763E-07
 4.0000E-02 4.9667E-01  7.2133E-01  2.4796E-05  9.5367E-07
 4.0000E-02 4.9944E-01  8.8545E-01 -2.7657E-05  7.2122E-06
 4.0000E-02 5.0225E-01  1.0540E+00 -5.2929E-05 -4.2915E-06
 4.0000E-02 5.0508E-01  1.2233E+00  6.6757E-06 -1.8358E-05
 4.0000E-02 5.0795E-01  1.3896E+00  4.7684E-07 -2.3842E-06
 4.0000E-02 5.1086E-01  1.5490E+00 -2.3842E-06 -4.6492E-06
 4.0000E-02 5.1379E-01  1.6983E+00  2.3365E-05 -1.0371E-05
 4.0000E-02 5.1676E-01  1.8348E+00 -3.5286E-05 -5.4836E-06
 4.0000E-02 5.1977E-01  1.9561E+00  9.0599E-06  9.5367E-07
 4.0000E-02 5.2281E-01  2.0610E+00  3.7670E-05 -9.5367E-07
 4.0000E-02 5.2588E-01  2.1487E+00 -1.2398E-05 -5.4836E-06
 4.0000E-02 5.2899E-01  2.2189E+00 -3.8624E-05  1.5736E-05
 4.0000E-02 5.3214E-01  2.2725E+00  6.1989E-06  9.0599E-06
 4.0000E-02 5.3533E-01  2.3104E+00  9.5367E-07 -3.3379E-06
 4.0000E-02 5.3855E-01  2.3346E+00 -1.0490E-05 -1.6689E-06
 4.0000E-02 5.4182E-01  2.3472E+00  1.3351E-05 -9.5367E-07
 4.0000E-02 5.4512E-01  2.3503E+00  8.5831E-06 -4.7684E-07
 4.0000E-02 5.4847E-01  2.3459E+00 -2.8610E-06  7.8678E-06
 4.0000E-02 5.5185E-01  2.3357E+00 -1.1206E-05  4.8637E-05
 4.0000E-02 5.5528E-01  2.3209E+00  4.0531E-05  1.2636E-05
 4.0000E-02 5.5875E-01  2.3022E+00  2.3842E-05  1.9073E-06
 4.0000E-02 5.6226E-01  2.2803E+00  3.1948E-05  6.4373E-06
 4.0000E-02 5.6582E-01  2.2554E+00 -4.7445E-05  3.6955E-05
 4.0000E-02 5.6943E-01  2.2277E+00  2.6464E-05 -1.5259E-05
 4.0000E-02 5.7308E-01  2.1976E+00 -1.6451E-05  3.5763E-06
 4.0000E-02 5.7677E-01  2.1657E+00  4.3631E-05  2.9325E-05
 4.0000E-02 5.8052E-01  2.1324E+00  2.0266E-05 -1.4782E-05
 4.0000E-02 5.8431E-01  2.0985E+00  5.2929E-05  1.5259E-05
 4.0000E-02 5.8816E-01  2.0646E+00 -7.0333E-05 -1.2398E-05
 4.0000E-02 5.9205E-01  2.0313E+00  4.4346E-05  2.6226E-06
 4.0000E-02 5.9600E-01  1.9993E+00  2.1458E-05 -1.1921E-06
 4.0000E-02 6.0000E-01  1.9699E+00 -6.6996E-05  1.1563E-05
