 DDSCAT --- DDSCAT 7.3.3 [22.01.20]   
 TARGET --->TARGSPHER  spherical target with explicit spacing                 
 GPFAFT --- method of solution 
 GKDLDR --- prescription for polarizabilities
 FROM_FILE --- shape 
    4169 = NAT0 = number of dipoles
 ../../diel/Pena-Rioux_dielectric_26Au_74Ag                  
 ../../diel/Pena-Rioux_dielectric_92Au_8Ag                   
 ../../diel/Au_evap                                          
   0.000   0.000 = beta_min, beta_max ;  NBETA = 1
   0.000   0.000 = theta_min, theta_max; NTHETA= 1
   0.000   0.000 = phi_min, phi_max   ;   NPHI = 1
 0.5000 = ETASCA (param. controlling # of scatt. dirs used to calculate <cos> etc.
 Results averaged over    1 target orientations
                   and  2 incident polarizations
   aeff       wave       Q_ext     Q_abs      Q_sca     g(1)=<cos>  <cos^2>    Q_bk       Nsca
 4.0000E-02 3.0000E-01 2.6153E+00 1.8085E+00 8.0686E-01  2.5530E-01 4.1460E-01 4.0582E-02   408
 4.0000E-02 3.0101E-01 2.6080E+00 1.8080E+00 8.0003E-01  2.5351E-01 4.1440E-01 4.0603E-02   408
 4.0000E-02 3.0203E-01 2.6009E+00 1.8075E+00 7.9338E-01  2.5167E-01 4.1421E-01 4.0628E-02   408
 4.0000E-02 3.0305E-01 2.5937E+00 1.8070E+00 7.8670E-01  2.4984E-01 4.1402E-01 4.0645E-02   408
 4.0000E-02 3.0408E-01 2.5865E+00 1.8065E+00 7.8002E-01  2.4801E-01 4.1383E-01 4.0656E-02   408
 4.0000E-02 3.0512E-01 2.5793E+00 1.8059E+00 7.7334E-01  2.4618E-01 4.1364E-01 4.0658E-02   408
 4.0000E-02 3.0616E-01 2.5720E+00 1.8054E+00 7.6665E-01  2.4437E-01 4.1345E-01 4.0652E-02   408
 4.0000E-02 3.0722E-01 2.5647E+00 1.8048E+00 7.5997E-01  2.4256E-01 4.1327E-01 4.0639E-02   408
 4.0000E-02 3.0828E-01 2.5576E+00 1.8042E+00 7.5339E-01  2.4075E-01 4.1309E-01 4.0625E-02   408
 4.0000E-02 3.0934E-01 2.5510E+00 1.8038E+00 7.4721E-01  2.3891E-01 4.1290E-01 4.0630E-02   408
 4.0000E-02 3.1042E-01 2.5445E+00 1.8034E+00 7.4102E-01  2.3708E-01 4.1272E-01 4.0629E-02   408
 4.0000E-02 3.1150E-01 2.5377E+00 1.8030E+00 7.3471E-01  2.3530E-01 4.1254E-01 4.0609E-02   408
 4.0000E-02 3.1259E-01 2.5309E+00 1.8025E+00 7.2838E-01  2.3355E-01 4.1237E-01 4.0581E-02   408
 4.0000E-02 3.1368E-01 2.5240E+00 1.8020E+00 7.2206E-01  2.3180E-01 4.1220E-01 4.0546E-02   408
 4.0000E-02 3.1479E-01 2.5172E+00 1.8015E+00 7.1575E-01  2.3015E-01 4.1218E-01 4.0506E-02   362
 4.0000E-02 3.1590E-01 2.5103E+00 1.8009E+00 7.0945E-01  2.2839E-01 4.1201E-01 4.0461E-02   362
 4.0000E-02 3.1702E-01 2.5034E+00 1.8003E+00 7.0317E-01  2.2664E-01 4.1185E-01 4.0411E-02   363
 4.0000E-02 3.1815E-01 2.4961E+00 1.7994E+00 6.9664E-01  2.2490E-01 4.1168E-01 4.0339E-02   363
 4.0000E-02 3.1929E-01 2.4885E+00 1.7985E+00 6.9001E-01  2.2316E-01 4.1152E-01 4.0254E-02   363
 4.0000E-02 3.2043E-01 2.4808E+00 1.7975E+00 6.8334E-01  2.2143E-01 4.1136E-01 4.0160E-02   363
 4.0000E-02 3.2158E-01 2.4733E+00 1.7965E+00 6.7688E-01  2.1959E-01 4.1120E-01 4.0081E-02   363
 4.0000E-02 3.2274E-01 2.4657E+00 1.7953E+00 6.7036E-01  2.1777E-01 4.1104E-01 3.9989E-02   363
 4.0000E-02 3.2391E-01 2.4578E+00 1.7940E+00 6.6377E-01  2.1596E-01 4.1088E-01 3.9887E-02   363
 4.0000E-02 3.2509E-01 2.4498E+00 1.7927E+00 6.5713E-01  2.1417E-01 4.1073E-01 3.9772E-02   363
 4.0000E-02 3.2628E-01 2.4416E+00 1.7911E+00 6.5044E-01  2.1238E-01 4.1058E-01 3.9647E-02   363
 4.0000E-02 3.2747E-01 2.4323E+00 1.7891E+00 6.4319E-01  2.1066E-01 4.1043E-01 3.9474E-02   363
 4.0000E-02 3.2868E-01 2.4232E+00 1.7871E+00 6.3609E-01  2.0894E-01 4.1029E-01 3.9301E-02   363
 4.0000E-02 3.2989E-01 2.4141E+00 1.7850E+00 6.2912E-01  2.0722E-01 4.1015E-01 3.9132E-02   363
 4.0000E-02 3.3111E-01 2.4052E+00 1.7829E+00 6.2232E-01  2.0550E-01 4.1001E-01 3.8966E-02   363
 4.0000E-02 3.3234E-01 2.3961E+00 1.7806E+00 6.1546E-01  2.0383E-01 4.0987E-01 3.8788E-02   363
 4.0000E-02 3.3358E-01 2.3870E+00 1.7783E+00 6.0867E-01  2.0219E-01 4.0974E-01 3.8606E-02   363
 4.0000E-02 3.3483E-01 2.3780E+00 1.7760E+00 6.0206E-01  2.0055E-01 4.0960E-01 3.8429E-02   363
 4.0000E-02 3.3609E-01 2.3698E+00 1.7739E+00 5.9593E-01  1.9890E-01 4.0947E-01 3.8280E-02   363
 4.0000E-02 3.3736E-01 2.3625E+00 1.7721E+00 5.9046E-01  1.9720E-01 4.0933E-01 3.8173E-02   363
 4.0000E-02 3.3864E-01 2.3559E+00 1.7705E+00 5.8542E-01  1.9549E-01 4.0919E-01 3.8092E-02   363
 4.0000E-02 3.3992E-01 2.3500E+00 1.7692E+00 5.8080E-01  1.9376E-01 4.0905E-01 3.8037E-02   363
 4.0000E-02 3.4122E-01 2.3446E+00 1.7680E+00 5.7659E-01  1.9200E-01 4.0891E-01 3.8009E-02   363
 4.0000E-02 3.4253E-01 2.3399E+00 1.7671E+00 5.7281E-01  1.9022E-01 4.0877E-01 3.8010E-02   363
 4.0000E-02 3.4385E-01 2.3355E+00 1.7662E+00 5.6933E-01  1.8842E-01 4.0862E-01 3.8030E-02   363
 4.0000E-02 3.4517E-01 2.3322E+00 1.7658E+00 5.6649E-01  1.8657E-01 4.0848E-01 3.8096E-02   363
 4.0000E-02 3.4651E-01 2.3301E+00 1.7658E+00 5.6434E-01  1.8468E-01 4.0833E-01 3.8212E-02   363
 4.0000E-02 3.4786E-01 2.3290E+00 1.7663E+00 5.6275E-01  1.8276E-01 4.0818E-01 3.8368E-02   363
 4.0000E-02 3.4922E-01 2.3289E+00 1.7671E+00 5.6176E-01  1.8080E-01 4.0803E-01 3.8567E-02   363
 4.0000E-02 3.5059E-01 2.3298E+00 1.7684E+00 5.6136E-01  1.7880E-01 4.0787E-01 3.8811E-02   363
 4.0000E-02 3.5197E-01 2.3318E+00 1.7702E+00 5.6158E-01  1.7678E-01 4.0772E-01 3.9101E-02   363
 4.0000E-02 3.5336E-01 2.3348E+00 1.7724E+00 5.6244E-01  1.7472E-01 4.0756E-01 3.9441E-02   363
 4.0000E-02 3.5476E-01 2.3395E+00 1.7753E+00 5.6417E-01  1.7262E-01 4.0740E-01 3.9846E-02   363
 4.0000E-02 3.5618E-01 2.3459E+00 1.7791E+00 5.6684E-01  1.7049E-01 4.0724E-01 4.0322E-02   363
 4.0000E-02 3.5760E-01 2.3534E+00 1.7833E+00 5.7011E-01  1.6834E-01 4.0708E-01 4.0846E-02   363
 4.0000E-02 3.5904E-01 2.3620E+00 1.7880E+00 5.7401E-01  1.6617E-01 4.0692E-01 4.1422E-02   363
 4.0000E-02 3.6048E-01 2.3717E+00 1.7932E+00 5.7855E-01  1.6398E-01 4.0676E-01 4.2052E-02   363
 4.0000E-02 3.6194E-01 2.3827E+00 1.7989E+00 5.8377E-01  1.6177E-01 4.0660E-01 4.2739E-02   363
 4.0000E-02 3.6341E-01 2.3949E+00 1.8052E+00 5.8970E-01  1.5953E-01 4.0644E-01 4.3487E-02   363
 4.0000E-02 3.6490E-01 2.4084E+00 1.8121E+00 5.9626E-01  1.5728E-01 4.0628E-01 4.4292E-02   363
 4.0000E-02 3.6639E-01 2.4230E+00 1.8195E+00 6.0348E-01  1.5502E-01 4.0612E-01 4.5155E-02   363
 4.0000E-02 3.6790E-01 2.4389E+00 1.8275E+00 6.1139E-01  1.5275E-01 4.0596E-01 4.6081E-02   363
 4.0000E-02 3.6942E-01 2.4562E+00 1.8362E+00 6.2003E-01  1.5047E-01 4.0580E-01 4.7072E-02   363
 4.0000E-02 3.7095E-01 2.4746E+00 1.8453E+00 6.2927E-01  1.4818E-01 4.0565E-01 4.8124E-02   363
 4.0000E-02 3.7250E-01 2.4941E+00 1.8550E+00 6.3915E-01  1.4587E-01 4.0549E-01 4.9239E-02   363
 4.0000E-02 3.7406E-01 2.5147E+00 1.8652E+00 6.4959E-01  1.4355E-01 4.0534E-01 5.0412E-02   363
 4.0000E-02 3.7563E-01 2.5364E+00 1.8757E+00 6.6067E-01  1.4121E-01 4.0519E-01 5.1651E-02   363
 4.0000E-02 3.7722E-01 2.5592E+00 1.8869E+00 6.7233E-01  1.3887E-01 4.0504E-01 5.2953E-02   363
 4.0000E-02 3.7881E-01 2.5832E+00 1.8985E+00 6.8465E-01  1.3652E-01 4.0489E-01 5.4325E-02   363
 4.0000E-02 3.8043E-01 2.6084E+00 1.9108E+00 6.9768E-01  1.3416E-01 4.0475E-01 5.5772E-02   363
 4.0000E-02 3.8205E-01 2.6345E+00 1.9234E+00 7.1111E-01  1.3179E-01 4.0461E-01 5.7274E-02   363
 4.0000E-02 3.8369E-01 2.6608E+00 1.9362E+00 7.2465E-01  1.2941E-01 4.0447E-01 5.8807E-02   363
 4.0000E-02 3.8534E-01 2.6884E+00 1.9495E+00 7.3889E-01  1.2701E-01 4.0433E-01 6.0420E-02   363
 4.0000E-02 3.8701E-01 2.7172E+00 1.9634E+00 7.5387E-01  1.2460E-01 4.0420E-01 6.2116E-02   363
 4.0000E-02 3.8870E-01 2.7475E+00 1.9779E+00 7.6962E-01  1.2219E-01 4.0407E-01 6.3899E-02   363
 4.0000E-02 3.9039E-01 2.7792E+00 1.9930E+00 7.8619E-01  1.1984E-01 4.0411E-01 6.5778E-02   323
 4.0000E-02 3.9211E-01 2.8122E+00 2.0087E+00 8.0352E-01  1.1740E-01 4.0399E-01 6.7745E-02   323
 4.0000E-02 3.9383E-01 2.8467E+00 2.0251E+00 8.2166E-01  1.1496E-01 4.0387E-01 6.9808E-02   323
 4.0000E-02 3.9558E-01 2.8828E+00 2.0421E+00 8.4066E-01  1.1251E-01 4.0374E-01 7.1973E-02   323
 4.0000E-02 3.9733E-01 2.9204E+00 2.0598E+00 8.6056E-01  1.1005E-01 4.0363E-01 7.4246E-02   323
 4.0000E-02 3.9911E-01 2.9606E+00 2.0785E+00 8.8206E-01  1.0759E-01 4.0351E-01 7.6685E-02   323
 4.0000E-02 4.0090E-01 3.0026E+00 2.0980E+00 9.0458E-01  1.0512E-01 4.0340E-01 7.9246E-02   323
 4.0000E-02 4.0270E-01 3.0464E+00 2.1183E+00 9.2815E-01  1.0265E-01 4.0328E-01 8.1933E-02   323
 4.0000E-02 4.0452E-01 3.0921E+00 2.1393E+00 9.5281E-01  1.0017E-01 4.0317E-01 8.4755E-02   323
 4.0000E-02 4.0636E-01 3.1397E+00 2.1611E+00 9.7861E-01  9.7696E-02 4.0307E-01 8.7715E-02   323
 4.0000E-02 4.0822E-01 3.1894E+00 2.1838E+00 1.0056E+00  9.5216E-02 4.0296E-01 9.0821E-02   323
 4.0000E-02 4.1009E-01 3.2411E+00 2.2073E+00 1.0338E+00  9.2734E-02 4.0286E-01 9.4077E-02   323
 4.0000E-02 4.1198E-01 3.2948E+00 2.2316E+00 1.0631E+00  9.0254E-02 4.0276E-01 9.7485E-02   323
 4.0000E-02 4.1389E-01 3.3502E+00 2.2567E+00 1.0935E+00  8.7776E-02 4.0267E-01 1.0103E-01   323
 4.0000E-02 4.1581E-01 3.4071E+00 2.2825E+00 1.1245E+00  8.5300E-02 4.0258E-01 1.0469E-01   323
 4.0000E-02 4.1776E-01 3.4662E+00 2.3092E+00 1.1570E+00  8.2829E-02 4.0249E-01 1.0852E-01   323
 4.0000E-02 4.1972E-01 3.5276E+00 2.3369E+00 1.1907E+00  8.0365E-02 4.0240E-01 1.1252E-01   323
 4.0000E-02 4.2170E-01 3.5913E+00 2.3654E+00 1.2259E+00  7.7913E-02 4.0232E-01 1.1670E-01   323
 4.0000E-02 4.2370E-01 3.6571E+00 2.3948E+00 1.2623E+00  7.5473E-02 4.0224E-01 1.2106E-01   323
 4.0000E-02 4.2571E-01 3.7253E+00 2.4252E+00 1.3001E+00  7.3050E-02 4.0216E-01 1.2559E-01   323
 4.0000E-02 4.2775E-01 3.7956E+00 2.4564E+00 1.3392E+00  7.0647E-02 4.0209E-01 1.3030E-01   323
 4.0000E-02 4.2981E-01 3.8679E+00 2.4885E+00 1.3794E+00  6.8269E-02 4.0202E-01 1.3516E-01   323
 4.0000E-02 4.3188E-01 3.9433E+00 2.5217E+00 1.4216E+00  6.5920E-02 4.0195E-01 1.4026E-01   323
 4.0000E-02 4.3398E-01 4.0207E+00 2.5557E+00 1.4651E+00  6.3603E-02 4.0188E-01 1.4553E-01   323
 4.0000E-02 4.3610E-01 4.0995E+00 2.5903E+00 1.5092E+00  6.1324E-02 4.0182E-01 1.5092E-01   323
 4.0000E-02 4.3824E-01 4.1790E+00 2.6253E+00 1.5537E+00  5.9093E-02 4.0177E-01 1.5637E-01   323
 4.0000E-02 4.4039E-01 4.2592E+00 2.6608E+00 1.5984E+00  5.6911E-02 4.0171E-01 1.6189E-01   323
 4.0000E-02 4.4257E-01 4.3397E+00 2.6966E+00 1.6431E+00  5.4780E-02 4.0166E-01 1.6744E-01   323
 4.0000E-02 4.4478E-01 4.4203E+00 2.7326E+00 1.6878E+00  5.2705E-02 4.0162E-01 1.7302E-01   323
 4.0000E-02 4.4700E-01 4.5008E+00 2.7686E+00 1.7322E+00  5.0689E-02 4.0158E-01 1.7859E-01   323
 4.0000E-02 4.4925E-01 4.5812E+00 2.8048E+00 1.7764E+00  4.8732E-02 4.0154E-01 1.8417E-01   323
 4.0000E-02 4.5152E-01 4.6600E+00 2.8407E+00 1.8194E+00  4.6840E-02 4.0151E-01 1.8963E-01   323
 4.0000E-02 4.5381E-01 4.7353E+00 2.8759E+00 1.8594E+00  4.5020E-02 4.0148E-01 1.9480E-01   323
 4.0000E-02 4.5612E-01 4.8106E+00 2.9113E+00 1.8993E+00  4.3258E-02 4.0145E-01 1.9998E-01   323
 4.0000E-02 4.5846E-01 4.8858E+00 2.9466E+00 1.9392E+00  4.1554E-02 4.0143E-01 2.0515E-01   323
 4.0000E-02 4.6082E-01 4.9604E+00 2.9817E+00 1.9787E+00  3.9908E-02 4.0141E-01 2.1027E-01   323
 4.0000E-02 4.6321E-01 5.0337E+00 3.0164E+00 2.0173E+00  3.8321E-02 4.0139E-01 2.1531E-01   323
 4.0000E-02 4.6563E-01 5.1056E+00 3.0506E+00 2.0551E+00  3.6791E-02 4.0138E-01 2.2026E-01   323
 4.0000E-02 4.6806E-01 5.1756E+00 3.0839E+00 2.0918E+00  3.5316E-02 4.0136E-01 2.2507E-01   323
 4.0000E-02 4.7053E-01 5.2432E+00 3.1162E+00 2.1270E+00  3.3896E-02 4.0135E-01 2.2973E-01   323
 4.0000E-02 4.7302E-01 5.3089E+00 3.1475E+00 2.1614E+00  3.2534E-02 4.0134E-01 2.3428E-01   323
 4.0000E-02 4.7553E-01 5.3729E+00 3.1778E+00 2.1951E+00  3.1225E-02 4.0132E-01 2.3873E-01   323
 4.0000E-02 4.7807E-01 5.4348E+00 3.2070E+00 2.2278E+00  2.9965E-02 4.0131E-01 2.4307E-01   323
 4.0000E-02 4.8065E-01 5.4947E+00 3.2349E+00 2.2597E+00  2.8753E-02 4.0130E-01 2.4732E-01   323
 4.0000E-02 4.8324E-01 5.5528E+00 3.2616E+00 2.2913E+00  2.7584E-02 4.0129E-01 2.5150E-01   323
 4.0000E-02 4.8587E-01 5.6096E+00 3.2869E+00 2.3227E+00  2.6455E-02 4.0128E-01 2.5567E-01   323
 4.0000E-02 4.8852E-01 5.6653E+00 3.3108E+00 2.3546E+00  2.5363E-02 4.0126E-01 2.5987E-01   323
 4.0000E-02 4.9121E-01 5.7209E+00 3.3334E+00 2.3875E+00  2.4306E-02 4.0125E-01 2.6418E-01   323
 4.0000E-02 4.9392E-01 5.7769E+00 3.3547E+00 2.4222E+00  2.3276E-02 4.0124E-01 2.6868E-01   323
 4.0000E-02 4.9667E-01 5.8390E+00 3.3753E+00 2.4638E+00  2.2260E-02 4.0122E-01 2.7395E-01   323
 4.0000E-02 4.9944E-01 5.9156E+00 3.3957E+00 2.5199E+00  2.1225E-02 4.0120E-01 2.8088E-01   323
 4.0000E-02 5.0225E-01 5.9940E+00 3.4131E+00 2.5809E+00  2.0176E-02 4.0118E-01 2.8839E-01   323
 4.0000E-02 5.0508E-01 6.0734E+00 3.4265E+00 2.6469E+00  1.9102E-02 4.0116E-01 2.9652E-01   323
 4.0000E-02 5.0795E-01 6.1521E+00 3.4343E+00 2.7178E+00  1.7996E-02 4.0114E-01 3.0526E-01   324
 4.0000E-02 5.1086E-01 6.2276E+00 3.4347E+00 2.7929E+00  1.6851E-02 4.0112E-01 3.1456E-01   324
 4.0000E-02 5.1379E-01 6.2964E+00 3.4256E+00 2.8708E+00  1.5702E-02 4.0130E-01 3.2426E-01   285
 4.0000E-02 5.1676E-01 6.3537E+00 3.4043E+00 2.9494E+00  1.4471E-02 4.0128E-01 3.3414E-01   285
 4.0000E-02 5.1977E-01 6.3939E+00 3.3683E+00 3.0256E+00  1.3202E-02 4.0127E-01 3.4382E-01   285
 4.0000E-02 5.2281E-01 6.3853E+00 3.3130E+00 3.0724E+00  1.1934E-02 4.0126E-01 3.5021E-01   285
 4.0000E-02 5.2588E-01 6.3327E+00 3.2418E+00 3.0910E+00  1.0702E-02 4.0125E-01 3.5339E-01   285
 4.0000E-02 5.2899E-01 6.2499E+00 3.1574E+00 3.0924E+00  9.4996E-03 4.0125E-01 3.5458E-01   285
 4.0000E-02 5.3214E-01 6.1377E+00 3.0613E+00 3.0764E+00  8.3294E-03 4.0124E-01 3.5373E-01   285
 4.0000E-02 5.3533E-01 5.9983E+00 2.9550E+00 3.0433E+00  7.1903E-03 4.0124E-01 3.5086E-01   285
 4.0000E-02 5.3855E-01 5.8345E+00 2.8403E+00 2.9942E+00  6.0800E-03 4.0124E-01 3.4610E-01   285
 4.0000E-02 5.4182E-01 5.6499E+00 2.7192E+00 2.9308E+00  4.9958E-03 4.0125E-01 3.3961E-01   285
 4.0000E-02 5.4512E-01 5.4481E+00 2.5935E+00 2.8546E+00  3.9346E-03 4.0125E-01 3.3158E-01   285
 4.0000E-02 5.4847E-01 5.2326E+00 2.4652E+00 2.7675E+00  2.8954E-03 4.0125E-01 3.2223E-01   285
 4.0000E-02 5.5185E-01 5.0154E+00 2.3378E+00 2.6776E+00  1.8912E-03 4.0126E-01 3.1247E-01   285
 4.0000E-02 5.5528E-01 4.7921E+00 2.2103E+00 2.5819E+00  9.0410E-04 4.0126E-01 3.0196E-01   285
 4.0000E-02 5.5875E-01 4.5654E+00 2.0839E+00 2.4815E+00 -6.4813E-05 4.0126E-01 2.9084E-01   285
 4.0000E-02 5.6226E-01 4.3377E+00 1.9601E+00 2.3777E+00 -1.0159E-03 4.0126E-01 2.7925E-01   285
 4.0000E-02 5.6582E-01 4.1118E+00 1.8400E+00 2.2718E+00 -1.9462E-03 4.0126E-01 2.6736E-01   285
 4.0000E-02 5.6943E-01 3.8903E+00 1.7248E+00 2.1656E+00 -2.8556E-03 4.0126E-01 2.5534E-01   285
 4.0000E-02 5.7308E-01 3.6751E+00 1.6149E+00 2.0603E+00 -3.7463E-03 4.0126E-01 2.4338E-01   285
 4.0000E-02 5.7677E-01 3.4672E+00 1.5102E+00 1.9571E+00 -4.6258E-03 4.0125E-01 2.3161E-01   285
 4.0000E-02 5.8052E-01 3.2666E+00 1.4103E+00 1.8563E+00 -5.5054E-03 4.0125E-01 2.2008E-01   285
 4.0000E-02 5.8431E-01 3.0722E+00 1.3148E+00 1.7574E+00 -6.4038E-03 4.0124E-01 2.0873E-01   285
 4.0000E-02 5.8816E-01 2.8852E+00 1.2243E+00 1.6609E+00 -7.3287E-03 4.0123E-01 1.9763E-01   285
 4.0000E-02 5.9205E-01 2.7077E+00 1.1400E+00 1.5677E+00 -8.2771E-03 4.0122E-01 1.8689E-01   285
 4.0000E-02 5.9600E-01 2.5406E+00 1.0624E+00 1.4782E+00 -9.2472E-03 4.0121E-01 1.7657E-01   285
 4.0000E-02 6.0000E-01 2.3847E+00 9.9173E-01 1.3929E+00 -1.0233E-02 4.0120E-01 1.6673E-01   285
