 DDSCAT --- DDSCAT 7.3.3 [22.01.20]   
 TARGET --->TARGSPHER  spherical target with explicit spacing                 
 GPFAFT --- method of solution 
 GKDLDR --- prescription for polarizabilities
 FROM_FILE --- shape 
    4169 = NAT0 = number of dipoles
 ../../diel/Pena-Rioux_dielectric_26Au_74Ag                  
 ../../diel/Pena-Rioux_dielectric_34Au_66Ag                  
 ../../diel/Pena-Rioux_dielectric_65Au_35Ag                  
 ../../diel/Pena-Rioux_dielectric_76Au_24Ag                  
   0.000   0.000 = beta_min, beta_max ;  NBETA = 1
   0.000   0.000 = theta_min, theta_max; NTHETA= 1
   0.000   0.000 = phi_min, phi_max   ;   NPHI = 1
 0.5000 = ETASCA (param. controlling # of scatt. dirs used to calculate <cos> etc.
 Results averaged over    1 target orientations
                   and  2 incident polarizations
   aeff       wave       Q_ext     Q_abs      Q_sca     g(1)=<cos>  <cos^2>    Q_bk       Nsca
 4.0000E-02 3.0000E-01 2.4772E+00 1.7480E+00 7.2921E-01  2.5108E-01 4.1495E-01 3.7676E-02   408
 4.0000E-02 3.0101E-01 2.4678E+00 1.7462E+00 7.2162E-01  2.4923E-01 4.1475E-01 3.7620E-02   408
 4.0000E-02 3.0203E-01 2.4582E+00 1.7442E+00 7.1400E-01  2.4738E-01 4.1455E-01 3.7555E-02   408
 4.0000E-02 3.0305E-01 2.4485E+00 1.7421E+00 7.0633E-01  2.4554E-01 4.1436E-01 3.7481E-02   408
 4.0000E-02 3.0408E-01 2.4386E+00 1.7400E+00 6.9865E-01  2.4369E-01 4.1416E-01 3.7398E-02   408
 4.0000E-02 3.0512E-01 2.4286E+00 1.7377E+00 6.9092E-01  2.4184E-01 4.1397E-01 3.7305E-02   408
 4.0000E-02 3.0616E-01 2.4185E+00 1.7353E+00 6.8318E-01  2.3999E-01 4.1378E-01 3.7204E-02   408
 4.0000E-02 3.0722E-01 2.4082E+00 1.7328E+00 6.7541E-01  2.3814E-01 4.1359E-01 3.7095E-02   408
 4.0000E-02 3.0828E-01 2.3979E+00 1.7302E+00 6.6769E-01  2.3629E-01 4.1340E-01 3.6980E-02   408
 4.0000E-02 3.0934E-01 2.3880E+00 1.7277E+00 6.6028E-01  2.3440E-01 4.1321E-01 3.6882E-02   408
 4.0000E-02 3.1042E-01 2.3780E+00 1.7251E+00 6.5289E-01  2.3250E-01 4.1303E-01 3.6778E-02   408
 4.0000E-02 3.1150E-01 2.3679E+00 1.7224E+00 6.4552E-01  2.3058E-01 4.1284E-01 3.6669E-02   408
 4.0000E-02 3.1259E-01 2.3578E+00 1.7196E+00 6.3816E-01  2.2867E-01 4.1265E-01 3.6553E-02   408
 4.0000E-02 3.1368E-01 2.3476E+00 1.7168E+00 6.3081E-01  2.2676E-01 4.1247E-01 3.6432E-02   408
 4.0000E-02 3.1479E-01 2.3373E+00 1.7138E+00 6.2349E-01  2.2494E-01 4.1244E-01 3.6305E-02   362
 4.0000E-02 3.1590E-01 2.3269E+00 1.7107E+00 6.1621E-01  2.2301E-01 4.1226E-01 3.6173E-02   362
 4.0000E-02 3.1702E-01 2.3164E+00 1.7075E+00 6.0893E-01  2.2107E-01 4.1208E-01 3.6037E-02   363
 4.0000E-02 3.1815E-01 2.3055E+00 1.7040E+00 6.0146E-01  2.1914E-01 4.1190E-01 3.5881E-02   363
 4.0000E-02 3.1929E-01 2.2944E+00 1.7004E+00 5.9397E-01  2.1720E-01 4.1173E-01 3.5717E-02   363
 4.0000E-02 3.2043E-01 2.2832E+00 1.6967E+00 5.8653E-01  2.1527E-01 4.1155E-01 3.5547E-02   363
 4.0000E-02 3.2158E-01 2.2719E+00 1.6928E+00 5.7913E-01  2.1333E-01 4.1138E-01 3.5371E-02   363
 4.0000E-02 3.2274E-01 2.2606E+00 1.6889E+00 5.7176E-01  2.1140E-01 4.1121E-01 3.5191E-02   363
 4.0000E-02 3.2391E-01 2.2492E+00 1.6847E+00 5.6447E-01  2.0947E-01 4.1105E-01 3.5006E-02   363
 4.0000E-02 3.2509E-01 2.2377E+00 1.6805E+00 5.5721E-01  2.0753E-01 4.1088E-01 3.4817E-02   363
 4.0000E-02 3.2628E-01 2.2261E+00 1.6761E+00 5.5000E-01  2.0559E-01 4.1072E-01 3.4625E-02   363
 4.0000E-02 3.2747E-01 2.2139E+00 1.6712E+00 5.4262E-01  2.0370E-01 4.1056E-01 3.4406E-02   363
 4.0000E-02 3.2868E-01 2.2018E+00 1.6664E+00 5.3547E-01  2.0180E-01 4.1040E-01 3.4195E-02   363
 4.0000E-02 3.2989E-01 2.1901E+00 1.6615E+00 5.2862E-01  1.9989E-01 4.1024E-01 3.3998E-02   363
 4.0000E-02 3.3111E-01 2.1788E+00 1.6567E+00 5.2209E-01  1.9798E-01 4.1009E-01 3.3813E-02   363
 4.0000E-02 3.3234E-01 2.1678E+00 1.6519E+00 5.1589E-01  1.9607E-01 4.0993E-01 3.3643E-02   363
 4.0000E-02 3.3358E-01 2.1572E+00 1.6472E+00 5.1003E-01  1.9416E-01 4.0977E-01 3.3490E-02   363
 4.0000E-02 3.3483E-01 2.1470E+00 1.6424E+00 5.0454E-01  1.9225E-01 4.0962E-01 3.3354E-02   363
 4.0000E-02 3.3609E-01 2.1378E+00 1.6380E+00 4.9977E-01  1.9031E-01 4.0946E-01 3.3262E-02   363
 4.0000E-02 3.3736E-01 2.1300E+00 1.6342E+00 4.9581E-01  1.8835E-01 4.0931E-01 3.3222E-02   363
 4.0000E-02 3.3864E-01 2.1230E+00 1.6306E+00 4.9242E-01  1.8639E-01 4.0915E-01 3.3216E-02   363
 4.0000E-02 3.3992E-01 2.1169E+00 1.6273E+00 4.8961E-01  1.8443E-01 4.0899E-01 3.3246E-02   363
 4.0000E-02 3.4122E-01 2.1118E+00 1.6244E+00 4.8739E-01  1.8246E-01 4.0884E-01 3.3315E-02   363
 4.0000E-02 3.4253E-01 2.1076E+00 1.6218E+00 4.8580E-01  1.8048E-01 4.0868E-01 3.3425E-02   363
 4.0000E-02 3.4385E-01 2.1043E+00 1.6195E+00 4.8484E-01  1.7849E-01 4.0852E-01 3.3577E-02   363
 4.0000E-02 3.4517E-01 2.1023E+00 1.6177E+00 4.8459E-01  1.7650E-01 4.0837E-01 3.3778E-02   363
 4.0000E-02 3.4651E-01 2.1015E+00 1.6164E+00 4.8502E-01  1.7451E-01 4.0821E-01 3.4026E-02   363
 4.0000E-02 3.4786E-01 2.1016E+00 1.6156E+00 4.8604E-01  1.7251E-01 4.0805E-01 3.4316E-02   363
 4.0000E-02 3.4922E-01 2.1027E+00 1.6151E+00 4.8766E-01  1.7051E-01 4.0790E-01 3.4651E-02   363
 4.0000E-02 3.5059E-01 2.1049E+00 1.6150E+00 4.8992E-01  1.6852E-01 4.0774E-01 3.5032E-02   363
 4.0000E-02 3.5197E-01 2.1082E+00 1.6154E+00 4.9284E-01  1.6652E-01 4.0759E-01 3.5462E-02   363
 4.0000E-02 3.5336E-01 2.1126E+00 1.6162E+00 4.9642E-01  1.6452E-01 4.0743E-01 3.5943E-02   363
 4.0000E-02 3.5476E-01 2.1179E+00 1.6173E+00 5.0057E-01  1.6252E-01 4.0728E-01 3.6468E-02   363
 4.0000E-02 3.5618E-01 2.1241E+00 1.6189E+00 5.0526E-01  1.6053E-01 4.0713E-01 3.7037E-02   363
 4.0000E-02 3.5760E-01 2.1314E+00 1.6208E+00 5.1059E-01  1.5854E-01 4.0698E-01 3.7656E-02   363
 4.0000E-02 3.5904E-01 2.1397E+00 1.6231E+00 5.1656E-01  1.5655E-01 4.0683E-01 3.8327E-02   363
 4.0000E-02 3.6048E-01 2.1491E+00 1.6259E+00 5.2321E-01  1.5457E-01 4.0668E-01 3.9052E-02   363
 4.0000E-02 3.6194E-01 2.1597E+00 1.6292E+00 5.3058E-01  1.5260E-01 4.0653E-01 3.9836E-02   363
 4.0000E-02 3.6341E-01 2.1715E+00 1.6328E+00 5.3865E-01  1.5063E-01 4.0639E-01 4.0680E-02   363
 4.0000E-02 3.6490E-01 2.1843E+00 1.6369E+00 5.4739E-01  1.4868E-01 4.0624E-01 4.1580E-02   363
 4.0000E-02 3.6639E-01 2.1984E+00 1.6415E+00 5.5692E-01  1.4673E-01 4.0610E-01 4.2545E-02   363
 4.0000E-02 3.6790E-01 2.2138E+00 1.6465E+00 5.6725E-01  1.4480E-01 4.0596E-01 4.3578E-02   363
 4.0000E-02 3.6942E-01 2.2306E+00 1.6521E+00 5.7843E-01  1.4289E-01 4.0582E-01 4.4684E-02   363
 4.0000E-02 3.7095E-01 2.2489E+00 1.6583E+00 5.9053E-01  1.4099E-01 4.0568E-01 4.5866E-02   363
 4.0000E-02 3.7250E-01 2.2688E+00 1.6652E+00 6.0360E-01  1.3911E-01 4.0555E-01 4.7134E-02   363
 4.0000E-02 3.7406E-01 2.2905E+00 1.6728E+00 6.1776E-01  1.3725E-01 4.0541E-01 4.8490E-02   363
 4.0000E-02 3.7563E-01 2.3139E+00 1.6810E+00 6.3289E-01  1.3542E-01 4.0528E-01 4.9932E-02   363
 4.0000E-02 3.7722E-01 2.3392E+00 1.6901E+00 6.4912E-01  1.3361E-01 4.0515E-01 5.1470E-02   363
 4.0000E-02 3.7881E-01 2.3664E+00 1.6999E+00 6.6653E-01  1.3183E-01 4.0502E-01 5.3109E-02   363
 4.0000E-02 3.8043E-01 2.3958E+00 1.7106E+00 6.8520E-01  1.3006E-01 4.0489E-01 5.4859E-02   363
 4.0000E-02 3.8205E-01 2.4275E+00 1.7223E+00 7.0521E-01  1.2832E-01 4.0476E-01 5.6726E-02   363
 4.0000E-02 3.8369E-01 2.4614E+00 1.7349E+00 7.2651E-01  1.2661E-01 4.0463E-01 5.8709E-02   363
 4.0000E-02 3.8534E-01 2.4978E+00 1.7486E+00 7.4921E-01  1.2492E-01 4.0450E-01 6.0816E-02   363
 4.0000E-02 3.8701E-01 2.5367E+00 1.7633E+00 7.7338E-01  1.2324E-01 4.0438E-01 6.3055E-02   363
 4.0000E-02 3.8870E-01 2.5783E+00 1.7792E+00 7.9917E-01  1.2159E-01 4.0425E-01 6.5439E-02   363
 4.0000E-02 3.9039E-01 2.6229E+00 1.7962E+00 8.2670E-01  1.2002E-01 4.0430E-01 6.7984E-02   323
 4.0000E-02 3.9211E-01 2.6704E+00 1.8146E+00 8.5582E-01  1.1840E-01 4.0417E-01 7.0676E-02   323
 4.0000E-02 3.9383E-01 2.7209E+00 1.8341E+00 8.8675E-01  1.1678E-01 4.0404E-01 7.3538E-02   323
 4.0000E-02 3.9558E-01 2.7746E+00 1.8550E+00 9.1961E-01  1.1515E-01 4.0391E-01 7.6581E-02   323
 4.0000E-02 3.9733E-01 2.8318E+00 1.8773E+00 9.5452E-01  1.1353E-01 4.0378E-01 7.9823E-02   323
 4.0000E-02 3.9911E-01 2.8927E+00 1.9011E+00 9.9165E-01  1.1189E-01 4.0365E-01 8.3280E-02   323
 4.0000E-02 4.0090E-01 2.9573E+00 1.9263E+00 1.0310E+00  1.1023E-01 4.0351E-01 8.6960E-02   323
 4.0000E-02 4.0270E-01 3.0257E+00 1.9530E+00 1.0727E+00  1.0854E-01 4.0337E-01 9.0881E-02   323
 4.0000E-02 4.0452E-01 3.0981E+00 1.9812E+00 1.1170E+00  1.0681E-01 4.0323E-01 9.5069E-02   323
 4.0000E-02 4.0636E-01 3.1749E+00 2.0109E+00 1.1640E+00  1.0501E-01 4.0309E-01 9.9553E-02   323
 4.0000E-02 4.0822E-01 3.2561E+00 2.0423E+00 1.2139E+00  1.0315E-01 4.0294E-01 1.0436E-01   323
 4.0000E-02 4.1009E-01 3.3419E+00 2.0751E+00 1.2668E+00  1.0118E-01 4.0279E-01 1.0952E-01   323
 4.0000E-02 4.1198E-01 3.4322E+00 2.1092E+00 1.3230E+00  9.9107E-02 4.0264E-01 1.1507E-01   323
 4.0000E-02 4.1389E-01 3.5274E+00 2.1447E+00 1.3827E+00  9.6893E-02 4.0248E-01 1.2106E-01   323
 4.0000E-02 4.1581E-01 3.6273E+00 2.1814E+00 1.4460E+00  9.4514E-02 4.0233E-01 1.2753E-01   323
 4.0000E-02 4.1776E-01 3.7322E+00 2.2191E+00 1.5132E+00  9.1945E-02 4.0217E-01 1.3454E-01   323
 4.0000E-02 4.1972E-01 3.8419E+00 2.2575E+00 1.5845E+00  8.9169E-02 4.0202E-01 1.4214E-01   323
 4.0000E-02 4.2170E-01 3.9563E+00 2.2963E+00 1.6600E+00  8.6166E-02 4.0186E-01 1.5039E-01   323
 4.0000E-02 4.2370E-01 4.0752E+00 2.3353E+00 1.7400E+00  8.2927E-02 4.0171E-01 1.5934E-01   323
 4.0000E-02 4.2571E-01 4.1985E+00 2.3741E+00 1.8244E+00  7.9450E-02 4.0157E-01 1.6905E-01   323
 4.0000E-02 4.2775E-01 4.3261E+00 2.4125E+00 1.9136E+00  7.5752E-02 4.0143E-01 1.7954E-01   323
 4.0000E-02 4.2981E-01 4.4576E+00 2.4502E+00 2.0074E+00  7.1864E-02 4.0130E-01 1.9085E-01   323
 4.0000E-02 4.3188E-01 4.5928E+00 2.4871E+00 2.1057E+00  6.7835E-02 4.0119E-01 2.0296E-01   323
 4.0000E-02 4.3398E-01 4.7317E+00 2.5233E+00 2.2084E+00  6.3723E-02 4.0109E-01 2.1584E-01   323
 4.0000E-02 4.3610E-01 4.8740E+00 2.5588E+00 2.3153E+00  5.9591E-02 4.0100E-01 2.2945E-01   323
 4.0000E-02 4.3824E-01 5.0195E+00 2.5940E+00 2.4255E+00  5.5516E-02 4.0093E-01 2.4367E-01   323
 4.0000E-02 4.4039E-01 5.1679E+00 2.6291E+00 2.5389E+00  5.1563E-02 4.0087E-01 2.5840E-01   323
 4.0000E-02 4.4257E-01 5.3189E+00 2.6643E+00 2.6546E+00  4.7788E-02 4.0082E-01 2.7352E-01   323
 4.0000E-02 4.4478E-01 5.4719E+00 2.7002E+00 2.7717E+00  4.4239E-02 4.0079E-01 2.8885E-01   323
 4.0000E-02 4.4700E-01 5.6258E+00 2.7368E+00 2.8890E+00  4.0950E-02 4.0076E-01 3.0422E-01   323
 4.0000E-02 4.4925E-01 5.7798E+00 2.7742E+00 3.0056E+00  3.7939E-02 4.0075E-01 3.1946E-01   323
 4.0000E-02 4.5152E-01 5.9327E+00 2.8124E+00 3.1203E+00  3.5205E-02 4.0074E-01 3.3442E-01   323
 4.0000E-02 4.5381E-01 6.0829E+00 2.8511E+00 3.2318E+00  3.2741E-02 4.0074E-01 3.4892E-01   323
 4.0000E-02 4.5612E-01 6.2290E+00 2.8899E+00 3.3391E+00  3.0529E-02 4.0074E-01 3.6284E-01   323
 4.0000E-02 4.5846E-01 6.3697E+00 2.9281E+00 3.4416E+00  2.8535E-02 4.0074E-01 3.7611E-01   323
 4.0000E-02 4.6082E-01 6.5038E+00 2.9652E+00 3.5386E+00  2.6731E-02 4.0075E-01 3.8867E-01   323
 4.0000E-02 4.6321E-01 6.6301E+00 3.0005E+00 3.6296E+00  2.5087E-02 4.0076E-01 4.0047E-01   323
 4.0000E-02 4.6563E-01 6.7482E+00 3.0332E+00 3.7150E+00  2.3571E-02 4.0077E-01 4.1158E-01   323
 4.0000E-02 4.6806E-01 6.8580E+00 3.0626E+00 3.7954E+00  2.2157E-02 4.0079E-01 4.2208E-01   323
 4.0000E-02 4.7053E-01 6.9591E+00 3.0881E+00 3.8710E+00  2.0826E-02 4.0080E-01 4.3200E-01   323
 4.0000E-02 4.7302E-01 7.0508E+00 3.1089E+00 3.9419E+00  1.9562E-02 4.0081E-01 4.4137E-01   323
 4.0000E-02 4.7553E-01 7.1322E+00 3.1244E+00 4.0078E+00  1.8351E-02 4.0083E-01 4.5014E-01   323
 4.0000E-02 4.7807E-01 7.2010E+00 3.1337E+00 4.0673E+00  1.7186E-02 4.0084E-01 4.5817E-01   323
 4.0000E-02 4.8065E-01 7.2545E+00 3.1363E+00 4.1183E+00  1.6063E-02 4.0085E-01 4.6519E-01   323
 4.0000E-02 4.8324E-01 7.2892E+00 3.1314E+00 4.1578E+00  1.4981E-02 4.0086E-01 4.7089E-01   323
 4.0000E-02 4.8587E-01 7.3021E+00 3.1189E+00 4.1832E+00  1.3941E-02 4.0086E-01 4.7492E-01   323
 4.0000E-02 4.8852E-01 7.2911E+00 3.0986E+00 4.1925E+00  1.2940E-02 4.0086E-01 4.7706E-01   323
 4.0000E-02 4.9121E-01 7.2554E+00 3.0709E+00 4.1845E+00  1.1978E-02 4.0087E-01 4.7718E-01   323
 4.0000E-02 4.9392E-01 7.1958E+00 3.0361E+00 4.1597E+00  1.1053E-02 4.0087E-01 4.7532E-01   323
 4.0000E-02 4.9667E-01 7.1137E+00 2.9947E+00 4.1190E+00  1.0161E-02 4.0087E-01 4.7159E-01   323
 4.0000E-02 4.9944E-01 7.0114E+00 2.9474E+00 4.0640E+00  9.2989E-03 4.0088E-01 4.6617E-01   323
 4.0000E-02 5.0225E-01 6.8909E+00 2.8948E+00 3.9961E+00  8.4618E-03 4.0088E-01 4.5922E-01   323
 4.0000E-02 5.0508E-01 6.7549E+00 2.8378E+00 3.9171E+00  7.6462E-03 4.0089E-01 4.5094E-01   323
 4.0000E-02 5.0795E-01 6.6061E+00 2.7772E+00 3.8289E+00  6.8471E-03 4.0090E-01 4.4155E-01   324
 4.0000E-02 5.1086E-01 6.4483E+00 2.7141E+00 3.7342E+00  6.0609E-03 4.0091E-01 4.3136E-01   324
 4.0000E-02 5.1379E-01 6.2850E+00 2.6490E+00 3.6360E+00  5.3168E-03 4.0112E-01 4.2073E-01   285
 4.0000E-02 5.1676E-01 6.1193E+00 2.5820E+00 3.5373E+00  4.5416E-03 4.0113E-01 4.1002E-01   285
 4.0000E-02 5.1977E-01 5.9528E+00 2.5124E+00 3.4404E+00  3.7652E-03 4.0113E-01 3.9947E-01   285
 4.0000E-02 5.2281E-01 5.7852E+00 2.4391E+00 3.3461E+00  2.9846E-03 4.0114E-01 3.8919E-01   285
 4.0000E-02 5.2588E-01 5.6149E+00 2.3611E+00 3.2539E+00  2.1984E-03 4.0115E-01 3.7913E-01   285
 4.0000E-02 5.2899E-01 5.4397E+00 2.2776E+00 3.1621E+00  1.4050E-03 4.0116E-01 3.6910E-01   285
 4.0000E-02 5.3214E-01 5.2573E+00 2.1884E+00 3.0689E+00  6.0413E-04 4.0117E-01 3.5886E-01   285
 4.0000E-02 5.3533E-01 5.0664E+00 2.0942E+00 2.9723E+00 -2.0366E-04 4.0117E-01 3.4818E-01   285
 4.0000E-02 5.3855E-01 4.8673E+00 1.9963E+00 2.8710E+00 -1.0162E-03 4.0118E-01 3.3692E-01   285
 4.0000E-02 5.4182E-01 4.6612E+00 1.8964E+00 2.7649E+00 -1.8327E-03 4.0119E-01 3.2504E-01   285
 4.0000E-02 5.4512E-01 4.4508E+00 1.7966E+00 2.6542E+00 -2.6512E-03 4.0119E-01 3.1259E-01   285
 4.0000E-02 5.4847E-01 4.2388E+00 1.6984E+00 2.5404E+00 -3.4709E-03 4.0119E-01 2.9970E-01   285
 4.0000E-02 5.5185E-01 4.0281E+00 1.6033E+00 2.4248E+00 -4.2918E-03 4.0119E-01 2.8656E-01   285
 4.0000E-02 5.5528E-01 3.8208E+00 1.5120E+00 2.3088E+00 -5.1121E-03 4.0118E-01 2.7331E-01   285
 4.0000E-02 5.5875E-01 3.6188E+00 1.4255E+00 2.1933E+00 -5.9289E-03 4.0118E-01 2.6007E-01   285
 4.0000E-02 5.6226E-01 3.4244E+00 1.3448E+00 2.0796E+00 -6.7408E-03 4.0117E-01 2.4698E-01   285
 4.0000E-02 5.6582E-01 3.2393E+00 1.2704E+00 1.9689E+00 -7.5471E-03 4.0116E-01 2.3421E-01   285
 4.0000E-02 5.6943E-01 3.0647E+00 1.2022E+00 1.8624E+00 -8.3516E-03 4.0115E-01 2.2190E-01   285
 4.0000E-02 5.7308E-01 2.9006E+00 1.1396E+00 1.7611E+00 -9.1576E-03 4.0114E-01 2.1016E-01   285
 4.0000E-02 5.7677E-01 2.7466E+00 1.0816E+00 1.6650E+00 -9.9715E-03 4.0114E-01 1.9902E-01   285
 4.0000E-02 5.8052E-01 2.6017E+00 1.0276E+00 1.5741E+00 -1.0796E-02 4.0113E-01 1.8846E-01   285
 4.0000E-02 5.8431E-01 2.4654E+00 9.7759E-01 1.4879E+00 -1.1634E-02 4.0112E-01 1.7843E-01   285
 4.0000E-02 5.8816E-01 2.3376E+00 9.3159E-01 1.4061E+00 -1.2484E-02 4.0112E-01 1.6891E-01   285
 4.0000E-02 5.9205E-01 2.2188E+00 8.9004E-01 1.3287E+00 -1.3345E-02 4.0111E-01 1.5989E-01   285
 4.0000E-02 5.9600E-01 2.1092E+00 8.5312E-01 1.2560E+00 -1.4209E-02 4.0111E-01 1.5142E-01   285
 4.0000E-02 6.0000E-01 2.0088E+00 8.2036E-01 1.1885E+00 -1.5071E-02 4.0111E-01 1.4353E-01   285
