Peña-Rodríguez & Rioux calculated dielectric data (15Au/85Ag) prepared by Alexander Al-Feghali al-fegha.li, Blum and Cosa Lab, McGill University
1 2 3 0 0 = columns for wave, Re(n), Im(n), eps1, eps2
wave(um)   Re(n)     Im(n)     eps1      eps2
0.180000	0.951931	0.993734	-0.081335	1.891933
0.189146	0.973298	1.068954	-0.195352	2.080822
0.198291	0.999256	1.138962	-0.298721	2.276230
0.207437	1.029263	1.203381	-0.388744	2.477193
0.216583	1.062953	1.261765	-0.462182	2.682396
0.225729	1.100103	1.313500	-0.515056	2.889972
0.234874	1.140597	1.357692	-0.542366	3.097161
0.244020	1.184374	1.392994	-0.537690	3.299653
0.253166	1.231301	1.417315	-0.492682	3.490283
0.262312	1.280812	1.427303	-0.396716	3.656214
0.271457	1.330757	1.417512	-0.238427	3.772729
0.280603	1.373742	1.380153	-0.017657	3.791948
0.289749	1.390408	1.312860	0.209634	3.650822
0.298894	1.366387	1.238240	0.333775	3.383831
0.308040	1.317831	1.160475	0.389976	3.058620
0.317186	1.211158	1.079446	0.301700	2.614759
0.326332	1.062401	1.048752	0.028815	2.228392
0.335477	0.906228	1.063591	-0.309975	1.927712
0.344623	0.753036	1.115623	-0.677552	1.680210
0.353769	0.611086	1.199765	-1.066009	1.466319
0.362915	0.487454	1.308605	-1.474836	1.275770
0.372060	0.385020	1.433256	-1.905981	1.103665
0.381206	0.302917	1.566625	-2.362556	0.949116
0.390352	0.239350	1.704451	-2.847863	0.815921
0.399497	0.193796	1.843552	-3.361128	0.714546
0.408643	0.165563	1.978639	-3.887601	0.655180
0.417789	0.149556	2.104981	-4.408580	0.629627
0.426935	0.140201	2.222614	-4.920356	0.623223
0.436080	0.134514	2.333268	-5.426047	0.627713
0.445226	0.131061	2.438470	-5.928960	0.639177
0.454372	0.129091	2.539343	-6.431598	0.655613
0.463518	0.128170	2.636706	-6.935789	0.675894
0.472663	0.128029	2.731167	-7.442883	0.699339
0.481809	0.128491	2.823192	-7.953902	0.725508
0.490955	0.129432	2.913141	-8.469635	0.754109
0.500101	0.130766	3.001300	-8.990704	0.784939
0.509246	0.132429	3.087903	-9.517606	0.817855
0.518392	0.134371	3.173137	-10.050743	0.852756
0.527538	0.136556	3.257161	-10.590447	0.889568
0.536683	0.138954	3.340105	-11.136993	0.928240
0.545829	0.141542	3.422082	-11.690612	0.968734
0.554975	0.144301	3.503187	-12.251497	1.011025
0.564121	0.147216	3.583502	-12.819814	1.055097
0.573266	0.150275	3.663098	-13.395705	1.100941
0.582412	0.153466	3.742037	-13.979291	1.148553
0.591558	0.156782	3.820374	-14.570678	1.197933
0.600704	0.160215	3.898157	-15.169956	1.249087
0.609849	0.163758	3.975427	-15.777206	1.302020
0.618995	0.167407	4.052224	-16.392497	1.356742
0.628141	0.171156	4.128581	-17.015890	1.413265
0.637286	0.175002	4.204529	-17.647438	1.471602
0.646432	0.178941	4.280094	-18.287188	1.531767
0.655578	0.182970	4.355302	-18.935182	1.593776
0.664724	0.187086	4.430176	-19.591456	1.657645
0.673869	0.191287	4.504735	-20.256043	1.723392
0.683015	0.195571	4.578998	-20.928970	1.791035
0.692161	0.199936	4.652982	-21.610264	1.860593
0.701307	0.204380	4.726703	-22.299946	1.932084
0.710452	0.208902	4.800175	-22.998035	2.005529
0.719598	0.213500	4.873411	-23.704549	2.080947
0.728744	0.218174	4.946423	-24.419503	2.158360
0.737889	0.222922	5.019223	-25.142909	2.237787
0.747035	0.227743	5.091821	-25.874779	2.319250
0.756181	0.232636	5.164227	-26.615122	2.402770
0.765327	0.237601	5.236449	-27.363947	2.488368
0.774472	0.242636	5.308496	-28.121260	2.576067
0.783618	0.247742	5.380376	-28.887068	2.665887
0.792764	0.252917	5.452095	-29.661375	2.757850
0.801910	0.258160	5.523661	-30.444184	2.851979
0.811055	0.263472	5.595080	-31.235500	2.948296
0.820201	0.268852	5.666357	-32.035322	3.046822
0.829347	0.274299	5.737499	-32.843654	3.147581
0.838492	0.279813	5.808510	-33.660495	3.250593
0.847638	0.285393	5.879396	-34.485844	3.355882
0.856784	0.291040	5.950160	-35.319702	3.463470
0.865930	0.296752	6.020808	-36.162067	3.573379
0.875075	0.302530	6.091343	-37.012937	3.685631
0.884221	0.308373	6.161769	-37.872309	3.800250
0.893367	0.314281	6.232091	-38.740181	3.917258
0.902513	0.320254	6.302310	-39.616549	4.036677
0.911658	0.326291	6.372431	-40.501409	4.158529
0.920804	0.332392	6.442456	-41.394758	4.282837
0.929950	0.338557	6.512389	-42.296592	4.409624
0.939095	0.344785	6.582232	-43.206904	4.538912
0.948241	0.351077	6.651988	-44.125690	4.670724
0.957387	0.357433	6.721659	-45.052945	4.805082
0.966533	0.363851	6.791248	-45.988663	4.942008
0.975678	0.370333	6.860757	-46.932838	5.081525
0.984824	0.376877	6.930188	-47.885463	5.223655
0.993970	0.383484	6.999542	-48.846532	5.368421
1.003116	0.390153	7.068823	-49.816039	5.515846
1.012261	0.396885	7.138031	-50.793975	5.665950
1.021407	0.403678	7.207169	-51.780335	5.818758
1.030553	0.410534	7.276239	-52.775110	5.974291
1.039698	0.417452	7.345241	-53.778294	6.132571
1.048844	0.424432	7.414177	-54.789877	6.293621
1.057990	0.431473	7.483049	-55.809852	6.457462
1.067136	0.438575	7.551858	-56.838212	6.624118
1.076281	0.445740	7.620606	-57.874946	6.793610
1.085427	0.452965	7.689293	-58.920048	6.965960
1.094573	0.460252	7.757921	-59.973508	7.141191
1.103719	0.467599	7.826491	-61.035318	7.319324
1.112864	0.475008	7.895005	-62.105467	7.500382
1.122010	0.482478	7.963462	-63.183948	7.684386
1.131156	0.490008	8.031865	-64.270751	7.871358
1.140302	0.497599	8.100214	-65.365866	8.061320
1.149447	0.505251	8.168510	-66.469284	8.254295
1.158593	0.512963	8.236755	-67.580995	8.450303
1.167739	0.520736	8.304948	-68.700990	8.649367
1.176884	0.528569	8.373090	-69.829257	8.851509
1.186030	0.536462	8.441184	-70.965788	9.056749
1.195176	0.544415	8.509228	-72.110572	9.265110
1.204322	0.552429	8.577224	-73.263598	9.476614
1.213467	0.560502	8.645173	-74.424856	9.691280
1.222613	0.568636	8.713075	-75.594336	9.909133
1.231759	0.576829	8.780932	-76.772027	10.130192
1.240905	0.585082	8.848742	-77.957918	10.354479
1.250050	0.593395	8.916508	-79.151998	10.582015
1.259196	0.601767	8.984229	-80.354256	10.812822
1.268342	0.610199	9.051907	-81.564681	11.046921
1.277487	0.618690	9.119542	-82.783261	11.284333
1.286633	0.627240	9.187133	-84.009987	11.525080
1.295779	0.635850	9.254683	-85.244845	11.769182
1.304925	0.644519	9.322190	-86.487825	12.016660
1.314070	0.653247	9.389656	-87.738915	12.267536
1.323216	0.662035	9.457082	-88.998104	12.521830
1.332362	0.670881	9.524466	-90.265378	12.779563
1.341508	0.679786	9.591811	-91.540728	13.040756
1.350653	0.688750	9.659116	-92.824140	13.305431
1.359799	0.697773	9.726381	-94.115602	13.573607
1.368945	0.706854	9.793607	-95.415103	13.845305
1.378090	0.715994	9.860795	-96.722630	14.120546
1.387236	0.725193	9.927944	-98.038171	14.399350
1.396382	0.734450	9.995055	-99.361713	14.681739
1.405528	0.743766	10.062129	-100.693245	14.967732
1.414673	0.753140	10.129164	-102.032752	15.257349
1.423819	0.762572	10.196163	-103.380224	15.550612
1.432965	0.772062	10.263125	-104.735646	15.847540
1.442111	0.781611	10.330049	-106.099007	16.148154
1.451256	0.791217	10.396938	-107.470292	16.452474
1.460402	0.800882	10.463790	-108.849491	16.760520
1.469548	0.810604	10.530606	-110.236588	17.072311
1.478693	0.820385	10.597387	-111.631571	17.387869
1.487839	0.830223	10.664131	-113.034428	17.707213
1.496985	0.840119	10.730841	-114.445144	18.030362
1.506131	0.850072	10.797515	-115.863706	18.357337
1.515276	0.860083	10.864154	-117.290101	18.688158
1.524422	0.870152	10.930758	-118.724316	19.022843
1.533568	0.880278	10.997328	-120.166336	19.361414
1.542714	0.890461	11.063863	-121.616148	19.703888
1.551859	0.900702	11.130364	-123.073739	20.050287
1.561005	0.911000	11.196831	-124.539095	20.400629
1.570151	0.921355	11.263263	-126.012201	20.754933
1.579296	0.931767	11.329662	-127.493044	21.113219
1.588442	0.942237	11.396026	-128.981610	21.475507
1.597588	0.952763	11.462358	-130.477884	21.841815
1.606734	0.963346	11.528655	-131.981854	22.212163
1.615879	0.973986	11.594919	-133.493503	22.586570
1.625025	0.984682	11.661150	-135.012819	22.965054
1.634171	0.995435	11.727347	-136.539787	23.347636
1.643317	1.006245	11.793512	-138.074392	23.734332
1.652462	1.017112	11.859643	-139.616621	24.125164
1.661608	1.028035	11.925742	-141.166457	24.520148
1.670754	1.039014	11.991807	-142.723888	24.919305
1.679899	1.050049	12.057840	-144.288898	25.322652
1.689045	1.061141	12.123840	-145.861472	25.730208
1.698191	1.072289	12.189807	-147.441596	26.141992
1.707337	1.083493	12.255742	-149.029255	26.558022
1.716482	1.094753	12.321644	-150.624434	26.978316
1.725628	1.106069	12.387514	-152.227118	27.402893
1.734774	1.117441	12.453352	-153.837292	27.831772
1.743920	1.128869	12.519157	-155.454941	28.264969
1.753065	1.140352	12.584930	-157.080050	28.702504
1.762211	1.151891	12.650670	-158.712603	29.144395
1.771357	1.163486	12.716379	-160.352586	29.590659
1.780503	1.175136	12.782055	-161.999982	30.041314
1.789648	1.186842	12.847699	-163.654778	30.496378
1.798794	1.198603	12.913311	-165.316956	30.955870
1.807940	1.210419	12.978891	-166.986502	31.419806
1.817085	1.222291	13.044439	-168.663400	31.888204
1.826231	1.234218	13.109955	-170.347635	32.361083
1.835377	1.246200	13.175439	-172.039191	32.838459
1.844523	1.258237	13.240892	-173.738052	33.320350
1.853668	1.270328	13.306312	-175.444202	33.806773
1.862814	1.282475	13.371700	-177.157626	34.297745
1.871960	1.294677	13.437057	-178.878308	34.793285
1.881106	1.306933	13.502381	-180.606231	35.293408
1.890251	1.319244	13.567674	-182.341381	35.798133
1.899397	1.331609	13.632935	-184.083740	36.307476
1.908543	1.344029	13.698164	-185.833293	36.821454
1.917688	1.356503	13.763362	-187.590023	37.340083
1.926834	1.369032	13.828527	-189.353915	37.863382
1.935980	1.381615	13.893661	-191.124952	38.391367
1.945126	1.394252	13.958763	-192.903117	38.924053
1.954271	1.406943	14.023833	-194.688396	39.461459
1.963417	1.419688	14.088871	-196.480770	40.003600
1.972563	1.432487	14.153877	-198.280224	40.550493
1.981709	1.445340	14.218852	-200.086741	41.102154
1.990854	1.458247	14.283795	-201.900305	41.658600
2.000000	1.471208	14.348706	-203.720899	42.219847
