Peña-Rodríguez & Rioux calculated dielectric data (85Au/15Ag) prepared by Alexander Al-Feghali al-fegha.li, Blum and Cosa Lab, McGill University
1 2 3 0 0 = columns for wave, Re(n), Im(n), eps1, eps2
wave(um)   Re(n)     Im(n)     eps1      eps2
0.180000	1.052695	1.061339	-0.018273	2.234534
0.189146	1.069801	1.149239	-0.176275	2.458915
0.198291	1.091668	1.232935	-0.328391	2.691911
0.207437	1.117512	1.312248	-0.473161	2.932907
0.216583	1.146720	1.387072	-0.609003	3.181165
0.225729	1.178807	1.457316	-0.734184	3.435788
0.234874	1.213395	1.522864	-0.846788	3.695669
0.244020	1.250176	1.583546	-0.944677	3.959422
0.253166	1.288891	1.639112	-1.025449	4.225274
0.262312	1.329296	1.689205	-1.086384	4.490905
0.271457	1.371128	1.733321	-1.124411	4.753210
0.280603	1.414049	1.770770	-1.136093	5.007913
0.289749	1.457551	1.800608	-1.117732	5.248956
0.298894	1.500778	1.821566	-1.065768	5.467535
0.308040	1.542187	1.832022	-0.977965	5.650641
0.317186	1.578913	1.830159	-0.856518	5.779324
0.326332	1.605804	1.814874	-0.715162	5.828662
0.335477	1.614995	1.788492	-0.590494	5.776811
0.344623	1.599561	1.760884	-0.542117	5.633282
0.353769	1.562790	1.747091	-0.610013	5.460671
0.362915	1.519102	1.754119	-0.769262	5.329369
0.372060	1.480986	1.776475	-0.962543	5.261868
0.381206	1.452621	1.804854	-1.147391	5.243540
0.390352	1.432996	1.831860	-1.302234	5.250098
0.399497	1.419129	1.852356	-1.417295	5.257462
0.408643	1.407015	1.862460	-1.489066	5.241020
0.417789	1.391089	1.859055	-1.520957	5.172220
0.426935	1.362940	1.840785	-1.530884	5.017758
0.436080	1.311322	1.811719	-1.562760	4.751496
0.445226	1.227897	1.785055	-1.678689	4.383729
0.454372	1.115555	1.777774	-1.916019	3.966408
0.463518	0.986280	1.800384	-2.268633	3.551363
0.472663	0.853352	1.855091	-2.713152	3.166089
0.481809	0.727710	1.938660	-3.228842	2.821564
0.490955	0.616899	2.044731	-3.800360	2.522787
0.500101	0.524816	2.165701	-4.414832	2.273188
0.509246	0.452113	2.294251	-5.059179	2.074522
0.518392	0.396974	2.424393	-5.720093	1.924842
0.527538	0.356149	2.552138	-6.386565	1.817884
0.536683	0.326144	2.675501	-7.051933	1.745198
0.545829	0.304016	2.793911	-7.713512	1.698785
0.554975	0.287581	2.907530	-8.371029	1.672303
0.564121	0.275309	3.016806	-9.025324	1.661108
0.573266	0.266136	3.122249	-9.677609	1.661886
0.582412	0.259320	3.224342	-10.329137	1.672274
0.591558	0.254335	3.323514	-10.981062	1.690571
0.600704	0.250799	3.420132	-11.634403	1.715529
0.609849	0.248431	3.514507	-12.290040	1.746222
0.618995	0.247019	3.606902	-12.948727	1.781950
0.628141	0.246404	3.697543	-13.611106	1.822179
0.637286	0.246459	3.786617	-14.277730	1.866493
0.646432	0.247086	3.874290	-14.949070	1.914567
0.655578	0.248207	3.960699	-15.625532	1.966145
0.664724	0.249758	4.045967	-16.307468	2.021024
0.673869	0.251688	4.130197	-16.995182	2.079039
0.683015	0.253954	4.213482	-17.688938	2.140059
0.692161	0.256521	4.295902	-18.388968	2.203979
0.701307	0.259360	4.377527	-19.095475	2.270713
0.710452	0.262446	4.458421	-19.808637	2.340193
0.719598	0.265759	4.538638	-20.528612	2.412364
0.728744	0.269279	4.618230	-21.255538	2.487182
0.737889	0.272991	4.697240	-21.989540	2.564613
0.747035	0.276883	4.775709	-22.730728	2.644630
0.756181	0.280943	4.853672	-23.479198	2.727212
0.765327	0.285161	4.931162	-24.235039	2.812346
0.774472	0.289527	5.008209	-24.998329	2.900020
0.783618	0.294034	5.084840	-25.769138	2.990230
0.792764	0.298675	5.161079	-26.547528	3.082973
0.801910	0.303445	5.236949	-27.333555	3.178248
0.811055	0.308337	5.312470	-28.127270	3.276059
0.820201	0.313347	5.387662	-28.928719	3.376411
0.829347	0.318470	5.462542	-29.737943	3.479311
0.838492	0.323703	5.537126	-30.554976	3.584768
0.847638	0.329042	5.611428	-31.379854	3.692791
0.856784	0.334484	5.685462	-32.212604	3.803394
0.865930	0.340026	5.759242	-33.053253	3.916588
0.875075	0.345666	5.832779	-33.901826	4.032386
0.884221	0.351401	5.906084	-34.758342	4.150804
0.893367	0.357228	5.979167	-35.622821	4.271857
0.902513	0.363147	6.052037	-36.495280	4.395561
0.911658	0.369155	6.124705	-37.375732	4.521933
0.920804	0.375251	6.197177	-38.264191	4.650989
0.929950	0.381432	6.269462	-39.160668	4.782748
0.939095	0.387698	6.341568	-40.065172	4.917228
0.948241	0.394047	6.413500	-40.977713	5.054447
0.957387	0.400479	6.485266	-41.898296	5.194425
0.966533	0.406991	6.556872	-42.826929	5.337180
0.975678	0.413584	6.628323	-43.763615	5.482733
0.984824	0.420255	6.699625	-44.708358	5.631102
0.993970	0.427004	6.770782	-45.661162	5.782309
1.003116	0.433831	6.841801	-46.622028	5.936372
1.012261	0.440734	6.912684	-47.590956	6.093313
1.021407	0.447713	6.983437	-48.567947	6.253153
1.030553	0.454767	7.054064	-49.553002	6.415911
1.039698	0.461895	7.124568	-50.546117	6.581609
1.048844	0.469097	7.194953	-51.547293	6.750267
1.057990	0.476373	7.265222	-52.556525	6.921907
1.067136	0.483721	7.335380	-53.573812	7.096550
1.076281	0.491141	7.405428	-54.599149	7.274217
1.085427	0.498633	7.475371	-55.632533	7.454930
1.094573	0.506196	7.545210	-56.673959	7.638709
1.103719	0.513830	7.614949	-57.723422	7.825576
1.112864	0.521534	7.684589	-58.780917	8.015552
1.122010	0.529309	7.754135	-59.846437	8.208660
1.131156	0.537153	7.823587	-60.919977	8.404919
1.140302	0.545066	7.892948	-62.001530	8.604353
1.149447	0.553048	7.962220	-63.091089	8.806982
1.158593	0.561099	8.031406	-64.188647	9.012828
1.167739	0.569218	8.100506	-65.294195	9.221912
1.176884	0.577406	8.169524	-66.407727	9.434257
1.186030	0.585661	8.238461	-67.529234	9.649882
1.195176	0.593983	8.307317	-68.658708	9.868811
1.204322	0.602373	8.376096	-69.796139	10.091064
1.213467	0.610829	8.444799	-70.941518	10.316664
1.222613	0.619353	8.513427	-72.094838	10.545631
1.231759	0.627943	8.581981	-73.256087	10.777986
1.240905	0.636599	8.650463	-74.425256	11.013752
1.250050	0.645321	8.718875	-75.602335	11.252950
1.259196	0.654109	8.787216	-76.787314	11.495601
1.268342	0.662963	8.855490	-77.980183	11.741726
1.277487	0.671882	8.923696	-79.180931	11.991347
1.286633	0.680867	8.991837	-80.389547	12.244486
1.295779	0.689916	9.059912	-81.606020	12.501162
1.304925	0.699031	9.127923	-82.830340	12.761398
1.314070	0.708210	9.195872	-84.062494	13.025214
1.323216	0.717454	9.263758	-85.302471	13.292633
1.332362	0.726762	9.331583	-86.550260	13.563674
1.341508	0.736134	9.399348	-87.805849	13.838359
1.350653	0.745570	9.467053	-89.069225	14.116708
1.359799	0.755071	9.534700	-90.340377	14.398744
1.368945	0.764635	9.602289	-91.619292	14.684486
1.378090	0.774262	9.669821	-92.905958	14.973955
1.387236	0.783953	9.737297	-94.200363	15.267173
1.396382	0.793708	9.804716	-95.502492	15.564159
1.405528	0.803525	9.872081	-96.812335	15.864935
1.414673	0.813406	9.939392	-98.129877	16.169522
1.423819	0.823350	10.006648	-99.455106	16.477939
1.432965	0.833356	10.073852	-100.788009	16.790207
1.442111	0.843425	10.141003	-102.128571	17.106347
1.451256	0.853556	10.208102	-103.476780	17.426379
1.460402	0.863750	10.275149	-104.832622	17.750324
1.469548	0.874006	10.342145	-106.196083	18.078201
1.478693	0.884325	10.409091	-107.567149	18.410031
1.487839	0.894705	10.475987	-108.945807	18.745835
1.496985	0.905147	10.542833	-110.332042	19.085631
1.506131	0.915651	10.609630	-111.725841	19.429440
1.515276	0.926217	10.676379	-113.127189	19.777283
1.524422	0.936844	10.743079	-114.536071	20.129178
1.533568	0.947533	10.809731	-115.952473	20.485146
1.542714	0.958283	10.876336	-117.376381	20.845207
1.551859	0.969094	10.942894	-118.807780	21.209380
1.561005	0.979966	11.009405	-120.246655	21.577685
1.570151	0.990899	11.075869	-121.692992	21.950141
1.579296	1.001893	11.142287	-123.146775	22.326769
1.588442	1.012948	11.208660	-124.607989	22.707586
1.597588	1.024064	11.274987	-126.076620	23.092614
1.606734	1.035240	11.341269	-127.552651	23.481870
1.615879	1.046477	11.407505	-129.036068	23.875374
1.625025	1.057773	11.473698	-130.526856	24.273146
1.634171	1.069131	11.539846	-132.024999	24.675204
1.643317	1.080548	11.605950	-133.530480	25.081568
1.652462	1.092025	11.672009	-135.043286	25.492256
1.661608	1.103562	11.738026	-136.563399	25.907287
1.670754	1.115159	11.803999	-138.090805	26.326680
1.679899	1.126816	11.869928	-139.625487	26.750454
1.689045	1.138533	11.935815	-141.167429	27.178627
1.698191	1.150308	12.001659	-142.716615	27.611218
1.707337	1.162144	12.067461	-144.273030	28.048246
1.716482	1.174038	12.133220	-145.836656	28.489728
1.725628	1.185992	12.198937	-147.407479	28.935684
1.734774	1.198005	12.264612	-148.985480	29.386131
1.743920	1.210077	12.330245	-150.570645	29.841088
1.753065	1.222208	12.395836	-152.162956	30.300572
1.762211	1.234397	12.461386	-153.762397	30.764603
1.771357	1.246646	12.526894	-155.368952	31.233197
1.780503	1.258953	12.592361	-156.982603	31.706373
1.789648	1.271318	12.657787	-158.603334	32.184148
1.798794	1.283742	12.723173	-160.231128	32.666541
1.807940	1.296224	12.788517	-161.865968	33.153568
1.817085	1.308765	12.853821	-163.507838	33.645248
1.826231	1.321363	12.919084	-165.156719	34.141598
1.835377	1.334020	12.984306	-166.812596	34.642636
1.844523	1.346734	13.049488	-168.475451	35.148378
1.853668	1.359506	13.114630	-170.145267	35.658843
1.862814	1.372336	13.179732	-171.822026	36.174046
1.871960	1.385224	13.244794	-173.505711	36.694006
1.881106	1.398169	13.309815	-175.196305	37.218740
1.890251	1.411171	13.374797	-176.893790	37.748264
1.899397	1.424231	13.439739	-178.598150	38.282595
1.908543	1.437348	13.504641	-180.309365	38.821750
1.917688	1.450523	13.569504	-182.027419	39.365746
1.926834	1.463754	13.634327	-183.752295	39.914600
1.935980	1.477042	13.699110	-185.483973	40.468327
1.945126	1.490387	13.763855	-187.222437	41.026945
1.954271	1.503789	13.828559	-188.967668	41.590470
1.963417	1.517247	13.893225	-190.719649	42.158918
1.972563	1.530762	13.957851	-192.478362	42.732305
1.981709	1.544334	14.022438	-194.243789	43.310648
1.990854	1.557962	14.086985	-196.015911	43.893963
2.000000	1.571646	14.151494	-197.794710	44.482265
