Rioux calculated dielectric data (20Au/80Ag) prepared by Alexander Al-Feghali al-fegha.li, Blum and Cosa Lab, McGill University
1 2 3 0 0 = columns for wave, Re(n), Im(n), eps1, eps2
wave(um)   Re(n)     Im(n)     eps1      eps2
0.270000	1.281803	1.424044	-0.384882	3.650690
0.280000	1.315022	1.429091	-0.313019	3.758574
0.290000	1.343228	1.421033	-0.215072	3.817543
0.300000	1.362826	1.398584	-0.098742	3.812053
0.310000	1.368913	1.361513	0.020206	3.727586
0.320000	1.356147	1.311541	0.118993	3.557285
0.330000	1.320826	1.251207	0.179063	3.305254
0.340000	1.258671	1.176831	0.199323	2.962486
0.350000	1.136730	1.082630	0.120068	2.461315
0.360000	0.917700	1.040341	-0.240137	1.909442
0.370000	0.679772	1.119002	-0.790076	1.521334
0.380000	0.507258	1.274706	-1.367565	1.293209
0.390000	0.398543	1.443158	-1.923867	1.150321
0.400000	0.328573	1.603118	-2.462029	1.053481
0.410000	0.281359	1.751499	-2.988587	0.985600
0.420000	0.248165	1.889416	-3.508307	0.937772
0.430000	0.224085	2.018611	-4.024575	0.904680
0.440000	0.206216	2.140655	-4.539879	0.882875
0.450000	0.192749	2.256826	-5.056111	0.870004
0.460000	0.182507	2.368132	-5.574739	0.864400
0.470000	0.174692	2.475368	-6.096928	0.864852
0.480000	0.168748	2.579165	-6.623615	0.870459
0.490000	0.164279	2.680028	-7.155561	0.880545
0.500000	0.160992	2.778365	-7.693391	0.894587
0.510000	0.158668	2.874509	-8.237626	0.912183
0.520000	0.157141	2.968736	-8.788699	0.933019
0.530000	0.156282	3.061274	-9.346976	0.956844
0.540000	0.155990	3.152317	-9.912767	0.983463
0.550000	0.156186	3.242025	-10.486334	1.012717
0.560000	0.156804	3.330539	-11.067906	1.044482
0.570000	0.157792	3.417978	-11.657675	1.078657
0.580000	0.159107	3.504444	-12.255812	1.115162
0.590000	0.160714	3.590026	-12.862461	1.153933
0.600000	0.162583	3.674804	-13.477751	1.194919
0.610000	0.164689	3.758845	-14.101793	1.238082
0.620000	0.167012	3.842210	-14.734684	1.283391
0.630000	0.169534	3.924953	-15.376511	1.330823
0.640000	0.172239	4.007121	-16.027349	1.380363
0.650000	0.175114	4.088757	-16.687265	1.431999
0.660000	0.178149	4.169899	-17.356318	1.485725
0.670000	0.181333	4.250581	-18.034561	1.541539
0.680000	0.184657	4.330836	-18.722039	1.599442
0.690000	0.188115	4.410689	-19.418794	1.659437
0.700000	0.191700	4.490168	-20.124862	1.721531
0.710000	0.195406	4.569295	-20.840276	1.785732
0.720000	0.199227	4.648092	-21.565065	1.852050
0.730000	0.203159	4.726577	-22.299253	1.920497
0.740000	0.207199	4.804768	-23.042864	1.991088
0.750000	0.211342	4.882682	-23.795918	2.063834
0.760000	0.215586	4.960333	-24.558431	2.138754
0.770000	0.219926	5.037736	-25.330420	2.215863
0.780000	0.224362	5.114903	-26.111898	2.295178
0.790000	0.228889	5.191846	-26.902876	2.376717
0.800000	0.233507	5.268576	-27.703365	2.460500
0.810000	0.238213	5.345102	-28.513373	2.546546
0.820000	0.243005	5.421435	-29.332909	2.634874
0.830000	0.247882	5.497583	-30.161977	2.725506
0.840000	0.252842	5.573555	-31.000584	2.818461
0.850000	0.257884	5.649357	-31.848732	2.913761
0.860000	0.263007	5.724998	-32.706426	3.011428
0.870000	0.268209	5.800483	-33.573667	3.111483
0.880000	0.273489	5.875819	-34.450457	3.213948
0.890000	0.278847	5.951013	-35.336796	3.318846
0.900000	0.284281	6.026068	-36.232685	3.426199
0.910000	0.289791	6.100992	-37.138123	3.536030
0.920000	0.295376	6.175788	-38.053108	3.648362
0.930000	0.301035	6.250461	-38.977638	3.763217
0.940000	0.306768	6.325015	-39.911712	3.880619
0.950000	0.312573	6.399455	-40.855327	4.000592
0.960000	0.318450	6.473785	-41.808478	4.123158
0.970000	0.324400	6.548007	-42.771163	4.248341
0.980000	0.330420	6.622126	-43.743377	4.376164
0.990000	0.336511	6.696145	-44.725116	4.506652
1.000000	0.342672	6.770066	-45.716374	4.639828
1.010000	0.348903	6.843894	-46.717147	4.775715
1.020000	0.355204	6.917630	-47.727428	4.914338
1.030000	0.361573	6.991277	-48.747213	5.055721
1.040000	0.368012	7.064837	-49.776495	5.199886
1.050000	0.374518	7.138314	-50.815266	5.346859
1.060000	0.381093	7.211709	-51.863522	5.496663
1.070000	0.387735	7.285025	-52.921254	5.649322
1.080000	0.394445	7.358263	-53.988455	5.804860
1.090000	0.401222	7.431426	-55.065118	5.963301
1.100000	0.408066	7.504515	-56.151235	6.124669
1.110000	0.414976	7.577533	-57.246798	6.288989
1.120000	0.421953	7.650480	-58.351799	6.456283
1.130000	0.428996	7.723359	-59.466230	6.626576
1.140000	0.436105	7.796170	-60.590082	6.799893
1.150000	0.443279	7.868916	-61.723347	6.976256
1.160000	0.450520	7.941598	-62.866015	7.155690
1.170000	0.457825	8.014217	-64.018077	7.338219
1.180000	0.465196	8.086775	-65.179525	7.523867
1.190000	0.472631	8.159273	-66.350348	7.712658
1.200000	0.480132	8.231711	-67.530537	7.904615
