Rioux calculated dielectric data (0Au/100Ag) prepared by Alexander Al-Feghali al-fegha.li, Blum and Cosa Lab, McGill University
1 2 3 0 0 = columns for wave, Re(n), Im(n), eps1, eps2
wave(um)   Re(n)     Im(n)     eps1      eps2
0.270000	1.278043	1.275042	0.007662	3.259116
0.280000	1.353317	1.221823	0.338617	3.307027
0.290000	1.422447	1.105348	0.801562	3.144598
0.300000	1.452760	0.917144	1.269359	2.664782
0.310000	1.342244	0.481438	1.569836	1.292415
0.320000	0.752201	0.317636	0.464913	0.477853
0.330000	0.269464	0.616851	-0.307895	0.332439
0.340000	0.135602	0.961631	-0.906345	0.260799
0.350000	0.090941	1.199804	-1.431260	0.218222
0.360000	0.068806	1.386358	-1.917254	0.190779
0.370000	0.055781	1.544108	-2.381158	0.172263
0.380000	0.047357	1.683671	-2.832505	0.159469
0.390000	0.041578	1.810786	-3.277218	0.150579
0.400000	0.037455	1.928889	-3.719210	0.144492
0.410000	0.034433	2.040190	-4.161191	0.140500
0.420000	0.032181	2.146193	-4.605107	0.138132
0.430000	0.030486	2.247960	-5.052397	0.137064
0.440000	0.029209	2.346274	-5.504151	0.137064
0.450000	0.028252	2.441722	-5.961210	0.137966
0.460000	0.027546	2.534758	-6.424238	0.139645
0.470000	0.027042	2.625737	-6.893763	0.142008
0.480000	0.026701	2.714945	-7.370212	0.144984
0.490000	0.026496	2.802613	-7.853936	0.148518
0.500000	0.026405	2.888931	-8.345224	0.152567
0.510000	0.026411	2.974057	-8.844316	0.157097
0.520000	0.026501	3.058124	-9.351417	0.162084
0.530000	0.026662	3.141243	-9.866698	0.167505
0.540000	0.026888	3.223512	-10.390307	0.173346
0.550000	0.027170	3.305012	-10.922368	0.179592
0.560000	0.027502	3.385816	-11.462992	0.186234
0.570000	0.027880	3.465985	-12.012273	0.193264
0.580000	0.028300	3.545574	-12.570293	0.200678
0.590000	0.028757	3.624631	-13.137124	0.208469
0.600000	0.029250	3.703200	-13.712831	0.216636
0.610000	0.029775	3.781317	-14.297470	0.225176
0.620000	0.030330	3.859017	-14.891089	0.234089
0.630000	0.030914	3.936330	-15.493735	0.243375
0.640000	0.031524	4.013283	-16.105446	0.253033
0.650000	0.032160	4.089901	-16.726258	0.263065
0.660000	0.032820	4.166207	-17.356203	0.273472
0.670000	0.033503	4.242220	-17.995309	0.284257
0.680000	0.034208	4.317959	-18.643603	0.295421
0.690000	0.034935	4.393441	-19.301107	0.306966
0.700000	0.035681	4.468682	-19.967843	0.318897
0.710000	0.036448	4.543694	-20.643830	0.331215
0.720000	0.037233	4.618492	-21.329086	0.343924
0.730000	0.038038	4.693088	-22.023626	0.357028
0.740000	0.038860	4.767492	-22.727466	0.370529
0.750000	0.039700	4.841714	-23.440618	0.384433
0.760000	0.040557	4.915764	-24.163096	0.398742
0.770000	0.041432	4.989652	-24.894909	0.413460
0.780000	0.042323	5.063384	-25.636069	0.428593
0.790000	0.043230	5.136969	-26.386584	0.444143
0.800000	0.044153	5.210414	-27.146465	0.460115
0.810000	0.045093	5.283725	-27.915718	0.476514
0.820000	0.046047	5.356909	-28.694352	0.493343
0.830000	0.047018	5.429971	-29.482372	0.510607
0.840000	0.048003	5.502917	-30.279787	0.528312
0.850000	0.049003	5.575751	-31.086600	0.546460
0.860000	0.050019	5.648480	-31.902819	0.565058
0.870000	0.051049	5.721106	-32.728448	0.584108
0.880000	0.052093	5.793635	-33.563492	0.603617
0.890000	0.053152	5.866070	-34.407954	0.623589
0.900000	0.054226	5.938416	-35.261841	0.644028
0.910000	0.055313	6.010675	-36.125154	0.664940
0.920000	0.056415	6.082851	-36.997898	0.686329
0.930000	0.057531	6.154948	-37.880076	0.708199
0.940000	0.058661	6.226968	-38.771690	0.730557
0.950000	0.059804	6.298914	-39.672745	0.753405
0.960000	0.060962	6.370789	-40.583242	0.776751
0.970000	0.062133	6.442596	-41.503185	0.800597
0.980000	0.063318	6.514337	-42.432574	0.824950
0.990000	0.064517	6.586014	-43.371413	0.849814
1.000000	0.065729	6.657629	-44.319704	0.875194
1.010000	0.066954	6.729185	-45.277448	0.901095
1.020000	0.068193	6.800684	-46.244647	0.927522
1.030000	0.069446	6.872127	-47.221303	0.954480
1.040000	0.070712	6.943516	-48.207417	0.981974
1.050000	0.071991	7.014854	-49.202991	1.010009
1.060000	0.073283	7.086141	-50.208026	1.038589
1.070000	0.074589	7.157380	-51.222523	1.067720
1.080000	0.075908	7.228571	-52.246483	1.097407
1.090000	0.077240	7.299717	-53.279908	1.127655
1.100000	0.078585	7.370819	-54.322799	1.158469
1.110000	0.079943	7.441878	-55.375156	1.189854
1.120000	0.081314	7.512895	-56.436979	1.221815
1.130000	0.082699	7.583872	-57.508271	1.254356
1.140000	0.084096	7.654809	-58.589032	1.287484
1.150000	0.085507	7.725709	-59.679262	1.321202
1.160000	0.086930	7.796571	-60.778961	1.355517
1.170000	0.088367	7.867397	-61.888132	1.390433
1.180000	0.089816	7.938189	-63.006773	1.425955
1.190000	0.091278	8.008946	-64.134885	1.462088
1.200000	0.092754	8.079670	-65.272470	1.498838
