Rioux calculated dielectric data (100Au/0Ag) prepared by Alexander Al-Feghali al-fegha.li, Blum and Cosa Lab, McGill University
1 2 3 0 0 = columns for wave, Re(n), Im(n), eps1, eps2
wave(um)   Re(n)     Im(n)     eps1      eps2
0.270000	1.450245	1.843094	-1.293784	5.345876
0.280000	1.502286	1.879478	-1.275574	5.647028
0.290000	1.554186	1.906998	-1.221149	5.927659
0.300000	1.604679	1.924365	-1.128185	6.175976
0.310000	1.651601	1.930121	-0.997580	6.375580
0.320000	1.691278	1.923119	-0.837965	6.505060
0.330000	1.718017	1.903921	-0.673334	6.541936
0.340000	1.725140	1.877453	-0.548720	6.477738
0.350000	1.709857	1.854454	-0.515386	6.341702
0.360000	1.678724	1.845997	-0.589591	6.197841
0.370000	1.643995	1.854771	-0.737455	6.098469
0.380000	1.614644	1.875305	-0.909697	6.055900
0.390000	1.593700	1.900105	-1.070520	6.056393
0.400000	1.580522	1.922992	-1.199850	6.078664
0.410000	1.572901	1.939337	-1.287012	6.100770
0.420000	1.567799	1.945362	-1.326441	6.099875
0.430000	1.561100	1.937584	-1.317198	6.049525
0.440000	1.546608	1.912850	-1.267000	5.916858
0.450000	1.514605	1.869811	-1.202162	5.664049
0.460000	1.451750	1.812969	-1.179280	5.263957
0.470000	1.346435	1.757270	-1.275110	4.732098
0.480000	1.198256	1.725161	-1.540365	4.134370
0.490000	1.020708	1.736338	-1.973027	3.544587
0.500000	0.836363	1.800076	-2.540770	3.011034
0.510000	0.669042	1.911280	-3.205373	2.557453
0.520000	0.533580	2.053161	-3.930764	2.191051
0.530000	0.431812	2.207474	-4.686480	1.906429
0.540000	0.357755	2.362057	-5.451323	1.690073
0.550000	0.303919	2.511232	-6.213919	1.526424
0.560000	0.264206	2.653249	-6.969926	1.402008
0.570000	0.234317	2.788136	-7.718799	1.306614
0.580000	0.211363	2.916560	-8.461647	1.232908
0.590000	0.193414	3.039334	-9.200142	1.175699
0.600000	0.179159	3.157232	-9.936019	1.131291
0.610000	0.167692	3.270934	-10.670889	1.097017
0.620000	0.158373	3.381014	-11.406175	1.070923
0.630000	0.150740	3.487955	-12.143108	1.051550
0.640000	0.144452	3.592159	-12.882741	1.037792
0.650000	0.139254	3.693963	-13.625974	1.028799
0.660000	0.134950	3.793651	-14.373577	1.023907
0.670000	0.131389	3.891462	-15.126209	1.022594
0.680000	0.128453	3.987598	-15.884440	1.024439
0.690000	0.126047	4.082235	-16.648757	1.029106
0.700000	0.124095	4.175522	-17.419587	1.036319
0.710000	0.122535	4.267589	-18.197300	1.045854
0.720000	0.121316	4.358547	-18.982218	1.057525
0.730000	0.120397	4.448497	-19.774627	1.071175
0.740000	0.119743	4.537523	-20.574777	1.086676
0.750000	0.119324	4.625703	-21.382889	1.103918
0.760000	0.119116	4.713104	-22.199160	1.122811
0.770000	0.119097	4.799786	-23.023766	1.143276
0.780000	0.119248	4.885804	-23.856863	1.165248
0.790000	0.119556	4.971206	-24.698591	1.188670
0.800000	0.120005	5.056034	-25.549076	1.213495
0.810000	0.120584	5.140328	-26.408433	1.239682
0.820000	0.121283	5.224124	-27.276763	1.267197
0.830000	0.122093	5.307454	-28.154160	1.296009
0.840000	0.123006	5.390347	-29.040709	1.326095
0.850000	0.124016	5.472830	-29.936485	1.357432
0.860000	0.125114	5.554927	-30.841560	1.390003
0.870000	0.126298	5.636661	-31.755996	1.423793
0.880000	0.127560	5.718052	-32.679853	1.458789
0.890000	0.128897	5.799120	-33.613183	1.494982
0.900000	0.130306	5.879882	-34.556037	1.532363
0.910000	0.131781	5.960354	-35.508459	1.570926
0.920000	0.133321	6.040552	-36.470491	1.610666
0.930000	0.134922	6.120488	-37.442171	1.651579
0.940000	0.136582	6.200177	-38.423535	1.693663
0.950000	0.138298	6.279629	-39.414615	1.736917
0.960000	0.140068	6.358857	-40.415442	1.781340
0.970000	0.141890	6.437870	-41.426043	1.826933
0.980000	0.143762	6.516680	-42.446445	1.873698
0.990000	0.145682	6.595293	-43.476672	1.921636
1.000000	0.147650	6.673721	-44.516746	1.970751
1.010000	0.149663	6.751969	-45.566687	2.021046
1.020000	0.151721	6.830047	-46.626517	2.072524
1.030000	0.153822	6.907960	-47.696251	2.125190
1.040000	0.155965	6.985716	-48.775908	2.179048
1.050000	0.158148	7.063322	-49.865502	2.234105
1.060000	0.160372	7.140782	-50.965049	2.290364
1.070000	0.162635	7.218103	-52.074562	2.347834
1.080000	0.164936	7.295290	-53.194054	2.406518
1.090000	0.167275	7.372348	-54.323536	2.466425
1.100000	0.169651	7.449282	-55.463020	2.527560
1.110000	0.172063	7.526096	-56.612516	2.589930
1.120000	0.174511	7.602795	-57.772033	2.653544
1.130000	0.176994	7.679382	-58.941581	2.718407
1.140000	0.179511	7.755862	-60.121168	2.784528
1.150000	0.182063	7.832238	-61.310802	2.851915
1.160000	0.184647	7.908513	-62.510491	2.920574
1.170000	0.187266	7.984692	-63.720240	2.990515
1.180000	0.189916	8.060777	-64.940057	3.061745
1.190000	0.192599	8.136771	-66.169948	3.134273
1.200000	0.195314	8.212677	-67.409918	3.208107
