Rioux calculated dielectric data (70Au/30Ag) prepared by Alexander Al-Feghali al-fegha.li, Blum and Cosa Lab, McGill University
1 2 3 0 0 = columns for wave, Re(n), Im(n), eps1, eps2
wave(um)   Re(n)     Im(n)     eps1      eps2
0.270000	1.387619	1.653618	-0.808965	4.589182
0.280000	1.421612	1.684216	-0.815603	4.788601
0.290000	1.453034	1.708053	-0.806137	4.963719
0.300000	1.480793	1.725010	-0.782914	5.108766
0.310000	1.503567	1.735134	-0.749976	5.217781
0.320000	1.519813	1.738773	-0.713498	5.285218
0.330000	1.527839	1.736748	-0.682001	5.306941
0.340000	1.526008	1.730519	-0.665996	5.281570
0.350000	1.513084	1.722239	-0.676684	5.211785
0.360000	1.488654	1.714571	-0.723664	5.104805
0.370000	1.453416	1.710189	-0.812329	4.971234
0.380000	1.409102	1.711101	-0.942299	4.822233
0.390000	1.357921	1.718088	-1.107876	4.666056
0.400000	1.301705	1.730569	-1.300436	4.505380
0.410000	1.241000	1.747005	-1.511946	4.336066
0.420000	1.174344	1.765894	-1.739300	4.147534
0.430000	1.098140	1.787592	-1.989574	3.926051
0.440000	1.008465	1.816653	-2.283229	3.664061
0.450000	0.905729	1.861790	-2.645920	3.372554
0.460000	0.797634	1.930313	-3.089890	3.079365
0.470000	0.695089	2.022583	-3.607695	2.811751
0.480000	0.606168	2.132871	-4.181700	2.585755
0.490000	0.533967	2.253461	-4.792968	2.406547
0.500000	0.477656	2.377779	-5.425678	2.271523
0.510000	0.434496	2.501592	-6.069176	2.173862
0.520000	0.401465	2.622776	-6.717780	2.105906
0.530000	0.376034	2.740547	-7.369195	2.061077
0.540000	0.356303	2.854801	-8.022939	2.034350
0.550000	0.340903	2.965731	-8.679347	2.022056
0.560000	0.328852	3.073631	-9.339064	2.021542
0.570000	0.319439	3.178811	-10.002801	2.030871
0.580000	0.312139	3.281566	-10.671244	2.048612
0.590000	0.306563	3.382158	-11.345013	2.073689
0.600000	0.302412	3.480820	-12.024652	2.105280
0.610000	0.299455	3.577752	-12.710639	2.142751
0.620000	0.297512	3.673132	-13.403384	2.185603
0.630000	0.296440	3.767110	-14.103245	2.233442
0.640000	0.296121	3.859821	-14.810530	2.285951
0.650000	0.296463	3.951379	-15.525507	2.342875
0.660000	0.297387	4.041887	-16.248409	2.404010
0.670000	0.298829	4.131433	-16.979440	2.469188
0.680000	0.300736	4.220097	-17.718776	2.538271
0.690000	0.303062	4.307949	-18.466575	2.611149
0.700000	0.305768	4.395050	-19.222972	2.687731
0.710000	0.308822	4.481457	-19.988088	2.767942
0.720000	0.312195	4.567220	-20.762030	2.851724
0.730000	0.315863	4.652382	-21.544891	2.939029
0.740000	0.319805	4.736985	-22.336754	3.029819
0.750000	0.324002	4.821065	-23.137693	3.124066
0.760000	0.328438	4.904655	-23.947772	3.221747
0.770000	0.333098	4.987785	-24.767049	3.322848
0.780000	0.337972	5.070483	-25.595575	3.427358
0.790000	0.343046	5.152773	-26.433394	3.535272
0.800000	0.348311	5.234679	-27.280548	3.646589
0.810000	0.353758	5.316222	-28.137069	3.761311
0.820000	0.359379	5.397420	-29.002990	3.879444
0.830000	0.365168	5.478292	-29.878336	4.000995
0.840000	0.371117	5.558854	-30.763132	4.125975
0.850000	0.377222	5.639122	-31.657397	4.254397
0.860000	0.383475	5.719109	-32.561149	4.386275
0.870000	0.389874	5.798828	-33.474403	4.521625
0.880000	0.396413	5.878292	-34.397170	4.660465
0.890000	0.403089	5.957511	-35.329462	4.802814
0.900000	0.409898	6.036498	-36.271286	4.948691
0.910000	0.416836	6.115260	-37.222649	5.098118
0.920000	0.423901	6.193807	-38.183556	5.251118
0.930000	0.431089	6.272149	-39.154010	5.407711
0.940000	0.438399	6.350292	-40.134011	5.567924
0.950000	0.445828	6.428244	-41.123562	5.731778
0.960000	0.453373	6.506013	-42.122661	5.899300
0.970000	0.461033	6.583605	-43.131305	6.070515
0.980000	0.468805	6.661026	-44.149493	6.245448
0.990000	0.476689	6.738283	-45.177219	6.424126
1.000000	0.484681	6.815379	-46.214479	6.606576
1.010000	0.492782	6.892322	-47.261267	6.792824
1.020000	0.500989	6.969115	-48.317576	6.982898
1.030000	0.509301	7.045764	-49.383399	7.176825
1.040000	0.517716	7.122272	-50.458728	7.374633
1.050000	0.526235	7.198644	-51.543552	7.576351
1.060000	0.534854	7.274884	-52.637864	7.782006
1.070000	0.543574	7.350995	-53.741653	7.991627
1.080000	0.552394	7.426981	-54.854908	8.205242
1.090000	0.561312	7.502845	-55.977618	8.422880
1.100000	0.570328	7.578591	-57.109771	8.644570
1.110000	0.579441	7.654221	-58.251354	8.870340
1.120000	0.588650	7.729739	-59.402356	9.100220
1.130000	0.597954	7.805146	-60.562762	9.334239
1.140000	0.607353	7.880446	-61.732559	9.572425
1.150000	0.616846	7.955641	-62.911733	9.814807
1.160000	0.626432	8.030734	-64.100269	10.061416
1.170000	0.636111	8.105726	-65.298153	10.312279
1.180000	0.645882	8.180619	-66.505370	10.567427
1.190000	0.655744	8.255417	-67.721903	10.826887
1.200000	0.665698	8.330120	-68.947737	11.090690
