Rioux calculated dielectric data (85Au/15Ag) prepared by Alexander Al-Feghali al-fegha.li, Blum and Cosa Lab, McGill University
1 2 3 0 0 = columns for wave, Re(n), Im(n), eps1, eps2
wave(um)   Re(n)     Im(n)     eps1      eps2
0.270000	1.419900	1.739989	-1.011443	4.941220
0.280000	1.461394	1.773502	-1.009637	5.183568
0.290000	1.501199	1.799604	-0.984976	5.403125
0.300000	1.538181	1.817884	-0.938699	5.592469
0.310000	1.570844	1.828055	-0.874235	5.743179
0.320000	1.597259	1.830165	-0.798268	5.846495
0.330000	1.615108	1.824920	-0.721758	5.894888
0.340000	1.621983	1.814088	-0.660089	5.884839
0.350000	1.616067	1.800735	-0.630974	5.820220
0.360000	1.597100	1.788886	-0.649386	5.714058
0.370000	1.566971	1.782371	-0.721451	5.585847
0.380000	1.529287	1.783388	-0.841754	5.454625
0.390000	1.487993	1.791758	-0.996273	5.332248
0.400000	1.445969	1.805279	-1.168206	5.220758
0.410000	1.404268	1.820649	-1.342794	5.113357
0.420000	1.361874	1.834352	-1.510147	4.996311
0.430000	1.315555	1.843459	-1.667656	4.850343
0.440000	1.259663	1.846822	-1.824003	4.652747
0.450000	1.186709	1.847308	-2.004268	4.384435
0.460000	1.090773	1.854093	-2.247876	4.044789
0.470000	0.973456	1.880663	-2.589277	3.661485
0.480000	0.845660	1.937145	-3.037390	3.276332
0.490000	0.721866	2.024684	-3.578253	2.923102
0.500000	0.613268	2.136608	-4.188997	2.620625
0.510000	0.524829	2.263133	-4.846324	2.375516
0.520000	0.456170	2.395504	-5.530350	2.185516
0.530000	0.404079	2.527877	-6.226885	2.042924
0.540000	0.364729	2.657212	-6.927747	1.938324
0.550000	0.334820	2.782331	-7.629262	1.863158
0.560000	0.311855	2.903042	-8.330400	1.810656
0.570000	0.294044	3.019584	-9.031427	1.775780
0.580000	0.280119	3.132350	-9.733148	1.754861
0.590000	0.269179	3.241757	-10.436529	1.745224
0.600000	0.260574	3.348197	-11.142525	1.744905
0.610000	0.253828	3.452021	-11.852019	1.752441
0.620000	0.248587	3.553532	-12.565792	1.766726
0.630000	0.244582	3.652992	-13.284529	1.786916
0.640000	0.241607	3.750626	-14.008824	1.812352
0.650000	0.239498	3.846628	-14.739190	1.842520
0.660000	0.238129	3.941165	-15.476073	1.877012
0.670000	0.237397	4.034379	-16.219857	1.915500
0.680000	0.237219	4.126397	-16.970879	1.957721
0.690000	0.237527	4.217327	-17.729431	2.003460
0.700000	0.238265	4.307266	-18.495768	2.052544
0.710000	0.239387	4.396296	-19.270115	2.104829
0.720000	0.240852	4.484493	-20.052670	2.160199
0.730000	0.242628	4.571922	-20.843605	2.218556
0.740000	0.244687	4.658642	-21.643076	2.279822
0.750000	0.247005	4.744706	-22.451219	2.343931
0.760000	0.249560	4.830159	-23.268157	2.410831
0.770000	0.252335	4.915045	-24.093997	2.480479
0.780000	0.255314	4.999402	-24.928836	2.552839
0.790000	0.258484	5.083264	-25.772761	2.627885
0.800000	0.261832	5.166663	-26.625851	2.705596
0.810000	0.265348	5.249627	-27.488174	2.785954
0.820000	0.269022	5.332182	-28.359793	2.868949
0.830000	0.272846	5.414352	-29.240766	2.954574
0.840000	0.276814	5.496159	-30.131142	3.042824
0.850000	0.280917	5.577623	-31.030967	3.133698
0.860000	0.285150	5.658763	-31.940284	3.227197
0.870000	0.289509	5.739594	-32.859128	3.323326
0.880000	0.293987	5.820134	-33.787534	3.422091
0.890000	0.298581	5.900397	-34.725531	3.523498
0.900000	0.303287	5.980396	-35.673147	3.627558
0.910000	0.308102	6.060143	-36.630406	3.734280
0.920000	0.313021	6.139651	-37.597331	3.843677
0.930000	0.318042	6.218930	-38.573940	3.955763
0.940000	0.323163	6.297991	-39.560251	4.070550
0.950000	0.328380	6.376842	-40.556280	4.188053
0.960000	0.333692	6.455493	-41.562041	4.308290
0.970000	0.339096	6.533952	-42.577545	4.431275
0.980000	0.344591	6.612227	-43.602805	4.557027
0.990000	0.350175	6.690325	-44.637828	4.685563
1.000000	0.355845	6.768253	-45.682624	4.816900
1.010000	0.361601	6.846017	-46.737199	4.951059
1.020000	0.367442	6.923624	-47.801558	5.088057
1.030000	0.373365	7.001079	-48.875708	5.227916
1.040000	0.379370	7.078388	-49.959651	5.370653
1.050000	0.385455	7.155555	-51.053391	5.516291
1.060000	0.391620	7.232586	-52.156930	5.664849
1.070000	0.397863	7.309485	-53.270269	5.816348
1.080000	0.404184	7.386256	-54.393408	5.970809
1.090000	0.410581	7.462903	-55.526349	6.128254
1.100000	0.417054	7.539431	-56.669090	6.288704
1.110000	0.423602	7.615843	-57.821629	6.452180
1.120000	0.430225	7.692143	-58.983966	6.618705
1.130000	0.436921	7.768333	-60.156098	6.788300
1.140000	0.443691	7.844417	-61.338021	6.960987
1.150000	0.450532	7.920399	-62.529733	7.136790
1.160000	0.457446	7.996280	-63.731230	7.315729
1.170000	0.464431	8.072063	-64.942508	7.497828
1.180000	0.471486	8.147752	-66.163562	7.683109
1.190000	0.478612	8.223348	-67.394387	7.871594
1.200000	0.485808	8.298855	-68.634977	8.063307
