Rioux calculated dielectric data (40Au/60Ag) prepared by Alexander Al-Feghali al-fegha.li, Blum and Cosa Lab, McGill University
1 2 3 0 0 = columns for wave, Re(n), Im(n), eps1, eps2
wave(um)   Re(n)     Im(n)     eps1      eps2
0.270000	1.320412	1.517616	-0.559672	4.007756
0.280000	1.348058	1.538743	-0.550472	4.148630
0.290000	1.371749	1.552129	-0.527409	4.258265
0.300000	1.389885	1.557666	-0.494543	4.329952
0.310000	1.400522	1.555580	-0.458366	4.357247
0.320000	1.401451	1.546666	-0.428113	4.335154
0.330000	1.390437	1.532522	-0.415308	4.261749
0.340000	1.365676	1.515606	-0.431991	4.139653
0.350000	1.326309	1.498903	-0.487614	3.976017
0.360000	1.272543	1.485059	-0.586032	3.779603
0.370000	1.204660	1.475409	-0.725626	3.554735
0.380000	1.120375	1.470532	-0.907224	3.295096
0.390000	1.013214	1.476022	-1.152038	2.991052
0.400000	0.883146	1.508983	-1.497084	2.665305
0.410000	0.748814	1.582587	-1.943861	2.370126
0.420000	0.631942	1.690482	-2.458378	2.136573
0.430000	0.541364	1.816081	-3.005077	1.966323
0.440000	0.474231	1.946101	-3.562415	1.845803
0.450000	0.424399	2.074265	-4.122461	1.760633
0.460000	0.386815	2.198484	-4.683705	1.700813
0.470000	0.358006	2.318361	-5.246630	1.659975
0.480000	0.335645	2.434096	-5.812165	1.633983
0.490000	0.318142	2.546066	-6.381235	1.620021
0.500000	0.304386	2.654678	-6.954667	1.616093
0.510000	0.293577	2.760317	-7.533164	1.620731
0.520000	0.285128	2.863324	-8.117327	1.632830
0.530000	0.278600	2.963998	-8.707666	1.651539
0.540000	0.273656	3.062598	-9.304617	1.676194
0.550000	0.270035	3.159347	-9.908553	1.706266
0.560000	0.267533	3.254438	-10.519795	1.741337
0.570000	0.265986	3.348040	-11.138620	1.781065
0.580000	0.265264	3.440296	-11.765270	1.825176
0.590000	0.265261	3.531333	-12.399953	1.873447
0.600000	0.265887	3.621263	-13.042852	1.925693
0.610000	0.267071	3.710182	-13.694127	1.981767
0.620000	0.268753	3.798177	-14.353918	2.041545
0.630000	0.270882	3.885322	-15.022348	2.104927
0.640000	0.273415	3.971685	-15.699524	2.171834
0.650000	0.276315	4.057326	-16.385543	2.242200
0.660000	0.279552	4.142299	-17.080488	2.315972
0.670000	0.283098	4.226651	-17.784433	2.393109
0.680000	0.286930	4.310426	-18.497444	2.473580
0.690000	0.291028	4.393663	-19.219577	2.557361
0.700000	0.295375	4.476397	-19.950883	2.644436
0.710000	0.299956	4.558660	-20.691407	2.734793
0.720000	0.304756	4.640481	-21.441188	2.828428
0.730000	0.309764	4.721887	-22.200260	2.925338
0.740000	0.314969	4.802901	-22.968652	3.025527
0.750000	0.320362	4.883546	-23.746390	3.129001
0.760000	0.325934	4.963842	-24.533498	3.235768
0.770000	0.331678	5.043808	-25.329992	3.345840
0.780000	0.337587	5.123461	-26.135891	3.459231
0.790000	0.343656	5.202817	-26.951207	3.575957
0.800000	0.349878	5.281890	-27.775950	3.696036
0.810000	0.356249	5.360694	-28.610131	3.819486
0.820000	0.362765	5.439242	-29.453756	3.946328
0.830000	0.369420	5.517545	-30.306829	4.076584
0.840000	0.376212	5.595613	-31.169355	4.210278
0.850000	0.383138	5.673458	-32.041334	4.347431
0.860000	0.390193	5.751088	-32.922767	4.488070
0.870000	0.397376	5.828513	-33.813652	4.632220
0.880000	0.404683	5.905739	-34.713989	4.779907
0.890000	0.412113	5.982776	-35.623772	4.931158
0.900000	0.419663	6.059630	-36.542998	5.085999
0.910000	0.427330	6.136308	-37.471660	5.244460
0.920000	0.435114	6.212816	-38.409753	5.406567
0.930000	0.443012	6.289160	-39.357269	5.572350
0.940000	0.451023	6.365345	-40.314199	5.741838
0.950000	0.459145	6.441378	-41.280536	5.915059
0.960000	0.467377	6.517262	-42.256268	6.092044
0.970000	0.475718	6.593003	-43.241386	6.272821
0.980000	0.484166	6.668605	-44.235880	6.457421
0.990000	0.492720	6.744072	-45.239736	6.645875
1.000000	0.501379	6.819408	-46.252943	6.838211
1.010000	0.510142	6.894616	-47.275488	7.034461
1.020000	0.519008	6.969701	-48.307358	7.234655
1.030000	0.527976	7.044665	-49.348540	7.438824
1.040000	0.537045	7.119511	-50.399018	7.646999
1.050000	0.546215	7.194243	-51.458779	7.859209
1.060000	0.555485	7.268863	-52.527807	8.075486
1.070000	0.564853	7.343374	-53.606086	8.295861
1.080000	0.574320	7.417779	-54.693602	8.520364
1.090000	0.583885	7.492080	-55.790336	8.749026
1.100000	0.593547	7.566279	-56.896274	8.981879
1.110000	0.603305	7.640378	-58.011397	9.218953
1.120000	0.613159	7.714380	-59.135689	9.460278
1.130000	0.623108	7.788286	-60.269132	9.705886
1.140000	0.633152	7.862098	-61.411707	9.955807
1.150000	0.643290	7.935819	-62.563398	10.210073
1.160000	0.653523	8.009449	-63.724184	10.468713
1.170000	0.663848	8.082991	-64.894047	10.731758
1.180000	0.674267	8.156446	-66.072968	10.999240
1.190000	0.684778	8.229815	-67.260928	11.271187
1.200000	0.695381	8.303099	-68.457907	11.547632
