Rioux calculated dielectric data (25Au/75Ag) prepared by Alexander Al-Feghali al-fegha.li, Blum and Cosa Lab, McGill University
1 2 3 0 0 = columns for wave, Re(n), Im(n), eps1, eps2
wave(um)   Re(n)     Im(n)     eps1      eps2
0.270000	1.290107	1.450140	-0.438530	3.741669
0.280000	1.320664	1.460785	-0.389740	3.858414
0.290000	1.346490	1.460541	-0.320144	3.933208
0.300000	1.364844	1.448695	-0.235918	3.954484
0.310000	1.372129	1.425251	-0.148603	3.911256
0.320000	1.364248	1.391554	-0.075251	3.796849
0.330000	1.337683	1.350422	-0.034246	3.612873
0.340000	1.290469	1.304352	-0.036022	3.366452
0.350000	1.218540	1.251422	-0.081218	3.049816
0.360000	1.099748	1.193012	-0.213832	2.624024
0.370000	0.914868	1.176662	-0.547551	2.152981
0.380000	0.714255	1.247838	-1.046941	1.782549
0.390000	0.557034	1.382854	-1.601996	1.540594
0.400000	0.450717	1.535721	-2.155292	1.384352
0.410000	0.378979	1.685723	-2.698035	1.277708
0.420000	0.328937	1.827879	-3.232943	1.202514
0.430000	0.292882	1.961915	-3.763331	1.149221
0.440000	0.266233	2.088711	-4.291835	1.112167
0.450000	0.246159	2.209316	-4.820485	1.087688
0.460000	0.230842	2.324683	-5.350861	1.073269
0.470000	0.219065	2.435613	-5.884219	1.067115
0.480000	0.209990	2.542768	-6.421572	1.067910
0.490000	0.203021	2.646689	-6.963747	1.074667
0.500000	0.197726	2.747821	-7.511425	1.086633
0.510000	0.193785	2.846529	-8.065176	1.103227
0.520000	0.190953	2.943117	-8.625476	1.123992
0.530000	0.189044	3.037839	-9.192726	1.148571
0.540000	0.187913	3.130907	-9.767269	1.176679
0.550000	0.187445	3.222504	-10.349398	1.208087
0.560000	0.187548	3.312784	-10.939361	1.242613
0.570000	0.188147	3.401878	-11.537375	1.280109
0.580000	0.189183	3.489902	-12.143628	1.320458
0.590000	0.190604	3.576956	-12.758281	1.363562
0.600000	0.192370	3.663125	-13.381476	1.409347
0.610000	0.194445	3.748486	-14.013337	1.457751
0.620000	0.196802	3.833106	-14.653973	1.508725
0.630000	0.199415	3.917045	-15.303477	1.562232
0.640000	0.202262	4.000356	-15.961935	1.618244
0.650000	0.205327	4.083084	-16.629419	1.676738
0.660000	0.208594	4.165274	-17.305996	1.737701
0.670000	0.212048	4.246962	-17.991723	1.801123
0.680000	0.215679	4.328183	-18.686651	1.866998
0.690000	0.219476	4.408967	-19.390824	1.935327
0.700000	0.223430	4.489343	-20.104283	2.006112
0.710000	0.227534	4.569336	-20.827063	2.079357
0.720000	0.231780	4.648969	-21.559195	2.155072
0.730000	0.236161	4.728264	-22.300706	2.233266
0.740000	0.240674	4.807239	-23.051620	2.313952
0.750000	0.245312	4.885912	-23.811959	2.397143
0.760000	0.250071	4.964300	-24.581741	2.482855
0.770000	0.254948	5.042418	-25.360982	2.571104
0.780000	0.259938	5.120280	-26.149695	2.661909
0.790000	0.265039	5.197898	-26.947893	2.755288
0.800000	0.270247	5.275284	-27.755586	2.851261
0.810000	0.275561	5.352450	-28.572782	2.949849
0.820000	0.280977	5.429405	-29.399488	3.051072
0.830000	0.286493	5.506159	-30.235710	3.154953
0.840000	0.292108	5.582721	-31.081451	3.261514
0.850000	0.297819	5.659100	-31.936715	3.370777
0.860000	0.303625	5.735302	-32.801504	3.482768
0.870000	0.309525	5.811336	-33.675819	3.597508
0.880000	0.315517	5.887207	-34.559659	3.715023
0.890000	0.321599	5.962923	-35.453025	3.835337
0.900000	0.327770	6.038489	-36.355914	3.958475
0.910000	0.334030	6.113910	-37.268325	4.084461
0.920000	0.340377	6.189193	-38.190254	4.213321
0.930000	0.346811	6.264342	-39.121698	4.345080
0.940000	0.353329	6.339361	-40.062652	4.479765
0.950000	0.359933	6.414255	-41.013111	4.617400
0.960000	0.366620	6.489028	-41.973071	4.758012
0.970000	0.373390	6.563684	-42.942526	4.901626
0.980000	0.380242	6.638227	-43.921468	5.048269
0.990000	0.387176	6.712660	-44.909892	5.197968
1.000000	0.394192	6.786986	-45.907790	5.350747
1.010000	0.401288	6.861209	-46.915155	5.506635
1.020000	0.408463	6.935331	-47.931978	5.665657
1.030000	0.415719	7.009356	-48.958252	5.827839
1.040000	0.423053	7.083286	-49.993967	5.993209
1.050000	0.430466	7.157123	-51.039115	6.161793
1.060000	0.437957	7.230871	-52.093686	6.333617
1.070000	0.445525	7.304530	-53.157671	6.508708
1.080000	0.453172	7.378104	-54.231059	6.687093
1.090000	0.460895	7.451595	-55.313841	6.868799
1.100000	0.468694	7.525004	-56.406006	7.053851
1.110000	0.476570	7.598333	-57.507544	7.242278
1.120000	0.484522	7.671584	-58.618443	7.434104
1.130000	0.492550	7.744759	-59.738692	7.629358
1.140000	0.500653	7.817860	-60.868280	7.828065
1.150000	0.508831	7.890887	-62.007195	8.030253
1.160000	0.517084	7.963843	-63.155425	8.235947
1.170000	0.525411	8.036729	-64.312959	8.445175
1.180000	0.533813	8.109546	-65.479783	8.657962
1.190000	0.542289	8.182296	-66.655886	8.874336
1.200000	0.550839	8.254979	-67.841255	9.094322
