Rioux calculated dielectric data (90Au/10Ag) prepared by Alexander Al-Feghali al-fegha.li, Blum and Cosa Lab, McGill University
1 2 3 0 0 = columns for wave, Re(n), Im(n), eps1, eps2
wave(um)   Re(n)     Im(n)     eps1      eps2
0.270000	1.430309	1.772491	-1.095939	5.070420
0.280000	1.474948	1.806917	-1.089478	5.330218
0.290000	1.518294	1.833554	-1.056704	5.567748
0.300000	1.559169	1.851805	-0.998175	5.774553
0.310000	1.595927	1.861164	-0.916949	5.940562
0.320000	1.626318	1.861480	-0.820194	6.054717
0.330000	1.647486	1.853433	-0.721004	6.107007
0.340000	1.656353	1.839183	-0.639085	6.092673
0.350000	1.650718	1.822785	-0.597675	6.017806
0.360000	1.630784	1.809556	-0.615034	5.901991
0.370000	1.599898	1.804050	-0.694923	5.772595
0.380000	1.563309	1.807970	-0.824821	5.652831
0.390000	1.525837	1.819774	-0.983401	5.553358
0.400000	1.490300	1.835887	-1.149486	5.472046
0.410000	1.457213	1.852092	-1.306778	5.397785
0.420000	1.425030	1.864364	-1.445143	5.313550
0.430000	1.390214	1.869307	-1.561612	5.197475
0.440000	1.346884	1.864889	-1.663715	5.023578
0.450000	1.286637	1.852344	-1.775744	4.766590
0.460000	1.200631	1.839273	-1.941408	4.416576
0.470000	1.085697	1.840283	-2.207905	3.995978
0.480000	0.949570	1.870592	-2.597431	3.552515
0.490000	0.808061	1.937506	-3.100966	3.131245
0.500000	0.677209	2.037835	-3.694160	2.760083
0.510000	0.567129	2.161387	-4.349957	2.451571
0.520000	0.480484	2.296648	-5.043727	2.207005
0.530000	0.414775	2.434816	-5.756289	2.019802
0.540000	0.365563	2.570811	-6.475434	1.879588
0.550000	0.328579	2.702405	-7.195028	1.775909
0.560000	0.300479	2.828985	-7.912870	1.700102
0.570000	0.278852	2.950692	-8.628825	1.645614
0.580000	0.262010	3.067950	-9.343667	1.607665
0.590000	0.248769	3.181254	-10.058492	1.582796
0.600000	0.238293	3.291082	-10.774438	1.568485
0.610000	0.229979	3.397862	-11.492573	1.562876
0.620000	0.223386	3.501964	-12.213852	1.564581
0.630000	0.218184	3.603709	-12.939111	1.572545
0.640000	0.214124	3.703367	-13.669075	1.585960
0.650000	0.211013	3.801171	-14.404371	1.604194
0.660000	0.208701	3.897319	-15.145541	1.626750
0.670000	0.207069	3.991983	-15.893051	1.653232
0.680000	0.206022	4.085310	-16.647309	1.683323
0.690000	0.205481	4.177426	-17.408666	1.716766
0.700000	0.205385	4.268444	-18.177431	1.753350
0.710000	0.205681	4.358461	-18.953874	1.792904
0.720000	0.206325	4.447561	-19.738230	1.835286
0.730000	0.207281	4.535821	-20.530709	1.880381
0.740000	0.208519	4.623308	-21.331496	1.928091
0.750000	0.210011	4.710081	-22.140754	1.978337
0.760000	0.211736	4.796192	-22.958628	2.031053
0.770000	0.213674	4.881691	-23.785250	2.086183
0.780000	0.215809	4.966619	-24.620734	2.143683
0.790000	0.218126	5.051016	-25.465185	2.203517
0.800000	0.220613	5.134916	-26.318696	2.265654
0.810000	0.223257	5.218352	-27.181352	2.330070
0.820000	0.226051	5.301351	-28.053228	2.396747
0.830000	0.228984	5.383942	-28.934393	2.465670
0.840000	0.232049	5.466146	-29.824908	2.536829
0.850000	0.235240	5.547988	-30.724830	2.610217
0.860000	0.238550	5.629486	-31.634210	2.685829
0.870000	0.241974	5.710661	-32.553093	2.763663
0.880000	0.245507	5.791528	-33.481521	2.843720
0.890000	0.249144	5.872104	-34.419533	2.926002
0.900000	0.252882	5.952404	-35.367163	3.010513
0.910000	0.256717	6.032441	-36.324443	3.097260
0.920000	0.260645	6.112229	-37.291401	3.186248
0.930000	0.264664	6.191778	-38.268064	3.277486
0.940000	0.268771	6.271100	-39.254454	3.370984
0.950000	0.272964	6.350205	-40.250594	3.466752
0.960000	0.277239	6.429103	-41.256503	3.564801
0.970000	0.281596	6.507803	-42.272199	3.665143
0.980000	0.286032	6.586312	-43.297697	3.767791
0.990000	0.290545	6.664640	-44.333013	3.872758
1.000000	0.295134	6.742793	-45.378160	3.980058
1.010000	0.299798	6.820779	-46.433149	4.089706
1.020000	0.304534	6.898604	-47.497991	4.201716
1.030000	0.309342	6.976273	-48.572695	4.316104
1.040000	0.314220	7.053794	-49.657271	4.432885
1.050000	0.319168	7.131170	-50.751725	4.552076
1.060000	0.324183	7.208409	-51.856064	4.673694
1.070000	0.329267	7.285514	-52.970294	4.797753
1.080000	0.334416	7.362490	-54.094420	4.924273
1.090000	0.339632	7.439341	-55.228446	5.053270
1.100000	0.344912	7.516072	-56.372375	5.184761
1.110000	0.350256	7.592687	-57.526212	5.318765
1.120000	0.355663	7.669189	-58.689957	5.455298
1.130000	0.361134	7.745581	-59.863613	5.594380
1.140000	0.366666	7.821868	-61.047182	5.736028
1.150000	0.372260	7.898053	-62.240663	5.880261
1.160000	0.377915	7.974138	-63.444057	6.027097
1.170000	0.383631	8.050126	-64.657364	6.176554
1.180000	0.389407	8.126021	-65.880584	6.328652
1.190000	0.395242	8.201825	-67.113714	6.483409
1.200000	0.401136	8.277540	-68.356755	6.640845
