Rioux calculated dielectric data (95Au/5Ag) prepared by Alexander Al-Feghali al-fegha.li, Blum and Cosa Lab, McGill University
1 2 3 0 0 = columns for wave, Re(n), Im(n), eps1, eps2
wave(um)   Re(n)     Im(n)     eps1      eps2
0.270000	1.440471	1.806873	-1.189833	5.205494
0.280000	1.488614	1.842236	-1.177863	5.484755
0.290000	1.535958	1.869331	-1.135231	5.742429
0.300000	1.581276	1.887289	-1.061425	5.968648
0.310000	1.622704	1.895253	-0.958814	6.150869
0.320000	1.657469	1.892735	-0.835243	6.274299
0.330000	1.681754	1.880380	-0.707530	6.324674
0.340000	1.691285	1.861161	-0.603474	6.295509
0.350000	1.683363	1.841161	-0.556162	6.198686
0.360000	1.659679	1.827973	-0.586950	6.067699
0.370000	1.626646	1.826577	-0.690407	5.942390
0.380000	1.591841	1.836720	-0.839583	5.847533
0.390000	1.560367	1.854279	-1.003606	5.786710
0.400000	1.534015	1.873985	-1.158617	5.749443
0.410000	1.512113	1.890961	-1.289250	5.718694
0.420000	1.492309	1.901034	-1.386944	5.673861
0.430000	1.470681	1.900648	-1.449562	5.590494
0.440000	1.441133	1.887173	-1.484559	5.439334
0.450000	1.394579	1.860507	-1.516636	5.189250
0.460000	1.319846	1.826647	-1.594647	4.821787
0.470000	1.209369	1.800454	-1.779063	4.354827
0.480000	1.066825	1.801159	-2.106059	3.843043
0.490000	0.907540	1.842550	-2.571362	3.344374
0.500000	0.751640	1.926916	-3.148042	2.896692
0.510000	0.615664	2.045332	-3.804341	2.518476
0.520000	0.507081	2.183470	-4.510410	2.214393
0.530000	0.424914	2.328577	-5.241720	1.978888
0.540000	0.364067	2.472693	-5.981665	1.800454
0.550000	0.318982	2.612118	-6.721410	1.666435
0.560000	0.285168	2.745695	-7.457522	1.565969
0.570000	0.259402	2.873464	-8.189505	1.490766
0.580000	0.239459	2.995918	-8.918185	1.434796
0.590000	0.223809	3.113672	-9.644863	1.393734
0.600000	0.211392	3.227322	-10.370924	1.364460
0.610000	0.201459	3.337402	-11.097670	1.344699
0.620000	0.193470	3.444372	-11.826266	1.332768
0.630000	0.187030	3.548621	-12.557730	1.327398
0.640000	0.181843	3.650480	-13.292940	1.327625
0.650000	0.177682	3.750230	-14.032652	1.332700
0.660000	0.174376	3.848106	-14.777516	1.342037
0.670000	0.171788	3.944313	-15.528093	1.355171
0.680000	0.169810	4.039022	-16.284865	1.371732
0.690000	0.168355	4.132384	-17.048253	1.391418
0.700000	0.167354	4.224527	-17.818622	1.413986
0.710000	0.166749	4.315564	-18.596290	1.439235
0.720000	0.166493	4.405594	-19.381536	1.467000
0.730000	0.166545	4.494702	-20.174608	1.497144
0.740000	0.166874	4.582965	-20.975721	1.529553
0.750000	0.167450	4.670450	-21.785068	1.564132
0.760000	0.168250	4.757219	-22.602821	1.600802
0.770000	0.169253	4.843323	-23.429131	1.639496
0.780000	0.170443	4.928812	-24.264136	1.680159
0.790000	0.171803	5.013728	-25.107957	1.722744
0.800000	0.173320	5.098112	-25.960703	1.767213
0.810000	0.174984	5.181997	-26.822475	1.813532
0.820000	0.176783	5.265417	-27.693362	1.861676
0.830000	0.178710	5.348400	-28.573443	1.911622
0.840000	0.180755	5.430973	-29.462793	1.963353
0.850000	0.182913	5.513160	-30.361479	2.016855
0.860000	0.185176	5.594984	-31.269559	2.072117
0.870000	0.187540	5.676466	-32.187091	2.129131
0.880000	0.190000	5.757623	-33.114124	2.187891
0.890000	0.192550	5.838474	-34.050705	2.248394
0.900000	0.195187	5.919035	-34.996875	2.310637
0.910000	0.197908	5.999320	-35.952672	2.374621
0.920000	0.200708	6.079343	-36.918133	2.440347
0.930000	0.203586	6.159118	-37.893290	2.507818
0.940000	0.206538	6.238656	-38.878172	2.577038
0.950000	0.209562	6.317968	-39.872807	2.648011
0.960000	0.212656	6.397065	-40.877220	2.720743
0.970000	0.215817	6.475956	-41.891434	2.795242
0.980000	0.219044	6.554651	-42.915471	2.871514
0.990000	0.222335	6.633158	-43.949349	2.949568
1.000000	0.225689	6.711484	-44.993088	3.029412
1.010000	0.229103	6.789639	-46.046703	3.111056
1.020000	0.232577	6.867627	-47.110210	3.194510
1.030000	0.236110	6.945457	-48.183622	3.279783
1.040000	0.239700	7.023134	-49.266954	3.366887
1.050000	0.243346	7.100664	-50.360216	3.455833
1.060000	0.247047	7.178053	-51.463420	3.546631
1.070000	0.250802	7.255307	-52.576575	3.639295
1.080000	0.254611	7.332429	-53.699691	3.733835
1.090000	0.258472	7.409425	-54.832776	3.830264
1.100000	0.262386	7.486300	-55.975837	3.928595
1.110000	0.266350	7.563057	-57.128882	4.028840
1.120000	0.270365	7.639700	-58.291916	4.131013
1.130000	0.274430	7.716233	-59.464946	4.235126
1.140000	0.278544	7.792661	-60.647977	4.341194
1.150000	0.282707	7.868986	-61.841013	4.449228
1.160000	0.286918	7.945211	-63.044059	4.559244
1.170000	0.291177	8.021340	-64.257117	4.671255
1.180000	0.295483	8.097376	-65.480192	4.785274
1.190000	0.299836	8.173322	-66.713286	4.901317
1.200000	0.304236	8.249179	-67.956401	5.019396
