Rioux calculated dielectric data (75Au/25Ag) prepared by Alexander Al-Feghali al-fegha.li, Blum and Cosa Lab, McGill University
1 2 3 0 0 = columns for wave, Re(n), Im(n), eps1, eps2
wave(um)   Re(n)     Im(n)     eps1      eps2
0.270000	1.398542	1.680610	-0.868530	4.700806
0.280000	1.434725	1.712234	-0.873307	4.913170
0.290000	1.468600	1.736953	-0.860221	5.101779
0.300000	1.499075	1.754582	-0.831332	5.260499
0.310000	1.524806	1.765087	-0.790499	5.382831
0.320000	1.544186	1.768741	-0.743932	5.462530
0.330000	1.555415	1.766316	-0.700556	5.494710
0.340000	1.556713	1.759294	-0.671759	5.477432
0.350000	1.546720	1.749952	-0.669989	5.413372
0.360000	1.525002	1.741171	-0.706045	5.310577
0.370000	1.492411	1.735853	-0.785894	5.181211
0.380000	1.450995	1.736117	-0.908715	5.038195
0.390000	1.403351	1.742669	-1.067499	4.891152
0.400000	1.351685	1.754675	-1.251831	4.743535
0.410000	1.296927	1.770182	-1.451526	4.591592
0.420000	1.238064	1.786953	-1.660399	4.424722
0.430000	1.171782	1.803817	-1.880682	4.227359
0.440000	1.093051	1.822791	-2.127805	3.984806
0.450000	0.998229	1.850975	-2.429648	3.695392
0.460000	0.890078	1.898417	-2.811746	3.379480
0.470000	0.778467	1.971331	-3.280133	3.069234
0.480000	0.674642	2.068262	-3.822564	2.790673
0.490000	0.585944	2.182428	-4.419663	2.557563
0.500000	0.514643	2.305872	-5.052189	2.373403
0.510000	0.459366	2.432200	-5.704581	2.234541
0.520000	0.417141	2.557457	-6.366580	2.133641
0.530000	0.384898	2.679727	-7.032790	2.062841
0.540000	0.360116	2.798349	-7.701073	2.015460
0.550000	0.340919	2.913291	-8.371039	1.986390
0.560000	0.325954	3.024787	-9.043093	1.971882
0.570000	0.314254	3.133161	-9.717940	1.969214
0.580000	0.305117	3.238742	-10.396353	1.976392
0.590000	0.298030	3.341840	-11.079072	1.991940
0.600000	0.292609	3.442730	-11.766766	2.014748
0.610000	0.288562	3.541652	-12.460028	2.043970
0.620000	0.285663	3.638815	-13.159372	2.078951
0.630000	0.283737	3.734401	-13.865244	2.119179
0.640000	0.282645	3.828566	-14.578032	2.164247
0.650000	0.282272	3.921447	-15.298072	2.213833
0.660000	0.282530	4.013163	-16.025654	2.267676
0.670000	0.283342	4.103817	-16.761031	2.325564
0.680000	0.284646	4.193501	-17.504426	2.387327
0.690000	0.286391	4.282295	-18.256030	2.452825
0.700000	0.288534	4.370271	-19.016015	2.521943
0.710000	0.291037	4.457492	-19.784530	2.594590
0.720000	0.293869	4.544014	-20.561705	2.670688
0.730000	0.297003	4.629889	-21.347658	2.750177
0.740000	0.300415	4.715161	-22.142492	2.833008
0.750000	0.304085	4.799871	-22.946297	2.919141
0.760000	0.307997	4.884057	-23.759155	3.008546
0.770000	0.312133	4.967753	-24.581138	3.101200
0.780000	0.316481	5.050987	-25.412309	3.197085
0.790000	0.321029	5.133789	-26.252726	3.296191
0.800000	0.325766	5.216183	-27.102438	3.398510
0.810000	0.330683	5.298192	-27.961492	3.504039
0.820000	0.335770	5.379839	-28.829926	3.612780
0.830000	0.341022	5.461142	-29.707777	3.724735
0.840000	0.346430	5.542119	-30.595074	3.839912
0.850000	0.351989	5.622788	-31.491847	3.958319
0.860000	0.357693	5.703163	-32.398119	4.079967
0.870000	0.363538	5.783258	-33.313912	4.204869
0.880000	0.369519	5.863087	-34.239244	4.333040
0.890000	0.375631	5.942662	-35.174130	4.464494
0.900000	0.381871	6.021994	-36.118586	4.599250
0.910000	0.388236	6.101094	-37.072622	4.737326
0.920000	0.394722	6.179972	-38.036248	4.878741
0.930000	0.401327	6.258637	-39.009472	5.023514
0.940000	0.408047	6.337097	-39.992300	5.171669
0.950000	0.414881	6.415362	-40.984738	5.323225
0.960000	0.421826	6.493437	-41.986789	5.478206
0.970000	0.428881	6.571331	-42.998454	5.636635
0.980000	0.436042	6.649050	-44.019735	5.798536
0.990000	0.443309	6.726601	-45.050632	5.963932
1.000000	0.450680	6.803988	-46.091143	6.132847
1.010000	0.458153	6.881219	-47.141267	6.305308
1.020000	0.465727	6.958297	-48.201000	6.481339
1.030000	0.473401	7.035229	-49.270339	6.660966
1.040000	0.481172	7.112018	-50.349278	6.844215
1.050000	0.489041	7.188670	-51.437813	7.031111
1.060000	0.497006	7.265188	-52.535936	7.221681
1.070000	0.505065	7.341576	-53.643642	7.415952
1.080000	0.513219	7.417838	-54.760924	7.613951
1.090000	0.521466	7.493977	-55.887772	7.815703
1.100000	0.529804	7.569998	-57.024178	8.021237
1.110000	0.538235	7.645903	-58.170134	8.230579
1.120000	0.546755	7.721695	-59.325630	8.443757
1.130000	0.555366	7.797377	-60.490655	8.660797
1.140000	0.564066	7.872952	-61.665200	8.881728
1.150000	0.572854	7.948422	-62.849253	9.106577
1.160000	0.581731	8.023790	-64.042803	9.335371
1.170000	0.590694	8.099059	-65.245838	9.568138
1.180000	0.599745	8.174230	-66.458345	9.804905
1.190000	0.608882	8.249306	-67.680314	10.045700
1.200000	0.618104	8.324289	-68.911730	10.290552
