Rioux calculated dielectric data (80Au/20Ag) prepared by Alexander Al-Feghali al-fegha.li, Blum and Cosa Lab, McGill University
1 2 3 0 0 = columns for wave, Re(n), Im(n), eps1, eps2
wave(um)   Re(n)     Im(n)     eps1      eps2
0.270000	1.409304	1.709373	-0.935817	4.818053
0.280000	1.447985	1.741961	-0.937767	5.044664
0.290000	1.484646	1.767429	-0.919632	5.248012
0.300000	1.518183	1.785498	-0.883123	5.421423
0.310000	1.547195	1.796028	-0.831907	5.557611
0.320000	1.569954	1.799198	-0.772357	5.649316
0.330000	1.584466	1.795743	-0.714158	5.690588
0.340000	1.588713	1.787233	-0.670191	5.678802
0.350000	1.581152	1.776218	-0.654908	5.616942
0.360000	1.561375	1.765990	-0.680829	5.514747
0.370000	1.530576	1.759823	-0.754313	5.387085
0.380000	1.491372	1.759933	-0.873175	5.249428
0.390000	1.446924	1.766767	-1.027879	5.112755
0.400000	1.399813	1.778997	-1.205355	4.980528
0.410000	1.351164	1.794100	-1.393149	4.848247
0.420000	1.300125	1.809190	-1.582841	4.704346
0.430000	1.243544	1.822069	-1.773535	4.531645
0.440000	1.175996	1.832892	-1.976526	4.310948
0.450000	1.091413	1.846540	-2.218527	4.030673
0.460000	0.987730	1.873303	-2.533654	3.700637
0.470000	0.871254	1.923985	-2.942633	3.352558
0.480000	0.754250	2.002837	-3.442461	3.021281
0.490000	0.648161	2.106084	-4.015476	2.730162
0.500000	0.559382	2.225577	-4.640283	2.489896
0.510000	0.489079	2.352954	-5.297193	2.301563
0.520000	0.435090	2.482008	-5.971062	2.159795
0.530000	0.394062	2.609151	-6.652385	2.056334
0.540000	0.362812	2.732774	-7.336419	1.982966
0.550000	0.338821	2.852410	-8.021445	1.932915
0.560000	0.320243	2.968144	-8.707325	1.901054
0.570000	0.305755	3.080278	-9.394624	1.883624
0.580000	0.294416	3.189175	-10.084156	1.877888
0.590000	0.285543	3.295195	-10.776776	1.881840
0.600000	0.278637	3.398666	-11.473291	1.893990
0.610000	0.273326	3.499876	-12.174425	1.913215
0.620000	0.269327	3.599077	-12.880817	1.938658
0.630000	0.266423	3.696485	-13.593023	1.969656
0.640000	0.264443	3.792289	-14.311523	2.005690
0.650000	0.263253	3.886649	-15.036735	2.046348
0.660000	0.262746	3.979705	-15.769020	2.091301
0.670000	0.262832	4.071581	-16.508693	2.140287
0.680000	0.263442	4.162383	-17.256027	2.193090
0.690000	0.264514	4.252203	-18.011262	2.249537
0.700000	0.266001	4.341125	-18.774606	2.309486
0.710000	0.267860	4.429220	-19.546244	2.372820
0.720000	0.270056	4.516555	-20.326338	2.439445
0.730000	0.272559	4.603186	-21.115032	2.509282
0.740000	0.275344	4.689165	-21.912451	2.582269
0.750000	0.278389	4.774538	-22.718709	2.658354
0.760000	0.281673	4.859346	-23.533905	2.737497
0.770000	0.285182	4.943628	-24.358129	2.819665
0.780000	0.288899	5.027417	-25.191459	2.904832
0.790000	0.292813	5.110744	-26.033967	2.992980
0.800000	0.296911	5.193638	-26.885717	3.084096
0.810000	0.301184	5.276123	-27.746763	3.178169
0.820000	0.305623	5.358224	-28.617158	3.275196
0.830000	0.310221	5.439962	-29.496947	3.375175
0.840000	0.314969	5.521356	-30.386170	3.478108
0.850000	0.319861	5.602426	-31.284862	3.583999
0.860000	0.324893	5.683187	-32.193058	3.692854
0.870000	0.330058	5.763655	-33.110784	3.804682
0.880000	0.335352	5.843845	-34.038068	3.919494
0.890000	0.340771	5.923770	-34.974931	4.037302
0.900000	0.346311	6.003443	-35.921394	4.158119
0.910000	0.351969	6.082874	-36.877474	4.281961
0.920000	0.357740	6.162075	-37.843188	4.408842
0.930000	0.363623	6.241055	-38.818548	4.538782
0.940000	0.369614	6.319824	-39.803566	4.671796
0.950000	0.375712	6.398391	-40.798252	4.807905
0.960000	0.381913	6.476764	-41.802614	4.947127
0.970000	0.388217	6.554950	-42.816661	5.089483
0.980000	0.394620	6.632957	-43.840396	5.234993
0.990000	0.401121	6.710792	-44.873825	5.383679
1.000000	0.407719	6.788460	-45.916950	5.535562
1.010000	0.414411	6.865968	-46.969775	5.690665
1.020000	0.421197	6.943321	-48.032300	5.849010
1.030000	0.428075	7.020525	-49.104525	6.010621
1.040000	0.435044	7.097585	-50.186450	6.175520
1.050000	0.442102	7.174505	-51.278074	6.343731
1.060000	0.449250	7.251291	-52.379393	6.515278
1.070000	0.456484	7.327945	-53.490407	6.690184
1.080000	0.463806	7.404473	-54.611110	6.868475
1.090000	0.471213	7.480878	-55.741499	7.050175
1.100000	0.478705	7.557164	-56.881568	7.235307
1.110000	0.486281	7.633334	-58.031313	7.423898
1.120000	0.493941	7.709391	-59.190728	7.615971
1.130000	0.501684	7.785338	-60.359807	7.811553
1.140000	0.509508	7.861179	-61.538541	8.010667
1.150000	0.517414	7.936916	-62.726925	8.213340
1.160000	0.525400	8.012552	-63.924951	8.419596
1.170000	0.533467	8.088090	-65.132609	8.629461
1.180000	0.541614	8.163531	-66.349893	8.842961
1.190000	0.549839	8.238878	-67.576792	9.060121
1.200000	0.558144	8.314134	-68.813298	9.280966
