Rioux calculated dielectric data (60Au/40Ag) prepared by Alexander Al-Feghali al-fegha.li, Blum and Cosa Lab, McGill University
1 2 3 0 0 = columns for wave, Re(n), Im(n), eps1, eps2
wave(um)   Re(n)     Im(n)     eps1      eps2
0.270000	1.365336	1.604361	-0.709831	4.380983
0.280000	1.395862	1.632615	-0.716998	4.557811
0.290000	1.423344	1.654177	-0.710391	4.708925
0.300000	1.446629	1.669007	-0.692849	4.828867
0.310000	1.464353	1.677260	-0.668872	4.912200
0.320000	1.474960	1.679416	-0.644931	4.954145
0.330000	1.476803	1.676438	-0.629498	4.951536
0.340000	1.468346	1.669894	-0.632507	4.903963
0.350000	1.448496	1.661967	-0.663992	4.814704
0.360000	1.416955	1.655228	-0.732017	4.690766
0.370000	1.374408	1.652155	-0.840616	4.541471
0.380000	1.322349	1.654521	-0.988832	4.375709
0.390000	1.262436	1.662957	-1.171681	4.198752
0.400000	1.195501	1.677024	-1.383187	4.009766
0.410000	1.120524	1.696196	-1.621509	3.801257
0.420000	1.034539	1.722161	-1.895569	3.563286
0.430000	0.935672	1.761267	-2.226582	3.295936
0.440000	0.828621	1.822030	-2.633180	3.019544
0.450000	0.724184	1.907564	-3.114356	2.762854
0.460000	0.632137	2.013299	-3.653774	2.545363
0.470000	0.556958	2.131143	-4.231567	2.373912
0.480000	0.498297	2.253720	-4.830954	2.246044
0.490000	0.453341	2.376245	-5.441022	2.154501
0.500000	0.418882	2.496364	-6.056369	2.091362
0.510000	0.392261	2.613222	-6.675060	2.050127
0.520000	0.371516	2.726694	-7.296834	2.026022
0.530000	0.355249	2.836954	-7.922104	2.015651
0.540000	0.342460	2.944278	-8.551496	2.016593
0.550000	0.332423	3.048962	-9.185662	2.027090
0.560000	0.324605	3.151282	-9.825210	2.045843
0.570000	0.318604	3.251490	-10.470676	2.071873
0.580000	0.314112	3.349805	-11.122530	2.104425
0.590000	0.310890	3.446423	-11.781179	2.142914
0.600000	0.308749	3.541511	-12.446972	2.186874
0.610000	0.307538	3.635216	-13.120214	2.235936
0.620000	0.307136	3.727667	-13.801166	2.289802
0.630000	0.307442	3.818976	-14.490055	2.348231
0.640000	0.308375	3.909242	-15.187080	2.411026
0.650000	0.309865	3.998554	-15.892415	2.478027
0.660000	0.311856	4.086987	-16.606209	2.549103
0.670000	0.314298	4.174611	-17.328595	2.624147
0.680000	0.317151	4.261487	-18.059689	2.703071
0.690000	0.320379	4.347670	-18.799595	2.785804
0.700000	0.323952	4.433209	-19.548400	2.872290
0.710000	0.327843	4.518149	-20.306186	2.962483
0.720000	0.332029	4.602528	-21.073022	3.056348
0.730000	0.336492	4.686384	-21.848968	3.153858
0.740000	0.341212	4.769749	-22.634080	3.254993
0.750000	0.346175	4.852653	-23.428405	3.359739
0.760000	0.351368	4.935123	-24.231984	3.468088
0.770000	0.356777	5.017185	-25.044854	3.580037
0.780000	0.362393	5.098860	-25.867047	3.695587
0.790000	0.368206	5.180170	-26.698590	3.814741
0.800000	0.374207	5.261135	-27.539507	3.937508
0.810000	0.380388	5.341771	-28.389819	4.063896
0.820000	0.386743	5.422095	-29.249542	4.193919
0.830000	0.393266	5.502122	-30.118692	4.327591
0.840000	0.399949	5.581867	-30.997279	4.464928
0.850000	0.406790	5.661342	-31.885313	4.605950
0.860000	0.413782	5.740559	-32.782802	4.750674
0.870000	0.420921	5.819530	-33.689751	4.899124
0.880000	0.428204	5.898264	-34.606163	5.051319
0.890000	0.435627	5.976773	-35.532040	5.207284
0.900000	0.443186	6.055064	-36.467383	5.367044
0.910000	0.450880	6.133146	-37.412189	5.530622
0.920000	0.458704	6.211028	-38.366457	5.698044
0.930000	0.466656	6.288716	-39.330182	5.869337
0.940000	0.474735	6.366218	-40.303360	6.044528
0.950000	0.482937	6.443540	-41.285985	6.223644
0.960000	0.491260	6.520689	-42.278049	6.406714
0.970000	0.499704	6.597670	-43.279545	6.593765
0.980000	0.508266	6.674489	-44.290463	6.784826
0.990000	0.516944	6.751150	-45.310795	6.979927
1.000000	0.525736	6.827659	-46.340529	7.179096
1.010000	0.534642	6.904020	-47.379655	7.382364
1.020000	0.543661	6.980238	-48.428159	7.589760
1.030000	0.552789	7.056317	-49.486031	7.801314
1.040000	0.562028	7.132260	-50.553256	8.017057
1.050000	0.571375	7.208071	-51.629822	8.237019
1.060000	0.580829	7.283754	-52.715712	8.461230
1.070000	0.590389	7.359312	-53.810913	8.689721
1.080000	0.600055	7.434748	-54.915410	8.922523
1.090000	0.609826	7.510065	-56.029185	9.159666
1.100000	0.619700	7.585265	-57.152224	9.401181
1.110000	0.629677	7.660353	-58.284509	9.647099
1.120000	0.639756	7.735329	-59.426022	9.897451
1.130000	0.649937	7.810196	-60.576747	10.152269
1.140000	0.660218	7.884957	-61.736666	10.411582
1.150000	0.670599	7.959614	-62.905759	10.675421
1.160000	0.681080	8.034169	-64.084009	10.943818
1.170000	0.691659	8.108624	-65.271395	11.216804
1.180000	0.702336	8.182981	-66.467900	11.494409
1.190000	0.713111	8.257241	-67.673502	11.776664
1.200000	0.723983	8.331406	-68.888182	12.063600
