Rioux calculated dielectric data (5Au/95Ag) prepared by Alexander Al-Feghali al-fegha.li, Blum and Cosa Lab, McGill University
1 2 3 0 0 = columns for wave, Re(n), Im(n), eps1, eps2
wave(um)   Re(n)     Im(n)     eps1      eps2
0.270000	1.270633	1.321797	-0.132639	3.359039
0.280000	1.325357	1.293686	0.082948	3.429191
0.290000	1.374651	1.231122	0.374004	3.384726
0.300000	1.403086	1.125083	0.702840	3.157177
0.310000	1.401625	0.971917	1.019932	2.724526
0.320000	1.283609	0.669277	1.199720	1.718181
0.330000	0.839517	0.523955	0.430260	0.879738
0.340000	0.433318	0.718094	-0.327895	0.622327
0.350000	0.250201	1.000733	-0.938865	0.500768
0.360000	0.173877	1.230131	-1.482988	0.427783
0.370000	0.134207	1.417265	-1.990627	0.380413
0.380000	0.110457	1.577693	-2.476915	0.348534
0.390000	0.094984	1.720380	-2.950687	0.326816
0.400000	0.084343	1.850595	-3.417588	0.312169
0.410000	0.076759	1.971631	-3.881437	0.302682
0.420000	0.071228	2.085667	-4.344933	0.297115
0.430000	0.067138	2.194209	-4.810044	0.294630
0.440000	0.064099	2.298337	-5.278245	0.294644
0.450000	0.061850	2.398852	-5.750666	0.296738
0.460000	0.060210	2.496360	-6.228187	0.300610
0.470000	0.059049	2.591330	-6.711507	0.306032
0.480000	0.058274	2.684135	-7.201187	0.312833
0.490000	0.057815	2.775072	-7.697683	0.320883
0.500000	0.057618	2.864383	-8.201370	0.330083
0.510000	0.057643	2.952267	-8.712561	0.340352
0.520000	0.057855	3.038892	-9.231515	0.351632
0.530000	0.058231	3.124395	-9.758453	0.363873
0.540000	0.058749	3.208896	-10.293562	0.377040
0.550000	0.059393	3.292496	-10.837002	0.391102
0.560000	0.060149	3.375282	-11.388910	0.406037
0.570000	0.061005	3.457330	-11.949407	0.421828
0.580000	0.061952	3.538705	-12.518594	0.438463
0.590000	0.062983	3.619465	-13.096563	0.455931
0.600000	0.064091	3.699662	-13.683393	0.474227
0.610000	0.065269	3.779340	-14.279154	0.493346
0.620000	0.066513	3.858540	-14.883906	0.513287
0.630000	0.067819	3.937297	-15.497706	0.534048
0.640000	0.069183	4.015643	-16.120601	0.555632
0.650000	0.070603	4.093607	-16.752635	0.578040
0.660000	0.072074	4.171216	-17.393846	0.601276
0.670000	0.073596	4.248492	-18.044269	0.625345
0.680000	0.075166	4.325458	-18.703936	0.650251
0.690000	0.076781	4.402132	-19.372875	0.676001
0.700000	0.078441	4.478534	-20.051110	0.702600
0.710000	0.080144	4.554677	-20.738664	0.730056
0.720000	0.081888	4.630579	-21.435559	0.758375
0.730000	0.083672	4.706253	-22.141813	0.787566
0.740000	0.085496	4.781710	-22.857443	0.817637
0.750000	0.087359	4.856964	-23.582464	0.848596
0.760000	0.089259	4.932024	-24.316891	0.880452
0.770000	0.091195	5.006900	-25.060736	0.913213
0.780000	0.093168	5.081603	-25.814011	0.946889
0.790000	0.095177	5.156140	-26.576726	0.981489
0.800000	0.097220	5.230520	-27.348892	1.017023
0.810000	0.099298	5.304750	-28.130517	1.053499
0.820000	0.101409	5.378837	-28.921608	1.090929
0.830000	0.103554	5.452788	-29.722175	1.129321
0.840000	0.105733	5.526608	-30.532222	1.168685
0.850000	0.107943	5.600304	-31.351756	1.209033
0.860000	0.110187	5.673881	-32.180784	1.250373
0.870000	0.112462	5.747343	-33.019309	1.292717
0.880000	0.114769	5.820697	-33.867336	1.336074
0.890000	0.117108	5.893945	-34.724870	1.380455
0.900000	0.119478	5.967092	-35.591915	1.425871
0.910000	0.121879	6.040143	-36.468473	1.472331
0.920000	0.124311	6.113101	-37.354548	1.519847
0.930000	0.126773	6.185969	-38.250142	1.568430
0.940000	0.129266	6.258751	-39.155259	1.618089
0.950000	0.131789	6.331451	-40.069900	1.668835
0.960000	0.134343	6.404070	-40.994067	1.720680
0.970000	0.136926	6.476613	-41.927762	1.773634
0.980000	0.139539	6.549081	-42.870987	1.827707
0.990000	0.142182	6.621477	-43.823743	1.882912
1.000000	0.144855	6.693804	-44.786030	1.939257
1.010000	0.147557	6.766064	-45.757851	1.996755
1.020000	0.150288	6.838259	-46.739204	2.055417
1.030000	0.153049	6.910392	-47.730093	2.115252
1.040000	0.155838	6.982464	-48.730515	2.176273
1.050000	0.158657	7.054477	-49.740473	2.238490
1.060000	0.161505	7.126433	-50.759966	2.301913
1.070000	0.164382	7.198334	-51.788994	2.366555
1.080000	0.167288	7.270182	-52.827558	2.432426
1.090000	0.170222	7.341977	-53.875656	2.499537
1.100000	0.173185	7.413723	-54.933289	2.567898
1.110000	0.176177	7.485419	-56.000456	2.637522
1.120000	0.179198	7.557068	-57.077157	2.708419
1.130000	0.182247	7.628670	-58.163392	2.780600
1.140000	0.185324	7.700228	-59.259159	2.854076
1.150000	0.188430	7.771741	-60.364458	2.928858
1.160000	0.191564	7.843213	-61.479288	3.004958
1.170000	0.194727	7.914643	-62.603648	3.082385
1.180000	0.197918	7.986032	-63.737538	3.161152
1.190000	0.201137	8.057382	-64.880955	3.241270
1.200000	0.204384	8.128694	-66.033900	3.322749
