 DDSCAT --- DDSCAT 7.3.3 [22.01.20]   
 TARGET --->TARGSPHER  spherical target with explicit spacing                 
 GPFAFT --- method of solution 
 GKDLDR --- prescription for polarizabilities
 FROM_FILE --- shape 
   33401 = NAT0 = number of dipoles
 ../diel/Pena52Au48Ag                                        
 ../diel/Pena26Au74Ag                                        
   0.000   0.000 = beta_min, beta_max ;  NBETA = 1
   0.000   0.000 = theta_min, theta_max; NTHETA= 1
   0.000   0.000 = phi_min, phi_max   ;   NPHI = 1
 Results averaged over    1 target orientations
                   and  1 incident polarizations
   aeff       wave      Q_pha
 1.0000E-03 3.0000E-01  1.6455E-02
 1.0000E-03 3.0134E-01  1.6061E-02
 1.0000E-03 3.0268E-01  1.5660E-02
 1.0000E-03 3.0403E-01  1.5253E-02
 1.0000E-03 3.0537E-01  1.4839E-02
 1.0000E-03 3.0671E-01  1.4417E-02
 1.0000E-03 3.0805E-01  1.3988E-02
 1.0000E-03 3.0940E-01  1.3592E-02
 1.0000E-03 3.1074E-01  1.3191E-02
 1.0000E-03 3.1208E-01  1.2787E-02
 1.0000E-03 3.1342E-01  1.2378E-02
 1.0000E-03 3.1477E-01  1.1964E-02
 1.0000E-03 3.1611E-01  1.1545E-02
 1.0000E-03 3.1745E-01  1.1124E-02
 1.0000E-03 3.1879E-01  1.0703E-02
 1.0000E-03 3.2013E-01  1.0267E-02
 1.0000E-03 3.2148E-01  9.8157E-03
 1.0000E-03 3.2282E-01  9.3484E-03
 1.0000E-03 3.2416E-01  8.8647E-03
 1.0000E-03 3.2550E-01  8.3642E-03
 1.0000E-03 3.2685E-01  7.8221E-03
 1.0000E-03 3.2819E-01  7.2245E-03
 1.0000E-03 3.2953E-01  6.6100E-03
 1.0000E-03 3.3087E-01  5.9775E-03
 1.0000E-03 3.3221E-01  5.3256E-03
 1.0000E-03 3.3356E-01  4.6529E-03
 1.0000E-03 3.3490E-01  3.9576E-03
 1.0000E-03 3.3624E-01  3.2420E-03
 1.0000E-03 3.3758E-01  2.5183E-03
 1.0000E-03 3.3893E-01  1.7867E-03
 1.0000E-03 3.4027E-01  1.0453E-03
 1.0000E-03 3.4161E-01  2.9261E-04
 1.0000E-03 3.4295E-01 -4.7325E-04
 1.0000E-03 3.4430E-01 -1.2543E-03
 1.0000E-03 3.4564E-01 -2.0268E-03
 1.0000E-03 3.4698E-01 -2.7956E-03
 1.0000E-03 3.4832E-01 -3.5680E-03
 1.0000E-03 3.4966E-01 -4.3451E-03
 1.0000E-03 3.5101E-01 -5.1280E-03
 1.0000E-03 3.5235E-01 -5.9180E-03
 1.0000E-03 3.5369E-01 -6.7162E-03
 1.0000E-03 3.5503E-01 -7.5120E-03
 1.0000E-03 3.5638E-01 -8.3108E-03
 1.0000E-03 3.5772E-01 -9.1139E-03
 1.0000E-03 3.5906E-01 -9.9219E-03
 1.0000E-03 3.6040E-01 -1.0735E-02
 1.0000E-03 3.6174E-01 -1.1554E-02
 1.0000E-03 3.6309E-01 -1.2379E-02
 1.0000E-03 3.6443E-01 -1.3203E-02
 1.0000E-03 3.6577E-01 -1.4031E-02
 1.0000E-03 3.6711E-01 -1.4861E-02
 1.0000E-03 3.6846E-01 -1.5695E-02
 1.0000E-03 3.6980E-01 -1.6530E-02
 1.0000E-03 3.7114E-01 -1.7367E-02
 1.0000E-03 3.7248E-01 -1.8201E-02
 1.0000E-03 3.7383E-01 -1.9029E-02
 1.0000E-03 3.7517E-01 -1.9854E-02
 1.0000E-03 3.7651E-01 -2.0673E-02
 1.0000E-03 3.7785E-01 -2.1485E-02
 1.0000E-03 3.7919E-01 -2.2284E-02
 1.0000E-03 3.8054E-01 -2.3068E-02
 1.0000E-03 3.8188E-01 -2.3830E-02
 1.0000E-03 3.8322E-01 -2.4568E-02
 1.0000E-03 3.8456E-01 -2.5281E-02
 1.0000E-03 3.8591E-01 -2.5961E-02
 1.0000E-03 3.8725E-01 -2.6600E-02
 1.0000E-03 3.8859E-01 -2.7191E-02
 1.0000E-03 3.8993E-01 -2.7721E-02
 1.0000E-03 3.9128E-01 -2.8184E-02
 1.0000E-03 3.9262E-01 -2.8572E-02
 1.0000E-03 3.9396E-01 -2.8870E-02
 1.0000E-03 3.9530E-01 -2.9060E-02
 1.0000E-03 3.9664E-01 -2.9122E-02
 1.0000E-03 3.9799E-01 -2.9033E-02
 1.0000E-03 3.9933E-01 -2.8766E-02
 1.0000E-03 4.0067E-01 -2.8303E-02
 1.0000E-03 4.0201E-01 -2.7608E-02
 1.0000E-03 4.0336E-01 -2.6640E-02
 1.0000E-03 4.0470E-01 -2.5355E-02
 1.0000E-03 4.0604E-01 -2.3704E-02
 1.0000E-03 4.0738E-01 -2.1634E-02
 1.0000E-03 4.0872E-01 -1.9088E-02
 1.0000E-03 4.1007E-01 -1.6018E-02
 1.0000E-03 4.1141E-01 -1.2361E-02
 1.0000E-03 4.1275E-01 -8.0624E-03
 1.0000E-03 4.1409E-01 -3.0764E-03
 1.0000E-03 4.1544E-01  2.6292E-03
 1.0000E-03 4.1678E-01  9.0676E-03
 1.0000E-03 4.1812E-01  1.6228E-02
 1.0000E-03 4.1946E-01  2.4066E-02
 1.0000E-03 4.2081E-01  3.2482E-02
 1.0000E-03 4.2215E-01  4.1353E-02
 1.0000E-03 4.2349E-01  5.0521E-02
 1.0000E-03 4.2483E-01  5.9798E-02
 1.0000E-03 4.2617E-01  6.8980E-02
 1.0000E-03 4.2752E-01  7.7856E-02
 1.0000E-03 4.2886E-01  8.6216E-02
 1.0000E-03 4.3020E-01  9.3891E-02
 1.0000E-03 4.3154E-01  1.0075E-01
 1.0000E-03 4.3289E-01  1.0673E-01
 1.0000E-03 4.3423E-01  1.1178E-01
 1.0000E-03 4.3557E-01  1.1592E-01
 1.0000E-03 4.3691E-01  1.1917E-01
 1.0000E-03 4.3826E-01  1.2160E-01
 1.0000E-03 4.3960E-01  1.2332E-01
 1.0000E-03 4.4094E-01  1.2439E-01
 1.0000E-03 4.4228E-01  1.2492E-01
 1.0000E-03 4.4362E-01  1.2498E-01
 1.0000E-03 4.4497E-01  1.2465E-01
 1.0000E-03 4.4631E-01  1.2400E-01
 1.0000E-03 4.4765E-01  1.2310E-01
 1.0000E-03 4.4899E-01  1.2200E-01
 1.0000E-03 4.5034E-01  1.2073E-01
 1.0000E-03 4.5168E-01  1.1934E-01
 1.0000E-03 4.5302E-01  1.1786E-01
 1.0000E-03 4.5436E-01  1.1630E-01
 1.0000E-03 4.5570E-01  1.1470E-01
 1.0000E-03 4.5705E-01  1.1307E-01
 1.0000E-03 4.5839E-01  1.1142E-01
 1.0000E-03 4.5973E-01  1.0977E-01
 1.0000E-03 4.6107E-01  1.0811E-01
 1.0000E-03 4.6242E-01  1.0646E-01
 1.0000E-03 4.6376E-01  1.0483E-01
 1.0000E-03 4.6510E-01  1.0322E-01
 1.0000E-03 4.6644E-01  1.0164E-01
 1.0000E-03 4.6779E-01  1.0009E-01
 1.0000E-03 4.6913E-01  9.8566E-02
 1.0000E-03 4.7047E-01  9.7081E-02
 1.0000E-03 4.7181E-01  9.5633E-02
 1.0000E-03 4.7315E-01  9.4224E-02
 1.0000E-03 4.7450E-01  9.2853E-02
 1.0000E-03 4.7584E-01  9.1521E-02
 1.0000E-03 4.7718E-01  9.0226E-02
 1.0000E-03 4.7852E-01  8.8966E-02
 1.0000E-03 4.7987E-01  8.7742E-02
 1.0000E-03 4.8121E-01  8.6553E-02
 1.0000E-03 4.8255E-01  8.5396E-02
 1.0000E-03 4.8389E-01  8.4273E-02
 1.0000E-03 4.8523E-01  8.3180E-02
 1.0000E-03 4.8658E-01  8.2119E-02
 1.0000E-03 4.8792E-01  8.1087E-02
 1.0000E-03 4.8926E-01  8.0086E-02
 1.0000E-03 4.9060E-01  7.9114E-02
 1.0000E-03 4.9195E-01  7.8171E-02
 1.0000E-03 4.9329E-01  7.7256E-02
 1.0000E-03 4.9463E-01  7.6369E-02
 1.0000E-03 4.9597E-01  7.5507E-02
 1.0000E-03 4.9732E-01  7.4670E-02
 1.0000E-03 4.9866E-01  7.3858E-02
 1.0000E-03 5.0000E-01  7.3069E-02
