 DDSCAT --- DDSCAT 7.3.3 [22.01.20]   
 TARGET --->TARGSPHER  spherical target with explicit spacing                 
 GPFAFT --- method of solution 
 GKDLDR --- prescription for polarizabilities
 FROM_FILE --- shape 
    4169 = NAT0 = number of dipoles
 ../../diel/Pena-Rioux_dielectric_26Au_74Ag                  
 ../../diel/Pena-Rioux_dielectric_76Au_24Ag                  
 ../../diel/Au_evap                                          
   0.000   0.000 = beta_min, beta_max ;  NBETA = 1
   0.000   0.000 = theta_min, theta_max; NTHETA= 1
   0.000   0.000 = phi_min, phi_max   ;   NPHI = 1
 0.5000 = ETASCA (param. controlling # of scatt. dirs used to calculate <cos> etc.
 Results averaged over    1 target orientations
                   and  2 incident polarizations
   aeff       wave       Q_ext     Q_abs      Q_sca     g(1)=<cos>  <cos^2>    Q_bk       Nsca
 4.0000E-02 3.0000E-01 2.6082E+00 1.8058E+00 8.0238E-01  2.5530E-01 4.1463E-01 4.0357E-02   408
 4.0000E-02 3.0101E-01 2.6008E+00 1.8053E+00 7.9555E-01  2.5351E-01 4.1444E-01 4.0376E-02   408
 4.0000E-02 3.0203E-01 2.5936E+00 1.8048E+00 7.8888E-01  2.5167E-01 4.1424E-01 4.0399E-02   408
 4.0000E-02 3.0305E-01 2.5864E+00 1.8042E+00 7.8221E-01  2.4983E-01 4.1405E-01 4.0414E-02   408
 4.0000E-02 3.0408E-01 2.5792E+00 1.8037E+00 7.7553E-01  2.4801E-01 4.1385E-01 4.0421E-02   408
 4.0000E-02 3.0512E-01 2.5719E+00 1.8031E+00 7.6884E-01  2.4618E-01 4.1367E-01 4.0420E-02   408
 4.0000E-02 3.0616E-01 2.5646E+00 1.8024E+00 7.6216E-01  2.4436E-01 4.1348E-01 4.0414E-02   408
 4.0000E-02 3.0722E-01 2.5573E+00 1.8018E+00 7.5547E-01  2.4254E-01 4.1329E-01 4.0399E-02   408
 4.0000E-02 3.0828E-01 2.5501E+00 1.8012E+00 7.4891E-01  2.4073E-01 4.1311E-01 4.0384E-02   408
 4.0000E-02 3.0934E-01 2.5435E+00 1.8008E+00 7.4272E-01  2.3889E-01 4.1293E-01 4.0386E-02   408
 4.0000E-02 3.1042E-01 2.5368E+00 1.8003E+00 7.3654E-01  2.3705E-01 4.1274E-01 4.0383E-02   408
 4.0000E-02 3.1150E-01 2.5300E+00 1.7998E+00 7.3023E-01  2.3528E-01 4.1257E-01 4.0362E-02   408
 4.0000E-02 3.1259E-01 2.5232E+00 1.7993E+00 7.2391E-01  2.3352E-01 4.1239E-01 4.0331E-02   408
 4.0000E-02 3.1368E-01 2.5163E+00 1.7987E+00 7.1758E-01  2.3177E-01 4.1222E-01 4.0295E-02   408
 4.0000E-02 3.1479E-01 2.5094E+00 1.7981E+00 7.1129E-01  2.3011E-01 4.1220E-01 4.0254E-02   362
 4.0000E-02 3.1590E-01 2.5025E+00 1.7975E+00 7.0499E-01  2.2835E-01 4.1203E-01 4.0208E-02   362
 4.0000E-02 3.1702E-01 2.4955E+00 1.7968E+00 6.9872E-01  2.2659E-01 4.1186E-01 4.0156E-02   363
 4.0000E-02 3.1815E-01 2.4881E+00 1.7959E+00 6.9219E-01  2.2485E-01 4.1170E-01 4.0083E-02   363
 4.0000E-02 3.1929E-01 2.4805E+00 1.7949E+00 6.8557E-01  2.2311E-01 4.1154E-01 3.9996E-02   363
 4.0000E-02 3.2043E-01 2.4728E+00 1.7939E+00 6.7891E-01  2.2138E-01 4.1138E-01 3.9901E-02   363
 4.0000E-02 3.2158E-01 2.4652E+00 1.7927E+00 6.7247E-01  2.1954E-01 4.1122E-01 3.9821E-02   363
 4.0000E-02 3.2274E-01 2.4575E+00 1.7915E+00 6.6597E-01  2.1771E-01 4.1106E-01 3.9729E-02   363
 4.0000E-02 3.2391E-01 2.4496E+00 1.7902E+00 6.5942E-01  2.1590E-01 4.1090E-01 3.9625E-02   363
 4.0000E-02 3.2509E-01 2.4415E+00 1.7887E+00 6.5281E-01  2.1410E-01 4.1074E-01 3.9511E-02   363
 4.0000E-02 3.2628E-01 2.4333E+00 1.7872E+00 6.4614E-01  2.1232E-01 4.1059E-01 3.9386E-02   363
 4.0000E-02 3.2747E-01 2.4240E+00 1.7851E+00 6.3895E-01  2.1059E-01 4.1045E-01 3.9214E-02   363
 4.0000E-02 3.2868E-01 2.4148E+00 1.7829E+00 6.3188E-01  2.0887E-01 4.1030E-01 3.9042E-02   363
 4.0000E-02 3.2989E-01 2.4057E+00 1.7808E+00 6.2497E-01  2.0714E-01 4.1016E-01 3.8873E-02   363
 4.0000E-02 3.3111E-01 2.3968E+00 1.7786E+00 6.1822E-01  2.0542E-01 4.1002E-01 3.8709E-02   363
 4.0000E-02 3.3234E-01 2.3877E+00 1.7763E+00 6.1141E-01  2.0374E-01 4.0988E-01 3.8532E-02   363
 4.0000E-02 3.3358E-01 2.3785E+00 1.7739E+00 6.0467E-01  2.0210E-01 4.0974E-01 3.8351E-02   363
 4.0000E-02 3.3483E-01 2.3696E+00 1.7715E+00 5.9811E-01  2.0046E-01 4.0961E-01 3.8176E-02   363
 4.0000E-02 3.3609E-01 2.3613E+00 1.7693E+00 5.9205E-01  1.9881E-01 4.0948E-01 3.8029E-02   363
 4.0000E-02 3.3736E-01 2.3541E+00 1.7674E+00 5.8663E-01  1.9710E-01 4.0934E-01 3.7926E-02   363
 4.0000E-02 3.3864E-01 2.3475E+00 1.7658E+00 5.8166E-01  1.9538E-01 4.0920E-01 3.7848E-02   363
 4.0000E-02 3.3992E-01 2.3415E+00 1.7644E+00 5.7710E-01  1.9365E-01 4.0906E-01 3.7795E-02   363
 4.0000E-02 3.4122E-01 2.3361E+00 1.7631E+00 5.7297E-01  1.9189E-01 4.0891E-01 3.7771E-02   363
 4.0000E-02 3.4253E-01 2.3314E+00 1.7621E+00 5.6926E-01  1.9010E-01 4.0877E-01 3.7774E-02   363
 4.0000E-02 3.4385E-01 2.3270E+00 1.7612E+00 5.6584E-01  1.8830E-01 4.0863E-01 3.7798E-02   363
 4.0000E-02 3.4517E-01 2.3238E+00 1.7607E+00 5.6308E-01  1.8645E-01 4.0848E-01 3.7868E-02   363
 4.0000E-02 3.4651E-01 2.3217E+00 1.7607E+00 5.6099E-01  1.8456E-01 4.0833E-01 3.7986E-02   363
 4.0000E-02 3.4786E-01 2.3205E+00 1.7611E+00 5.5948E-01  1.8263E-01 4.0818E-01 3.8146E-02   363
 4.0000E-02 3.4922E-01 2.3204E+00 1.7619E+00 5.5854E-01  1.8067E-01 4.0803E-01 3.8347E-02   363
 4.0000E-02 3.5059E-01 2.3213E+00 1.7631E+00 5.5821E-01  1.7867E-01 4.0787E-01 3.8594E-02   363
 4.0000E-02 3.5197E-01 2.3233E+00 1.7648E+00 5.5849E-01  1.7665E-01 4.0772E-01 3.8886E-02   363
 4.0000E-02 3.5336E-01 2.3263E+00 1.7669E+00 5.5940E-01  1.7459E-01 4.0756E-01 3.9228E-02   363
 4.0000E-02 3.5476E-01 2.3310E+00 1.7698E+00 5.6119E-01  1.7249E-01 4.0740E-01 3.9634E-02   363
 4.0000E-02 3.5618E-01 2.3373E+00 1.7734E+00 5.6390E-01  1.7037E-01 4.0724E-01 4.0111E-02   363
 4.0000E-02 3.5760E-01 2.3448E+00 1.7776E+00 5.6721E-01  1.6822E-01 4.0708E-01 4.0635E-02   363
 4.0000E-02 3.5904E-01 2.3533E+00 1.7822E+00 5.7113E-01  1.6606E-01 4.0692E-01 4.1211E-02   363
 4.0000E-02 3.6048E-01 2.3630E+00 1.7873E+00 5.7571E-01  1.6387E-01 4.0676E-01 4.1841E-02   363
 4.0000E-02 3.6194E-01 2.3739E+00 1.7930E+00 5.8095E-01  1.6166E-01 4.0660E-01 4.2528E-02   363
 4.0000E-02 3.6341E-01 2.3861E+00 1.7992E+00 5.8690E-01  1.5944E-01 4.0644E-01 4.3274E-02   363
 4.0000E-02 3.6490E-01 2.3994E+00 1.8059E+00 5.9349E-01  1.5719E-01 4.0628E-01 4.4078E-02   363
 4.0000E-02 3.6639E-01 2.4140E+00 1.8132E+00 6.0072E-01  1.5494E-01 4.0612E-01 4.4939E-02   363
 4.0000E-02 3.6790E-01 2.4298E+00 1.8211E+00 6.0865E-01  1.5268E-01 4.0596E-01 4.5863E-02   363
 4.0000E-02 3.6942E-01 2.4470E+00 1.8297E+00 6.1730E-01  1.5040E-01 4.0580E-01 4.6852E-02   363
 4.0000E-02 3.7095E-01 2.4653E+00 1.8387E+00 6.2655E-01  1.4812E-01 4.0565E-01 4.7901E-02   363
 4.0000E-02 3.7250E-01 2.4847E+00 1.8483E+00 6.3643E-01  1.4582E-01 4.0549E-01 4.9013E-02   363
 4.0000E-02 3.7406E-01 2.5052E+00 1.8583E+00 6.4688E-01  1.4351E-01 4.0534E-01 5.0184E-02   363
 4.0000E-02 3.7563E-01 2.5268E+00 1.8688E+00 6.5793E-01  1.4119E-01 4.0519E-01 5.1415E-02   363
 4.0000E-02 3.7722E-01 2.5495E+00 1.8798E+00 6.6965E-01  1.3885E-01 4.0504E-01 5.2718E-02   363
 4.0000E-02 3.7881E-01 2.5733E+00 1.8914E+00 6.8198E-01  1.3651E-01 4.0489E-01 5.4086E-02   363
 4.0000E-02 3.8043E-01 2.5985E+00 1.9035E+00 6.9502E-01  1.3416E-01 4.0475E-01 5.5530E-02   363
 4.0000E-02 3.8205E-01 2.6245E+00 1.9160E+00 7.0848E-01  1.3179E-01 4.0461E-01 5.7030E-02   363
 4.0000E-02 3.8369E-01 2.6507E+00 1.9287E+00 7.2202E-01  1.2942E-01 4.0447E-01 5.8559E-02   363
 4.0000E-02 3.8534E-01 2.6781E+00 1.9418E+00 7.3629E-01  1.2704E-01 4.0434E-01 6.0170E-02   363
 4.0000E-02 3.8701E-01 2.7069E+00 1.9556E+00 7.5129E-01  1.2464E-01 4.0420E-01 6.1862E-02   363
 4.0000E-02 3.8870E-01 2.7370E+00 1.9700E+00 7.6708E-01  1.2223E-01 4.0407E-01 6.3645E-02   363
 4.0000E-02 3.9039E-01 2.7687E+00 1.9850E+00 7.8368E-01  1.1989E-01 4.0412E-01 6.5520E-02   323
 4.0000E-02 3.9211E-01 2.8016E+00 2.0006E+00 8.0104E-01  1.1747E-01 4.0399E-01 6.7485E-02   323
 4.0000E-02 3.9383E-01 2.8360E+00 2.0168E+00 8.1921E-01  1.1503E-01 4.0387E-01 6.9546E-02   323
 4.0000E-02 3.9558E-01 2.8720E+00 2.0337E+00 8.3827E-01  1.1259E-01 4.0375E-01 7.1710E-02   323
 4.0000E-02 3.9733E-01 2.9095E+00 2.0513E+00 8.5823E-01  1.1014E-01 4.0363E-01 7.3982E-02   323
 4.0000E-02 3.9911E-01 2.9496E+00 2.0699E+00 8.7979E-01  1.0769E-01 4.0351E-01 7.6420E-02   323
 4.0000E-02 4.0090E-01 2.9916E+00 2.0892E+00 9.0237E-01  1.0523E-01 4.0340E-01 7.8980E-02   323
 4.0000E-02 4.0270E-01 3.0353E+00 2.1093E+00 9.2601E-01  1.0277E-01 4.0329E-01 8.1668E-02   323
 4.0000E-02 4.0452E-01 3.0810E+00 2.1302E+00 9.5077E-01  1.0030E-01 4.0318E-01 8.4492E-02   323
 4.0000E-02 4.0636E-01 3.1286E+00 2.1519E+00 9.7671E-01  9.7833E-02 4.0307E-01 8.7458E-02   323
 4.0000E-02 4.0822E-01 3.1783E+00 2.1745E+00 1.0038E+00  9.5360E-02 4.0297E-01 9.0572E-02   323
 4.0000E-02 4.1009E-01 3.2300E+00 2.1978E+00 1.0322E+00  9.2885E-02 4.0286E-01 9.3837E-02   323
 4.0000E-02 4.1198E-01 3.2838E+00 2.2220E+00 1.0618E+00  9.0410E-02 4.0277E-01 9.7259E-02   323
 4.0000E-02 4.1389E-01 3.3394E+00 2.2470E+00 1.0924E+00  8.7934E-02 4.0267E-01 1.0082E-01   323
 4.0000E-02 4.1581E-01 3.3965E+00 2.2727E+00 1.1238E+00  8.5457E-02 4.0258E-01 1.0451E-01   323
 4.0000E-02 4.1776E-01 3.4559E+00 2.2993E+00 1.1566E+00  8.2984E-02 4.0249E-01 1.0837E-01   323
 4.0000E-02 4.1972E-01 3.5177E+00 2.3269E+00 1.1908E+00  8.0515E-02 4.0240E-01 1.1242E-01   323
 4.0000E-02 4.2170E-01 3.5818E+00 2.3553E+00 1.2265E+00  7.8054E-02 4.0232E-01 1.1666E-01   323
 4.0000E-02 4.2370E-01 3.6484E+00 2.3847E+00 1.2637E+00  7.5604E-02 4.0224E-01 1.2108E-01   323
 4.0000E-02 4.2571E-01 3.7174E+00 2.4151E+00 1.3023E+00  7.3166E-02 4.0216E-01 1.2570E-01   323
 4.0000E-02 4.2775E-01 3.7887E+00 2.4464E+00 1.3424E+00  7.0744E-02 4.0209E-01 1.3051E-01   323
 4.0000E-02 4.2981E-01 3.8624E+00 2.4786E+00 1.3838E+00  6.8344E-02 4.0202E-01 1.3551E-01   323
 4.0000E-02 4.3188E-01 3.9393E+00 2.5119E+00 1.4274E+00  6.5968E-02 4.0195E-01 1.4076E-01   323
 4.0000E-02 4.3398E-01 4.0186E+00 2.5461E+00 1.4725E+00  6.3622E-02 4.0189E-01 1.4622E-01   323
 4.0000E-02 4.3610E-01 4.0997E+00 2.5811E+00 1.5186E+00  6.1312E-02 4.0182E-01 1.5182E-01   323
 4.0000E-02 4.3824E-01 4.1820E+00 2.6166E+00 1.5654E+00  5.9043E-02 4.0177E-01 1.5753E-01   323
 4.0000E-02 4.4039E-01 4.2654E+00 2.6527E+00 1.6127E+00  5.6822E-02 4.0172E-01 1.6334E-01   323
 4.0000E-02 4.4257E-01 4.3497E+00 2.6892E+00 1.6605E+00  5.4650E-02 4.0167E-01 1.6924E-01   323
 4.0000E-02 4.4478E-01 4.4346E+00 2.7261E+00 1.7085E+00  5.2533E-02 4.0162E-01 1.7520E-01   323
 4.0000E-02 4.4700E-01 4.5199E+00 2.7633E+00 1.7567E+00  5.0474E-02 4.0158E-01 1.8120E-01   323
 4.0000E-02 4.4925E-01 4.6055E+00 2.8006E+00 1.8049E+00  4.8474E-02 4.0154E-01 1.8724E-01   323
 4.0000E-02 4.5152E-01 4.6900E+00 2.8379E+00 1.8521E+00  4.6539E-02 4.0151E-01 1.9319E-01   323
 4.0000E-02 4.5381E-01 4.7713E+00 2.8747E+00 1.8966E+00  4.4675E-02 4.0148E-01 1.9889E-01   323
 4.0000E-02 4.5612E-01 4.8529E+00 2.9116E+00 1.9413E+00  4.2872E-02 4.0146E-01 2.0461E-01   323
 4.0000E-02 4.5846E-01 4.9346E+00 2.9486E+00 1.9860E+00  4.1127E-02 4.0144E-01 2.1034E-01   323
 4.0000E-02 4.6082E-01 5.0158E+00 2.9854E+00 2.0304E+00  3.9444E-02 4.0142E-01 2.1605E-01   323
 4.0000E-02 4.6321E-01 5.0961E+00 3.0218E+00 2.0743E+00  3.7821E-02 4.0140E-01 2.2170E-01   323
 4.0000E-02 4.6563E-01 5.1751E+00 3.0577E+00 2.1174E+00  3.6258E-02 4.0138E-01 2.2726E-01   323
 4.0000E-02 4.6806E-01 5.2522E+00 3.0927E+00 2.1595E+00  3.4752E-02 4.0136E-01 2.3272E-01   323
 4.0000E-02 4.7053E-01 5.3269E+00 3.1267E+00 2.2002E+00  3.3303E-02 4.0135E-01 2.3802E-01   323
 4.0000E-02 4.7302E-01 5.3995E+00 3.1595E+00 2.2399E+00  3.1917E-02 4.0133E-01 2.4319E-01   323
 4.0000E-02 4.7553E-01 5.4697E+00 3.1911E+00 2.2786E+00  3.0587E-02 4.0132E-01 2.4824E-01   323
 4.0000E-02 4.7807E-01 5.5370E+00 3.2212E+00 2.3158E+00  2.9306E-02 4.0131E-01 2.5312E-01   323
 4.0000E-02 4.8065E-01 5.6012E+00 3.2496E+00 2.3516E+00  2.8074E-02 4.0129E-01 2.5783E-01   323
 4.0000E-02 4.8324E-01 5.6623E+00 3.2762E+00 2.3861E+00  2.6887E-02 4.0128E-01 2.6239E-01   323
 4.0000E-02 4.8587E-01 5.7203E+00 3.3008E+00 2.4195E+00  2.5742E-02 4.0126E-01 2.6681E-01   323
 4.0000E-02 4.8852E-01 5.7757E+00 3.3235E+00 2.4522E+00  2.4637E-02 4.0125E-01 2.7114E-01   323
 4.0000E-02 4.9121E-01 5.8288E+00 3.3442E+00 2.4846E+00  2.3568E-02 4.0124E-01 2.7544E-01   323
 4.0000E-02 4.9392E-01 5.8806E+00 3.3630E+00 2.5177E+00  2.2531E-02 4.0123E-01 2.7980E-01   323
 4.0000E-02 4.9667E-01 5.9370E+00 3.3804E+00 2.5566E+00  2.1511E-02 4.0121E-01 2.8482E-01   323
 4.0000E-02 4.9944E-01 6.0066E+00 3.3971E+00 2.6096E+00  2.0476E-02 4.0119E-01 2.9143E-01   323
 4.0000E-02 5.0225E-01 6.0766E+00 3.4103E+00 2.6663E+00  1.9432E-02 4.0117E-01 2.9850E-01   323
 4.0000E-02 5.0508E-01 6.1463E+00 3.4190E+00 2.7273E+00  1.8372E-02 4.0116E-01 3.0610E-01   323
 4.0000E-02 5.0795E-01 6.2143E+00 3.4220E+00 2.7923E+00  1.7285E-02 4.0114E-01 3.1421E-01   324
 4.0000E-02 5.1086E-01 6.2783E+00 3.4175E+00 2.8608E+00  1.6166E-02 4.0112E-01 3.2278E-01   324
 4.0000E-02 5.1379E-01 6.3349E+00 3.4033E+00 2.9316E+00  1.5048E-02 4.0130E-01 3.3169E-01   285
 4.0000E-02 5.1676E-01 6.3797E+00 3.3771E+00 3.0026E+00  1.3854E-02 4.0128E-01 3.4070E-01   285
 4.0000E-02 5.1977E-01 6.4071E+00 3.3364E+00 3.0707E+00  1.2626E-02 4.0127E-01 3.4946E-01   285
 4.0000E-02 5.2281E-01 6.3857E+00 3.2769E+00 3.1088E+00  1.1397E-02 4.0126E-01 3.5485E-01   285
 4.0000E-02 5.2588E-01 6.3209E+00 3.2024E+00 3.1186E+00  1.0203E-02 4.0125E-01 3.5699E-01   285
 4.0000E-02 5.2899E-01 6.2274E+00 3.1156E+00 3.1118E+00  9.0365E-03 4.0125E-01 3.5720E-01   285
 4.0000E-02 5.3214E-01 6.1062E+00 3.0179E+00 3.0884E+00  7.8991E-03 4.0124E-01 3.5546E-01   285
 4.0000E-02 5.3533E-01 5.9595E+00 2.9107E+00 3.0487E+00  6.7898E-03 4.0124E-01 3.5181E-01   285
 4.0000E-02 5.3855E-01 5.7900E+00 2.7959E+00 2.9941E+00  5.7068E-03 4.0125E-01 3.4637E-01   285
 4.0000E-02 5.4182E-01 5.6011E+00 2.6753E+00 2.9258E+00  4.6469E-03 4.0125E-01 3.3929E-01   285
 4.0000E-02 5.4512E-01 5.3961E+00 2.5507E+00 2.8454E+00  3.6078E-03 4.0125E-01 3.3076E-01   285
 4.0000E-02 5.4847E-01 5.1788E+00 2.4239E+00 2.7549E+00  2.5883E-03 4.0125E-01 3.2097E-01   285
 4.0000E-02 5.5185E-01 4.9608E+00 2.2986E+00 2.6622E+00  1.6023E-03 4.0125E-01 3.1085E-01   285
 4.0000E-02 5.5528E-01 4.7380E+00 2.1737E+00 2.5643E+00  6.3193E-04 4.0126E-01 3.0006E-01   285
 4.0000E-02 5.5875E-01 4.5126E+00 2.0503E+00 2.4623E+00 -3.2227E-04 4.0126E-01 2.8873E-01   285
 4.0000E-02 5.6226E-01 4.2874E+00 1.9297E+00 2.3576E+00 -1.2593E-03 4.0126E-01 2.7702E-01   285
 4.0000E-02 5.6582E-01 4.0647E+00 1.8131E+00 2.2516E+00 -2.1769E-03 4.0126E-01 2.6507E-01   285
 4.0000E-02 5.6943E-01 3.8468E+00 1.7014E+00 2.1455E+00 -3.0750E-03 4.0125E-01 2.5307E-01   285
 4.0000E-02 5.7308E-01 3.6357E+00 1.5949E+00 2.0409E+00 -3.9552E-03 4.0125E-01 2.4116E-01   285
 4.0000E-02 5.7677E-01 3.4318E+00 1.4933E+00 1.9385E+00 -4.8256E-03 4.0125E-01 2.2948E-01   285
 4.0000E-02 5.8052E-01 3.2354E+00 1.3964E+00 1.8389E+00 -5.6965E-03 4.0124E-01 2.1808E-01   285
 4.0000E-02 5.8431E-01 3.0450E+00 1.3038E+00 1.7412E+00 -6.5872E-03 4.0123E-01 2.0686E-01   285
 4.0000E-02 5.8816E-01 2.8619E+00 1.2158E+00 1.6461E+00 -7.5052E-03 4.0122E-01 1.9592E-01   285
 4.0000E-02 5.9205E-01 2.6880E+00 1.1337E+00 1.5543E+00 -8.4467E-03 4.0121E-01 1.8535E-01   285
 4.0000E-02 5.9600E-01 2.5242E+00 1.0579E+00 1.4663E+00 -9.4107E-03 4.0120E-01 1.7520E-01   285
 4.0000E-02 6.0000E-01 2.3710E+00 9.8865E-01 1.3823E+00 -1.0391E-02 4.0119E-01 1.6550E-01   285
