 DDSCAT --- DDSCAT 7.3.3 [22.01.20]   
 TARGET --->TARGSPHER  spherical target with explicit spacing                 
 GPFAFT --- method of solution 
 GKDLDR --- prescription for polarizabilities
 FROM_FILE --- shape 
    4169 = NAT0 = number of dipoles
 ../../diel/Pena-Rioux_dielectric_26Au_74Ag                  
 ../../diel/Pena-Rioux_dielectric_76Au_24Ag                  
 ../../diel/Au_evap                                          
   0.000   0.000 = beta_min, beta_max ;  NBETA = 1
   0.000   0.000 = theta_min, theta_max; NTHETA= 1
   0.000   0.000 = phi_min, phi_max   ;   NPHI = 1
 Results averaged over    1 target orientations
                   and  2 incident polarizations
   aeff       wave       Q_pha       Q_pol       Q_cpol
 4.0000E-02 3.0000E-01 -1.3165E-02 -6.6757E-06 -1.8626E-09
 4.0000E-02 3.0101E-01 -1.2019E-02  2.3842E-07  1.3039E-08
 4.0000E-02 3.0203E-01 -1.1609E-02 -9.5367E-07  1.0431E-07
 4.0000E-02 3.0305E-01 -1.1378E-02  1.4305E-06 -5.7742E-08
 4.0000E-02 3.0408E-01 -1.1334E-02  1.4305E-06 -4.6566E-09
 4.0000E-02 3.0512E-01 -1.1480E-02 -1.1921E-06  2.3283E-08
 4.0000E-02 3.0616E-01 -1.1832E-02 -3.0994E-06  5.4017E-08
 4.0000E-02 3.0722E-01 -1.2387E-02  2.1458E-06  0.0000E+00
 4.0000E-02 3.0828E-01 -1.3127E-02 -3.8147E-06  5.7742E-08
 4.0000E-02 3.0934E-01 -1.3947E-02 -6.4373E-06 -2.7008E-08
 4.0000E-02 3.1042E-01 -1.4918E-02  1.6689E-06  5.9605E-08
 4.0000E-02 3.1150E-01 -1.5480E-02  1.4305E-06  4.0978E-08
 4.0000E-02 3.1259E-01 -1.6034E-02  2.6226E-06  5.5879E-09
 4.0000E-02 3.1368E-01 -1.6793E-02 -2.8610E-06 -5.5879E-08
 4.0000E-02 3.1479E-01 -1.7746E-02 -6.4373E-06  3.9116E-08
 4.0000E-02 3.1590E-01 -1.8932E-02 -2.3842E-07 -5.0291E-08
 4.0000E-02 3.1702E-01 -2.0341E-02 -2.3842E-06 -5.9605E-08
 4.0000E-02 3.1815E-01 -2.1596E-02  3.0994E-06 -2.2352E-08
 4.0000E-02 3.1929E-01 -2.3083E-02 -8.5831E-06 -1.6764E-08
 4.0000E-02 3.2043E-01 -2.4917E-02 -7.8678E-06  3.9116E-08
 4.0000E-02 3.2158E-01 -2.8297E-02 -6.4373E-06  1.6578E-07
 4.0000E-02 3.2274E-01 -3.1928E-02 -4.7684E-07  1.8626E-08
 4.0000E-02 3.2391E-01 -3.5817E-02  5.4836E-06  6.7055E-08
 4.0000E-02 3.2509E-01 -3.9973E-02  1.6689E-06  6.3330E-08
 4.0000E-02 3.2628E-01 -4.4404E-02  4.7684E-07  2.2352E-08
 4.0000E-02 3.2747E-01 -4.9624E-02  0.0000E+00 -5.2154E-08
 4.0000E-02 3.2868E-01 -5.5267E-02  1.9073E-06 -1.1176E-08
 4.0000E-02 3.2989E-01 -6.1324E-02  1.9073E-06  2.9802E-08
 4.0000E-02 3.3111E-01 -6.7809E-02 -3.5763E-06  2.9802E-08
 4.0000E-02 3.3234E-01 -7.4023E-02  1.1921E-06  1.1176E-07
 4.0000E-02 3.3358E-01 -8.0250E-02  2.1458E-06 -1.4901E-08
 4.0000E-02 3.3483E-01 -8.6809E-02 -4.7684E-07  4.4703E-08
 4.0000E-02 3.3609E-01 -9.3859E-02 -2.3842E-07 -1.4901E-08
 4.0000E-02 3.3736E-01 -1.0131E-01  3.3379E-06  3.7253E-08
 4.0000E-02 3.3864E-01 -1.0896E-01 -3.0994E-06 -8.1956E-08
 4.0000E-02 3.3992E-01 -1.1683E-01 -2.3842E-07 -5.9605E-08
 4.0000E-02 3.4122E-01 -1.2492E-01 -1.9073E-06 -2.0862E-07
 4.0000E-02 3.4253E-01 -1.3323E-01 -2.1458E-06 -2.5332E-07
 4.0000E-02 3.4385E-01 -1.4167E-01 -3.0994E-06 -1.3411E-07
 4.0000E-02 3.4517E-01 -1.5040E-01  2.1458E-06 -2.0862E-07
 4.0000E-02 3.4651E-01 -1.5922E-01 -1.9073E-06 -1.4901E-08
 4.0000E-02 3.4786E-01 -1.6824E-01 -1.4305E-06  7.4506E-08
 4.0000E-02 3.4922E-01 -1.7746E-01  1.4305E-06 -1.3411E-07
 4.0000E-02 3.5059E-01 -1.8689E-01 -1.1921E-06  2.9802E-07
 4.0000E-02 3.5197E-01 -1.9653E-01 -8.1062E-06 -5.9605E-08
 4.0000E-02 3.5336E-01 -2.0640E-01 -7.1526E-07  1.9372E-07
 4.0000E-02 3.5476E-01 -2.1660E-01 -2.3842E-06 -2.3842E-07
 4.0000E-02 3.5618E-01 -2.2720E-01  2.1458E-06  1.4901E-07
 4.0000E-02 3.5760E-01 -2.3793E-01 -5.9605E-06  2.3842E-07
 4.0000E-02 3.5904E-01 -2.4880E-01 -2.1458E-06 -5.0664E-07
 4.0000E-02 3.6048E-01 -2.5980E-01 -5.2452E-06  3.5763E-07
 4.0000E-02 3.6194E-01 -2.7094E-01  3.0994E-06 -2.0862E-07
 4.0000E-02 3.6341E-01 -2.8221E-01 -7.6294E-06  8.6427E-07
 4.0000E-02 3.6490E-01 -2.9353E-01  3.3379E-06  2.0862E-07
 4.0000E-02 3.6639E-01 -3.0491E-01  2.3842E-07 -1.7881E-07
 4.0000E-02 3.6790E-01 -3.1637E-01 -5.9605E-06 -2.0862E-07
 4.0000E-02 3.6942E-01 -3.2779E-01  5.4836E-06  4.4703E-07
 4.0000E-02 3.7095E-01 -3.3922E-01  1.9073E-06  2.3842E-07
 4.0000E-02 3.7250E-01 -3.5062E-01 -3.3379E-06  1.4901E-07
 4.0000E-02 3.7406E-01 -3.6193E-01  6.1989E-06  2.0862E-07
 4.0000E-02 3.7563E-01 -3.7318E-01  3.3379E-06 -2.9802E-08
 4.0000E-02 3.7722E-01 -3.8440E-01 -2.3842E-07  2.9802E-08
 4.0000E-02 3.7881E-01 -3.9552E-01 -5.2452E-06 -2.3842E-07
 4.0000E-02 3.8043E-01 -4.0655E-01 -2.6226E-06 -2.6822E-06
 4.0000E-02 3.8205E-01 -4.1728E-01  6.1989E-06 -8.6427E-07
 4.0000E-02 3.8369E-01 -4.2759E-01 -4.0531E-06  3.9637E-06
 4.0000E-02 3.8534E-01 -4.3785E-01  1.1921E-06  9.5963E-06
 4.0000E-02 3.8701E-01 -4.4801E-01  1.0967E-05 -9.4771E-06
 4.0000E-02 3.8870E-01 -4.5807E-01  1.7881E-05  1.4186E-05
 4.0000E-02 3.9039E-01 -4.6798E-01  1.0967E-05 -8.2552E-06
 4.0000E-02 3.9211E-01 -4.7771E-01  2.2650E-05 -2.5928E-06
 4.0000E-02 3.9383E-01 -4.8727E-01  2.6226E-06 -1.1623E-06
 4.0000E-02 3.9558E-01 -4.9664E-01 -2.1458E-06 -7.7486E-07
 4.0000E-02 3.9733E-01 -5.0576E-01 -1.1921E-06  1.8477E-06
 4.0000E-02 3.9911E-01 -5.1501E-01  5.0068E-06 -1.1325E-06
 4.0000E-02 4.0090E-01 -5.2398E-01 -1.3590E-05 -2.3842E-07
 4.0000E-02 4.0270E-01 -5.3262E-01  3.8147E-06  5.1260E-06
 4.0000E-02 4.0452E-01 -5.4090E-01  5.4836E-06 -7.7486E-07
 4.0000E-02 4.0636E-01 -5.4874E-01 -4.7684E-07  1.6689E-06
 4.0000E-02 4.0822E-01 -5.5607E-01 -3.8147E-06  0.0000E+00
 4.0000E-02 4.1009E-01 -5.6286E-01  5.0068E-06 -7.7486E-07
 4.0000E-02 4.1198E-01 -5.6907E-01 -4.7684E-07  1.1921E-07
 4.0000E-02 4.1389E-01 -5.7444E-01 -4.0531E-06  6.5565E-07
 4.0000E-02 4.1581E-01 -5.7872E-01  7.1526E-07  5.9605E-08
 4.0000E-02 4.1776E-01 -5.8221E-01 -1.3113E-05  3.6359E-06
 4.0000E-02 4.1972E-01 -5.8487E-01 -1.9073E-06 -4.1723E-07
 4.0000E-02 4.2170E-01 -5.8659E-01 -3.8147E-06  1.0729E-06
 4.0000E-02 4.2370E-01 -5.8725E-01 -5.9605E-06 -4.7684E-07
 4.0000E-02 4.2571E-01 -5.8670E-01  1.9073E-06  2.5034E-06
 4.0000E-02 4.2775E-01 -5.8480E-01 -7.8678E-06 -3.5763E-07
 4.0000E-02 4.2981E-01 -5.8142E-01 -1.8358E-05  1.0729E-06
 4.0000E-02 4.3188E-01 -5.7683E-01 -9.2983E-06  1.3709E-06
 4.0000E-02 4.3398E-01 -5.7064E-01  1.0967E-05  1.4305E-06
 4.0000E-02 4.3610E-01 -5.6251E-01 -2.3842E-06  7.7486E-07
 4.0000E-02 4.3824E-01 -5.5233E-01  9.0599E-06  2.3246E-06
 4.0000E-02 4.4039E-01 -5.4012E-01  2.8610E-06  7.0333E-06
 4.0000E-02 4.4257E-01 -5.2579E-01 -1.5259E-05  5.2452E-06
 4.0000E-02 4.4478E-01 -5.0927E-01  8.5831E-06  3.5763E-07
 4.0000E-02 4.4700E-01 -4.9057E-01  2.5272E-05 -2.5630E-06
 4.0000E-02 4.4925E-01 -4.6966E-01  9.0599E-06 -2.7716E-06
 4.0000E-02 4.5152E-01 -4.4630E-01  2.3842E-06  4.4703E-07
 4.0000E-02 4.5381E-01 -4.2019E-01 -1.1444E-05  5.3644E-07
 4.0000E-02 4.5612E-01 -3.9157E-01  1.4305E-06  4.1723E-06
 4.0000E-02 4.5846E-01 -3.6034E-01 -2.7657E-05  2.9802E-07
 4.0000E-02 4.6082E-01 -3.2637E-01 -9.5367E-07 -6.0499E-06
 4.0000E-02 4.6321E-01 -2.8960E-01  6.1989E-06 -2.3842E-07
 4.0000E-02 4.6563E-01 -2.5000E-01  5.2452E-06  6.9439E-06
 4.0000E-02 4.6806E-01 -2.0757E-01 -1.2875E-05  7.4655E-06
 4.0000E-02 4.7053E-01 -1.6235E-01  3.3379E-06 -3.1739E-06
 4.0000E-02 4.7302E-01 -1.1586E-01 -7.1526E-06 -1.1846E-06
 4.0000E-02 4.7553E-01 -6.7377E-02  2.3842E-06 -3.4049E-06
 4.0000E-02 4.7807E-01 -1.6262E-02 -5.7220E-06  8.9779E-07
 4.0000E-02 4.8065E-01  3.7273E-02  1.9073E-06  2.6673E-06
 4.0000E-02 4.8324E-01  9.2989E-02 -9.5367E-06  7.0035E-07
 4.0000E-02 4.8587E-01  1.5065E-01  1.9073E-06  4.1425E-06
 4.0000E-02 4.8852E-01  2.0998E-01  2.8610E-06  3.6359E-06
 4.0000E-02 4.9121E-01  2.7081E-01 -1.1444E-05 -4.2915E-06
 4.0000E-02 4.9392E-01  3.3309E-01  1.0014E-05  1.5795E-06
 4.0000E-02 4.9667E-01  3.9704E-01 -2.3842E-06 -2.9802E-08
 4.0000E-02 4.9944E-01  4.6458E-01  7.1526E-06 -2.0862E-07
 4.0000E-02 5.0225E-01  5.3687E-01  8.1062E-06 -8.1062E-06
 4.0000E-02 5.0508E-01  6.1505E-01 -8.5831E-06  6.3777E-06
 4.0000E-02 5.0795E-01  7.0034E-01  2.3842E-06  3.4571E-06
 4.0000E-02 5.1086E-01  7.9397E-01  2.3842E-06 -3.0994E-06
 4.0000E-02 5.1379E-01  8.9707E-01  4.7684E-07 -3.3975E-06
 4.0000E-02 5.1676E-01  1.0104E+00 -4.2915E-06 -4.0531E-06
 4.0000E-02 5.1977E-01  1.1343E+00 -3.3379E-05 -5.4836E-06
 4.0000E-02 5.2281E-01  1.2654E+00 -2.1458E-05 -3.6955E-06
 4.0000E-02 5.2588E-01  1.3966E+00 -1.1444E-05 -2.3842E-07
 4.0000E-02 5.2899E-01  1.5256E+00 -1.1921E-05  7.2718E-06
 4.0000E-02 5.3214E-01  1.6500E+00  7.6294E-06 -1.7881E-06
 4.0000E-02 5.3533E-01  1.7675E+00  1.9073E-06 -5.8413E-06
 4.0000E-02 5.3855E-01  1.8765E+00 -3.8147E-06  1.9073E-06
 4.0000E-02 5.4182E-01  1.9755E+00  2.1458E-05  2.3842E-07
 4.0000E-02 5.4512E-01  2.0635E+00  5.2452E-06 -2.3842E-07
 4.0000E-02 5.4847E-01  2.1398E+00  1.7166E-05 -4.7684E-06
 4.0000E-02 5.5185E-01  2.2055E+00  0.0000E+00  1.1921E-06
 4.0000E-02 5.5528E-01  2.2605E+00 -1.9073E-06  2.1458E-06
 4.0000E-02 5.5875E-01  2.3051E+00  3.7193E-05 -1.0729E-05
 4.0000E-02 5.6226E-01  2.3395E+00  4.0054E-05 -7.1526E-06
 4.0000E-02 5.6582E-01  2.3641E+00 -1.4305E-06  5.0068E-06
 4.0000E-02 5.6943E-01  2.3797E+00 -2.3842E-06 -4.7684E-06
 4.0000E-02 5.7308E-01  2.3874E+00 -2.0981E-05  2.6226E-06
 4.0000E-02 5.7677E-01  2.3882E+00 -7.3910E-06  2.1458E-05
 4.0000E-02 5.8052E-01  2.3830E+00 -1.8835E-05  5.0068E-06
 4.0000E-02 5.8431E-01  2.3716E+00 -7.6294E-06 -7.1526E-07
 4.0000E-02 5.8816E-01  2.3548E+00  9.2983E-06 -4.7684E-07
 4.0000E-02 5.9205E-01  2.3332E+00  6.1989E-06 -8.8215E-06
 4.0000E-02 5.9600E-01  2.3073E+00  2.3842E-05 -7.8678E-06
 4.0000E-02 6.0000E-01  2.2780E+00 -3.5048E-05 -2.1458E-06
