 DDSCAT --- DDSCAT 7.3.3 [22.01.20]   
 TARGET --->TARGSPHER  spherical target with explicit spacing                 
 GPFAFT --- method of solution 
 FLTRCD --- prescription for polarizabilities
 FROM_FILE --- shape 
    4169 = NAT0 = number of dipoles
 ../../diel/Pena-Rioux_dielectric_26Au_74Ag                  
 ../../diel/Pena-Rioux_dielectric_34Au_66Ag                  
 ../../diel/Pena-Rioux_dielectric_52Au_48Ag                  
 ../../diel/Pena-Rioux_dielectric_76Au_24Ag                  
   0.000   0.000 = beta_min, beta_max ;  NBETA = 1
   0.000   0.000 = theta_min, theta_max; NTHETA= 1
   0.000   0.000 = phi_min, phi_max   ;   NPHI = 1
 Results averaged over    1 target orientations
                   and  2 incident polarizations
   aeff       wave       Q_pha       Q_pol       Q_cpol
 8.0000E-02 3.0000E-01 -2.0303E-01 -5.4836E-06 -9.9838E-07
 8.0000E-02 3.0101E-01 -2.0196E-01  0.0000E+00  1.4901E-07
 8.0000E-02 3.0203E-01 -2.0102E-01 -4.2915E-06  1.6391E-07
 8.0000E-02 3.0305E-01 -2.0019E-01  2.1458E-06 -7.4506E-08
 8.0000E-02 3.0408E-01 -1.9950E-01 -3.5763E-06  2.5332E-07
 8.0000E-02 3.0512E-01 -1.9893E-01  2.3842E-06  1.9372E-07
 8.0000E-02 3.0616E-01 -1.9850E-01 -4.7684E-07  1.3411E-07
 8.0000E-02 3.0722E-01 -1.9821E-01  1.4305E-06 -7.0035E-07
 8.0000E-02 3.0828E-01 -1.9808E-01  1.9073E-06  3.1292E-07
 8.0000E-02 3.0934E-01 -1.9813E-01  1.0014E-05  3.7253E-07
 8.0000E-02 3.1042E-01 -1.9832E-01 -3.3379E-06  1.7881E-07
 8.0000E-02 3.1150E-01 -1.9868E-01 -1.1921E-06  2.9802E-07
 8.0000E-02 3.1259E-01 -1.9919E-01  4.5300E-06  4.4703E-08
 8.0000E-02 3.1368E-01 -1.9988E-01  4.5300E-06  2.0862E-07
 8.0000E-02 3.1479E-01 -2.0074E-01  7.1526E-07  5.3644E-07
 8.0000E-02 3.1590E-01 -2.0178E-01 -2.3842E-06 -1.9372E-07
 8.0000E-02 3.1702E-01 -2.0302E-01  3.8147E-06  1.0431E-07
 8.0000E-02 3.1815E-01 -2.0431E-01  4.2915E-06  2.3842E-07
 8.0000E-02 3.1929E-01 -2.0580E-01  1.6689E-06 -1.4901E-07
 8.0000E-02 3.2043E-01 -2.0753E-01 -7.1526E-07  3.1292E-07
 8.0000E-02 3.2158E-01 -2.0950E-01 -1.9073E-06  2.5332E-07
 8.0000E-02 3.2274E-01 -2.1174E-01 -6.9141E-06  0.0000E+00
 8.0000E-02 3.2391E-01 -2.1425E-01 -2.3842E-07  2.6822E-07
 8.0000E-02 3.2509E-01 -2.1705E-01  1.4305E-06 -1.4901E-07
 8.0000E-02 3.2628E-01 -2.2014E-01 -7.1526E-07  7.4506E-08
 8.0000E-02 3.2747E-01 -2.2381E-01 -3.0994E-06  5.9605E-08
 8.0000E-02 3.2868E-01 -2.2784E-01  3.0994E-06  1.0431E-07
 8.0000E-02 3.2989E-01 -2.3226E-01 -2.3842E-07  1.7881E-07
 8.0000E-02 3.3111E-01 -2.3706E-01  9.5367E-07  1.9372E-07
 8.0000E-02 3.3234E-01 -2.4227E-01  1.0014E-05 -1.9372E-07
 8.0000E-02 3.3358E-01 -2.4791E-01  2.8610E-06  1.6391E-07
 8.0000E-02 3.3483E-01 -2.5399E-01 -7.1526E-07  5.9605E-08
 8.0000E-02 3.3609E-01 -2.6060E-01  3.5763E-06 -5.6624E-07
 8.0000E-02 3.3736E-01 -2.6766E-01  7.1526E-07 -4.7684E-07
 8.0000E-02 3.3864E-01 -2.7506E-01  3.8147E-06 -7.4506E-07
 8.0000E-02 3.3992E-01 -2.8279E-01  8.5831E-06  5.9605E-07
 8.0000E-02 3.4122E-01 -2.9088E-01 -4.2915E-06 -2.9802E-07
 8.0000E-02 3.4253E-01 -2.9930E-01 -2.3842E-06 -1.1027E-06
 8.0000E-02 3.4385E-01 -3.0806E-01  4.0531E-06 -5.9605E-08
 8.0000E-02 3.4517E-01 -3.1705E-01  1.4305E-06 -4.1723E-07
 8.0000E-02 3.4651E-01 -3.2610E-01  2.3842E-06 -4.4703E-07
 8.0000E-02 3.4786E-01 -3.3534E-01 -3.5763E-06 -7.7486E-07
 8.0000E-02 3.4922E-01 -3.4476E-01  4.2915E-06  4.4703E-07
 8.0000E-02 3.5059E-01 -3.5434E-01  0.0000E+00  4.7684E-07
 8.0000E-02 3.5197E-01 -3.6410E-01 -5.4836E-06  1.4901E-07
 8.0000E-02 3.5336E-01 -3.7401E-01 -9.5367E-07  2.0862E-07
 8.0000E-02 3.5476E-01 -3.8398E-01  7.1526E-07 -7.7486E-07
 8.0000E-02 3.5618E-01 -3.9404E-01  1.9073E-06 -1.4901E-07
 8.0000E-02 3.5760E-01 -4.0421E-01 -1.1921E-06 -5.3644E-07
 8.0000E-02 3.5904E-01 -4.1451E-01  1.4305E-06  8.0466E-07
 8.0000E-02 3.6048E-01 -4.2492E-01 -1.6689E-06  3.2783E-07
 8.0000E-02 3.6194E-01 -4.3544E-01 -3.0994E-06  4.7684E-07
 8.0000E-02 3.6341E-01 -4.4611E-01  8.1062E-06  7.7486E-07
 8.0000E-02 3.6490E-01 -4.5694E-01 -2.3842E-07 -8.9407E-07
 8.0000E-02 3.6639E-01 -4.6789E-01 -5.7220E-06  6.8545E-07
 8.0000E-02 3.6790E-01 -4.7895E-01 -5.7220E-06 -7.7486E-07
 8.0000E-02 3.6942E-01 -4.9011E-01 -5.2452E-06 -5.9605E-08
 8.0000E-02 3.7095E-01 -5.0140E-01 -6.6757E-06 -1.2517E-06
 8.0000E-02 3.7250E-01 -5.1281E-01  2.1458E-06  1.7881E-06
 8.0000E-02 3.7406E-01 -5.2434E-01 -5.0068E-06  7.7486E-07
 8.0000E-02 3.7563E-01 -5.3593E-01  1.2159E-05 -1.4901E-06
 8.0000E-02 3.7722E-01 -5.4756E-01  4.0531E-06 -1.9670E-06
 8.0000E-02 3.7881E-01 -5.5924E-01  2.3842E-07 -1.3113E-06
 8.0000E-02 3.8043E-01 -5.7097E-01  3.5763E-06  5.3644E-07
 8.0000E-02 3.8205E-01 -5.8268E-01 -3.3379E-06  5.9605E-08
 8.0000E-02 3.8369E-01 -5.9431E-01 -6.9141E-06 -1.2517E-06
 8.0000E-02 3.8534E-01 -6.0588E-01  6.4373E-06  2.6226E-06
 8.0000E-02 3.8701E-01 -6.1738E-01  1.4305E-06  2.9802E-07
 8.0000E-02 3.8870E-01 -6.2879E-01 -1.6689E-06  5.9605E-07
 8.0000E-02 3.9039E-01 -6.4007E-01 -6.1989E-06 -5.9605E-07
 8.0000E-02 3.9211E-01 -6.5113E-01 -1.4305E-06 -1.6093E-06
 8.0000E-02 3.9383E-01 -6.6200E-01 -1.6689E-06 -2.2054E-06
 8.0000E-02 3.9558E-01 -6.7265E-01  9.5367E-07 -8.9407E-07
 8.0000E-02 3.9733E-01 -6.8304E-01  3.3379E-06  2.4438E-06
 8.0000E-02 3.9911E-01 -6.9310E-01  8.1062E-06 -1.4305E-06
 8.0000E-02 4.0090E-01 -7.0283E-01 -2.2411E-05  8.3447E-06
 8.0000E-02 4.0270E-01 -7.1216E-01 -9.2983E-06 -1.4305E-06
 8.0000E-02 4.0452E-01 -7.2107E-01 -2.3842E-06 -7.1526E-06
 8.0000E-02 4.0636E-01 -7.2948E-01 -8.5831E-06 -1.8477E-06
 8.0000E-02 4.0822E-01 -7.3733E-01 -7.1526E-07  1.7881E-06
 8.0000E-02 4.1009E-01 -7.4459E-01 -1.5020E-05  4.1723E-06
 8.0000E-02 4.1198E-01 -7.5119E-01  4.2915E-06  7.3910E-06
 8.0000E-02 4.1389E-01 -7.5704E-01 -8.5831E-06 -8.4639E-06
 8.0000E-02 4.1581E-01 -7.6207E-01  4.2915E-06 -4.0531E-06
 8.0000E-02 4.1776E-01 -7.6614E-01  2.4796E-05  1.6093E-06
 8.0000E-02 4.1972E-01 -7.6917E-01 -7.1526E-06  2.5630E-06
 8.0000E-02 4.2170E-01 -7.7102E-01  5.4836E-06  2.3842E-07
 8.0000E-02 4.2370E-01 -7.7153E-01  2.2888E-05 -2.5034E-06
 8.0000E-02 4.2571E-01 -7.7051E-01 -2.0027E-05 -5.9605E-07
 8.0000E-02 4.2775E-01 -7.6777E-01  1.0967E-05 -1.1325E-06
 8.0000E-02 4.2981E-01 -7.6316E-01  1.0490E-05 -6.5565E-06
 8.0000E-02 4.3188E-01 -7.5655E-01 -3.0994E-06 -7.1526E-07
 8.0000E-02 4.3398E-01 -7.4780E-01  0.0000E+00 -4.7088E-06
 8.0000E-02 4.3610E-01 -7.3681E-01  4.2915E-06  8.5831E-06
 8.0000E-02 4.3824E-01 -7.2356E-01 -2.8610E-05  1.7285E-06
 8.0000E-02 4.4039E-01 -7.0815E-01  1.7643E-05 -7.1526E-07
 8.0000E-02 4.4257E-01 -6.9056E-01  8.5831E-06 -3.1590E-06
 8.0000E-02 4.4478E-01 -6.7087E-01  9.5367E-07 -3.4571E-06
 8.0000E-02 4.4700E-01 -6.4923E-01  2.7657E-05  3.3975E-06
 8.0000E-02 4.4925E-01 -6.2582E-01 -4.2915E-06  3.0398E-06
 8.0000E-02 4.5152E-01 -6.0079E-01 -1.8120E-05  2.4438E-06
 8.0000E-02 4.5381E-01 -5.7428E-01  0.0000E+00 -3.7551E-06
 8.0000E-02 4.5612E-01 -5.4659E-01 -1.6212E-05 -1.3530E-05
 8.0000E-02 4.5846E-01 -5.1796E-01 -1.6689E-05  9.3579E-06
 8.0000E-02 4.6082E-01 -4.8869E-01 -4.7684E-06  6.7949E-06
 8.0000E-02 4.6321E-01 -4.5906E-01  2.2888E-05  4.4703E-07
 8.0000E-02 4.6563E-01 -4.2946E-01  3.8147E-06 -3.8743E-06
 8.0000E-02 4.6806E-01 -4.0003E-01 -1.4305E-06  2.0862E-07
 8.0000E-02 4.7053E-01 -3.7085E-01  4.7684E-07  3.6955E-06
 8.0000E-02 4.7302E-01 -3.4178E-01 -5.2452E-06 -1.8388E-05
 8.0000E-02 4.7553E-01 -3.1239E-01  1.8120E-05 -5.4538E-06
 8.0000E-02 4.7807E-01 -2.8218E-01 -1.7166E-05  8.4937E-06
 8.0000E-02 4.8065E-01 -2.5056E-01  1.4305E-05  2.7686E-05
 8.0000E-02 4.8324E-01 -2.1685E-01  1.9073E-06  1.5944E-06
 8.0000E-02 4.8587E-01 -1.8048E-01 -6.6757E-06 -4.1768E-05
 8.0000E-02 4.8852E-01 -1.4105E-01  5.5790E-05  1.4797E-05
 8.0000E-02 4.9121E-01 -9.8395E-02  1.2875E-05  7.3537E-06
 8.0000E-02 4.9392E-01 -5.2716E-02  2.7657E-05 -3.4921E-05
 8.0000E-02 4.9667E-01 -4.5621E-03  1.4305E-06 -3.4122E-05
 8.0000E-02 4.9944E-01  4.5367E-02 -6.6757E-06  6.4336E-06
 8.0000E-02 5.0225E-01  9.6270E-02  8.1062E-06  6.3255E-06
 8.0000E-02 5.0508E-01  1.4744E-01  2.3365E-05  8.3297E-06
 8.0000E-02 5.0795E-01  1.9828E-01 -5.7220E-06 -1.8194E-05
 8.0000E-02 5.1086E-01  2.4811E-01  1.2875E-05  9.6709E-06
 8.0000E-02 5.1379E-01  2.9624E-01  1.7166E-05 -9.6858E-06
 8.0000E-02 5.1676E-01  3.4191E-01 -2.5272E-05  2.0236E-05
 8.0000E-02 5.1977E-01  3.8426E-01  3.8147E-06 -2.0862E-06
 8.0000E-02 5.2281E-01  4.2265E-01  1.2875E-05  1.3620E-05
 8.0000E-02 5.2588E-01  4.5644E-01 -3.8147E-05 -3.5375E-05
 8.0000E-02 5.2899E-01  4.8496E-01 -1.9073E-05  1.8954E-05
 8.0000E-02 5.3214E-01  5.0784E-01 -2.3365E-05 -1.5140E-05
 8.0000E-02 5.3533E-01  5.2512E-01 -2.5749E-05 -1.2398E-05
 8.0000E-02 5.3855E-01  5.3732E-01  1.3351E-05  7.5698E-06
 8.0000E-02 5.4182E-01  5.4539E-01 -1.9073E-05 -1.5199E-05
 8.0000E-02 5.4512E-01  5.5030E-01  3.6240E-05  2.9802E-07
 8.0000E-02 5.4847E-01  5.5291E-01 -3.0994E-05  6.7353E-06
 8.0000E-02 5.5185E-01  5.5394E-01  1.4305E-06 -1.9491E-05
 8.0000E-02 5.5528E-01  5.5385E-01  1.5259E-05 -1.5914E-05
 8.0000E-02 5.5875E-01  5.5280E-01 -2.1458E-05 -8.3447E-06
 8.0000E-02 5.6226E-01  5.5084E-01 -1.2875E-05 -1.0133E-06
 8.0000E-02 5.6582E-01  5.4787E-01 -9.5367E-06 -1.1325E-06
 8.0000E-02 5.6943E-01  5.4376E-01  1.3351E-05 -1.9670E-06
 8.0000E-02 5.7308E-01  5.3845E-01  8.1062E-06 -2.7418E-06
 8.0000E-02 5.7677E-01  5.3196E-01 -3.8147E-05 -1.5676E-05
 8.0000E-02 5.8052E-01  5.2425E-01  1.2875E-05 -3.1233E-05
 8.0000E-02 5.8431E-01  5.1476E-01 -5.9605E-05  2.3723E-05
 8.0000E-02 5.8816E-01  5.0260E-01 -9.6560E-05 -5.1260E-06
 8.0000E-02 5.9205E-01  4.8692E-01  1.0490E-05 -1.9222E-05
 8.0000E-02 5.9600E-01  4.6746E-01 -5.8889E-05  3.2336E-05
 8.0000E-02 6.0000E-01  4.4472E-01  7.6771E-05  2.0891E-05
