 DDSCAT --- DDSCAT 7.3.3 [22.01.20]   
 TARGET --->TARGSPHER  spherical target with explicit spacing                 
 GPFAFT --- method of solution 
 FLTRCD --- prescription for polarizabilities
 FROM_FILE --- shape 
    4169 = NAT0 = number of dipoles
 ../../diel/Pena-Rioux_dielectric_26Au_74Ag                  
 ../../diel/Pena-Rioux_dielectric_34Au_66Ag                  
 ../../diel/Pena-Rioux_dielectric_52Au_48Ag                  
 ../../diel/Pena-Rioux_dielectric_76Au_24Ag                  
   0.000   0.000 = beta_min, beta_max ;  NBETA = 1
   0.000   0.000 = theta_min, theta_max; NTHETA= 1
   0.000   0.000 = phi_min, phi_max   ;   NPHI = 1
 0.5000 = ETASCA (param. controlling # of scatt. dirs used to calculate <cos> etc.
 Results averaged over    1 target orientations
                   and  2 incident polarizations
   aeff       wave       Q_ext     Q_abs      Q_sca     g(1)=<cos>  <cos^2>    Q_bk       Nsca
 8.0000E-02 3.0000E-01 2.7171E+00 1.5295E+00 1.1876E+00  6.5134E-01 6.1608E-01 2.5725E-02   656
 8.0000E-02 3.0101E-01 2.7126E+00 1.5307E+00 1.1819E+00  6.5093E-01 6.1492E-01 2.5577E-02   656
 8.0000E-02 3.0203E-01 2.7078E+00 1.5318E+00 1.1761E+00  6.5053E-01 6.1374E-01 2.5411E-02   656
 8.0000E-02 3.0305E-01 2.7030E+00 1.5328E+00 1.1702E+00  6.5011E-01 6.1254E-01 2.5227E-02   656
 8.0000E-02 3.0408E-01 2.6979E+00 1.5337E+00 1.1642E+00  6.4969E-01 6.1133E-01 2.5024E-02   656
 8.0000E-02 3.0512E-01 2.6926E+00 1.5345E+00 1.1581E+00  6.4926E-01 6.1009E-01 2.4804E-02   656
 8.0000E-02 3.0616E-01 2.6871E+00 1.5353E+00 1.1519E+00  6.4883E-01 6.0884E-01 2.4566E-02   656
 8.0000E-02 3.0722E-01 2.6815E+00 1.5359E+00 1.1456E+00  6.4839E-01 6.0757E-01 2.4311E-02   656
 8.0000E-02 3.0828E-01 2.6757E+00 1.5365E+00 1.1392E+00  6.4793E-01 6.0628E-01 2.4041E-02   656
 8.0000E-02 3.0934E-01 2.6699E+00 1.5369E+00 1.1330E+00  6.4743E-01 6.0495E-01 2.3766E-02   656
 8.0000E-02 3.1042E-01 2.6640E+00 1.5373E+00 1.1268E+00  6.4690E-01 6.0360E-01 2.3478E-02   656
 8.0000E-02 3.1150E-01 2.6580E+00 1.5375E+00 1.1205E+00  6.4634E-01 6.0223E-01 2.3181E-02   656
 8.0000E-02 3.1259E-01 2.6519E+00 1.5376E+00 1.1143E+00  6.4575E-01 6.0083E-01 2.2872E-02   656
 8.0000E-02 3.1368E-01 2.6456E+00 1.5376E+00 1.1080E+00  6.4513E-01 5.9940E-01 2.2555E-02   656
 8.0000E-02 3.1479E-01 2.6392E+00 1.5375E+00 1.1016E+00  6.4448E-01 5.9795E-01 2.2228E-02   656
 8.0000E-02 3.1590E-01 2.6326E+00 1.5373E+00 1.0953E+00  6.4378E-01 5.9647E-01 2.1893E-02   656
 8.0000E-02 3.1702E-01 2.6259E+00 1.5369E+00 1.0889E+00  6.4305E-01 5.9497E-01 2.1551E-02   656
 8.0000E-02 3.1815E-01 2.6189E+00 1.5364E+00 1.0825E+00  6.4226E-01 5.9343E-01 2.1202E-02   656
 8.0000E-02 3.1929E-01 2.6118E+00 1.5358E+00 1.0761E+00  6.4143E-01 5.9186E-01 2.0848E-02   656
 8.0000E-02 3.2043E-01 2.6046E+00 1.5350E+00 1.0696E+00  6.4053E-01 5.9027E-01 2.0493E-02   656
 8.0000E-02 3.2158E-01 2.5973E+00 1.5340E+00 1.0633E+00  6.3959E-01 5.8865E-01 2.0135E-02   657
 8.0000E-02 3.2274E-01 2.5898E+00 1.5329E+00 1.0569E+00  6.3858E-01 5.8700E-01 1.9776E-02   657
 8.0000E-02 3.2391E-01 2.5822E+00 1.5316E+00 1.0506E+00  6.3760E-01 5.8544E-01 1.9418E-02   602
 8.0000E-02 3.2509E-01 2.5745E+00 1.5302E+00 1.0443E+00  6.3647E-01 5.8373E-01 1.9062E-02   602
 8.0000E-02 3.2628E-01 2.5667E+00 1.5286E+00 1.0381E+00  6.3526E-01 5.8200E-01 1.8708E-02   602
 8.0000E-02 3.2747E-01 2.5584E+00 1.5266E+00 1.0318E+00  6.3399E-01 5.8024E-01 1.8351E-02   602
 8.0000E-02 3.2868E-01 2.5502E+00 1.5245E+00 1.0257E+00  6.3264E-01 5.7846E-01 1.8006E-02   602
 8.0000E-02 3.2989E-01 2.5421E+00 1.5222E+00 1.0199E+00  6.3120E-01 5.7665E-01 1.7674E-02   602
 8.0000E-02 3.3111E-01 2.5341E+00 1.5197E+00 1.0144E+00  6.2967E-01 5.7481E-01 1.7355E-02   602
 8.0000E-02 3.3234E-01 2.5264E+00 1.5171E+00 1.0093E+00  6.2804E-01 5.7295E-01 1.7053E-02   603
 8.0000E-02 3.3358E-01 2.5188E+00 1.5143E+00 1.0046E+00  6.2632E-01 5.7107E-01 1.6767E-02   603
 8.0000E-02 3.3483E-01 2.5115E+00 1.5113E+00 1.0003E+00  6.2449E-01 5.6916E-01 1.6500E-02   603
 8.0000E-02 3.3609E-01 2.5049E+00 1.5082E+00 9.9671E-01  6.2253E-01 5.6722E-01 1.6264E-02   603
 8.0000E-02 3.3736E-01 2.4991E+00 1.5050E+00 9.9411E-01  6.2044E-01 5.6526E-01 1.6063E-02   604
 8.0000E-02 3.3864E-01 2.4940E+00 1.5018E+00 9.9218E-01  6.1824E-01 5.6328E-01 1.5887E-02   604
 8.0000E-02 3.3992E-01 2.4895E+00 1.4985E+00 9.9095E-01  6.1594E-01 5.6129E-01 1.5739E-02   604
 8.0000E-02 3.4122E-01 2.4856E+00 1.4952E+00 9.9047E-01  6.1352E-01 5.5928E-01 1.5620E-02   604
 8.0000E-02 3.4253E-01 2.4825E+00 1.4917E+00 9.9077E-01  6.1099E-01 5.5725E-01 1.5530E-02   604
 8.0000E-02 3.4385E-01 2.4801E+00 1.4883E+00 9.9189E-01  6.0834E-01 5.5521E-01 1.5472E-02   604
 8.0000E-02 3.4517E-01 2.4787E+00 1.4848E+00 9.9389E-01  6.0559E-01 5.5316E-01 1.5446E-02   604
 8.0000E-02 3.4651E-01 2.4782E+00 1.4815E+00 9.9671E-01  6.0276E-01 5.5111E-01 1.5449E-02   605
 8.0000E-02 3.4786E-01 2.4784E+00 1.4781E+00 1.0003E+00  5.9983E-01 5.4906E-01 1.5481E-02   605
 8.0000E-02 3.4922E-01 2.4794E+00 1.4748E+00 1.0046E+00  5.9680E-01 5.4700E-01 1.5542E-02   605
 8.0000E-02 3.5059E-01 2.4812E+00 1.4715E+00 1.0098E+00  5.9369E-01 5.4494E-01 1.5634E-02   605
 8.0000E-02 3.5197E-01 2.4839E+00 1.4682E+00 1.0158E+00  5.9049E-01 5.4288E-01 1.5756E-02   605
 8.0000E-02 3.5336E-01 2.4875E+00 1.4649E+00 1.0226E+00  5.8720E-01 5.4082E-01 1.5912E-02   606
 8.0000E-02 3.5476E-01 2.4917E+00 1.4616E+00 1.0301E+00  5.8384E-01 5.3876E-01 1.6092E-02   606
 8.0000E-02 3.5618E-01 2.4966E+00 1.4584E+00 1.0382E+00  5.8041E-01 5.3671E-01 1.6300E-02   606
 8.0000E-02 3.5760E-01 2.5022E+00 1.4551E+00 1.0471E+00  5.7701E-01 5.3478E-01 1.6538E-02   551
 8.0000E-02 3.5904E-01 2.5087E+00 1.4519E+00 1.0568E+00  5.7343E-01 5.3273E-01 1.6809E-02   551
 8.0000E-02 3.6048E-01 2.5159E+00 1.4486E+00 1.0673E+00  5.6977E-01 5.3069E-01 1.7113E-02   551
 8.0000E-02 3.6194E-01 2.5240E+00 1.4454E+00 1.0786E+00  5.6605E-01 5.2866E-01 1.7451E-02   551
 8.0000E-02 3.6341E-01 2.5329E+00 1.4422E+00 1.0907E+00  5.6226E-01 5.2663E-01 1.7824E-02   551
 8.0000E-02 3.6490E-01 2.5425E+00 1.4388E+00 1.1037E+00  5.5839E-01 5.2460E-01 1.8233E-02   551
 8.0000E-02 3.6639E-01 2.5529E+00 1.4355E+00 1.1174E+00  5.5446E-01 5.2259E-01 1.8680E-02   551
 8.0000E-02 3.6790E-01 2.5643E+00 1.4322E+00 1.1321E+00  5.5048E-01 5.2059E-01 1.9167E-02   551
 8.0000E-02 3.6942E-01 2.5767E+00 1.4290E+00 1.1477E+00  5.4646E-01 5.1861E-01 1.9693E-02   551
 8.0000E-02 3.7095E-01 2.5900E+00 1.4258E+00 1.1642E+00  5.4239E-01 5.1665E-01 2.0260E-02   551
 8.0000E-02 3.7250E-01 2.6043E+00 1.4227E+00 1.1817E+00  5.3829E-01 5.1471E-01 2.0873E-02   551
 8.0000E-02 3.7406E-01 2.6199E+00 1.4196E+00 1.2003E+00  5.3415E-01 5.1279E-01 2.1535E-02   552
 8.0000E-02 3.7563E-01 2.6366E+00 1.4167E+00 1.2199E+00  5.3001E-01 5.1089E-01 2.2239E-02   552
 8.0000E-02 3.7722E-01 2.6544E+00 1.4139E+00 1.2405E+00  5.2586E-01 5.0902E-01 2.2989E-02   552
 8.0000E-02 3.7881E-01 2.6734E+00 1.4112E+00 1.2622E+00  5.2172E-01 5.0719E-01 2.3782E-02   552
 8.0000E-02 3.8043E-01 2.6937E+00 1.4088E+00 1.2850E+00  5.1760E-01 5.0539E-01 2.4622E-02   552
 8.0000E-02 3.8205E-01 2.7154E+00 1.4066E+00 1.3088E+00  5.1350E-01 5.0361E-01 2.5508E-02   552
 8.0000E-02 3.8369E-01 2.7384E+00 1.4047E+00 1.3337E+00  5.0945E-01 5.0188E-01 2.6435E-02   552
 8.0000E-02 3.8534E-01 2.7627E+00 1.4030E+00 1.3597E+00  5.0545E-01 5.0018E-01 2.7404E-02   552
 8.0000E-02 3.8701E-01 2.7885E+00 1.4017E+00 1.3868E+00  5.0150E-01 4.9851E-01 2.8415E-02   552
 8.0000E-02 3.8870E-01 2.8157E+00 1.4008E+00 1.4150E+00  4.9762E-01 4.9688E-01 2.9468E-02   552
 8.0000E-02 3.9039E-01 2.8445E+00 1.4002E+00 1.4444E+00  4.9381E-01 4.9528E-01 3.0562E-02   552
 8.0000E-02 3.9211E-01 2.8747E+00 1.4000E+00 1.4747E+00  4.9009E-01 4.9372E-01 3.1689E-02   552
 8.0000E-02 3.9383E-01 2.9065E+00 1.4002E+00 1.5062E+00  4.8645E-01 4.9219E-01 3.2851E-02   552
 8.0000E-02 3.9558E-01 2.9398E+00 1.4010E+00 1.5388E+00  4.8290E-01 4.9069E-01 3.4043E-02   552
 8.0000E-02 3.9733E-01 2.9747E+00 1.4022E+00 1.5726E+00  4.7946E-01 4.8921E-01 3.5265E-02   552
 8.0000E-02 3.9911E-01 3.0114E+00 1.4039E+00 1.6075E+00  4.7612E-01 4.8777E-01 3.6515E-02   552
 8.0000E-02 4.0090E-01 3.0498E+00 1.4062E+00 1.6436E+00  4.7302E-01 4.8648E-01 3.7781E-02   499
 8.0000E-02 4.0270E-01 3.0899E+00 1.4091E+00 1.6808E+00  4.6991E-01 4.8507E-01 3.9061E-02   499
 8.0000E-02 4.0452E-01 3.1317E+00 1.4125E+00 1.7192E+00  4.6694E-01 4.8368E-01 4.0342E-02   499
 8.0000E-02 4.0636E-01 3.1754E+00 1.4166E+00 1.7588E+00  4.6410E-01 4.8230E-01 4.1616E-02   499
 8.0000E-02 4.0822E-01 3.2209E+00 1.4214E+00 1.7995E+00  4.6141E-01 4.8093E-01 4.2869E-02   499
 8.0000E-02 4.1009E-01 3.2684E+00 1.4269E+00 1.8415E+00  4.5888E-01 4.7955E-01 4.4084E-02   499
 8.0000E-02 4.1198E-01 3.3177E+00 1.4330E+00 1.8847E+00  4.5651E-01 4.7817E-01 4.5241E-02   499
 8.0000E-02 4.1389E-01 3.3690E+00 1.4399E+00 1.9291E+00  4.5431E-01 4.7677E-01 4.6319E-02   499
 8.0000E-02 4.1581E-01 3.4223E+00 1.4476E+00 1.9747E+00  4.5230E-01 4.7534E-01 4.7293E-02   500
 8.0000E-02 4.1776E-01 3.4778E+00 1.4561E+00 2.0217E+00  4.5047E-01 4.7387E-01 4.8141E-02   500
 8.0000E-02 4.1972E-01 3.5353E+00 1.4653E+00 2.0700E+00  4.4883E-01 4.7236E-01 4.8833E-02   501
 8.0000E-02 4.2170E-01 3.5949E+00 1.4754E+00 2.1195E+00  4.4736E-01 4.7079E-01 4.9343E-02   501
 8.0000E-02 4.2370E-01 3.6565E+00 1.4861E+00 2.1704E+00  4.4606E-01 4.6915E-01 4.9647E-02   501
 8.0000E-02 4.2571E-01 3.7200E+00 1.4976E+00 2.2225E+00  4.4490E-01 4.6743E-01 4.9716E-02   501
 8.0000E-02 4.2775E-01 3.7854E+00 1.5096E+00 2.2758E+00  4.4386E-01 4.6561E-01 4.9532E-02   501
 8.0000E-02 4.2981E-01 3.8521E+00 1.5222E+00 2.3300E+00  4.4290E-01 4.6369E-01 4.9071E-02   501
 8.0000E-02 4.3188E-01 3.9199E+00 1.5351E+00 2.3849E+00  4.4199E-01 4.6166E-01 4.8320E-02   501
 8.0000E-02 4.3398E-01 3.9884E+00 1.5482E+00 2.4403E+00  4.4109E-01 4.5951E-01 4.7270E-02   501
 8.0000E-02 4.3610E-01 4.0572E+00 1.5614E+00 2.4958E+00  4.4015E-01 4.5726E-01 4.5915E-02   501
 8.0000E-02 4.3824E-01 4.1255E+00 1.5746E+00 2.5510E+00  4.3917E-01 4.5490E-01 4.4260E-02   501
 8.0000E-02 4.4039E-01 4.1931E+00 1.5876E+00 2.6055E+00  4.3809E-01 4.5244E-01 4.2326E-02   501
 8.0000E-02 4.4257E-01 4.2594E+00 1.6004E+00 2.6590E+00  4.3691E-01 4.4991E-01 4.0133E-02   501
 8.0000E-02 4.4478E-01 4.3239E+00 1.6128E+00 2.7111E+00  4.3560E-01 4.4731E-01 3.7718E-02   501
 8.0000E-02 4.4700E-01 4.3864E+00 1.6249E+00 2.7615E+00  4.3414E-01 4.4466E-01 3.5124E-02   501
 8.0000E-02 4.4925E-01 4.4463E+00 1.6364E+00 2.8099E+00  4.3250E-01 4.4199E-01 3.2420E-02   501
 8.0000E-02 4.5152E-01 4.5034E+00 1.6473E+00 2.8561E+00  4.3065E-01 4.3930E-01 2.9661E-02   501
 8.0000E-02 4.5381E-01 4.5575E+00 1.6576E+00 2.8999E+00  4.2859E-01 4.3663E-01 2.6919E-02   501
 8.0000E-02 4.5612E-01 4.6082E+00 1.6670E+00 2.9412E+00  4.2643E-01 4.3413E-01 2.4267E-02   452
 8.0000E-02 4.5846E-01 4.6555E+00 1.6756E+00 2.9800E+00  4.2388E-01 4.3153E-01 2.1771E-02   452
 8.0000E-02 4.6082E-01 4.6995E+00 1.6833E+00 3.0162E+00  4.2109E-01 4.2900E-01 1.9491E-02   452
 8.0000E-02 4.6321E-01 4.7401E+00 1.6902E+00 3.0499E+00  4.1806E-01 4.2655E-01 1.7477E-02   452
 8.0000E-02 4.6563E-01 4.7778E+00 1.6964E+00 3.0814E+00  4.1482E-01 4.2420E-01 1.5762E-02   452
 8.0000E-02 4.6806E-01 4.8136E+00 1.7020E+00 3.1116E+00  4.1144E-01 4.2195E-01 1.4346E-02   452
 8.0000E-02 4.7053E-01 4.8481E+00 1.7072E+00 3.1408E+00  4.0796E-01 4.1981E-01 1.3212E-02   452
 8.0000E-02 4.7302E-01 4.8823E+00 1.7123E+00 3.1700E+00  4.0444E-01 4.1777E-01 1.2325E-02   452
 8.0000E-02 4.7553E-01 4.9170E+00 1.7171E+00 3.1999E+00  4.0093E-01 4.1581E-01 1.1650E-02   452
 8.0000E-02 4.7807E-01 4.9527E+00 1.7217E+00 3.2310E+00  3.9739E-01 4.1390E-01 1.1171E-02   452
 8.0000E-02 4.8065E-01 4.9892E+00 1.7257E+00 3.2635E+00  3.9381E-01 4.1201E-01 1.0896E-02   452
 8.0000E-02 4.8324E-01 5.0262E+00 1.7286E+00 3.2976E+00  3.9010E-01 4.1013E-01 1.0876E-02   452
 8.0000E-02 4.8587E-01 5.0627E+00 1.7296E+00 3.3331E+00  3.8613E-01 4.0822E-01 1.1204E-02   452
 8.0000E-02 4.8852E-01 5.0972E+00 1.7279E+00 3.3693E+00  3.8174E-01 4.0628E-01 1.2012E-02   452
 8.0000E-02 4.9121E-01 5.1279E+00 1.7225E+00 3.4054E+00  3.7680E-01 4.0430E-01 1.3457E-02   452
 8.0000E-02 4.9392E-01 5.1529E+00 1.7127E+00 3.4402E+00  3.7114E-01 4.0229E-01 1.5704E-02   452
 8.0000E-02 4.9667E-01 5.1705E+00 1.6978E+00 3.4727E+00  3.6467E-01 4.0026E-01 1.8885E-02   452
 8.0000E-02 4.9944E-01 5.1797E+00 1.6777E+00 3.5020E+00  3.5735E-01 3.9825E-01 2.3089E-02   452
 8.0000E-02 5.0225E-01 5.1798E+00 1.6523E+00 3.5275E+00  3.4919E-01 3.9628E-01 2.8347E-02   452
 8.0000E-02 5.0508E-01 5.1707E+00 1.6219E+00 3.5488E+00  3.4021E-01 3.9435E-01 3.4649E-02   452
 8.0000E-02 5.0795E-01 5.1522E+00 1.5867E+00 3.5655E+00  3.3045E-01 3.9248E-01 4.1967E-02   452
 8.0000E-02 5.1086E-01 5.1242E+00 1.5472E+00 3.5770E+00  3.1996E-01 3.9069E-01 5.0259E-02   452
 8.0000E-02 5.1379E-01 5.0869E+00 1.5038E+00 3.5831E+00  3.0877E-01 3.8898E-01 5.9477E-02   453
 8.0000E-02 5.1676E-01 5.0405E+00 1.4570E+00 3.5834E+00  2.9691E-01 3.8738E-01 6.9573E-02   453
 8.0000E-02 5.1977E-01 4.9856E+00 1.4077E+00 3.5779E+00  2.8445E-01 3.8590E-01 8.0459E-02   453
 8.0000E-02 5.2281E-01 4.9235E+00 1.3565E+00 3.5670E+00  2.7148E-01 3.8457E-01 9.2035E-02   453
 8.0000E-02 5.2588E-01 4.8553E+00 1.3043E+00 3.5510E+00  2.5805E-01 3.8341E-01 1.0421E-01   453
 8.0000E-02 5.2899E-01 4.7827E+00 1.2520E+00 3.5307E+00  2.4437E-01 3.8256E-01 1.1688E-01   407
 8.0000E-02 5.3214E-01 4.7080E+00 1.2008E+00 3.5073E+00  2.3036E-01 3.8179E-01 1.2985E-01   407
 8.0000E-02 5.3533E-01 4.6340E+00 1.1519E+00 3.4821E+00  2.1640E-01 3.8125E-01 1.4288E-01   407
 8.0000E-02 5.3855E-01 4.5629E+00 1.1066E+00 3.4564E+00  2.0272E-01 3.8092E-01 1.5573E-01   407
 8.0000E-02 5.4182E-01 4.4965E+00 1.0654E+00 3.4311E+00  1.8952E-01 3.8081E-01 1.6818E-01   407
 8.0000E-02 5.4512E-01 4.4355E+00 1.0288E+00 3.4066E+00  1.7694E-01 3.8086E-01 1.8007E-01   407
 8.0000E-02 5.4847E-01 4.3798E+00 9.9698E-01 3.3829E+00  1.6506E-01 3.8105E-01 1.9128E-01   408
 8.0000E-02 5.5185E-01 4.3292E+00 9.6983E-01 3.3594E+00  1.5390E-01 3.8134E-01 2.0172E-01   408
 8.0000E-02 5.5528E-01 4.2827E+00 9.4727E-01 3.3354E+00  1.4345E-01 3.8170E-01 2.1134E-01   408
 8.0000E-02 5.5875E-01 4.2397E+00 9.2942E-01 3.3103E+00  1.3368E-01 3.8211E-01 2.2009E-01   408
 8.0000E-02 5.6226E-01 4.1996E+00 9.1625E-01 3.2833E+00  1.2457E-01 3.8255E-01 2.2795E-01   408
 8.0000E-02 5.6582E-01 4.1620E+00 9.0792E-01 3.2540E+00  1.1611E-01 3.8302E-01 2.3488E-01   408
 8.0000E-02 5.6943E-01 4.1267E+00 9.0455E-01 3.2221E+00  1.0828E-01 3.8350E-01 2.4086E-01   408
 8.0000E-02 5.7308E-01 4.0939E+00 9.0609E-01 3.1878E+00  1.0107E-01 3.8400E-01 2.4592E-01   408
 8.0000E-02 5.7677E-01 4.0637E+00 9.1232E-01 3.1514E+00  9.4465E-02 3.8451E-01 2.5010E-01   408
 8.0000E-02 5.8052E-01 4.0354E+00 9.2311E-01 3.1123E+00  8.8440E-02 3.8500E-01 2.5339E-01   408
 8.0000E-02 5.8431E-01 4.0088E+00 9.3821E-01 3.0705E+00  8.2930E-02 3.8549E-01 2.5587E-01   408
 8.0000E-02 5.8816E-01 3.9842E+00 9.5696E-01 3.0273E+00  7.7848E-02 3.8596E-01 2.5777E-01   408
 8.0000E-02 5.9205E-01 3.9637E+00 9.7811E-01 2.9856E+00  7.3101E-02 3.8644E-01 2.5954E-01   408
 8.0000E-02 5.9600E-01 3.9506E+00 9.9970E-01 2.9509E+00  6.8600E-02 3.8697E-01 2.6178E-01   408
 8.0000E-02 6.0000E-01 3.9484E+00 1.0196E+00 2.9288E+00  6.4276E-02 3.8757E-01 2.6515E-01   408
