 DDSCAT --- DDSCAT 7.3.3 [22.01.20]   
 TARGET --- Cyl.w.caps, NAT=   9272 NFAC= 156 NLAY=  50 cyl.asp.ratio= 3.5477 
 GPFAFT --- method of solution 
 GKDLDR --- prescription for polarizabilities
 CYLNDRCAP --- shape 
    9272 = NAT0 = number of dipoles
 ../diel/Au_evap                                             
   0.000   0.000 = beta_min, beta_max ;  NBETA = 1
   0.000  90.000 = theta_min, theta_max; NTHETA= 6
   0.000   0.000 = phi_min, phi_max   ;   NPHI = 1
 Results averaged over    6 target orientations
                   and  2 incident polarizations
   aeff       wave       Q_pha       Q_pol       Q_cpol
 6.4800E-03 4.8000E-01  6.0206E-02  1.1610E-01 -1.7440E-01
 6.4800E-03 4.8403E-01  5.8430E-02  1.0014E-01 -1.7826E-01
 6.4800E-03 4.8806E-01  5.7048E-02  8.3858E-02 -1.8358E-01
 6.4800E-03 4.9209E-01  5.6212E-02  6.7139E-02 -1.9050E-01
 6.4800E-03 4.9612E-01  5.6157E-02  4.9824E-02 -1.9946E-01
 6.4800E-03 5.0016E-01  5.8060E-02  3.1723E-02 -2.1479E-01
 6.4800E-03 5.0419E-01  6.1373E-02  1.5911E-02 -2.3152E-01
 6.4800E-03 5.0822E-01  6.6019E-02  3.2450E-03 -2.4964E-01
 6.4800E-03 5.1225E-01  7.1762E-02 -5.3365E-03 -2.6902E-01
 6.4800E-03 5.1628E-01  7.8177E-02 -8.9256E-03 -2.8933E-01
 6.4800E-03 5.2031E-01  8.4652E-02 -6.7937E-03 -3.1004E-01
 6.4800E-03 5.2434E-01  8.8053E-02  7.0860E-03 -3.2535E-01
 6.4800E-03 5.2837E-01  8.9628E-02  2.4401E-02 -3.3809E-01
 6.4800E-03 5.3240E-01  8.9732E-02  4.3259E-02 -3.4892E-01
 6.4800E-03 5.3643E-01  8.8457E-02  6.2902E-02 -3.5770E-01
 6.4800E-03 5.4047E-01  8.5996E-02  8.2429E-02 -3.6440E-01
 6.4800E-03 5.4450E-01  8.2586E-02  1.0077E-01 -3.6909E-01
 6.4800E-03 5.4853E-01  7.8421E-02  1.1677E-01 -3.7208E-01
 6.4800E-03 5.5256E-01  7.4362E-02  1.2805E-01 -3.7425E-01
 6.4800E-03 5.5659E-01  6.9830E-02  1.3573E-01 -3.7591E-01
 6.4800E-03 5.6062E-01  6.4708E-02  1.3979E-01 -3.7766E-01
 6.4800E-03 5.6465E-01  5.8897E-02  1.4073E-01 -3.8008E-01
 6.4800E-03 5.6868E-01  5.2380E-02  1.3942E-01 -3.8354E-01
 6.4800E-03 5.7271E-01  4.5244E-02  1.3683E-01 -3.8818E-01
 6.4800E-03 5.7674E-01  3.7647E-02  1.3377E-01 -3.9396E-01
 6.4800E-03 5.8078E-01  2.9762E-02  1.3086E-01 -4.0076E-01
 6.4800E-03 5.8481E-01  2.1437E-02  1.2894E-01 -4.0873E-01
 6.4800E-03 5.8884E-01  1.2924E-02  1.2800E-01 -4.1753E-01
 6.4800E-03 5.9287E-01  4.3648E-03  1.2792E-01 -4.2676E-01
 6.4800E-03 5.9690E-01 -4.2442E-03  1.2854E-01 -4.3619E-01
 6.4800E-03 6.0093E-01 -1.2861E-02  1.2957E-01 -4.4567E-01
 6.4800E-03 6.0496E-01 -2.1421E-02  1.3062E-01 -4.5516E-01
 6.4800E-03 6.0899E-01 -2.9900E-02  1.3131E-01 -4.6473E-01
 6.4800E-03 6.1302E-01 -3.8356E-02  1.3146E-01 -4.7457E-01
 6.4800E-03 6.1705E-01 -4.6847E-02  1.3111E-01 -4.8485E-01
 6.4800E-03 6.2109E-01 -5.5038E-02  1.2945E-01 -4.9513E-01
 6.4800E-03 6.2512E-01 -6.3347E-02  1.2796E-01 -5.0592E-01
 6.4800E-03 6.2915E-01 -7.1763E-02  1.2685E-01 -5.1713E-01
 6.4800E-03 6.3318E-01 -8.0293E-02  1.2617E-01 -5.2865E-01
 6.4800E-03 6.3721E-01 -8.8938E-02  1.2585E-01 -5.4039E-01
 6.4800E-03 6.4124E-01 -9.7669E-02  1.2575E-01 -5.5228E-01
 6.4800E-03 6.4527E-01 -1.0645E-01  1.2567E-01 -5.6434E-01
 6.4800E-03 6.4930E-01 -1.1525E-01  1.2539E-01 -5.7661E-01
 6.4800E-03 6.5333E-01 -1.2407E-01  1.2481E-01 -5.8925E-01
 6.4800E-03 6.5736E-01 -1.3287E-01  1.2403E-01 -6.0246E-01
 6.4800E-03 6.6140E-01 -1.4151E-01  1.2417E-01 -6.1636E-01
 6.4800E-03 6.6543E-01 -1.4994E-01  1.2590E-01 -6.3110E-01
 6.4800E-03 6.6946E-01 -1.5833E-01  1.2893E-01 -6.4656E-01
 6.4800E-03 6.7349E-01 -1.6702E-01  1.3340E-01 -6.6238E-01
 6.4800E-03 6.7752E-01 -1.7625E-01  1.3881E-01 -6.7835E-01
 6.4800E-03 6.8155E-01 -1.8599E-01  1.4467E-01 -6.9453E-01
 6.4800E-03 6.8558E-01 -1.9612E-01  1.5085E-01 -7.1110E-01
 6.4800E-03 6.8961E-01 -2.0657E-01  1.5737E-01 -7.2816E-01
 6.4800E-03 6.9364E-01 -2.1732E-01  1.6433E-01 -7.4582E-01
 6.4800E-03 6.9767E-01 -2.2836E-01  1.7185E-01 -7.6414E-01
 6.4800E-03 7.0171E-01 -2.3970E-01  1.8008E-01 -7.8319E-01
 6.4800E-03 7.0574E-01 -2.5134E-01  1.8903E-01 -8.0296E-01
 6.4800E-03 7.0977E-01 -2.6331E-01  1.9846E-01 -8.2354E-01
 6.4800E-03 7.1380E-01 -2.7568E-01  2.0866E-01 -8.4506E-01
 6.4800E-03 7.1783E-01 -2.8849E-01  2.1968E-01 -8.6755E-01
 6.4800E-03 7.2186E-01 -3.0178E-01  2.3158E-01 -8.9108E-01
 6.4800E-03 7.2589E-01 -3.1560E-01  2.4440E-01 -9.1572E-01
 6.4800E-03 7.2992E-01 -3.2998E-01  2.5829E-01 -9.4159E-01
 6.4800E-03 7.3395E-01 -3.4496E-01  2.7340E-01 -9.6876E-01
 6.4800E-03 7.3798E-01 -3.6057E-01  2.8986E-01 -9.9729E-01
 6.4800E-03 7.4202E-01 -3.7688E-01  3.0781E-01 -1.0273E+00
 6.4800E-03 7.4605E-01 -3.9396E-01  3.2742E-01 -1.0589E+00
 6.4800E-03 7.5008E-01 -4.1186E-01  3.4898E-01 -1.0923E+00
 6.4800E-03 7.5411E-01 -4.3065E-01  3.7276E-01 -1.1274E+00
 6.4800E-03 7.5814E-01 -4.5035E-01  3.9927E-01 -1.1645E+00
 6.4800E-03 7.6217E-01 -4.7107E-01  4.2863E-01 -1.2036E+00
 6.4800E-03 7.6620E-01 -4.9291E-01  4.6070E-01 -1.2450E+00
 6.4800E-03 7.7023E-01 -5.1602E-01  4.9575E-01 -1.2890E+00
 6.4800E-03 7.7426E-01 -5.4056E-01  5.3416E-01 -1.3359E+00
 6.4800E-03 7.7829E-01 -5.6673E-01  5.7662E-01 -1.3862E+00
 6.4800E-03 7.8233E-01 -5.9470E-01  6.2408E-01 -1.4401E+00
 6.4800E-03 7.8636E-01 -6.2461E-01  6.7753E-01 -1.4979E+00
 6.4800E-03 7.9039E-01 -6.5657E-01  7.3787E-01 -1.5599E+00
 6.4800E-03 7.9442E-01 -6.9077E-01  8.0609E-01 -1.6263E+00
 6.4800E-03 7.9845E-01 -7.2744E-01  8.8335E-01 -1.6978E+00
 6.4800E-03 8.0248E-01 -7.6686E-01  9.7123E-01 -1.7747E+00
 6.4800E-03 8.0651E-01 -8.0933E-01  1.0717E+00 -1.8578E+00
 6.4800E-03 8.1054E-01 -8.5516E-01  1.1870E+00 -1.9475E+00
 6.4800E-03 8.1457E-01 -9.0472E-01  1.3202E+00 -2.0448E+00
 6.4800E-03 8.1860E-01 -9.5842E-01  1.4749E+00 -2.1503E+00
 6.4800E-03 8.2264E-01 -1.0178E+00  1.6553E+00 -2.2672E+00
 6.4800E-03 8.2667E-01 -1.0843E+00  1.8670E+00 -2.3984E+00
 6.4800E-03 8.3070E-01 -1.1566E+00  2.1207E+00 -2.5412E+00
 6.4800E-03 8.3473E-01 -1.2350E+00  2.4276E+00 -2.6962E+00
 6.4800E-03 8.3876E-01 -1.3192E+00  2.8022E+00 -2.8630E+00
 6.4800E-03 8.4279E-01 -1.4084E+00  3.2632E+00 -3.0397E+00
 6.4800E-03 8.4682E-01 -1.5005E+00  3.8344E+00 -3.2222E+00
 6.4800E-03 8.5085E-01 -1.5912E+00  4.5449E+00 -3.4019E+00
 6.4800E-03 8.5488E-01 -1.6729E+00  5.4294E+00 -3.5638E+00
 6.4800E-03 8.5891E-01 -1.7328E+00  6.5244E+00 -3.6821E+00
 6.4800E-03 8.6295E-01 -1.7503E+00  7.8595E+00 -3.7156E+00
 6.4800E-03 8.6698E-01 -1.6946E+00  9.4408E+00 -3.6027E+00
 6.4800E-03 8.7101E-01 -1.5238E+00  1.1214E+01 -3.2597E+00
 6.4800E-03 8.7504E-01 -1.1917E+00  1.3004E+01 -2.5943E+00
 6.4800E-03 8.7907E-01 -6.7451E-01  1.4472E+01 -1.5589E+00
 6.4800E-03 8.8310E-01 -1.2831E-02  1.5191E+01 -2.3463E-01
 6.4800E-03 8.8713E-01  6.7793E-01  1.4902E+01  1.1477E+00
 6.4800E-03 8.9116E-01  1.2652E+00  1.3720E+01  2.3229E+00
 6.4800E-03 8.9519E-01  1.6499E+00  1.2077E+01  3.0930E+00
 6.4800E-03 8.9922E-01  1.8683E+00  1.0368E+01  3.5304E+00
 6.4800E-03 9.0326E-01  1.9660E+00  8.7911E+00  3.7262E+00
 6.4800E-03 9.0729E-01  1.9827E+00  7.4288E+00  3.7602E+00
 6.4800E-03 9.1132E-01  1.9502E+00  6.2913E+00  3.6957E+00
 6.4800E-03 9.1535E-01  1.8903E+00  5.3570E+00  3.5767E+00
 6.4800E-03 9.1938E-01  1.8170E+00  4.5939E+00  3.4311E+00
 6.4800E-03 9.2341E-01  1.7387E+00  3.9698E+00  3.2756E+00
 6.4800E-03 9.2744E-01  1.6603E+00  3.4568E+00  3.1200E+00
 6.4800E-03 9.3147E-01  1.5844E+00  3.0325E+00  2.9693E+00
 6.4800E-03 9.3550E-01  1.5122E+00  2.6789E+00  2.8263E+00
 6.4800E-03 9.3953E-01  1.4446E+00  2.3822E+00  2.6922E+00
 6.4800E-03 9.4357E-01  1.3815E+00  2.1311E+00  2.5673E+00
 6.4800E-03 9.4760E-01  1.3229E+00  1.9168E+00  2.4512E+00
 6.4800E-03 9.5163E-01  1.2685E+00  1.7327E+00  2.3436E+00
 6.4800E-03 9.5566E-01  1.2180E+00  1.5735E+00  2.2437E+00
 6.4800E-03 9.5969E-01  1.1710E+00  1.4352E+00  2.1509E+00
 6.4800E-03 9.6372E-01  1.1273E+00  1.3146E+00  2.0646E+00
 6.4800E-03 9.6775E-01  1.0866E+00  1.2089E+00  1.9844E+00
 6.4800E-03 9.7178E-01  1.0488E+00  1.1161E+00  1.9099E+00
 6.4800E-03 9.7581E-01  1.0136E+00  1.0340E+00  1.8405E+00
 6.4800E-03 9.7984E-01  9.8081E-01  9.6091E-01  1.7760E+00
 6.4800E-03 9.8388E-01  9.5018E-01  8.9552E-01  1.7158E+00
 6.4800E-03 9.8791E-01  9.2125E-01  8.3372E-01  1.6589E+00
 6.4800E-03 9.9194E-01  8.9408E-01  7.7789E-01  1.6056E+00
 6.4800E-03 9.9597E-01  8.6854E-01  7.2739E-01  1.5556E+00
 6.4800E-03 1.0000E+00  8.4446E-01  6.8160E-01  1.5084E+00
