 DDSCAT --- DDSCAT 7.3.3 [22.01.20]   
 TARGET --- Cyl.w.caps, NAT=   9272 NFAC= 156 NLAY=  50 cyl.asp.ratio= 3.5477 
 GPFAFT --- method of solution 
 GKDLDR --- prescription for polarizabilities
 CYLNDRCAP --- shape 
    9272 = NAT0 = number of dipoles
 ../diel/Au_evap                                             
   0.000   0.000 = beta_min, beta_max ;  NBETA = 1
   0.000  90.000 = theta_min, theta_max; NTHETA= 6
   0.000   0.000 = phi_min, phi_max   ;   NPHI = 1
 0.5000 = ETASCA (param. controlling # of scatt. dirs used to calculate <cos> etc.
 Results averaged over    6 target orientations
                   and  2 incident polarizations
   aeff       wave       Q_ext     Q_abs      Q_sca     g(1)=<cos>  <cos^2>    Q_bk       Nsca
 6.4800E-03 4.8000E-01 3.5153E-01 3.5110E-01 4.3104E-04  5.9019E-03 3.8208E-01 4.5557E-05   214
 6.4800E-03 4.8403E-01 3.5243E-01 3.5201E-01 4.2554E-04  5.8794E-03 3.8186E-01 4.4925E-05   214
 6.4800E-03 4.8806E-01 3.5433E-01 3.5391E-01 4.2476E-04  5.8567E-03 3.8147E-01 4.4750E-05   214
 6.4800E-03 4.9209E-01 3.5717E-01 3.5674E-01 4.2891E-04  5.8338E-03 3.8089E-01 4.5045E-05   214
 6.4800E-03 4.9612E-01 3.6092E-01 3.6048E-01 4.3891E-04  5.8118E-03 3.8007E-01 4.5890E-05   214
 6.4800E-03 5.0016E-01 3.6628E-01 3.6582E-01 4.6411E-04  5.7917E-03 3.7856E-01 4.8118E-05   214
 6.4800E-03 5.0419E-01 3.7013E-01 3.6964E-01 4.9267E-04  5.7648E-03 3.7685E-01 5.0592E-05   214
 6.4800E-03 5.0822E-01 3.7160E-01 3.7107E-01 5.2362E-04  5.7313E-03 3.7494E-01 5.3192E-05   214
 6.4800E-03 5.1225E-01 3.6973E-01 3.6917E-01 5.5557E-04  5.6909E-03 3.7283E-01 5.5760E-05   214
 6.4800E-03 5.1628E-01 3.6364E-01 3.6306E-01 5.8679E-04  5.6423E-03 3.7054E-01 5.8115E-05   214
 6.4800E-03 5.2031E-01 3.5271E-01 3.5210E-01 6.1538E-04  5.5820E-03 3.6808E-01 6.0072E-05   214
 6.4800E-03 5.2434E-01 3.3764E-01 3.3701E-01 6.2589E-04  5.4694E-03 3.6583E-01 6.0293E-05   214
 6.4800E-03 5.2837E-01 3.2112E-01 3.2049E-01 6.2918E-04  5.3347E-03 3.6367E-01 5.9841E-05   214
 6.4800E-03 5.3240E-01 3.0401E-01 3.0338E-01 6.2801E-04  5.1854E-03 3.6161E-01 5.8995E-05   214
 6.4800E-03 5.3643E-01 2.8701E-01 2.8639E-01 6.2281E-04  5.0251E-03 3.5966E-01 5.7824E-05   214
 6.4800E-03 5.4047E-01 2.7066E-01 2.7004E-01 6.1399E-04  4.8610E-03 3.5786E-01 5.6385E-05   214
 6.4800E-03 5.4450E-01 2.5521E-01 2.5461E-01 6.0191E-04  4.7019E-03 3.5622E-01 5.4721E-05   214
 6.4800E-03 5.4853E-01 2.4067E-01 2.4008E-01 5.8711E-04  4.5550E-03 3.5471E-01 5.2880E-05   214
 6.4800E-03 5.5256E-01 2.2673E-01 2.2615E-01 5.7161E-04  4.4353E-03 3.5334E-01 5.1044E-05   214
 6.4800E-03 5.5659E-01 2.1296E-01 2.1241E-01 5.5522E-04  4.3323E-03 3.5202E-01 4.9166E-05   214
 6.4800E-03 5.6062E-01 1.9936E-01 1.9882E-01 5.3922E-04  4.2429E-03 3.5071E-01 4.7347E-05   214
 6.4800E-03 5.6465E-01 1.8613E-01 1.8561E-01 5.2510E-04  4.1627E-03 3.4941E-01 4.5715E-05   214
 6.4800E-03 5.6868E-01 1.7363E-01 1.7311E-01 5.1410E-04  4.0886E-03 3.4814E-01 4.4383E-05   214
 6.4800E-03 5.7271E-01 1.6218E-01 1.6167E-01 5.0698E-04  4.0198E-03 3.4694E-01 4.3420E-05   214
 6.4800E-03 5.7674E-01 1.5201E-01 1.5150E-01 5.0399E-04  3.9572E-03 3.4588E-01 4.2852E-05   214
 6.4800E-03 5.8078E-01 1.4314E-01 1.4263E-01 5.0498E-04  3.9008E-03 3.4496E-01 4.2669E-05   214
 6.4800E-03 5.8481E-01 1.3557E-01 1.3506E-01 5.1039E-04  3.8429E-03 3.4421E-01 4.2903E-05   214
 6.4800E-03 5.8884E-01 1.2898E-01 1.2846E-01 5.1938E-04  3.7726E-03 3.4362E-01 4.3482E-05   214
 6.4800E-03 5.9287E-01 1.2314E-01 1.2261E-01 5.3098E-04  3.6647E-03 3.4318E-01 4.4327E-05   214
 6.4800E-03 5.9690E-01 1.1802E-01 1.1748E-01 5.4473E-04  3.4735E-03 3.4290E-01 4.5406E-05   214
 6.4800E-03 6.0093E-01 1.1362E-01 1.1306E-01 5.6038E-04  3.1352E-03 3.4275E-01 4.6710E-05   214
 6.4800E-03 6.0496E-01 1.0985E-01 1.0927E-01 5.7785E-04  2.5938E-03 3.4272E-01 4.8241E-05   214
 6.4800E-03 6.0899E-01 1.0649E-01 1.0589E-01 5.9708E-04  1.8583E-03 3.4280E-01 5.0001E-05   214
 6.4800E-03 6.1302E-01 1.0337E-01 1.0275E-01 6.1807E-04  1.0456E-03 3.4297E-01 5.1966E-05   214
 6.4800E-03 6.1705E-01 1.0041E-01 9.9770E-02 6.4062E-04  3.2735E-04 3.4320E-01 5.4088E-05   214
 6.4800E-03 6.2109E-01 9.7034E-02 9.6371E-02 6.6277E-04 -1.9326E-04 3.4345E-01 5.6163E-05   214
 6.4800E-03 6.2512E-01 9.3955E-02 9.3269E-02 6.8636E-04 -5.2082E-04 3.4374E-01 5.8353E-05   214
 6.4800E-03 6.2915E-01 9.1199E-02 9.0488E-02 7.1140E-04 -6.9371E-04 3.4406E-01 6.0657E-05   214
 6.4800E-03 6.3318E-01 8.8780E-02 8.8042E-02 7.3776E-04 -7.6476E-04 3.4441E-01 6.3075E-05   214
 6.4800E-03 6.3721E-01 8.6750E-02 8.5985E-02 7.6533E-04 -7.7581E-04 3.4479E-01 6.5605E-05   214
 6.4800E-03 6.4124E-01 8.5169E-02 8.4375E-02 7.9402E-04 -7.5353E-04 3.4518E-01 6.8248E-05   214
 6.4800E-03 6.4527E-01 8.4043E-02 8.3219E-02 8.2382E-04 -7.1414E-04 3.4560E-01 7.1001E-05   214
 6.4800E-03 6.4930E-01 8.3331E-02 8.2476E-02 8.5488E-04 -6.6738E-04 3.4602E-01 7.3876E-05   214
 6.4800E-03 6.5333E-01 8.3037E-02 8.2149E-02 8.8754E-04 -6.1785E-04 3.4644E-01 7.6906E-05   214
 6.4800E-03 6.5736E-01 8.3226E-02 8.2304E-02 9.2236E-04 -5.6696E-04 3.4685E-01 8.0132E-05   214
 6.4800E-03 6.6140E-01 8.4264E-02 8.3304E-02 9.5972E-04 -5.1357E-04 3.4724E-01 8.3583E-05   214
 6.4800E-03 6.6543E-01 8.5799E-02 8.4799E-02 9.9996E-04 -4.5956E-04 3.4760E-01 8.7281E-05   214
 6.4800E-03 6.6946E-01 8.6824E-02 8.5781E-02 1.0428E-03 -4.0888E-04 3.4793E-01 9.1203E-05   214
 6.4800E-03 6.7349E-01 8.7233E-02 8.6145E-02 1.0878E-03 -3.6341E-04 3.4825E-01 9.5329E-05   214
 6.4800E-03 6.7752E-01 8.7519E-02 8.6385E-02 1.1348E-03 -3.2373E-04 3.4860E-01 9.9662E-05   214
 6.4800E-03 6.8155E-01 8.8173E-02 8.6989E-02 1.1840E-03 -2.8842E-04 3.4897E-01 1.0423E-04   214
 6.4800E-03 6.8558E-01 8.9376E-02 8.8141E-02 1.2358E-03 -2.5652E-04 3.4935E-01 1.0905E-04   214
 6.4800E-03 6.8961E-01 9.1140E-02 8.9849E-02 1.2905E-03 -2.2749E-04 3.4974E-01 1.1416E-04   214
 6.4800E-03 6.9364E-01 9.3449E-02 9.2100E-02 1.3485E-03 -2.0074E-04 3.5012E-01 1.1959E-04   214
 6.4800E-03 6.9767E-01 9.6297E-02 9.4887E-02 1.4101E-03 -1.7593E-04 3.5051E-01 1.2536E-04   214
 6.4800E-03 7.0171E-01 9.9702E-02 9.8226E-02 1.4756E-03 -1.5318E-04 3.5088E-01 1.3149E-04   214
 6.4800E-03 7.0574E-01 1.0362E-01 1.0208E-01 1.5453E-03 -1.3225E-04 3.5125E-01 1.3802E-04   214
 6.4800E-03 7.0977E-01 1.0787E-01 1.0625E-01 1.6193E-03 -1.1288E-04 3.5160E-01 1.4496E-04   214
 6.4800E-03 7.1380E-01 1.1257E-01 1.1087E-01 1.6986E-03 -9.4789E-05 3.5195E-01 1.5240E-04   214
 6.4800E-03 7.1783E-01 1.1770E-01 1.1592E-01 1.7835E-03 -7.7828E-05 3.5229E-01 1.6036E-04   214
 6.4800E-03 7.2186E-01 1.2331E-01 1.2143E-01 1.8746E-03 -6.1862E-05 3.5262E-01 1.6890E-04   214
 6.4800E-03 7.2589E-01 1.2944E-01 1.2747E-01 1.9725E-03 -4.7106E-05 3.5295E-01 1.7809E-04   214
 6.4800E-03 7.2992E-01 1.3616E-01 1.3409E-01 2.0780E-03 -3.3104E-05 3.5327E-01 1.8799E-04   214
 6.4800E-03 7.3395E-01 1.4354E-01 1.4135E-01 2.1917E-03 -2.0021E-05 3.5358E-01 1.9867E-04   214
 6.4800E-03 7.3798E-01 1.5162E-01 1.4930E-01 2.3145E-03 -7.4684E-06 3.5388E-01 2.1021E-04   214
 6.4800E-03 7.4202E-01 1.6044E-01 1.5799E-01 2.4474E-03  4.4907E-06 3.5417E-01 2.2269E-04   214
 6.4800E-03 7.4605E-01 1.7009E-01 1.6750E-01 2.5917E-03  1.5989E-05 3.5446E-01 2.3624E-04   214
 6.4800E-03 7.5008E-01 1.8072E-01 1.7797E-01 2.7483E-03  2.7020E-05 3.5474E-01 2.5097E-04   214
 6.4800E-03 7.5411E-01 1.9246E-01 1.8954E-01 2.9190E-03  3.7478E-05 3.5502E-01 2.6701E-04   214
 6.4800E-03 7.5814E-01 2.0558E-01 2.0247E-01 3.1046E-03  4.7344E-05 3.5529E-01 2.8449E-04   214
 6.4800E-03 7.6217E-01 2.2014E-01 2.1683E-01 3.3078E-03  5.6265E-05 3.5556E-01 3.0359E-04   214
 6.4800E-03 7.6620E-01 2.3609E-01 2.3256E-01 3.5304E-03  6.3947E-05 3.5581E-01 3.2454E-04   214
 6.4800E-03 7.7023E-01 2.5355E-01 2.4977E-01 3.7751E-03  7.1054E-05 3.5606E-01 3.4759E-04   214
 6.4800E-03 7.7426E-01 2.7269E-01 2.6865E-01 4.0460E-03  7.7830E-05 3.5631E-01 3.7311E-04   214
 6.4800E-03 7.7829E-01 2.9385E-01 2.8951E-01 4.3475E-03  8.4009E-05 3.5655E-01 4.0153E-04   214
 6.4800E-03 7.8233E-01 3.1750E-01 3.1281E-01 4.6849E-03  8.9804E-05 3.5678E-01 4.3331E-04   214
 6.4800E-03 7.8636E-01 3.4412E-01 3.3906E-01 5.0628E-03  9.5424E-05 3.5701E-01 4.6893E-04   214
 6.4800E-03 7.9039E-01 3.7419E-01 3.6870E-01 5.4870E-03  1.0072E-04 3.5724E-01 5.0892E-04   214
 6.4800E-03 7.9442E-01 4.0818E-01 4.0221E-01 5.9642E-03  1.0553E-04 3.5745E-01 5.5395E-04   214
 6.4800E-03 7.9845E-01 4.4667E-01 4.4017E-01 6.5038E-03  1.1019E-04 3.5767E-01 6.0488E-04   214
 6.4800E-03 8.0248E-01 4.9047E-01 4.8335E-01 7.1170E-03  1.1457E-04 3.5788E-01 6.6277E-04   214
 6.4800E-03 8.0651E-01 5.4055E-01 5.3273E-01 7.8173E-03  1.1878E-04 3.5809E-01 7.2893E-04   214
 6.4800E-03 8.1054E-01 5.9810E-01 5.8948E-01 8.6218E-03  1.2261E-04 3.5828E-01 8.0496E-04   214
 6.4800E-03 8.1457E-01 6.6460E-01 6.5504E-01 9.5521E-03  1.2622E-04 3.5848E-01 8.9287E-04   214
 6.4800E-03 8.1860E-01 7.4193E-01 7.3130E-01 1.0634E-02  1.2961E-04 3.5867E-01 9.9526E-04   214
 6.4800E-03 8.2264E-01 8.3204E-01 8.2011E-01 1.1924E-02  1.3273E-04 3.5886E-01 1.1172E-03   214
 6.4800E-03 8.2667E-01 9.3790E-01 9.2441E-01 1.3486E-02  1.3562E-04 3.5905E-01 1.2650E-03   214
 6.4800E-03 8.3070E-01 1.0648E+00 1.0494E+00 1.5355E-02  1.3831E-04 3.5923E-01 1.4420E-03   214
 6.4800E-03 8.3473E-01 1.2182E+00 1.2006E+00 1.7610E-02  1.4088E-04 3.5941E-01 1.6556E-03   214
 6.4800E-03 8.3876E-01 1.4056E+00 1.3852E+00 2.0354E-02  1.4321E-04 3.5958E-01 1.9156E-03   214
 6.4800E-03 8.4279E-01 1.6362E+00 1.6125E+00 2.3716E-02  1.4537E-04 3.5975E-01 2.2342E-03   214
 6.4800E-03 8.4682E-01 1.9219E+00 1.8941E+00 2.7858E-02  1.4733E-04 3.5991E-01 2.6272E-03   214
 6.4800E-03 8.5085E-01 2.2773E+00 2.2444E+00 3.2985E-02  1.4913E-04 3.6007E-01 3.1137E-03   214
 6.4800E-03 8.5488E-01 2.7198E+00 2.6805E+00 3.9333E-02  1.5086E-04 3.6023E-01 3.7168E-03   214
 6.4800E-03 8.5891E-01 3.2675E+00 3.2203E+00 4.7163E-02  1.5237E-04 3.6038E-01 4.4607E-03   214
 6.4800E-03 8.6295E-01 3.9354E+00 3.8787E+00 5.6681E-02  1.5383E-04 3.6054E-01 5.3661E-03   214
 6.4800E-03 8.6698E-01 4.7263E+00 4.6584E+00 6.7950E-02  1.5502E-04 3.6070E-01 6.4391E-03   214
 6.4800E-03 8.7101E-01 5.6131E+00 5.5325E+00 8.0596E-02  1.5615E-04 3.6086E-01 7.6450E-03   214
 6.4800E-03 8.7504E-01 6.5087E+00 6.4154E+00 9.3364E-02  1.5723E-04 3.6103E-01 8.8661E-03   214
 6.4800E-03 8.7907E-01 7.2431E+00 7.1393E+00 1.0379E-01  1.5824E-04 3.6122E-01 9.8674E-03   214
 6.4800E-03 8.8310E-01 7.6029E+00 7.4942E+00 1.0877E-01  1.5901E-04 3.6142E-01 1.0353E-02   214
 6.4800E-03 8.8713E-01 7.4587E+00 7.3523E+00 1.0644E-01  1.5972E-04 3.6162E-01 1.0144E-02   214
 6.4800E-03 8.9116E-01 6.8684E+00 6.7708E+00 9.7684E-02  1.6030E-04 3.6180E-01 9.3203E-03   214
 6.4800E-03 8.9519E-01 6.0467E+00 5.9615E+00 8.5212E-02  1.6069E-04 3.6196E-01 8.1381E-03   214
 6.4800E-03 8.9922E-01 5.1922E+00 5.1198E+00 7.2392E-02  1.6134E-04 3.6210E-01 6.9200E-03   214
 6.4800E-03 9.0326E-01 4.4037E+00 4.3429E+00 6.0753E-02  1.6160E-04 3.6223E-01 5.8118E-03   214
 6.4800E-03 9.0729E-01 3.7222E+00 3.6714E+00 5.0813E-02  1.6183E-04 3.6235E-01 4.8644E-03   214
 6.4800E-03 9.1132E-01 3.1529E+00 3.1103E+00 4.2590E-02  1.6196E-04 3.6247E-01 4.0801E-03   214
 6.4800E-03 9.1535E-01 2.6852E+00 2.6493E+00 3.5891E-02  1.6212E-04 3.6258E-01 3.4408E-03   214
 6.4800E-03 9.1938E-01 2.3030E+00 2.2726E+00 3.0464E-02  1.6216E-04 3.6268E-01 2.9224E-03   214
 6.4800E-03 9.2341E-01 1.9904E+00 1.9644E+00 2.6058E-02  1.6215E-04 3.6279E-01 2.5013E-03   214
 6.4800E-03 9.2744E-01 1.7335E+00 1.7110E+00 2.2464E-02  1.6212E-04 3.6289E-01 2.1576E-03   214
 6.4800E-03 9.3147E-01 1.5210E+00 1.5014E+00 1.9513E-02  1.6200E-04 3.6299E-01 1.8753E-03   214
 6.4800E-03 9.3550E-01 1.3438E+00 1.3268E+00 1.7070E-02  1.6179E-04 3.6309E-01 1.6415E-03   214
 6.4800E-03 9.3953E-01 1.1952E+00 1.1801E+00 1.5033E-02  1.6161E-04 3.6319E-01 1.4465E-03   214
 6.4800E-03 9.4357E-01 1.0694E+00 1.0561E+00 1.3322E-02  1.6130E-04 3.6328E-01 1.2826E-03   214
 6.4800E-03 9.4760E-01 9.6205E-01 9.5018E-01 1.1873E-02  1.6098E-04 3.6338E-01 1.1438E-03   214
 6.4800E-03 9.5163E-01 8.6983E-01 8.5919E-01 1.0637E-02  1.6058E-04 3.6347E-01 1.0253E-03   214
 6.4800E-03 9.5566E-01 7.9009E-01 7.8051E-01 9.5752E-03  1.6019E-04 3.6356E-01 9.2348E-04   214
 6.4800E-03 9.5969E-01 7.2080E-01 7.1214E-01 8.6567E-03  1.5982E-04 3.6365E-01 8.3535E-04   214
 6.4800E-03 9.6372E-01 6.6038E-01 6.5252E-01 7.8583E-03  1.5940E-04 3.6375E-01 7.5868E-04   214
 6.4800E-03 9.6775E-01 6.0748E-01 6.0032E-01 7.1602E-03  1.5887E-04 3.6383E-01 6.9170E-04   214
 6.4800E-03 9.7178E-01 5.6097E-01 5.5442E-01 6.5486E-03  1.5841E-04 3.6392E-01 6.3294E-04   214
 6.4800E-03 9.7581E-01 5.1985E-01 5.1384E-01 6.0097E-03  1.5779E-04 3.6401E-01 5.8117E-04   214
 6.4800E-03 9.7984E-01 4.8328E-01 4.7774E-01 5.5331E-03  1.5716E-04 3.6409E-01 5.3536E-04   214
 6.4800E-03 9.8388E-01 4.5054E-01 4.4543E-01 5.1096E-03  1.5665E-04 3.6418E-01 4.9462E-04   214
 6.4800E-03 9.8791E-01 4.1960E-01 4.1488E-01 4.7265E-03  1.5586E-04 3.6426E-01 4.5779E-04   214
 6.4800E-03 9.9194E-01 3.9166E-01 3.8728E-01 4.3833E-03  1.5513E-04 3.6435E-01 4.2475E-04   214
 6.4800E-03 9.9597E-01 3.6639E-01 3.6232E-01 4.0745E-03  1.5423E-04 3.6443E-01 3.9503E-04   214
 6.4800E-03 1.0000E+00 3.4349E-01 3.3969E-01 3.7956E-03  1.5360E-04 3.6451E-01 3.6819E-04   214
