Peña-Rodríguez & Rioux calculated dielectric data (0Au/100Ag) prepared by Alexander Al-Feghali al-fegha.li, Blum and Cosa Lab, McGill University
1 2 3 0 0 = columns for wave, Re(n), Im(n), eps1, eps2
wave(um)   Re(n)     Im(n)     eps1      eps2
1	2	3	0	0	=	columns	for	wave,	Re(n),	Im(n),	eps1,	eps2
wave(um)	Re(n)	Im(n)	eps1	eps2
Rioux	calculated	dielectric	data	(100Au/0Ag)
wave(um),Re(n),Im(n),eps1,eps2
0.270000,1.450245,1.843094,-1.293784,5.345876
0.271000,1.455431,1.847100,-1.293498,5.376653
0.272000,1.460623,1.851027,-1.292881,5.407305
0.273000,1.465820,1.854874,-1.291928,5.437823
0.274000,1.471022,1.858640,-1.290637,5.468199
0.275000,1.476227,1.862324,-1.289003,5.498426
0.276000,1.481436,1.865925,-1.287023,5.528496
0.277000,1.486647,1.869442,-1.284693,5.558400
0.278000,1.491860,1.872874,-1.282011,5.588129
0.279000,1.497073,1.876220,-1.278972,5.617675
0.280000,1.502286,1.879478,-1.275574,5.647028
0.281000,1.507499,1.882648,-1.271812,5.676179
0.282000,1.512709,1.885729,-1.267685,5.705117
0.283000,1.517916,1.888719,-1.263188,5.733833
0.284000,1.523119,1.891616,-1.258320,5.762315
0.285000,1.528317,1.894421,-1.253076,5.790552
0.286000,1.533509,1.897131,-1.247455,5.818534
0.287000,1.538693,1.899745,-1.241454,5.846248
0.288000,1.543868,1.902262,-1.235071,5.873682
0.289000,1.549033,1.904680,-1.228303,5.900823
0.290000,1.554186,1.906998,-1.221149,5.927659
0.291000,1.559325,1.909215,-1.213608,5.954175
0.292000,1.564450,1.911330,-1.205677,5.980359
0.293000,1.569558,1.913339,-1.197356,6.006194
0.294000,1.574647,1.915244,-1.188644,6.031666
0.295000,1.579716,1.917041,-1.179542,6.056760
0.296000,1.584763,1.918729,-1.170048,6.081460
0.297000,1.589785,1.920307,-1.160164,6.105749
0.298000,1.594780,1.921773,-1.149891,6.129610
0.299000,1.599745,1.923126,-1.139231,6.153025
0.300000,1.604679,1.924365,-1.128185,6.175976
0.301000,1.609579,1.925487,-1.116757,6.198445
0.302000,1.614441,1.926491,-1.104950,6.220412
0.303000,1.619263,1.927376,-1.092768,6.241857
0.304000,1.624041,1.928141,-1.080218,6.262759
0.305000,1.628773,1.928783,-1.067304,6.283099
0.306000,1.633454,1.929302,-1.054035,6.302854
0.307000,1.638082,1.929697,-1.040418,6.322002
0.308000,1.642652,1.929965,-1.026462,6.340521
0.309000,1.647160,1.930107,-1.012179,6.358388
0.310000,1.651601,1.930121,-0.997580,6.375580
0.311000,1.655972,1.930006,-0.982678,6.392073
0.312000,1.660268,1.929761,-0.967488,6.407842
0.313000,1.664484,1.929387,-0.952026,6.422865
0.314000,1.668614,1.928881,-0.936312,6.437115
0.315000,1.672653,1.928246,-0.920364,6.450570
0.316000,1.676595,1.927479,-0.904205,6.463204
0.317000,1.680435,1.926583,-0.887858,6.474994
0.318000,1.684167,1.925556,-0.871350,6.485915
0.319000,1.687783,1.924401,-0.854709,6.495945
0.320000,1.691278,1.923119,-0.837965,6.505060
0.321000,1.694646,1.921712,-0.821152,6.513240
0.322000,1.697878,1.920180,-0.804304,6.520463
0.323000,1.700968,1.918528,-0.787459,6.526711
0.324000,1.703909,1.916759,-0.770659,6.531966
0.325000,1.706694,1.914875,-0.753944,6.536212
0.326000,1.709315,1.912882,-0.737362,6.539436
0.327000,1.711765,1.910784,-0.720959,6.541626
0.328000,1.714036,1.908587,-0.704785,6.542776
0.329000,1.716123,1.906297,-0.688892,6.542880
0.330000,1.718017,1.903921,-0.673334,6.541936
0.331000,1.719712,1.901466,-0.658166,6.539948
0.332000,1.721201,1.898942,-0.643445,6.536922
0.333000,1.722480,1.896356,-0.629230,6.532870
0.334000,1.723541,1.893719,-0.615578,6.527806
0.335000,1.724381,1.891042,-0.602548,6.521753
0.336000,1.724995,1.888335,-0.590198,6.514736
0.337000,1.725380,1.885610,-0.578586,6.506787
0.338000,1.725534,1.882879,-0.567767,6.497942
0.339000,1.725454,1.880156,-0.557795,6.488243
0.340000,1.725140,1.877453,-0.548720,6.477738
0.341000,1.724593,1.874783,-0.540590,6.466478
0.342000,1.723815,1.872161,-0.533449,6.454520
0.343000,1.722808,1.869600,-0.527335,6.441925
0.344000,1.721577,1.867113,-0.522282,6.428758
0.345000,1.720127,1.864713,-0.518318,6.415087
0.346000,1.718464,1.862414,-0.515465,6.400983
0.347000,1.716597,1.860227,-0.513740,6.386519
0.348000,1.714533,1.858164,-0.513151,6.371768
0.349000,1.712283,1.856236,-0.513701,6.356804
0.350000,1.709857,1.854454,-0.515386,6.341702
0.351000,1.707268,1.852825,-0.518196,6.326536
0.352000,1.704526,1.851358,-0.522115,6.311375
0.353000,1.701646,1.850059,-0.527118,6.296290
0.354000,1.698640,1.848934,-0.533180,6.281346
0.355000,1.695521,1.847988,-0.540265,6.266605
0.356000,1.692305,1.847223,-0.548336,6.252127
0.357000,1.689003,1.846641,-0.557351,6.237964
0.358000,1.685630,1.846243,-0.567265,6.224166
0.359000,1.682200,1.846029,-0.578028,6.210779
0.360000,1.678724,1.845997,-0.589591,6.197841
0.361000,1.675217,1.846145,-0.601901,6.185387
0.362000,1.671689,1.846469,-0.614905,6.173446
0.363000,1.668153,1.846966,-0.628547,6.162044
0.364000,1.664620,1.847629,-0.642775,6.151201
0.365000,1.661099,1.848454,-0.657533,6.140932
0.366000,1.657601,1.849435,-0.672769,6.131249
0.367000,1.654133,1.850564,-0.688430,6.122159
0.368000,1.650705,1.851835,-0.704464,6.113665
0.369000,1.647324,1.853239,-0.720821,6.105770
0.370000,1.643995,1.854771,-0.737455,6.098469
0.371000,1.640726,1.856421,-0.754317,6.091757
0.372000,1.637521,1.858182,-0.771364,6.085626
0.373000,1.634386,1.860046,-0.788553,6.080065
0.374000,1.631324,1.862004,-0.805844,6.075064
0.375000,1.628338,1.864050,-0.823197,6.070606
0.376000,1.625432,1.866174,-0.840577,6.066678
0.377000,1.622608,1.868369,-0.857948,6.063261
0.378000,1.619867,1.870628,-0.875279,6.060339
0.379000,1.617212,1.872943,-0.892538,6.057892
0.380000,1.614644,1.875305,-0.909697,6.055900
0.381000,1.612162,1.877710,-0.926728,6.054344
0.382000,1.609767,1.880148,-0.943605,6.053202
0.383000,1.607460,1.882614,-0.960305,6.052453
0.384000,1.605240,1.885100,-0.976806,6.052076
0.385000,1.603106,1.887600,-0.993085,6.052049
0.386000,1.601058,1.890109,-1.009124,6.052350
0.387000,1.599095,1.892620,-1.024904,6.052957
0.388000,1.597215,1.895126,-1.040407,6.053848
0.389000,1.595417,1.897623,-1.055617,6.055001
0.390000,1.593700,1.900105,-1.070520,6.056393
0.391000,1.592061,1.902566,-1.085100,6.058003
0.392000,1.590499,1.905002,-1.099344,6.059809
0.393000,1.589013,1.907407,-1.113240,6.061788
0.394000,1.587599,1.909777,-1.126776,6.063919
0.395000,1.586256,1.912106,-1.139940,6.066179
0.396000,1.584982,1.914390,-1.152723,6.068548
0.397000,1.583774,1.916626,-1.165115,6.071002
0.398000,1.582629,1.918807,-1.177105,6.073521
0.399000,1.581546,1.920931,-1.188686,6.076082
0.400000,1.580522,1.922992,-1.199850,6.078664
0.401000,1.579554,1.924988,-1.210588,6.081245
0.402000,1.578639,1.926913,-1.220893,6.083803
0.403000,1.577775,1.928765,-1.230758,6.086316
0.404000,1.576959,1.930538,-1.240177,6.088761
0.405000,1.576188,1.932230,-1.249145,6.091118
0.406000,1.575459,1.933837,-1.257654,6.093362
0.407000,1.574769,1.935355,-1.265700,6.095473
0.408000,1.574115,1.936780,-1.273278,6.097426
0.409000,1.573493,1.938108,-1.280383,6.099200
0.410000,1.572901,1.939337,-1.287012,6.100770
0.411000,1.572335,1.940463,-1.293160,6.102113
0.412000,1.571791,1.941481,-1.298823,6.103205
0.413000,1.571266,1.942389,-1.304000,6.104021
0.414000,1.570757,1.943184,-1.308687,6.104537
0.415000,1.570259,1.943861,-1.312882,6.104728
0.416000,1.569768,1.944417,-1.316583,6.104567
0.417000,1.569281,1.944848,-1.319790,6.104029
0.418000,1.568794,1.945152,-1.322502,6.103085
0.419000,1.568301,1.945325,-1.324718,6.101710
0.420000,1.567799,1.945362,-1.326441,6.099875
0.421000,1.567283,1.945262,-1.327669,6.097551
0.422000,1.566747,1.945020,-1.328407,6.094708
0.423000,1.566187,1.944633,-1.328657,6.091317
0.424000,1.565597,1.944098,-1.328423,6.087346
0.425000,1.564971,1.943411,-1.327709,6.082764
0.426000,1.564305,1.942568,-1.326521,6.077539
0.427000,1.563591,1.941568,-1.324868,6.071636
0.428000,1.562824,1.940405,-1.322756,6.065023
0.429000,1.561996,1.939079,-1.320195,6.057665
0.430000,1.561100,1.937584,-1.317198,6.049525
0.431000,1.560129,1.935918,-1.313776,6.040567
0.432000,1.559076,1.934080,-1.309945,6.030755
0.433000,1.557932,1.932064,-1.305720,6.020050
0.434000,1.556689,1.929871,-1.301121,6.008415
0.435000,1.555337,1.927496,-1.296168,5.995811
0.436000,1.553867,1.924938,-1.290885,5.982197
0.437000,1.552270,1.922196,-1.285296,5.967535
0.438000,1.550535,1.919268,-1.279431,5.951784
0.439000,1.548651,1.916153,-1.273321,5.934905
0.440000,1.546608,1.912850,-1.267000,5.916858
0.441000,1.544393,1.909360,-1.260505,5.897604
0.442000,1.541995,1.905682,-1.253878,5.877103
0.443000,1.539400,1.901819,-1.247162,5.855319
0.444000,1.536596,1.897771,-1.240406,5.832214
0.445000,1.533570,1.893541,-1.233661,5.807753
0.446000,1.530307,1.889132,-1.226982,5.781904
0.447000,1.526793,1.884549,-1.220428,5.754636
0.448000,1.523015,1.879797,-1.214062,5.725919
0.449000,1.518957,1.874882,-1.207950,5.695731
0.450000,1.514605,1.869811,-1.202162,5.664049
0.451000,1.509944,1.864592,-1.196771,5.630857
0.452000,1.504959,1.859235,-1.191852,5.596143
0.453000,1.499635,1.853750,-1.187485,5.559898
0.454000,1.493958,1.848151,-1.183750,5.522121
0.455000,1.487915,1.842449,-1.180729,5.482816
0.456000,1.481491,1.836661,-1.178507,5.441993
0.457000,1.474674,1.830801,-1.177167,5.399670
0.458000,1.467452,1.824886,-1.176794,5.355868
0.459000,1.459814,1.818936,-1.177471,5.310618
0.460000,1.451750,1.812969,-1.179280,5.263957
0.461000,1.443251,1.807007,-1.182300,5.215928
0.462000,1.434309,1.801070,-1.186609,5.166582
0.463000,1.424919,1.795180,-1.192278,5.115972
0.464000,1.415075,1.789361,-1.199375,5.064162
0.465000,1.404775,1.783637,-1.207965,5.011218
0.466000,1.394018,1.778030,-1.218105,4.957211
0.467000,1.382802,1.772566,-1.229847,4.902216
0.468000,1.371131,1.767268,-1.243237,4.846311
0.469000,1.359007,1.762161,-1.258314,4.789577
0.470000,1.346435,1.757270,-1.275110,4.732098
0.471000,1.333422,1.752617,-1.293651,4.673956
0.472000,1.319976,1.748226,-1.313958,4.615235
0.473000,1.306107,1.744121,-1.336043,4.556019
0.474000,1.291826,1.740324,-1.359913,4.496392
0.475000,1.277145,1.736856,-1.385571,4.436433
0.476000,1.262077,1.733739,-1.413012,4.376223
0.477000,1.246638,1.730992,-1.442227,4.315839
0.478000,1.230843,1.728635,-1.473203,4.255355
0.479000,1.214709,1.726685,-1.505923,4.194842
0.480000,1.198256,1.725161,-1.540365,4.134370
0.481000,1.181501,1.724079,-1.576505,4.074003
0.482000,1.164465,1.723454,-1.614315,4.013803
0.483000,1.147168,1.723300,-1.653767,3.953829
0.484000,1.129633,1.723629,-1.694828,3.894137
0.485000,1.111881,1.724455,-1.737464,3.834778
0.486000,1.093936,1.725786,-1.781642,3.775801
0.487000,1.075822,1.727633,-1.827324,3.717252
0.488000,1.057562,1.730004,-1.874474,3.659174
0.489000,1.039183,1.732904,-1.923055,3.601607
0.490000,1.020708,1.736338,-1.973027,3.544587
0.491000,1.002163,1.740311,-2.024353,3.488151
0.492000,0.983574,1.744824,-2.076994,3.432329
0.493000,0.964968,1.749878,-2.130909,3.377152
0.494000,0.946369,1.755471,-2.186062,3.322647
0.495000,0.927804,1.761600,-2.242412,3.268840
0.496000,0.909299,1.768260,-2.299921,3.215754
0.497000,0.890878,1.775447,-2.358550,3.163412
0.498000,0.872565,1.783152,-2.418260,3.111832
0.499000,0.854386,1.791365,-2.479012,3.061034
0.500000,0.836363,1.800076,-2.540770,3.011034
0.501000,0.818519,1.809272,-2.603494,2.961846
0.502000,0.800874,1.818941,-2.667146,2.913484
0.503000,0.783449,1.829066,-2.731691,2.865961
0.504000,0.766263,1.839633,-2.797089,2.819285
0.505000,0.749333,1.850623,-2.863304,2.773467
0.506000,0.732676,1.862019,-2.930301,2.728514
0.507000,0.716306,1.873802,-2.998041,2.684431
0.508000,0.700236,1.885954,-3.066490,2.641225
0.509000,0.684478,1.898453,-3.135612,2.598898
0.510000,0.669042,1.911280,-3.205373,2.557453
0.511000,0.653937,1.924414,-3.275736,2.516890
0.512000,0.639169,1.937835,-3.346669,2.477209
0.513000,0.624745,1.951524,-3.418138,2.438409
0.514000,0.610668,1.965458,-3.490110,2.400485
0.515000,0.596942,1.979619,-3.562554,2.363435
0.516000,0.583567,1.993988,-3.635436,2.327252
0.517000,0.570545,2.008544,-3.708728,2.291930
0.518000,0.557874,2.023270,-3.782399,2.257462
0.519000,0.545554,2.038148,-3.856420,2.223839
0.520000,0.533580,2.053161,-3.930764,2.191051
0.521000,0.521949,2.068292,-4.005402,2.159087
0.522000,0.510658,2.083526,-4.080310,2.127938
0.523000,0.499700,2.098848,-4.155462,2.097589
0.524000,0.489071,2.114243,-4.230833,2.068029
0.525000,0.478763,2.129699,-4.306402,2.039244
0.526000,0.468771,2.145202,-4.382147,2.011219
0.527000,0.459088,2.160742,-4.458046,1.983941
0.528000,0.449705,2.176308,-4.534080,1.957393
0.529000,0.440616,2.191888,-4.610230,1.931561
0.530000,0.431812,2.207474,-4.686480,1.906429
0.531000,0.423287,2.223057,-4.762813,1.881981
0.532000,0.415031,2.238630,-4.839212,1.858201
0.533000,0.407037,2.254184,-4.915665,1.835073
0.534000,0.399297,2.269713,-4.992158,1.812580
0.535000,0.391804,2.285211,-5.068678,1.790707
0.536000,0.384548,2.300672,-5.145215,1.769438
0.537000,0.377523,2.316092,-5.221756,1.748755
0.538000,0.370721,2.331465,-5.298294,1.728644
0.539000,0.364134,2.346788,-5.374819,1.709089
0.540000,0.357755,2.362057,-5.451323,1.690073
0.541000,0.351576,2.377268,-5.527798,1.671583
0.542000,0.345592,2.392420,-5.604239,1.653603
0.543000,0.339795,2.407509,-5.680639,1.636118
0.544000,0.334178,2.422533,-5.756993,1.619114
0.545000,0.328735,2.437491,-5.833296,1.602577
0.546000,0.323460,2.452380,-5.909544,1.586493
0.547000,0.318346,2.467200,-5.985733,1.570848
0.548000,0.313389,2.481949,-6.061860,1.555630
0.549000,0.308582,2.496627,-6.137923,1.540826
0.550000,0.303919,2.511232,-6.213919,1.526424
0.551000,0.299397,2.525764,-6.289846,1.512411
0.552000,0.295009,2.540223,-6.365702,1.498776
0.553000,0.290751,2.554608,-6.441487,1.485507
0.554000,0.286617,2.568920,-6.517199,1.472594
0.555000,0.282605,2.583158,-6.592838,1.460026
0.556000,0.278709,2.597322,-6.668403,1.447792
0.557000,0.274925,2.611413,-6.743894,1.435883
0.558000,0.271249,2.625431,-6.819312,1.424289
0.559000,0.267677,2.639376,-6.894655,1.413001
0.560000,0.264206,2.653249,-6.969926,1.402008
0.561000,0.260832,2.667050,-7.045124,1.391304
0.562000,0.257552,2.680780,-7.120250,1.380879
0.563000,0.254362,2.694440,-7.195306,1.370726
0.564000,0.251259,2.708029,-7.270291,1.360835
0.565000,0.248241,2.721549,-7.345207,1.351201
0.566000,0.245304,2.735001,-7.420055,1.341815
0.567000,0.242446,2.748385,-7.494838,1.332669
0.568000,0.239664,2.761701,-7.569554,1.323759
0.569000,0.236955,2.774951,-7.644208,1.315076
0.570000,0.234317,2.788136,-7.718799,1.306614
0.571000,0.231747,2.801256,-7.793329,1.298368
0.572000,0.229244,2.814312,-7.867801,1.290330
0.573000,0.226805,2.827305,-7.942215,1.282496
0.574000,0.224429,2.840236,-8.016573,1.274860
0.575000,0.222112,2.853105,-8.090877,1.267416
0.576000,0.219853,2.865914,-8.165129,1.260160
0.577000,0.217651,2.878663,-8.239330,1.253086
0.578000,0.215503,2.891353,-8.313482,1.246189
0.579000,0.213408,2.903985,-8.387588,1.239465
0.580000,0.211363,2.916560,-8.461647,1.232908
0.581000,0.209369,2.929078,-8.535664,1.226516
0.582000,0.207422,2.941541,-8.609638,1.220283
0.583000,0.205523,2.953949,-8.683573,1.214206
0.584000,0.203668,2.966302,-8.757469,1.208280
0.585000,0.201857,2.978603,-8.831329,1.202502
0.586000,0.200088,2.990851,-8.905154,1.196867
0.587000,0.198361,3.003047,-8.978946,1.191373
0.588000,0.196673,3.015193,-9.052707,1.186016
0.589000,0.195025,3.027288,-9.126438,1.180793
0.590000,0.193414,3.039334,-9.200142,1.175699
0.591000,0.191840,3.051331,-9.273819,1.170733
0.592000,0.190301,3.063280,-9.347472,1.165891
0.593000,0.188797,3.075182,-9.421103,1.161171
0.594000,0.187327,3.087038,-9.494712,1.156568
0.595000,0.185889,3.098848,-9.568303,1.152081
0.596000,0.184483,3.110612,-9.641875,1.147708
0.597000,0.183107,3.122332,-9.715431,1.143444
0.598000,0.181762,3.134009,-9.788973,1.139288
0.599000,0.180446,3.145642,-9.862501,1.135238
0.600000,0.179159,3.157232,-9.936019,1.131291
0.601000,0.177899,3.168781,-10.009526,1.127445
0.602000,0.176666,3.180289,-10.083025,1.123697
0.603000,0.175459,3.191755,-10.156517,1.120045
0.604000,0.174278,3.203182,-10.230003,1.116488
0.605000,0.173122,3.214570,-10.303486,1.113023
0.606000,0.171990,3.225918,-10.376966,1.109649
0.607000,0.170881,3.237228,-10.450445,1.106363
0.608000,0.169796,3.248500,-10.523924,1.103163
0.609000,0.168733,3.259736,-10.597405,1.100049
0.610000,0.167692,3.270934,-10.670889,1.097017
0.611000,0.166672,3.282096,-10.744377,1.094067
0.612000,0.165673,3.293223,-10.817871,1.091197
0.613000,0.164694,3.304315,-10.891372,1.088405
0.614000,0.163736,3.315372,-10.964881,1.085689
0.615000,0.162796,3.326395,-11.038399,1.083049
0.616000,0.161876,3.337384,-11.111928,1.080482
0.617000,0.160973,3.348340,-11.185469,1.077987
0.618000,0.160089,3.359264,-11.259023,1.075563
0.619000,0.159223,3.370155,-11.332592,1.073209
0.620000,0.158373,3.381014,-11.406175,1.070923
0.621000,0.157540,3.391842,-11.479776,1.068704
0.622000,0.156724,3.402640,-11.553394,1.066550
0.623000,0.155924,3.413406,-11.627031,1.064461
0.624000,0.155139,3.424143,-11.700688,1.062436
0.625000,0.154369,3.434850,-11.774366,1.060472
0.626000,0.153615,3.445528,-11.848066,1.058570
0.627000,0.152875,3.456177,-11.921790,1.056727
0.628000,0.152150,3.466798,-11.995537,1.054944
0.629000,0.151438,3.477390,-12.069309,1.053218
0.630000,0.150740,3.487955,-12.143108,1.051550
0.631000,0.150056,3.498493,-12.216934,1.049937
0.632000,0.149384,3.509003,-12.290788,1.048379
0.633000,0.148726,3.519487,-12.364671,1.046875
0.634000,0.148080,3.529945,-12.438584,1.045425
0.635000,0.147446,3.540377,-12.512527,1.044027
0.636000,0.146824,3.550783,-12.586503,1.042680
0.637000,0.146214,3.561164,-12.660511,1.041384
0.638000,0.145616,3.571520,-12.734553,1.040138
0.639000,0.145028,3.581852,-12.808629,1.038941
0.640000,0.144452,3.592159,-12.882741,1.037792
0.641000,0.143887,3.602442,-12.956888,1.036690
0.642000,0.143333,3.612702,-13.031073,1.035635
0.643000,0.142788,3.622939,-13.105295,1.034627
0.644000,0.142254,3.633152,-13.179556,1.033663
0.645000,0.141730,3.643342,-13.253856,1.032745
0.646000,0.141216,3.653510,-13.328197,1.031870
0.647000,0.140712,3.663656,-13.402578,1.031039
0.648000,0.140217,3.673780,-13.477000,1.030250
0.649000,0.139731,3.683882,-13.551466,1.029504
0.650000,0.139254,3.693963,-13.625974,1.028799
0.651000,0.138786,3.704023,-13.700526,1.028135
0.652000,0.138327,3.714062,-13.775122,1.027511
0.653000,0.137877,3.724080,-13.849764,1.026927
0.654000,0.137434,3.734078,-13.924451,1.026382
0.655000,0.137001,3.744056,-13.999185,1.025876
0.656000,0.136575,3.754014,-14.073967,1.025408
0.657000,0.136157,3.763952,-14.148796,1.024978
0.658000,0.135747,3.773871,-14.223673,1.024584
0.659000,0.135345,3.783770,-14.298600,1.024228
0.660000,0.134950,3.793651,-14.373577,1.023907
0.661000,0.134563,3.803513,-14.448604,1.023623
0.662000,0.134183,3.813356,-14.523681,1.023373
0.663000,0.133810,3.823181,-14.598811,1.023158
0.664000,0.133444,3.832988,-14.673993,1.022978
0.665000,0.133085,3.842777,-14.749227,1.022832
0.666000,0.132733,3.852549,-14.824515,1.022719
0.667000,0.132387,3.862303,-14.899856,1.022639
0.668000,0.132048,3.872039,-14.975252,1.022592
0.669000,0.131716,3.881759,-15.050703,1.022577
0.670000,0.131389,3.891462,-15.126209,1.022594
0.671000,0.131069,3.901147,-15.201772,1.022642
0.672000,0.130756,3.910817,-15.277391,1.022722
0.673000,0.130448,3.920470,-15.353067,1.022832
0.674000,0.130146,3.930107,-15.428801,1.022973
0.675000,0.129850,3.939728,-15.504593,1.023144
0.676000,0.129559,3.949333,-15.580443,1.023345
0.677000,0.129274,3.958922,-15.656352,1.023575
0.678000,0.128995,3.968496,-15.732321,1.023834
0.679000,0.128722,3.978055,-15.808350,1.024122
0.680000,0.128453,3.987598,-15.884440,1.024439
0.681000,0.128190,3.997127,-15.960590,1.024784
0.682000,0.127932,4.006641,-16.036802,1.025156
0.683000,0.127679,4.016140,-16.113075,1.025556
0.684000,0.127432,4.025624,-16.189411,1.025984
0.685000,0.127189,4.035094,-16.265810,1.026438
0.686000,0.126951,4.044550,-16.342271,1.026919
0.687000,0.126718,4.053992,-16.418796,1.027427
0.688000,0.126490,4.063420,-16.495385,1.027961
0.689000,0.126266,4.072835,-16.572039,1.028520
0.690000,0.126047,4.082235,-16.648757,1.029106
0.691000,0.125832,4.091622,-16.725541,1.029717
0.692000,0.125622,4.100996,-16.802390,1.030353
0.693000,0.125417,4.110357,-16.879305,1.031014
0.694000,0.125215,4.119704,-16.956286,1.031699
0.695000,0.125018,4.129039,-17.033334,1.032409
0.696000,0.124825,4.138361,-17.110449,1.033144
0.697000,0.124637,4.147670,-17.187631,1.033902
0.698000,0.124452,4.156966,-17.264882,1.034684
0.699000,0.124271,4.166251,-17.342200,1.035490
0.700000,0.124095,4.175522,-17.419587,1.036319
0.701000,0.123922,4.184782,-17.497043,1.037172
0.702000,0.123753,4.194029,-17.574568,1.038047
0.703000,0.123588,4.203265,-17.652163,1.038945
0.704000,0.123427,4.212489,-17.729827,1.039866
0.705000,0.123269,4.221701,-17.807562,1.040809
0.706000,0.123115,4.230901,-17.885367,1.041775
0.707000,0.122965,4.240090,-17.963243,1.042762
0.708000,0.122818,4.249268,-18.041190,1.043771
0.709000,0.122674,4.258434,-18.119209,1.044802
0.710000,0.122535,4.267589,-18.197300,1.045854
0.711000,0.122398,4.276733,-18.275462,1.046928
0.712000,0.122265,4.285866,-18.353697,1.048023
0.713000,0.122135,4.294988,-18.432005,1.049139
0.714000,0.122009,4.304099,-18.510386,1.050276
0.715000,0.121885,4.313200,-18.588840,1.051433
0.716000,0.121765,4.322290,-18.667367,1.052611
0.717000,0.121648,4.331370,-18.745968,1.053809
0.718000,0.121535,4.340439,-18.824644,1.055028
0.719000,0.121424,4.349499,-18.903394,1.056266
0.720000,0.121316,4.358547,-18.982218,1.057525
0.721000,0.121211,4.367586,-19.061118,1.058803
0.722000,0.121110,4.376615,-19.140092,1.060101
0.723000,0.121011,4.385634,-19.219142,1.061418
0.724000,0.120915,4.394643,-19.298268,1.062755
0.725000,0.120822,4.403643,-19.377470,1.064111
0.726000,0.120731,4.412632,-19.456748,1.065486
0.727000,0.120644,4.421613,-19.536102,1.066880
0.728000,0.120559,4.430583,-19.615534,1.068293
0.729000,0.120477,4.439545,-19.695042,1.069724
0.730000,0.120397,4.448497,-19.774627,1.071175
0.731000,0.120321,4.457440,-19.854290,1.072643
0.732000,0.120246,4.466373,-19.934030,1.074131
0.733000,0.120175,4.475298,-20.013849,1.075636
0.734000,0.120106,4.484213,-20.093745,1.077159
0.735000,0.120039,4.493120,-20.173720,1.078701
0.736000,0.119975,4.502018,-20.253773,1.080260
0.737000,0.119914,4.510907,-20.333905,1.081838
0.738000,0.119854,4.519788,-20.414117,1.083433
0.739000,0.119798,4.528660,-20.494407,1.085045
0.740000,0.119743,4.537523,-20.574777,1.086676
0.741000,0.119691,4.546378,-20.655226,1.088323
0.742000,0.119642,4.555224,-20.735756,1.089988
0.743000,0.119594,4.564063,-20.816365,1.091670
0.744000,0.119549,4.572893,-20.897055,1.093369
0.745000,0.119506,4.581714,-20.977825,1.095085
0.746000,0.119465,4.590528,-21.058676,1.096818
0.747000,0.119427,4.599334,-21.139607,1.098568
0.748000,0.119391,4.608131,-21.220620,1.100335
0.749000,0.119356,4.616921,-21.301714,1.102118
0.750000,0.119324,4.625703,-21.382889,1.103918
0.751000,0.119294,4.634477,-21.464146,1.105735
0.752000,0.119267,4.643243,-21.545485,1.107567
0.753000,0.119241,4.652002,-21.626905,1.109417
0.754000,0.119217,4.660753,-21.708408,1.111282
0.755000,0.119195,4.669497,-21.789993,1.113164
0.756000,0.119175,4.678233,-21.871661,1.115061
0.757000,0.119158,4.686962,-21.953411,1.116975
0.758000,0.119142,4.695683,-22.035245,1.118904
0.759000,0.119128,4.704397,-22.117161,1.120850
0.760000,0.119116,4.713104,-22.199160,1.122811
0.761000,0.119106,4.721804,-22.281243,1.124788
0.762000,0.119098,4.730496,-22.363410,1.126781
0.763000,0.119091,4.739182,-22.445660,1.128789
0.764000,0.119087,4.747860,-22.527993,1.130812
0.765000,0.119084,4.756532,-22.610411,1.132851
0.766000,0.119083,4.765196,-22.692913,1.134906
0.767000,0.119084,4.773854,-22.775500,1.136976
0.768000,0.119086,4.782505,-22.858170,1.139061
0.769000,0.119091,4.791149,-22.940926,1.141161
0.770000,0.119097,4.799786,-23.023766,1.143276
0.771000,0.119104,4.808417,-23.106691,1.145407
0.772000,0.119114,4.817042,-23.189701,1.147552
0.773000,0.119125,4.825659,-23.272797,1.149712
0.774000,0.119138,4.834271,-23.355978,1.151888
0.775000,0.119152,4.842875,-23.439244,1.154078
0.776000,0.119168,4.851474,-23.522596,1.156282
0.777000,0.119186,4.860066,-23.606034,1.158502
0.778000,0.119205,4.868651,-23.689557,1.160736
0.779000,0.119226,4.877231,-23.773167,1.162985
0.780000,0.119248,4.885804,-23.856863,1.165248
0.781000,0.119272,4.894371,-23.940645,1.167526
0.782000,0.119298,4.902932,-24.024514,1.169818
0.783000,0.119325,4.911487,-24.108469,1.172125
0.784000,0.119353,4.920036,-24.192511,1.174446
0.785000,0.119383,4.928579,-24.276640,1.176781
0.786000,0.119415,4.937116,-24.360855,1.179131
0.787000,0.119448,4.945647,-24.445158,1.181494
0.788000,0.119482,4.954172,-24.529548,1.183872
0.789000,0.119518,4.962692,-24.614026,1.186264
0.790000,0.119556,4.971206,-24.698591,1.188670
0.791000,0.119594,4.979713,-24.783243,1.191090
0.792000,0.119634,4.988216,-24.867983,1.193524
0.793000,0.119676,4.996712,-24.952811,1.195972
0.794000,0.119719,5.005203,-25.037727,1.198434
0.795000,0.119763,5.013689,-25.122731,1.200910
0.796000,0.119809,5.022169,-25.207824,1.203400
0.797000,0.119856,5.030643,-25.293004,1.205903
0.798000,0.119904,5.039112,-25.378273,1.208420
0.799000,0.119954,5.047576,-25.463630,1.210951
0.800000,0.120005,5.056034,-25.549076,1.213495
0.801000,0.120057,5.064487,-25.634611,1.216053
0.802000,0.120110,5.072934,-25.720234,1.218625
0.803000,0.120165,5.081376,-25.805947,1.221210
0.804000,0.120221,5.089814,-25.891748,1.223809
0.805000,0.120279,5.098245,-25.977639,1.226421
0.806000,0.120337,5.106672,-26.063619,1.229046
0.807000,0.120397,5.115094,-26.149688,1.231685
0.808000,0.120458,5.123510,-26.235847,1.234338
0.809000,0.120520,5.131922,-26.322095,1.237003
0.810000,0.120584,5.140328,-26.408433,1.239682
0.811000,0.120649,5.148730,-26.494860,1.242374
0.812000,0.120715,5.157126,-26.581378,1.245080
0.813000,0.120782,5.165518,-26.667985,1.247799
0.814000,0.120850,5.173904,-26.754683,1.250530
0.815000,0.120919,5.182286,-26.841470,1.253276
0.816000,0.120990,5.190663,-26.928348,1.256034
0.817000,0.121061,5.199036,-27.015316,1.258805
0.818000,0.121134,5.207403,-27.102375,1.261589
0.819000,0.121208,5.215766,-27.189524,1.264386
0.820000,0.121283,5.224124,-27.276763,1.267197
0.821000,0.121359,5.232478,-27.364093,1.270020
0.822000,0.121437,5.240826,-27.451514,1.272856
0.823000,0.121515,5.249171,-27.539026,1.275705
0.824000,0.121594,5.257510,-27.626629,1.278567
0.825000,0.121675,5.265845,-27.714323,1.281442
0.826000,0.121756,5.274176,-27.802108,1.284330
0.827000,0.121839,5.282502,-27.889984,1.287231
0.828000,0.121923,5.290824,-27.977951,1.290144
0.829000,0.122008,5.299141,-28.066010,1.293070
0.830000,0.122093,5.307454,-28.154160,1.296009
0.831000,0.122180,5.315762,-28.242402,1.298961
0.832000,0.122268,5.324067,-28.330735,1.301925
0.833000,0.122357,5.332366,-28.419160,1.304902
0.834000,0.122447,5.340662,-28.507677,1.307892
0.835000,0.122537,5.348953,-28.596286,1.310894
0.836000,0.122629,5.357240,-28.684986,1.313909
0.837000,0.122722,5.365523,-28.773779,1.316937
0.838000,0.122816,5.373802,-28.862663,1.319977
0.839000,0.122911,5.382076,-28.951640,1.323029
0.840000,0.123006,5.390347,-29.040709,1.326095
0.841000,0.123103,5.398613,-29.129870,1.329172
0.842000,0.123201,5.406875,-29.219124,1.332262
0.843000,0.123299,5.415134,-29.308470,1.335365
0.844000,0.123399,5.423388,-29.397908,1.338480
0.845000,0.123499,5.431638,-29.487439,1.341608
0.846000,0.123601,5.439884,-29.577063,1.344748
0.847000,0.123703,5.448126,-29.666779,1.347900
0.848000,0.123806,5.456365,-29.756588,1.351065
0.849000,0.123910,5.464599,-29.846490,1.354242
0.850000,0.124016,5.472830,-29.936485,1.357432
0.851000,0.124121,5.481056,-30.026573,1.360634
0.852000,0.124228,5.489279,-30.116754,1.363848
0.853000,0.124336,5.497498,-30.207028,1.367074
0.854000,0.124445,5.505714,-30.297396,1.370313
0.855000,0.124554,5.513925,-30.387856,1.373564
0.856000,0.124664,5.522133,-30.478410,1.376827
0.857000,0.124776,5.530337,-30.569057,1.380103
0.858000,0.124888,5.538537,-30.659798,1.383391
0.859000,0.125001,5.546734,-30.750632,1.386691
0.860000,0.125114,5.554927,-30.841560,1.390003
0.861000,0.125229,5.563116,-30.932581,1.393327
0.862000,0.125344,5.571302,-31.023696,1.396664
0.863000,0.125461,5.579484,-31.114905,1.400012
0.864000,0.125578,5.587663,-31.206207,1.403373
0.865000,0.125696,5.595838,-31.297604,1.406746
0.866000,0.125814,5.604010,-31.389094,1.410131
0.867000,0.125934,5.612178,-31.480679,1.413529
0.868000,0.126054,5.620342,-31.572357,1.416938
0.869000,0.126176,5.628503,-31.664129,1.420359
0.870000,0.126298,5.636661,-31.755996,1.423793
0.871000,0.126420,5.644815,-31.847957,1.427238
0.872000,0.126544,5.652966,-31.940012,1.430696
0.873000,0.126668,5.661114,-32.032161,1.434166
0.874000,0.126793,5.669258,-32.124405,1.437647
0.875000,0.126919,5.677398,-32.216743,1.441141
0.876000,0.127046,5.685536,-32.309176,1.444647
0.877000,0.127173,5.693670,-32.401703,1.448164
0.878000,0.127301,5.701801,-32.494325,1.451694
0.879000,0.127430,5.709928,-32.587042,1.455236
0.880000,0.127560,5.718052,-32.679853,1.458789
0.881000,0.127690,5.726174,-32.772759,1.462355
0.882000,0.127822,5.734291,-32.865759,1.465932
0.883000,0.127954,5.742406,-32.958855,1.469522
0.884000,0.128086,5.750517,-33.052045,1.473123
0.885000,0.128220,5.758626,-33.145331,1.476737
0.886000,0.128354,5.766731,-33.238711,1.480362
0.887000,0.128488,5.774833,-33.332186,1.483999
0.888000,0.128624,5.782932,-33.425757,1.487648
0.889000,0.128760,5.791028,-33.519423,1.491309
0.890000,0.128897,5.799120,-33.613183,1.494982
0.891000,0.129035,5.807210,-33.707039,1.498667
0.892000,0.129173,5.815297,-33.800991,1.502364
0.893000,0.129313,5.823380,-33.895037,1.506072
0.894000,0.129452,5.831461,-33.989179,1.509792
0.895000,0.129593,5.839539,-34.083417,1.513525
0.896000,0.129734,5.847613,-34.177750,1.517269
0.897000,0.129876,5.855685,-34.272178,1.521025
0.898000,0.130018,5.863754,-34.366702,1.524792
0.899000,0.130162,5.871819,-34.461322,1.528572
0.900000,0.130306,5.879882,-34.556037,1.532363
0.901000,0.130450,5.887942,-34.650848,1.536167
0.902000,0.130595,5.895999,-34.745755,1.539982
0.903000,0.130741,5.904054,-34.840757,1.543808
0.904000,0.130888,5.912105,-34.935855,1.547647
0.905000,0.131035,5.920154,-35.031049,1.551497
0.906000,0.131183,5.928199,-35.126339,1.555360
0.907000,0.131332,5.936242,-35.221725,1.559234
0.908000,0.131481,5.944282,-35.317207,1.563119
0.909000,0.131631,5.952320,-35.412785,1.567017
0.910000,0.131781,5.960354,-35.508459,1.570926
0.911000,0.131932,5.968386,-35.604229,1.574847
0.912000,0.132084,5.976415,-35.700095,1.578780
0.913000,0.132237,5.984442,-35.796058,1.582725
0.914000,0.132390,5.992466,-35.892116,1.586681
0.915000,0.132543,6.000487,-35.988271,1.590649
0.916000,0.132698,6.008505,-36.084522,1.594629
0.917000,0.132853,6.016521,-36.180870,1.598621
0.918000,0.133008,6.024534,-36.277314,1.602624
0.919000,0.133164,6.032544,-36.373854,1.606639
0.920000,0.133321,6.040552,-36.470491,1.610666
0.921000,0.133478,6.048557,-36.567224,1.614705
0.922000,0.133637,6.056559,-36.664054,1.618755
0.923000,0.133795,6.064559,-36.760980,1.622817
0.924000,0.133954,6.072557,-36.858003,1.626891
0.925000,0.134114,6.080552,-36.955123,1.630976
0.926000,0.134275,6.088544,-37.052339,1.635073
0.927000,0.134436,6.096534,-37.149652,1.639182
0.928000,0.134597,6.104521,-37.247061,1.643303
0.929000,0.134759,6.112506,-37.344568,1.647435
0.930000,0.134922,6.120488,-37.442171,1.651579
0.931000,0.135086,6.128468,-37.539871,1.655735
0.932000,0.135249,6.136445,-37.637668,1.659902
0.933000,0.135414,6.144420,-37.735562,1.664081
0.934000,0.135579,6.152393,-37.833553,1.668272
0.935000,0.135745,6.160363,-37.931640,1.672475
0.936000,0.135911,6.168330,-38.029825,1.676689
0.937000,0.136078,6.176295,-38.128107,1.680915
0.938000,0.136245,6.184258,-38.226486,1.685153
0.939000,0.136413,6.192219,-38.324962,1.689402
0.940000,0.136582,6.200177,-38.423535,1.693663
0.941000,0.136751,6.208132,-38.522205,1.697936
0.942000,0.136921,6.216086,-38.620972,1.702220
0.943000,0.137091,6.224037,-38.719837,1.706516
0.944000,0.137262,6.231985,-38.818799,1.710824
0.945000,0.137433,6.239932,-38.917858,1.715144
0.946000,0.137605,6.247876,-39.017015,1.719475
0.947000,0.137777,6.255817,-39.116269,1.723818
0.948000,0.137950,6.263757,-39.215620,1.728172
0.949000,0.138124,6.271694,-39.315069,1.732539
0.950000,0.138298,6.279629,-39.414615,1.736917
0.951000,0.138472,6.287562,-39.514258,1.741306
0.952000,0.138647,6.295492,-39.614000,1.745708
0.953000,0.138823,6.303420,-39.713838,1.750121
0.954000,0.138999,6.311347,-39.813774,1.754546
0.955000,0.139176,6.319270,-39.913808,1.758982
0.956000,0.139353,6.327192,-40.013939,1.763430
0.957000,0.139531,6.335111,-40.114168,1.767890
0.958000,0.139709,6.343029,-40.214495,1.772362
0.959000,0.139888,6.350944,-40.314919,1.776845
0.960000,0.140068,6.358857,-40.415442,1.781340
0.961000,0.140248,6.366768,-40.516061,1.785847
0.962000,0.140428,6.374676,-40.616779,1.790365
0.963000,0.140609,6.382583,-40.717594,1.794895
0.964000,0.140790,6.390487,-40.818508,1.799437
0.965000,0.140972,6.398390,-40.919519,1.803990
0.966000,0.141155,6.406290,-41.020628,1.808555
0.967000,0.141338,6.414188,-41.121835,1.813132
0.968000,0.141521,6.422084,-41.223139,1.817721
0.969000,0.141705,6.429978,-41.324542,1.822321
0.970000,0.141890,6.437870,-41.426043,1.826933
0.971000,0.142075,6.445760,-41.527642,1.831557
0.972000,0.142260,6.453648,-41.629338,1.836192
0.973000,0.142446,6.461534,-41.731133,1.840840
0.974000,0.142632,6.469418,-41.833026,1.845498
0.975000,0.142819,6.477300,-41.935017,1.850169
0.976000,0.143007,6.485180,-42.037106,1.854851
0.977000,0.143195,6.493058,-42.139294,1.859545
0.978000,0.143383,6.500934,-42.241579,1.864251
0.979000,0.143572,6.508808,-42.343963,1.868969
0.980000,0.143762,6.516680,-42.446445,1.873698
0.981000,0.143952,6.524550,-42.549025,1.878439
0.982000,0.144142,6.532418,-42.651704,1.883192
0.983000,0.144333,6.540284,-42.754480,1.887956
0.984000,0.144524,6.548148,-42.857355,1.892732
0.985000,0.144716,6.556010,-42.960329,1.897520
0.986000,0.144908,6.563871,-43.063401,1.902320
0.987000,0.145101,6.571729,-43.166571,1.907132
0.988000,0.145294,6.579586,-43.269839,1.911955
0.989000,0.145488,6.587441,-43.373206,1.916790
0.990000,0.145682,6.595293,-43.476672,1.921636
0.991000,0.145877,6.603144,-43.580236,1.926495
0.992000,0.146072,6.610994,-43.683898,1.931365
0.993000,0.146268,6.618841,-43.787659,1.936247
0.994000,0.146464,6.626686,-43.891518,1.941141
0.995000,0.146660,6.634530,-43.995476,1.946047
0.996000,0.146857,6.642372,-44.099533,1.950964
0.997000,0.147055,6.650212,-44.203688,1.955893
0.998000,0.147253,6.658050,-44.307942,1.960834
0.999000,0.147451,6.665886,-44.412294,1.965787
1.000000,0.147650,6.673721,-44.516746,1.970751
1.001000,0.147849,6.681553,-44.621295,1.975727
1.002000,0.148049,6.689384,-44.725944,1.980716
1.003000,0.148249,6.697214,-44.830691,1.985715
1.004000,0.148450,6.705041,-44.935537,1.990727
1.005000,0.148651,6.712867,-45.040482,1.995751
1.006000,0.148853,6.720691,-45.145525,2.000786
1.007000,0.149055,6.728513,-45.250668,2.005833
1.008000,0.149257,6.736333,-45.355909,2.010892
1.009000,0.149460,6.744152,-45.461249,2.015963
1.010000,0.149663,6.751969,-45.566687,2.021046
1.011000,0.149867,6.759784,-45.672225,2.026140
1.012000,0.150071,6.767598,-45.777862,2.031246
1.013000,0.150276,6.775410,-45.883597,2.036365
1.014000,0.150481,6.783220,-45.989432,2.041495
1.015000,0.150687,6.791029,-46.095365,2.046636
1.016000,0.150893,6.798836,-46.201397,2.051790
1.017000,0.151099,6.806641,-46.307529,2.056956
1.018000,0.151306,6.814444,-46.413759,2.062133
1.019000,0.151513,6.822246,-46.520088,2.067322
1.020000,0.151721,6.830047,-46.626517,2.072524
1.021000,0.151929,6.837845,-46.733044,2.077737
1.022000,0.152138,6.845642,-46.839671,2.082962
1.023000,0.152347,6.853438,-46.946396,2.088198
1.024000,0.152556,6.861231,-47.053221,2.093447
1.025000,0.152766,6.869023,-47.160145,2.098708
1.026000,0.152976,6.876814,-47.267168,2.103980
1.027000,0.153187,6.884603,-47.374290,2.109265
1.028000,0.153398,6.892390,-47.481511,2.114561
1.029000,0.153610,6.900176,-47.588832,2.119869
1.030000,0.153822,6.907960,-47.696251,2.125190
1.031000,0.154034,6.915743,-47.803770,2.130522
1.032000,0.154247,6.923524,-47.911388,2.135866
1.033000,0.154460,6.931303,-48.019106,2.141222
1.034000,0.154674,6.939081,-48.126922,2.146590
1.035000,0.154888,6.946857,-48.234838,2.151969
1.036000,0.155102,6.954632,-48.342854,2.157361
1.037000,0.155317,6.962406,-48.450968,2.162765
1.038000,0.155533,6.970177,-48.559182,2.168181
1.039000,0.155748,6.977948,-48.667495,2.173608
1.040000,0.155965,6.985716,-48.775908,2.179048
1.041000,0.156181,6.993484,-48.884420,2.184500
1.042000,0.156398,7.001249,-48.993031,2.189963
1.043000,0.156615,7.009014,-49.101742,2.195439
1.044000,0.156833,7.016776,-49.210552,2.200927
1.045000,0.157051,7.024538,-49.319462,2.206426
1.046000,0.157270,7.032297,-49.428471,2.211938
1.047000,0.157489,7.040056,-49.537580,2.217462
1.048000,0.157708,7.047812,-49.646788,2.222997
1.049000,0.157928,7.055568,-49.756095,2.228545
1.050000,0.158148,7.063322,-49.865502,2.234105
1.051000,0.158369,7.071074,-49.975009,2.239676
1.052000,0.158590,7.078825,-50.084615,2.245260
1.053000,0.158811,7.086575,-50.194321,2.250856
1.054000,0.159033,7.094323,-50.304126,2.256464
1.055000,0.159255,7.102070,-50.414031,2.262084
1.056000,0.159478,7.109815,-50.524035,2.267716
1.057000,0.159701,7.117559,-50.634139,2.273360
1.058000,0.159924,7.125301,-50.744343,2.279016
1.059000,0.160148,7.133042,-50.854646,2.284684
1.060000,0.160372,7.140782,-50.965049,2.290364
1.061000,0.160597,7.148520,-51.075552,2.296057
1.062000,0.160822,7.156257,-51.186154,2.301761
1.063000,0.161047,7.163993,-51.296856,2.307478
1.064000,0.161273,7.171727,-51.407658,2.313207
1.065000,0.161499,7.179460,-51.518559,2.318947
1.066000,0.161725,7.187191,-51.629560,2.324700
1.067000,0.161952,7.194921,-51.740661,2.330466
1.068000,0.162179,7.202650,-51.851862,2.336243
1.069000,0.162407,7.210377,-51.963162,2.342032
1.070000,0.162635,7.218103,-52.074562,2.347834
1.071000,0.162864,7.225828,-52.186062,2.353647
1.072000,0.163092,7.233551,-52.297662,2.359473
1.073000,0.163321,7.241273,-52.409361,2.365311
1.074000,0.163551,7.248994,-52.521161,2.371161
1.075000,0.163781,7.256713,-52.633060,2.377024
1.076000,0.164011,7.264431,-52.745059,2.382898
1.077000,0.164242,7.272148,-52.857158,2.388785
1.078000,0.164473,7.279863,-52.969357,2.394684
1.079000,0.164705,7.287577,-53.081655,2.400595
1.080000,0.164936,7.295290,-53.194054,2.406518
1.081000,0.165169,7.303002,-53.306552,2.412454
1.082000,0.165401,7.310712,-53.419151,2.418402
1.083000,0.165634,7.318421,-53.531849,2.424362
1.084000,0.165868,7.326129,-53.644647,2.430334
1.085000,0.166101,7.333835,-53.757545,2.436318
1.086000,0.166335,7.341540,-53.870544,2.442315
1.087000,0.166570,7.349244,-53.983642,2.448324
1.088000,0.166805,7.356947,-54.096840,2.454345
1.089000,0.167040,7.364648,-54.210138,2.460379
1.090000,0.167275,7.372348,-54.323536,2.466425
1.091000,0.167511,7.380047,-54.437034,2.472483
1.092000,0.167748,7.387745,-54.550632,2.478553
1.093000,0.167984,7.395441,-54.664330,2.484636
1.094000,0.168221,7.403136,-54.778129,2.490731
1.095000,0.168459,7.410830,-54.892027,2.496838
1.096000,0.168697,7.418523,-55.006025,2.502958
1.097000,0.168935,7.426215,-55.120124,2.509090
1.098000,0.169173,7.433905,-55.234322,2.515234
1.099000,0.169412,7.441594,-55.348621,2.521391
1.100000,0.169651,7.449282,-55.463020,2.527560
1.101000,0.169891,7.456969,-55.577519,2.533741
1.102000,0.170131,7.464654,-55.692118,2.539935
1.103000,0.170371,7.472339,-55.806817,2.546141
1.104000,0.170612,7.480022,-55.921616,2.552359
1.105000,0.170853,7.487704,-56.036516,2.558590
1.106000,0.171094,7.495384,-56.151515,2.564833
1.107000,0.171336,7.503064,-56.266615,2.571089
1.108000,0.171578,7.510743,-56.381815,2.577357
1.109000,0.171821,7.518420,-56.497115,2.583638
1.110000,0.172063,7.526096,-56.612516,2.589930
1.111000,0.172307,7.533771,-56.728016,2.596236
1.112000,0.172550,7.541445,-56.843617,2.602553
1.113000,0.172794,7.549118,-56.959318,2.608884
1.114000,0.173038,7.556789,-57.075119,2.615226
1.115000,0.173283,7.564460,-57.191021,2.621581
1.116000,0.173528,7.572129,-57.307023,2.627949
1.117000,0.173773,7.579797,-57.423125,2.634329
1.118000,0.174019,7.587464,-57.539327,2.640721
1.119000,0.174265,7.595130,-57.655630,2.647126
1.120000,0.174511,7.602795,-57.772033,2.653544
1.121000,0.174758,7.610458,-57.888536,2.659974
1.122000,0.175005,7.618121,-58.005140,2.666416
1.123000,0.175252,7.625782,-58.121844,2.672871
1.124000,0.175500,7.633443,-58.238648,2.679339
1.125000,0.175748,7.641102,-58.355553,2.685819
1.126000,0.175997,7.648760,-58.472558,2.692311
1.127000,0.176245,7.656417,-58.589663,2.698816
1.128000,0.176495,7.664073,-58.706868,2.705334
1.129000,0.176744,7.671728,-58.824175,2.711864
1.130000,0.176994,7.679382,-58.941581,2.718407
1.131000,0.177244,7.687035,-59.059088,2.724963
1.132000,0.177495,7.694686,-59.176695,2.731530
1.133000,0.177745,7.702337,-59.294403,2.738111
1.134000,0.177997,7.709987,-59.412211,2.744704
1.135000,0.178248,7.717635,-59.530119,2.751310
1.136000,0.178500,7.725283,-59.648128,2.757928
1.137000,0.178752,7.732929,-59.766237,2.764559
1.138000,0.179005,7.740574,-59.884447,2.771203
1.139000,0.179258,7.748219,-60.002757,2.777859
1.140000,0.179511,7.755862,-60.121168,2.784528
1.141000,0.179765,7.763504,-60.239679,2.791210
1.142000,0.180019,7.771145,-60.358291,2.797904
1.143000,0.180273,7.778785,-60.477003,2.804611
1.144000,0.180528,7.786424,-60.595816,2.811330
1.145000,0.180783,7.794063,-60.714729,2.818063
1.146000,0.181038,7.801700,-60.833742,2.824808
1.147000,0.181294,7.809336,-60.952857,2.831565
1.148000,0.181550,7.816971,-61.072071,2.838336
1.149000,0.181806,7.824605,-61.191386,2.845119
1.150000,0.182063,7.832238,-61.310802,2.851915
1.151000,0.182320,7.839870,-61.430318,2.858723
1.152000,0.182577,7.847501,-61.549935,2.865544
1.153000,0.182835,7.855131,-61.669653,2.872378
1.154000,0.183093,7.862760,-61.789471,2.879225
1.155000,0.183351,7.870388,-61.909389,2.886085
1.156000,0.183610,7.878015,-62.029408,2.892957
1.157000,0.183869,7.885641,-62.149528,2.899842
1.158000,0.184128,7.893266,-62.269748,2.906740
1.159000,0.184387,7.900890,-62.390069,2.913651
1.160000,0.184647,7.908513,-62.510491,2.920574
1.161000,0.184908,7.916136,-62.631013,2.927510
1.162000,0.185168,7.923757,-62.751635,2.934460
1.163000,0.185429,7.931377,-62.872359,2.941422
1.164000,0.185691,7.938996,-62.993183,2.948396
1.165000,0.185952,7.946615,-63.114107,2.955384
1.166000,0.186214,7.954232,-63.235133,2.962384
1.167000,0.186477,7.961849,-63.356259,2.969398
1.168000,0.186739,7.969464,-63.477485,2.976424
1.169000,0.187002,7.977079,-63.598812,2.983463
1.170000,0.187266,7.984692,-63.720240,2.990515
1.171000,0.187529,7.992305,-63.841769,2.997580
1.172000,0.187793,7.999917,-63.963398,3.004658
1.173000,0.188057,8.007527,-64.085128,3.011748
1.174000,0.188322,8.015137,-64.206959,3.018852
1.175000,0.188587,8.022746,-64.328890,3.025968
1.176000,0.188852,8.030354,-64.450922,3.033098
1.177000,0.189118,8.037961,-64.573055,3.040240
1.178000,0.189384,8.045567,-64.695288,3.047396
1.179000,0.189650,8.053173,-64.817623,3.054564
1.180000,0.189916,8.060777,-64.940057,3.061745
1.181000,0.190183,8.068380,-65.062593,3.068939
1.182000,0.190450,8.075983,-65.185230,3.076147
1.183000,0.190718,8.083585,-65.307967,3.083367
1.184000,0.190986,8.091185,-65.430805,3.090600
1.185000,0.191254,8.098785,-65.553743,3.097846
1.186000,0.191522,8.106384,-65.676783,3.105106
1.187000,0.191791,8.113982,-65.799923,3.112378
1.188000,0.192060,8.121579,-65.923164,3.119663
1.189000,0.192330,8.129176,-66.046506,3.126962
1.190000,0.192599,8.136771,-66.169948,3.134273
1.191000,0.192869,8.144366,-66.293492,3.141598
1.192000,0.193140,8.151959,-66.417136,3.148935
1.193000,0.193410,8.159552,-66.540881,3.156286
1.194000,0.193682,8.167144,-66.664726,3.163650
1.195000,0.193953,8.174735,-66.788673,3.171026
1.196000,0.194225,8.182325,-66.912720,3.178416
1.197000,0.194496,8.189914,-67.036869,3.185819
1.198000,0.194769,8.197503,-67.161118,3.193235
1.199000,0.195041,8.205090,-67.285468,3.200665
1.200000,0.195314,8.212677,-67.409918,3.208107
