Peña-Rodríguez & Rioux calculated dielectric data (0Au/100Ag) prepared by Alexander Al-Feghali al-fegha.li, Blum and Cosa Lab, McGill University
1 2 3 0 0 = columns for wave, Re(n), Im(n), eps1, eps2
wave(um)   Re(n)     Im(n)     eps1      eps2
1	2	3	0	0	=	columns	for	wave,	Re(n),	Im(n),	eps1,	eps2
wave(um)	Re(n)	Im(n)	eps1	eps2
Rioux	calculated	dielectric	data	(45Au/55Ag)
wave(um),Re(n),Im(n),eps1,eps2
0.270000,1.331470,1.538680,-0.594725,4.097413
0.271000,1.334381,1.541341,-0.595158,4.113471
0.272000,1.337266,1.543930,-0.595440,4.129289
0.273000,1.340123,1.546448,-0.595572,4.144860
0.274000,1.342951,1.548894,-0.595555,4.160180
0.275000,1.345750,1.551269,-0.595392,4.175242
0.276000,1.348518,1.553572,-0.595084,4.190041
0.277000,1.351254,1.555803,-0.594634,4.204571
0.278000,1.353957,1.557961,-0.594043,4.218826
0.279000,1.356625,1.560047,-0.593314,4.232799
0.280000,1.359258,1.562060,-0.592450,4.246486
0.281000,1.361854,1.564001,-0.591453,4.259880
0.282000,1.364411,1.565868,-0.590325,4.272975
0.283000,1.366929,1.567662,-0.589071,4.285765
0.284000,1.369405,1.569383,-0.587693,4.298244
0.285000,1.371840,1.571031,-0.586194,4.310406
0.286000,1.374230,1.572605,-0.584579,4.322244
0.287000,1.376576,1.574106,-0.582850,4.333753
0.288000,1.378875,1.575534,-0.581012,4.344927
0.289000,1.381125,1.576888,-0.579068,4.355758
0.290000,1.383326,1.578168,-0.577023,4.366241
0.291000,1.385476,1.579375,-0.574882,4.376370
0.292000,1.387572,1.580508,-0.572649,4.386139
0.293000,1.389615,1.581568,-0.570329,4.395541
0.294000,1.391601,1.582555,-0.567928,4.404571
0.295000,1.393530,1.583469,-0.565450,4.413222
0.296000,1.395399,1.584310,-0.562901,4.421489
0.297000,1.397207,1.585079,-0.560288,4.429364
0.298000,1.398952,1.585775,-0.557615,4.436844
0.299000,1.400632,1.586398,-0.554890,4.443921
0.300000,1.402246,1.586951,-0.552119,4.450590
0.301000,1.403791,1.587431,-0.549309,4.456845
0.302000,1.405266,1.587841,-0.546467,4.462681
0.303000,1.406670,1.588181,-0.543599,4.468092
0.304000,1.407999,1.588451,-0.540715,4.473073
0.305000,1.409252,1.588651,-0.537820,4.477620
0.306000,1.410428,1.588783,-0.534925,4.481726
0.307000,1.411523,1.588847,-0.532035,4.485387
0.308000,1.412537,1.588843,-0.529162,4.488599
0.309000,1.413467,1.588773,-0.526312,4.491357
0.310000,1.414311,1.588638,-0.523495,4.493657
0.311000,1.415068,1.588438,-0.520720,4.495495
0.312000,1.415734,1.588175,-0.517997,4.496867
0.313000,1.416309,1.587849,-0.515335,4.497770
0.314000,1.416789,1.587462,-0.512744,4.498200
0.315000,1.417174,1.587015,-0.510235,4.498154
0.316000,1.417461,1.586510,-0.507817,4.497631
0.317000,1.417648,1.585947,-0.505501,4.496627
0.318000,1.417732,1.585328,-0.503299,4.495141
0.319000,1.417713,1.584655,-0.501219,4.493171
0.320000,1.417588,1.583929,-0.499274,4.490716
0.321000,1.417355,1.583152,-0.497475,4.487775
0.322000,1.417012,1.582326,-0.495833,4.484347
0.323000,1.416557,1.581452,-0.494359,4.480433
0.324000,1.415988,1.580533,-0.493064,4.476033
0.325000,1.415304,1.579571,-0.491960,4.471147
0.326000,1.414503,1.578568,-0.491058,4.465777
0.327000,1.413582,1.577525,-0.490371,4.459924
0.328000,1.412542,1.576446,-0.489908,4.453591
0.329000,1.411378,1.575332,-0.489682,4.446779
0.330000,1.410091,1.574186,-0.489704,4.439493
0.331000,1.408679,1.573011,-0.489986,4.431735
0.332000,1.407140,1.571808,-0.490537,4.423510
0.333000,1.405474,1.570581,-0.491370,4.414821
0.334000,1.403678,1.569333,-0.492495,4.405674
0.335000,1.401751,1.568065,-0.493922,4.396074
0.336000,1.399693,1.566781,-0.495662,4.386027
0.337000,1.397503,1.565484,-0.497725,4.375538
0.338000,1.395180,1.564176,-0.500121,4.364615
0.339000,1.392723,1.562861,-0.502858,4.353264
0.340000,1.390131,1.561541,-0.505946,4.341493
0.341000,1.387404,1.560219,-0.509394,4.329308
0.342000,1.384542,1.558898,-0.513209,4.316720
0.343000,1.381544,1.557582,-0.517399,4.303734
0.344000,1.378409,1.556272,-0.521971,4.290361
0.345000,1.375139,1.554973,-0.526933,4.276609
0.346000,1.371733,1.553687,-0.532290,4.262487
0.347000,1.368191,1.552416,-0.538049,4.248005
0.348000,1.364514,1.551164,-0.544213,4.233170
0.349000,1.360701,1.549934,-0.550787,4.217994
0.350000,1.356754,1.548728,-0.557777,4.202486
0.351000,1.352673,1.547549,-0.565183,4.186654
0.352000,1.348458,1.546399,-0.573011,4.170508
0.353000,1.344111,1.545281,-0.581260,4.154058
0.354000,1.339632,1.544198,-0.589934,4.137313
0.355000,1.335022,1.543151,-0.599032,4.120281
0.356000,1.330282,1.542144,-0.608556,4.102972
0.357000,1.325414,1.541177,-0.618504,4.085393
0.358000,1.320417,1.540253,-0.628877,4.067553
0.359000,1.315294,1.539374,-0.639671,4.049459
0.360000,1.310046,1.538541,-0.650887,4.031118
0.361000,1.304673,1.537755,-0.662520,4.012536
0.362000,1.299177,1.537020,-0.674569,3.993720
0.363000,1.293558,1.536334,-0.687030,3.974675
0.364000,1.287818,1.535700,-0.699900,3.955405
0.365000,1.281957,1.535119,-0.713174,3.935914
0.366000,1.275977,1.534590,-0.726849,3.916205
0.367000,1.269878,1.534116,-0.740921,3.896279
0.368000,1.263660,1.533695,-0.755385,3.876139
0.369000,1.257324,1.533330,-0.770237,3.855784
0.370000,1.250870,1.533019,-0.785472,3.835214
0.371000,1.244297,1.532763,-0.801087,3.814426
0.372000,1.237606,1.532563,-0.817079,3.793418
0.373000,1.230796,1.532417,-0.833444,3.772185
0.374000,1.223865,1.532327,-0.850179,3.750723
0.375000,1.216813,1.532292,-0.867283,3.729026
0.376000,1.209638,1.532312,-0.884755,3.707086
0.377000,1.202338,1.532387,-0.902594,3.684895
0.378000,1.194910,1.532519,-0.920803,3.662444
0.379000,1.187352,1.532706,-0.939384,3.639723
0.380000,1.179660,1.532951,-0.958342,3.616720
0.381000,1.171830,1.533254,-0.977681,3.593425
0.382000,1.163859,1.533616,-0.997412,3.569826
0.383000,1.155741,1.534041,-1.017543,3.545909
0.384000,1.147473,1.534530,-1.038087,3.521663
0.385000,1.139048,1.535087,-1.059060,3.497076
0.386000,1.130462,1.535715,-1.080478,3.472135
0.387000,1.121708,1.536421,-1.102363,3.446831
0.388000,1.112780,1.537210,-1.124736,3.421153
0.389000,1.103673,1.538089,-1.147625,3.395095
0.390000,1.094381,1.539067,-1.171056,3.368651
0.391000,1.084899,1.540151,-1.195060,3.341818
0.392000,1.075222,1.541354,-1.219671,3.314596
0.393000,1.065346,1.542687,-1.244922,3.286991
0.394000,1.055268,1.544163,-1.270849,3.259010
0.395000,1.044985,1.545795,-1.297488,3.230665
0.396000,1.034498,1.547599,-1.324876,3.201974
0.397000,1.023806,1.549589,-1.353048,3.172959
0.398000,1.012913,1.551784,-1.382039,3.143644
0.399000,1.001823,1.554198,-1.411881,3.114063
0.400000,0.990542,1.556848,-1.442603,3.084248
0.401000,0.979078,1.559752,-1.474231,3.054239
0.402000,0.967442,1.562924,-1.506788,3.024078
0.403000,0.955645,1.566381,-1.540292,2.993808
0.404000,0.943701,1.570136,-1.574754,2.963477
0.405000,0.931625,1.574201,-1.610185,2.933131
0.406000,0.919434,1.578590,-1.646586,2.902819
0.407000,0.907146,1.583310,-1.683958,2.872588
0.408000,0.894779,1.588371,-1.722294,2.842484
0.409000,0.882354,1.593779,-1.761584,2.812553
0.410000,0.869889,1.599538,-1.801816,2.782839
0.411000,0.857405,1.605651,-1.842971,2.753384
0.412000,0.844922,1.612118,-1.885031,2.724226
0.413000,0.832460,1.618938,-1.927971,2.695402
0.414000,0.820039,1.626110,-1.971769,2.666946
0.415000,0.807678,1.633628,-2.016396,2.638890
0.416000,0.795395,1.641487,-2.061826,2.611261
0.417000,0.783208,1.649680,-2.108028,2.584086
0.418000,0.771134,1.658198,-2.154972,2.557387
0.419000,0.759189,1.667032,-2.202629,2.531185
0.420000,0.747387,1.676172,-2.250966,2.505499
0.421000,0.735742,1.685606,-2.299952,2.480343
0.422000,0.724267,1.695322,-2.349555,2.455732
0.423000,0.712973,1.705308,-2.399744,2.431676
0.424000,0.701870,1.715549,-2.450488,2.408184
0.425000,0.690967,1.726033,-2.501755,2.385264
0.426000,0.680273,1.736745,-2.553514,2.362921
0.427000,0.669793,1.747672,-2.605736,2.341156
0.428000,0.659533,1.758799,-2.658391,2.319972
0.429000,0.649498,1.770112,-2.711450,2.299369
0.430000,0.639691,1.781597,-2.764884,2.279343
0.431000,0.630114,1.793241,-2.818668,2.259892
0.432000,0.620769,1.805029,-2.872774,2.241010
0.433000,0.611655,1.816948,-2.927179,2.222691
0.434000,0.602773,1.828987,-2.981857,2.204928
0.435000,0.594121,1.841132,-3.036786,2.187711
0.436000,0.585698,1.853372,-3.091946,2.171031
0.437000,0.577500,1.865696,-3.147315,2.154877
0.438000,0.569524,1.878093,-3.202875,2.139239
0.439000,0.561768,1.890553,-3.258609,2.124104
0.440000,0.554227,1.903068,-3.314500,2.109461
0.441000,0.546896,1.915627,-3.370533,2.095297
0.442000,0.539771,1.928224,-3.426694,2.081599
0.443000,0.532848,1.940850,-3.482971,2.068355
0.444000,0.526120,1.953498,-3.539352,2.055551
0.445000,0.519584,1.966163,-3.595827,2.043174
0.446000,0.513234,1.978837,-3.652387,2.031213
0.447000,0.507064,1.991516,-3.709023,2.019654
0.448000,0.501070,2.004195,-3.765727,2.008485
0.449000,0.495246,2.016869,-3.822492,1.997694
0.450000,0.489587,2.029534,-3.879314,1.987269
0.451000,0.484089,2.042187,-3.936185,1.977199
0.452000,0.478745,2.054823,-3.993102,1.967472
0.453000,0.473551,2.067441,-4.050061,1.958078
0.454000,0.468503,2.080037,-4.107058,1.949006
0.455000,0.463595,2.092609,-4.164091,1.940246
0.456000,0.458823,2.105154,-4.221155,1.931788
0.457000,0.454184,2.117671,-4.278250,1.923624
0.458000,0.449672,2.130159,-4.335372,1.915744
0.459000,0.445283,2.142615,-4.392522,1.908139
0.460000,0.441013,2.155038,-4.449697,1.900801
0.461000,0.436859,2.167428,-4.506896,1.893722
0.462000,0.432817,2.179782,-4.564119,1.886895
0.463000,0.428883,2.192101,-4.621366,1.880312
0.464000,0.425054,2.204383,-4.678634,1.873965
0.465000,0.421327,2.216628,-4.735926,1.867850
0.466000,0.417697,2.228836,-4.793239,1.861958
0.467000,0.414163,2.241006,-4.850575,1.856283
0.468000,0.410721,2.253137,-4.907934,1.850821
0.469000,0.407368,2.265229,-4.965315,1.845564
0.470000,0.404102,2.277283,-5.022719,1.840508
0.471000,0.400919,2.289297,-5.080146,1.835647
0.472000,0.397818,2.301273,-5.137598,1.830976
0.473000,0.394796,2.313209,-5.195074,1.826491
0.474000,0.391850,2.325107,-5.252575,1.822186
0.475000,0.388978,2.336965,-5.310102,1.818058
0.476000,0.386179,2.348785,-5.367655,1.814101
0.477000,0.383449,2.360565,-5.425235,1.810313
0.478000,0.380787,2.372307,-5.482842,1.806688
0.479000,0.378191,2.384011,-5.540478,1.803223
0.480000,0.375659,2.395676,-5.598143,1.799915
0.481000,0.373189,2.407303,-5.655838,1.796760
0.482000,0.370780,2.418893,-5.713564,1.793754
0.483000,0.368429,2.430445,-5.771321,1.790894
0.484000,0.366136,2.441959,-5.829111,1.788177
0.485000,0.363898,2.453437,-5.886933,1.785600
0.486000,0.361714,2.464879,-5.944790,1.783161
0.487000,0.359582,2.476284,-6.002681,1.780856
0.488000,0.357502,2.487653,-6.060607,1.778682
0.489000,0.355472,2.498986,-6.118570,1.776637
0.490000,0.353490,2.510284,-6.176570,1.774719
0.491000,0.351555,2.521547,-6.234608,1.772924
0.492000,0.349666,2.532775,-6.292684,1.771251
0.493000,0.347822,2.543969,-6.350800,1.769697
0.494000,0.346022,2.555129,-6.408956,1.768261
0.495000,0.344264,2.566256,-6.467152,1.766939
0.496000,0.342548,2.577349,-6.525391,1.765730
0.497000,0.340872,2.588410,-6.583672,1.764632
0.498000,0.339235,2.599438,-6.641996,1.763642
0.499000,0.337637,2.610433,-6.700364,1.762760
0.500000,0.336077,2.621397,-6.758776,1.761983
0.501000,0.334553,2.632330,-6.817234,1.761309
0.502000,0.333065,2.643231,-6.875738,1.760737
0.503000,0.331612,2.654102,-6.934289,1.760266
0.504000,0.330193,2.664942,-6.992887,1.759892
0.505000,0.328808,2.675752,-7.051533,1.759615
0.506000,0.327454,2.686532,-7.110228,1.759434
0.507000,0.326133,2.697283,-7.168973,1.759347
0.508000,0.324843,2.708005,-7.227767,1.759352
0.509000,0.323583,2.718698,-7.286613,1.759448
0.510000,0.322352,2.729363,-7.345509,1.759633
0.511000,0.321151,2.739999,-7.404458,1.759908
0.512000,0.319978,2.750608,-7.463459,1.760269
0.513000,0.318833,2.761190,-7.522514,1.760716
0.514000,0.317715,2.771744,-7.581622,1.761248
0.515000,0.316623,2.782272,-7.640785,1.761863
0.516000,0.315558,2.792773,-7.700002,1.762561
0.517000,0.314517,2.803248,-7.759275,1.763340
0.518000,0.313502,2.813697,-7.818605,1.764199
0.519000,0.312511,2.824120,-7.877990,1.765138
0.520000,0.311544,2.834518,-7.937433,1.766154
0.521000,0.310600,2.844891,-7.996934,1.767248
0.522000,0.309679,2.855240,-8.056493,1.768417
0.523000,0.308781,2.865564,-8.116111,1.769662
0.524000,0.307904,2.875864,-8.175788,1.770981
0.525000,0.307049,2.886140,-8.235525,1.772374
0.526000,0.306215,2.896393,-8.295322,1.773839
0.527000,0.305402,2.906622,-8.355180,1.775376
0.528000,0.304609,2.916828,-8.415099,1.776983
0.529000,0.303836,2.927011,-8.475080,1.778661
0.530000,0.303082,2.937172,-8.535122,1.780408
0.531000,0.302347,2.947311,-8.595228,1.782223
0.532000,0.301631,2.957428,-8.655397,1.784106
0.533000,0.300934,2.967523,-8.715629,1.786056
0.534000,0.300254,2.977596,-8.775925,1.788072
0.535000,0.299593,2.987648,-8.836286,1.790154
0.536000,0.298948,2.997679,-8.896711,1.792301
0.537000,0.298321,3.007690,-8.957201,1.794512
0.538000,0.297710,3.017679,-9.017758,1.796786
0.539000,0.297116,3.027649,-9.078380,1.799123
0.540000,0.296537,3.037598,-9.139069,1.801523
0.541000,0.295975,3.047528,-9.199824,1.803984
0.542000,0.295428,3.057438,-9.260647,1.806507
0.543000,0.294897,3.067328,-9.321537,1.809090
0.544000,0.294380,3.077199,-9.382496,1.811733
0.545000,0.293878,3.087052,-9.443522,1.814435
0.546000,0.293391,3.096885,-9.504618,1.817196
0.547000,0.292918,3.106700,-9.565782,1.820016
0.548000,0.292459,3.116496,-9.627016,1.822893
0.549000,0.292013,3.126274,-9.688320,1.825828
0.550000,0.291582,3.136035,-9.749694,1.828820
0.551000,0.291163,3.145777,-9.811138,1.831867
0.552000,0.290757,3.155502,-9.872653,1.834971
0.553000,0.290365,3.165210,-9.934240,1.838130
0.554000,0.289985,3.174900,-9.995897,1.841345
0.555000,0.289617,3.184573,-10.057627,1.844613
0.556000,0.289262,3.194229,-10.119428,1.847936
0.557000,0.288918,3.203869,-10.181302,1.851312
0.558000,0.288587,3.213492,-10.243249,1.854742
0.559000,0.288267,3.223099,-10.305268,1.858225
0.560000,0.287958,3.232689,-10.367361,1.861760
0.561000,0.287661,3.242264,-10.429527,1.865347
0.562000,0.287375,3.251823,-10.491768,1.868986
0.563000,0.287100,3.261366,-10.554082,1.872676
0.564000,0.286835,3.270894,-10.616471,1.876417
0.565000,0.286582,3.280406,-10.678935,1.880208
0.566000,0.286338,3.289903,-10.741473,1.884050
0.567000,0.286105,3.299385,-10.804087,1.887942
0.568000,0.285882,3.308852,-10.866776,1.891884
0.569000,0.285669,3.318305,-10.929541,1.895874
0.570000,0.285466,3.327743,-10.992382,1.899914
0.571000,0.285272,3.337166,-11.055300,1.904002
0.572000,0.285088,3.346576,-11.118294,1.908139
0.573000,0.284914,3.355971,-11.181364,1.912323
0.574000,0.284748,3.365352,-11.244512,1.916556
0.575000,0.284592,3.374719,-11.307737,1.920835
0.576000,0.284445,3.384073,-11.371039,1.925162
0.577000,0.284306,3.393413,-11.434419,1.929536
0.578000,0.284176,3.402739,-11.497877,1.933956
0.579000,0.284055,3.412052,-11.561414,1.938423
0.580000,0.283943,3.421352,-11.625028,1.942936
0.581000,0.283838,3.430639,-11.688721,1.947495
0.582000,0.283742,3.439913,-11.752494,1.952099
0.583000,0.283655,3.449174,-11.816345,1.956748
0.584000,0.283575,3.458423,-11.880275,1.961443
0.585000,0.283503,3.467659,-11.944285,1.966182
0.586000,0.283439,3.476883,-12.008374,1.970967
0.587000,0.283382,3.486094,-12.072544,1.975795
0.588000,0.283334,3.495293,-12.136793,1.980668
0.589000,0.283292,3.504480,-12.201123,1.985584
0.590000,0.283258,3.513655,-12.265533,1.990545
0.591000,0.283232,3.522818,-12.330024,1.995549
0.592000,0.283213,3.531969,-12.394596,2.000596
0.593000,0.283200,3.541109,-12.459248,2.005687
0.594000,0.283195,3.550237,-12.523982,2.010820
0.595000,0.283197,3.559354,-12.588798,2.015996
0.596000,0.283206,3.568459,-12.653695,2.021215
0.597000,0.283221,3.577553,-12.718673,2.026476
0.598000,0.283243,3.586636,-12.783734,2.031779
0.599000,0.283272,3.595708,-12.848877,2.037124
0.600000,0.283307,3.604770,-12.914101,2.042512
0.601000,0.283348,3.613820,-12.979409,2.047940
0.602000,0.283396,3.622860,-13.044799,2.053411
0.603000,0.283451,3.631889,-13.110272,2.058922
0.604000,0.283511,3.640907,-13.175827,2.064475
0.605000,0.283578,3.649915,-13.241466,2.070069
0.606000,0.283650,3.658913,-13.307188,2.075704
0.607000,0.283729,3.667901,-13.372993,2.081379
0.608000,0.283814,3.676878,-13.438882,2.087095
0.609000,0.283904,3.685845,-13.504855,2.092852
0.610000,0.284000,3.694803,-13.570911,2.098649
0.611000,0.284102,3.703750,-13.637052,2.104486
0.612000,0.284210,3.712688,-13.703276,2.110363
0.613000,0.284323,3.721616,-13.769585,2.116280
0.614000,0.284441,3.730534,-13.835979,2.122236
0.615000,0.284565,3.739443,-13.902456,2.128232
0.616000,0.284695,3.748342,-13.969019,2.134268
0.617000,0.284830,3.757232,-14.035666,2.140343
0.618000,0.284970,3.766113,-14.102399,2.146457
0.619000,0.285115,3.774984,-14.169216,2.152611
0.620000,0.285266,3.783847,-14.236119,2.158803
0.621000,0.285421,3.792700,-14.303107,2.165035
0.622000,0.285582,3.801544,-14.370180,2.171305
0.623000,0.285748,3.810379,-14.437339,2.177614
0.624000,0.285918,3.819206,-14.504584,2.183961
0.625000,0.286094,3.828024,-14.571915,2.190347
0.626000,0.286274,3.836833,-14.639332,2.196771
0.627000,0.286459,3.845633,-14.706835,2.203234
0.628000,0.286649,3.854425,-14.774424,2.209734
0.629000,0.286844,3.863208,-14.842099,2.216273
0.630000,0.287043,3.871983,-14.909861,2.222850
0.631000,0.287247,3.880750,-14.977709,2.229464
0.632000,0.287455,3.889508,-15.045644,2.236117
0.633000,0.287668,3.898258,-15.113666,2.242807
0.634000,0.287885,3.907000,-15.181774,2.249534
0.635000,0.288107,3.915734,-15.249970,2.256299
0.636000,0.288333,3.924460,-15.318253,2.263102
0.637000,0.288563,3.933178,-15.386623,2.269942
0.638000,0.288798,3.941888,-15.455080,2.276819
0.639000,0.289037,3.950591,-15.523625,2.283733
0.640000,0.289280,3.959285,-15.592257,2.290685
0.641000,0.289527,3.967972,-15.660977,2.297674
0.642000,0.289779,3.976651,-15.729784,2.304699
0.643000,0.290034,3.985323,-15.798680,2.311762
0.644000,0.290294,3.993987,-15.867663,2.318861
0.645000,0.290558,4.002644,-15.936734,2.325997
0.646000,0.290825,4.011293,-16.005894,2.333169
0.647000,0.291097,4.019935,-16.075141,2.340379
0.648000,0.291372,4.028570,-16.144477,2.347625
0.649000,0.291651,4.037197,-16.213901,2.354907
0.650000,0.291934,4.045818,-16.283414,2.362226
0.651000,0.292221,4.054431,-16.353015,2.369581
0.652000,0.292512,4.063037,-16.422705,2.376972
0.653000,0.292806,4.071636,-16.492483,2.384400
0.654000,0.293104,4.080228,-16.562351,2.391864
0.655000,0.293406,4.088813,-16.632307,2.399364
0.656000,0.293711,4.097392,-16.702352,2.406900
0.657000,0.294020,4.105963,-16.772486,2.414472
0.658000,0.294333,4.114528,-16.842709,2.422080
0.659000,0.294649,4.123086,-16.913022,2.429724
0.660000,0.294968,4.131638,-16.983424,2.437404
0.661000,0.295291,4.140183,-17.053915,2.445120
0.662000,0.295618,4.148721,-17.124496,2.452871
0.663000,0.295948,4.157253,-17.195166,2.460659
0.664000,0.296281,4.165778,-17.265925,2.468481
0.665000,0.296618,4.174297,-17.336775,2.476340
0.666000,0.296958,4.182810,-17.407714,2.484234
0.667000,0.297301,4.191316,-17.478743,2.492164
0.668000,0.297647,4.199816,-17.549862,2.500129
0.669000,0.297997,4.208310,-17.621070,2.508130
0.670000,0.298350,4.216798,-17.692369,2.516166
0.671000,0.298707,4.225279,-17.763758,2.524237
0.672000,0.299066,4.233755,-17.835237,2.532344
0.673000,0.299429,4.242224,-17.906806,2.540487
0.674000,0.299794,4.250687,-17.978466,2.548664
0.675000,0.300163,4.259145,-18.050215,2.556877
0.676000,0.300535,4.267596,-18.122056,2.565125
0.677000,0.300910,4.276042,-18.193986,2.573408
0.678000,0.301288,4.284482,-18.266008,2.581726
0.679000,0.301669,4.292916,-18.338120,2.590080
0.680000,0.302053,4.301344,-18.410322,2.598468
0.681000,0.302440,4.309766,-18.482615,2.606892
0.682000,0.302830,4.318183,-18.554999,2.615350
0.683000,0.303223,4.326594,-18.627474,2.623844
0.684000,0.303619,4.335000,-18.700040,2.632373
0.685000,0.304017,4.343400,-18.772697,2.640936
0.686000,0.304419,4.351794,-18.845444,2.649535
0.687000,0.304823,4.360183,-18.918283,2.658168
0.688000,0.305230,4.368567,-18.991213,2.666837
0.689000,0.305640,4.376945,-19.064234,2.675540
0.690000,0.306053,4.385318,-19.137346,2.684278
0.691000,0.306468,4.393686,-19.210550,2.693051
0.692000,0.306887,4.402048,-19.283845,2.701858
0.693000,0.307307,4.410405,-19.357231,2.710701
0.694000,0.307731,4.418756,-19.430709,2.719578
0.695000,0.308157,4.427103,-19.504278,2.728490
0.696000,0.308586,4.435444,-19.577939,2.737436
0.697000,0.309018,4.443780,-19.651691,2.746418
0.698000,0.309452,4.452111,-19.725535,2.755434
0.699000,0.309889,4.460437,-19.799470,2.764484
0.700000,0.310329,4.468758,-19.873498,2.773570
0.701000,0.310771,4.477074,-19.947617,2.782690
0.702000,0.311216,4.485385,-20.021828,2.791844
0.703000,0.311663,4.493692,-20.096131,2.801033
0.704000,0.312113,4.501993,-20.170525,2.810257
0.705000,0.312565,4.510289,-20.245012,2.819516
0.706000,0.313020,4.518581,-20.319591,2.828808
0.707000,0.313477,4.526867,-20.394261,2.838136
0.708000,0.313937,4.535149,-20.469024,2.847498
0.709000,0.314399,4.543427,-20.543879,2.856895
0.710000,0.314863,4.551699,-20.618826,2.866326
0.711000,0.315330,4.559967,-20.693865,2.875791
0.712000,0.315800,4.568230,-20.768997,2.885292
0.713000,0.316272,4.576489,-20.844220,2.894826
0.714000,0.316746,4.584743,-20.919536,2.904395
0.715000,0.317222,4.592992,-20.994945,2.913999
0.716000,0.317701,4.601237,-21.070446,2.923637
0.717000,0.318182,4.609477,-21.146039,2.933310
0.718000,0.318666,4.617713,-21.221725,2.943017
0.719000,0.319152,4.625944,-21.297503,2.952758
0.720000,0.319640,4.634171,-21.373374,2.962534
0.721000,0.320131,4.642394,-21.449337,2.972345
0.722000,0.320623,4.650612,-21.525393,2.982190
0.723000,0.321118,4.658826,-21.601542,2.992069
0.724000,0.321616,4.667035,-21.677783,3.001983
0.725000,0.322115,4.675241,-21.754117,3.011931
0.726000,0.322617,4.683442,-21.830544,3.021914
0.727000,0.323121,4.691638,-21.907064,3.031931
0.728000,0.323627,4.699831,-21.983676,3.041983
0.729000,0.324135,4.708019,-22.060381,3.052069
0.730000,0.324646,4.716203,-22.137179,3.062189
0.731000,0.325158,4.724383,-22.214070,3.072344
0.732000,0.325673,4.732559,-22.291054,3.082533
0.733000,0.326190,4.740731,-22.368131,3.092757
0.734000,0.326709,4.748899,-22.445301,3.103015
0.735000,0.327230,4.757063,-22.522564,3.113308
0.736000,0.327753,4.765222,-22.599920,3.123635
0.737000,0.328279,4.773378,-22.677369,3.133996
0.738000,0.328806,4.781530,-22.754912,3.144392
0.739000,0.329336,4.789677,-22.832547,3.154823
0.740000,0.329867,4.797821,-22.910276,3.165288
0.741000,0.330401,4.805961,-22.988097,3.175787
0.742000,0.330936,4.814097,-23.066012,3.186321
0.743000,0.331474,4.822229,-23.144021,3.196889
0.744000,0.332014,4.830358,-23.222122,3.207492
0.745000,0.332556,4.838482,-23.300317,3.218129
0.746000,0.333099,4.846603,-23.378605,3.228801
0.747000,0.333645,4.854720,-23.456986,3.239507
0.748000,0.334193,4.862833,-23.535461,3.250247
0.749000,0.334742,4.870943,-23.614029,3.261023
0.750000,0.335294,4.879048,-23.692691,3.271832
0.751000,0.335848,4.887150,-23.771446,3.282676
0.752000,0.336403,4.895249,-23.850295,3.293555
0.753000,0.336961,4.903344,-23.929237,3.304468
0.754000,0.337520,4.911435,-24.008272,3.315416
0.755000,0.338081,4.919522,-24.087402,3.326399
0.756000,0.338645,4.927606,-24.166624,3.337415
0.757000,0.339210,4.935687,-24.245940,3.348467
0.758000,0.339777,4.943764,-24.325350,3.359553
0.759000,0.340346,4.951837,-24.404854,3.370673
0.760000,0.340917,4.959907,-24.484451,3.381829
0.761000,0.341489,4.967973,-24.564142,3.393018
0.762000,0.342064,4.976036,-24.643926,3.404243
0.763000,0.342640,4.984095,-24.723804,3.415502
0.764000,0.343218,4.992151,-24.803776,3.426795
0.765000,0.343798,5.000204,-24.883842,3.438124
0.766000,0.344380,5.008253,-24.964001,3.449487
0.767000,0.344964,5.016299,-25.044254,3.460884
0.768000,0.345549,5.024341,-25.124601,3.472316
0.769000,0.346137,5.032380,-25.205041,3.483783
0.770000,0.346726,5.040416,-25.285576,3.495285
0.771000,0.347317,5.048449,-25.366204,3.506821
0.772000,0.347909,5.056478,-25.446926,3.518393
0.773000,0.348504,5.064504,-25.527742,3.529998
0.774000,0.349100,5.072526,-25.608652,3.541639
0.775000,0.349698,5.080546,-25.689656,3.553314
0.776000,0.350298,5.088562,-25.770754,3.565024
0.777000,0.350899,5.096575,-25.851946,3.576769
0.778000,0.351503,5.104585,-25.933231,3.588549
0.779000,0.352108,5.112591,-26.014611,3.600364
0.780000,0.352714,5.120595,-26.096084,3.612213
0.781000,0.353323,5.128595,-26.177652,3.624097
0.782000,0.353933,5.136592,-26.259313,3.636016
0.783000,0.354545,5.144587,-26.341069,3.647970
0.784000,0.355158,5.152578,-26.422919,3.659959
0.785000,0.355773,5.160566,-26.504862,3.671983
0.786000,0.356390,5.168550,-26.586900,3.684042
0.787000,0.357009,5.176532,-26.669032,3.696135
0.788000,0.357629,5.184511,-26.751257,3.708264
0.789000,0.358251,5.192487,-26.833577,3.720427
0.790000,0.358875,5.200460,-26.915991,3.732626
0.791000,0.359500,5.208430,-26.998499,3.744860
0.792000,0.360127,5.216397,-27.081102,3.757128
0.793000,0.360755,5.224360,-27.163798,3.769432
0.794000,0.361386,5.232321,-27.246588,3.781770
0.795000,0.362017,5.240280,-27.329473,3.794144
0.796000,0.362651,5.248235,-27.412452,3.806553
0.797000,0.363286,5.256187,-27.495525,3.818997
0.798000,0.363923,5.264136,-27.578692,3.831476
0.799000,0.364561,5.272083,-27.661954,3.843990
0.800000,0.365201,5.280027,-27.745309,3.856540
0.801000,0.365842,5.287967,-27.828759,3.869124
0.802000,0.366485,5.295905,-27.912303,3.881744
0.803000,0.367130,5.303841,-27.995941,3.894399
0.804000,0.367776,5.311773,-28.079674,3.907089
0.805000,0.368424,5.319703,-28.163500,3.919815
0.806000,0.369074,5.327630,-28.247421,3.932576
0.807000,0.369725,5.335554,-28.331437,3.945372
0.808000,0.370377,5.343475,-28.415546,3.958203
0.809000,0.371031,5.351394,-28.499750,3.971070
0.810000,0.371687,5.359310,-28.584048,3.983972
0.811000,0.372344,5.367223,-28.668440,3.996909
0.812000,0.373003,5.375133,-28.752927,4.009882
0.813000,0.373663,5.383041,-28.837508,4.022890
0.814000,0.374325,5.390946,-28.922183,4.035934
0.815000,0.374989,5.398849,-29.006953,4.049013
0.816000,0.375653,5.406749,-29.091817,4.062128
0.817000,0.376320,5.414646,-29.176775,4.075278
0.818000,0.376988,5.422541,-29.261827,4.088464
0.819000,0.377657,5.430433,-29.346974,4.101685
0.820000,0.378328,5.438322,-29.432216,4.114941
0.821000,0.379001,5.446209,-29.517551,4.128234
0.822000,0.379675,5.454093,-29.602981,4.141562
0.823000,0.380350,5.461975,-29.688505,4.154925
0.824000,0.381027,5.469854,-29.774124,4.168324
0.825000,0.381705,5.477731,-29.859837,4.181759
0.826000,0.382385,5.485605,-29.945644,4.195230
0.827000,0.383067,5.493477,-30.031546,4.208736
0.828000,0.383750,5.501346,-30.117542,4.222278
0.829000,0.384434,5.509212,-30.203633,4.235856
0.830000,0.385120,5.517077,-30.289818,4.249469
0.831000,0.385807,5.524938,-30.376097,4.263118
0.832000,0.386496,5.532798,-30.462471,4.276803
0.833000,0.387186,5.540654,-30.548939,4.290524
0.834000,0.387877,5.548509,-30.635501,4.304281
0.835000,0.388570,5.556361,-30.722158,4.318074
0.836000,0.389265,5.564210,-30.808910,4.331902
0.837000,0.389961,5.572057,-30.895755,4.345767
0.838000,0.390658,5.579902,-30.982695,4.359668
0.839000,0.391357,5.587745,-31.069730,4.373604
0.840000,0.392057,5.595585,-31.156859,4.387577
0.841000,0.392759,5.603422,-31.244082,4.401585
0.842000,0.393462,5.611258,-31.331400,4.415630
0.843000,0.394166,5.619091,-31.418812,4.429710
0.844000,0.394872,5.626921,-31.506318,4.443827
0.845000,0.395579,5.634750,-31.593919,4.457980
0.846000,0.396288,5.642576,-31.681615,4.472169
0.847000,0.396998,5.650399,-31.769405,4.486394
0.848000,0.397709,5.658221,-31.857289,4.500656
0.849000,0.398422,5.666040,-31.945267,4.514953
0.850000,0.399137,5.673857,-32.033340,4.529287
0.851000,0.399852,5.681671,-32.121508,4.543657
0.852000,0.400569,5.689484,-32.209770,4.558064
0.853000,0.401288,5.697294,-32.298126,4.572506
0.854000,0.402007,5.705102,-32.386577,4.586985
0.855000,0.402728,5.712907,-32.475122,4.601501
0.856000,0.403451,5.720711,-32.563761,4.616053
0.857000,0.404175,5.728512,-32.652495,4.630641
0.858000,0.404900,5.736311,-32.741324,4.645266
0.859000,0.405627,5.744108,-32.830246,4.659927
0.860000,0.406355,5.751903,-32.919264,4.674625
0.861000,0.407084,5.759696,-33.008375,4.689359
0.862000,0.407815,5.767486,-33.097581,4.704129
0.863000,0.408547,5.775274,-33.186882,4.718937
0.864000,0.409280,5.783060,-33.276276,4.733781
0.865000,0.410015,5.790844,-33.365766,4.748661
0.866000,0.410751,5.798626,-33.455349,4.763578
0.867000,0.411488,5.806406,-33.545027,4.778532
0.868000,0.412227,5.814184,-33.634800,4.793523
0.869000,0.412967,5.821959,-33.724666,4.808550
0.870000,0.413708,5.829733,-33.814628,4.823614
0.871000,0.414451,5.837504,-33.904683,4.838715
0.872000,0.415195,5.845273,-33.994833,4.853852
0.873000,0.415940,5.853041,-34.085077,4.869027
0.874000,0.416687,5.860806,-34.175416,4.884238
0.875000,0.417434,5.868569,-34.265849,4.899486
0.876000,0.418184,5.876330,-34.356377,4.914771
0.877000,0.418934,5.884089,-34.446998,4.930093
0.878000,0.419686,5.891846,-34.537715,4.945452
0.879000,0.420439,5.899601,-34.628525,4.960848
0.880000,0.421194,5.907354,-34.719430,4.976281
0.881000,0.421949,5.915105,-34.810429,4.991751
0.882000,0.422707,5.922854,-34.901523,5.007258
0.883000,0.423465,5.930601,-34.992711,5.022802
0.884000,0.424224,5.938347,-35.083993,5.038384
0.885000,0.424985,5.946090,-35.175370,5.054002
0.886000,0.425748,5.953831,-35.266841,5.069658
0.887000,0.426511,5.961570,-35.358406,5.085350
0.888000,0.427276,5.969307,-35.450066,5.101080
0.889000,0.428042,5.977043,-35.541819,5.116848
0.890000,0.428809,5.984776,-35.633668,5.132652
0.891000,0.429578,5.992508,-35.725610,5.148494
0.892000,0.430347,6.000237,-35.817647,5.164373
0.893000,0.431119,6.007965,-35.909778,5.180290
0.894000,0.431891,6.015691,-36.002004,5.196244
0.895000,0.432665,6.023414,-36.094323,5.212235
0.896000,0.433439,6.031136,-36.186737,5.228264
0.897000,0.434216,6.038857,-36.279245,5.244331
0.898000,0.434993,6.046575,-36.371848,5.260434
0.899000,0.435772,6.054291,-36.464545,5.276576
0.900000,0.436551,6.062006,-36.557336,5.292755
0.901000,0.437333,6.069718,-36.650221,5.308971
0.902000,0.438115,6.077429,-36.743201,5.325225
0.903000,0.438899,6.085138,-36.836274,5.341517
0.904000,0.439683,6.092845,-36.929442,5.357847
0.905000,0.440470,6.100551,-37.022705,5.374214
0.906000,0.441257,6.108254,-37.116061,5.390619
0.907000,0.442045,6.115956,-37.209512,5.407061
0.908000,0.442835,6.123656,-37.303057,5.423542
0.909000,0.443626,6.131354,-37.396696,5.440060
0.910000,0.444419,6.139050,-37.490429,5.456616
0.911000,0.445212,6.146745,-37.584256,5.473210
0.912000,0.446007,6.154437,-37.678178,5.489842
0.913000,0.446803,6.162128,-37.772194,5.506511
0.914000,0.447600,6.169818,-37.866304,5.523219
0.915000,0.448398,6.177505,-37.960508,5.539965
0.916000,0.449198,6.185191,-38.054806,5.556749
0.917000,0.449999,6.192875,-38.149198,5.573570
0.918000,0.450801,6.200557,-38.243685,5.590430
0.919000,0.451604,6.208237,-38.338266,5.607328
0.920000,0.452408,6.215916,-38.432940,5.624264
0.921000,0.453214,6.223593,-38.527709,5.641238
0.922000,0.454021,6.231268,-38.622572,5.658251
0.923000,0.454829,6.238942,-38.717529,5.675301
0.924000,0.455638,6.246614,-38.812580,5.692390
0.925000,0.456448,6.254284,-38.907726,5.709517
0.926000,0.457260,6.261953,-39.002965,5.726683
0.927000,0.458073,6.269620,-39.098298,5.743886
0.928000,0.458887,6.277285,-39.193726,5.761128
0.929000,0.459702,6.284948,-39.289247,5.778409
0.930000,0.460519,6.292610,-39.384862,5.795728
0.931000,0.461336,6.300270,-39.480572,5.813085
0.932000,0.462155,6.307929,-39.576375,5.830481
0.933000,0.462975,6.315585,-39.672273,5.847915
0.934000,0.463796,6.323241,-39.768264,5.865388
0.935000,0.464618,6.330894,-39.864350,5.882900
0.936000,0.465442,6.338546,-39.960529,5.900450
0.937000,0.466267,6.346196,-40.056803,5.918038
0.938000,0.467092,6.353845,-40.153170,5.935666
0.939000,0.467919,6.361492,-40.249631,5.953331
0.940000,0.468748,6.369137,-40.346187,5.971036
0.941000,0.469577,6.376781,-40.442836,5.988780
0.942000,0.470408,6.384423,-40.539579,6.006562
0.943000,0.471239,6.392064,-40.636416,6.024383
0.944000,0.472072,6.399703,-40.733347,6.042243
0.945000,0.472906,6.407340,-40.830372,6.060141
0.946000,0.473741,6.414976,-40.927490,6.078079
0.947000,0.474578,6.422611,-41.024703,6.096055
0.948000,0.475415,6.430243,-41.122009,6.114071
0.949000,0.476254,6.437874,-41.219409,6.132125
0.950000,0.477094,6.445504,-41.316904,6.150218
0.951000,0.477935,6.453132,-41.414491,6.168351
0.952000,0.478777,6.460759,-41.512173,6.186522
0.953000,0.479620,6.468383,-41.609949,6.204733
0.954000,0.480464,6.476007,-41.707818,6.222983
0.955000,0.481310,6.483629,-41.805781,6.241271
0.956000,0.482157,6.491249,-41.903838,6.259600
0.957000,0.483005,6.498868,-42.001989,6.277967
0.958000,0.483854,6.506485,-42.100233,6.296373
0.959000,0.484704,6.514101,-42.198571,6.314819
0.960000,0.485555,6.521715,-42.297003,6.333304
0.961000,0.486408,6.529328,-42.395529,6.351829
0.962000,0.487261,6.536939,-42.494148,6.370392
0.963000,0.488116,6.544549,-42.592861,6.388996
0.964000,0.488972,6.552157,-42.691668,6.407638
0.965000,0.489829,6.559764,-42.790568,6.426320
0.966000,0.490687,6.567369,-42.889562,6.445042
0.967000,0.491546,6.574973,-42.988650,6.463803
0.968000,0.492406,6.582575,-43.087831,6.482604
0.969000,0.493268,6.590176,-43.187106,6.501444
0.970000,0.494130,6.597775,-43.286475,6.520324
0.971000,0.494994,6.605373,-43.385937,6.539243
0.972000,0.495859,6.612970,-43.485493,6.558202
0.973000,0.496725,6.620565,-43.585142,6.577201
0.974000,0.497592,6.628158,-43.684885,6.596239
0.975000,0.498460,6.635750,-43.784721,6.615318
0.976000,0.499330,6.643341,-43.884651,6.634436
0.977000,0.500200,6.650930,-43.984675,6.653594
0.978000,0.501072,6.658518,-44.084792,6.672791
0.979000,0.501944,6.666105,-44.185002,6.692029
0.980000,0.502818,6.673690,-44.285306,6.711307
0.981000,0.503693,6.681273,-44.385704,6.730624
0.982000,0.504569,6.688855,-44.486195,6.749981
0.983000,0.505446,6.696436,-44.586779,6.769379
0.984000,0.506325,6.704015,-44.687457,6.788816
0.985000,0.507204,6.711593,-44.788229,6.808294
0.986000,0.508084,6.719170,-44.889093,6.827812
0.987000,0.508966,6.726745,-44.990052,6.847369
0.988000,0.509849,6.734319,-45.091103,6.866967
0.989000,0.510732,6.741891,-45.192248,6.886605
0.990000,0.511617,6.749462,-45.293486,6.906284
0.991000,0.512503,6.757032,-45.394818,6.926002
0.992000,0.513390,6.764600,-45.496243,6.945761
0.993000,0.514279,6.772167,-45.597761,6.965560
0.994000,0.515168,6.779732,-45.699373,6.985400
0.995000,0.516058,6.787296,-45.801078,7.005279
0.996000,0.516950,6.794859,-45.902876,7.025200
0.997000,0.517842,6.802421,-46.004767,7.045160
0.998000,0.518736,6.809981,-46.106752,7.065161
0.999000,0.519631,6.817540,-46.208830,7.085203
1.000000,0.520526,6.825097,-46.311001,7.105285
1.001000,0.521423,6.832653,-46.413266,7.125408
1.002000,0.522321,6.840208,-46.515623,7.145571
1.003000,0.523220,6.847761,-46.618074,7.165775
1.004000,0.524120,6.855313,-46.720618,7.186020
1.005000,0.525022,6.862864,-46.823255,7.206305
1.006000,0.525924,6.870414,-46.925986,7.226631
1.007000,0.526827,6.877962,-47.028809,7.246998
1.008000,0.527732,6.885508,-47.131726,7.267405
1.009000,0.528637,6.893054,-47.234735,7.287853
1.010000,0.529544,6.900598,-47.337838,7.308342
1.011000,0.530452,6.908141,-47.441034,7.328872
1.012000,0.531361,6.915683,-47.544323,7.349443
1.013000,0.532271,6.923223,-47.647705,7.370055
1.014000,0.533181,6.930762,-47.751180,7.390708
1.015000,0.534093,6.938300,-47.854748,7.411401
1.016000,0.535007,6.945836,-47.958409,7.432136
1.017000,0.535921,6.953371,-48.062163,7.452912
1.018000,0.536836,6.960905,-48.166010,7.473729
1.019000,0.537752,6.968438,-48.269950,7.494586
1.020000,0.538670,6.975969,-48.373983,7.515486
1.021000,0.539588,6.983499,-48.478108,7.536426
1.022000,0.540508,6.991028,-48.582327,7.557407
1.023000,0.541428,6.998556,-48.686639,7.578430
1.024000,0.542350,7.006082,-48.791043,7.599494
1.025000,0.543272,7.013607,-48.895541,7.620599
1.026000,0.544196,7.021131,-49.000131,7.641746
1.027000,0.545121,7.028654,-49.104814,7.662934
1.028000,0.546047,7.036175,-49.209590,7.684163
1.029000,0.546974,7.043695,-49.314459,7.705434
1.030000,0.547902,7.051214,-49.419421,7.726746
1.031000,0.548831,7.058731,-49.524475,7.748100
1.032000,0.549761,7.066248,-49.629622,7.769495
1.033000,0.550692,7.073763,-49.734862,7.790932
1.034000,0.551624,7.081277,-49.840194,7.812410
1.035000,0.552558,7.088790,-49.945620,7.833930
1.036000,0.553492,7.096301,-50.051138,7.855491
1.037000,0.554427,7.103812,-50.156749,7.877095
1.038000,0.555364,7.111321,-50.262452,7.898740
1.039000,0.556301,7.118828,-50.368248,7.920426
1.040000,0.557240,7.126335,-50.474137,7.942155
1.041000,0.558179,7.133841,-50.580118,7.963925
1.042000,0.559120,7.141345,-50.686192,7.985737
1.043000,0.560062,7.148848,-50.792358,8.007591
1.044000,0.561004,7.156350,-50.898618,8.029487
1.045000,0.561948,7.163851,-51.004969,8.051424
1.046000,0.562893,7.171350,-51.111413,8.073404
1.047000,0.563839,7.178848,-51.217950,8.095426
1.048000,0.564786,7.186346,-51.324580,8.117489
1.049000,0.565734,7.193842,-51.431301,8.139595
1.050000,0.566683,7.201336,-51.538116,8.161743
1.051000,0.567633,7.208830,-51.645022,8.183933
1.052000,0.568584,7.216322,-51.752021,8.206165
1.053000,0.569536,7.223814,-51.859113,8.228439
1.054000,0.570489,7.231304,-51.966297,8.250755
1.055000,0.571443,7.238793,-52.073574,8.273114
1.056000,0.572398,7.246281,-52.180942,8.295515
1.057000,0.573354,7.253767,-52.288404,8.317958
1.058000,0.574312,7.261253,-52.395957,8.340443
1.059000,0.575270,7.268737,-52.503603,8.362971
1.060000,0.576229,7.276220,-52.611341,8.385541
1.061000,0.577190,7.283702,-52.719172,8.408154
1.062000,0.578151,7.291183,-52.827095,8.430809
1.063000,0.579113,7.298663,-52.935110,8.453507
1.064000,0.580077,7.306142,-53.043217,8.476247
1.065000,0.581041,7.313619,-53.151416,8.499030
1.066000,0.582007,7.321096,-53.259708,8.521855
1.067000,0.582973,7.328571,-53.368092,8.544723
1.068000,0.583941,7.336045,-53.476568,8.567633
1.069000,0.584909,7.343518,-53.585137,8.590586
1.070000,0.585879,7.350990,-53.693797,8.613582
1.071000,0.586850,7.358461,-53.802550,8.636621
1.072000,0.587821,7.365930,-53.911395,8.659702
1.073000,0.588794,7.373399,-54.020331,8.682826
1.074000,0.589768,7.380866,-54.129360,8.705993
1.075000,0.590742,7.388333,-54.238481,8.729203
1.076000,0.591718,7.395798,-54.347694,8.752456
1.077000,0.592695,7.403262,-54.457000,8.775751
1.078000,0.593673,7.410725,-54.566397,8.799090
1.079000,0.594651,7.418187,-54.675886,8.822471
1.080000,0.595631,7.425648,-54.785467,8.845896
1.081000,0.596612,7.433107,-54.895140,8.869363
1.082000,0.597594,7.440566,-55.004905,8.892874
1.083000,0.598577,7.448024,-55.114762,8.916428
1.084000,0.599561,7.455480,-55.224711,8.940025
1.085000,0.600546,7.462935,-55.334751,8.963665
1.086000,0.601531,7.470390,-55.444884,8.987348
1.087000,0.602518,7.477843,-55.555108,9.011075
1.088000,0.603506,7.485295,-55.665425,9.034844
1.089000,0.604495,7.492746,-55.775833,9.058658
1.090000,0.605485,7.500196,-55.886333,9.082514
1.091000,0.606476,7.507645,-55.996924,9.106414
1.092000,0.607468,7.515093,-56.107608,9.130357
1.093000,0.608461,7.522540,-56.218383,9.154343
1.094000,0.609455,7.529986,-56.329250,9.178374
1.095000,0.610450,7.537430,-56.440209,9.202447
1.096000,0.611446,7.544874,-56.551259,9.226564
1.097000,0.612443,7.552317,-56.662401,9.250725
1.098000,0.613441,7.559758,-56.773635,9.274929
1.099000,0.614440,7.567199,-56.884960,9.299177
1.100000,0.615440,7.574638,-56.996377,9.323468
1.101000,0.616441,7.582077,-57.107886,9.347803
1.102000,0.617443,7.589514,-57.219486,9.372182
1.103000,0.618446,7.596950,-57.331178,9.396604
1.104000,0.619450,7.604386,-57.442961,9.421071
1.105000,0.620455,7.611820,-57.554836,9.445581
1.106000,0.621461,7.619253,-57.666802,9.470135
1.107000,0.622468,7.626685,-57.778860,9.494732
1.108000,0.623476,7.634116,-57.891009,9.519374
1.109000,0.624485,7.641546,-58.003250,9.544059
1.110000,0.625495,7.648975,-58.115582,9.568789
1.111000,0.626506,7.656404,-58.228006,9.593562
1.112000,0.627518,7.663831,-58.340521,9.618380
1.113000,0.628531,7.671257,-58.453127,9.643242
1.114000,0.629545,7.678682,-58.565825,9.668147
1.115000,0.630560,7.686106,-58.678614,9.693097
1.116000,0.631576,7.693529,-58.791495,9.718091
1.117000,0.632593,7.700951,-58.904467,9.743129
1.118000,0.633611,7.708372,-59.017530,9.768211
1.119000,0.634629,7.715792,-59.130684,9.793338
1.120000,0.635649,7.723210,-59.243930,9.818508
1.121000,0.636670,7.730628,-59.357267,9.843723
1.122000,0.637692,7.738045,-59.470695,9.868983
1.123000,0.638715,7.745461,-59.584214,9.894287
1.124000,0.639739,7.752876,-59.697824,9.919635
1.125000,0.640764,7.760290,-59.811526,9.945027
1.126000,0.641790,7.767703,-59.925319,9.970464
1.127000,0.642817,7.775115,-60.039203,9.995946
1.128000,0.643844,7.782526,-60.153178,10.021472
1.129000,0.644873,7.789936,-60.267244,10.047042
1.130000,0.645903,7.797345,-60.381401,10.072658
1.131000,0.646934,7.804753,-60.495649,10.098317
1.132000,0.647966,7.812160,-60.609988,10.124022
1.133000,0.648998,7.819566,-60.724418,10.149771
1.134000,0.650032,7.826971,-60.838939,10.175564
1.135000,0.651067,7.834376,-60.953552,10.201403
1.136000,0.652102,7.841779,-61.068255,10.227286
1.137000,0.653139,7.849181,-61.183049,10.253214
1.138000,0.654177,7.856582,-61.297934,10.279187
1.139000,0.655215,7.863982,-61.412910,10.305205
1.140000,0.656255,7.871382,-61.527976,10.331268
1.141000,0.657296,7.878780,-61.643134,10.357375
1.142000,0.658337,7.886177,-61.758382,10.383528
1.143000,0.659380,7.893574,-61.873721,10.409725
1.144000,0.660423,7.900969,-61.989151,10.435968
1.145000,0.661468,7.908363,-62.104672,10.462255
1.146000,0.662513,7.915757,-62.220284,10.488588
1.147000,0.663560,7.923149,-62.335986,10.514966
1.148000,0.664607,7.930541,-62.451779,10.541388
1.149000,0.665656,7.937932,-62.567663,10.567856
1.150000,0.666705,7.945321,-62.683637,10.594370
1.151000,0.667755,7.952710,-62.799702,10.620928
1.152000,0.668807,7.960098,-62.915858,10.647532
1.153000,0.669859,7.967485,-63.032104,10.674181
1.154000,0.670912,7.974871,-63.148441,10.700875
1.155000,0.671966,7.982256,-63.264868,10.727615
1.156000,0.673022,7.989640,-63.381386,10.754400
1.157000,0.674078,7.997023,-63.497995,10.781231
1.158000,0.675135,8.004405,-63.614694,10.808107
1.159000,0.676193,8.011786,-63.731483,10.835028
1.160000,0.677252,8.019167,-63.848363,10.861995
1.161000,0.678312,8.026546,-63.965334,10.889008
1.162000,0.679373,8.033924,-64.082395,10.916066
1.163000,0.680435,8.041302,-64.199546,10.943169
1.164000,0.681498,8.048679,-64.316788,10.970319
1.165000,0.682562,8.056054,-64.434120,10.997514
1.166000,0.683627,8.063429,-64.551542,11.024755
1.167000,0.684693,8.070803,-64.669055,11.052041
1.168000,0.685760,8.078176,-64.786658,11.079373
1.169000,0.686827,8.085548,-64.904351,11.106751
1.170000,0.687896,8.092919,-65.022135,11.134175
1.171000,0.688966,8.100289,-65.140009,11.161645
1.172000,0.690036,8.107658,-65.257973,11.189160
1.173000,0.691108,8.115027,-65.376027,11.216722
1.174000,0.692181,8.122394,-65.494172,11.244329
1.175000,0.693254,8.129761,-65.612407,11.271982
1.176000,0.694329,8.137126,-65.730731,11.299682
1.177000,0.695404,8.144491,-65.849146,11.327427
1.178000,0.696481,8.151855,-65.967652,11.355219
1.179000,0.697558,8.159218,-66.086247,11.383057
1.180000,0.698636,8.166580,-66.204932,11.410940
1.181000,0.699716,8.173941,-66.323707,11.438870
1.182000,0.700796,8.181301,-66.442573,11.466846
1.183000,0.701877,8.188660,-66.561528,11.494869
1.184000,0.702959,8.196019,-66.680573,11.522937
1.185000,0.704043,8.203376,-66.799709,11.551052
1.186000,0.705127,8.210733,-66.918934,11.579213
1.187000,0.706212,8.218089,-67.038249,11.607421
1.188000,0.707298,8.225444,-67.157654,11.635675
1.189000,0.708385,8.232798,-67.277149,11.663975
1.190000,0.709473,8.240151,-67.396734,11.692322
1.191000,0.710561,8.247503,-67.516408,11.720715
1.192000,0.711651,8.254854,-67.636173,11.749155
1.193000,0.712742,8.262205,-67.756027,11.777641
1.194000,0.713834,8.269554,-67.875971,11.806174
1.195000,0.714926,8.276903,-67.996005,11.834754
1.196000,0.716020,8.284251,-68.116128,11.863380
1.197000,0.717115,8.291598,-68.236341,11.892053
1.198000,0.718210,8.298944,-68.356644,11.920772
1.199000,0.719307,8.306289,-68.477037,11.949538
1.200000,0.720404,8.313633,-68.597519,11.978351
