Peña-Rodríguez & Rioux calculated dielectric data (0Au/100Ag) prepared by Alexander Al-Feghali al-fegha.li, Blum and Cosa Lab, McGill University
1 2 3 0 0 = columns for wave, Re(n), Im(n), eps1, eps2
wave(um)   Re(n)     Im(n)     eps1      eps2
1	2	3	0	0	=	columns	for	wave,	Re(n),	Im(n),	eps1,	eps2
wave(um)	Re(n)	Im(n)	eps1	eps2
Rioux	calculated	dielectric	data	(65Au/35Ag)
wave(um),Re(n),Im(n),eps1,eps2
0.270000,1.376543,1.628263,-0.756371,4.482749
0.271000,1.379853,1.631509,-0.757828,4.502483
0.272000,1.383142,1.634689,-0.759124,4.522014
0.273000,1.386412,1.637803,-0.760260,4.541339
0.274000,1.389660,1.640851,-0.761238,4.560450
0.275000,1.392886,1.643833,-0.762058,4.579344
0.276000,1.396088,1.646750,-0.762721,4.598016
0.277000,1.399267,1.649599,-0.763229,4.616460
0.278000,1.402421,1.652382,-0.763584,4.634670
0.279000,1.405548,1.655099,-0.763787,4.652643
0.280000,1.408649,1.657749,-0.763839,4.670371
0.281000,1.411722,1.660331,-0.763743,4.687851
0.282000,1.414765,1.662847,-0.763500,4.705076
0.283000,1.417779,1.665295,-0.763112,4.722041
0.284000,1.420761,1.667677,-0.762583,4.738741
0.285000,1.423712,1.669990,-0.761913,4.755169
0.286000,1.426629,1.672237,-0.761106,4.771321
0.287000,1.429511,1.674415,-0.760164,4.787191
0.288000,1.432359,1.676526,-0.759089,4.802773
0.289000,1.435169,1.678570,-0.757886,4.818062
0.290000,1.437941,1.680545,-0.756556,4.833051
0.291000,1.440675,1.682453,-0.755104,4.847736
0.292000,1.443368,1.684293,-0.753532,4.862110
0.293000,1.446020,1.686065,-0.751844,4.876168
0.294000,1.448628,1.687770,-0.750044,4.889904
0.295000,1.451193,1.689407,-0.748135,4.903312
0.296000,1.453712,1.690977,-0.746123,4.916387
0.297000,1.456185,1.692479,-0.744011,4.929123
0.298000,1.458609,1.693913,-0.741803,4.941514
0.299000,1.460983,1.695281,-0.739505,4.953555
0.300000,1.463307,1.696582,-0.737121,4.965240
0.301000,1.465579,1.697815,-0.734656,4.976564
0.302000,1.467796,1.698983,-0.732116,4.987520
0.303000,1.469958,1.700084,-0.729506,4.998104
0.304000,1.472064,1.701119,-0.726832,5.008311
0.305000,1.474111,1.702088,-0.724099,5.018134
0.306000,1.476099,1.702992,-0.721315,5.027569
0.307000,1.478025,1.703831,-0.718484,5.036610
0.308000,1.479888,1.704606,-0.715614,5.045253
0.309000,1.481687,1.705317,-0.712712,5.053492
0.310000,1.483419,1.705965,-0.709784,5.061323
0.311000,1.485084,1.706550,-0.706838,5.068740
0.312000,1.486680,1.707073,-0.703881,5.075741
0.313000,1.488204,1.707534,-0.700922,5.082319
0.314000,1.489656,1.707935,-0.697966,5.088471
0.315000,1.491034,1.708276,-0.695024,5.094193
0.316000,1.492335,1.708557,-0.692103,5.099481
0.317000,1.493559,1.708781,-0.689212,5.104331
0.318000,1.494704,1.708947,-0.686359,5.108740
0.319000,1.495768,1.709057,-0.683554,5.112705
0.320000,1.496749,1.709112,-0.680805,5.116223
0.321000,1.497646,1.709113,-0.678122,5.119291
0.322000,1.498457,1.709060,-0.675515,5.121906
0.323000,1.499180,1.708957,-0.672993,5.124067
0.324000,1.499814,1.708803,-0.670565,5.125772
0.325000,1.500357,1.708600,-0.668243,5.127019
0.326000,1.500807,1.708350,-0.666036,5.127807
0.327000,1.501164,1.708053,-0.663954,5.128135
0.328000,1.501424,1.707713,-0.662008,5.128003
0.329000,1.501588,1.707329,-0.660208,5.127410
0.330000,1.501652,1.706905,-0.658565,5.126356
0.331000,1.501617,1.706442,-0.657090,5.124843
0.332000,1.501480,1.705941,-0.655792,5.122872
0.333000,1.501240,1.705405,-0.654684,5.120443
0.334000,1.500895,1.704835,-0.653776,5.117558
0.335000,1.500445,1.704234,-0.653079,5.114220
0.336000,1.499888,1.703604,-0.652602,5.110431
0.337000,1.499223,1.702947,-0.652358,5.106195
0.338000,1.498449,1.702265,-0.652357,5.101514
0.339000,1.497565,1.701560,-0.652608,5.096393
0.340000,1.496569,1.700836,-0.653123,5.090836
0.341000,1.495461,1.700093,-0.653912,5.084848
0.342000,1.494241,1.699336,-0.654985,5.078434
0.343000,1.492907,1.698565,-0.656352,5.071600
0.344000,1.491459,1.697785,-0.658023,5.064352
0.345000,1.489896,1.696996,-0.660006,5.056695
0.346000,1.488218,1.696203,-0.662312,5.048638
0.347000,1.486424,1.695407,-0.664949,5.040188
0.348000,1.484514,1.694612,-0.667925,5.031351
0.349000,1.482489,1.693819,-0.671250,5.022136
0.350000,1.480347,1.693032,-0.674930,5.012552
0.351000,1.478090,1.692254,-0.678973,5.002607
0.352000,1.475717,1.691487,-0.683387,4.992310
0.353000,1.473228,1.690733,-0.688177,4.981670
0.354000,1.470624,1.689996,-0.693351,4.970698
0.355000,1.467906,1.689278,-0.698913,4.959402
0.356000,1.465073,1.688582,-0.704869,4.947793
0.357000,1.462128,1.687910,-0.711223,4.935880
0.358000,1.459070,1.687265,-0.717980,4.923675
0.359000,1.455900,1.686650,-0.725144,4.911188
0.360000,1.452620,1.686067,-0.732717,4.898429
0.361000,1.449231,1.685518,-0.740702,4.885408
0.362000,1.445733,1.685006,-0.749100,4.872138
0.363000,1.442129,1.684533,-0.757914,4.858627
0.364000,1.438420,1.684101,-0.767144,4.844887
0.365000,1.434606,1.683712,-0.776791,4.830928
0.366000,1.430691,1.683369,-0.786854,4.816761
0.367000,1.426675,1.683073,-0.797332,4.802396
0.368000,1.422561,1.682826,-0.808224,4.787843
0.369000,1.418349,1.682629,-0.819528,4.773112
0.370000,1.414042,1.682486,-0.831242,4.758212
0.371000,1.409643,1.682395,-0.843362,4.743153
0.372000,1.405152,1.682360,-0.855886,4.727943
0.373000,1.400572,1.682382,-0.868808,4.712592
0.374000,1.395904,1.682461,-0.882126,4.697108
0.375000,1.391152,1.682598,-0.895834,4.681498
0.376000,1.386316,1.682795,-0.909926,4.665771
0.377000,1.381399,1.683051,-0.924398,4.649932
0.378000,1.376404,1.683368,-0.939243,4.633989
0.379000,1.371331,1.683747,-0.954454,4.617947
0.380000,1.366183,1.684186,-0.970026,4.601812
0.381000,1.360962,1.684687,-0.985951,4.585589
0.382000,1.355670,1.685249,-1.002223,4.569282
0.383000,1.350308,1.685872,-1.018833,4.552894
0.384000,1.344879,1.686557,-1.035774,4.536430
0.385000,1.339384,1.687302,-1.053039,4.519890
0.386000,1.333824,1.688107,-1.070620,4.503278
0.387000,1.328202,1.688973,-1.088508,4.486593
0.388000,1.322518,1.689897,-1.106697,4.469837
0.389000,1.316774,1.690879,-1.125178,4.453010
0.390000,1.310970,1.691918,-1.143943,4.436110
0.391000,1.305109,1.693014,-1.162986,4.419135
0.392000,1.299190,1.694164,-1.182297,4.402084
0.393000,1.293215,1.695369,-1.201871,4.384953
0.394000,1.287183,1.696626,-1.221700,4.367739
0.395000,1.281096,1.697935,-1.241776,4.350436
0.396000,1.274953,1.699294,-1.262094,4.333041
0.397000,1.268755,1.700702,-1.282648,4.315547
0.398000,1.262500,1.702157,-1.303432,4.297946
0.399000,1.256189,1.703658,-1.324441,4.280233
0.400000,1.249821,1.705204,-1.345670,4.262400
0.401000,1.243394,1.706794,-1.367116,4.244436
0.402000,1.236909,1.708426,-1.388775,4.226334
0.403000,1.230363,1.710099,-1.410645,4.208084
0.404000,1.223754,1.711812,-1.432724,4.189674
0.405000,1.217082,1.713563,-1.455011,4.171095
0.406000,1.210343,1.715354,-1.477507,4.152334
0.407000,1.203536,1.717181,-1.500213,4.133380
0.408000,1.196658,1.719046,-1.523131,4.114220
0.409000,1.189705,1.720948,-1.546264,4.094843
0.410000,1.182676,1.722887,-1.569617,4.075235
0.411000,1.175566,1.724863,-1.593197,4.055383
0.412000,1.168373,1.726877,-1.617010,4.035274
0.413000,1.161092,1.728931,-1.641066,4.014896
0.414000,1.153720,1.731024,-1.665374,3.994235
0.415000,1.146253,1.733160,-1.689946,3.973279
0.416000,1.138687,1.735340,-1.714795,3.952017
0.417000,1.131018,1.737567,-1.739937,3.930437
0.418000,1.123241,1.739844,-1.765387,3.908527
0.419000,1.115353,1.742175,-1.791163,3.886280
0.420000,1.107349,1.744565,-1.817285,3.863686
0.421000,1.099227,1.747018,-1.843773,3.840738
0.422000,1.090981,1.749540,-1.870650,3.817430
0.423000,1.082610,1.752136,-1.897938,3.793759
0.424000,1.074109,1.754814,-1.925662,3.769722
0.425000,1.065476,1.757580,-1.953847,3.745320
0.426000,1.056710,1.760442,-1.982520,3.720554
0.427000,1.047809,1.763409,-2.011707,3.695429
0.428000,1.038771,1.766488,-2.041434,3.669952
0.429000,1.029597,1.769689,-2.071729,3.644131
0.430000,1.020287,1.773021,-2.102618,3.617980
0.431000,1.010843,1.776494,-2.134126,3.591511
0.432000,1.001267,1.780116,-2.166280,3.564742
0.433000,0.991562,1.783899,-2.199103,3.537692
0.434000,0.981732,1.787852,-2.232617,3.510382
0.435000,0.971782,1.791983,-2.266843,3.482835
0.436000,0.961719,1.796303,-2.301802,3.455078
0.437000,0.951549,1.800820,-2.337508,3.427136
0.438000,0.941279,1.805543,-2.373978,3.399038
0.439000,0.930918,1.810479,-2.411224,3.370814
0.440000,0.920475,1.815635,-2.449256,3.342494
0.441000,0.909960,1.821019,-2.488082,3.314109
0.442000,0.899383,1.826635,-2.527705,3.285691
0.443000,0.888756,1.832489,-2.568131,3.257270
0.444000,0.878088,1.838585,-2.609357,3.228878
0.445000,0.867392,1.844926,-2.651384,3.200547
0.446000,0.856679,1.851514,-2.694206,3.172305
0.447000,0.845961,1.858350,-2.737817,3.144183
0.448000,0.835249,1.865436,-2.782210,3.116209
0.449000,0.824557,1.872770,-2.827374,3.088410
0.450000,0.813894,1.880352,-2.873299,3.060814
0.451000,0.803273,1.888179,-2.919972,3.033444
0.452000,0.792704,1.896248,-2.967378,3.006325
0.453000,0.782198,1.904557,-3.015502,2.979480
0.454000,0.771765,1.913100,-3.064329,2.952929
0.455000,0.761416,1.921873,-3.113842,2.926692
0.456000,0.751160,1.930871,-3.164023,2.900787
0.457000,0.741005,1.940088,-3.214854,2.875232
0.458000,0.730961,1.949518,-3.266316,2.850043
0.459000,0.721034,1.959153,-3.318390,2.825233
0.460000,0.711233,1.968987,-3.371057,2.800816
0.461000,0.701563,1.979012,-3.424297,2.776804
0.462000,0.692032,1.989221,-3.478091,2.753208
0.463000,0.682644,1.999606,-3.532419,2.730037
0.464000,0.673405,2.010158,-3.587261,2.707300
0.465000,0.664319,2.020870,-3.642597,2.685005
0.466000,0.655390,2.031734,-3.698408,2.663157
0.467000,0.646622,2.042742,-3.754674,2.641762
0.468000,0.638016,2.053884,-3.811375,2.620824
0.469000,0.629577,2.065154,-3.868492,2.600346
0.470000,0.621305,2.076542,-3.926007,2.580332
0.471000,0.613202,2.088041,-3.983900,2.560783
0.472000,0.605269,2.099644,-4.042154,2.541699
0.473000,0.597506,2.111342,-4.100750,2.523080
0.474000,0.589914,2.123127,-4.159670,2.504925
0.475000,0.582492,2.134993,-4.218898,2.487234
0.476000,0.575240,2.146932,-4.278417,2.470002
0.477000,0.568156,2.158938,-4.338210,2.453229
0.478000,0.561240,2.171003,-4.398262,2.436908
0.479000,0.554490,2.183121,-4.458558,2.421037
0.480000,0.547904,2.195286,-4.519083,2.405611
0.481000,0.541480,2.207492,-4.579822,2.390624
0.482000,0.535215,2.219734,-4.640763,2.376071
0.483000,0.529108,2.232005,-4.701892,2.361945
0.484000,0.523156,2.244302,-4.763197,2.348240
0.485000,0.517356,2.256618,-4.824667,2.334949
0.486000,0.511705,2.268949,-4.886290,2.322065
0.487000,0.506200,2.281292,-4.948055,2.309580
0.488000,0.500838,2.293642,-5.009954,2.297487
0.489000,0.495616,2.305995,-5.071976,2.285778
0.490000,0.490532,2.318347,-5.134113,2.274445
0.491000,0.485580,2.330696,-5.196356,2.263481
0.492000,0.480760,2.343038,-5.258699,2.252876
0.493000,0.476066,2.355371,-5.321133,2.242624
0.494000,0.471497,2.367691,-5.383653,2.232716
0.495000,0.467048,2.379997,-5.446251,2.223144
0.496000,0.462717,2.392286,-5.508923,2.213901
0.497000,0.458500,2.404555,-5.571664,2.204977
0.498000,0.454395,2.416804,-5.634468,2.196367
0.499000,0.450398,2.429031,-5.697331,2.188061
0.500000,0.446506,2.441233,-5.760249,2.180052
0.501000,0.442717,2.453409,-5.823219,2.172333
0.502000,0.439028,2.465559,-5.886237,2.164897
0.503000,0.435435,2.477681,-5.949300,2.157736
0.504000,0.431936,2.489774,-6.012406,2.150844
0.505000,0.428528,2.501837,-6.075553,2.144213
0.506000,0.425209,2.513869,-6.138737,2.137838
0.507000,0.421975,2.525870,-6.201958,2.131711
0.508000,0.418826,2.537839,-6.265213,2.125826
0.509000,0.415758,2.549776,-6.328501,2.120177
0.510000,0.412768,2.561679,-6.391821,2.114759
0.511000,0.409855,2.573549,-6.455172,2.109565
0.512000,0.407017,2.585385,-6.518553,2.104590
0.513000,0.404251,2.597187,-6.581963,2.099829
0.514000,0.401554,2.608955,-6.645401,2.095275
0.515000,0.398927,2.620689,-6.708868,2.090925
0.516000,0.396365,2.632388,-6.772362,2.086772
0.517000,0.393868,2.644053,-6.835883,2.082813
0.518000,0.391433,2.655683,-6.899432,2.079043
0.519000,0.389059,2.667279,-6.963008,2.075457
0.520000,0.386744,2.678840,-7.026612,2.072050
0.521000,0.384487,2.690367,-7.090242,2.068819
0.522000,0.382285,2.701859,-7.153901,2.065760
0.523000,0.380138,2.713317,-7.217586,2.062869
0.524000,0.378043,2.724742,-7.281300,2.060141
0.525000,0.376000,2.736132,-7.345042,2.057573
0.526000,0.374007,2.747489,-7.408813,2.055162
0.527000,0.372063,2.758812,-7.472613,2.052904
0.528000,0.370166,2.770102,-7.536443,2.050796
0.529000,0.368315,2.781359,-7.600303,2.048835
0.530000,0.366510,2.792583,-7.664193,2.047017
0.531000,0.364747,2.803775,-7.728115,2.045340
0.532000,0.363028,2.814935,-7.792068,2.043800
0.533000,0.361350,2.826062,-7.856053,2.042395
0.534000,0.359712,2.837158,-7.920072,2.041122
0.535000,0.358114,2.848222,-7.984124,2.039979
0.536000,0.356555,2.859255,-8.048210,2.038962
0.537000,0.355032,2.870258,-8.112331,2.038069
0.538000,0.353547,2.881229,-8.176488,2.037299
0.539000,0.352097,2.892171,-8.240681,2.036649
0.540000,0.350682,2.903083,-8.304910,2.036115
0.541000,0.349300,2.913964,-8.369178,2.035697
0.542000,0.347952,2.924817,-8.433483,2.035393
0.543000,0.346636,2.935640,-8.497827,2.035199
0.544000,0.345352,2.946435,-8.562211,2.035115
0.545000,0.344099,2.957201,-8.626635,2.035137
0.546000,0.342875,2.967939,-8.691101,2.035265
0.547000,0.341681,2.978650,-8.755607,2.035497
0.548000,0.340516,2.989332,-8.820156,2.035831
0.549000,0.339379,2.999988,-8.884748,2.036264
0.550000,0.338269,3.010616,-8.949384,2.036797
0.551000,0.337186,3.021218,-9.014064,2.037426
0.552000,0.336129,3.031794,-9.078789,2.038150
0.553000,0.335098,3.042343,-9.143560,2.038969
0.554000,0.334092,3.052867,-9.208377,2.039880
0.555000,0.333111,3.063365,-9.273241,2.040881
0.556000,0.332154,3.073838,-9.338153,2.041973
0.557000,0.331220,3.084286,-9.403113,2.043153
0.558000,0.330309,3.094709,-9.468122,2.044420
0.559000,0.329420,3.105108,-9.533180,2.045772
0.560000,0.328554,3.115483,-9.598289,2.047209
0.561000,0.327709,3.125835,-9.663448,2.048730
0.562000,0.326886,3.136162,-9.728659,2.050332
0.563000,0.326083,3.146466,-9.793921,2.052016
0.564000,0.325300,3.156748,-9.859237,2.053780
0.565000,0.324537,3.167006,-9.924605,2.055622
0.566000,0.323794,3.177242,-9.990027,2.057543
0.567000,0.323070,3.187456,-10.055504,2.059540
0.568000,0.322364,3.197648,-10.121035,2.061614
0.569000,0.321677,3.207818,-10.186622,2.063762
0.570000,0.321008,3.217967,-10.252264,2.065984
0.571000,0.320356,3.228094,-10.317964,2.068280
0.572000,0.319722,3.238200,-10.383720,2.070648
0.573000,0.319105,3.248286,-10.449534,2.073087
0.574000,0.318504,3.258351,-10.515406,2.075596
0.575000,0.317920,3.268396,-10.581336,2.078176
0.576000,0.317352,3.278420,-10.647326,2.080824
0.577000,0.316799,3.288425,-10.713376,2.083541
0.578000,0.316262,3.298410,-10.779485,2.086325
0.579000,0.315740,3.308375,-10.845655,2.089176
0.580000,0.315234,3.318322,-10.911886,2.092093
0.581000,0.314741,3.328249,-10.978179,2.095075
0.582000,0.314263,3.338158,-11.044534,2.098121
0.583000,0.313800,3.348047,-11.110951,2.101232
0.584000,0.313350,3.357919,-11.177432,2.104406
0.585000,0.312914,3.367772,-11.243975,2.107643
0.586000,0.312491,3.377608,-11.310583,2.110942
0.587000,0.312081,3.387425,-11.377255,2.114302
0.588000,0.311684,3.397225,-11.443991,2.117723
0.589000,0.311300,3.407008,-11.510793,2.121205
0.590000,0.310929,3.416773,-11.577660,2.124746
0.591000,0.310570,3.426521,-11.644593,2.128347
0.592000,0.310223,3.436252,-11.711593,2.132006
0.593000,0.309887,3.445967,-11.778659,2.135723
0.594000,0.309564,3.455665,-11.845792,2.139498
0.595000,0.309252,3.465347,-11.912993,2.143331
0.596000,0.308951,3.475013,-11.980262,2.147220
0.597000,0.308662,3.484662,-12.047599,2.151165
0.598000,0.308383,3.494296,-12.115005,2.155166
0.599000,0.308116,3.503914,-12.182480,2.159222
0.600000,0.307859,3.513517,-12.250024,2.163333
0.601000,0.307612,3.523104,-12.317638,2.167499
0.602000,0.307376,3.532676,-12.385322,2.171719
0.603000,0.307150,3.542233,-12.453076,2.175992
0.604000,0.306934,3.551776,-12.520901,2.180319
0.605000,0.306727,3.561303,-12.588798,2.184698
0.606000,0.306531,3.570816,-12.656765,2.189130
0.607000,0.306344,3.580314,-12.724805,2.193613
0.608000,0.306166,3.589799,-12.792916,2.198149
0.609000,0.305998,3.599269,-12.861100,2.202736
0.610000,0.305838,3.608725,-12.929357,2.207374
0.611000,0.305688,3.618167,-12.997686,2.212062
0.612000,0.305547,3.627595,-13.066089,2.216801
0.613000,0.305414,3.637010,-13.134566,2.221590
0.614000,0.305290,3.646412,-13.203116,2.226428
0.615000,0.305175,3.655800,-13.271741,2.231316
0.616000,0.305068,3.665175,-13.340440,2.236253
0.617000,0.304969,3.674537,-13.409214,2.241239
0.618000,0.304878,3.683886,-13.478063,2.246273
0.619000,0.304796,3.693222,-13.546987,2.251355
0.620000,0.304721,3.702545,-13.615987,2.256485
0.621000,0.304654,3.711856,-13.685062,2.261663
0.622000,0.304595,3.721155,-13.754214,2.266888
0.623000,0.304543,3.730441,-13.823442,2.272160
0.624000,0.304499,3.739715,-13.892747,2.277479
0.625000,0.304462,3.748977,-13.962128,2.282844
0.626000,0.304433,3.758226,-14.031587,2.288256
0.627000,0.304411,3.767465,-14.101123,2.293713
0.628000,0.304396,3.776691,-14.170737,2.299217
0.629000,0.304388,3.785905,-14.240428,2.304766
0.630000,0.304387,3.795109,-14.310198,2.310361
0.631000,0.304392,3.804300,-14.380045,2.316000
0.632000,0.304405,3.813481,-14.449972,2.321685
0.633000,0.304424,3.822650,-14.519977,2.327414
0.634000,0.304450,3.831808,-14.590061,2.333188
0.635000,0.304482,3.840955,-14.660224,2.339006
0.636000,0.304521,3.850091,-14.730467,2.344868
0.637000,0.304566,3.859216,-14.800789,2.350774
0.638000,0.304618,3.868331,-14.871191,2.356723
0.639000,0.304675,3.877435,-14.941673,2.362716
0.640000,0.304739,3.886528,-15.012235,2.368753
0.641000,0.304809,3.895611,-15.082878,2.374832
0.642000,0.304884,3.904684,-15.153602,2.380955
0.643000,0.304966,3.913746,-15.224406,2.387120
0.644000,0.305054,3.922799,-15.295291,2.393328
0.645000,0.305147,3.931841,-15.366258,2.399579
0.646000,0.305246,3.940873,-15.437305,2.405871
0.647000,0.305351,3.949895,-15.508435,2.412206
0.648000,0.305461,3.958908,-15.579646,2.418583
0.649000,0.305577,3.967911,-15.650939,2.425001
0.650000,0.305698,3.976904,-15.722315,2.431461
0.651000,0.305824,3.985888,-15.793772,2.437963
0.652000,0.305956,3.994862,-15.865312,2.444506
0.653000,0.306093,4.003827,-15.936935,2.451090
0.654000,0.306236,4.012782,-16.008640,2.457715
0.655000,0.306383,4.021728,-16.080429,2.464382
0.656000,0.306536,4.030666,-16.152300,2.471088
0.657000,0.306694,4.039594,-16.224255,2.477836
0.658000,0.306856,4.048513,-16.296294,2.484624
0.659000,0.307024,4.057423,-16.368416,2.491453
0.660000,0.307197,4.066324,-16.440621,2.498322
0.661000,0.307374,4.075217,-16.512911,2.505231
0.662000,0.307556,4.084100,-16.585285,2.512180
0.663000,0.307743,4.092976,-16.657743,2.519169
0.664000,0.307935,4.101842,-16.730285,2.526198
0.665000,0.308131,4.110700,-16.802912,2.533267
0.666000,0.308332,4.119550,-16.875624,2.540375
0.667000,0.308537,4.128391,-16.948420,2.547522
0.668000,0.308747,4.137224,-17.021301,2.554709
0.669000,0.308961,4.146049,-17.094268,2.561936
0.670000,0.309180,4.154866,-17.167319,2.569201
0.671000,0.309403,4.163675,-17.240456,2.576506
0.672000,0.309630,4.172475,-17.313679,2.583849
0.673000,0.309862,4.181268,-17.386987,2.591232
0.674000,0.310098,4.190053,-17.460381,2.598653
0.675000,0.310338,4.198830,-17.533861,2.606113
0.676000,0.310582,4.207599,-17.607426,2.613612
0.677000,0.310831,4.216360,-17.681078,2.621149
0.678000,0.311083,4.225114,-17.754816,2.628724
0.679000,0.311340,4.233860,-17.828641,2.636338
0.680000,0.311600,4.242599,-17.902552,2.643990
0.681000,0.311865,4.251330,-17.976549,2.651681
0.682000,0.312133,4.260054,-18.050633,2.659409
0.683000,0.312406,4.268771,-18.124804,2.667176
0.684000,0.312682,4.277480,-18.199063,2.674980
0.685000,0.312962,4.286182,-18.273408,2.682822
0.686000,0.313246,4.294876,-18.347840,2.690703
0.687000,0.313533,4.303564,-18.422360,2.698620
0.688000,0.313825,4.312244,-18.496967,2.706576
0.689000,0.314120,4.320918,-18.571661,2.714569
0.690000,0.314418,4.329585,-18.646443,2.722600
0.691000,0.314720,4.338244,-18.721313,2.730668
0.692000,0.315026,4.346897,-18.796271,2.738774
0.693000,0.315336,4.355543,-18.871316,2.746917
0.694000,0.315649,4.364182,-18.946450,2.755097
0.695000,0.315965,4.372814,-19.021671,2.763315
0.696000,0.316285,4.381440,-19.096981,2.771569
0.697000,0.316609,4.390059,-19.172380,2.779861
0.698000,0.316935,4.398672,-19.247866,2.788190
0.699000,0.317266,4.407278,-19.323441,2.796556
0.700000,0.317599,4.415878,-19.399105,2.804959
0.701000,0.317936,4.424471,-19.474857,2.813398
0.702000,0.318276,4.433057,-19.550699,2.821875
0.703000,0.318620,4.441638,-19.626629,2.830388
0.704000,0.318967,4.450212,-19.702647,2.838938
0.705000,0.319317,4.458780,-19.778755,2.847525
0.706000,0.319670,4.467342,-19.854953,2.856148
0.707000,0.320026,4.475897,-19.931239,2.864808
0.708000,0.320386,4.484447,-20.007615,2.873505
0.709000,0.320748,4.492990,-20.084080,2.882238
0.710000,0.321114,4.501527,-20.160634,2.891008
0.711000,0.321483,4.510059,-20.237278,2.899814
0.712000,0.321855,4.518584,-20.314012,2.908656
0.713000,0.322230,4.527104,-20.390835,2.917535
0.714000,0.322608,4.535617,-20.467748,2.926450
0.715000,0.322989,4.544125,-20.544751,2.935402
0.716000,0.323373,4.552627,-20.621844,2.944389
0.717000,0.323759,4.561123,-20.699027,2.953413
0.718000,0.324149,4.569614,-20.776300,2.962473
0.719000,0.324542,4.578099,-20.853663,2.971569
0.720000,0.324937,4.586578,-20.931116,2.980702
0.721000,0.325336,4.595052,-21.008660,2.989870
0.722000,0.325737,4.603520,-21.086294,2.999074
0.723000,0.326141,4.611983,-21.164018,3.008315
0.724000,0.326548,4.620440,-21.241833,3.017591
0.725000,0.326958,4.628892,-21.319738,3.026903
0.726000,0.327370,4.637338,-21.397734,3.036252
0.727000,0.327785,4.645779,-21.475821,3.045636
0.728000,0.328203,4.654215,-21.553999,3.055056
0.729000,0.328624,4.662645,-21.632267,3.064512
0.730000,0.329047,4.671070,-21.710627,3.074003
0.731000,0.329473,4.679490,-21.789077,3.083531
0.732000,0.329902,4.687905,-21.867618,3.093094
0.733000,0.330333,4.696315,-21.946251,3.102693
0.734000,0.330767,4.704719,-22.024974,3.112328
0.735000,0.331203,4.713118,-22.103789,3.121998
0.736000,0.331642,4.721513,-22.182695,3.131704
0.737000,0.332084,4.729902,-22.261692,3.141446
0.738000,0.332528,4.738286,-22.340781,3.151224
0.739000,0.332974,4.746665,-22.419961,3.161037
0.740000,0.333424,4.755040,-22.499233,3.170885
0.741000,0.333875,4.763409,-22.578596,3.180770
0.742000,0.334329,4.771774,-22.658051,3.190690
0.743000,0.334786,4.780134,-22.737597,3.200645
0.744000,0.335245,4.788489,-22.817235,3.210636
0.745000,0.335707,4.796839,-22.896965,3.220662
0.746000,0.336171,4.805184,-22.976787,3.230724
0.747000,0.336637,4.813525,-23.056700,3.240822
0.748000,0.337106,4.821861,-23.136706,3.250955
0.749000,0.337577,4.830193,-23.216803,3.261123
0.750000,0.338050,4.838519,-23.296993,3.271327
0.751000,0.338526,4.846842,-23.377274,3.281567
0.752000,0.339004,4.855159,-23.457648,3.291842
0.753000,0.339485,4.863472,-23.538114,3.302152
0.754000,0.339968,4.871781,-23.618672,3.312498
0.755000,0.340453,4.880085,-23.699322,3.322879
0.756000,0.340940,4.888385,-23.780065,3.333295
0.757000,0.341430,4.896680,-23.860900,3.343747
0.758000,0.341922,4.904971,-23.941827,3.354234
0.759000,0.342416,4.913257,-24.022847,3.364757
0.760000,0.342913,4.921539,-24.103959,3.375315
0.761000,0.343411,4.929817,-24.185164,3.385908
0.762000,0.343912,4.938090,-24.266461,3.396537
0.763000,0.344415,4.946360,-24.347851,3.407201
0.764000,0.344920,4.954624,-24.429334,3.417901
0.765000,0.345428,4.962885,-24.510909,3.428635
0.766000,0.345937,4.971142,-24.592577,3.439405
0.767000,0.346449,4.979394,-24.674338,3.450211
0.768000,0.346963,4.987642,-24.756192,3.461052
0.769000,0.347479,4.995886,-24.838138,3.471928
0.770000,0.347997,5.004126,-24.920177,3.482839
0.771000,0.348517,5.012362,-25.002310,3.493786
0.772000,0.349039,5.020594,-25.084535,3.504768
0.773000,0.349564,5.028822,-25.166853,3.515785
0.774000,0.350090,5.037045,-25.249264,3.526838
0.775000,0.350618,5.045265,-25.331769,3.537926
0.776000,0.351149,5.053481,-25.414366,3.549049
0.777000,0.351682,5.061693,-25.497057,3.560208
0.778000,0.352216,5.069901,-25.579840,3.571402
0.779000,0.352753,5.078105,-25.662717,3.582631
0.780000,0.353291,5.086305,-25.745688,3.593896
0.781000,0.353832,5.094502,-25.828751,3.605196
0.782000,0.354375,5.102694,-25.911908,3.616531
0.783000,0.354919,5.110883,-25.995158,3.627901
0.784000,0.355466,5.119068,-26.078502,3.639307
0.785000,0.356014,5.127249,-26.161938,3.650749
0.786000,0.356565,5.135427,-26.245469,3.662225
0.787000,0.357117,5.143600,-26.329093,3.673737
0.788000,0.357672,5.151770,-26.412810,3.685284
0.789000,0.358228,5.159937,-26.496621,3.696867
0.790000,0.358786,5.168100,-26.580525,3.708485
0.791000,0.359346,5.176259,-26.664523,3.720138
0.792000,0.359908,5.184414,-26.748615,3.731827
0.793000,0.360472,5.192566,-26.832800,3.743551
0.794000,0.361038,5.200714,-26.917079,3.755310
0.795000,0.361606,5.208859,-27.001451,3.767105
0.796000,0.362175,5.217000,-27.085918,3.778935
0.797000,0.362746,5.225138,-27.170478,3.790800
0.798000,0.363320,5.233272,-27.255131,3.802701
0.799000,0.363895,5.241402,-27.339879,3.814638
0.800000,0.364472,5.249530,-27.424720,3.826610
0.801000,0.365050,5.257653,-27.509656,3.838617
0.802000,0.365631,5.265774,-27.594685,3.850659
0.803000,0.366213,5.273890,-27.679808,3.862737
0.804000,0.366797,5.282004,-27.765025,3.874851
0.805000,0.367383,5.290114,-27.850336,3.887000
0.806000,0.367971,5.298221,-27.935741,3.899184
0.807000,0.368561,5.306324,-28.021240,3.911404
0.808000,0.369152,5.314424,-28.106833,3.923659
0.809000,0.369745,5.322521,-28.192520,3.935950
0.810000,0.370340,5.330615,-28.278301,3.948277
0.811000,0.370936,5.338705,-28.364176,3.960638
0.812000,0.371535,5.346792,-28.450145,3.973036
0.813000,0.372135,5.354876,-28.536208,3.985469
0.814000,0.372736,5.362956,-28.622366,3.997937
0.815000,0.373340,5.371033,-28.708617,4.010441
0.816000,0.373945,5.379108,-28.794963,4.022981
0.817000,0.374552,5.387179,-28.881403,4.035556
0.818000,0.375161,5.395246,-28.967937,4.048167
0.819000,0.375771,5.403311,-29.054566,4.060813
0.820000,0.376383,5.411373,-29.141289,4.073495
0.821000,0.376996,5.419431,-29.228106,4.086213
0.822000,0.377612,5.427486,-29.315017,4.098966
0.823000,0.378229,5.435539,-29.402023,4.111755
0.824000,0.378848,5.443588,-29.489123,4.124580
0.825000,0.379468,5.451634,-29.576317,4.137440
0.826000,0.380090,5.459677,-29.663606,4.150336
0.827000,0.380714,5.467717,-29.750989,4.163268
0.828000,0.381339,5.475754,-29.838466,4.176235
0.829000,0.381966,5.483788,-29.926038,4.189238
0.830000,0.382594,5.491820,-30.013704,4.202277
0.831000,0.383224,5.499848,-30.101465,4.215352
0.832000,0.383856,5.507873,-30.189320,4.228462
0.833000,0.384490,5.515895,-30.277270,4.241608
0.834000,0.385125,5.523915,-30.365314,4.254791
0.835000,0.385761,5.531931,-30.453453,4.268008
0.836000,0.386399,5.539945,-30.541686,4.281262
0.837000,0.387039,5.547956,-30.630014,4.294552
0.838000,0.387680,5.555964,-30.718436,4.307877
0.839000,0.388323,5.563969,-30.806953,4.321239
0.840000,0.388968,5.571971,-30.895565,4.334636
0.841000,0.389614,5.579970,-30.984271,4.348069
0.842000,0.390262,5.587967,-31.073071,4.361538
0.843000,0.390911,5.595961,-31.161966,4.375043
0.844000,0.391562,5.603952,-31.250956,4.388585
0.845000,0.392214,5.611940,-31.340041,4.402162
0.846000,0.392868,5.619926,-31.429220,4.415775
0.847000,0.393523,5.627909,-31.518494,4.429424
0.848000,0.394180,5.635889,-31.607862,4.443109
0.849000,0.394838,5.643866,-31.697326,4.456830
0.850000,0.395498,5.651841,-31.786883,4.470588
0.851000,0.396160,5.659813,-31.876536,4.484381
0.852000,0.396823,5.667782,-31.966283,4.498210
0.853000,0.397487,5.675749,-32.056125,4.512076
0.854000,0.398153,5.683713,-32.146062,4.525978
0.855000,0.398821,5.691674,-32.236094,4.539916
0.856000,0.399490,5.699633,-32.326220,4.553890
0.857000,0.400160,5.707589,-32.416441,4.567900
0.858000,0.400832,5.715542,-32.506757,4.581947
0.859000,0.401506,5.723493,-32.597168,4.596030
0.860000,0.402181,5.731442,-32.687673,4.610149
0.861000,0.402857,5.739387,-32.778273,4.624305
0.862000,0.403535,5.747331,-32.868968,4.638496
0.863000,0.404214,5.755271,-32.959758,4.652724
0.864000,0.404895,5.763209,-33.050643,4.666989
0.865000,0.405577,5.771145,-33.141622,4.681289
0.866000,0.406261,5.779078,-33.232696,4.695627
0.867000,0.406946,5.787009,-33.323866,4.710000
0.868000,0.407633,5.794937,-33.415130,4.724410
0.869000,0.408321,5.802863,-33.506488,4.738857
0.870000,0.409010,5.810786,-33.597942,4.753340
0.871000,0.409701,5.818707,-33.689491,4.767859
0.872000,0.410393,5.826625,-33.781134,4.782415
0.873000,0.411087,5.834541,-33.872873,4.797007
0.874000,0.411782,5.842454,-33.964706,4.811636
0.875000,0.412479,5.850365,-34.056634,4.826302
0.876000,0.413177,5.858274,-34.148657,4.841004
0.877000,0.413876,5.866180,-34.240775,4.855743
0.878000,0.414577,5.874084,-34.332988,4.870518
0.879000,0.415279,5.881985,-34.425296,4.885330
0.880000,0.415983,5.889885,-34.517699,4.900179
0.881000,0.416688,5.897781,-34.610196,4.915064
0.882000,0.417394,5.905676,-34.702789,4.929986
0.883000,0.418102,5.913568,-34.795477,4.944945
0.884000,0.418811,5.921458,-34.888259,4.959941
0.885000,0.419521,5.929345,-34.981136,4.974974
0.886000,0.420233,5.937230,-35.074109,4.990043
0.887000,0.420946,5.945113,-35.167176,5.005149
0.888000,0.421661,5.952994,-35.260338,5.020292
0.889000,0.422377,5.960872,-35.353596,5.035472
0.890000,0.423094,5.968748,-35.446948,5.050688
0.891000,0.423813,5.976622,-35.540395,5.065942
0.892000,0.424533,5.984494,-35.633937,5.081233
0.893000,0.425255,5.992363,-35.727574,5.096560
0.894000,0.425977,6.000230,-35.821306,5.111925
0.895000,0.426702,6.008095,-35.915134,5.127327
0.896000,0.427427,6.015958,-36.009056,5.142765
0.897000,0.428154,6.023818,-36.103073,5.158241
0.898000,0.428882,6.031677,-36.197185,5.173754
0.899000,0.429611,6.039533,-36.291392,5.189304
0.900000,0.430342,6.047387,-36.385694,5.204891
0.901000,0.431074,6.055239,-36.480091,5.220515
0.902000,0.431808,6.063088,-36.574582,5.236176
0.903000,0.432542,6.070936,-36.669169,5.251875
0.904000,0.433279,6.078781,-36.763851,5.267611
0.905000,0.434016,6.086625,-36.858628,5.283384
0.906000,0.434755,6.094466,-36.953500,5.299194
0.907000,0.435495,6.102305,-37.048467,5.315042
0.908000,0.436236,6.110142,-37.143529,5.330927
0.909000,0.436979,6.117976,-37.238686,5.346849
0.910000,0.437722,6.125809,-37.333938,5.362809
0.911000,0.438468,6.133640,-37.429285,5.378806
0.912000,0.439214,6.141469,-37.524726,5.394840
0.913000,0.439962,6.149295,-37.620263,5.410912
0.914000,0.440711,6.157120,-37.715895,5.427022
0.915000,0.441461,6.164942,-37.811622,5.443169
0.916000,0.442213,6.172762,-37.907444,5.459353
0.917000,0.442966,6.180581,-38.003361,5.475575
0.918000,0.443720,6.188397,-38.099372,5.491835
0.919000,0.444476,6.196212,-38.195479,5.508132
0.920000,0.445233,6.204024,-38.291681,5.524467
0.921000,0.445991,6.211834,-38.387978,5.540839
0.922000,0.446750,6.219643,-38.484369,5.557249
0.923000,0.447510,6.227449,-38.580856,5.573697
0.924000,0.448272,6.235253,-38.677438,5.590183
0.925000,0.449035,6.243056,-38.774114,5.606706
0.926000,0.449800,6.250856,-38.870886,5.623267
0.927000,0.450565,6.258655,-38.967753,5.639866
0.928000,0.451332,6.266452,-39.064714,5.656503
0.929000,0.452100,6.274246,-39.161771,5.673177
0.930000,0.452870,6.282039,-39.258922,5.689889
0.931000,0.453640,6.289830,-39.356169,5.706640
0.932000,0.454412,6.297619,-39.453510,5.723428
0.933000,0.455185,6.305406,-39.550947,5.740254
0.934000,0.455959,6.313191,-39.648478,5.757118
0.935000,0.456735,6.320974,-39.746104,5.774021
0.936000,0.457512,6.328755,-39.843826,5.790961
0.937000,0.458290,6.336535,-39.941642,5.807939
0.938000,0.459069,6.344312,-40.039553,5.824955
0.939000,0.459850,6.352088,-40.137559,5.842010
0.940000,0.460631,6.359862,-40.235660,5.859103
0.941000,0.461414,6.367634,-40.333856,5.876233
0.942000,0.462198,6.375404,-40.432147,5.893402
0.943000,0.462984,6.383172,-40.530533,5.910609
0.944000,0.463770,6.390939,-40.629014,5.927855
0.945000,0.464558,6.398703,-40.727589,5.945139
0.946000,0.465347,6.406466,-40.826260,5.962461
0.947000,0.466137,6.414227,-40.925025,5.979821
0.948000,0.466929,6.421986,-41.023886,5.997220
0.949000,0.467721,6.429744,-41.122841,6.014657
0.950000,0.468515,6.437499,-41.221891,6.032132
0.951000,0.469310,6.445253,-41.321036,6.049646
0.952000,0.470106,6.453005,-41.420276,6.067198
0.953000,0.470904,6.460755,-41.519611,6.084789
0.954000,0.471702,6.468504,-41.619040,6.102418
0.955000,0.472502,6.476251,-41.718565,6.120086
0.956000,0.473303,6.483996,-41.818184,6.137793
0.957000,0.474105,6.491739,-41.917899,6.155538
0.958000,0.474909,6.499480,-42.017708,6.173321
0.959000,0.475713,6.507220,-42.117612,6.191143
0.960000,0.476519,6.514958,-42.217610,6.209004
0.961000,0.477326,6.522695,-42.317704,6.226904
0.962000,0.478134,6.530429,-42.417892,6.244842
0.963000,0.478943,6.538162,-42.518176,6.262820
0.964000,0.479754,6.545893,-42.618554,6.280836
0.965000,0.480566,6.553623,-42.719027,6.298890
0.966000,0.481378,6.561350,-42.819594,6.316984
0.967000,0.482192,6.569077,-42.920257,6.335116
0.968000,0.483007,6.576801,-43.021014,6.353288
0.969000,0.483824,6.584524,-43.121866,6.371498
0.970000,0.484641,6.592245,-43.222813,6.389747
0.971000,0.485460,6.599964,-43.323855,6.408035
0.972000,0.486280,6.607682,-43.424991,6.426362
0.973000,0.487101,6.615398,-43.526222,6.444729
0.974000,0.487923,6.623112,-43.627548,6.463134
0.975000,0.488746,6.630825,-43.728969,6.481578
0.976000,0.489570,6.638536,-43.830484,6.500062
0.977000,0.490396,6.646246,-43.932094,6.518584
0.978000,0.491223,6.653954,-44.033799,6.537146
0.979000,0.492051,6.661660,-44.135598,6.555747
0.980000,0.492880,6.669364,-44.237492,6.574387
0.981000,0.493710,6.677068,-44.339481,6.593067
0.982000,0.494541,6.684769,-44.441565,6.611785
0.983000,0.495374,6.692469,-44.543743,6.630543
0.984000,0.496207,6.700167,-44.646016,6.649341
0.985000,0.497042,6.707864,-44.748384,6.668178
0.986000,0.497878,6.715559,-44.850846,6.687054
0.987000,0.498715,6.723252,-44.953403,6.705969
0.988000,0.499553,6.730944,-45.056054,6.724924
0.989000,0.500392,6.738634,-45.158801,6.743919
0.990000,0.501233,6.746323,-45.261641,6.762953
0.991000,0.502074,6.754010,-45.364577,6.782027
0.992000,0.502917,6.761696,-45.467607,6.801140
0.993000,0.503760,6.769380,-45.570731,6.820292
0.994000,0.504605,6.777063,-45.673951,6.839485
0.995000,0.505451,6.784744,-45.777264,6.858717
0.996000,0.506299,6.792423,-45.880673,6.877988
0.997000,0.507147,6.800101,-45.984176,6.897300
0.998000,0.507996,6.807777,-46.087773,6.916651
0.999000,0.508847,6.815452,-46.191465,6.936042
1.000000,0.509698,6.823126,-46.295252,6.955472
1.001000,0.510551,6.830798,-46.399133,6.974943
1.002000,0.511405,6.838468,-46.503109,6.994453
1.003000,0.512260,6.846137,-46.607179,7.014004
1.004000,0.513116,6.853804,-46.711343,7.033594
1.005000,0.513973,6.861470,-46.815602,7.053224
1.006000,0.514832,6.869134,-46.919956,7.072894
1.007000,0.515691,6.876797,-47.024404,7.092604
1.008000,0.516551,6.884459,-47.128946,7.112354
1.009000,0.517413,6.892119,-47.233583,7.132144
1.010000,0.518276,6.899777,-47.338315,7.151974
1.011000,0.519140,6.907434,-47.443141,7.171845
1.012000,0.520004,6.915090,-47.548061,7.191755
1.013000,0.520870,6.922744,-47.653075,7.211706
1.014000,0.521738,6.930396,-47.758184,7.231696
1.015000,0.522606,6.938048,-47.863388,7.251728
1.016000,0.523475,6.945697,-47.968686,7.271799
1.017000,0.524345,6.953346,-48.074078,7.291910
1.018000,0.525217,6.960993,-48.179564,7.312062
1.019000,0.526090,6.968638,-48.285145,7.332255
1.020000,0.526963,6.976282,-48.390820,7.352487
1.021000,0.527838,6.983925,-48.496590,7.372760
1.022000,0.528714,6.991566,-48.602454,7.393074
1.023000,0.529591,6.999206,-48.708412,7.413428
1.024000,0.530469,7.006844,-48.814464,7.433822
1.025000,0.531348,7.014481,-48.920611,7.454257
1.026000,0.532228,7.022116,-49.026852,7.474732
1.027000,0.533109,7.029751,-49.133187,7.495248
1.028000,0.533991,7.037383,-49.239617,7.515805
1.029000,0.534875,7.045015,-49.346140,7.536402
1.030000,0.535759,7.052645,-49.452758,7.557040
1.031000,0.536645,7.060273,-49.559471,7.577719
1.032000,0.537531,7.067900,-49.666277,7.598438
1.033000,0.538419,7.075526,-49.773178,7.619198
1.034000,0.539308,7.083151,-49.880172,7.639999
1.035000,0.540198,7.090774,-49.987261,7.660841
1.036000,0.541089,7.098396,-50.094444,7.681724
1.037000,0.541981,7.106016,-50.201721,7.702647
1.038000,0.542874,7.113635,-50.309093,7.723611
1.039000,0.543768,7.121253,-50.416558,7.744616
1.040000,0.544663,7.128869,-50.524118,7.765663
1.041000,0.545559,7.136484,-50.631771,7.786750
1.042000,0.546457,7.144098,-50.739519,7.807878
1.043000,0.547355,7.151710,-50.847361,7.829047
1.044000,0.548254,7.159321,-50.955297,7.850258
1.045000,0.549155,7.166931,-51.063327,7.871509
1.046000,0.550056,7.174539,-51.171451,7.892802
1.047000,0.550959,7.182146,-51.279669,7.914135
1.048000,0.551863,7.189752,-51.387981,7.935510
1.049000,0.552767,7.197356,-51.496387,7.956926
1.050000,0.553673,7.204959,-51.604887,7.978384
1.051000,0.554580,7.212561,-51.713481,7.999883
1.052000,0.555488,7.220162,-51.822169,8.021423
1.053000,0.556397,7.227761,-51.930950,8.043004
1.054000,0.557307,7.235359,-52.039826,8.064627
1.055000,0.558218,7.242955,-52.148796,8.086291
1.056000,0.559130,7.250551,-52.257860,8.107996
1.057000,0.560043,7.258145,-52.367017,8.129743
1.058000,0.560957,7.265737,-52.476268,8.151532
1.059000,0.561872,7.273329,-52.585614,8.173362
1.060000,0.562788,7.280919,-52.695053,8.195233
1.061000,0.563706,7.288508,-52.804586,8.217147
1.062000,0.564624,7.296096,-52.914213,8.239101
1.063000,0.565543,7.303682,-53.023933,8.261098
1.064000,0.566464,7.311267,-53.133748,8.283136
1.065000,0.567385,7.318851,-53.243656,8.305216
1.066000,0.568308,7.326434,-53.353658,8.327337
1.067000,0.569231,7.334015,-53.463754,8.349500
1.068000,0.570156,7.341595,-53.573943,8.371705
1.069000,0.571081,7.349174,-53.684227,8.393952
1.070000,0.572008,7.356752,-53.794603,8.416241
1.071000,0.572936,7.364328,-53.905074,8.438572
1.072000,0.573864,7.371903,-54.015639,8.460944
1.073000,0.574794,7.379477,-54.126297,8.483359
1.074000,0.575725,7.387050,-54.237048,8.505815
1.075000,0.576657,7.394621,-54.347894,8.528313
1.076000,0.577589,7.402192,-54.458833,8.550854
1.077000,0.578523,7.409761,-54.569865,8.573436
1.078000,0.579458,7.417329,-54.680992,8.596061
1.079000,0.580394,7.424895,-54.792212,8.618728
1.080000,0.581331,7.432461,-54.903525,8.641437
1.081000,0.582269,7.440025,-55.014932,8.664188
1.082000,0.583208,7.447588,-55.126433,8.686981
1.083000,0.584148,7.455150,-55.238027,8.709816
1.084000,0.585089,7.462710,-55.349714,8.732694
1.085000,0.586031,7.470270,-55.461496,8.755614
1.086000,0.586974,7.477828,-55.573370,8.778576
1.087000,0.587918,7.485385,-55.685338,8.801581
1.088000,0.588863,7.492941,-55.797400,8.824628
1.089000,0.589809,7.500495,-55.909555,8.847718
1.090000,0.590756,7.508049,-56.021804,8.870850
1.091000,0.591704,7.515601,-56.134146,8.894024
1.092000,0.592653,7.523152,-56.246581,8.917241
1.093000,0.593603,7.530702,-56.359110,8.940501
1.094000,0.594555,7.538251,-56.471732,8.963803
1.095000,0.595507,7.545799,-56.584447,8.987148
1.096000,0.596460,7.553345,-56.697256,9.010535
1.097000,0.597414,7.560890,-56.810158,9.033965
1.098000,0.598369,7.568434,-56.923154,9.057437
1.099000,0.599325,7.575977,-57.036243,9.080953
1.100000,0.600283,7.583519,-57.149425,9.104511
1.101000,0.601241,7.591060,-57.262700,9.128112
1.102000,0.602200,7.598599,-57.376069,9.151756
1.103000,0.603160,7.606138,-57.489531,9.175442
1.104000,0.604122,7.613675,-57.603086,9.199171
1.105000,0.605084,7.621211,-57.716734,9.222944
1.106000,0.606047,7.628746,-57.830476,9.246759
1.107000,0.607011,7.636280,-57.944310,9.270617
1.108000,0.607977,7.643813,-58.058238,9.294518
1.109000,0.608943,7.651344,-58.172259,9.318463
1.110000,0.609910,7.658875,-58.286374,9.342450
1.111000,0.610878,7.666404,-58.400581,9.366480
1.112000,0.611848,7.673932,-58.514881,9.390554
1.113000,0.612818,7.681460,-58.629275,9.414670
1.114000,0.613789,7.688986,-58.743761,9.438830
1.115000,0.614761,7.696510,-58.858341,9.463033
1.116000,0.615734,7.704034,-58.973014,9.487279
1.117000,0.616709,7.711557,-59.087779,9.511569
1.118000,0.617684,7.719078,-59.202638,9.535901
1.119000,0.618660,7.726599,-59.317590,9.560277
1.120000,0.619637,7.734118,-59.432635,9.584697
1.121000,0.620616,7.741637,-59.547772,9.609160
1.122000,0.621595,7.749154,-59.663003,9.633666
1.123000,0.622575,7.756670,-59.778327,9.658215
1.124000,0.623556,7.764185,-59.893743,9.682809
1.125000,0.624538,7.771699,-60.009252,9.707445
1.126000,0.625521,7.779212,-60.124855,9.732125
1.127000,0.626505,7.786723,-60.240550,9.756849
1.128000,0.627491,7.794234,-60.356338,9.781616
1.129000,0.628477,7.801743,-60.472219,9.806427
1.130000,0.629464,7.809252,-60.588192,9.831282
1.131000,0.630452,7.816759,-60.704259,9.856180
1.132000,0.631441,7.824266,-60.820418,9.881122
1.133000,0.632431,7.831771,-60.936670,9.906108
1.134000,0.633422,7.839275,-61.053015,9.931137
1.135000,0.634414,7.846779,-61.169452,9.956211
1.136000,0.635407,7.854281,-61.285983,9.981328
1.137000,0.636401,7.861782,-61.402605,10.006489
1.138000,0.637396,7.869282,-61.519321,10.031694
1.139000,0.638392,7.876781,-61.636129,10.056942
1.140000,0.639389,7.884279,-61.753030,10.082235
1.141000,0.640386,7.891775,-61.870024,10.107572
1.142000,0.641385,7.899271,-61.987110,10.132953
1.143000,0.642385,7.906766,-62.104289,10.158378
1.144000,0.643386,7.914260,-62.221560,10.183846
1.145000,0.644388,7.921752,-62.338924,10.209359
1.146000,0.645390,7.929244,-62.456381,10.234917
1.147000,0.646394,7.936735,-62.573930,10.260518
1.148000,0.647399,7.944224,-62.691571,10.286163
1.149000,0.648405,7.951713,-62.809305,10.311853
1.150000,0.649411,7.959200,-62.927132,10.337587
1.151000,0.650419,7.966687,-63.045051,10.363365
1.152000,0.651427,7.974172,-63.163063,10.389188
1.153000,0.652437,7.981656,-63.281166,10.415055
1.154000,0.653447,7.989140,-63.399363,10.440966
1.155000,0.654459,7.996622,-63.517652,10.466922
1.156000,0.655471,8.004104,-63.636033,10.492922
1.157000,0.656485,8.011584,-63.754506,10.518967
1.158000,0.657499,8.019063,-63.873072,10.545056
1.159000,0.658515,8.026542,-63.991730,10.571189
1.160000,0.659531,8.034019,-64.110481,10.597368
1.161000,0.660548,8.041495,-64.229323,10.623590
1.162000,0.661566,8.048971,-64.348258,10.649858
1.163000,0.662586,8.056445,-64.467286,10.676170
1.164000,0.663606,8.063918,-64.586405,10.702527
1.165000,0.664627,8.071391,-64.705617,10.728928
1.166000,0.665649,8.078862,-64.824921,10.755374
1.167000,0.666672,8.086332,-64.944317,10.781865
1.168000,0.667696,8.093802,-65.063806,10.808401
1.169000,0.668721,8.101270,-65.183386,10.834982
1.170000,0.669747,8.108737,-65.303059,10.861607
1.171000,0.670774,8.116204,-65.422823,10.888277
1.172000,0.671802,8.123669,-65.542680,10.914993
1.173000,0.672831,8.131133,-65.662629,10.941753
1.174000,0.673861,8.138597,-65.782670,10.968558
1.175000,0.674891,8.146059,-65.902803,10.995408
1.176000,0.675923,8.153521,-66.023028,11.022304
1.177000,0.676956,8.160981,-66.143345,11.049244
1.178000,0.677989,8.168441,-66.263754,11.076229
1.179000,0.679024,8.175899,-66.384255,11.103260
1.180000,0.680059,8.183357,-66.504848,11.130336
1.181000,0.681096,8.190813,-66.625533,11.157457
1.182000,0.682133,8.198269,-66.746310,11.184623
1.183000,0.683172,8.205724,-66.867179,11.211834
1.184000,0.684211,8.213177,-66.988140,11.239091
1.185000,0.685251,8.220630,-67.109192,11.266393
1.186000,0.686292,8.228082,-67.230336,11.293740
1.187000,0.687335,8.235533,-67.351573,11.321133
1.188000,0.688378,8.242983,-67.472901,11.348571
1.189000,0.689422,8.250432,-67.594320,11.376055
1.190000,0.690467,8.257880,-67.715832,11.403584
1.191000,0.691513,8.265327,-67.837435,11.431158
1.192000,0.692560,8.272773,-67.959130,11.458778
1.193000,0.693608,8.280218,-68.080917,11.486444
1.194000,0.694656,8.287662,-68.202796,11.514155
1.195000,0.695706,8.295105,-68.324766,11.541912
1.196000,0.696757,8.302548,-68.446828,11.569714
1.197000,0.697809,8.309989,-68.568981,11.597562
1.198000,0.698861,8.317429,-68.691226,11.625456
1.199000,0.699915,8.324869,-68.813563,11.653395
1.200000,0.700969,8.332308,-68.935991,11.681381
