Peña-Rodríguez & Rioux calculated dielectric data (0Au/100Ag) prepared by Alexander Al-Feghali al-fegha.li, Blum and Cosa Lab, McGill University
1 2 3 0 0 = columns for wave, Re(n), Im(n), eps1, eps2
wave(um)   Re(n)     Im(n)     eps1      eps2
1	2	3	0	0	=	columns	for	wave,	Re(n),	Im(n),	eps1,	eps2
wave(um)	Re(n)	Im(n)	eps1	eps2
Rioux	calculated	dielectric	data	(85Au/15Ag)
wave(um),Re(n),Im(n),eps1,eps2
0.270000,1.419900,1.739989,-1.011443,4.941220
0.271000,1.424099,1.743661,-1.012295,4.966293
0.272000,1.428289,1.747263,-1.012919,4.991195
0.273000,1.432470,1.750795,-1.013313,5.015922
0.274000,1.436640,1.754256,-1.013478,5.040467
0.275000,1.440799,1.757645,-1.013413,5.064824
0.276000,1.444945,1.760962,-1.013119,5.088986
0.277000,1.449079,1.764206,-1.012593,5.112949
0.278000,1.453199,1.767378,-1.011838,5.136704
0.279000,1.457304,1.770477,-1.010853,5.160246
0.280000,1.461394,1.773502,-1.009637,5.183568
0.281000,1.465466,1.776452,-1.008192,5.206663
0.282000,1.469521,1.779329,-1.006518,5.229523
0.283000,1.473558,1.782130,-1.004615,5.252144
0.284000,1.477575,1.784856,-1.002484,5.274516
0.285000,1.481571,1.787506,-1.000126,5.296632
0.286000,1.485545,1.790080,-0.997543,5.318487
0.287000,1.489496,1.792577,-0.994734,5.340071
0.288000,1.493422,1.794997,-0.991703,5.361377
0.289000,1.497324,1.797339,-0.988449,5.382398
0.290000,1.501199,1.799604,-0.984976,5.403125
0.291000,1.505045,1.801790,-0.981285,5.423551
0.292000,1.508863,1.803897,-0.977378,5.443668
0.293000,1.512650,1.805926,-0.973258,5.463468
0.294000,1.516405,1.807875,-0.968927,5.482941
0.295000,1.520127,1.809744,-0.964388,5.502081
0.296000,1.523814,1.811533,-0.959645,5.520878
0.297000,1.527464,1.813242,-0.954701,5.539324
0.298000,1.531076,1.814870,-0.949559,5.557410
0.299000,1.534649,1.816417,-0.944224,5.575128
0.300000,1.538181,1.817884,-0.938699,5.592469
0.301000,1.541670,1.819268,-0.932990,5.609424
0.302000,1.545115,1.820572,-0.927102,5.625984
0.303000,1.548513,1.821793,-0.921039,5.642140
0.304000,1.551863,1.822933,-0.914807,5.657884
0.305000,1.555163,1.823991,-0.908413,5.673206
0.306000,1.558411,1.824967,-0.901862,5.688097
0.307000,1.561605,1.825862,-0.895161,5.702549
0.308000,1.564743,1.826674,-0.888318,5.716553
0.309000,1.567824,1.827406,-0.881340,5.730099
0.310000,1.570844,1.828055,-0.874235,5.743179
0.311000,1.573802,1.828624,-0.867011,5.755785
0.312000,1.576696,1.829111,-0.859678,5.767906
0.313000,1.579524,1.829519,-0.852244,5.779536
0.314000,1.582282,1.829846,-0.844719,5.790666
0.315000,1.584970,1.830094,-0.837114,5.801287
0.316000,1.587584,1.830263,-0.829438,5.811392
0.317000,1.590123,1.830353,-0.821704,5.820972
0.318000,1.592583,1.830367,-0.813923,5.830021
0.319000,1.594962,1.830304,-0.806107,5.838531
0.320000,1.597259,1.830165,-0.798268,5.846495
0.321000,1.599470,1.829952,-0.790420,5.853906
0.322000,1.601593,1.829666,-0.782576,5.860759
0.323000,1.603625,1.829307,-0.774751,5.867047
0.324000,1.605565,1.828879,-0.766958,5.872766
0.325000,1.607409,1.828381,-0.759213,5.877911
0.326000,1.609155,1.827816,-0.751532,5.882476
0.327000,1.610800,1.827185,-0.743929,5.886460
0.328000,1.612342,1.826491,-0.736421,5.889858
0.329000,1.613779,1.825735,-0.729025,5.892668
0.330000,1.615108,1.824920,-0.721758,5.894888
0.331000,1.616327,1.824048,-0.714638,5.896518
0.332000,1.617434,1.823122,-0.707680,5.897556
0.333000,1.618425,1.822143,-0.700905,5.898005
0.334000,1.619300,1.821115,-0.694329,5.897864
0.335000,1.620056,1.820041,-0.687970,5.897136
0.336000,1.620690,1.818924,-0.681848,5.895825
0.337000,1.621202,1.817767,-0.675980,5.893934
0.338000,1.621589,1.816573,-0.670386,5.891469
0.339000,1.621850,1.815345,-0.665082,5.888435
0.340000,1.621983,1.814088,-0.660089,5.884839
0.341000,1.621986,1.812805,-0.655422,5.880689
0.342000,1.621859,1.811499,-0.651102,5.875994
0.343000,1.621601,1.810175,-0.647144,5.870765
0.344000,1.621211,1.808837,-0.643566,5.865012
0.345000,1.620687,1.807488,-0.640385,5.858746
0.346000,1.620031,1.806133,-0.637617,5.851981
0.347000,1.619240,1.804776,-0.635278,5.844731
0.348000,1.618316,1.803421,-0.633381,5.837010
0.349000,1.617258,1.802073,-0.631942,5.828834
0.350000,1.616067,1.800735,-0.630974,5.820220
0.351000,1.614744,1.799413,-0.630488,5.811184
0.352000,1.613290,1.798110,-0.630497,5.801745
0.353000,1.611704,1.796831,-0.631011,5.791921
0.354000,1.609990,1.795580,-0.632039,5.781732
0.355000,1.608148,1.794361,-0.633590,5.771197
0.356000,1.606181,1.793178,-0.635670,5.760337
0.357000,1.604090,1.792035,-0.638286,5.749172
0.358000,1.601878,1.790937,-0.641441,5.737723
0.359000,1.599547,1.789886,-0.645141,5.726011
0.360000,1.597100,1.788886,-0.649386,5.714058
0.361000,1.594539,1.787941,-0.654178,5.701885
0.362000,1.591869,1.787054,-0.659517,5.689513
0.363000,1.589092,1.786229,-0.665400,5.676964
0.364000,1.586212,1.785467,-0.671826,5.664257
0.365000,1.583232,1.784772,-0.678789,5.651415
0.366000,1.580156,1.784146,-0.686285,5.638456
0.367000,1.576987,1.783591,-0.694308,5.625401
0.368000,1.573731,1.783109,-0.702849,5.612269
0.369000,1.570391,1.782702,-0.711900,5.599079
0.370000,1.566971,1.782371,-0.721451,5.585847
0.371000,1.563474,1.782118,-0.731493,5.572592
0.372000,1.559907,1.781943,-0.742012,5.559330
0.373000,1.556272,1.781847,-0.752998,5.546076
0.374000,1.552573,1.781830,-0.764436,5.532844
0.375000,1.548816,1.781893,-0.776313,5.519649
0.376000,1.545004,1.782036,-0.788615,5.506503
0.377000,1.541141,1.782257,-0.801325,5.493417
0.378000,1.537231,1.782557,-0.814429,5.480403
0.379000,1.533278,1.782934,-0.827911,5.467469
0.380000,1.529287,1.783388,-0.841754,5.454625
0.381000,1.525261,1.783917,-0.855941,5.441878
0.382000,1.521203,1.784520,-0.870455,5.429234
0.383000,1.517117,1.785195,-0.885279,5.416700
0.384000,1.513006,1.785941,-0.900396,5.404278
0.385000,1.508874,1.786754,-0.915789,5.391973
0.386000,1.504724,1.787633,-0.931439,5.379788
0.387000,1.500558,1.788576,-0.947330,5.367722
0.388000,1.496379,1.789579,-0.963444,5.355778
0.389000,1.492190,1.790641,-0.979764,5.343953
0.390000,1.487993,1.791758,-0.996273,5.332248
0.391000,1.483791,1.792927,-1.012954,5.320658
0.392000,1.479584,1.794146,-1.029791,5.309182
0.393000,1.475376,1.795411,-1.046767,5.297814
0.394000,1.471167,1.796719,-1.063866,5.286550
0.395000,1.466960,1.798067,-1.081074,5.275383
0.396000,1.462754,1.799451,-1.098373,5.264308
0.397000,1.458552,1.800867,-1.115751,5.253316
0.398000,1.454353,1.802314,-1.133191,5.242400
0.399000,1.450159,1.803785,-1.150681,5.231550
0.400000,1.445969,1.805279,-1.168206,5.220758
0.401000,1.441785,1.806792,-1.185754,5.210011
0.402000,1.437605,1.808320,-1.203311,5.199301
0.403000,1.433430,1.809859,-1.220867,5.188614
0.404000,1.429260,1.811406,-1.238408,5.177938
0.405000,1.425092,1.812957,-1.255925,5.167261
0.406000,1.420927,1.814508,-1.273407,5.156569
0.407000,1.416764,1.816057,-1.290843,5.145848
0.408000,1.412601,1.817599,-1.308226,5.135082
0.409000,1.408436,1.819131,-1.325545,5.124258
0.410000,1.404268,1.820649,-1.342794,5.113357
0.411000,1.400095,1.822150,-1.359964,5.102365
0.412000,1.395915,1.823630,-1.377050,5.091264
0.413000,1.391725,1.825087,-1.394045,5.080037
0.414000,1.387522,1.826516,-1.410944,5.068664
0.415000,1.383305,1.827916,-1.427744,5.057129
0.416000,1.379069,1.829281,-1.444439,5.045411
0.417000,1.374812,1.830611,-1.461029,5.033490
0.418000,1.370529,1.831901,-1.477510,5.021347
0.419000,1.366218,1.833149,-1.493883,5.008961
0.420000,1.361874,1.834352,-1.510147,4.996311
0.421000,1.357492,1.835508,-1.526303,4.983375
0.422000,1.353069,1.836614,-1.542354,4.970131
0.423000,1.348599,1.837668,-1.558304,4.956556
0.424000,1.344078,1.838669,-1.574156,4.942629
0.425000,1.339500,1.839614,-1.589917,4.928325
0.426000,1.334860,1.840501,-1.605594,4.913622
0.427000,1.330151,1.841331,-1.621196,4.898496
0.428000,1.325369,1.842100,-1.636732,4.882924
0.429000,1.320505,1.842810,-1.652214,4.866881
0.430000,1.315555,1.843459,-1.667656,4.850343
0.431000,1.310511,1.844047,-1.683072,4.833287
0.432000,1.305366,1.844575,-1.698479,4.815690
0.433000,1.300112,1.845044,-1.713895,4.797528
0.434000,1.294743,1.845454,-1.729340,4.778778
0.435000,1.289251,1.845807,-1.744837,4.759418
0.436000,1.283628,1.846106,-1.760409,4.739426
0.437000,1.277865,1.846354,-1.776083,4.718782
0.438000,1.271956,1.846553,-1.791887,4.697466
0.439000,1.265891,1.846708,-1.807849,4.675460
0.440000,1.259663,1.846822,-1.824003,4.652747
0.441000,1.253263,1.846903,-1.840381,4.629311
0.442000,1.246684,1.846955,-1.857020,4.605139
0.443000,1.239918,1.846985,-1.873956,4.580220
0.444000,1.232957,1.847001,-1.891229,4.554545
0.445000,1.225793,1.847011,-1.908879,4.528106
0.446000,1.218420,1.847023,-1.926947,4.500900
0.447000,1.210831,1.847049,-1.945477,4.472927
0.448000,1.203020,1.847097,-1.964511,4.444188
0.449000,1.194981,1.847179,-1.984093,4.414687
0.450000,1.186709,1.847308,-2.004268,4.384435
0.451000,1.178201,1.847495,-2.025080,4.353442
0.452000,1.169453,1.847754,-2.046573,4.321724
0.453000,1.160464,1.848098,-2.068790,4.289300
0.454000,1.151230,1.848541,-2.091772,4.256191
0.455000,1.141753,1.849097,-2.115560,4.222423
0.456000,1.132032,1.849781,-2.140194,4.188024
0.457000,1.122071,1.850608,-2.165709,4.153026
0.458000,1.111870,1.851593,-2.192140,4.117463
0.459000,1.101436,1.852750,-2.219520,4.081371
0.460000,1.090773,1.854093,-2.247876,4.044789
0.461000,1.079887,1.855638,-2.277235,4.007758
0.462000,1.068786,1.857397,-2.307619,3.970320
0.463000,1.057479,1.859384,-2.339049,3.932518
0.464000,1.045974,1.861613,-2.371540,3.894397
0.465000,1.034283,1.864094,-2.405105,3.856002
0.466000,1.022417,1.866840,-2.439754,3.817377
0.467000,1.010388,1.869860,-2.475494,3.778569
0.468000,0.998209,1.873166,-2.512328,3.739622
0.469000,0.985894,1.876764,-2.550256,3.700579
0.470000,0.973456,1.880663,-2.589277,3.661485
0.471000,0.960910,1.884869,-2.629384,3.622381
0.472000,0.948272,1.889389,-2.670571,3.583310
0.473000,0.935556,1.894226,-2.712829,3.544310
0.474000,0.922778,1.899385,-2.756144,3.505420
0.475000,0.909952,1.904867,-2.800504,3.466676
0.476000,0.897096,1.910674,-2.845894,3.428115
0.477000,0.884223,1.916806,-2.892296,3.389768
0.478000,0.871350,1.923263,-2.939692,3.351669
0.479000,0.858490,1.930044,-2.988064,3.313848
0.480000,0.845660,1.937145,-3.037390,3.276332
0.481000,0.832873,1.944564,-3.087650,3.239148
0.482000,0.820143,1.952295,-3.138823,3.202322
0.483000,0.807484,1.960335,-3.190884,3.165878
0.484000,0.794908,1.968678,-3.243813,3.129836
0.485000,0.782429,1.977316,-3.297584,3.094219
0.486000,0.770058,1.986244,-3.352175,3.059044
0.487000,0.757805,1.995452,-3.407562,3.024329
0.488000,0.745683,2.004935,-3.463720,2.990091
0.489000,0.733700,2.014681,-3.520625,2.956344
0.490000,0.721866,2.024684,-3.578253,2.923102
0.491000,0.710190,2.034933,-3.636580,2.890378
0.492000,0.698679,2.045418,-3.695582,2.858183
0.493000,0.687341,2.056130,-3.755233,2.826526
0.494000,0.676182,2.067059,-3.815511,2.795416
0.495000,0.665208,2.078194,-3.876391,2.764862
0.496000,0.654424,2.089526,-3.937849,2.734871
0.497000,0.643834,2.101044,-3.999862,2.705447
0.498000,0.633443,2.112737,-4.062406,2.676595
0.499000,0.623253,2.124595,-4.125459,2.648321
0.500000,0.613268,2.136608,-4.188997,2.620625
0.501000,0.603488,2.148766,-4.252998,2.593510
0.502000,0.593917,2.161059,-4.317440,2.566977
0.503000,0.584553,2.173477,-4.382300,2.541027
0.504000,0.575399,2.186011,-4.447559,2.515658
0.505000,0.566454,2.198651,-4.513194,2.490869
0.506000,0.557717,2.211387,-4.579186,2.466657
0.507000,0.549188,2.224212,-4.645513,2.443020
0.508000,0.540864,2.237117,-4.712158,2.419954
0.509000,0.532746,2.250093,-4.779101,2.397454
0.510000,0.524829,2.263133,-4.846324,2.375516
0.511000,0.517113,2.276228,-4.913809,2.354133
0.512000,0.509594,2.289372,-4.981538,2.333300
0.513000,0.502270,2.302557,-5.049496,2.313009
0.514000,0.495137,2.315778,-5.117667,2.293254
0.515000,0.488192,2.329027,-5.186035,2.274027
0.516000,0.481433,2.342299,-5.254586,2.255319
0.517000,0.474855,2.355588,-5.323306,2.237123
0.518000,0.468454,2.368888,-5.392181,2.219430
0.519000,0.462227,2.382195,-5.461200,2.202231
0.520000,0.456170,2.395504,-5.530349,2.185516
0.521000,0.450280,2.408811,-5.599619,2.169277
0.522000,0.444551,2.422111,-5.668998,2.153503
0.523000,0.438980,2.435401,-5.738476,2.138186
0.524000,0.433564,2.448678,-5.808044,2.123315
0.525000,0.428297,2.461937,-5.877693,2.108881
0.526000,0.423177,2.475176,-5.947415,2.094875
0.527000,0.418199,2.488392,-6.017202,2.081285
0.528000,0.413359,2.501582,-6.087047,2.068103
0.529000,0.408654,2.514745,-6.156943,2.055320
0.530000,0.404079,2.527877,-6.226885,2.042924
0.531000,0.399631,2.540978,-6.296866,2.030908
0.532000,0.395306,2.554045,-6.366881,2.019261
0.533000,0.391101,2.567077,-6.436925,2.007975
0.534000,0.387012,2.580072,-6.506995,1.997040
0.535000,0.383036,2.593030,-6.577087,1.986448
0.536000,0.379169,2.605948,-6.647195,1.976189
0.537000,0.375408,2.618826,-6.717319,1.966256
0.538000,0.371750,2.631663,-6.787453,1.956640
0.539000,0.368191,2.644459,-6.857597,1.947332
0.540000,0.364729,2.657212,-6.927747,1.938324
0.541000,0.361361,2.669922,-6.997901,1.929610
0.542000,0.358083,2.682589,-7.068058,1.921180
0.543000,0.354894,2.695212,-7.138216,1.913028
0.544000,0.351790,2.707791,-7.208374,1.905147
0.545000,0.348769,2.720325,-7.278530,1.897529
0.546000,0.345828,2.732816,-7.348684,1.890168
0.547000,0.342965,2.745261,-7.418834,1.883057
0.548000,0.340177,2.757662,-7.488981,1.876189
0.549000,0.337463,2.770019,-7.559124,1.869558
0.550000,0.334820,2.782331,-7.629262,1.863158
0.551000,0.332245,2.794599,-7.699395,1.856984
0.552000,0.329737,2.806822,-7.769523,1.851029
0.553000,0.327295,2.819001,-7.839647,1.845288
0.554000,0.324915,2.831137,-7.909766,1.839755
0.555000,0.322596,2.843228,-7.979880,1.834426
0.556000,0.320336,2.855277,-8.049991,1.829295
0.557000,0.318133,2.867282,-8.120097,1.824357
0.558000,0.315987,2.879244,-8.190201,1.819608
0.559000,0.313895,2.891164,-8.260301,1.815042
0.560000,0.311855,2.903042,-8.330400,1.810656
0.561000,0.309866,2.914878,-8.400497,1.806445
0.562000,0.307927,2.926673,-8.470593,1.802406
0.563000,0.306037,2.938426,-8.540689,1.798533
0.564000,0.304193,2.950139,-8.610786,1.794823
0.565000,0.302395,2.961811,-8.680884,1.791272
0.566000,0.300641,2.973444,-8.750984,1.787876
0.567000,0.298930,2.985037,-8.821088,1.784633
0.568000,0.297261,2.996591,-8.891196,1.781538
0.569000,0.295632,3.008107,-8.961309,1.778588
0.570000,0.294044,3.019584,-9.031427,1.775780
0.571000,0.292494,3.031024,-9.101553,1.773111
0.572000,0.290981,3.042426,-9.171686,1.770578
0.573000,0.289505,3.053791,-9.241828,1.768177
0.574000,0.288065,3.065120,-9.311979,1.765906
0.575000,0.286659,3.076413,-9.382142,1.763763
0.576000,0.285287,3.087670,-9.452316,1.761743
0.577000,0.283948,3.098892,-9.522503,1.759846
0.578000,0.282640,3.110079,-9.592703,1.758068
0.579000,0.281364,3.121231,-9.662918,1.756407
0.580000,0.280119,3.132350,-9.733148,1.754861
0.581000,0.278903,3.143435,-9.803395,1.753426
0.582000,0.277716,3.154487,-9.873660,1.752102
0.583000,0.276557,3.165506,-9.943944,1.750886
0.584000,0.275426,3.176493,-10.014246,1.749775
0.585000,0.274321,3.187448,-10.084570,1.748768
0.586000,0.273243,3.198371,-10.154915,1.747863
0.587000,0.272190,3.209263,-10.225282,1.747058
0.588000,0.271162,3.220125,-10.295673,1.746351
0.589000,0.270158,3.230956,-10.366088,1.745740
0.590000,0.269179,3.241757,-10.436529,1.745224
0.591000,0.268222,3.252528,-10.506995,1.744800
0.592000,0.267288,3.263270,-10.577489,1.744467
0.593000,0.266376,3.273983,-10.648011,1.744224
0.594000,0.265486,3.284668,-10.718562,1.744069
0.595000,0.264617,3.295325,-10.789143,1.744001
0.596000,0.263769,3.305953,-10.859754,1.744017
0.597000,0.262941,3.316555,-10.930397,1.744117
0.598000,0.262133,3.327129,-11.001073,1.744299
0.599000,0.261344,3.337676,-11.071782,1.744562
0.600000,0.260574,3.348197,-11.142525,1.744905
0.601000,0.259822,3.358692,-11.213304,1.745325
0.602000,0.259089,3.369161,-11.284118,1.745823
0.603000,0.258373,3.379604,-11.354969,1.746397
0.604000,0.257675,3.390023,-11.425857,1.747045
0.605000,0.256993,3.400416,-11.496784,1.747767
0.606000,0.256328,3.410785,-11.567749,1.748561
0.607000,0.255680,3.421130,-11.638755,1.749426
0.608000,0.255047,3.431450,-11.709801,1.750362
0.609000,0.254430,3.441747,-11.780889,1.751367
0.610000,0.253828,3.452021,-11.852019,1.752441
0.611000,0.253241,3.462271,-11.923192,1.753581
0.612000,0.252669,3.472499,-11.994408,1.754788
0.613000,0.252112,3.482704,-12.065668,1.756060
0.614000,0.251568,3.492887,-12.136974,1.757397
0.615000,0.251038,3.503048,-12.208326,1.758798
0.616000,0.250522,3.513187,-12.279723,1.760261
0.617000,0.250019,3.523305,-12.351168,1.761786
0.618000,0.249529,3.533401,-12.422661,1.763373
0.619000,0.249052,3.543477,-12.494202,1.765020
0.620000,0.248587,3.553532,-12.565792,1.766726
0.621000,0.248135,3.563566,-12.637432,1.768492
0.622000,0.247695,3.573580,-12.709122,1.770315
0.623000,0.247267,3.583574,-12.780863,1.772196
0.624000,0.246850,3.593549,-12.852656,1.774134
0.625000,0.246445,3.603503,-12.924501,1.776128
0.626000,0.246051,3.613439,-12.996399,1.778177
0.627000,0.245667,3.623355,-13.068350,1.780281
0.628000,0.245295,3.633253,-13.140355,1.782439
0.629000,0.244934,3.643131,-13.212415,1.784651
0.630000,0.244582,3.652992,-13.284529,1.786916
0.631000,0.244242,3.662834,-13.356699,1.789233
0.632000,0.243911,3.672658,-13.428926,1.791601
0.633000,0.243590,3.682465,-13.501209,1.794021
0.634000,0.243279,3.692253,-13.573550,1.796492
0.635000,0.242977,3.702025,-13.645948,1.799013
0.636000,0.242685,3.711779,-13.718405,1.801584
0.637000,0.242402,3.721516,-13.790920,1.804203
0.638000,0.242128,3.731236,-13.863495,1.806872
0.639000,0.241863,3.740939,-13.936129,1.809588
0.640000,0.241607,3.750626,-14.008824,1.812352
0.641000,0.241359,3.760297,-14.081579,1.815164
0.642000,0.241120,3.769952,-14.154396,1.818022
0.643000,0.240889,3.779590,-14.227275,1.820926
0.644000,0.240667,3.789213,-14.300215,1.823877
0.645000,0.240453,3.798820,-14.373219,1.826873
0.646000,0.240246,3.808412,-14.446285,1.829914
0.647000,0.240048,3.817989,-14.519415,1.832999
0.648000,0.239857,3.827550,-14.592609,1.836129
0.649000,0.239674,3.837097,-14.665867,1.839303
0.650000,0.239498,3.846628,-14.739190,1.842520
0.651000,0.239330,3.856145,-14.812578,1.845781
0.652000,0.239169,3.865648,-14.886032,1.849084
0.653000,0.239015,3.875136,-14.959552,1.852430
0.654000,0.238868,3.884610,-15.033138,1.855818
0.655000,0.238728,3.894070,-15.106791,1.859248
0.656000,0.238595,3.903516,-15.180512,1.862719
0.657000,0.238469,3.912949,-15.254300,1.866231
0.658000,0.238349,3.922367,-15.328155,1.869785
0.659000,0.238236,3.931773,-15.402080,1.873378
0.660000,0.238129,3.941165,-15.476073,1.877012
0.661000,0.238029,3.950543,-15.550134,1.880686
0.662000,0.237935,3.959909,-15.624266,1.884399
0.663000,0.237847,3.969262,-15.698467,1.888152
0.664000,0.237765,3.978602,-15.772738,1.891944
0.665000,0.237689,3.987929,-15.847080,1.895774
0.666000,0.237619,3.997243,-15.921493,1.899643
0.667000,0.237555,4.006546,-15.995976,1.903551
0.668000,0.237497,4.015836,-16.070531,1.907496
0.669000,0.237444,4.025113,-16.145158,1.911479
0.670000,0.237397,4.034379,-16.219857,1.915500
0.671000,0.237356,4.043633,-16.294629,1.919558
0.672000,0.237320,4.052875,-16.369473,1.923653
0.673000,0.237289,4.062105,-16.444390,1.927785
0.674000,0.237264,4.071323,-16.519380,1.931953
0.675000,0.237243,4.080530,-16.594444,1.936158
0.676000,0.237228,4.089726,-16.669582,1.940399
0.677000,0.237219,4.098910,-16.744794,1.944676
0.678000,0.237214,4.108084,-16.820081,1.948989
0.679000,0.237214,4.117246,-16.895443,1.953337
0.680000,0.237219,4.126397,-16.970879,1.957721
0.681000,0.237229,4.135537,-17.046391,1.962139
0.682000,0.237244,4.144667,-17.121978,1.966593
0.683000,0.237263,4.153786,-17.197642,1.971082
0.684000,0.237287,4.162894,-17.273381,1.975605
0.685000,0.237316,4.171992,-17.349197,1.980162
0.686000,0.237349,4.181079,-17.425090,1.984754
0.687000,0.237387,4.190157,-17.501059,1.989380
0.688000,0.237430,4.199224,-17.577106,1.994040
0.689000,0.237476,4.208280,-17.653229,1.998733
0.690000,0.237527,4.217327,-17.729431,2.003460
0.691000,0.237583,4.226364,-17.805710,2.008221
0.692000,0.237642,4.235392,-17.882068,2.013014
0.693000,0.237706,4.244409,-17.958504,2.017841
0.694000,0.237774,4.253417,-18.035018,2.022701
0.695000,0.237846,4.262415,-18.111612,2.027594
0.696000,0.237922,4.271404,-18.188284,2.032519
0.697000,0.238002,4.280383,-18.265036,2.037477
0.698000,0.238086,4.289353,-18.341867,2.042467
0.699000,0.238174,4.298314,-18.418778,2.047489
0.700000,0.238265,4.307266,-18.495768,2.052544
0.701000,0.238361,4.316208,-18.572839,2.057631
0.702000,0.238460,4.325142,-18.649990,2.062749
0.703000,0.238563,4.334067,-18.727222,2.067899
0.704000,0.238670,4.342983,-18.804534,2.073081
0.705000,0.238781,4.351890,-18.881928,2.078294
0.706000,0.238895,4.360788,-18.959402,2.083539
0.707000,0.239012,4.369678,-19.036958,2.088815
0.708000,0.239134,4.378559,-19.114595,2.094122
0.709000,0.239258,4.387432,-19.192314,2.099460
0.710000,0.239387,4.396296,-19.270115,2.104829
0.711000,0.239518,4.405152,-19.347998,2.110229
0.712000,0.239653,4.414000,-19.425964,2.115660
0.713000,0.239792,4.422840,-19.504012,2.121121
0.714000,0.239934,4.431671,-19.582142,2.126613
0.715000,0.240079,4.440495,-19.660355,2.132135
0.716000,0.240227,4.449310,-19.738651,2.137688
0.717000,0.240378,4.458118,-19.817031,2.143270
0.718000,0.240533,4.466917,-19.895494,2.148883
0.719000,0.240691,4.475709,-19.974040,2.154526
0.720000,0.240852,4.484493,-20.052670,2.160199
0.721000,0.241016,4.493270,-20.131383,2.165902
0.722000,0.241183,4.502038,-20.210181,2.171634
0.723000,0.241354,4.510800,-20.289063,2.177396
0.724000,0.241527,4.519554,-20.368029,2.183188
0.725000,0.241703,4.528300,-20.447080,2.189009
0.726000,0.241882,4.537039,-20.526215,2.194860
0.727000,0.242065,4.545771,-20.605435,2.200740
0.728000,0.242250,4.554495,-20.684740,2.206650
0.729000,0.242438,4.563212,-20.764130,2.212588
0.730000,0.242628,4.571922,-20.843605,2.218556
0.731000,0.242822,4.580625,-20.923166,2.224553
0.732000,0.243018,4.589321,-21.002812,2.230579
0.733000,0.243218,4.598010,-21.082544,2.236634
0.734000,0.243419,4.606692,-21.162361,2.242717
0.735000,0.243624,4.615368,-21.242265,2.248830
0.736000,0.243831,4.624036,-21.322254,2.254971
0.737000,0.244042,4.632698,-21.402330,2.261141
0.738000,0.244254,4.641352,-21.482492,2.267339
0.739000,0.244469,4.650001,-21.562741,2.273566
0.740000,0.244687,4.658642,-21.643076,2.279822
0.741000,0.244908,4.667277,-21.723498,2.286106
0.742000,0.245131,4.675906,-21.804007,2.292418
0.743000,0.245357,4.684528,-21.884603,2.298759
0.744000,0.245585,4.693144,-21.965286,2.305128
0.745000,0.245815,4.701753,-22.046056,2.311525
0.746000,0.246048,4.710356,-22.126913,2.317950
0.747000,0.246284,4.718953,-22.207858,2.324403
0.748000,0.246522,4.727543,-22.288891,2.330885
0.749000,0.246762,4.736127,-22.370011,2.337394
0.750000,0.247005,4.744706,-22.451219,2.343931
0.751000,0.247250,4.753278,-22.532516,2.350497
0.752000,0.247498,4.761844,-22.613900,2.357090
0.753000,0.247747,4.770404,-22.695372,2.363711
0.754000,0.248000,4.778958,-22.776933,2.370359
0.755000,0.248254,4.787506,-22.858582,2.377036
0.756000,0.248511,4.796048,-22.940319,2.383740
0.757000,0.248770,4.804584,-23.022146,2.390471
0.758000,0.249031,4.813115,-23.104060,2.397230
0.759000,0.249295,4.821640,-23.186064,2.404017
0.760000,0.249560,4.830159,-23.268157,2.410831
0.761000,0.249828,4.838673,-23.350338,2.417673
0.762000,0.250098,4.847180,-23.432609,2.424542
0.763000,0.250370,4.855683,-23.514969,2.431439
0.764000,0.250645,4.864179,-23.597419,2.438363
0.765000,0.250921,4.872671,-23.679958,2.445314
0.766000,0.251200,4.881156,-23.762586,2.452293
0.767000,0.251481,4.889637,-23.845304,2.459298
0.768000,0.251764,4.898112,-23.928112,2.466331
0.769000,0.252048,4.906581,-24.011009,2.473392
0.770000,0.252335,4.915045,-24.093997,2.480479
0.771000,0.252624,4.923504,-24.177074,2.487593
0.772000,0.252915,4.931958,-24.260242,2.494735
0.773000,0.253208,4.940406,-24.343499,2.501904
0.774000,0.253503,4.948849,-24.426847,2.509099
0.775000,0.253800,4.957288,-24.510286,2.516322
0.776000,0.254099,4.965721,-24.593814,2.523572
0.777000,0.254400,4.974148,-24.677434,2.530848
0.778000,0.254703,4.982571,-24.761144,2.538152
0.779000,0.255008,4.990989,-24.844944,2.545482
0.780000,0.255314,4.999402,-24.928836,2.552839
0.781000,0.255623,5.007810,-25.012818,2.560224
0.782000,0.255934,5.016213,-25.096891,2.567635
0.783000,0.256246,5.024611,-25.181056,2.575072
0.784000,0.256560,5.033004,-25.265311,2.582537
0.785000,0.256876,5.041393,-25.349658,2.590028
0.786000,0.257194,5.049777,-25.434096,2.597546
0.787000,0.257514,5.058156,-25.518625,2.605091
0.788000,0.257835,5.066530,-25.603245,2.612662
0.789000,0.258159,5.074899,-25.687958,2.620261
0.790000,0.258484,5.083264,-25.772761,2.627885
0.791000,0.258811,5.091624,-25.857657,2.635537
0.792000,0.259140,5.099980,-25.942644,2.643215
0.793000,0.259470,5.108331,-26.027723,2.650920
0.794000,0.259802,5.116678,-26.112893,2.658651
0.795000,0.260136,5.125020,-26.198156,2.666409
0.796000,0.260472,5.133357,-26.283511,2.674193
0.797000,0.260810,5.141690,-26.368957,2.682004
0.798000,0.261149,5.150019,-26.454496,2.689841
0.799000,0.261490,5.158343,-26.540127,2.697705
0.800000,0.261832,5.166663,-26.625851,2.705596
0.801000,0.262176,5.174979,-26.711666,2.713512
0.802000,0.262522,5.183290,-26.797574,2.721456
0.803000,0.262870,5.191597,-26.883575,2.729426
0.804000,0.263219,5.199899,-26.969668,2.737422
0.805000,0.263570,5.208198,-27.055854,2.745445
0.806000,0.263922,5.216492,-27.142132,2.753494
0.807000,0.264276,5.224782,-27.228503,2.761569
0.808000,0.264632,5.233068,-27.314967,2.769671
0.809000,0.264989,5.241349,-27.401524,2.777799
0.810000,0.265348,5.249627,-27.488174,2.785954
0.811000,0.265708,5.257900,-27.574916,2.794135
0.812000,0.266070,5.266170,-27.661752,2.802342
0.813000,0.266434,5.274435,-27.748681,2.810576
0.814000,0.266799,5.282697,-27.835703,2.818836
0.815000,0.267166,5.290954,-27.922818,2.827123
0.816000,0.267534,5.299208,-28.010026,2.835435
0.817000,0.267904,5.307457,-28.097328,2.843774
0.818000,0.268275,5.315703,-28.184723,2.852140
0.819000,0.268648,5.323944,-28.272211,2.860531
0.820000,0.269022,5.332182,-28.359793,2.868949
0.821000,0.269398,5.340416,-28.447469,2.877394
0.822000,0.269775,5.348646,-28.535238,2.885864
0.823000,0.270154,5.356873,-28.623100,2.894361
0.824000,0.270534,5.365095,-28.711057,2.902884
0.825000,0.270916,5.373314,-28.799107,2.911433
0.826000,0.271299,5.381529,-28.887251,2.920009
0.827000,0.271684,5.389740,-28.975489,2.928611
0.828000,0.272070,5.397948,-29.063820,2.937239
0.829000,0.272457,5.406152,-29.152246,2.945893
0.830000,0.272846,5.414352,-29.240766,2.954574
0.831000,0.273237,5.422549,-29.329379,2.963281
0.832000,0.273629,5.430742,-29.418087,2.972014
0.833000,0.274022,5.438932,-29.506889,2.980773
0.834000,0.274417,5.447118,-29.595785,2.989559
0.835000,0.274813,5.455300,-29.684775,2.998371
0.836000,0.275210,5.463479,-29.773860,3.007209
0.837000,0.275609,5.471654,-29.863039,3.016073
0.838000,0.276009,5.479826,-29.952312,3.024964
0.839000,0.276411,5.487994,-30.041680,3.033881
0.840000,0.276814,5.496159,-30.131142,3.042824
0.841000,0.277218,5.504321,-30.220698,3.051793
0.842000,0.277624,5.512479,-30.310350,3.060788
0.843000,0.278031,5.520634,-30.400095,3.069810
0.844000,0.278439,5.528785,-30.489936,3.078858
0.845000,0.278849,5.536933,-30.579871,3.087933
0.846000,0.279260,5.545078,-30.669900,3.097033
0.847000,0.279672,5.553219,-30.760025,3.106160
0.848000,0.280086,5.561357,-30.850244,3.115313
0.849000,0.280501,5.569492,-30.940558,3.124492
0.850000,0.280917,5.577623,-31.030967,3.133698
0.851000,0.281335,5.585752,-31.121471,3.142929
0.852000,0.281753,5.593877,-31.212070,3.152187
0.853000,0.282174,5.601998,-31.302764,3.161472
0.854000,0.282595,5.610117,-31.393553,3.170782
0.855000,0.283018,5.618232,-31.484437,3.180119
0.856000,0.283442,5.626345,-31.575416,3.189482
0.857000,0.283867,5.634454,-31.666490,3.198871
0.858000,0.284294,5.642560,-31.757659,3.208287
0.859000,0.284721,5.650663,-31.848924,3.217729
0.860000,0.285150,5.658763,-31.940284,3.227197
0.861000,0.285581,5.666859,-32.031739,3.236692
0.862000,0.286012,5.674953,-32.123289,3.246212
0.863000,0.286445,5.683044,-32.214935,3.255759
0.864000,0.286879,5.691131,-32.306676,3.265333
0.865000,0.287314,5.699216,-32.398513,3.274933
0.866000,0.287751,5.707298,-32.490445,3.284559
0.867000,0.288188,5.715376,-32.582472,3.294211
0.868000,0.288627,5.723452,-32.674595,3.303890
0.869000,0.289067,5.731525,-32.766814,3.313595
0.870000,0.289509,5.739594,-32.859128,3.323326
0.871000,0.289951,5.747661,-32.951538,3.333084
0.872000,0.290395,5.755725,-33.044043,3.342868
0.873000,0.290840,5.763786,-33.136644,3.352678
0.874000,0.291286,5.771844,-33.229341,3.362515
0.875000,0.291733,5.779900,-33.322134,3.372378
0.876000,0.292182,5.787952,-33.415022,3.382268
0.877000,0.292631,5.796002,-33.508006,3.392184
0.878000,0.293082,5.804049,-33.601086,3.402126
0.879000,0.293534,5.812093,-33.694262,3.412095
0.880000,0.293987,5.820134,-33.787534,3.422091
0.881000,0.294442,5.828173,-33.880901,3.432112
0.882000,0.294897,5.836208,-33.974365,3.442160
0.883000,0.295354,5.844241,-34.067925,3.452235
0.884000,0.295811,5.852272,-34.161580,3.462336
0.885000,0.296270,5.860299,-34.255332,3.472463
0.886000,0.296730,5.868324,-34.349179,3.482617
0.887000,0.297191,5.876346,-34.443123,3.492798
0.888000,0.297654,5.884366,-34.537163,3.503005
0.889000,0.298117,5.892383,-34.631299,3.513238
0.890000,0.298581,5.900397,-34.725531,3.523498
0.891000,0.299047,5.908408,-34.819859,3.533784
0.892000,0.299514,5.916417,-34.914284,3.544097
0.893000,0.299982,5.924423,-35.008805,3.554437
0.894000,0.300451,5.932427,-35.103422,3.564803
0.895000,0.300921,5.940428,-35.198135,3.575196
0.896000,0.301392,5.948427,-35.292945,3.585615
0.897000,0.301864,5.956423,-35.387851,3.596061
0.898000,0.302337,5.964416,-35.482853,3.606533
0.899000,0.302812,5.972407,-35.577952,3.617032
0.900000,0.303287,5.980396,-35.673147,3.627558
0.901000,0.303764,5.988381,-35.768439,3.638110
0.902000,0.304242,5.996365,-35.863827,3.648689
0.903000,0.304720,6.004346,-35.959311,3.659294
0.904000,0.305200,6.012324,-36.054892,3.669926
0.905000,0.305681,6.020300,-36.150570,3.680585
0.906000,0.306163,6.028273,-36.246344,3.691271
0.907000,0.306646,6.036244,-36.342215,3.701983
0.908000,0.307130,6.044213,-36.438182,3.712722
0.909000,0.307615,6.052179,-36.534246,3.723488
0.910000,0.308102,6.060143,-36.630406,3.734280
0.911000,0.308589,6.068104,-36.726663,3.745099
0.912000,0.309077,6.076063,-36.823017,3.755945
0.913000,0.309567,6.084020,-36.919468,3.766818
0.914000,0.310057,6.091974,-37.016015,3.777717
0.915000,0.310548,6.099926,-37.112659,3.788644
0.916000,0.311041,6.107876,-37.209400,3.799597
0.917000,0.311534,6.115823,-37.306237,3.810577
0.918000,0.312029,6.123768,-37.403172,3.821583
0.919000,0.312524,6.131711,-37.500203,3.832617
0.920000,0.313021,6.139651,-37.597331,3.843677
0.921000,0.313518,6.147589,-37.694555,3.854765
0.922000,0.314017,6.155525,-37.791877,3.865879
0.923000,0.314517,6.163458,-37.889296,3.877020
0.924000,0.315017,6.171389,-37.986811,3.888188
0.925000,0.315519,6.179318,-38.084423,3.899383
0.926000,0.316022,6.187245,-38.182133,3.910605
0.927000,0.316525,6.195170,-38.279939,3.921854
0.928000,0.317030,6.203092,-38.377842,3.933130
0.929000,0.317535,6.211012,-38.475842,3.944433
0.930000,0.318042,6.218930,-38.573940,3.955763
0.931000,0.318550,6.226846,-38.672134,3.967119
0.932000,0.319058,6.234759,-38.770425,3.978503
0.933000,0.319568,6.242671,-38.868813,3.989914
0.934000,0.320078,6.250580,-38.967299,4.001352
0.935000,0.320590,6.258487,-39.065881,4.012817
0.936000,0.321103,6.266392,-39.164561,4.024310
0.937000,0.321616,6.274295,-39.263338,4.035829
0.938000,0.322131,6.282195,-39.362212,4.047375
0.939000,0.322646,6.290094,-39.461183,4.058949
0.940000,0.323163,6.297991,-39.560251,4.070550
0.941000,0.323680,6.305885,-39.659416,4.082177
0.942000,0.324198,6.313777,-39.758679,4.093832
0.943000,0.324718,6.321668,-39.858038,4.105515
0.944000,0.325238,6.329556,-39.957495,4.117224
0.945000,0.325759,6.337442,-40.057050,4.128961
0.946000,0.326281,6.345326,-40.156701,4.140725
0.947000,0.326805,6.353208,-40.256450,4.152516
0.948000,0.327329,6.361088,-40.356296,4.164335
0.949000,0.327854,6.368966,-40.456239,4.176180
0.950000,0.328380,6.376842,-40.556280,4.188053
0.951000,0.328907,6.384716,-40.656418,4.199954
0.952000,0.329435,6.392588,-40.756653,4.211882
0.953000,0.329964,6.400458,-40.856986,4.223837
0.954000,0.330493,6.408326,-40.957416,4.235819
0.955000,0.331024,6.416192,-41.057943,4.247829
0.956000,0.331556,6.424056,-41.158568,4.259866
0.957000,0.332088,6.431918,-41.259290,4.271931
0.958000,0.332622,6.439778,-41.360109,4.284023
0.959000,0.333156,6.447637,-41.461026,4.296143
0.960000,0.333692,6.455493,-41.562041,4.308290
0.961000,0.334228,6.463347,-41.663152,4.320464
0.962000,0.334765,6.471200,-41.764362,4.332666
0.963000,0.335303,6.479051,-41.865668,4.344896
0.964000,0.335843,6.486899,-41.967072,4.357153
0.965000,0.336383,6.494746,-42.068574,4.369438
0.966000,0.336923,6.502591,-42.170173,4.381750
0.967000,0.337465,6.510434,-42.271870,4.394090
0.968000,0.338008,6.518275,-42.373664,4.406458
0.969000,0.338552,6.526115,-42.475556,4.418853
0.970000,0.339096,6.533952,-42.577545,4.431275
0.971000,0.339642,6.541788,-42.679632,4.443726
0.972000,0.340188,6.549622,-42.781816,4.456204
0.973000,0.340735,6.557454,-42.884098,4.468710
0.974000,0.341283,6.565284,-42.986478,4.481243
0.975000,0.341832,6.573112,-43.088955,4.493804
0.976000,0.342382,6.580939,-43.191530,4.506393
0.977000,0.342933,6.588764,-43.294202,4.519010
0.978000,0.343485,6.596587,-43.396972,4.531655
0.979000,0.344037,6.604408,-43.499839,4.544327
0.980000,0.344591,6.612227,-43.602805,4.557027
0.981000,0.345145,6.620045,-43.705867,4.569755
0.982000,0.345701,6.627861,-43.809028,4.582511
0.983000,0.346257,6.635675,-43.912286,4.595295
0.984000,0.346814,6.643487,-44.015642,4.608106
0.985000,0.347372,6.651298,-44.119095,4.620946
0.986000,0.347931,6.659107,-44.222647,4.633813
0.987000,0.348490,6.666914,-44.326295,4.646708
0.988000,0.349051,6.674719,-44.430042,4.659632
0.989000,0.349612,6.682523,-44.533886,4.672583
0.990000,0.350175,6.690325,-44.637828,4.685563
0.991000,0.350738,6.698125,-44.741868,4.698570
0.992000,0.351302,6.705924,-44.846005,4.711605
0.993000,0.351867,6.713721,-44.950240,4.724669
0.994000,0.352432,6.721516,-45.054573,4.737760
0.995000,0.352999,6.729310,-45.159004,4.750880
0.996000,0.353567,6.737102,-45.263532,4.764028
0.997000,0.354135,6.744892,-45.368159,4.777204
0.998000,0.354704,6.752681,-45.472883,4.790408
0.999000,0.355274,6.760468,-45.577704,4.803640
1.000000,0.355845,6.768253,-45.682624,4.816900
1.001000,0.356417,6.776037,-45.787641,4.830189
1.002000,0.356990,6.783819,-45.892756,4.843506
1.003000,0.357563,6.791599,-45.997969,4.856851
1.004000,0.358137,6.799378,-46.103280,4.870224
1.005000,0.358713,6.807155,-46.208688,4.883626
1.006000,0.359289,6.814931,-46.314195,4.897056
1.007000,0.359866,6.822705,-46.419799,4.910514
1.008000,0.360443,6.830477,-46.525501,4.924001
1.009000,0.361022,6.838248,-46.631301,4.937515
1.010000,0.361601,6.846017,-46.737199,4.951059
1.011000,0.362182,6.853785,-46.843194,4.964631
1.012000,0.362763,6.861551,-46.949288,4.978231
1.013000,0.363345,6.869316,-47.055479,4.991859
1.014000,0.363928,6.877079,-47.161768,5.005516
1.015000,0.364511,6.884840,-47.268155,5.019202
1.016000,0.365096,6.892600,-47.374640,5.032916
1.017000,0.365681,6.900358,-47.481223,5.046658
1.018000,0.366267,6.908115,-47.587903,5.060430
1.019000,0.366854,6.915870,-47.694682,5.074229
1.020000,0.367442,6.923624,-47.801558,5.088057
1.021000,0.368030,6.931376,-47.908533,5.101914
1.022000,0.368620,6.939127,-48.015605,5.115800
1.023000,0.369210,6.946876,-48.122775,5.129714
1.024000,0.369801,6.954624,-48.230043,5.143656
1.025000,0.370393,6.962370,-48.337409,5.157628
1.026000,0.370986,6.970115,-48.444873,5.171628
1.027000,0.371579,6.977858,-48.552435,5.185657
1.028000,0.372174,6.985600,-48.660095,5.199714
1.029000,0.372769,6.993340,-48.767852,5.213801
1.030000,0.373365,7.001079,-48.875708,5.227916
1.031000,0.373962,7.008817,-48.983662,5.242060
1.032000,0.374559,7.016552,-49.091713,5.256232
1.033000,0.375158,7.024287,-49.199863,5.270434
1.034000,0.375757,7.032020,-49.308110,5.284664
1.035000,0.376357,7.039751,-49.416455,5.298923
1.036000,0.376958,7.047482,-49.524899,5.313212
1.037000,0.377560,7.055210,-49.633440,5.327529
1.038000,0.378162,7.062937,-49.742079,5.341875
1.039000,0.378766,7.070663,-49.850816,5.356250
1.040000,0.379370,7.078388,-49.959651,5.370653
1.041000,0.379975,7.086111,-50.068584,5.385086
1.042000,0.380580,7.093832,-50.177615,5.399548
1.043000,0.381187,7.101553,-50.286744,5.414039
1.044000,0.381794,7.109271,-50.395972,5.428559
1.045000,0.382402,7.116989,-50.505296,5.443109
1.046000,0.383011,7.124705,-50.614719,5.457687
1.047000,0.383621,7.132419,-50.724240,5.472294
1.048000,0.384232,7.140133,-50.833859,5.486931
1.049000,0.384843,7.147844,-50.943576,5.501596
1.050000,0.385455,7.155555,-51.053391,5.516291
1.051000,0.386068,7.163264,-51.163304,5.531015
1.052000,0.386682,7.170972,-51.273315,5.545768
1.053000,0.387296,7.178678,-51.383424,5.560551
1.054000,0.387912,7.186383,-51.493631,5.575363
1.055000,0.388528,7.194087,-51.603936,5.590204
1.056000,0.389145,7.201789,-51.714338,5.605074
1.057000,0.389762,7.209491,-51.824839,5.619974
1.058000,0.390381,7.217190,-51.935438,5.634903
1.059000,0.391000,7.224889,-52.046135,5.649861
1.060000,0.391620,7.232586,-52.156930,5.664849
1.061000,0.392241,7.240281,-52.267823,5.679866
1.062000,0.392862,7.247976,-52.378814,5.694913
1.063000,0.393485,7.255669,-52.489902,5.709989
1.064000,0.394108,7.263361,-52.601089,5.725095
1.065000,0.394732,7.271051,-52.712374,5.740230
1.066000,0.395356,7.278741,-52.823757,5.755394
1.067000,0.395982,7.286428,-52.935238,5.770588
1.068000,0.396608,7.294115,-53.046817,5.785812
1.069000,0.397235,7.301800,-53.158494,5.801065
1.070000,0.397863,7.309485,-53.270269,5.816348
1.071000,0.398492,7.317167,-53.382142,5.831661
1.072000,0.399121,7.324849,-53.494113,5.847003
1.073000,0.399751,7.332529,-53.606181,5.862374
1.074000,0.400382,7.340208,-53.718348,5.877776
1.075000,0.401014,7.347886,-53.830613,5.893207
1.076000,0.401646,7.355562,-53.942976,5.908668
1.077000,0.402279,7.363237,-54.055437,5.924159
1.078000,0.402913,7.370911,-54.167996,5.939679
1.079000,0.403548,7.378584,-54.280653,5.955229
1.080000,0.404184,7.386256,-54.393408,5.970809
1.081000,0.404820,7.393926,-54.506261,5.986419
1.082000,0.405457,7.401595,-54.619212,6.002059
1.083000,0.406095,7.409263,-54.732261,6.017729
1.084000,0.406734,7.416929,-54.845408,6.033428
1.085000,0.407373,7.424595,-54.958654,6.049157
1.086000,0.408013,7.432259,-55.071997,6.064917
1.087000,0.408654,7.439922,-55.185438,6.080706
1.088000,0.409296,7.447583,-55.298977,6.096525
1.089000,0.409938,7.455244,-55.412614,6.112375
1.090000,0.410581,7.462903,-55.526349,6.128254
1.091000,0.411225,7.470561,-55.640182,6.144163
1.092000,0.411870,7.478218,-55.754113,6.160103
1.093000,0.412515,7.485874,-55.868142,6.176072
1.094000,0.413161,7.493529,-55.982269,6.192072
1.095000,0.413808,7.501182,-56.096494,6.208102
1.096000,0.414456,7.508834,-56.210817,6.224162
1.097000,0.415104,7.516485,-56.325238,6.240252
1.098000,0.415754,7.524135,-56.439757,6.256372
1.099000,0.416404,7.531784,-56.554375,6.272523
1.100000,0.417054,7.539431,-56.669090,6.288704
1.101000,0.417706,7.547078,-56.783903,6.304915
1.102000,0.418358,7.554723,-56.898814,6.321156
1.103000,0.419011,7.562367,-57.013823,6.337428
1.104000,0.419665,7.570010,-57.128930,6.353730
1.105000,0.420319,7.577652,-57.244135,6.370062
1.106000,0.420974,7.585292,-57.359438,6.386425
1.107000,0.421630,7.592932,-57.474839,6.402818
1.108000,0.422287,7.600570,-57.590337,6.419242
1.109000,0.422944,7.608207,-57.705934,6.435696
1.110000,0.423602,7.615843,-57.821629,6.452180
1.111000,0.424261,7.623478,-57.937422,6.468695
1.112000,0.424921,7.631112,-58.053313,6.485240
1.113000,0.425581,7.638745,-58.169302,6.501816
1.114000,0.426243,7.646376,-58.285388,6.518423
1.115000,0.426905,7.654007,-58.401573,6.535060
1.116000,0.427567,7.661636,-58.517856,6.551728
1.117000,0.428230,7.669264,-58.634236,6.568426
1.118000,0.428895,7.676892,-58.750715,6.585155
1.119000,0.429559,7.684518,-58.867292,6.601914
1.120000,0.430225,7.692143,-58.983966,6.618705
1.121000,0.430891,7.699767,-59.100738,6.635526
1.122000,0.431558,7.707389,-59.217609,6.652377
1.123000,0.432226,7.715011,-59.334577,6.669260
1.124000,0.432895,7.722632,-59.451643,6.686173
1.125000,0.433564,7.730251,-59.568808,6.703117
1.126000,0.434234,7.737870,-59.686070,6.720092
1.127000,0.434905,7.745487,-59.803430,6.737098
1.128000,0.435576,7.753104,-59.920888,6.754134
1.129000,0.436248,7.760719,-60.038444,6.771202
1.130000,0.436921,7.768333,-60.156098,6.788300
1.131000,0.437595,7.775946,-60.273849,6.805429
1.132000,0.438269,7.783558,-60.391699,6.822589
1.133000,0.438944,7.791169,-60.509647,6.839780
1.134000,0.439620,7.798779,-60.627692,6.857003
1.135000,0.440297,7.806388,-60.745836,6.874256
1.136000,0.440974,7.813996,-60.864077,6.891540
1.137000,0.441652,7.821603,-60.982416,6.908855
1.138000,0.442331,7.829209,-61.100853,6.926201
1.139000,0.443010,7.836814,-61.219388,6.943579
1.140000,0.443691,7.844417,-61.338021,6.960987
1.141000,0.444371,7.852020,-61.456752,6.978427
1.142000,0.445053,7.859622,-61.575581,6.995898
1.143000,0.445735,7.867222,-61.694507,7.013400
1.144000,0.446419,7.874822,-61.813532,7.030933
1.145000,0.447102,7.882421,-61.932654,7.048498
1.146000,0.447787,7.890018,-62.051874,7.066094
1.147000,0.448472,7.897615,-62.171192,7.083721
1.148000,0.449158,7.905210,-62.290608,7.101379
1.149000,0.449845,7.912805,-62.410122,7.119069
1.150000,0.450532,7.920399,-62.529733,7.136790
1.151000,0.451220,7.927991,-62.649443,7.154542
1.152000,0.451909,7.935583,-62.769250,7.172326
1.153000,0.452599,7.943173,-62.889155,7.190141
1.154000,0.453289,7.950763,-63.009158,7.207988
1.155000,0.453980,7.958351,-63.129259,7.225866
1.156000,0.454672,7.965939,-63.249458,7.243775
1.157000,0.455364,7.973526,-63.369754,7.261716
1.158000,0.456057,7.981111,-63.490148,7.279689
1.159000,0.456751,7.988696,-63.610640,7.297693
1.160000,0.457446,7.996280,-63.731230,7.315729
1.161000,0.458141,8.003862,-63.851918,7.333796
1.162000,0.458837,8.011444,-63.972704,7.351895
1.163000,0.459534,8.019025,-64.093587,7.370026
1.164000,0.460231,8.026605,-64.214568,7.388188
1.165000,0.460929,8.034183,-64.335647,7.406382
1.166000,0.461628,8.041761,-64.456824,7.424608
1.167000,0.462328,8.049338,-64.578098,7.442865
1.168000,0.463028,8.056914,-64.699470,7.461154
1.169000,0.463729,8.064489,-64.820940,7.479475
1.170000,0.464431,8.072063,-64.942508,7.497828
1.171000,0.465133,8.079636,-65.064174,7.516212
1.172000,0.465836,8.087208,-65.185937,7.534629
1.173000,0.466540,8.094780,-65.307798,7.553077
1.174000,0.467245,8.102350,-65.429757,7.571557
1.175000,0.467950,8.109919,-65.551813,7.590069
1.176000,0.468656,8.117488,-65.673967,7.608613
1.177000,0.469362,8.125055,-65.796219,7.627189
1.178000,0.470070,8.132622,-65.918569,7.645797
1.179000,0.470778,8.140187,-66.041017,7.664437
1.180000,0.471486,8.147752,-66.163562,7.683109
1.181000,0.472196,8.155316,-66.286205,7.701813
1.182000,0.472906,8.162878,-66.408945,7.720549
1.183000,0.473617,8.170440,-66.531783,7.739317
1.184000,0.474328,8.178001,-66.654719,7.758117
1.185000,0.475041,8.185561,-66.777753,7.776949
1.186000,0.475754,8.193121,-66.900884,7.795814
1.187000,0.476467,8.200679,-67.024113,7.814711
1.188000,0.477182,8.208236,-67.147440,7.833640
1.189000,0.477897,8.215793,-67.270865,7.852601
1.190000,0.478612,8.223348,-67.394387,7.871594
1.191000,0.479329,8.230903,-67.518006,7.890620
1.192000,0.480046,8.238457,-67.641724,7.909678
1.193000,0.480764,8.246009,-67.765539,7.928768
1.194000,0.481482,8.253561,-67.889451,7.947891
1.195000,0.482202,8.261113,-68.013461,7.967046
1.196000,0.482922,8.268663,-68.137569,7.986233
1.197000,0.483642,8.276212,-68.261775,8.005453
1.198000,0.484364,8.283760,-68.386078,8.024705
1.199000,0.485086,8.291308,-68.510479,8.043990
1.200000,0.485808,8.298855,-68.634977,8.063307
