Peña-Rodríguez & Rioux calculated dielectric data (0Au/100Ag) prepared by Alexander Al-Feghali al-fegha.li, Blum and Cosa Lab, McGill University
1 2 3 0 0 = columns for wave, Re(n), Im(n), eps1, eps2
wave(um)   Re(n)     Im(n)     eps1      eps2
1	2	3	0	0	=	columns	for	wave,	Re(n),	Im(n),	eps1,	eps2
wave(um)	Re(n)	Im(n)	eps1	eps2
Rioux	calculated	dielectric	data	(60Au/40Ag)
wave(um),Re(n),Im(n),eps1,eps2
0.270000,1.365336,1.604361,-0.709831,4.380983
0.271000,1.368497,1.607484,-0.711221,4.399673
0.272000,1.371636,1.610541,-0.712457,4.418153
0.273000,1.374753,1.613533,-0.713541,4.436417
0.274000,1.377846,1.616458,-0.714475,4.454461
0.275000,1.380916,1.619317,-0.715260,4.472280
0.276000,1.383959,1.622110,-0.715896,4.489868
0.277000,1.386977,1.624836,-0.716387,4.507220
0.278000,1.389967,1.627496,-0.716733,4.524332
0.279000,1.392930,1.630089,-0.716936,4.541197
0.280000,1.395862,1.632615,-0.716998,4.557811
0.281000,1.398765,1.635074,-0.716922,4.574167
0.282000,1.401636,1.637465,-0.716709,4.590262
0.283000,1.404475,1.639790,-0.716361,4.606089
0.284000,1.407280,1.642048,-0.715882,4.621643
0.285000,1.410051,1.644238,-0.715274,4.636919
0.286000,1.412786,1.646360,-0.714538,4.651910
0.287000,1.415484,1.648416,-0.713679,4.666612
0.288000,1.418144,1.650403,-0.712700,4.681019
0.289000,1.420764,1.652324,-0.711603,4.695125
0.290000,1.423344,1.654177,-0.710391,4.708925
0.291000,1.425882,1.655962,-0.709069,4.722414
0.292000,1.428378,1.657680,-0.707640,4.735585
0.293000,1.430828,1.659330,-0.706107,4.748433
0.294000,1.433233,1.660913,-0.704476,4.760953
0.295000,1.435591,1.662430,-0.702749,4.773139
0.296000,1.437901,1.663878,-0.700932,4.784986
0.297000,1.440161,1.665260,-0.699028,4.796487
0.298000,1.442370,1.666576,-0.697043,4.807638
0.299000,1.444526,1.667825,-0.694982,4.818433
0.300000,1.446629,1.669007,-0.692849,4.828867
0.301000,1.448676,1.670123,-0.690650,4.838934
0.302000,1.450666,1.671174,-0.688391,4.848630
0.303000,1.452597,1.672159,-0.686077,4.857948
0.304000,1.454469,1.673079,-0.683715,4.866884
0.305000,1.456279,1.673935,-0.681309,4.875433
0.306000,1.458026,1.674726,-0.678868,4.883590
0.307000,1.459709,1.675454,-0.676396,4.891350
0.308000,1.461325,1.676118,-0.673902,4.898708
0.309000,1.462874,1.676720,-0.671392,4.905659
0.310000,1.464353,1.677260,-0.668872,4.912200
0.311000,1.465761,1.677738,-0.666352,4.918325
0.312000,1.467096,1.678156,-0.663838,4.924031
0.313000,1.468357,1.678514,-0.661338,4.929314
0.314000,1.469542,1.678813,-0.658860,4.934170
0.315000,1.470649,1.679053,-0.656412,4.938595
0.316000,1.471676,1.679236,-0.654003,4.942585
0.317000,1.472623,1.679363,-0.651642,4.946139
0.318000,1.473487,1.679435,-0.649337,4.949251
0.319000,1.474267,1.679452,-0.647097,4.951921
0.320000,1.474960,1.679416,-0.644931,4.954145
0.321000,1.475566,1.679329,-0.642850,4.955921
0.322000,1.476083,1.679191,-0.640861,4.957248
0.323000,1.476508,1.679003,-0.638976,4.958123
0.324000,1.476841,1.678768,-0.637203,4.958545
0.325000,1.477079,1.678486,-0.635553,4.958514
0.326000,1.477222,1.678160,-0.634036,4.958028
0.327000,1.477267,1.677790,-0.632661,4.957087
0.328000,1.477213,1.677378,-0.631440,4.955691
0.329000,1.477059,1.676927,-0.630382,4.953841
0.330000,1.476803,1.676438,-0.629498,4.951536
0.331000,1.476443,1.675913,-0.628798,4.948779
0.332000,1.475979,1.675353,-0.628293,4.945571
0.333000,1.475409,1.674761,-0.627993,4.941913
0.334000,1.474731,1.674139,-0.627909,4.937808
0.335000,1.473945,1.673488,-0.628051,4.933258
0.336000,1.473049,1.672812,-0.628429,4.928267
0.337000,1.472042,1.672112,-0.629053,4.922838
0.338000,1.470923,1.671391,-0.629934,4.916975
0.339000,1.469691,1.670651,-0.631082,4.910682
0.340000,1.468346,1.669894,-0.632507,4.903963
0.341000,1.466886,1.669123,-0.634218,4.896825
0.342000,1.465310,1.668340,-0.636225,4.889272
0.343000,1.463619,1.667548,-0.638537,4.881310
0.344000,1.461811,1.666750,-0.641163,4.872945
0.345000,1.459886,1.665947,-0.644113,4.864185
0.346000,1.457844,1.665143,-0.647394,4.855036
0.347000,1.455684,1.664340,-0.651014,4.845506
0.348000,1.453406,1.663542,-0.654983,4.835602
0.349000,1.451010,1.662749,-0.659306,4.825332
0.350000,1.448496,1.661967,-0.663992,4.814704
0.351000,1.445865,1.661196,-0.669046,4.803728
0.352000,1.443116,1.660439,-0.674476,4.792412
0.353000,1.440249,1.659700,-0.680286,4.780764
0.354000,1.437266,1.658981,-0.686483,4.768796
0.355000,1.434167,1.658284,-0.693071,4.756514
0.356000,1.430953,1.657613,-0.700055,4.743931
0.357000,1.427623,1.656969,-0.707438,4.731054
0.358000,1.424180,1.656355,-0.715225,4.717894
0.359000,1.420623,1.655774,-0.723417,4.704462
0.360000,1.416955,1.655228,-0.732017,4.690766
0.361000,1.413176,1.654719,-0.741028,4.676817
0.362000,1.409287,1.654249,-0.750450,4.662624
0.363000,1.405290,1.653821,-0.760284,4.648198
0.364000,1.401187,1.653437,-0.770531,4.633548
0.365000,1.396978,1.653099,-0.781189,4.618684
0.366000,1.392665,1.652808,-0.792259,4.603615
0.367000,1.388250,1.652566,-0.803738,4.588350
0.368000,1.383734,1.652376,-0.815626,4.572899
0.369000,1.379120,1.652238,-0.827920,4.557269
0.370000,1.374408,1.652155,-0.840616,4.541471
0.371000,1.369602,1.652126,-0.853713,4.525510
0.372000,1.364701,1.652155,-0.867205,4.509395
0.373000,1.359709,1.652241,-0.881089,4.493134
0.374000,1.354628,1.652385,-0.895361,4.476733
0.375000,1.349458,1.652589,-0.910015,4.460199
0.376000,1.344202,1.652853,-0.925047,4.443536
0.377000,1.338861,1.653178,-0.940450,4.426752
0.378000,1.333438,1.653564,-0.956219,4.409850
0.379000,1.327933,1.654012,-0.972349,4.392834
0.380000,1.322349,1.654521,-0.988832,4.375709
0.381000,1.316687,1.655092,-1.005663,4.358477
0.382000,1.310949,1.655724,-1.022834,4.341141
0.383000,1.305136,1.656418,-1.040340,4.323702
0.384000,1.299249,1.657173,-1.058173,4.306161
0.385000,1.293290,1.657988,-1.076327,4.288519
0.386000,1.287259,1.658864,-1.094795,4.270776
0.387000,1.281157,1.659800,-1.113571,4.252929
0.388000,1.274986,1.660794,-1.132648,4.234978
0.389000,1.268745,1.661847,-1.152020,4.216920
0.390000,1.262436,1.662957,-1.171681,4.198752
0.391000,1.256058,1.664123,-1.191626,4.180469
0.392000,1.249611,1.665345,-1.211848,4.162068
0.393000,1.243095,1.666622,-1.232344,4.143541
0.394000,1.236511,1.667953,-1.253109,4.124884
0.395000,1.229856,1.669337,-1.274139,4.106090
0.396000,1.223132,1.670773,-1.295431,4.087150
0.397000,1.216335,1.672260,-1.316983,4.068057
0.398000,1.209465,1.673798,-1.338794,4.048801
0.399000,1.202521,1.675386,-1.360861,4.029374
0.400000,1.195501,1.677024,-1.383187,4.009766
0.401000,1.188402,1.678711,-1.405771,3.989965
0.402000,1.181222,1.680447,-1.428617,3.969961
0.403000,1.173959,1.682233,-1.451728,3.949743
0.404000,1.166609,1.684068,-1.475108,3.929300
0.405000,1.159171,1.685954,-1.498765,3.908619
0.406000,1.151640,1.687892,-1.522706,3.887689
0.407000,1.144014,1.689883,-1.546939,3.866500
0.408000,1.136288,1.691929,-1.571475,3.845038
0.409000,1.128459,1.694033,-1.596327,3.823294
0.410000,1.120524,1.696196,-1.621509,3.801257
0.411000,1.112478,1.698424,-1.647036,3.778917
0.412000,1.104318,1.700718,-1.672924,3.756266
0.413000,1.096040,1.703084,-1.699193,3.733296
0.414000,1.087641,1.705527,-1.725862,3.710002
0.415000,1.079117,1.708053,-1.752953,3.686378
0.416000,1.070465,1.710668,-1.780489,3.662421
0.417000,1.061684,1.713378,-1.808493,3.638132
0.418000,1.052770,1.716192,-1.836991,3.613510
0.419000,1.043722,1.719117,-1.866008,3.588559
0.420000,1.034539,1.722161,-1.895569,3.563286
0.421000,1.025221,1.725334,-1.925701,3.537698
0.422000,1.015769,1.728646,-1.956430,3.511808
0.423000,1.006183,1.732104,-1.987781,3.485628
0.424000,0.996467,1.735720,-2.019779,3.459175
0.425000,0.986623,1.739504,-2.052449,3.432468
0.426000,0.976656,1.743464,-2.085812,3.405528
0.427000,0.966570,1.747612,-2.119889,3.378378
0.428000,0.956373,1.751955,-2.154699,3.351045
0.429000,0.946071,1.756504,-2.190258,3.323554
0.430000,0.935672,1.761267,-2.226582,3.295936
0.431000,0.925185,1.766252,-2.263681,3.268219
0.432000,0.914620,1.771467,-2.301565,3.240436
0.433000,0.903986,1.776917,-2.340241,3.212617
0.434000,0.893296,1.782608,-2.379714,3.184795
0.435000,0.882561,1.788546,-2.419983,3.157001
0.436000,0.871791,1.794734,-2.461049,3.129267
0.437000,0.861000,1.801175,-2.502909,3.101625
0.438000,0.850200,1.807871,-2.545556,3.074104
0.439000,0.839403,1.814822,-2.588983,3.046734
0.440000,0.828621,1.822030,-2.633180,3.019544
0.441000,0.817867,1.829492,-2.678136,2.992561
0.442000,0.807152,1.837208,-2.723837,2.965811
0.443000,0.796489,1.845173,-2.770270,2.939319
0.444000,0.785888,1.853386,-2.817419,2.913108
0.445000,0.775361,1.861841,-2.865268,2.887199
0.446000,0.764919,1.870534,-2.913797,2.861613
0.447000,0.754571,1.879459,-2.962990,2.836369
0.448000,0.744326,1.888610,-3.012828,2.811484
0.449000,0.734195,1.897981,-3.063289,2.786975
0.450000,0.724184,1.907564,-3.114356,2.762854
0.451000,0.714302,1.917351,-3.166007,2.739137
0.452000,0.704557,1.927336,-3.218222,2.715835
0.453000,0.694954,1.937509,-3.270981,2.692958
0.454000,0.685499,1.947863,-3.324262,2.670515
0.455000,0.676197,1.958389,-3.378045,2.648516
0.456000,0.667054,1.969079,-3.432309,2.626966
0.457000,0.658074,1.979923,-3.487035,2.605871
0.458000,0.649259,1.990914,-3.542201,2.585237
0.459000,0.640613,2.002042,-3.597787,2.565067
0.460000,0.632137,2.013299,-3.653774,2.545363
0.461000,0.623835,2.024676,-3.710141,2.526127
0.462000,0.615707,2.036164,-3.766871,2.507361
0.463000,0.607754,2.047757,-3.823943,2.489063
0.464000,0.599976,2.059444,-3.881339,2.471232
0.465000,0.592373,2.071219,-3.939043,2.453867
0.466000,0.584945,2.083074,-3.997035,2.436966
0.467000,0.577691,2.095000,-4.055300,2.420524
0.468000,0.570609,2.106992,-4.113820,2.404538
0.469000,0.563699,2.119042,-4.172581,2.389002
0.470000,0.556958,2.131143,-4.231567,2.373912
0.471000,0.550384,2.143289,-4.290764,2.359262
0.472000,0.543975,2.155473,-4.350157,2.345046
0.473000,0.537728,2.167691,-4.409735,2.331256
0.474000,0.531641,2.179937,-4.469483,2.317886
0.475000,0.525710,2.192205,-4.529391,2.304928
0.476000,0.519933,2.204490,-4.589447,2.292374
0.477000,0.514306,2.216789,-4.649641,2.280217
0.478000,0.508827,2.229096,-4.709963,2.268449
0.479000,0.503492,2.241407,-4.770404,2.257061
0.480000,0.498297,2.253720,-4.830954,2.246044
0.481000,0.493240,2.266030,-4.891607,2.235391
0.482000,0.488316,2.278334,-4.952354,2.225094
0.483000,0.483523,2.290629,-5.013189,2.215143
0.484000,0.478857,2.302913,-5.074106,2.205530
0.485000,0.474314,2.315183,-5.135098,2.196247
0.486000,0.469892,2.327436,-5.196160,2.187286
0.487000,0.465587,2.339671,-5.257288,2.178639
0.488000,0.461395,2.351885,-5.318477,2.170298
0.489000,0.457315,2.364077,-5.379723,2.162254
0.490000,0.453341,2.376245,-5.441022,2.154501
0.491000,0.449473,2.388388,-5.502371,2.147030
0.492000,0.445705,2.400504,-5.563767,2.139835
0.493000,0.442036,2.412593,-5.625208,2.132907
0.494000,0.438463,2.424653,-5.686690,2.126241
0.495000,0.434983,2.436683,-5.748213,2.119830
0.496000,0.431592,2.448682,-5.809774,2.113666
0.497000,0.428290,2.460651,-5.871371,2.107743
0.498000,0.425072,2.472588,-5.933003,2.102056
0.499000,0.421937,2.484492,-5.994670,2.096597
0.500000,0.418882,2.496364,-6.056369,2.091362
0.501000,0.415904,2.508202,-6.118101,2.086345
0.502000,0.413003,2.520007,-6.179864,2.081539
0.503000,0.410174,2.531778,-6.241658,2.076940
0.504000,0.407417,2.543516,-6.303483,2.072543
0.505000,0.404729,2.555219,-6.365337,2.068343
0.506000,0.402108,2.566888,-6.427222,2.064334
0.507000,0.399553,2.578523,-6.489137,2.060513
0.508000,0.397061,2.590123,-6.551081,2.056874
0.509000,0.394631,2.601690,-6.613056,2.053414
0.510000,0.392261,2.613222,-6.675060,2.050127
0.511000,0.389949,2.624720,-6.737095,2.047012
0.512000,0.387693,2.636184,-6.799161,2.044062
0.513000,0.385493,2.647614,-6.861257,2.041275
0.514000,0.383347,2.659011,-6.923385,2.038646
0.515000,0.381252,2.670374,-6.985545,2.036173
0.516000,0.379209,2.681704,-7.047736,2.033852
0.517000,0.377215,2.693000,-7.109961,2.031679
0.518000,0.375269,2.704264,-7.172218,2.029652
0.519000,0.373370,2.715495,-7.234509,2.027768
0.520000,0.371516,2.726694,-7.296834,2.026022
0.521000,0.369707,2.737860,-7.359194,2.024414
0.522000,0.367942,2.748994,-7.421590,2.022939
0.523000,0.366218,2.760097,-7.484021,2.021595
0.524000,0.364536,2.771169,-7.546489,2.020379
0.525000,0.362893,2.782209,-7.608995,2.019290
0.526000,0.361290,2.793218,-7.671538,2.018324
0.527000,0.359725,2.804197,-7.734120,2.017480
0.528000,0.358197,2.815146,-7.796741,2.016754
0.529000,0.356705,2.826065,-7.859402,2.016145
0.530000,0.355249,2.836954,-7.922103,2.015651
0.531000,0.353828,2.847813,-7.984846,2.015270
0.532000,0.352440,2.858644,-8.047631,2.014999
0.533000,0.351085,2.869446,-8.110458,2.014836
0.534000,0.349762,2.880219,-8.173329,2.014781
0.535000,0.348470,2.890964,-8.236243,2.014830
0.536000,0.347210,2.901682,-8.299202,2.014983
0.537000,0.345979,2.912371,-8.362206,2.015237
0.538000,0.344777,2.923034,-8.425256,2.015591
0.539000,0.343604,2.933669,-8.488352,2.016044
0.540000,0.342460,2.944278,-8.551496,2.016593
0.541000,0.341342,2.954861,-8.614687,2.017237
0.542000,0.340251,2.965417,-8.677927,2.017975
0.543000,0.339187,2.975947,-8.741216,2.018805
0.544000,0.338148,2.986452,-8.804554,2.019726
0.545000,0.337134,2.996932,-8.867943,2.020737
0.546000,0.336145,3.007387,-8.931383,2.021836
0.547000,0.335180,3.017817,-8.994874,2.023022
0.548000,0.334238,3.028223,-9.058417,2.024293
0.549000,0.333319,3.038604,-9.122013,2.025650
0.550000,0.332423,3.048962,-9.185662,2.027090
0.551000,0.331549,3.059296,-9.249366,2.028612
0.552000,0.330696,3.069606,-9.313123,2.030215
0.553000,0.329865,3.079894,-9.376936,2.031899
0.554000,0.329055,3.090159,-9.440804,2.033661
0.555000,0.328264,3.100401,-9.504728,2.035502
0.556000,0.327494,3.110621,-9.568709,2.037420
0.557000,0.326743,3.120819,-9.632747,2.039414
0.558000,0.326012,3.130995,-9.696843,2.041483
0.559000,0.325299,3.141149,-9.760997,2.043626
0.560000,0.324605,3.151282,-9.825210,2.045843
0.561000,0.323929,3.161394,-9.889482,2.048133
0.562000,0.323270,3.171485,-9.953814,2.050494
0.563000,0.322629,3.181555,-10.018206,2.052926
0.564000,0.322005,3.191606,-10.082658,2.055429
0.565000,0.321398,3.201635,-10.147172,2.058000
0.566000,0.320808,3.211645,-10.211748,2.060640
0.567000,0.320233,3.221635,-10.276385,2.063349
0.568000,0.319674,3.231606,-10.341086,2.066124
0.569000,0.319131,3.241557,-10.405849,2.068965
0.570000,0.318604,3.251490,-10.470676,2.071873
0.571000,0.318091,3.261403,-10.535567,2.074845
0.572000,0.317593,3.271297,-10.600522,2.077882
0.573000,0.317110,3.281174,-10.665542,2.080983
0.574000,0.316640,3.291031,-10.730627,2.084147
0.575000,0.316185,3.300871,-10.795778,2.087374
0.576000,0.315744,3.310693,-10.860995,2.090662
0.577000,0.315316,3.320497,-10.926278,2.094012
0.578000,0.314902,3.330284,-10.991628,2.097423
0.579000,0.314500,3.340053,-11.057045,2.100894
0.580000,0.314112,3.349805,-11.122530,2.104425
0.581000,0.313736,3.359541,-11.188083,2.108016
0.582000,0.313372,3.369259,-11.253704,2.111665
0.583000,0.313021,3.378961,-11.319394,2.115372
0.584000,0.312682,3.388646,-11.385154,2.119137
0.585000,0.312355,3.398315,-11.450982,2.122959
0.586000,0.312039,3.407968,-11.516881,2.126838
0.587000,0.311735,3.417606,-11.582849,2.130774
0.588000,0.311442,3.427227,-11.648888,2.134765
0.589000,0.311160,3.436833,-11.714998,2.138812
0.590000,0.310890,3.446423,-11.781179,2.142914
0.591000,0.310630,3.455998,-11.847431,2.147070
0.592000,0.310380,3.465558,-11.913756,2.151281
0.593000,0.310141,3.475103,-11.980152,2.155546
0.594000,0.309913,3.484633,-12.046621,2.159864
0.595000,0.309694,3.494148,-12.113163,2.164235
0.596000,0.309486,3.503649,-12.179777,2.168659
0.597000,0.309287,3.513136,-12.246465,2.173135
0.598000,0.309098,3.522608,-12.313227,2.177663
0.599000,0.308919,3.532066,-12.380063,2.182243
0.600000,0.308749,3.541511,-12.446972,2.186874
0.601000,0.308588,3.550941,-12.513957,2.191556
0.602000,0.308436,3.560358,-12.581016,2.196288
0.603000,0.308294,3.569761,-12.648150,2.201071
0.604000,0.308160,3.579151,-12.715360,2.205904
0.605000,0.308035,3.588528,-12.782645,2.210787
0.606000,0.307919,3.597891,-12.850006,2.215719
0.607000,0.307811,3.607241,-12.917443,2.220700
0.608000,0.307712,3.616579,-12.984957,2.225730
0.609000,0.307621,3.625904,-13.052547,2.230809
0.610000,0.307538,3.635216,-13.120214,2.235936
0.611000,0.307463,3.644515,-13.187958,2.241111
0.612000,0.307397,3.653802,-13.255780,2.246333
0.613000,0.307338,3.663077,-13.323679,2.251603
0.614000,0.307286,3.672340,-13.391656,2.256920
0.615000,0.307243,3.681591,-13.459711,2.262285
0.616000,0.307207,3.690829,-13.527844,2.267695
0.617000,0.307178,3.700056,-13.596056,2.273153
0.618000,0.307157,3.709271,-13.664347,2.278657
0.619000,0.307143,3.718475,-13.732717,2.284206
0.620000,0.307136,3.727667,-13.801166,2.289802
0.621000,0.307136,3.736847,-13.869694,2.295443
0.622000,0.307144,3.746016,-13.938302,2.301129
0.623000,0.307158,3.755174,-14.006989,2.306861
0.624000,0.307179,3.764321,-14.075757,2.312638
0.625000,0.307206,3.773457,-14.144605,2.318459
0.626000,0.307241,3.782582,-14.213533,2.324325
0.627000,0.307281,3.791697,-14.282542,2.330235
0.628000,0.307329,3.800800,-14.351632,2.336190
0.629000,0.307382,3.809893,-14.420803,2.342188
0.630000,0.307442,3.818976,-14.490055,2.348231
0.631000,0.307509,3.828048,-14.559388,2.354317
0.632000,0.307581,3.837110,-14.628803,2.360446
0.633000,0.307660,3.846161,-14.698300,2.366619
0.634000,0.307744,3.855202,-14.767879,2.372834
0.635000,0.307835,3.864234,-14.837539,2.379093
0.636000,0.307932,3.873255,-14.907282,2.385395
0.637000,0.308034,3.882266,-14.977108,2.391739
0.638000,0.308142,3.891268,-15.047016,2.398126
0.639000,0.308256,3.900260,-15.117007,2.404555
0.640000,0.308375,3.909242,-15.187080,2.411026
0.641000,0.308500,3.918215,-15.257237,2.417539
0.642000,0.308631,3.927178,-15.327477,2.424094
0.643000,0.308766,3.936132,-15.397801,2.430691
0.644000,0.308908,3.945077,-15.468208,2.437329
0.645000,0.309054,3.954012,-15.538699,2.444009
0.646000,0.309206,3.962939,-15.609274,2.450731
0.647000,0.309363,3.971856,-15.679933,2.457493
0.648000,0.309526,3.980764,-15.750676,2.464297
0.649000,0.309693,3.989663,-15.821503,2.471141
0.650000,0.309865,3.998554,-15.892415,2.478027
0.651000,0.310043,4.007435,-15.963411,2.484953
0.652000,0.310225,4.016308,-16.034492,2.491920
0.653000,0.310412,4.025173,-16.105658,2.498927
0.654000,0.310605,4.034028,-16.176909,2.505975
0.655000,0.310801,4.042876,-16.248245,2.513063
0.656000,0.311003,4.051714,-16.319667,2.520191
0.657000,0.311209,4.060545,-16.391174,2.527359
0.658000,0.311420,4.069367,-16.462766,2.534567
0.659000,0.311636,4.078181,-16.534445,2.541815
0.660000,0.311856,4.086987,-16.606209,2.549103
0.661000,0.312081,4.095785,-16.678058,2.556430
0.662000,0.312310,4.104574,-16.749994,2.563797
0.663000,0.312543,4.113356,-16.822017,2.571204
0.664000,0.312781,4.122130,-16.894125,2.578650
0.665000,0.313023,4.130896,-16.966320,2.586135
0.666000,0.313270,4.139655,-17.038601,2.593659
0.667000,0.313521,4.148405,-17.110969,2.601222
0.668000,0.313776,4.157148,-17.183424,2.608825
0.669000,0.314035,4.165883,-17.255966,2.616466
0.670000,0.314298,4.174611,-17.328595,2.624147
0.671000,0.314566,4.183331,-17.401310,2.631866
0.672000,0.314837,4.192044,-17.474113,2.639623
0.673000,0.315113,4.200750,-17.547004,2.647420
0.674000,0.315392,4.209448,-17.619981,2.655255
0.675000,0.315676,4.218139,-17.693047,2.663128
0.676000,0.315963,4.226823,-17.766200,2.671040
0.677000,0.316254,4.235500,-17.839440,2.678990
0.678000,0.316549,4.244169,-17.912769,2.686979
0.679000,0.316848,4.252832,-17.986185,2.695006
0.680000,0.317151,4.261487,-18.059689,2.703071
0.681000,0.317458,4.270136,-18.133282,2.711174
0.682000,0.317768,4.278778,-18.206962,2.719315
0.683000,0.318082,4.287413,-18.280731,2.727493
0.684000,0.318399,4.296041,-18.354589,2.735710
0.685000,0.318720,4.304662,-18.428535,2.743965
0.686000,0.319045,4.313277,-18.502569,2.752258
0.687000,0.319373,4.321885,-18.576692,2.760588
0.688000,0.319705,4.330487,-18.650904,2.768956
0.689000,0.320040,4.339082,-18.725205,2.777361
0.690000,0.320379,4.347670,-18.799595,2.785804
0.691000,0.320721,4.356252,-18.874073,2.794285
0.692000,0.321067,4.364828,-18.948641,2.802803
0.693000,0.321416,4.373398,-19.023298,2.811358
0.694000,0.321768,4.381961,-19.098044,2.819951
0.695000,0.322124,4.390517,-19.172880,2.828581
0.696000,0.322483,4.399068,-19.247805,2.837249
0.697000,0.322845,4.407613,-19.322819,2.845953
0.698000,0.323211,4.416151,-19.397923,2.854695
0.699000,0.323580,4.424683,-19.473117,2.863474
0.700000,0.323952,4.433209,-19.548400,2.872290
0.701000,0.324327,4.441730,-19.623774,2.881143
0.702000,0.324705,4.450244,-19.699237,2.890034
0.703000,0.325087,4.458752,-19.774790,2.898961
0.704000,0.325471,4.467255,-19.850433,2.907925
0.705000,0.325859,4.475751,-19.926166,2.916926
0.706000,0.326250,4.484242,-20.001990,2.925964
0.707000,0.326643,4.492727,-20.077903,2.935039
0.708000,0.327040,4.501207,-20.153907,2.944150
0.709000,0.327440,4.509681,-20.230001,2.953298
0.710000,0.327843,4.518149,-20.306186,2.962483
0.711000,0.328248,4.526611,-20.382461,2.971705
0.712000,0.328657,4.535068,-20.458827,2.980964
0.713000,0.329069,4.543520,-20.535284,2.990259
0.714000,0.329483,4.551965,-20.611831,2.999591
0.715000,0.329900,4.560406,-20.688469,3.008959
0.716000,0.330320,4.568841,-20.765197,3.018364
0.717000,0.330744,4.577271,-20.842017,3.027805
0.718000,0.331169,4.585695,-20.918928,3.037283
0.719000,0.331598,4.594114,-20.995929,3.046798
0.720000,0.332029,4.602528,-21.073022,3.056348
0.721000,0.332463,4.610937,-21.150205,3.065936
0.722000,0.332900,4.619340,-21.227480,3.075560
0.723000,0.333340,4.627738,-21.304846,3.085220
0.724000,0.333782,4.636131,-21.382304,3.094916
0.725000,0.334227,4.644519,-21.459853,3.104649
0.726000,0.334675,4.652902,-21.537493,3.114418
0.727000,0.335125,4.661280,-21.615224,3.124224
0.728000,0.335578,4.669653,-21.693047,3.134066
0.729000,0.336034,4.678021,-21.770962,3.143944
0.730000,0.336492,4.686384,-21.848968,3.153858
0.731000,0.336952,4.694742,-21.927066,3.163809
0.732000,0.337416,4.703095,-22.005256,3.173796
0.733000,0.337881,4.711444,-22.083537,3.183819
0.734000,0.338350,4.719787,-22.161910,3.193878
0.735000,0.338821,4.728126,-22.240375,3.203973
0.736000,0.339294,4.736460,-22.318932,3.214105
0.737000,0.339770,4.744789,-22.397581,3.224273
0.738000,0.340248,4.753114,-22.476322,3.234477
0.739000,0.340729,4.761434,-22.555155,3.244717
0.740000,0.341212,4.769749,-22.634080,3.254993
0.741000,0.341698,4.778060,-22.713097,3.265305
0.742000,0.342186,4.786366,-22.792207,3.275653
0.743000,0.342676,4.794667,-22.871408,3.286038
0.744000,0.343169,4.802964,-22.950702,3.296458
0.745000,0.343664,4.811257,-23.030088,3.306915
0.746000,0.344162,4.819545,-23.109566,3.317408
0.747000,0.344662,4.827829,-23.189137,3.327936
0.748000,0.345164,4.836108,-23.268801,3.338501
0.749000,0.345669,4.844383,-23.348556,3.349102
0.750000,0.346175,4.852653,-23.428405,3.359739
0.751000,0.346685,4.860919,-23.508345,3.370412
0.752000,0.347196,4.869181,-23.588379,3.381121
0.753000,0.347710,4.877439,-23.668505,3.391865
0.754000,0.348226,4.885692,-23.748724,3.402646
0.755000,0.348744,4.893941,-23.829035,3.413463
0.756000,0.349264,4.902186,-23.909439,3.424316
0.757000,0.349787,4.910426,-23.989936,3.435205
0.758000,0.350312,4.918663,-24.070526,3.446130
0.759000,0.350839,4.926895,-24.151208,3.457091
0.760000,0.351368,4.935123,-24.231984,3.468088
0.761000,0.351899,4.943348,-24.312852,3.479121
0.762000,0.352433,4.951568,-24.393813,3.490190
0.763000,0.352969,4.959784,-24.474868,3.501295
0.764000,0.353506,4.967996,-24.556015,3.512436
0.765000,0.354046,4.976204,-24.637255,3.523613
0.766000,0.354588,4.984408,-24.718589,3.534826
0.767000,0.355132,4.992608,-24.800015,3.546075
0.768000,0.355679,5.000804,-24.881535,3.557359
0.769000,0.356227,5.008996,-24.963148,3.568680
0.770000,0.356777,5.017185,-25.044854,3.580037
0.771000,0.357330,5.025369,-25.126653,3.591430
0.772000,0.357884,5.033550,-25.208546,3.602859
0.773000,0.358441,5.041727,-25.290531,3.614324
0.774000,0.359000,5.049900,-25.372611,3.625825
0.775000,0.359560,5.058069,-25.454783,3.637362
0.776000,0.360123,5.066235,-25.537049,3.648935
0.777000,0.360688,5.074397,-25.619408,3.660544
0.778000,0.361254,5.082555,-25.701861,3.672189
0.779000,0.361823,5.090709,-25.784407,3.683870
0.780000,0.362393,5.098860,-25.867047,3.695587
0.781000,0.362966,5.107007,-25.949780,3.707340
0.782000,0.363541,5.115151,-26.032606,3.719129
0.783000,0.364117,5.123291,-26.115527,3.730954
0.784000,0.364695,5.131427,-26.198540,3.742816
0.785000,0.365276,5.139560,-26.281648,3.754713
0.786000,0.365858,5.147689,-26.364849,3.766647
0.787000,0.366442,5.155815,-26.448144,3.778616
0.788000,0.367028,5.163937,-26.531532,3.790622
0.789000,0.367616,5.172055,-26.615014,3.802663
0.790000,0.368206,5.180170,-26.698590,3.814741
0.791000,0.368798,5.188282,-26.782259,3.826855
0.792000,0.369392,5.196390,-26.866023,3.839005
0.793000,0.369987,5.204495,-26.949880,3.851192
0.794000,0.370584,5.212597,-27.033831,3.863414
0.795000,0.371184,5.220695,-27.117875,3.875672
0.796000,0.371785,5.228789,-27.202014,3.887967
0.797000,0.372388,5.236881,-27.286246,3.900298
0.798000,0.372992,5.244969,-27.370573,3.912665
0.799000,0.373599,5.253053,-27.454993,3.925068
0.800000,0.374207,5.261135,-27.539507,3.937508
0.801000,0.374817,5.269213,-27.624115,3.949983
0.802000,0.375429,5.277288,-27.708817,3.962495
0.803000,0.376043,5.285359,-27.793613,3.975043
0.804000,0.376658,5.293428,-27.878503,3.987628
0.805000,0.377276,5.301493,-27.963487,4.000248
0.806000,0.377895,5.309555,-28.048566,4.012905
0.807000,0.378516,5.317613,-28.133738,4.025598
0.808000,0.379138,5.325669,-28.219004,4.038328
0.809000,0.379762,5.333721,-28.304364,4.051094
0.810000,0.380388,5.341771,-28.389819,4.063896
0.811000,0.381016,5.349817,-28.475367,4.076734
0.812000,0.381646,5.357860,-28.561010,4.089609
0.813000,0.382277,5.365900,-28.646747,4.102521
0.814000,0.382910,5.373937,-28.732578,4.115468
0.815000,0.383545,5.381971,-28.818503,4.128452
0.816000,0.384181,5.390002,-28.904522,4.141473
0.817000,0.384819,5.398029,-28.990636,4.154530
0.818000,0.385459,5.406054,-29.076844,4.167623
0.819000,0.386100,5.414076,-29.163146,4.180753
0.820000,0.386743,5.422095,-29.249542,4.193919
0.821000,0.387388,5.430111,-29.336033,4.207122
0.822000,0.388035,5.438124,-29.422618,4.220361
0.823000,0.388683,5.446134,-29.509297,4.233637
0.824000,0.389333,5.454141,-29.596070,4.246949
0.825000,0.389984,5.462145,-29.682938,4.260298
0.826000,0.390637,5.470146,-29.769900,4.273683
0.827000,0.391292,5.478144,-29.856956,4.287105
0.828000,0.391948,5.486140,-29.944107,4.300564
0.829000,0.392606,5.494132,-30.031352,4.314059
0.830000,0.393266,5.502122,-30.118692,4.327591
0.831000,0.393927,5.510109,-30.206125,4.341159
0.832000,0.394590,5.518093,-30.293654,4.354765
0.833000,0.395254,5.526075,-30.381276,4.368406
0.834000,0.395920,5.534053,-30.468993,4.382085
0.835000,0.396588,5.542029,-30.556805,4.395800
0.836000,0.397257,5.550002,-30.644711,4.409552
0.837000,0.397928,5.557972,-30.732711,4.423341
0.838000,0.398600,5.565940,-30.820806,4.437167
0.839000,0.399274,5.573905,-30.908995,4.451029
0.840000,0.399949,5.581867,-30.997279,4.464928
0.841000,0.400626,5.589826,-31.085657,4.478864
0.842000,0.401305,5.597783,-31.174130,4.492837
0.843000,0.401985,5.605737,-31.262697,4.506847
0.844000,0.402667,5.613689,-31.351358,4.520894
0.845000,0.403350,5.621637,-31.440115,4.534977
0.846000,0.404035,5.629583,-31.528965,4.549098
0.847000,0.404721,5.637527,-31.617911,4.563255
0.848000,0.405409,5.645468,-31.706950,4.577450
0.849000,0.406099,5.653406,-31.796085,4.591681
0.850000,0.406790,5.661342,-31.885313,4.605950
0.851000,0.407482,5.669275,-31.974637,4.620255
0.852000,0.408176,5.677205,-32.064055,4.634598
0.853000,0.408871,5.685133,-32.153567,4.648977
0.854000,0.409568,5.693059,-32.243174,4.663394
0.855000,0.410267,5.700982,-32.332876,4.677848
0.856000,0.410967,5.708902,-32.422672,4.692339
0.857000,0.411668,5.716820,-32.512563,4.706867
0.858000,0.412371,5.724736,-32.602548,4.721432
0.859000,0.413076,5.732649,-32.692628,4.736035
0.860000,0.413782,5.740559,-32.782802,4.750674
0.861000,0.414489,5.748467,-32.873071,4.765351
0.862000,0.415198,5.756372,-32.963435,4.780066
0.863000,0.415908,5.764276,-33.053894,4.794817
0.864000,0.416620,5.772176,-33.144446,4.809606
0.865000,0.417333,5.780074,-33.235094,4.824432
0.866000,0.418048,5.787970,-33.325836,4.839296
0.867000,0.418764,5.795864,-33.416673,4.854196
0.868000,0.419481,5.803755,-33.507604,4.869135
0.869000,0.420200,5.811643,-33.598630,4.884110
0.870000,0.420921,5.819530,-33.689751,4.899124
0.871000,0.421643,5.827414,-33.780966,4.914174
0.872000,0.422366,5.835295,-33.872276,4.929262
0.873000,0.423091,5.843174,-33.963681,4.944388
0.874000,0.423817,5.851051,-34.055180,4.959551
0.875000,0.424545,5.858926,-34.146774,4.974752
0.876000,0.425274,5.866798,-34.238463,4.989990
0.877000,0.426004,5.874668,-34.330246,5.005266
0.878000,0.426736,5.882536,-34.422124,5.020579
0.879000,0.427469,5.890401,-34.514096,5.035930
0.880000,0.428204,5.898264,-34.606163,5.051319
0.881000,0.428940,5.906125,-34.698325,5.066746
0.882000,0.429677,5.913984,-34.790581,5.082210
0.883000,0.430416,5.921840,-34.882932,5.097712
0.884000,0.431156,5.929694,-34.975378,5.113252
0.885000,0.431898,5.937546,-35.067919,5.128829
0.886000,0.432641,5.945396,-35.160554,5.144444
0.887000,0.433385,5.953243,-35.253283,5.160098
0.888000,0.434131,5.961089,-35.346108,5.175789
0.889000,0.434878,5.968932,-35.439027,5.191518
0.890000,0.435627,5.976773,-35.532040,5.207284
0.891000,0.436377,5.984611,-35.625149,5.223089
0.892000,0.437128,5.992448,-35.718352,5.238932
0.893000,0.437880,6.000282,-35.811649,5.254813
0.894000,0.438634,6.008115,-35.905041,5.270731
0.895000,0.439390,6.015945,-35.998528,5.286688
0.896000,0.440146,6.023773,-36.092110,5.302683
0.897000,0.440904,6.031599,-36.185786,5.318716
0.898000,0.441664,6.039422,-36.279557,5.334787
0.899000,0.442424,6.047244,-36.373422,5.350896
0.900000,0.443186,6.055064,-36.467383,5.367044
0.901000,0.443950,6.062881,-36.561437,5.383229
0.902000,0.444714,6.070697,-36.655587,5.399453
0.903000,0.445480,6.078510,-36.749831,5.415715
0.904000,0.446248,6.086321,-36.844170,5.432015
0.905000,0.447016,6.094131,-36.938603,5.448354
0.906000,0.447786,6.101938,-37.033131,5.464730
0.907000,0.448558,6.109743,-37.127753,5.481146
0.908000,0.449330,6.117546,-37.222471,5.497599
0.909000,0.450104,6.125347,-37.317282,5.514091
0.910000,0.450880,6.133146,-37.412189,5.530622
0.911000,0.451656,6.140943,-37.507190,5.547190
0.912000,0.452434,6.148738,-37.602286,5.563798
0.913000,0.453213,6.156531,-37.697476,5.580443
0.914000,0.453994,6.164322,-37.792761,5.597128
0.915000,0.454776,6.172112,-37.888140,5.613850
0.916000,0.455559,6.179899,-37.983614,5.630612
0.917000,0.456343,6.187684,-38.079183,5.647412
0.918000,0.457129,6.195467,-38.174846,5.664251
0.919000,0.457916,6.203248,-38.270604,5.681128
0.920000,0.458704,6.211028,-38.366457,5.698044
0.921000,0.459493,6.218805,-38.462404,5.714999
0.922000,0.460284,6.226581,-38.558445,5.731992
0.923000,0.461076,6.234354,-38.654581,5.749024
0.924000,0.461870,6.242126,-38.750812,5.766095
0.925000,0.462664,6.249896,-38.847137,5.783205
0.926000,0.463460,6.257663,-38.943557,5.800354
0.927000,0.464257,6.265429,-39.040072,5.817541
0.928000,0.465056,6.273194,-39.136681,5.834767
0.929000,0.465855,6.280956,-39.233384,5.852033
0.930000,0.466656,6.288716,-39.330182,5.869337
0.931000,0.467458,6.296475,-39.427075,5.886680
0.932000,0.468262,6.304231,-39.524062,5.904063
0.933000,0.469067,6.311986,-39.621143,5.921484
0.934000,0.469873,6.319739,-39.718319,5.938944
0.935000,0.470680,6.327490,-39.815590,5.956444
0.936000,0.471488,6.335239,-39.912955,5.973982
0.937000,0.472298,6.342987,-40.010414,5.991560
0.938000,0.473109,6.350732,-40.107969,6.009177
0.939000,0.473921,6.358476,-40.205617,6.026833
0.940000,0.474735,6.366218,-40.303360,6.044528
0.941000,0.475549,6.373958,-40.401198,6.062263
0.942000,0.476365,6.381697,-40.499129,6.080036
0.943000,0.477182,6.389433,-40.597156,6.097849
0.944000,0.478001,6.397168,-40.695277,6.115702
0.945000,0.478820,6.404901,-40.793492,6.133594
0.946000,0.479641,6.412633,-40.891802,6.151525
0.947000,0.480463,6.420362,-40.990206,6.169496
0.948000,0.481286,6.428090,-41.088704,6.187506
0.949000,0.482111,6.435816,-41.187297,6.205555
0.950000,0.482937,6.443540,-41.285985,6.223644
0.951000,0.483764,6.451263,-41.384767,6.241773
0.952000,0.484592,6.458984,-41.483643,6.259941
0.953000,0.485421,6.466703,-41.582613,6.278149
0.954000,0.486252,6.474420,-41.681678,6.296396
0.955000,0.487084,6.482136,-41.780837,6.314683
0.956000,0.487916,6.489850,-41.880091,6.333010
0.957000,0.488751,6.497562,-41.979439,6.351376
0.958000,0.489586,6.505273,-42.078881,6.369782
0.959000,0.490423,6.512982,-42.178418,6.388228
0.960000,0.491260,6.520689,-42.278049,6.406714
0.961000,0.492099,6.528395,-42.377774,6.425239
0.962000,0.492940,6.536098,-42.477594,6.443804
0.963000,0.493781,6.543801,-42.577508,6.462410
0.964000,0.494624,6.551501,-42.677516,6.481055
0.965000,0.495467,6.559200,-42.777619,6.499740
0.966000,0.496312,6.566897,-42.877815,6.518465
0.967000,0.497159,6.574593,-42.978106,6.537230
0.968000,0.498006,6.582287,-43.078492,6.556035
0.969000,0.498854,6.589979,-43.178971,6.574880
0.970000,0.499704,6.597670,-43.279545,6.593765
0.971000,0.500555,6.605359,-43.380213,6.612690
0.972000,0.501407,6.613046,-43.480975,6.631655
0.973000,0.502260,6.620732,-43.581831,6.650661
0.974000,0.503115,6.628417,-43.682782,6.669706
0.975000,0.503970,6.636099,-43.783827,6.688792
0.976000,0.504827,6.643780,-43.884966,6.707918
0.977000,0.505685,6.651460,-43.986199,6.727085
0.978000,0.506544,6.659138,-44.087526,6.746292
0.979000,0.507404,6.666814,-44.188948,6.765539
0.980000,0.508266,6.674489,-44.290463,6.784826
0.981000,0.509128,6.682162,-44.392073,6.804154
0.982000,0.509992,6.689833,-44.493777,6.823522
0.983000,0.510857,6.697503,-44.595575,6.842931
0.984000,0.511723,6.705172,-44.697467,6.862380
0.985000,0.512590,6.712839,-44.799453,6.881870
0.986000,0.513459,6.720504,-44.901533,6.901400
0.987000,0.514328,6.728168,-45.003708,6.920971
0.988000,0.515199,6.735830,-45.105976,6.940582
0.989000,0.516071,6.743491,-45.208339,6.960234
0.990000,0.516944,6.751150,-45.310795,6.979927
0.991000,0.517818,6.758808,-45.413346,6.999660
0.992000,0.518693,6.766464,-45.515990,7.019434
0.993000,0.519569,6.774118,-45.618729,7.039249
0.994000,0.520447,6.781772,-45.721561,7.059105
0.995000,0.521326,6.789423,-45.824487,7.079001
0.996000,0.522206,6.797073,-45.927508,7.098938
0.997000,0.523086,6.804722,-46.030622,7.118916
0.998000,0.523969,6.812369,-46.133831,7.138935
0.999000,0.524852,6.820015,-46.237133,7.158995
1.000000,0.525736,6.827659,-46.340529,7.179096
1.001000,0.526622,6.835302,-46.444019,7.199238
1.002000,0.527508,6.842943,-46.547603,7.219421
1.003000,0.528396,6.850583,-46.651281,7.239645
1.004000,0.529285,6.858221,-46.755053,7.259910
1.005000,0.530175,6.865858,-46.858919,7.280216
1.006000,0.531066,6.873493,-46.962878,7.300563
1.007000,0.531959,6.881127,-47.066932,7.320952
1.008000,0.532852,6.888760,-47.171079,7.341381
1.009000,0.533747,6.896391,-47.275320,7.361852
1.010000,0.534642,6.904020,-47.379655,7.382364
1.011000,0.535539,6.911649,-47.484083,7.402917
1.012000,0.536437,6.919275,-47.588606,7.423512
1.013000,0.537336,6.926901,-47.693222,7.444148
1.014000,0.538236,6.934524,-47.797932,7.464825
1.015000,0.539138,6.942147,-47.902735,7.485544
1.016000,0.540040,6.949768,-48.007633,7.506304
1.017000,0.540943,6.957388,-48.112624,7.527106
1.018000,0.541848,6.965006,-48.217709,7.547949
1.019000,0.542754,6.972623,-48.322887,7.568834
1.020000,0.543661,6.980238,-48.428159,7.589760
1.021000,0.544568,6.987852,-48.533525,7.610728
1.022000,0.545477,6.995465,-48.638985,7.631737
1.023000,0.546388,7.003076,-48.744538,7.652788
1.024000,0.547299,7.010686,-48.850185,7.673881
1.025000,0.548211,7.018295,-48.955925,7.695016
1.026000,0.549125,7.025902,-49.061759,7.716192
1.027000,0.550039,7.033508,-49.167687,7.737410
1.028000,0.550955,7.041112,-49.273708,7.758669
1.029000,0.551872,7.048715,-49.379823,7.779971
1.030000,0.552789,7.056317,-49.486031,7.801314
1.031000,0.553708,7.063917,-49.592333,7.822700
1.032000,0.554628,7.071516,-49.698728,7.844127
1.033000,0.555549,7.079114,-49.805217,7.865596
1.034000,0.556472,7.086710,-49.911800,7.887107
1.035000,0.557395,7.094305,-50.018475,7.908660
1.036000,0.558319,7.101899,-50.125245,7.930256
1.037000,0.559245,7.109491,-50.232107,7.951893
1.038000,0.560171,7.117082,-50.339064,7.973572
1.039000,0.561099,7.124672,-50.446113,7.995294
1.040000,0.562028,7.132260,-50.553256,8.017057
1.041000,0.562958,7.139847,-50.660493,8.038863
1.042000,0.563889,7.147433,-50.767823,8.060711
1.043000,0.564821,7.155017,-50.875246,8.082601
1.044000,0.565754,7.162600,-50.982762,8.104534
1.045000,0.566688,7.170182,-51.090372,8.126509
1.046000,0.567623,7.177762,-51.198076,8.148526
1.047000,0.568559,7.185341,-51.305872,8.170586
1.048000,0.569497,7.192919,-51.413762,8.192688
1.049000,0.570435,7.200496,-51.521745,8.214832
1.050000,0.571375,7.208071,-51.629821,8.237019
1.051000,0.572315,7.215645,-51.737991,8.259248
1.052000,0.573257,7.223218,-51.846254,8.281520
1.053000,0.574200,7.230789,-51.954610,8.303835
1.054000,0.575144,7.238360,-52.063059,8.326192
1.055000,0.576088,7.245929,-52.171602,8.348591
1.056000,0.577034,7.253496,-52.280238,8.371034
1.057000,0.577981,7.261063,-52.388967,8.393519
1.058000,0.578930,7.268628,-52.497789,8.416046
1.059000,0.579879,7.276192,-52.606704,8.438617
1.060000,0.580829,7.283754,-52.715712,8.461230
1.061000,0.581780,7.291315,-52.824813,8.483886
1.062000,0.582733,7.298876,-52.934008,8.506585
1.063000,0.583686,7.306434,-53.043295,8.529326
1.064000,0.584640,7.313992,-53.152676,8.552111
1.065000,0.585596,7.321548,-53.262150,8.574938
1.066000,0.586553,7.329104,-53.371716,8.597809
1.067000,0.587510,7.336658,-53.481376,8.620722
1.068000,0.588469,7.344210,-53.591129,8.643679
1.069000,0.589429,7.351762,-53.700975,8.666678
1.070000,0.590389,7.359312,-53.810913,8.689721
1.071000,0.591351,7.366861,-53.920945,8.712807
1.072000,0.592314,7.374409,-54.031069,8.735935
1.073000,0.593278,7.381955,-54.141287,8.759107
1.074000,0.594243,7.389501,-54.251597,8.782323
1.075000,0.595209,7.397045,-54.362000,8.805581
1.076000,0.596176,7.404588,-54.472497,8.828883
1.077000,0.597145,7.412130,-54.583086,8.852228
1.078000,0.598114,7.419670,-54.693767,8.875616
1.079000,0.599084,7.427210,-54.804542,8.899047
1.080000,0.600055,7.434748,-54.915410,8.922523
1.081000,0.601028,7.442285,-55.026370,8.946041
1.082000,0.602001,7.449821,-55.137423,8.969603
1.083000,0.602976,7.457355,-55.248569,8.993208
1.084000,0.603951,7.464889,-55.359807,9.016857
1.085000,0.604928,7.472421,-55.471139,9.040549
1.086000,0.605905,7.479952,-55.582562,9.064285
1.087000,0.606884,7.487482,-55.694079,9.088065
1.088000,0.607864,7.495011,-55.805689,9.111888
1.089000,0.608844,7.502538,-55.917391,9.135755
1.090000,0.609826,7.510065,-56.029185,9.159666
1.091000,0.610809,7.517590,-56.141073,9.183620
1.092000,0.611793,7.525114,-56.253052,9.207618
1.093000,0.612777,7.532637,-56.365125,9.231660
1.094000,0.613763,7.540159,-56.477290,9.255745
1.095000,0.614750,7.547679,-56.589548,9.279875
1.096000,0.615738,7.555199,-56.701898,9.304048
1.097000,0.616727,7.562717,-56.814341,9.328265
1.098000,0.617717,7.570234,-56.926876,9.352526
1.099000,0.618708,7.577751,-57.039504,9.376832
1.100000,0.619700,7.585265,-57.152224,9.401181
1.101000,0.620693,7.592779,-57.265037,9.425574
1.102000,0.621687,7.600292,-57.377942,9.450011
1.103000,0.622683,7.607803,-57.490939,9.474493
1.104000,0.623679,7.615314,-57.604029,9.499018
1.105000,0.624676,7.622823,-57.717212,9.523588
1.106000,0.625674,7.630331,-57.830486,9.548201
1.107000,0.626673,7.637838,-57.943853,9.572859
1.108000,0.627674,7.645344,-58.057313,9.597562
1.109000,0.628675,7.652849,-58.170865,9.622308
1.110000,0.629677,7.660353,-58.284509,9.647099
1.111000,0.630681,7.667855,-58.398245,9.671934
1.112000,0.631685,7.675357,-58.512074,9.696814
1.113000,0.632690,7.682857,-58.625995,9.721738
1.114000,0.633697,7.690356,-58.740008,9.746706
1.115000,0.634704,7.697854,-58.854113,9.771719
1.116000,0.635712,7.705351,-58.968311,9.796776
1.117000,0.636722,7.712847,-59.082600,9.821878
1.118000,0.637732,7.720342,-59.196982,9.847025
1.119000,0.638744,7.727836,-59.311456,9.872216
1.120000,0.639756,7.735329,-59.426022,9.897451
1.121000,0.640770,7.742820,-59.540681,9.922732
1.122000,0.641784,7.750311,-59.655431,9.948057
1.123000,0.642800,7.757800,-59.770274,9.973426
1.124000,0.643816,7.765289,-59.885208,9.998841
1.125000,0.644834,7.772776,-60.000235,10.024300
1.126000,0.645853,7.780262,-60.115353,10.049804
1.127000,0.646872,7.787747,-60.230564,10.075353
1.128000,0.647893,7.795231,-60.345866,10.100947
1.129000,0.648914,7.802714,-60.461261,10.126585
1.130000,0.649937,7.810196,-60.576747,10.152269
1.131000,0.650960,7.817677,-60.692326,10.177997
1.132000,0.651985,7.825157,-60.807996,10.203771
1.133000,0.653011,7.832636,-60.923759,10.229589
1.134000,0.654037,7.840113,-61.039613,10.255453
1.135000,0.655065,7.847590,-61.155559,10.281361
1.136000,0.656093,7.855066,-61.271597,10.307315
1.137000,0.657123,7.862540,-61.387726,10.333314
1.138000,0.658154,7.870014,-61.503948,10.359358
1.139000,0.659185,7.877486,-61.620261,10.385447
1.140000,0.660218,7.884957,-61.736666,10.411582
1.141000,0.661252,7.892428,-61.853163,10.437761
1.142000,0.662286,7.899897,-61.969751,10.463986
1.143000,0.663322,7.907365,-62.086431,10.490257
1.144000,0.664358,7.914833,-62.203203,10.516572
1.145000,0.665396,7.922299,-62.320067,10.542934
1.146000,0.666435,7.929764,-62.437022,10.569340
1.147000,0.667474,7.937228,-62.554069,10.595792
1.148000,0.668515,7.944691,-62.671207,10.622290
1.149000,0.669557,7.952153,-62.788438,10.648833
1.150000,0.670599,7.959614,-62.905759,10.675421
1.151000,0.671643,7.967075,-63.023173,10.702055
1.152000,0.672687,7.974534,-63.140677,10.728735
1.153000,0.673733,7.981992,-63.258274,10.755460
1.154000,0.674779,7.989449,-63.375961,10.782231
1.155000,0.675827,7.996905,-63.493741,10.809048
1.156000,0.676876,8.004360,-63.611611,10.835911
1.157000,0.677925,8.011814,-63.729574,10.862819
1.158000,0.678976,8.019267,-63.847627,10.889773
1.159000,0.680027,8.026718,-63.965772,10.916773
1.160000,0.681080,8.034169,-64.084009,10.943818
1.161000,0.682133,8.041619,-64.202337,10.970910
1.162000,0.683188,8.049068,-64.320756,10.998048
1.163000,0.684243,8.056516,-64.439266,11.025231
1.164000,0.685300,8.063963,-64.557868,11.052460
1.165000,0.686357,8.071409,-64.676561,11.079736
1.166000,0.687415,8.078854,-64.795346,11.107057
1.167000,0.688475,8.086298,-64.914221,11.134425
1.168000,0.689535,8.093741,-65.033188,11.161838
1.169000,0.690597,8.101183,-65.152246,11.189298
1.170000,0.691659,8.108624,-65.271395,11.216804
1.171000,0.692722,8.116064,-65.390636,11.244356
1.172000,0.693787,8.123503,-65.509968,11.271955
1.173000,0.694852,8.130941,-65.629390,11.299599
1.174000,0.695918,8.138379,-65.748904,11.327290
1.175000,0.696985,8.145815,-65.868509,11.355027
1.176000,0.698054,8.153250,-65.988205,11.382811
1.177000,0.699123,8.160684,-66.107992,11.410641
1.178000,0.700193,8.168117,-66.227870,11.438517
1.179000,0.701264,8.175550,-66.347840,11.466440
1.180000,0.702336,8.182981,-66.467900,11.494409
1.181000,0.703409,8.190411,-66.588051,11.522425
1.182000,0.704484,8.197841,-66.708293,11.550487
1.183000,0.705559,8.205269,-66.828626,11.578596
1.184000,0.706635,8.212696,-66.949050,11.606751
1.185000,0.707712,8.220123,-67.069565,11.634953
1.186000,0.708790,8.227548,-67.190171,11.663202
1.187000,0.709869,8.234973,-67.310867,11.691498
1.188000,0.710949,8.242397,-67.431655,11.719840
1.189000,0.712029,8.249819,-67.552533,11.748228
1.190000,0.713111,8.257241,-67.673502,11.776664
1.191000,0.714194,8.264662,-67.794562,11.805147
1.192000,0.715278,8.272082,-67.915712,11.833676
1.193000,0.716363,8.279501,-68.036954,11.862252
1.194000,0.717449,8.286918,-68.158286,11.890875
1.195000,0.718535,8.294336,-68.279708,11.919545
1.196000,0.719623,8.301752,-68.401222,11.948262
1.197000,0.720712,8.309167,-68.522826,11.977026
1.198000,0.721801,8.316581,-68.644521,12.005837
1.199000,0.722892,8.323994,-68.766306,12.034695
1.200000,0.723983,8.331406,-68.888182,12.063600
