Peña-Rodríguez & Rioux calculated dielectric data (0Au/100Ag) prepared by Alexander Al-Feghali al-fegha.li, Blum and Cosa Lab, McGill University
1 2 3 0 0 = columns for wave, Re(n), Im(n), eps1, eps2
wave(um)   Re(n)     Im(n)     eps1      eps2
1	2	3	0	0	=	columns	for	wave,	Re(n),	Im(n),	eps1,	eps2
wave(um)	Re(n)	Im(n)	eps1	eps2
Rioux	calculated	dielectric	data	(30Au/70Ag)
wave(um),Re(n),Im(n),eps1,eps2
0.270000,1.299514,1.473946,-0.483779,3.830828
0.271000,1.302554,1.475850,-0.481487,3.844749
0.272000,1.305564,1.477666,-0.478997,3.858375
0.273000,1.308544,1.479391,-0.476310,3.871699
0.274000,1.311492,1.481027,-0.473429,3.884712
0.275000,1.314407,1.482572,-0.470355,3.897405
0.276000,1.317286,1.484026,-0.467090,3.909771
0.277000,1.320128,1.485387,-0.463637,3.921801
0.278000,1.322931,1.486656,-0.459999,3.933487
0.279000,1.325694,1.487831,-0.456177,3.944819
0.280000,1.328415,1.488913,-0.452176,3.955788
0.281000,1.331091,1.489900,-0.447999,3.966387
0.282000,1.333722,1.490793,-0.443649,3.976606
0.283000,1.336304,1.491590,-0.439130,3.986436
0.284000,1.338837,1.492290,-0.434447,3.995867
0.285000,1.341317,1.492895,-0.429604,4.004891
0.286000,1.343743,1.493402,-0.424606,4.013497
0.287000,1.346112,1.493813,-0.419458,4.021678
0.288000,1.348422,1.494125,-0.414167,4.029423
0.289000,1.350671,1.494339,-0.408737,4.036723
0.290000,1.352857,1.494455,-0.403175,4.043569
0.291000,1.354976,1.494473,-0.397488,4.049951
0.292000,1.357027,1.494392,-0.391684,4.055859
0.293000,1.359006,1.494211,-0.385769,4.061285
0.294000,1.360912,1.493932,-0.379751,4.066219
0.295000,1.362741,1.493553,-0.373639,4.070652
0.296000,1.364490,1.493076,-0.367442,4.074575
0.297000,1.366158,1.492500,-0.361168,4.077979
0.298000,1.367740,1.491824,-0.354829,4.080855
0.299000,1.369233,1.491051,-0.348433,4.083193
0.300000,1.370636,1.490179,-0.341991,4.084987
0.301000,1.371945,1.489210,-0.335514,4.086227
0.302000,1.373156,1.488144,-0.329014,4.086906
0.303000,1.374267,1.486981,-0.322503,4.087016
0.304000,1.375273,1.485722,-0.315994,4.086549
0.305000,1.376173,1.484369,-0.309498,4.085498
0.306000,1.376963,1.482922,-0.303029,4.083858
0.307000,1.377640,1.481382,-0.296602,4.081621
0.308000,1.378199,1.479751,-0.290229,4.078781
0.309000,1.378638,1.478029,-0.283926,4.075334
0.310000,1.378954,1.476219,-0.277708,4.071275
0.311000,1.379143,1.474322,-0.271589,4.066600
0.312000,1.379202,1.472339,-0.265585,4.061305
0.313000,1.379127,1.470273,-0.259712,4.055386
0.314000,1.378915,1.468126,-0.253985,4.048843
0.315000,1.378564,1.465899,-0.248422,4.041672
0.316000,1.378069,1.463596,-0.243038,4.033874
0.317000,1.377428,1.461218,-0.237850,4.025447
0.318000,1.376638,1.458769,-0.232874,4.016393
0.319000,1.375695,1.456250,-0.228126,4.006713
0.320000,1.374598,1.453665,-0.223623,3.996409
0.321000,1.373342,1.451017,-0.219382,3.985483
0.322000,1.371925,1.448308,-0.215418,3.973940
0.323000,1.370345,1.445542,-0.211746,3.961784
0.324000,1.368600,1.442723,-0.208382,3.949020
0.325000,1.366687,1.439852,-0.205342,3.935654
0.326000,1.364604,1.436935,-0.202638,3.921693
0.327000,1.362349,1.433973,-0.200286,3.907143
0.328000,1.359920,1.430972,-0.198298,3.892014
0.329000,1.357316,1.427933,-0.196686,3.876312
0.330000,1.354535,1.424861,-0.195463,3.860047
0.331000,1.351576,1.421758,-0.194637,3.843229
0.332000,1.348438,1.418628,-0.194220,3.825866
0.333000,1.345120,1.415475,-0.194220,3.807969
0.334000,1.341622,1.412301,-0.194645,3.789547
0.335000,1.337941,1.409109,-0.195500,3.770610
0.336000,1.334079,1.405901,-0.196792,3.751167
0.337000,1.330034,1.402681,-0.198524,3.731228
0.338000,1.325806,1.399451,-0.200700,3.710801
0.339000,1.321395,1.396211,-0.203321,3.689894
0.340000,1.316801,1.392965,-0.206388,3.668515
0.341000,1.312022,1.389713,-0.209901,3.646667
0.342000,1.307058,1.386456,-0.213859,3.624357
0.343000,1.301909,1.383195,-0.218259,3.601588
0.344000,1.296574,1.379929,-0.223100,3.578359
0.345000,1.291051,1.376658,-0.228377,3.554671
0.346000,1.285338,1.373383,-0.234087,3.530521
0.347000,1.279433,1.370100,-0.240226,3.505902
0.348000,1.273333,1.366810,-0.246792,3.480807
0.349000,1.267034,1.363509,-0.253781,3.455224
0.350000,1.260531,1.360196,-0.261192,3.429138
0.351000,1.253819,1.356867,-0.269026,3.402533
0.352000,1.246891,1.353522,-0.277286,3.375388
0.353000,1.239737,1.350156,-0.285976,3.347676
0.354000,1.232347,1.346769,-0.295107,3.319372
0.355000,1.224710,1.343357,-0.304693,3.290444
0.356000,1.216812,1.339920,-0.314754,3.260859
0.357000,1.208636,1.336458,-0.325318,3.230581
0.358000,1.200165,1.332972,-0.336420,3.199574
0.359000,1.191379,1.329468,-0.348103,3.167801
0.360000,1.182255,1.325952,-0.360422,3.135227
0.361000,1.172770,1.322433,-0.373440,3.101821
0.362000,1.162899,1.318927,-0.387232,3.067558
0.363000,1.152617,1.315451,-0.401884,3.032422
0.364000,1.141898,1.312029,-0.417490,2.996407
0.365000,1.130718,1.308692,-0.434152,2.959522
0.366000,1.119055,1.305473,-0.451976,2.921794
0.367000,1.106893,1.302414,-0.471072,2.883266
0.368000,1.094217,1.299560,-0.491544,2.844000
0.369000,1.081022,1.296958,-0.513492,2.804080
0.370000,1.067307,1.294661,-0.537002,2.763603
0.371000,1.053082,1.292722,-0.562149,2.722684
0.372000,1.038361,1.291192,-0.588985,2.681447
0.373000,1.023167,1.290124,-0.617547,2.640024
0.374000,1.007531,1.289563,-0.647852,2.598550
0.375000,0.991489,1.289553,-0.679896,2.557155
0.376000,0.975082,1.290133,-0.713659,2.515970
0.377000,0.958354,1.291336,-0.749106,2.475114
0.378000,0.941355,1.293189,-0.786189,2.434699
0.379000,0.924134,1.295713,-0.824850,2.394826
0.380000,0.906744,1.298926,-0.865023,2.355586
0.381000,0.889237,1.302835,-0.906637,2.317059
0.382000,0.871667,1.307447,-0.949616,2.279316
0.383000,0.854084,1.312761,-0.993882,2.242417
0.384000,0.836542,1.318771,-1.039355,2.206414
0.385000,0.819089,1.325466,-1.085954,2.171350
0.386000,0.801774,1.332831,-1.133597,2.137260
0.387000,0.784643,1.340846,-1.182204,2.104172
0.388000,0.767739,1.349488,-1.231694,2.072107
0.389000,0.751100,1.358727,-1.281989,2.041078
0.390000,0.734762,1.368534,-1.333009,2.011093
0.391000,0.718757,1.378874,-1.384681,1.982152
0.392000,0.703113,1.389712,-1.436930,1.954249
0.393000,0.687852,1.401009,-1.489687,1.927374
0.394000,0.672992,1.412729,-1.542886,1.901510
0.395000,0.658546,1.424833,-1.596466,1.876636
0.396000,0.644525,1.437282,-1.650368,1.852728
0.397000,0.630933,1.450040,-1.704541,1.829756
0.398000,0.617772,1.463072,-1.758936,1.807690
0.399000,0.605041,1.476342,-1.813512,1.786497
0.400000,0.592736,1.489821,-1.868230,1.766142
0.401000,0.580851,1.503478,-1.923057,1.746592
0.402000,0.569376,1.517285,-1.977966,1.727812
0.403000,0.558302,1.531219,-2.032930,1.709767
0.404000,0.547619,1.545256,-2.087930,1.692423
0.405000,0.537314,1.559376,-2.142947,1.675749
0.406000,0.527375,1.573560,-2.197968,1.659712
0.407000,0.517789,1.587792,-2.252979,1.644283
0.408000,0.508544,1.602057,-2.307971,1.629434
0.409000,0.499627,1.616342,-2.362936,1.615136
0.410000,0.491025,1.630636,-2.417867,1.601364
0.411000,0.482725,1.644927,-2.472761,1.588095
0.412000,0.474716,1.659207,-2.527613,1.575305
0.413000,0.466986,1.673468,-2.582421,1.562972
0.414000,0.459523,1.687704,-2.637183,1.551078
0.415000,0.452317,1.701907,-2.691898,1.539602
0.416000,0.445356,1.716073,-2.746565,1.528526
0.417000,0.438631,1.730197,-2.801186,1.517835
0.418000,0.432131,1.744276,-2.855760,1.507513
0.419000,0.425849,1.758305,-2.910288,1.497544
0.420000,0.419774,1.772282,-2.964772,1.487915
0.421000,0.413898,1.786204,-3.019213,1.478612
0.422000,0.408213,1.800070,-3.073613,1.469624
0.423000,0.402712,1.813877,-3.127972,1.460939
0.424000,0.397386,1.827624,-3.182294,1.452545
0.425000,0.392230,1.841310,-3.236579,1.444432
0.426000,0.387235,1.854934,-3.290831,1.436592
0.427000,0.382397,1.868496,-3.345050,1.429013
0.428000,0.377708,1.881994,-3.399239,1.421688
0.429000,0.373163,1.895429,-3.453401,1.414609
0.430000,0.368757,1.908800,-3.507536,1.407766
0.431000,0.364484,1.922107,-3.561648,1.401154
0.432000,0.360339,1.935351,-3.615738,1.394764
0.433000,0.356317,1.948530,-3.669808,1.388591
0.434000,0.352415,1.961646,-3.723860,1.382627
0.435000,0.348627,1.974699,-3.777897,1.376866
0.436000,0.344949,1.987690,-3.831920,1.371303
0.437000,0.341378,2.000617,-3.885931,1.365932
0.438000,0.337909,2.013483,-3.939933,1.360747
0.439000,0.334539,2.026288,-3.993926,1.355744
0.440000,0.331264,2.039031,-4.047913,1.350917
0.441000,0.328082,2.051715,-4.101896,1.346263
0.442000,0.324989,2.064339,-4.155876,1.341775
0.443000,0.321982,2.076904,-4.209856,1.337451
0.444000,0.319058,2.089410,-4.263836,1.333286
0.445000,0.316214,2.101859,-4.317819,1.329276
0.446000,0.313449,2.114251,-4.371806,1.325418
0.447000,0.310758,2.126586,-4.425799,1.321706
0.448000,0.308140,2.138866,-4.479799,1.318139
0.449000,0.305592,2.151092,-4.533808,1.314713
0.450000,0.303113,2.163263,-4.587828,1.311424
0.451000,0.300699,2.175380,-4.641859,1.308270
0.452000,0.298349,2.187445,-4.695904,1.305246
0.453000,0.296062,2.199458,-4.749963,1.302351
0.454000,0.293834,2.211420,-4.804039,1.299582
0.455000,0.291665,2.223331,-4.858132,1.296936
0.456000,0.289552,2.235192,-4.912244,1.294409
0.457000,0.287494,2.247004,-4.966376,1.292001
0.458000,0.285489,2.258768,-5.020529,1.289708
0.459000,0.283536,2.270484,-5.074705,1.287527
0.460000,0.281633,2.282153,-5.128904,1.285458
0.461000,0.279778,2.293775,-5.183129,1.283497
0.462000,0.277971,2.305352,-5.237380,1.281642
0.463000,0.276210,2.316884,-5.291658,1.279891
0.464000,0.274493,2.328371,-5.345964,1.278243
0.465000,0.272820,2.339814,-5.400301,1.276695
0.466000,0.271189,2.351215,-5.454667,1.275245
0.467000,0.269599,2.362573,-5.509066,1.273892
0.468000,0.268048,2.373889,-5.563497,1.272634
0.469000,0.266537,2.385163,-5.617962,1.271469
0.470000,0.265064,2.396397,-5.672461,1.270396
0.471000,0.263627,2.407591,-5.726997,1.269412
0.472000,0.262226,2.418746,-5.781569,1.268517
0.473000,0.260860,2.429861,-5.836178,1.267709
0.474000,0.259528,2.440939,-5.890826,1.266986
0.475000,0.258230,2.451978,-5.945513,1.266347
0.476000,0.256963,2.462980,-6.000241,1.265790
0.477000,0.255728,2.473946,-6.055010,1.265315
0.478000,0.254524,2.484875,-6.109821,1.264919
0.479000,0.253349,2.495768,-6.164674,1.264603
0.480000,0.252204,2.506627,-6.219572,1.264363
0.481000,0.251087,2.517451,-6.274513,1.264200
0.482000,0.249998,2.528240,-6.329500,1.264112
0.483000,0.248937,2.538996,-6.384533,1.264098
0.484000,0.247901,2.549719,-6.439613,1.264156
0.485000,0.246892,2.560409,-6.494740,1.264287
0.486000,0.245907,2.571067,-6.549916,1.264488
0.487000,0.244947,2.581693,-6.605140,1.264758
0.488000,0.244012,2.592288,-6.660414,1.265098
0.489000,0.243100,2.602852,-6.715739,1.265505
0.490000,0.242210,2.613385,-6.771114,1.265978
0.491000,0.241344,2.623888,-6.826541,1.266518
0.492000,0.240499,2.634362,-6.882021,1.267123
0.493000,0.239676,2.644806,-6.937553,1.267791
0.494000,0.238873,2.655221,-6.993140,1.268523
0.495000,0.238092,2.665608,-7.048780,1.269318
0.496000,0.237330,2.675967,-7.104475,1.270174
0.497000,0.236588,2.686299,-7.160226,1.271091
0.498000,0.235865,2.696603,-7.216033,1.272067
0.499000,0.235161,2.706880,-7.271897,1.273104
0.500000,0.234475,2.717130,-7.327817,1.274199
0.501000,0.233807,2.727354,-7.383796,1.275351
0.502000,0.233157,2.737553,-7.439833,1.276561
0.503000,0.232525,2.747726,-7.495928,1.277828
0.504000,0.231909,2.757873,-7.552083,1.279150
0.505000,0.231310,2.767996,-7.608298,1.280528
0.506000,0.230727,2.778094,-7.664574,1.281960
0.507000,0.230159,2.788168,-7.720910,1.283446
0.508000,0.229608,2.798219,-7.777308,1.284986
0.509000,0.229072,2.808245,-7.833767,1.286579
0.510000,0.228550,2.818249,-7.890289,1.288223
0.511000,0.228044,2.828229,-7.946874,1.289920
0.512000,0.227552,2.838186,-8.003523,1.291668
0.513000,0.227074,2.848122,-8.060235,1.293466
0.514000,0.226609,2.858035,-8.117011,1.295314
0.515000,0.226159,2.867926,-8.173852,1.297212
0.516000,0.225721,2.877796,-8.230758,1.299160
0.517000,0.225297,2.887644,-8.287730,1.301155
0.518000,0.224886,2.897471,-8.344768,1.303199
0.519000,0.224487,2.907278,-8.401872,1.305291
0.520000,0.224100,2.917064,-8.459042,1.307430
0.521000,0.223726,2.926830,-8.516280,1.309616
0.522000,0.223364,2.936576,-8.573586,1.311848
0.523000,0.223013,2.946302,-8.630960,1.314127
0.524000,0.222674,2.956008,-8.688402,1.316450
0.525000,0.222346,2.965696,-8.745912,1.318819
0.526000,0.222029,2.975364,-8.803492,1.321233
0.527000,0.221723,2.985013,-8.861141,1.323691
0.528000,0.221428,2.994644,-8.918861,1.326194
0.529000,0.221143,3.004256,-8.976650,1.328739
0.530000,0.220868,3.013850,-9.034510,1.331329
0.531000,0.220604,3.023426,-9.092440,1.333961
0.532000,0.220350,3.032985,-9.150442,1.336635
0.533000,0.220105,3.042526,-9.208516,1.339353
0.534000,0.219871,3.052049,-9.266661,1.342112
0.535000,0.219645,3.061556,-9.324879,1.344912
0.536000,0.219429,3.071045,-9.383169,1.347754
0.537000,0.219222,3.080518,-9.441532,1.350637
0.538000,0.219025,3.089974,-9.499968,1.353561
0.539000,0.218836,3.099414,-9.558478,1.356525
0.540000,0.218656,3.108838,-9.617061,1.359529
0.541000,0.218484,3.118245,-9.675718,1.362573
0.542000,0.218321,3.127637,-9.734450,1.365657
0.543000,0.218166,3.137013,-9.793256,1.368780
0.544000,0.218020,3.146374,-9.852137,1.371942
0.545000,0.217881,3.155719,-9.911093,1.375143
0.546000,0.217751,3.165050,-9.970125,1.378382
0.547000,0.217628,3.174365,-10.029232,1.381660
0.548000,0.217513,3.183666,-10.088416,1.384976
0.549000,0.217405,3.192952,-10.147676,1.388329
0.550000,0.217305,3.202223,-10.207012,1.391721
0.551000,0.217213,3.211480,-10.266425,1.395149
0.552000,0.217127,3.220723,-10.325914,1.398615
0.553000,0.217049,3.229952,-10.385482,1.402117
0.554000,0.216978,3.239167,-10.445126,1.405657
0.555000,0.216914,3.248369,-10.504849,1.409233
0.556000,0.216856,3.257557,-10.564649,1.412845
0.557000,0.216806,3.266731,-10.624527,1.416493
0.558000,0.216762,3.275892,-10.684484,1.420177
0.559000,0.216724,3.285040,-10.744520,1.423897
0.560000,0.216693,3.294175,-10.804634,1.427652
0.561000,0.216669,3.303297,-10.864828,1.431443
0.562000,0.216650,3.312407,-10.925101,1.435269
0.563000,0.216638,3.321503,-10.985453,1.439130
0.564000,0.216632,3.330588,-11.045885,1.443025
0.565000,0.216632,3.339660,-11.106397,1.446956
0.566000,0.216638,3.348719,-11.166989,1.450921
0.567000,0.216650,3.357767,-11.227662,1.454920
0.568000,0.216667,3.366803,-11.288415,1.458953
0.569000,0.216691,3.375826,-11.349249,1.463021
0.570000,0.216720,3.384838,-11.410163,1.467122
0.571000,0.216754,3.393839,-11.471159,1.471257
0.572000,0.216794,3.402828,-11.532236,1.475425
0.573000,0.216839,3.411805,-11.593395,1.479627
0.574000,0.216890,3.420771,-11.654636,1.483862
0.575000,0.216946,3.429726,-11.715958,1.488131
0.576000,0.217007,3.438670,-11.777362,1.492432
0.577000,0.217073,3.447603,-11.838848,1.496766
0.578000,0.217145,3.456526,-11.900417,1.501133
0.579000,0.217221,3.465437,-11.962069,1.505533
0.580000,0.217303,3.474338,-12.023803,1.509965
0.581000,0.217389,3.483228,-12.085620,1.514430
0.582000,0.217480,3.492108,-12.147520,1.518927
0.583000,0.217576,3.500977,-12.209503,1.523456
0.584000,0.217676,3.509837,-12.271570,1.528017
0.585000,0.217782,3.518686,-12.333720,1.532610
0.586000,0.217891,3.527525,-12.395954,1.537234
0.587000,0.218006,3.536354,-12.458271,1.541891
0.588000,0.218125,3.545173,-12.520673,1.546579
0.589000,0.218248,3.553982,-12.583159,1.551299
0.590000,0.218376,3.562782,-12.645729,1.556050
0.591000,0.218508,3.571572,-12.708384,1.560832
0.592000,0.218644,3.580353,-12.771123,1.565646
0.593000,0.218785,3.589124,-12.833947,1.570491
0.594000,0.218929,3.597886,-12.896855,1.575366
0.595000,0.219078,3.606639,-12.959849,1.580273
0.596000,0.219231,3.615382,-13.022928,1.585211
0.597000,0.219388,3.624117,-13.086092,1.590179
0.598000,0.219550,3.632842,-13.149341,1.595178
0.599000,0.219715,3.641559,-13.212676,1.600208
0.600000,0.219884,3.650267,-13.276097,1.605268
0.601000,0.220057,3.658965,-13.339603,1.610359
0.602000,0.220233,3.667656,-13.403196,1.615480
0.603000,0.220414,3.676337,-13.466874,1.620631
0.604000,0.220598,3.685010,-13.530638,1.625813
0.605000,0.220786,3.693675,-13.594489,1.631024
0.606000,0.220978,3.702331,-13.658426,1.636266
0.607000,0.221173,3.710979,-13.722450,1.641538
0.608000,0.221372,3.719619,-13.786560,1.646840
0.609000,0.221575,3.728251,-13.850757,1.652171
0.610000,0.221781,3.736874,-13.915041,1.657533
0.611000,0.221990,3.745489,-13.979412,1.662924
0.612000,0.222203,3.754097,-14.043870,1.668345
0.613000,0.222420,3.762697,-14.108415,1.673795
0.614000,0.222639,3.771288,-14.173047,1.679275
0.615000,0.222863,3.779872,-14.237767,1.684785
0.616000,0.223089,3.788449,-14.302574,1.690324
0.617000,0.223319,3.797017,-14.367469,1.695893
0.618000,0.223552,3.805578,-14.432451,1.701490
0.619000,0.223788,3.814132,-14.497522,1.707118
0.620000,0.224028,3.822678,-14.562680,1.712774
0.621000,0.224271,3.831217,-14.627926,1.718460
0.622000,0.224517,3.839748,-14.693260,1.724174
0.623000,0.224766,3.848273,-14.758683,1.729918
0.624000,0.225018,3.856790,-14.824194,1.735691
0.625000,0.225273,3.865300,-14.889793,1.741493
0.626000,0.225531,3.873802,-14.955480,1.747324
0.627000,0.225792,3.882298,-15.021257,1.753184
0.628000,0.226056,3.890787,-15.087121,1.759072
0.629000,0.226323,3.899269,-15.153075,1.764990
0.630000,0.226593,3.907744,-15.219117,1.770936
0.631000,0.226866,3.916212,-15.285249,1.776911
0.632000,0.227142,3.924674,-15.351469,1.782915
0.633000,0.227420,3.933128,-15.417778,1.788948
0.634000,0.227702,3.941576,-15.484177,1.795009
0.635000,0.227986,3.950018,-15.550665,1.801098
0.636000,0.228273,3.958453,-15.617242,1.807217
0.637000,0.228563,3.966882,-15.683908,1.813364
0.638000,0.228855,3.975304,-15.750664,1.819539
0.639000,0.229151,3.983719,-15.817510,1.825743
0.640000,0.229448,3.992129,-15.884445,1.831975
0.641000,0.229749,4.000532,-15.951470,1.838236
0.642000,0.230052,4.008929,-16.018585,1.844525
0.643000,0.230358,4.017319,-16.085789,1.850843
0.644000,0.230666,4.025704,-16.153084,1.857189
0.645000,0.230977,4.034082,-16.220468,1.863563
0.646000,0.231291,4.042454,-16.287943,1.869965
0.647000,0.231607,4.050821,-16.355507,1.876396
0.648000,0.231925,4.059181,-16.423162,1.882855
0.649000,0.232247,4.067536,-16.490908,1.889342
0.650000,0.232570,4.075884,-16.558743,1.895857
0.651000,0.232896,4.084227,-16.626669,1.902401
0.652000,0.233225,4.092564,-16.694686,1.908973
0.653000,0.233555,4.100895,-16.762793,1.915572
0.654000,0.233889,4.109221,-16.830990,1.922200
0.655000,0.234224,4.117541,-16.899279,1.928856
0.656000,0.234562,4.125855,-16.967658,1.935540
0.657000,0.234903,4.134163,-17.036128,1.942252
0.658000,0.235245,4.142467,-17.104689,1.948992
0.659000,0.235590,4.150764,-17.173340,1.955761
0.660000,0.235938,4.159056,-17.242083,1.962557
0.661000,0.236287,4.167343,-17.310917,1.969381
0.662000,0.236639,4.175624,-17.379842,1.976233
0.663000,0.236993,4.183901,-17.448858,1.983113
0.664000,0.237350,4.192171,-17.517965,1.990021
0.665000,0.237708,4.200437,-17.587163,1.996957
0.666000,0.238069,4.208697,-17.656453,2.003921
0.667000,0.238432,4.216952,-17.725835,2.010913
0.668000,0.238797,4.225202,-17.795307,2.017932
0.669000,0.239164,4.233447,-17.864871,2.024980
0.670000,0.239534,4.241686,-17.934527,2.032055
0.671000,0.239905,4.249921,-18.004274,2.039158
0.672000,0.240279,4.258151,-18.074113,2.046289
0.673000,0.240655,4.266375,-18.144044,2.053448
0.674000,0.241033,4.274595,-18.214067,2.060635
0.675000,0.241413,4.282810,-18.284181,2.067850
0.676000,0.241795,4.291020,-18.354387,2.075092
0.677000,0.242179,4.299225,-18.424685,2.082362
0.678000,0.242565,4.307425,-18.495075,2.089660
0.679000,0.242953,4.315621,-18.565557,2.096986
0.680000,0.243343,4.323812,-18.636131,2.104340
0.681000,0.243735,4.331998,-18.706797,2.111721
0.682000,0.244129,4.340179,-18.777555,2.119130
0.683000,0.244525,4.348356,-18.848406,2.126567
0.684000,0.244924,4.356528,-18.919348,2.134032
0.685000,0.245324,4.364695,-18.990383,2.141525
0.686000,0.245725,4.372858,-19.061510,2.149045
0.687000,0.246129,4.381017,-19.132730,2.156593
0.688000,0.246535,4.389171,-19.204042,2.164169
0.689000,0.246943,4.397320,-19.275446,2.171773
0.690000,0.247352,4.405465,-19.346943,2.179404
0.691000,0.247764,4.413606,-19.418532,2.187063
0.692000,0.248177,4.421742,-19.490214,2.194750
0.693000,0.248592,4.429874,-19.561989,2.202465
0.694000,0.249009,4.438002,-19.633856,2.210207
0.695000,0.249428,4.446125,-19.705816,2.217977
0.696000,0.249849,4.454244,-19.777868,2.225775
0.697000,0.250271,4.462359,-19.850014,2.233601
0.698000,0.250696,4.470470,-19.922252,2.241454
0.699000,0.251122,4.478576,-19.994583,2.249336
0.700000,0.251550,4.486678,-20.067007,2.257245
0.701000,0.251979,4.494777,-20.139523,2.265181
0.702000,0.252411,4.502871,-20.212133,2.273146
0.703000,0.252844,4.510961,-20.284836,2.281138
0.704000,0.253279,4.519047,-20.357631,2.289158
0.705000,0.253716,4.527128,-20.430520,2.297206
0.706000,0.254154,4.535206,-20.503502,2.305282
0.707000,0.254594,4.543280,-20.576576,2.313385
0.708000,0.255036,4.551350,-20.649744,2.321517
0.709000,0.255480,4.559416,-20.723005,2.329676
0.710000,0.255925,4.567478,-20.796360,2.337863
0.711000,0.256372,4.575536,-20.869807,2.346078
0.712000,0.256820,4.583591,-20.943348,2.354320
0.713000,0.257271,4.591641,-21.016982,2.362591
0.714000,0.257723,4.599688,-21.090710,2.370889
0.715000,0.258176,4.607731,-21.164530,2.379215
0.716000,0.258632,4.615770,-21.238445,2.387569
0.717000,0.259089,4.623806,-21.312452,2.395951
0.718000,0.259547,4.631837,-21.386553,2.404360
0.719000,0.260007,4.639865,-21.460748,2.412798
0.720000,0.260469,4.647890,-21.535036,2.421263
0.721000,0.260932,4.655911,-21.609417,2.429757
0.722000,0.261397,4.663928,-21.683892,2.438278
0.723000,0.261864,4.671941,-21.758461,2.446827
0.724000,0.262332,4.679951,-21.833123,2.455404
0.725000,0.262802,4.687957,-21.907879,2.464009
0.726000,0.263273,4.695960,-21.982728,2.472642
0.727000,0.263746,4.703959,-22.057672,2.481303
0.728000,0.264221,4.711955,-22.132708,2.489992
0.729000,0.264697,4.719947,-22.207839,2.498708
0.730000,0.265174,4.727936,-22.283064,2.507453
0.731000,0.265653,4.735922,-22.358382,2.516226
0.732000,0.266134,4.743904,-22.433794,2.525027
0.733000,0.266616,4.751882,-22.509299,2.533856
0.734000,0.267100,4.759857,-22.584899,2.542712
0.735000,0.267585,4.767829,-22.660593,2.551597
0.736000,0.268071,4.775798,-22.736380,2.560510
0.737000,0.268560,4.783763,-22.812261,2.569451
0.738000,0.269049,4.791725,-22.888237,2.578420
0.739000,0.269540,4.799683,-22.964306,2.587417
0.740000,0.270033,4.807638,-23.040469,2.596443
0.741000,0.270527,4.815590,-23.116726,2.605496
0.742000,0.271023,4.823539,-23.193078,2.614578
0.743000,0.271520,4.831485,-23.269523,2.623687
0.744000,0.272018,4.839427,-23.346062,2.632825
0.745000,0.272518,4.847366,-23.422696,2.641991
0.746000,0.273020,4.855303,-23.499423,2.651185
0.747000,0.273522,4.863235,-23.576245,2.660407
0.748000,0.274027,4.871165,-23.653161,2.669658
0.749000,0.274532,4.879092,-23.730171,2.678937
0.750000,0.275039,4.887016,-23.807275,2.688244
0.751000,0.275548,4.894936,-23.884473,2.697579
0.752000,0.276058,4.902854,-23.961766,2.706943
0.753000,0.276569,4.910768,-24.039153,2.716334
0.754000,0.277082,4.918680,-24.116634,2.725754
0.755000,0.277596,4.926588,-24.194209,2.735203
0.756000,0.278112,4.934493,-24.271879,2.744680
0.757000,0.278629,4.942396,-24.349643,2.754185
0.758000,0.279147,4.950295,-24.427501,2.763718
0.759000,0.279666,4.958192,-24.505453,2.773280
0.760000,0.280188,4.966086,-24.583500,2.782870
0.761000,0.280710,4.973976,-24.661641,2.792489
0.762000,0.281234,4.981864,-24.739877,2.802136
0.763000,0.281759,4.989749,-24.818207,2.811812
0.764000,0.282285,4.997631,-24.896632,2.821516
0.765000,0.282813,5.005510,-24.975150,2.831248
0.766000,0.283342,5.013387,-25.053764,2.841009
0.767000,0.283873,5.021260,-25.132471,2.850799
0.768000,0.284405,5.029131,-25.211274,2.860617
0.769000,0.284938,5.036999,-25.290170,2.870463
0.770000,0.285472,5.044864,-25.369162,2.880339
0.771000,0.286008,5.052727,-25.448247,2.890242
0.772000,0.286545,5.060586,-25.527427,2.900175
0.773000,0.287084,5.068443,-25.606702,2.910136
0.774000,0.287624,5.076298,-25.686071,2.920125
0.775000,0.288165,5.084149,-25.765535,2.930144
0.776000,0.288707,5.091998,-25.845094,2.940190
0.777000,0.289251,5.099844,-25.924747,2.950266
0.778000,0.289796,5.107688,-26.004494,2.960370
0.779000,0.290342,5.115529,-26.084337,2.970504
0.780000,0.290889,5.123367,-26.164273,2.980665
0.781000,0.291438,5.131203,-26.244305,2.990856
0.782000,0.291988,5.139036,-26.324431,3.001075
0.783000,0.292540,5.146866,-26.404652,3.011324
0.784000,0.293092,5.154694,-26.484967,3.021601
0.785000,0.293646,5.162519,-26.565377,3.031907
0.786000,0.294201,5.170342,-26.645882,3.042241
0.787000,0.294758,5.178162,-26.726481,3.052605
0.788000,0.295315,5.185980,-26.807175,3.062998
0.789000,0.295874,5.193795,-26.887964,3.073419
0.790000,0.296434,5.201608,-26.968848,3.083870
0.791000,0.296996,5.209418,-27.049826,3.094349
0.792000,0.297558,5.217225,-27.130899,3.104857
0.793000,0.298122,5.225030,-27.212067,3.115395
0.794000,0.298687,5.232833,-27.293329,3.125961
0.795000,0.299254,5.240633,-27.374686,3.136557
0.796000,0.299821,5.248431,-27.456138,3.147181
0.797000,0.300390,5.256227,-27.537685,3.157835
0.798000,0.300960,5.264020,-27.619327,3.168518
0.799000,0.301531,5.271810,-27.701063,3.179230
0.800000,0.302104,5.279599,-27.782894,3.189971
0.801000,0.302677,5.287384,-27.864820,3.200741
0.802000,0.303252,5.295168,-27.946841,3.211541
0.803000,0.303828,5.302949,-28.028957,3.222369
0.804000,0.304405,5.310728,-28.111167,3.233227
0.805000,0.304984,5.318504,-28.193472,3.244114
0.806000,0.305563,5.326278,-28.275873,3.255031
0.807000,0.306144,5.334050,-28.358368,3.265977
0.808000,0.306726,5.341820,-28.440957,3.276952
0.809000,0.307309,5.349587,-28.523642,3.287956
0.810000,0.307894,5.357352,-28.606422,3.298990
0.811000,0.308479,5.365115,-28.689296,3.310053
0.812000,0.309066,5.372875,-28.772265,3.321146
0.813000,0.309654,5.380633,-28.855330,3.332268
0.814000,0.310243,5.388389,-28.938489,3.343419
0.815000,0.310833,5.396143,-29.021743,3.354600
0.816000,0.311425,5.403895,-29.105092,3.365811
0.817000,0.312017,5.411644,-29.188535,3.377051
0.818000,0.312611,5.419391,-29.272074,3.388321
0.819000,0.313206,5.427136,-29.355708,3.399620
0.820000,0.313802,5.434879,-29.439436,3.410949
0.821000,0.314399,5.442619,-29.523260,3.422307
0.822000,0.314997,5.450358,-29.607178,3.433695
0.823000,0.315597,5.458094,-29.691191,3.445113
0.824000,0.316197,5.465828,-29.775300,3.456560
0.825000,0.316799,5.473560,-29.859503,3.468037
0.826000,0.317402,5.481290,-29.943801,3.479544
0.827000,0.318006,5.489018,-30.028194,3.491081
0.828000,0.318611,5.496744,-30.112682,3.502647
0.829000,0.319217,5.504468,-30.197265,3.514244
0.830000,0.319825,5.512189,-30.281943,3.525870
0.831000,0.320433,5.519909,-30.366716,3.537526
0.832000,0.321043,5.527626,-30.451584,3.549211
0.833000,0.321654,5.535342,-30.536547,3.560927
0.834000,0.322266,5.543055,-30.621604,3.572673
0.835000,0.322879,5.550766,-30.706757,3.584448
0.836000,0.323493,5.558476,-30.792005,3.596254
0.837000,0.324108,5.566183,-30.877348,3.608089
0.838000,0.324724,5.573888,-30.962785,3.619955
0.839000,0.325342,5.581592,-31.048318,3.631850
0.840000,0.325960,5.589293,-31.133946,3.643776
0.841000,0.326580,5.596992,-31.219668,3.655732
0.842000,0.327201,5.604690,-31.305486,3.667718
0.843000,0.327823,5.612385,-31.391398,3.679734
0.844000,0.328446,5.620079,-31.477406,3.691780
0.845000,0.329070,5.627770,-31.563509,3.703856
0.846000,0.329695,5.635460,-31.649706,3.715963
0.847000,0.330321,5.643147,-31.735999,3.728100
0.848000,0.330948,5.650833,-31.822386,3.740267
0.849000,0.331577,5.658517,-31.908869,3.752464
0.850000,0.332206,5.666199,-31.995446,3.764692
0.851000,0.332837,5.673879,-32.082119,3.776950
0.852000,0.333468,5.681557,-32.168886,3.789238
0.853000,0.334101,5.689233,-32.255749,3.801557
0.854000,0.334735,5.696907,-32.342706,3.813906
0.855000,0.335370,5.704580,-32.429759,3.826286
0.856000,0.336006,5.712251,-32.516906,3.838696
0.857000,0.336643,5.719919,-32.604149,3.851136
0.858000,0.337281,5.727586,-32.691486,3.863608
0.859000,0.337920,5.735251,-32.778919,3.876109
0.860000,0.338560,5.742915,-32.866446,3.888641
0.861000,0.339201,5.750576,-32.954068,3.901204
0.862000,0.339843,5.758236,-33.041786,3.913798
0.863000,0.340487,5.765894,-33.129598,3.926422
0.864000,0.341131,5.773550,-33.217506,3.939076
0.865000,0.341777,5.781204,-33.305508,3.951762
0.866000,0.342423,5.788856,-33.393605,3.964478
0.867000,0.343071,5.796507,-33.481798,3.977225
0.868000,0.343719,5.804156,-33.570085,3.990002
0.869000,0.344369,5.811803,-33.658468,4.002811
0.870000,0.345020,5.819449,-33.746945,4.015650
0.871000,0.345672,5.827092,-33.835517,4.028520
0.872000,0.346324,5.834734,-33.924184,4.041421
0.873000,0.346978,5.842375,-34.012947,4.054353
0.874000,0.347633,5.850013,-34.101804,4.067315
0.875000,0.348289,5.857650,-34.190756,4.080309
0.876000,0.348946,5.865285,-34.279803,4.093334
0.877000,0.349604,5.872918,-34.368945,4.106389
0.878000,0.350263,5.880550,-34.458183,4.119476
0.879000,0.350923,5.888180,-34.547515,4.132594
0.880000,0.351584,5.895808,-34.636942,4.145743
0.881000,0.352246,5.903435,-34.726464,4.158923
0.882000,0.352909,5.911060,-34.816081,4.172134
0.883000,0.353573,5.918683,-34.905792,4.185376
0.884000,0.354238,5.926304,-34.995599,4.198649
0.885000,0.354905,5.933924,-35.085501,4.211954
0.886000,0.355572,5.941543,-35.175498,4.225290
0.887000,0.356240,5.949159,-35.265590,4.238657
0.888000,0.356909,5.956774,-35.355776,4.252055
0.889000,0.357579,5.964388,-35.446058,4.265485
0.890000,0.358251,5.971999,-35.536434,4.278946
0.891000,0.358923,5.979610,-35.626906,4.292438
0.892000,0.359596,5.987218,-35.717472,4.305962
0.893000,0.360270,5.994825,-35.808133,4.319517
0.894000,0.360946,6.002430,-35.898890,4.333104
0.895000,0.361622,6.010034,-35.989741,4.346722
0.896000,0.362299,6.017636,-36.080687,4.360371
0.897000,0.362978,6.025237,-36.171728,4.374052
0.898000,0.363657,6.032836,-36.262864,4.387765
0.899000,0.364337,6.040433,-36.354094,4.401509
0.900000,0.365019,6.048029,-36.445420,4.415285
0.901000,0.365701,6.055624,-36.536841,4.429093
0.902000,0.366384,6.063216,-36.628356,4.442932
0.903000,0.367068,6.070808,-36.719966,4.456803
0.904000,0.367754,6.078397,-36.811672,4.470705
0.905000,0.368440,6.085986,-36.903472,4.484639
0.906000,0.369127,6.093572,-36.995367,4.498605
0.907000,0.369815,6.101157,-37.087357,4.512603
0.908000,0.370505,6.108741,-37.179441,4.526633
0.909000,0.371195,6.116323,-37.271621,4.540694
0.910000,0.371886,6.123904,-37.363895,4.554788
0.911000,0.372578,6.131483,-37.456264,4.568913
0.912000,0.373271,6.139060,-37.548728,4.583070
0.913000,0.373965,6.146636,-37.641287,4.597259
0.914000,0.374661,6.154211,-37.733941,4.611480
0.915000,0.375357,6.161784,-37.826690,4.625733
0.916000,0.376054,6.169356,-37.919533,4.640019
0.917000,0.376752,6.176926,-38.012471,4.654336
0.918000,0.377451,6.184495,-38.105504,4.668685
0.919000,0.378151,6.192062,-38.198632,4.683067
0.920000,0.378852,6.199628,-38.291855,4.697480
0.921000,0.379554,6.207192,-38.385172,4.711926
0.922000,0.380257,6.214755,-38.478585,4.726404
0.923000,0.380961,6.222316,-38.572092,4.740914
0.924000,0.381665,6.229877,-38.665693,4.755456
0.925000,0.382371,6.237435,-38.759390,4.770031
0.926000,0.383078,6.244992,-38.853181,4.784638
0.927000,0.383786,6.252548,-38.947067,4.799277
0.928000,0.384494,6.260103,-39.041048,4.813949
0.929000,0.385204,6.267656,-39.135124,4.828653
0.930000,0.385915,6.275207,-39.229294,4.843389
0.931000,0.386626,6.282757,-39.323559,4.858158
0.932000,0.387339,6.290306,-39.417919,4.872960
0.933000,0.388052,6.297853,-39.512374,4.887794
0.934000,0.388767,6.305399,-39.606923,4.902660
0.935000,0.389482,6.312944,-39.701567,4.917559
0.936000,0.390199,6.320487,-39.796305,4.932491
0.937000,0.390916,6.328029,-39.891139,4.947455
0.938000,0.391634,6.335570,-39.986067,4.962451
0.939000,0.392353,6.343109,-40.081090,4.977481
0.940000,0.393074,6.350647,-40.176207,4.992543
0.941000,0.393795,6.358183,-40.271419,5.007638
0.942000,0.394517,6.365718,-40.366726,5.022766
0.943000,0.395240,6.373252,-40.462127,5.037926
0.944000,0.395964,6.380784,-40.557623,5.053119
0.945000,0.396689,6.388316,-40.653214,5.068345
0.946000,0.397415,6.395845,-40.748899,5.083604
0.947000,0.398141,6.403374,-40.844679,5.098896
0.948000,0.398869,6.410901,-40.940554,5.114220
0.949000,0.399598,6.418427,-41.036523,5.129578
0.950000,0.400327,6.425951,-41.132587,5.144969
0.951000,0.401058,6.433474,-41.228745,5.160392
0.952000,0.401789,6.440996,-41.324998,5.175849
0.953000,0.402522,6.448517,-41.421346,5.191338
0.954000,0.403255,6.456036,-41.517788,5.206861
0.955000,0.403990,6.463554,-41.614325,5.222417
0.956000,0.404725,6.471071,-41.710956,5.238006
0.957000,0.405461,6.478586,-41.807682,5.253628
0.958000,0.406198,6.486100,-41.904502,5.269283
0.959000,0.406936,6.493613,-42.001417,5.284972
0.960000,0.407675,6.501125,-42.098426,5.300694
0.961000,0.408415,6.508635,-42.195530,5.316449
0.962000,0.409156,6.516144,-42.292729,5.332237
0.963000,0.409898,6.523652,-42.390022,5.348059
0.964000,0.410640,6.531159,-42.487409,5.363914
0.965000,0.411384,6.538664,-42.584891,5.379802
0.966000,0.412128,6.546168,-42.682468,5.395724
0.967000,0.412874,6.553671,-42.780139,5.411679
0.968000,0.413620,6.561173,-42.877904,5.427668
0.969000,0.414368,6.568673,-42.975764,5.443690
0.970000,0.415116,6.576172,-43.073718,5.459746
0.971000,0.415865,6.583670,-43.171767,5.475835
0.972000,0.416615,6.591167,-43.269910,5.491958
0.973000,0.417366,6.598662,-43.368148,5.508115
0.974000,0.418118,6.606156,-43.466480,5.524305
0.975000,0.418871,6.613649,-43.564906,5.540529
0.976000,0.419625,6.621141,-43.663427,5.556786
0.977000,0.420379,6.628632,-43.762042,5.573077
0.978000,0.421135,6.636121,-43.860751,5.589402
0.979000,0.421891,6.643610,-43.959555,5.605761
0.980000,0.422649,6.651097,-44.058454,5.622154
0.981000,0.423407,6.658582,-44.157446,5.638580
0.982000,0.424166,6.666067,-44.256533,5.655041
0.983000,0.424926,6.673551,-44.355715,5.671535
0.984000,0.425687,6.681033,-44.454990,5.688063
0.985000,0.426449,6.688514,-44.554360,5.704625
0.986000,0.427212,6.695994,-44.653824,5.721221
0.987000,0.427976,6.703473,-44.753383,5.737851
0.988000,0.428741,6.710950,-44.853036,5.754515
0.989000,0.429506,6.718427,-44.952783,5.771213
0.990000,0.430273,6.725902,-45.052624,5.787945
0.991000,0.431040,6.733376,-45.152560,5.804712
0.992000,0.431808,6.740849,-45.252590,5.821512
0.993000,0.432578,6.748321,-45.352714,5.838347
0.994000,0.433348,6.755792,-45.452932,5.855215
0.995000,0.434119,6.763261,-45.553245,5.872119
0.996000,0.434891,6.770730,-45.653651,5.889056
0.997000,0.435664,6.778197,-45.754152,5.906027
0.998000,0.436437,6.785663,-45.854748,5.923033
0.999000,0.437212,6.793128,-45.955437,5.940074
1.000000,0.437987,6.800592,-46.056220,5.957148
1.001000,0.438764,6.808055,-46.157098,5.974257
1.002000,0.439541,6.815517,-46.258070,5.991401
1.003000,0.440319,6.822977,-46.359136,6.008579
1.004000,0.441099,6.830437,-46.460296,6.025791
1.005000,0.441879,6.837895,-46.561550,6.043038
1.006000,0.442659,6.845352,-46.662899,6.060320
1.007000,0.443441,6.852808,-46.764341,6.077636
1.008000,0.444224,6.860263,-46.865878,6.094986
1.009000,0.445008,6.867717,-46.967508,6.112372
1.010000,0.445792,6.875170,-47.069233,6.129791
1.011000,0.446577,6.882622,-47.171052,6.147246
1.012000,0.447364,6.890072,-47.272964,6.164735
1.013000,0.448151,6.897522,-47.374971,6.182260
1.014000,0.448939,6.904971,-47.477072,6.199818
1.015000,0.449728,6.912418,-47.579267,6.217412
1.016000,0.450518,6.919864,-47.681556,6.235040
1.017000,0.451308,6.927310,-47.783939,6.252704
1.018000,0.452100,6.934754,-47.886416,6.270402
1.019000,0.452892,6.942197,-47.988986,6.288135
1.020000,0.453686,6.949639,-48.091651,6.305903
1.021000,0.454480,6.957080,-48.194410,6.323706
1.022000,0.455275,6.964520,-48.297263,6.341544
1.023000,0.456071,6.971959,-48.400209,6.359417
1.024000,0.456868,6.979397,-48.503250,6.377325
1.025000,0.457666,6.986833,-48.606384,6.395268
1.026000,0.458464,6.994269,-48.709613,6.413247
1.027000,0.459264,7.001704,-48.812935,6.431260
1.028000,0.460064,7.009138,-48.916351,6.449309
1.029000,0.460866,7.016570,-49.019861,6.467393
1.030000,0.461668,7.024002,-49.123465,6.485512
1.031000,0.462471,7.031432,-49.227163,6.503666
1.032000,0.463275,7.038862,-49.330954,6.521855
1.033000,0.464080,7.046290,-49.434839,6.540080
1.034000,0.464885,7.053718,-49.538819,6.558341
1.035000,0.465692,7.061144,-49.642892,6.576636
1.036000,0.466499,7.068570,-49.747058,6.594967
1.037000,0.467308,7.075994,-49.851319,6.613334
1.038000,0.468117,7.083418,-49.955673,6.631735
1.039000,0.468927,7.090840,-50.060121,6.650173
1.040000,0.469738,7.098262,-50.164663,6.668646
1.041000,0.470550,7.105682,-50.269299,6.687154
1.042000,0.471362,7.113101,-50.374028,6.705698
1.043000,0.472176,7.120520,-50.478851,6.724277
1.044000,0.472990,7.127937,-50.583767,6.742893
1.045000,0.473806,7.135354,-50.688778,6.761543
1.046000,0.474622,7.142769,-50.793882,6.780230
1.047000,0.475439,7.150183,-50.899079,6.798952
1.048000,0.476257,7.157597,-51.004371,6.817710
1.049000,0.477076,7.165009,-51.109756,6.836504
1.050000,0.477895,7.172421,-51.215234,6.855333
1.051000,0.478716,7.179831,-51.320806,6.874199
1.052000,0.479537,7.187241,-51.426472,6.893100
1.053000,0.480360,7.194649,-51.532232,6.912037
1.054000,0.481183,7.202057,-51.638085,6.931010
1.055000,0.482007,7.209463,-51.744031,6.950019
1.056000,0.482832,7.216869,-51.850071,6.969064
1.057000,0.483657,7.224274,-51.956205,6.988145
1.058000,0.484484,7.231677,-52.062432,7.007262
1.059000,0.485311,7.239080,-52.168753,7.026415
1.060000,0.486140,7.246482,-52.275167,7.045604
1.061000,0.486969,7.253883,-52.381675,7.064829
1.062000,0.487799,7.261282,-52.488276,7.084090
1.063000,0.488630,7.268681,-52.594970,7.103388
1.064000,0.489461,7.276079,-52.701759,7.122721
1.065000,0.490294,7.283476,-52.808640,7.142091
1.066000,0.491128,7.290872,-52.915615,7.161497
1.067000,0.491962,7.298268,-53.022683,7.180940
1.068000,0.492797,7.305662,-53.129845,7.200419
1.069000,0.493633,7.313055,-53.237100,7.219934
1.070000,0.494470,7.320447,-53.344449,7.239485
1.071000,0.495308,7.327839,-53.451891,7.259073
1.072000,0.496147,7.335229,-53.559426,7.278697
1.073000,0.496986,7.342619,-53.667055,7.298358
1.074000,0.497826,7.350007,-53.774777,7.318055
1.075000,0.498668,7.357395,-53.882592,7.337789
1.076000,0.499510,7.364782,-53.990501,7.357559
1.077000,0.500353,7.372168,-54.098503,7.377366
1.078000,0.501196,7.379553,-54.206598,7.397209
1.079000,0.502041,7.386937,-54.314787,7.417089
1.080000,0.502886,7.394320,-54.423068,7.437006
1.081000,0.503733,7.401702,-54.531443,7.456960
1.082000,0.504580,7.409083,-54.639911,7.476950
1.083000,0.505428,7.416463,-54.748473,7.496976
1.084000,0.506277,7.423843,-54.857128,7.517040
1.085000,0.507127,7.431221,-54.965875,7.537140
1.086000,0.507977,7.438599,-55.074716,7.557278
1.087000,0.508829,7.445976,-55.183651,7.577452
1.088000,0.509681,7.453352,-55.292678,7.597663
1.089000,0.510534,7.460727,-55.401798,7.617911
1.090000,0.511388,7.468101,-55.511012,7.638195
1.091000,0.512243,7.475474,-55.620319,7.658517
1.092000,0.513099,7.482846,-55.729718,7.678876
1.093000,0.513955,7.490218,-55.839211,7.699272
1.094000,0.514813,7.497588,-55.948797,7.719705
1.095000,0.515671,7.504958,-56.058476,7.740175
1.096000,0.516530,7.512327,-56.168248,7.760682
1.097000,0.517390,7.519695,-56.278114,7.781226
1.098000,0.518251,7.527062,-56.388072,7.801807
1.099000,0.519112,7.534428,-56.498123,7.822426
1.100000,0.519975,7.541793,-56.608267,7.843082
1.101000,0.520838,7.549157,-56.718504,7.863775
1.102000,0.521702,7.556521,-56.828834,7.884505
1.103000,0.522567,7.563884,-56.939257,7.905273
1.104000,0.523433,7.571245,-57.049773,7.926078
1.105000,0.524300,7.578606,-57.160382,7.946920
1.106000,0.525167,7.585966,-57.271084,7.967800
1.107000,0.526035,7.593326,-57.381879,7.988717
1.108000,0.526905,7.600684,-57.492767,8.009672
1.109000,0.527775,7.608041,-57.603747,8.030664
1.110000,0.528646,7.615398,-57.714820,8.051693
1.111000,0.529517,7.622754,-57.825987,8.072761
1.112000,0.530390,7.630109,-57.937246,8.093865
1.113000,0.531263,7.637463,-58.048598,8.115008
1.114000,0.532138,7.644816,-58.160042,8.136188
1.115000,0.533013,7.652168,-58.271580,8.157405
1.116000,0.533889,7.659520,-58.383210,8.178661
1.117000,0.534765,7.666871,-58.494933,8.199954
1.118000,0.535643,7.674221,-58.606749,8.221284
1.119000,0.536521,7.681570,-58.718657,8.242653
1.120000,0.537401,7.688918,-58.830659,8.264059
1.121000,0.538281,7.696265,-58.942752,8.285503
1.122000,0.539162,7.703612,-59.054939,8.306985
1.123000,0.540044,7.710957,-59.167218,8.328505
1.124000,0.540926,7.718302,-59.279590,8.350063
1.125000,0.541810,7.725646,-59.392055,8.371659
1.126000,0.542694,7.732990,-59.504612,8.393293
1.127000,0.543579,7.740332,-59.617262,8.414964
1.128000,0.544465,7.747674,-59.730005,8.436674
1.129000,0.545352,7.755014,-59.842840,8.458422
1.130000,0.546239,7.762354,-59.955768,8.480208
1.131000,0.547128,7.769693,-60.068788,8.502032
1.132000,0.548017,7.777032,-60.181901,8.523894
1.133000,0.548907,7.784369,-60.295106,8.545794
1.134000,0.549798,7.791706,-60.408404,8.567733
1.135000,0.550690,7.799042,-60.521794,8.589709
1.136000,0.551583,7.806377,-60.635277,8.611724
1.137000,0.552476,7.813711,-60.748852,8.633778
1.138000,0.553370,7.821045,-60.862520,8.655869
1.139000,0.554266,7.828377,-60.976281,8.677999
1.140000,0.555161,7.835709,-61.090133,8.700167
1.141000,0.556058,7.843040,-61.204078,8.722374
1.142000,0.556956,7.850370,-61.318116,8.744619
1.143000,0.557854,7.857700,-61.432246,8.766903
1.144000,0.558754,7.865029,-61.546468,8.789225
1.145000,0.559654,7.872356,-61.660783,8.811585
1.146000,0.560555,7.879683,-61.775190,8.833984
1.147000,0.561456,7.887010,-61.889690,8.856422
1.148000,0.562359,7.894335,-62.004281,8.878898
1.149000,0.563262,7.901660,-62.118965,8.901413
1.150000,0.564166,7.908984,-62.233742,8.923967
1.151000,0.565071,7.916307,-62.348610,8.946559
1.152000,0.565977,7.923629,-62.463571,8.969190
1.153000,0.566884,7.930951,-62.578624,8.991859
1.154000,0.567792,7.938272,-62.693770,9.014568
1.155000,0.568700,7.945592,-62.809007,9.037315
1.156000,0.569609,7.952911,-62.924337,9.060101
1.157000,0.570519,7.960229,-63.039759,9.082926
1.158000,0.571430,7.967547,-63.155273,9.105790
1.159000,0.572342,7.974864,-63.270880,9.128693
1.160000,0.573254,7.982180,-63.386578,9.151634
1.161000,0.574167,7.989495,-63.502369,9.174615
1.162000,0.575081,7.996810,-63.618251,9.197634
1.163000,0.575996,8.004124,-63.734226,9.220693
1.164000,0.576912,8.011437,-63.850293,9.243791
1.165000,0.577829,8.018749,-63.966452,9.266927
1.166000,0.578746,8.026061,-64.082703,9.290103
1.167000,0.579664,8.033371,-64.199046,9.313318
1.168000,0.580583,8.040681,-64.315481,9.336572
1.169000,0.581503,8.047991,-64.432008,9.359866
1.170000,0.582424,8.055299,-64.548627,9.383198
1.171000,0.583345,8.062607,-64.665339,9.406570
1.172000,0.584268,8.069914,-64.782142,9.429981
1.173000,0.585191,8.077220,-64.899037,9.453432
1.174000,0.586115,8.084526,-65.016024,9.476921
1.175000,0.587040,8.091830,-65.133102,9.500450
1.176000,0.587965,8.099134,-65.250273,9.524019
1.177000,0.588892,8.106438,-65.367536,9.547627
1.178000,0.589819,8.113740,-65.484890,9.571274
1.179000,0.590747,8.121042,-65.602337,9.594961
1.180000,0.591676,8.128343,-65.719875,9.618687
1.181000,0.592605,8.135643,-65.837505,9.642453
1.182000,0.593536,8.142942,-65.955227,9.666259
1.183000,0.594467,8.150241,-66.073041,9.690104
1.184000,0.595399,8.157539,-66.190946,9.713988
1.185000,0.596332,8.164837,-66.308943,9.737913
1.186000,0.597266,8.172133,-66.427032,9.761877
1.187000,0.598201,8.179429,-66.545213,9.785880
1.188000,0.599136,8.186724,-66.663486,9.809924
1.189000,0.600072,8.194018,-66.781850,9.834007
1.190000,0.601009,8.201312,-66.900306,9.858130
1.191000,0.601947,8.208605,-67.018853,9.882293
1.192000,0.602886,8.215897,-67.137492,9.906495
1.193000,0.603825,8.223188,-67.256223,9.930738
1.194000,0.604766,8.230479,-67.375046,9.955020
1.195000,0.605707,8.237769,-67.493960,9.979343
1.196000,0.606649,8.245058,-67.612965,10.003705
1.197000,0.607591,8.252347,-67.732063,10.028107
1.198000,0.608535,8.259635,-67.851251,10.052549
1.199000,0.609479,8.266922,-67.970532,10.077032
1.200000,0.610424,8.274208,-68.089904,10.101554
