Peña-Rodríguez & Rioux calculated dielectric data (0Au/100Ag) prepared by Alexander Al-Feghali al-fegha.li, Blum and Cosa Lab, McGill University
1 2 3 0 0 = columns for wave, Re(n), Im(n), eps1, eps2
wave(um)   Re(n)     Im(n)     eps1      eps2
1	2	3	0	0	=	columns	for	wave,	Re(n),	Im(n),	eps1,	eps2
wave(um)	Re(n)	Im(n)	eps1	eps2
Rioux	calculated	dielectric	data	(95Au/5Ag)
wave(um),Re(n),Im(n),eps1,eps2
0.270000,1.440471,1.806873,-1.189833,5.205494
0.271000,1.445295,1.810758,-1.189968,5.234160
0.272000,1.450119,1.814568,-1.189813,5.262681
0.273000,1.454942,1.818302,-1.189365,5.291049
0.274000,1.459764,1.821959,-1.188623,5.319259
0.275000,1.464583,1.825537,-1.187583,5.347302
0.276000,1.469399,1.829037,-1.186244,5.375171
0.277000,1.474211,1.832458,-1.184605,5.402859
0.278000,1.479018,1.835799,-1.182662,5.430358
0.279000,1.483819,1.839058,-1.180415,5.457660
0.280000,1.488614,1.842236,-1.177863,5.484755
0.281000,1.493401,1.845331,-1.175002,5.511637
0.282000,1.498179,1.848343,-1.171832,5.538297
0.283000,1.502947,1.851271,-1.168352,5.564724
0.284000,1.507705,1.854113,-1.164561,5.590911
0.285000,1.512451,1.856870,-1.160457,5.616848
0.286000,1.517184,1.859539,-1.156040,5.642525
0.287000,1.521902,1.862121,-1.151309,5.667931
0.288000,1.526605,1.864614,-1.146264,5.693058
0.289000,1.531291,1.867018,-1.140905,5.717894
0.290000,1.535958,1.869331,-1.135231,5.742429
0.291000,1.540606,1.871553,-1.129244,5.766652
0.292000,1.545233,1.873683,-1.122943,5.790551
0.293000,1.549836,1.875719,-1.116329,5.814115
0.294000,1.554416,1.877661,-1.109404,5.837332
0.295000,1.558969,1.879509,-1.102169,5.860190
0.296000,1.563494,1.881260,-1.094626,5.882677
0.297000,1.567989,1.882915,-1.086777,5.904779
0.298000,1.572453,1.884471,-1.078626,5.926484
0.299000,1.576882,1.885930,-1.070174,5.947778
0.300000,1.581276,1.887289,-1.061425,5.968648
0.301000,1.585631,1.888547,-1.052385,5.989080
0.302000,1.589947,1.889705,-1.043056,6.009061
0.303000,1.594219,1.890761,-1.033445,6.028575
0.304000,1.598446,1.891715,-1.023556,6.047608
0.305000,1.602625,1.892566,-1.013397,6.066146
0.306000,1.606754,1.893312,-1.002975,6.084173
0.307000,1.610829,1.893955,-0.992296,6.101674
0.308000,1.614848,1.894493,-0.981370,6.118634
0.309000,1.618807,1.894926,-0.970206,6.135038
0.310000,1.622704,1.895253,-0.958814,6.150869
0.311000,1.626535,1.895474,-0.947205,6.166112
0.312000,1.630298,1.895590,-0.935391,6.180752
0.313000,1.633987,1.895600,-0.923384,6.194773
0.314000,1.637601,1.895504,-0.911199,6.208159
0.315000,1.641135,1.895303,-0.898850,6.220895
0.316000,1.644585,1.894997,-0.886353,6.232966
0.317000,1.647947,1.894586,-0.873725,6.244356
0.318000,1.651218,1.894071,-0.860984,6.255051
0.319000,1.654394,1.893454,-0.848150,6.265036
0.320000,1.657469,1.892735,-0.835243,6.274299
0.321000,1.660440,1.891916,-0.822284,6.282825
0.322000,1.663302,1.890998,-0.809297,6.290602
0.323000,1.666052,1.889983,-0.796306,6.297618
0.324000,1.668684,1.888873,-0.783336,6.303863
0.325000,1.671194,1.887671,-0.770414,6.309327
0.326000,1.673577,1.886379,-0.757567,6.314001
0.327000,1.675829,1.885001,-0.744825,6.317878
0.328000,1.677946,1.883539,-0.732217,6.320952
0.329000,1.679922,1.881997,-0.719774,6.323218
0.330000,1.681754,1.880380,-0.707530,6.324674
0.331000,1.683438,1.878691,-0.695515,6.325319
0.332000,1.684969,1.876935,-0.683765,6.325153
0.333000,1.686343,1.875117,-0.672314,6.324180
0.334000,1.687556,1.873244,-0.661197,6.322406
0.335000,1.688605,1.871319,-0.650448,6.319837
0.336000,1.689487,1.869350,-0.640104,6.316483
0.337000,1.690198,1.867343,-0.630199,6.312358
0.338000,1.690736,1.865304,-0.620770,6.307475
0.339000,1.691099,1.863241,-0.611850,6.301852
0.340000,1.691285,1.861161,-0.603474,6.295509
0.341000,1.691293,1.859072,-0.595675,6.288470
0.342000,1.691121,1.856981,-0.588486,6.280758
0.343000,1.690770,1.854896,-0.581936,6.272403
0.344000,1.690239,1.852825,-0.576054,6.263434
0.345000,1.689529,1.850777,-0.570869,6.253883
0.346000,1.688641,1.848760,-0.566404,6.243785
0.347000,1.687578,1.846782,-0.562682,6.233177
0.348000,1.686342,1.844850,-0.559724,6.222098
0.349000,1.684936,1.842974,-0.557546,6.210587
0.350000,1.683363,1.841161,-0.556162,6.198686
0.351000,1.681629,1.839418,-0.555585,6.186436
0.352000,1.679737,1.837753,-0.555822,6.173883
0.353000,1.677693,1.836173,-0.556878,6.161068
0.354000,1.675503,1.834684,-0.558756,6.148036
0.355000,1.673173,1.833292,-0.561452,6.134832
0.356000,1.670711,1.832004,-0.564963,6.121497
0.357000,1.668123,1.830823,-0.569281,6.108075
0.358000,1.665416,1.829755,-0.574394,6.094608
0.359000,1.662599,1.828804,-0.580289,6.081136
0.360000,1.659679,1.827973,-0.586950,6.067699
0.361000,1.656665,1.827265,-0.594357,6.054332
0.362000,1.653565,1.826681,-0.602487,6.041073
0.363000,1.650387,1.826225,-0.611319,6.027955
0.364000,1.647139,1.825895,-0.620826,6.015008
0.365000,1.643830,1.825694,-0.630979,6.002262
0.366000,1.640468,1.825620,-0.641752,5.989744
0.367000,1.637061,1.825673,-0.653112,5.977477
0.368000,1.633617,1.825852,-0.665030,5.965483
0.369000,1.630143,1.826154,-0.677473,5.953782
0.370000,1.626646,1.826577,-0.690407,5.942390
0.371000,1.623134,1.827120,-0.703801,5.931321
0.372000,1.619614,1.827778,-0.717621,5.920589
0.373000,1.616092,1.828548,-0.731834,5.910201
0.374000,1.612573,1.829426,-0.746406,5.900166
0.375000,1.609065,1.830408,-0.761305,5.890490
0.376000,1.605571,1.831490,-0.776498,5.881175
0.377000,1.602097,1.832667,-0.791953,5.872223
0.378000,1.598649,1.833935,-0.807639,5.863634
0.379000,1.595228,1.835287,-0.823526,5.855405
0.380000,1.591841,1.836720,-0.839583,5.847533
0.381000,1.588490,1.838228,-0.855782,5.840013
0.382000,1.585178,1.839805,-0.872094,5.832838
0.383000,1.581908,1.841447,-0.888492,5.826001
0.384000,1.578683,1.843147,-0.904950,5.819492
0.385000,1.575505,1.844901,-0.921443,5.813301
0.386000,1.572375,1.846702,-0.937946,5.807418
0.387000,1.569295,1.848546,-0.954435,5.801830
0.388000,1.566267,1.850427,-0.970889,5.796525
0.389000,1.563290,1.852340,-0.987286,5.791490
0.390000,1.560367,1.854279,-1.003606,5.786710
0.391000,1.557496,1.856239,-1.019828,5.782170
0.392000,1.554679,1.858214,-1.035933,5.777855
0.393000,1.551916,1.860201,-1.051905,5.773749
0.394000,1.549205,1.862193,-1.067725,5.769837
0.395000,1.546547,1.864185,-1.083378,5.766100
0.396000,1.543941,1.866173,-1.098848,5.762522
0.397000,1.541386,1.868152,-1.114121,5.759086
0.398000,1.538881,1.870116,-1.129182,5.755772
0.399000,1.536424,1.872062,-1.144018,5.752565
0.400000,1.534015,1.873985,-1.158617,5.749443
0.401000,1.531652,1.875880,-1.172966,5.746390
0.402000,1.529333,1.877742,-1.187056,5.743385
0.403000,1.527056,1.879567,-1.200874,5.740409
0.404000,1.524819,1.881352,-1.214411,5.737442
0.405000,1.522620,1.883091,-1.227658,5.734465
0.406000,1.520458,1.884780,-1.240606,5.731457
0.407000,1.518328,1.886416,-1.253246,5.728397
0.408000,1.516229,1.887994,-1.265572,5.725264
0.409000,1.514158,1.889511,-1.277575,5.722037
0.410000,1.512113,1.890961,-1.289250,5.718694
0.411000,1.510089,1.892343,-1.300591,5.715213
0.412000,1.508085,1.893651,-1.311592,5.711573
0.413000,1.506097,1.894882,-1.322249,5.707749
0.414000,1.504120,1.896032,-1.332558,5.703720
0.415000,1.502153,1.897097,-1.342514,5.699460
0.416000,1.500190,1.898075,-1.352116,5.694947
0.417000,1.498229,1.898961,-1.361361,5.690156
0.418000,1.496265,1.899751,-1.370248,5.685061
0.419000,1.494293,1.900444,-1.378775,5.679638
0.420000,1.492309,1.901034,-1.386944,5.673861
0.421000,1.490309,1.901519,-1.394754,5.667702
0.422000,1.488287,1.901896,-1.402209,5.661135
0.423000,1.486239,1.902161,-1.409309,5.654133
0.424000,1.484159,1.902311,-1.416060,5.646667
0.425000,1.482042,1.902344,-1.422465,5.638709
0.426000,1.479882,1.902257,-1.428531,5.630229
0.427000,1.477672,1.902046,-1.434265,5.621198
0.428000,1.475406,1.901709,-1.439674,5.611586
0.429000,1.473078,1.901244,-1.444770,5.601362
0.430000,1.470681,1.900648,-1.449562,5.590494
0.431000,1.468207,1.899920,-1.454065,5.578951
0.432000,1.465649,1.899057,-1.458291,5.566701
0.433000,1.462999,1.898058,-1.462258,5.553712
0.434000,1.460248,1.896921,-1.465984,5.539950
0.435000,1.457389,1.895645,-1.469489,5.525384
0.436000,1.454411,1.894230,-1.472795,5.509980
0.437000,1.451307,1.892675,-1.475927,5.493705
0.438000,1.448066,1.890980,-1.478911,5.476527
0.439000,1.444678,1.889146,-1.481778,5.458414
0.440000,1.441133,1.887173,-1.484559,5.439334
0.441000,1.437420,1.885064,-1.487288,5.419256
0.442000,1.433529,1.882819,-1.490004,5.398151
0.443000,1.429447,1.880443,-1.492746,5.375989
0.444000,1.425165,1.877938,-1.495557,5.352743
0.445000,1.420669,1.875309,-1.498483,5.328388
0.446000,1.415949,1.872561,-1.501573,5.302900
0.447000,1.410992,1.869699,-1.504878,5.276260
0.448000,1.405785,1.866731,-1.508452,5.248447
0.449000,1.400319,1.863664,-1.512352,5.219448
0.450000,1.394579,1.860507,-1.516636,5.189250
0.451000,1.388556,1.857270,-1.521366,5.157846
0.452000,1.382236,1.853964,-1.526604,5.125231
0.453000,1.375610,1.850599,-1.532415,5.091406
0.454000,1.368667,1.847191,-1.538865,5.056376
0.455000,1.361396,1.843751,-1.546018,5.020151
0.456000,1.353789,1.840295,-1.553942,4.982745
0.457000,1.345838,1.836840,-1.562702,4.944178
0.458000,1.337534,1.833402,-1.572364,4.904475
0.459000,1.328872,1.829998,-1.582992,4.863667
0.460000,1.319846,1.826647,-1.594647,4.821787
0.461000,1.310452,1.823369,-1.607389,4.778877
0.462000,1.300688,1.820183,-1.621276,4.734980
0.463000,1.290552,1.817108,-1.636359,4.690145
0.464000,1.280044,1.814167,-1.652689,4.644425
0.465000,1.269165,1.811378,-1.670311,4.597875
0.466000,1.257919,1.808764,-1.689266,4.550555
0.467000,1.246309,1.806344,-1.709590,4.502526
0.468000,1.234343,1.804139,-1.731314,4.453852
0.469000,1.222026,1.802169,-1.754465,4.404597
0.470000,1.209369,1.800454,-1.779063,4.354827
0.471000,1.196380,1.799014,-1.805126,4.304609
0.472000,1.183072,1.797866,-1.832665,4.254009
0.473000,1.169456,1.797029,-1.861686,4.203091
0.474000,1.155547,1.796519,-1.892192,4.151922
0.475000,1.141359,1.796352,-1.924182,4.100565
0.476000,1.126908,1.796544,-1.957649,4.049080
0.477000,1.112211,1.797108,-1.992584,3.997529
0.478000,1.097286,1.798058,-2.028975,3.945969
0.479000,1.082151,1.799405,-2.066806,3.894456
0.480000,1.066825,1.801159,-2.106059,3.843043
0.481000,1.051327,1.803331,-2.146712,3.791781
0.482000,1.035678,1.805927,-2.188744,3.740718
0.483000,1.019898,1.808956,-2.232128,3.689900
0.484000,1.004008,1.812421,-2.276840,3.639371
0.485000,0.988029,1.816329,-2.322851,3.589171
0.486000,0.971982,1.820681,-2.370132,3.539338
0.487000,0.955888,1.825480,-2.418655,3.489910
0.488000,0.939769,1.830725,-2.468388,3.440919
0.489000,0.923646,1.836416,-2.519301,3.392397
0.490000,0.907540,1.842550,-2.571362,3.344374
0.491000,0.891470,1.849123,-2.624539,3.296876
0.492000,0.875458,1.856132,-2.678800,3.249930
0.493000,0.859522,1.863570,-2.734113,3.203559
0.494000,0.843683,1.871429,-2.790446,3.157785
0.495000,0.827958,1.879702,-2.847766,3.112628
0.496000,0.812365,1.888380,-2.906040,3.068107
0.497000,0.796921,1.897451,-2.965237,3.024238
0.498000,0.781642,1.906906,-3.025325,2.981036
0.499000,0.766544,1.916731,-3.086270,2.938517
0.500000,0.751640,1.926916,-3.148042,2.896692
0.501000,0.736943,1.937445,-3.210608,2.855573
0.502000,0.722466,1.948305,-3.273937,2.815169
0.503000,0.708220,1.959483,-3.337997,2.775490
0.504000,0.694215,1.970962,-3.402758,2.736542
0.505000,0.680459,1.982729,-3.468189,2.698332
0.506000,0.666961,1.994767,-3.534260,2.660864
0.507000,0.653727,2.007062,-3.600940,2.624142
0.508000,0.640764,2.019598,-3.668199,2.588170
0.509000,0.628075,2.032360,-3.736009,2.552948
0.510000,0.615664,2.045332,-3.804341,2.518476
0.511000,0.603535,2.058500,-3.873166,2.484755
0.512000,0.591690,2.071848,-3.942456,2.451781
0.513000,0.580128,2.085362,-4.012185,2.419553
0.514000,0.568851,2.099027,-4.082325,2.388067
0.515000,0.557857,2.112831,-4.152851,2.357317
0.516000,0.547147,2.126760,-4.223738,2.327299
0.517000,0.536716,2.140800,-4.294961,2.298005
0.518000,0.526564,2.154940,-4.366495,2.269428
0.519000,0.516687,2.169167,-4.438319,2.241561
0.520000,0.507081,2.183470,-4.510410,2.214393
0.521000,0.497743,2.197838,-4.582746,2.187917
0.522000,0.488668,2.212262,-4.655307,2.162121
0.523000,0.479850,2.226731,-4.728073,2.136995
0.524000,0.471287,2.241236,-4.801026,2.112528
0.525000,0.462971,2.255768,-4.874148,2.088709
0.526000,0.454897,2.270320,-4.947421,2.065524
0.527000,0.447061,2.284883,-5.020829,2.042962
0.528000,0.439455,2.299452,-5.094358,2.021011
0.529000,0.432075,2.314018,-5.167993,1.999657
0.530000,0.424914,2.328577,-5.241720,1.978888
0.531000,0.417966,2.343122,-5.315527,1.958690
0.532000,0.411225,2.357649,-5.389401,1.939050
0.533000,0.404686,2.372152,-5.463333,1.919955
0.534000,0.398343,2.386627,-5.537310,1.901392
0.535000,0.392189,2.401070,-5.611325,1.883348
0.536000,0.386220,2.415478,-5.685368,1.865809
0.537000,0.380428,2.429847,-5.759430,1.848763
0.538000,0.374809,2.444174,-5.833505,1.832197
0.539000,0.369357,2.458457,-5.907586,1.816098
0.540000,0.364067,2.472693,-5.981665,1.800454
0.541000,0.358934,2.486880,-6.055739,1.785252
0.542000,0.353952,2.501016,-6.129800,1.770480
0.543000,0.349117,2.515100,-6.203846,1.756127
0.544000,0.344423,2.529130,-6.277870,1.742181
0.545000,0.339866,2.543104,-6.351871,1.728631
0.546000,0.335442,2.557023,-6.425844,1.715465
0.547000,0.331145,2.570884,-6.499787,1.702673
0.548000,0.326973,2.584687,-6.573697,1.690244
0.549000,0.322919,2.598432,-6.647572,1.678168
0.550000,0.318982,2.612118,-6.721410,1.666435
0.551000,0.315155,2.625744,-6.795209,1.655035
0.552000,0.311437,2.639311,-6.868968,1.643959
0.553000,0.307823,2.652818,-6.942686,1.633198
0.554000,0.304310,2.666265,-7.016362,1.622743
0.555000,0.300895,2.679652,-7.089996,1.612585
0.556000,0.297573,2.692979,-7.163587,1.602716
0.557000,0.294343,2.706247,-7.237135,1.593127
0.558000,0.291200,2.719455,-7.310640,1.583812
0.559000,0.288143,2.732605,-7.384102,1.574761
0.560000,0.285168,2.745695,-7.457522,1.565969
0.561000,0.282273,2.758727,-7.530899,1.557427
0.562000,0.279455,2.771701,-7.604234,1.549129
0.563000,0.276711,2.784618,-7.677528,1.541068
0.564000,0.274039,2.797477,-7.750782,1.533238
0.565000,0.271438,2.810280,-7.823996,1.525633
0.566000,0.268904,2.823027,-7.897171,1.518245
0.567000,0.266435,2.835718,-7.970308,1.511071
0.568000,0.264030,2.848354,-8.043409,1.504103
0.569000,0.261686,2.860936,-8.116474,1.497336
0.570000,0.259402,2.873464,-8.189505,1.490766
0.571000,0.257176,2.885939,-8.262502,1.484386
0.572000,0.255005,2.898361,-8.335467,1.478192
0.573000,0.252888,2.910731,-8.408401,1.472180
0.574000,0.250824,2.923049,-8.481305,1.466344
0.575000,0.248811,2.935317,-8.554181,1.460681
0.576000,0.246848,2.947535,-8.627030,1.455185
0.577000,0.244932,2.959704,-8.699854,1.449852
0.578000,0.243063,2.971823,-8.772653,1.444679
0.579000,0.241239,2.983894,-8.845430,1.439662
0.580000,0.239459,2.995918,-8.918185,1.434796
0.581000,0.237721,3.007895,-8.990920,1.430079
0.582000,0.236025,3.019825,-9.063636,1.425506
0.583000,0.234368,3.031710,-9.136335,1.421074
0.584000,0.232751,3.043549,-9.209018,1.416780
0.585000,0.231172,3.055344,-9.281687,1.412620
0.586000,0.229630,3.067095,-9.354343,1.408592
0.587000,0.228123,3.078803,-9.426987,1.404692
0.588000,0.226651,3.090468,-9.499621,1.400918
0.589000,0.225214,3.102091,-9.572246,1.397266
0.590000,0.223809,3.113672,-9.644863,1.393734
0.591000,0.222436,3.125212,-9.717475,1.390319
0.592000,0.221094,3.136712,-9.790081,1.387019
0.593000,0.219783,3.148172,-9.862685,1.383831
0.594000,0.218502,3.159593,-9.935286,1.380753
0.595000,0.217249,3.170975,-10.007886,1.377782
0.596000,0.216024,3.182319,-10.080487,1.374916
0.597000,0.214827,3.193625,-10.153090,1.372153
0.598000,0.213656,3.204894,-10.225697,1.369491
0.599000,0.212511,3.216126,-10.298307,1.366927
0.600000,0.211392,3.227322,-10.370924,1.364460
0.601000,0.210297,3.238483,-10.443547,1.362088
0.602000,0.209226,3.249608,-10.516179,1.359808
0.603000,0.208179,3.260699,-10.588820,1.357619
0.604000,0.207155,3.271756,-10.661471,1.355520
0.605000,0.206153,3.282778,-10.734135,1.353507
0.606000,0.205172,3.293768,-10.806811,1.351581
0.607000,0.204213,3.304725,-10.879502,1.349738
0.608000,0.203275,3.315649,-10.952208,1.347978
0.609000,0.202357,3.326541,-11.024930,1.346299
0.610000,0.201459,3.337402,-11.097670,1.344699
0.611000,0.200580,3.348232,-11.170428,1.343178
0.612000,0.199720,3.359032,-11.243206,1.341732
0.613000,0.198879,3.369801,-11.316005,1.340362
0.614000,0.198055,3.380540,-11.388826,1.339066
0.615000,0.197249,3.391250,-11.461670,1.337842
0.616000,0.196460,3.401931,-11.534537,1.336690
0.617000,0.195689,3.412583,-11.607430,1.335607
0.618000,0.194933,3.423207,-11.680348,1.334594
0.619000,0.194194,3.433803,-11.753293,1.333647
0.620000,0.193470,3.444372,-11.826266,1.332768
0.621000,0.192762,3.454913,-11.899268,1.331954
0.622000,0.192069,3.465428,-11.972299,1.331204
0.623000,0.191391,3.475916,-12.045362,1.330517
0.624000,0.190727,3.486378,-12.118455,1.329892
0.625000,0.190077,3.496814,-12.191582,1.329329
0.626000,0.189441,3.507225,-12.264741,1.328826
0.627000,0.188819,3.517611,-12.337935,1.328383
0.628000,0.188210,3.527972,-12.411164,1.327997
0.629000,0.187614,3.538309,-12.484428,1.327670
0.630000,0.187030,3.548621,-12.557730,1.327398
0.631000,0.186459,3.558909,-12.631069,1.327183
0.632000,0.185901,3.569174,-12.704446,1.327023
0.633000,0.185354,3.579416,-12.777863,1.326917
0.634000,0.184819,3.589635,-12.851320,1.326864
0.635000,0.184295,3.599831,-12.924817,1.326863
0.636000,0.183783,3.610004,-12.998355,1.326915
0.637000,0.183282,3.620156,-13.071936,1.327018
0.638000,0.182791,3.630286,-13.145560,1.327171
0.639000,0.182312,3.640394,-13.219228,1.327373
0.640000,0.181843,3.650480,-13.292940,1.327625
0.641000,0.181383,3.660546,-13.366697,1.327925
0.642000,0.180934,3.670591,-13.440500,1.328273
0.643000,0.180495,3.680615,-13.514349,1.328668
0.644000,0.180066,3.690619,-13.588246,1.329109
0.645000,0.179646,3.700603,-13.662190,1.329596
0.646000,0.179235,3.710567,-13.736183,1.330129
0.647000,0.178834,3.720512,-13.810225,1.330706
0.648000,0.178441,3.730437,-13.884317,1.331327
0.649000,0.178057,3.740343,-13.958459,1.331992
0.650000,0.177682,3.750230,-14.032652,1.332700
0.651000,0.177316,3.760098,-14.106897,1.333450
0.652000,0.176958,3.769948,-14.181194,1.334243
0.653000,0.176608,3.779780,-14.255543,1.335076
0.654000,0.176266,3.789593,-14.329946,1.335951
0.655000,0.175932,3.799389,-14.404403,1.336867
0.656000,0.175606,3.809167,-14.478915,1.337822
0.657000,0.175287,3.818927,-14.553481,1.338818
0.658000,0.174976,3.828671,-14.628103,1.339852
0.659000,0.174673,3.838397,-14.702781,1.340925
0.660000,0.174376,3.848106,-14.777516,1.342037
0.661000,0.174087,3.857799,-14.852308,1.343186
0.662000,0.173805,3.867475,-14.927158,1.344373
0.663000,0.173530,3.877135,-15.002066,1.345597
0.664000,0.173261,3.886779,-15.077033,1.346857
0.665000,0.173000,3.896407,-15.152059,1.348154
0.666000,0.172745,3.906019,-15.227144,1.349487
0.667000,0.172496,3.915615,-15.302290,1.350856
0.668000,0.172254,3.925196,-15.377496,1.352259
0.669000,0.172018,3.934762,-15.452764,1.353698
0.670000,0.171788,3.944313,-15.528093,1.355171
0.671000,0.171564,3.953849,-15.603484,1.356678
0.672000,0.171347,3.963369,-15.678937,1.358220
0.673000,0.171135,3.972876,-15.754454,1.359794
0.674000,0.170929,3.982367,-15.830033,1.361402
0.675000,0.170729,3.991845,-15.905677,1.363043
0.676000,0.170534,4.001308,-15.981384,1.364717
0.677000,0.170345,4.010757,-16.057157,1.366423
0.678000,0.170161,4.020193,-16.132994,1.368161
0.679000,0.169983,4.029614,-16.208897,1.369931
0.680000,0.169810,4.039022,-16.284865,1.371732
0.681000,0.169642,4.048417,-16.360900,1.373564
0.682000,0.169480,4.057798,-16.437001,1.375427
0.683000,0.169322,4.067166,-16.513169,1.377322
0.684000,0.169169,4.076521,-16.589405,1.379246
0.685000,0.169022,4.085863,-16.665708,1.381201
0.686000,0.168879,4.095192,-16.742080,1.383185
0.687000,0.168741,4.104509,-16.818519,1.385200
0.688000,0.168608,4.113813,-16.895028,1.387243
0.689000,0.168479,4.123105,-16.971606,1.389316
0.690000,0.168355,4.132384,-17.048253,1.391418
0.691000,0.168236,4.141651,-17.124970,1.393549
0.692000,0.168121,4.150906,-17.201758,1.395708
0.693000,0.168010,4.160149,-17.278615,1.397896
0.694000,0.167904,4.169381,-17.355544,1.400112
0.695000,0.167802,4.178600,-17.432544,1.402355
0.696000,0.167704,4.187809,-17.509615,1.404627
0.697000,0.167611,4.197005,-17.586758,1.406926
0.698000,0.167521,4.206190,-17.663974,1.409252
0.699000,0.167436,4.215364,-17.741261,1.411606
0.700000,0.167354,4.224527,-17.818622,1.413986
0.701000,0.167277,4.233679,-17.896055,1.416393
0.702000,0.167203,4.242820,-17.973562,1.418827
0.703000,0.167134,4.251950,-18.051142,1.421287
0.704000,0.167068,4.261069,-18.128797,1.423774
0.705000,0.167006,4.270177,-18.206525,1.426286
0.706000,0.166947,4.279276,-18.284328,1.428825
0.707000,0.166892,4.288363,-18.362206,1.431389
0.708000,0.166841,4.297440,-18.440158,1.433979
0.709000,0.166793,4.306507,-18.518186,1.436594
0.710000,0.166749,4.315564,-18.596290,1.439235
0.711000,0.166709,4.324611,-18.674469,1.441901
0.712000,0.166672,4.333648,-18.752724,1.444591
0.713000,0.166638,4.342675,-18.831056,1.447307
0.714000,0.166607,4.351692,-18.909464,1.450047
0.715000,0.166580,4.360699,-18.987950,1.452812
0.716000,0.166556,4.369697,-19.066512,1.455601
0.717000,0.166536,4.378685,-19.145151,1.458415
0.718000,0.166518,4.387664,-19.223868,1.461252
0.719000,0.166504,4.396634,-19.302663,1.464114
0.720000,0.166493,4.405594,-19.381536,1.467000
0.721000,0.166485,4.414545,-19.460488,1.469909
0.722000,0.166480,4.423486,-19.539517,1.472842
0.723000,0.166478,4.432419,-19.618626,1.475799
0.724000,0.166479,4.441343,-19.697813,1.478779
0.725000,0.166483,4.450258,-19.777080,1.481782
0.726000,0.166490,4.459164,-19.856426,1.484808
0.727000,0.166499,4.468061,-19.935851,1.487858
0.728000,0.166512,4.476950,-20.015357,1.490930
0.729000,0.166527,4.485830,-20.094942,1.494026
0.730000,0.166545,4.494702,-20.174608,1.497144
0.731000,0.166566,4.503565,-20.254354,1.500284
0.732000,0.166590,4.512420,-20.334180,1.503447
0.733000,0.166616,4.521266,-20.414088,1.506633
0.734000,0.166645,4.530105,-20.494077,1.509841
0.735000,0.166677,4.538935,-20.574146,1.513071
0.736000,0.166711,4.547757,-20.654298,1.516324
0.737000,0.166748,4.556571,-20.734531,1.519598
0.738000,0.166787,4.565377,-20.814845,1.522894
0.739000,0.166829,4.574175,-20.895242,1.526213
0.740000,0.166874,4.582965,-20.975721,1.529553
0.741000,0.166921,4.591747,-21.056282,1.532914
0.742000,0.166970,4.600522,-21.136926,1.536298
0.743000,0.167022,4.609289,-21.217652,1.539702
0.744000,0.167076,4.618049,-21.298462,1.543129
0.745000,0.167132,4.626801,-21.379354,1.546576
0.746000,0.167191,4.635546,-21.460330,1.550045
0.747000,0.167252,4.644283,-21.541389,1.553535
0.748000,0.167316,4.653013,-21.622532,1.557046
0.749000,0.167382,4.661735,-21.703758,1.560579
0.750000,0.167450,4.670450,-21.785068,1.564132
0.751000,0.167520,4.679159,-21.866463,1.567706
0.752000,0.167593,4.687860,-21.947941,1.571301
0.753000,0.167667,4.696554,-22.029504,1.574917
0.754000,0.167744,4.705241,-22.111152,1.578553
0.755000,0.167823,4.713921,-22.192884,1.582210
0.756000,0.167904,4.722594,-22.274701,1.585887
0.757000,0.167988,4.731260,-22.356603,1.589585
0.758000,0.168073,4.739920,-22.438591,1.593304
0.759000,0.168160,4.748573,-22.520663,1.597043
0.760000,0.168250,4.757219,-22.602821,1.600802
0.761000,0.168341,4.765858,-22.685065,1.604581
0.762000,0.168435,4.774491,-22.767394,1.608381
0.763000,0.168530,4.783117,-22.849809,1.612200
0.764000,0.168628,4.791737,-22.932310,1.616040
0.765000,0.168727,4.800351,-23.014898,1.619900
0.766000,0.168829,4.808958,-23.097571,1.623779
0.767000,0.168932,4.817558,-23.180331,1.627679
0.768000,0.169037,4.826153,-23.263178,1.631598
0.769000,0.169144,4.834741,-23.346111,1.635537
0.770000,0.169253,4.843323,-23.429131,1.639496
0.771000,0.169364,4.851899,-23.512239,1.643475
0.772000,0.169477,4.860469,-23.595433,1.647473
0.773000,0.169591,4.869032,-23.678714,1.651491
0.774000,0.169708,4.877590,-23.762083,1.655528
0.775000,0.169826,4.886142,-23.845539,1.659585
0.776000,0.169946,4.894687,-23.929083,1.663661
0.777000,0.170067,4.903227,-24.012714,1.667756
0.778000,0.170191,4.911761,-24.096433,1.671871
0.779000,0.170316,4.920289,-24.180241,1.676006
0.780000,0.170443,4.928812,-24.264136,1.680159
0.781000,0.170571,4.937329,-24.348119,1.684332
0.782000,0.170701,4.945840,-24.432191,1.688524
0.783000,0.170833,4.954345,-24.516351,1.692735
0.784000,0.170967,4.962845,-24.600600,1.696965
0.785000,0.171102,4.971339,-24.684937,1.701214
0.786000,0.171239,4.979828,-24.769363,1.705482
0.787000,0.171378,4.988311,-24.853878,1.709769
0.788000,0.171518,4.996789,-24.938482,1.714075
0.789000,0.171659,5.005261,-25.023175,1.718400
0.790000,0.171803,5.013728,-25.107957,1.722744
0.791000,0.171948,5.022190,-25.192828,1.727107
0.792000,0.172094,5.030647,-25.277789,1.731488
0.793000,0.172242,5.039098,-25.362839,1.735889
0.794000,0.172392,5.047544,-25.447978,1.740308
0.795000,0.172543,5.055984,-25.533208,1.744745
0.796000,0.172695,5.064420,-25.618527,1.749201
0.797000,0.172849,5.072851,-25.703936,1.753676
0.798000,0.173005,5.081276,-25.789435,1.758170
0.799000,0.173162,5.089696,-25.875024,1.762682
0.800000,0.173320,5.098112,-25.960703,1.767213
0.801000,0.173480,5.106522,-26.046473,1.771762
0.802000,0.173642,5.114928,-26.132333,1.776329
0.803000,0.173805,5.123328,-26.218283,1.780915
0.804000,0.173969,5.131724,-26.304324,1.785520
0.805000,0.174135,5.140115,-26.390455,1.790143
0.806000,0.174302,5.148501,-26.476678,1.794784
0.807000,0.174470,5.156882,-26.562991,1.799444
0.808000,0.174640,5.165258,-26.649395,1.804121
0.809000,0.174811,5.173630,-26.735889,1.808818
0.810000,0.174984,5.181997,-26.822475,1.813532
0.811000,0.175158,5.190360,-26.909152,1.818265
0.812000,0.175333,5.198717,-26.995921,1.823016
0.813000,0.175510,5.207071,-27.082780,1.827785
0.814000,0.175688,5.215419,-27.169731,1.832572
0.815000,0.175867,5.223763,-27.256774,1.837377
0.816000,0.176048,5.232103,-27.343908,1.842201
0.817000,0.176230,5.240438,-27.431134,1.847042
0.818000,0.176413,5.248769,-27.518451,1.851902
0.819000,0.176598,5.257095,-27.605860,1.856780
0.820000,0.176783,5.265417,-27.693362,1.861676
0.821000,0.176970,5.273734,-27.780955,1.866590
0.822000,0.177159,5.282047,-27.868640,1.871521
0.823000,0.177348,5.290356,-27.956417,1.876471
0.824000,0.177539,5.298661,-28.044287,1.881439
0.825000,0.177731,5.306961,-28.132248,1.886425
0.826000,0.177924,5.315257,-28.220302,1.891428
0.827000,0.178119,5.323549,-28.308449,1.896450
0.828000,0.178315,5.331837,-28.396688,1.901489
0.829000,0.178512,5.340120,-28.485019,1.906547
0.830000,0.178710,5.348400,-28.573443,1.911622
0.831000,0.178909,5.356675,-28.661960,1.916715
0.832000,0.179110,5.364946,-28.750569,1.921826
0.833000,0.179311,5.373214,-28.839272,1.926955
0.834000,0.179514,5.381477,-28.928067,1.932101
0.835000,0.179718,5.389736,-29.016955,1.937265
0.836000,0.179923,5.397991,-29.105937,1.942448
0.837000,0.180129,5.406242,-29.195011,1.947647
0.838000,0.180337,5.414490,-29.284178,1.952865
0.839000,0.180546,5.422733,-29.373439,1.958100
0.840000,0.180755,5.430973,-29.462793,1.963353
0.841000,0.180966,5.439209,-29.552241,1.968624
0.842000,0.181178,5.447440,-29.641781,1.973912
0.843000,0.181391,5.455668,-29.731416,1.979218
0.844000,0.181605,5.463893,-29.821144,1.984542
0.845000,0.181820,5.472113,-29.910965,1.989884
0.846000,0.182037,5.480330,-30.000880,1.995243
0.847000,0.182254,5.488543,-30.090889,2.000619
0.848000,0.182473,5.496752,-30.180992,2.006014
0.849000,0.182692,5.504958,-30.271188,2.011426
0.850000,0.182913,5.513160,-30.361479,2.016855
0.851000,0.183134,5.521359,-30.451863,2.022302
0.852000,0.183357,5.529553,-30.542341,2.027767
0.853000,0.183581,5.537745,-30.632914,2.033249
0.854000,0.183806,5.545932,-30.723580,2.038749
0.855000,0.184032,5.554116,-30.814341,2.044267
0.856000,0.184259,5.562297,-30.905196,2.049802
0.857000,0.184486,5.570474,-30.996145,2.055354
0.858000,0.184715,5.578648,-31.087189,2.060925
0.859000,0.184945,5.586818,-31.178327,2.066512
0.860000,0.185176,5.594984,-31.269559,2.072117
0.861000,0.185408,5.603148,-31.360887,2.077740
0.862000,0.185641,5.611307,-31.452308,2.083380
0.863000,0.185875,5.619464,-31.543824,2.089038
0.864000,0.186110,5.627617,-31.635435,2.094713
0.865000,0.186346,5.635767,-31.727141,2.100406
0.866000,0.186583,5.643913,-31.818941,2.106116
0.867000,0.186821,5.652056,-31.910836,2.111843
0.868000,0.187060,5.660196,-32.002826,2.117589
0.869000,0.187299,5.668332,-32.094911,2.123351
0.870000,0.187540,5.676466,-32.187091,2.129131
0.871000,0.187782,5.684596,-32.279366,2.134929
0.872000,0.188025,5.692723,-32.371736,2.140744
0.873000,0.188268,5.700846,-32.464201,2.146576
0.874000,0.188513,5.708967,-32.556762,2.152426
0.875000,0.188758,5.717084,-32.649417,2.158293
0.876000,0.189005,5.725198,-32.742168,2.164178
0.877000,0.189252,5.733309,-32.835014,2.170080
0.878000,0.189500,5.741417,-32.927955,2.176000
0.879000,0.189749,5.749521,-33.020992,2.181937
0.880000,0.190000,5.757623,-33.114124,2.187891
0.881000,0.190251,5.765722,-33.207352,2.193863
0.882000,0.190502,5.773817,-33.300675,2.199852
0.883000,0.190755,5.781910,-33.394094,2.205859
0.884000,0.191009,5.789999,-33.487609,2.211883
0.885000,0.191264,5.798086,-33.581219,2.217925
0.886000,0.191519,5.806169,-33.674924,2.223984
0.887000,0.191775,5.814250,-33.768726,2.230060
0.888000,0.192033,5.822328,-33.862623,2.236154
0.889000,0.192291,5.830402,-33.956616,2.242265
0.890000,0.192550,5.838474,-34.050705,2.248394
0.891000,0.192810,5.846543,-34.144890,2.254540
0.892000,0.193070,5.854609,-34.239170,2.260703
0.893000,0.193332,5.862672,-34.333547,2.266884
0.894000,0.193594,5.870732,-34.428020,2.273082
0.895000,0.193858,5.878790,-34.522589,2.279298
0.896000,0.194122,5.886844,-34.617254,2.285531
0.897000,0.194387,5.894896,-34.712015,2.291781
0.898000,0.194653,5.902945,-34.806872,2.298049
0.899000,0.194919,5.910991,-34.901825,2.304334
0.900000,0.195187,5.919035,-34.996875,2.310637
0.901000,0.195455,5.927075,-35.092021,2.316957
0.902000,0.195725,5.935113,-35.187263,2.323295
0.903000,0.195995,5.943149,-35.282601,2.329649
0.904000,0.196265,5.951181,-35.378036,2.336022
0.905000,0.196537,5.959211,-35.473568,2.342411
0.906000,0.196810,5.967238,-35.569196,2.348818
0.907000,0.197083,5.975262,-35.664920,2.355243
0.908000,0.197357,5.983284,-35.760741,2.361685
0.909000,0.197632,5.991303,-35.856658,2.368144
0.910000,0.197908,5.999320,-35.952672,2.374621
0.911000,0.198184,6.007334,-36.048783,2.381115
0.912000,0.198461,6.015345,-36.144990,2.387627
0.913000,0.198739,6.023354,-36.241295,2.394156
0.914000,0.199018,6.031360,-36.337695,2.400702
0.915000,0.199298,6.039364,-36.434193,2.407266
0.916000,0.199578,6.047365,-36.530787,2.413847
0.917000,0.199860,6.055363,-36.627478,2.420446
0.918000,0.200142,6.063359,-36.724267,2.427062
0.919000,0.200425,6.071353,-36.821152,2.433696
0.920000,0.200708,6.079343,-36.918133,2.440347
0.921000,0.200992,6.087332,-37.015212,2.447016
0.922000,0.201278,6.095318,-37.112388,2.453702
0.923000,0.201563,6.103301,-37.209661,2.460405
0.924000,0.201850,6.111283,-37.307031,2.467126
0.925000,0.202137,6.119261,-37.404498,2.473864
0.926000,0.202426,6.127237,-37.502062,2.480620
0.927000,0.202715,6.135211,-37.599723,2.487393
0.928000,0.203004,6.143183,-37.697482,2.494184
0.929000,0.203295,6.151152,-37.795337,2.500992
0.930000,0.203586,6.159118,-37.893290,2.507818
0.931000,0.203878,6.167082,-37.991340,2.514661
0.932000,0.204170,6.175044,-38.089488,2.521522
0.933000,0.204464,6.183004,-38.187732,2.528400
0.934000,0.204758,6.190961,-38.286074,2.535296
0.935000,0.205053,6.198916,-38.384514,2.542209
0.936000,0.205348,6.206869,-38.483051,2.549140
0.937000,0.205645,6.214819,-38.581685,2.556088
0.938000,0.205942,6.222767,-38.680416,2.563054
0.939000,0.206239,6.230713,-38.779246,2.570037
0.940000,0.206538,6.238656,-38.878172,2.577038
0.941000,0.206837,6.246597,-38.977196,2.584056
0.942000,0.207137,6.254536,-39.076318,2.591092
0.943000,0.207438,6.262473,-39.175537,2.598145
0.944000,0.207739,6.270407,-39.274854,2.605216
0.945000,0.208041,6.278340,-39.374269,2.612305
0.946000,0.208344,6.286270,-39.473781,2.619411
0.947000,0.208647,6.294198,-39.573391,2.626534
0.948000,0.208951,6.302123,-39.673099,2.633676
0.949000,0.209256,6.310047,-39.772904,2.640834
0.950000,0.209562,6.317968,-39.872807,2.648011
0.951000,0.209868,6.325888,-39.972808,2.655205
0.952000,0.210175,6.333805,-40.072907,2.662416
0.953000,0.210483,6.341720,-40.173103,2.669645
0.954000,0.210791,6.349632,-40.273398,2.676892
0.955000,0.211100,6.357543,-40.373790,2.684157
0.956000,0.211410,6.365452,-40.474280,2.691439
0.957000,0.211720,6.373358,-40.574868,2.698738
0.958000,0.212031,6.381263,-40.675554,2.706056
0.959000,0.212343,6.389165,-40.776338,2.713391
0.960000,0.212656,6.397065,-40.877220,2.720743
0.961000,0.212969,6.404963,-40.978200,2.728114
0.962000,0.213283,6.412860,-41.079278,2.735501
0.963000,0.213597,6.420754,-41.180454,2.742907
0.964000,0.213912,6.428646,-41.281728,2.750330
0.965000,0.214228,6.436536,-41.383101,2.757771
0.966000,0.214544,6.444424,-41.484571,2.765230
0.967000,0.214862,6.452310,-41.586140,2.772706
0.968000,0.215179,6.460194,-41.687806,2.780201
0.969000,0.215498,6.468076,-41.789571,2.787712
0.970000,0.215817,6.475956,-41.891434,2.795242
0.971000,0.216137,6.483835,-41.993396,2.802789
0.972000,0.216457,6.491711,-42.095455,2.810354
0.973000,0.216778,6.499585,-42.197613,2.817937
0.974000,0.217100,6.507457,-42.299869,2.825538
0.975000,0.217422,6.515328,-42.402223,2.833156
0.976000,0.217745,6.523196,-42.504676,2.840792
0.977000,0.218069,6.531063,-42.607227,2.848446
0.978000,0.218393,6.538927,-42.709877,2.856117
0.979000,0.218718,6.546790,-42.812624,2.863807
0.980000,0.219044,6.554651,-42.915471,2.871514
0.981000,0.219370,6.562510,-43.018415,2.879239
0.982000,0.219697,6.570367,-43.121458,2.886982
0.983000,0.220025,6.578222,-43.224600,2.894743
0.984000,0.220353,6.586076,-43.327840,2.902521
0.985000,0.220682,6.593927,-43.431179,2.910318
0.986000,0.221011,6.601777,-43.534616,2.918132
0.987000,0.221341,6.609625,-43.638151,2.925964
0.988000,0.221672,6.617471,-43.741785,2.933814
0.989000,0.222003,6.625315,-43.845518,2.941682
0.990000,0.222335,6.633158,-43.949349,2.949568
0.991000,0.222668,6.640998,-44.053279,2.957472
0.992000,0.223001,6.648837,-44.157308,2.965393
0.993000,0.223335,6.656674,-44.261435,2.973333
0.994000,0.223669,6.664510,-44.365660,2.981290
0.995000,0.224004,6.672343,-44.469985,2.989266
0.996000,0.224340,6.680175,-44.574408,2.997259
0.997000,0.224676,6.688005,-44.678930,3.005270
0.998000,0.225013,6.695833,-44.783550,3.013300
0.999000,0.225351,6.703660,-44.888270,3.021347
1.000000,0.225689,6.711484,-44.993088,3.029412
1.001000,0.226027,6.719307,-45.098004,3.037496
1.002000,0.226367,6.727129,-45.203020,3.045597
1.003000,0.226707,6.734948,-45.308134,3.053716
1.004000,0.227047,6.742766,-45.413348,3.061853
1.005000,0.227388,6.750583,-45.518660,3.070009
1.006000,0.227730,6.758397,-45.624070,3.078182
1.007000,0.228073,6.766210,-45.729580,3.086374
1.008000,0.228416,6.774021,-45.835189,3.094583
1.009000,0.228759,6.781831,-45.940896,3.102811
1.010000,0.229103,6.789639,-46.046703,3.111056
1.011000,0.229448,6.797445,-46.152608,3.119320
1.012000,0.229793,6.805249,-46.258612,3.127602
1.013000,0.230139,6.813052,-46.364715,3.135902
1.014000,0.230486,6.820853,-46.470918,3.144220
1.015000,0.230833,6.828653,-46.577219,3.152556
1.016000,0.231181,6.836451,-46.683619,3.160911
1.017000,0.231529,6.844247,-46.790118,3.169283
1.018000,0.231878,6.852042,-46.896716,3.177674
1.019000,0.232227,6.859835,-47.003413,3.186083
1.020000,0.232577,6.867627,-47.110210,3.194510
1.021000,0.232928,6.875417,-47.217105,3.202955
1.022000,0.233279,6.883206,-47.324099,3.211419
1.023000,0.233631,6.890992,-47.431193,3.219900
1.024000,0.233984,6.898778,-47.538385,3.228400
1.025000,0.234336,6.906561,-47.645677,3.236919
1.026000,0.234690,6.914344,-47.753068,3.245455
1.027000,0.235044,6.922124,-47.860558,3.254010
1.028000,0.235399,6.929903,-47.968147,3.262583
1.029000,0.235754,6.937681,-48.075835,3.271174
1.030000,0.236110,6.945457,-48.183622,3.279783
1.031000,0.236466,6.953231,-48.291509,3.288411
1.032000,0.236823,6.961004,-48.399495,3.297057
1.033000,0.237181,6.968776,-48.507580,3.305722
1.034000,0.237539,6.976546,-48.615764,3.314405
1.035000,0.237898,6.984314,-48.724048,3.323106
1.036000,0.238257,6.992081,-48.832430,3.331825
1.037000,0.238617,6.999846,-48.940912,3.340563
1.038000,0.238977,7.007610,-49.049494,3.349320
1.039000,0.239338,7.015373,-49.158174,3.358094
1.040000,0.239700,7.023134,-49.266954,3.366887
1.041000,0.240062,7.030893,-49.375833,3.375699
1.042000,0.240425,7.038652,-49.484812,3.384529
1.043000,0.240788,7.046408,-49.593889,3.393377
1.044000,0.241151,7.054163,-49.703066,3.402244
1.045000,0.241516,7.061917,-49.812343,3.411129
1.046000,0.241881,7.069669,-49.921719,3.420033
1.047000,0.242246,7.077420,-50.031194,3.428955
1.048000,0.242612,7.085170,-50.140769,3.437896
1.049000,0.242979,7.092918,-50.250443,3.446855
1.050000,0.243346,7.100664,-50.360216,3.455833
1.051000,0.243713,7.108409,-50.470089,3.464829
1.052000,0.244082,7.116153,-50.580061,3.473844
1.053000,0.244450,7.123896,-50.690133,3.482877
1.054000,0.244820,7.131637,-50.800304,3.491929
1.055000,0.245189,7.139376,-50.910575,3.501000
1.056000,0.245560,7.147114,-51.020945,3.510089
1.057000,0.245931,7.154851,-51.131414,3.519197
1.058000,0.246302,7.162587,-51.241983,3.528323
1.059000,0.246674,7.170321,-51.352652,3.537468
1.060000,0.247047,7.178053,-51.463420,3.546631
1.061000,0.247420,7.185785,-51.574287,3.555814
1.062000,0.247794,7.193515,-51.685254,3.565014
1.063000,0.248168,7.201244,-51.796321,3.574234
1.064000,0.248543,7.208971,-51.907487,3.583472
1.065000,0.248918,7.216697,-52.018753,3.592729
1.066000,0.249294,7.224421,-52.130118,3.602005
1.067000,0.249670,7.232145,-52.241583,3.611299
1.068000,0.250047,7.239867,-52.353147,3.620612
1.069000,0.250424,7.247587,-52.464811,3.629944
1.070000,0.250802,7.255307,-52.576575,3.639295
1.071000,0.251181,7.263025,-52.688438,3.648664
1.072000,0.251560,7.270742,-52.800401,3.658052
1.073000,0.251939,7.278457,-52.912463,3.667459
1.074000,0.252319,7.286171,-53.024626,3.676885
1.075000,0.252700,7.293884,-53.136887,3.686329
1.076000,0.253081,7.301596,-53.249249,3.695793
1.077000,0.253463,7.309306,-53.361710,3.705275
1.078000,0.253845,7.317015,-53.474270,3.714776
1.079000,0.254228,7.324723,-53.586931,3.724296
1.080000,0.254611,7.332429,-53.699691,3.733835
1.081000,0.254995,7.340134,-53.812551,3.743393
1.082000,0.255379,7.347838,-53.925510,3.752969
1.083000,0.255764,7.355541,-54.038569,3.762565
1.084000,0.256149,7.363243,-54.151728,3.772179
1.085000,0.256535,7.370943,-54.264987,3.781813
1.086000,0.256922,7.378642,-54.378345,3.791465
1.087000,0.257309,7.386339,-54.491803,3.801136
1.088000,0.257696,7.394036,-54.605361,3.810826
1.089000,0.258084,7.401731,-54.719018,3.820536
1.090000,0.258472,7.409425,-54.832776,3.830264
1.091000,0.258861,7.417118,-54.946633,3.840011
1.092000,0.259251,7.424810,-55.060589,3.849778
1.093000,0.259641,7.432500,-55.174646,3.859563
1.094000,0.260032,7.440189,-55.288802,3.869368
1.095000,0.260423,7.447877,-55.403059,3.879191
1.096000,0.260814,7.455564,-55.517415,3.889034
1.097000,0.261206,7.463250,-55.631871,3.898895
1.098000,0.261599,7.470934,-55.746426,3.908776
1.099000,0.261992,7.478618,-55.861082,3.918676
1.100000,0.262386,7.486300,-55.975837,3.928595
1.101000,0.262780,7.493981,-56.090692,3.938533
1.102000,0.263174,7.501660,-56.205647,3.948490
1.103000,0.263570,7.509339,-56.320702,3.958467
1.104000,0.263965,7.517016,-56.435856,3.968463
1.105000,0.264361,7.524693,-56.551111,3.978477
1.106000,0.264758,7.532368,-56.666465,3.988512
1.107000,0.265155,7.540042,-56.781920,3.998565
1.108000,0.265553,7.547714,-56.897474,4.008637
1.109000,0.265951,7.555386,-57.013128,4.018729
1.110000,0.266350,7.563057,-57.128882,4.028840
1.111000,0.266749,7.570726,-57.244736,4.038971
1.112000,0.267149,7.578394,-57.360689,4.049120
1.113000,0.267549,7.586061,-57.476743,4.059289
1.114000,0.267950,7.593727,-57.592896,4.069477
1.115000,0.268351,7.601392,-57.709150,4.079685
1.116000,0.268753,7.609056,-57.825503,4.089912
1.117000,0.269155,7.616719,-57.941957,4.100158
1.118000,0.269558,7.624380,-58.058510,4.110424
1.119000,0.269961,7.632040,-58.175163,4.120709
1.120000,0.270365,7.639700,-58.291916,4.131013
1.121000,0.270769,7.647358,-58.408769,4.141337
1.122000,0.271174,7.655015,-58.525723,4.151680
1.123000,0.271579,7.662671,-58.642776,4.162043
1.124000,0.271985,7.670326,-58.759929,4.172425
1.125000,0.272391,7.677980,-58.877182,4.182826
1.126000,0.272798,7.685633,-58.994535,4.193247
1.127000,0.273205,7.693285,-59.111988,4.203688
1.128000,0.273613,7.700935,-59.229541,4.214148
1.129000,0.274021,7.708585,-59.347194,4.224627
1.130000,0.274430,7.716233,-59.464946,4.235126
1.131000,0.274839,7.723881,-59.582799,4.245645
1.132000,0.275249,7.731527,-59.700752,4.256183
1.133000,0.275659,7.739173,-59.818805,4.266741
1.134000,0.276069,7.746817,-59.936958,4.277318
1.135000,0.276481,7.754460,-60.055211,4.287915
1.136000,0.276892,7.762102,-60.173565,4.298531
1.137000,0.277304,7.769744,-60.292018,4.309167
1.138000,0.277717,7.777384,-60.410571,4.319823
1.139000,0.278130,7.785023,-60.529224,4.330499
1.140000,0.278544,7.792661,-60.647977,4.341194
1.141000,0.278958,7.800298,-60.766831,4.351908
1.142000,0.279372,7.807934,-60.885784,4.362643
1.143000,0.279787,7.815569,-61.004837,4.373397
1.144000,0.280203,7.823203,-61.123991,4.384171
1.145000,0.280619,7.830836,-61.243244,4.394964
1.146000,0.281036,7.838468,-61.362598,4.405777
1.147000,0.281453,7.846099,-61.482052,4.416610
1.148000,0.281870,7.853729,-61.601605,4.427463
1.149000,0.282288,7.861358,-61.721259,4.438336
1.150000,0.282707,7.868986,-61.841013,4.449228
1.151000,0.283126,7.876613,-61.960867,4.460140
1.152000,0.283545,7.884239,-62.080821,4.471073
1.153000,0.283965,7.891864,-62.200876,4.482024
1.154000,0.284385,7.899488,-62.321030,4.492996
1.155000,0.284806,7.907111,-62.441285,4.503988
1.156000,0.285228,7.914733,-62.561639,4.514999
1.157000,0.285649,7.922354,-62.682094,4.526031
1.158000,0.286072,7.929974,-62.802649,4.537082
1.159000,0.286494,7.937593,-62.923304,4.548153
1.160000,0.286918,7.945211,-63.044059,4.559244
1.161000,0.287341,7.952828,-63.164914,4.570355
1.162000,0.287766,7.960445,-63.285869,4.581486
1.163000,0.288190,7.968060,-63.406925,4.592637
1.164000,0.288616,7.975674,-63.528080,4.603808
1.165000,0.289041,7.983288,-63.649336,4.614999
1.166000,0.289467,7.990900,-63.770692,4.626210
1.167000,0.289894,7.998512,-63.892148,4.637441
1.168000,0.290321,8.006122,-64.013704,4.648692
1.169000,0.290749,8.013732,-64.135361,4.659964
1.170000,0.291177,8.021340,-64.257117,4.671255
1.171000,0.291605,8.028948,-64.378974,4.682566
1.172000,0.292034,8.036555,-64.500931,4.693898
1.173000,0.292464,8.044161,-64.622988,4.705249
1.174000,0.292894,8.051766,-64.745145,4.716621
1.175000,0.293324,8.059370,-64.867402,4.728013
1.176000,0.293755,8.066973,-64.989760,4.739425
1.177000,0.294186,8.074575,-65.112218,4.750857
1.178000,0.294618,8.082176,-65.234775,4.762309
1.179000,0.295050,8.089777,-65.357434,4.773782
1.180000,0.295483,8.097376,-65.480192,4.785274
1.181000,0.295916,8.104975,-65.603050,4.796787
1.182000,0.296350,8.112572,-65.726009,4.808321
1.183000,0.296784,8.120169,-65.849068,4.819874
1.184000,0.297219,8.127765,-65.972227,4.831448
1.185000,0.297654,8.135360,-66.095486,4.843042
1.186000,0.298089,8.142954,-66.218846,4.854656
1.187000,0.298525,8.150547,-66.342305,4.866291
1.188000,0.298962,8.158140,-66.465865,4.877946
1.189000,0.299399,8.165731,-66.589525,4.889621
1.190000,0.299836,8.173322,-66.713286,4.901317
1.191000,0.300274,8.180911,-66.837146,4.913033
1.192000,0.300713,8.188500,-66.961107,4.924769
1.193000,0.301151,8.196088,-67.085168,4.936526
1.194000,0.301591,8.203675,-67.209329,4.948303
1.195000,0.302030,8.211261,-67.333590,4.960101
1.196000,0.302471,8.218847,-67.457952,4.971919
1.197000,0.302911,8.226431,-67.582414,4.983758
1.198000,0.303352,8.234015,-67.706976,4.995617
1.199000,0.303794,8.241597,-67.831638,5.007496
1.200000,0.304236,8.249179,-67.956401,5.019396
