m = 1.33 + 0.01i 
1 0 0 2 3 = columns for wave, Re(n), Im(n), eps1, eps2
   LAMBDA     Re(N)     Im(N)
4.14938	0.780808	0.0274573
4.14955	0.779638	0.0275419
4.14972	0.778464	0.0276268
4.14989	0.777287	0.0277122
4.15007	0.776106	0.0277979
4.15024	0.774922	0.0278841
4.15041	0.773734	0.0279707
4.15058	0.772542	0.0280576
4.15076	0.771346	0.028145
4.15093	0.770147	0.0282327
4.1511	0.768944	0.0283209
4.15127	0.767737	0.0284095
4.15144	0.766527	0.0284985
4.15162	0.765312	0.028588
4.15179	0.764094	0.0286778
4.15196	0.762872	0.0287681
4.15213	0.761647	0.0288588
4.15231	0.760417	0.0289499
4.15248	0.759184	0.0290415
4.15265	0.757946	0.0291335
4.15282	0.756705	0.0292259
4.153	0.75546	0.0293188
4.15317	0.754211	0.0294121
4.15334	0.752957	0.0295059
4.15351	0.7517	0.0296001
4.15369	0.750439	0.0296948
4.15386	0.749174	0.0297899
4.15403	0.747905	0.0298855
4.1542	0.746632	0.0299815
4.15438	0.745354	0.030078
4.15455	0.744073	0.030175
4.15472	0.742787	0.0302724
4.15489	0.741497	0.0303703
4.15507	0.740204	0.0304687
4.15524	0.738906	0.0305676
4.15541	0.737603	0.0306669
4.15559	0.736297	0.0307667
4.15576	0.734986	0.0308671
4.15593	0.733671	0.0309679
4.1561	0.732352	0.0310692
4.15628	0.731028	0.031171
4.15645	0.7297	0.0312733
4.15662	0.728368	0.0313761
4.15679	0.727032	0.0314794
4.15697	0.725691	0.0315832
4.15714	0.724345	0.0316876
4.15731	0.722995	0.0317924
4.15749	0.721641	0.0318978
4.15766	0.720282	0.0320037
4.15783	0.718919	0.0321101
4.158	0.717551	0.0322171
4.15818	0.716179	0.0323246
4.15835	0.714802	0.0324326
4.15852	0.71342	0.0325412
4.1587	0.712034	0.0326503
4.15887	0.710644	0.03276
4.15904	0.709248	0.0328703
4.15921	0.707848	0.032981
4.15939	0.706443	0.0330924
4.15956	0.705034	0.0332043
4.15973	0.703619	0.0333168
4.15991	0.7022	0.0334298
4.16008	0.700777	0.0335434
4.16025	0.699348	0.0336576
4.16043	0.697914	0.0337724
4.1606	0.696476	0.0338878
4.16077	0.695033	0.0340038
4.16095	0.693584	0.0341204
4.16112	0.692131	0.0342375
4.16129	0.690673	0.0343553
4.16146	0.68921	0.0344737
4.16164	0.687742	0.0345927
4.16181	0.686268	0.0347123
4.16198	0.68479	0.0348325
4.16216	0.683306	0.0349533
4.16233	0.681818	0.0350748
4.1625	0.680324	0.0351969
4.16268	0.678825	0.0353197
4.16285	0.677321	0.0354431
4.16302	0.675812	0.0355672
4.1632	0.674297	0.0356918
4.16337	0.672777	0.0358172
4.16354	0.671252	0.0359432
4.16372	0.669721	0.0360699
4.16389	0.668185	0.0361973
4.16406	0.666644	0.0363253
4.16424	0.665097	0.036454
4.16441	0.663545	0.0365834
4.16458	0.661987	0.0367135
4.16476	0.660424	0.0368442
4.16493	0.658855	0.0369757
4.1651	0.65728	0.0371079
4.16528	0.6557	0.0372408
4.16545	0.654114	0.0373744
4.16563	0.652523	0.0375087
4.1658	0.650926	0.0376438
4.16597	0.649323	0.0377796
4.16615	0.647715	0.0379161
4.16632	0.6461	0.0380533
4.16649	0.64448	0.0381913
4.16667	0.642854	0.0383301
4.16684	0.641222	0.0384696
4.16701	0.639584	0.0386099
4.16719	0.63794	0.0387509
4.16736	0.63629	0.0388927
4.16753	0.634634	0.0390353
4.16771	0.632973	0.0391787
4.16788	0.631305	0.0393229
4.16806	0.629631	0.0394678
4.16823	0.62795	0.0396136
4.1684	0.626264	0.0397602
4.16858	0.624571	0.0399076
4.16875	0.622872	0.0400558
4.16892	0.621167	0.0402048
4.1691	0.619455	0.0403547
4.16927	0.617738	0.0405054
4.16945	0.616013	0.040657
4.16962	0.614283	0.0408094
4.16979	0.612545	0.0409627
4.16997	0.610802	0.0411168
4.17014	0.609051	0.0412718
4.17032	0.607295	0.0414277
4.17049	0.605531	0.0415844
4.17066	0.603761	0.0417421
4.17084	0.601984	0.0419007
4.17101	0.600201	0.0420601
4.17119	0.598411	0.0422205
4.17136	0.596614	0.0423818
4.17153	0.59481	0.042544
4.17171	0.592999	0.0427071
4.17188	0.591181	0.0428712
4.17206	0.589357	0.0430362
4.17223	0.587525	0.0432022
4.1724	0.585686	0.0433692
4.17258	0.58384	0.0435371
4.17275	0.581988	0.043706
4.17293	0.580127	0.0438759
4.1731	0.57826	0.0440467
4.17327	0.576386	0.0442186
4.17345	0.574504	0.0443915
4.17362	0.572615	0.0445654
4.1738	0.570718	0.0447403
4.17397	0.568814	0.0449162
4.17415	0.566903	0.0450932
4.17432	0.564984	0.0452712
4.17449	0.563058	0.0454503
4.17467	0.561123	0.0456305
4.17484	0.559182	0.0458117
4.17502	0.557232	0.045994
4.17519	0.555275	0.0461774
4.17537	0.55331	0.0463619
4.17554	0.551338	0.0465475
4.17571	0.549357	0.0467342
4.17589	0.547369	0.046922
4.17606	0.545372	0.047111
4.17624	0.543368	0.0473011
4.17641	0.541355	0.0474924
4.17659	0.539335	0.0476848
4.17676	0.537306	0.0478784
4.17693	0.535269	0.0480732
4.17711	0.533224	0.0482691
4.17728	0.53117	0.0484663
4.17746	0.529108	0.0486647
4.17763	0.527038	0.0488643
4.17781	0.524959	0.0490651
4.17798	0.522872	0.0492672
4.17816	0.520776	0.0494705
4.17833	0.518672	0.0496751
4.17851	0.516559	0.0498809
4.17868	0.514437	0.0500881
4.17885	0.512306	0.0502965
4.17903	0.510167	0.0505062
4.1792	0.508018	0.0507173
4.17938	0.505861	0.0509296
4.17955	0.503695	0.0511433
4.17973	0.501519	0.0513584
4.1799	0.499335	0.0515748
4.18008	0.497141	0.0517925
4.18025	0.494939	0.0520117
4.18043	0.492726	0.0522322
4.1806	0.490505	0.0524542
4.18078	0.488274	0.0526775
4.18095	0.486034	0.0529023
4.18113	0.483784	0.0531286
4.1813	0.481525	0.0533563
4.18148	0.479255	0.0535854
4.18165	0.476977	0.053816
4.18183	0.474688	0.0540482
4.182	0.47239	0.0542818
4.18218	0.470082	0.0545169
4.18235	0.467763	0.0547536
4.18253	0.465435	0.0549918
4.1827	0.463097	0.0552316
4.18288	0.460748	0.055473
4.18305	0.45839	0.0557159
4.18323	0.456021	0.0559604
4.1834	0.453641	0.0562065
4.18358	0.451252	0.0564543
4.18375	0.448851	0.0567037
4.18393	0.446441	0.0569548
4.1841	0.444019	0.0572075
4.18428	0.441587	0.0574619
4.18445	0.439144	0.057718
4.18463	0.436691	0.0579758
4.1848	0.434226	0.0582354
4.18498	0.43175	0.0584967
4.18515	0.429264	0.0587598
4.18533	0.426766	0.0590246
4.1855	0.424257	0.0592912
4.18568	0.421737	0.0595597
4.18585	0.419205	0.0598299
4.18603	0.416662	0.060102
4.1862	0.414107	0.060376
4.18638	0.411541	0.0606518
4.18655	0.408963	0.0609296
4.18673	0.406374	0.0612092
4.1869	0.403772	0.0614908
4.18708	0.401159	0.0617743
4.18725	0.398534	0.0620598
4.18743	0.395896	0.0623473
4.1876	0.393247	0.0626367
4.18778	0.390585	0.0629282
4.18796	0.387911	0.0632217
4.18813	0.385224	0.0635173
4.18831	0.382525	0.063815
4.18848	0.379814	0.0641147
4.18866	0.37709	0.0644166
4.18883	0.374353	0.0647206
4.18901	0.371603	0.0650267
4.18918	0.36884	0.065335
4.18936	0.366064	0.0656455
4.18953	0.363275	0.0659583
4.18971	0.360473	0.0662733
4.18989	0.357657	0.0665905
4.19006	0.354829	0.06691
4.19024	0.351986	0.0672318
4.19041	0.34913	0.067556
4.19059	0.34626	0.0678825
4.19076	0.343377	0.0682113
4.19094	0.34048	0.0685426
4.19111	0.337568	0.0688762
4.19129	0.334643	0.0692123
4.19147	0.331703	0.0695509
4.19164	0.328749	0.069892
4.19182	0.325781	0.0702355
4.19199	0.322798	0.0705817
4.19217	0.3198	0.0709303
4.19234	0.316788	0.0712816
4.19252	0.313761	0.0716354
4.1927	0.310719	0.071992
4.19287	0.307662	0.0723511
4.19305	0.30459	0.072713
4.19322	0.301502	0.0730776
4.1934	0.298399	0.0734449
4.19358	0.295281	0.073815
4.19375	0.292147	0.0741879
4.19393	0.288997	0.0745636
4.1941	0.285832	0.0749422
4.19428	0.28265	0.0753237
4.19445	0.279453	0.0757081
4.19463	0.276239	0.0760954
4.19481	0.273008	0.0764858
4.19498	0.269762	0.0768791
4.19516	0.266498	0.0772754
4.19533	0.263218	0.0776749
4.19551	0.259922	0.0780774
4.19569	0.256608	0.0784831
4.19586	0.253277	0.0788919
4.19604	0.249929	0.0793039
4.19622	0.246563	0.0797192
4.19639	0.24318	0.0801377
4.19657	0.239779	0.0805595
4.19674	0.236361	0.0809847
4.19692	0.232924	0.0814132
4.1971	0.22947	0.0818452
4.19727	0.225997	0.0822806
4.19745	0.222506	0.0827194
4.19762	0.218997	0.0831618
4.1978	0.215468	0.0836077
4.19798	0.211921	0.0840573
4.19815	0.208356	0.0845104
4.19833	0.204771	0.0849672
4.19851	0.201166	0.0854278
4.19868	0.197543	0.085892
4.19886	0.1939	0.0863601
4.19903	0.190237	0.086832
4.19921	0.186554	0.0873078
4.19939	0.182851	0.0877875
4.19956	0.179128	0.0882711
4.19974	0.175385	0.0887588
4.19992	0.171621	0.0892505
4.20009	0.167836	0.0897462
4.20027	0.164031	0.0902462
4.20045	0.160204	0.0907503
4.20062	0.156356	0.0912586
4.2008	0.152487	0.0917712
4.20097	0.148596	0.0922882
4.20115	0.144684	0.0928095
4.20133	0.14075	0.0933352
4.2015	0.136793	0.0938654
4.20168	0.132814	0.0944001
4.20186	0.128813	0.0949394
4.20203	0.124789	0.0954834
4.20221	0.120742	0.096032
4.20239	0.116672	0.0965853
4.20256	0.112579	0.0971435
4.20274	0.108462	0.0977065
4.20292	0.104322	0.0982743
4.20309	0.100158	0.0988472
4.20327	0.0959696	0.099425
4.20345	0.0917571	0.100008
4.20362	0.08752	0.100596
4.2038	0.0832583	0.101189
4.20398	0.0789716	0.101788
4.20415	0.0746598	0.102392
4.20433	0.0703226	0.103001
4.20451	0.0659598	0.103615
4.20468	0.0615712	0.104236
4.20486	0.0571566	0.104861
4.20504	0.0527157	0.105493
4.20521	0.0482483	0.10613
4.20539	0.0437542	0.106773
4.20557	0.0392331	0.107421
4.20575	0.0346847	0.108076
4.20592	0.0301089	0.108737
4.2061	0.0255054	0.109403
4.20628	0.0208739	0.110076
4.20645	0.0162142	0.110755
4.20663	0.0115259	0.111441
4.20681	0.006809	0.112132
4.20698	0.00206305	0.11283
4.20716	-0.00271218	0.113535
4.20734	-0.00751695	0.114246
4.20751	-0.0123515	0.114964
4.20769	-0.0172162	0.115689
4.20787	-0.0221113	0.116421
4.20805	-0.027037	0.117159
4.20822	-0.0319936	0.117905
4.2084	-0.0369815	0.118658
4.20858	-0.0420009	0.119418
4.20875	-0.0470522	0.120185
4.20893	-0.0521355	0.12096
4.20911	-0.0572513	0.121742
4.20929	-0.0623999	0.122532
4.20946	-0.0675815	0.123329
4.20964	-0.0727965	0.124134
4.20982	-0.0780451	0.124947
4.20999	-0.0833278	0.125769
4.21017	-0.0886449	0.126598
4.21035	-0.0939966	0.127435
4.21053	-0.0993834	0.128281
4.2107	-0.104806	0.129135
4.21088	-0.110263	0.129998
4.21106	-0.115757	0.13087
4.21124	-0.121288	0.13175
4.21141	-0.126855	0.132639
4.21159	-0.132459	0.133537
4.21177	-0.138101	0.134444
4.21195	-0.14378	0.135361
4.21212	-0.149498	0.136287
4.2123	-0.155255	0.137222
4.21248	-0.161051	0.138167
4.21265	-0.166886	0.139122
4.21283	-0.172761	0.140087
4.21301	-0.178676	0.141061
4.21319	-0.184632	0.142046
4.21336	-0.190629	0.143041
4.21354	-0.196667	0.144047
4.21372	-0.202748	0.145064
4.2139	-0.20887	0.146091
4.21408	-0.215036	0.147129
4.21425	-0.221245	0.148178
4.21443	-0.227498	0.149238
4.21461	-0.233794	0.15031
4.21479	-0.240136	0.151393
4.21496	-0.246522	0.152488
4.21514	-0.252954	0.153595
4.21532	-0.259433	0.154714
4.2155	-0.265957	0.155846
4.21567	-0.272529	0.156989
4.21585	-0.279149	0.158146
4.21603	-0.285816	0.159315
4.21621	-0.292532	0.160497
4.21638	-0.299298	0.161692
4.21656	-0.306113	0.1629
4.21674	-0.312978	0.164123
4.21692	-0.319894	0.165359
4.2171	-0.326861	0.166608
4.21727	-0.33388	0.167872
4.21745	-0.340952	0.169151
4.21763	-0.348077	0.170444
4.21781	-0.355255	0.171752
4.21799	-0.362488	0.173075
4.21816	-0.369776	0.174413
4.21834	-0.377119	0.175767
4.21852	-0.384518	0.177137
4.2187	-0.391974	0.178522
4.21888	-0.399487	0.179924
4.21905	-0.407059	0.181343
4.21923	-0.414689	0.182778
4.21941	-0.422379	0.18423
4.21959	-0.430129	0.1857
4.21977	-0.43794	0.187187
4.21994	-0.445812	0.188692
4.22012	-0.453746	0.190216
4.2203	-0.461744	0.191758
4.22048	-0.469805	0.193318
4.22066	-0.477931	0.194898
4.22083	-0.486122	0.196497
4.22101	-0.494379	0.198115
4.22119	-0.502703	0.199754
4.22137	-0.511094	0.201413
4.22155	-0.519555	0.203093
4.22172	-0.528084	0.204793
4.2219	-0.536683	0.206516
4.22208	-0.545354	0.20826
4.22226	-0.554096	0.210026
4.22244	-0.562911	0.211814
4.22262	-0.5718	0.213625
4.22279	-0.580764	0.21546
4.22297	-0.589803	0.217318
4.22315	-0.598918	0.2192
4.22333	-0.608111	0.221107
4.22351	-0.617382	0.223039
4.22369	-0.626733	0.224996
4.22386	-0.636164	0.226979
4.22404	-0.645677	0.228988
4.22422	-0.655272	0.231023
4.2244	-0.66495	0.233086
4.22458	-0.674714	0.235177
4.22476	-0.684563	0.237295
4.22494	-0.694499	0.239443
4.22511	-0.704523	0.241619
4.22529	-0.714636	0.243825
4.22547	-0.724839	0.246062
4.22565	-0.735134	0.248329
4.22583	-0.745522	0.250628
4.22601	-0.756004	0.252958
4.22619	-0.766581	0.255321
4.22636	-0.777254	0.257717
4.22654	-0.788026	0.260147
4.22672	-0.798897	0.262611
4.2269	-0.809868	0.265111
4.22708	-0.820941	0.267645
4.22726	-0.832118	0.270217
4.22744	-0.843399	0.272825
4.22761	-0.854787	0.275471
4.22779	-0.866282	0.278156
4.22797	-0.877887	0.28088
4.22815	-0.889602	0.283644
4.22833	-0.90143	0.286449
4.22851	-0.913371	0.289295
4.22869	-0.925429	0.292184
4.22887	-0.937603	0.295117
4.22905	-0.949897	0.298093
4.22922	-0.962311	0.301114
4.2294	-0.974847	0.304181
4.22958	-0.987508	0.307296
4.22976	-1.00029	0.310458
4.22994	-1.01321	0.313668
4.23012	-1.02625	0.316929
4.2303	-1.03943	0.32024
4.23048	-1.05274	0.323604
4.23066	-1.06619	0.32702
4.23083	-1.07977	0.330491
4.23101	-1.09349	0.334016
4.23119	-1.10736	0.337598
4.23137	-1.12137	0.341238
4.23155	-1.13552	0.344937
4.23173	-1.14983	0.348695
4.23191	-1.16428	0.352515
4.23209	-1.17889	0.356398
4.23227	-1.19365	0.360345
4.23245	-1.20858	0.364358
4.23263	-1.22366	0.368437
4.2328	-1.2389	0.372585
4.23298	-1.25432	0.376803
4.23316	-1.2699	0.381093
4.23334	-1.28565	0.385456
4.23352	-1.30157	0.389893
4.2337	-1.31768	0.394408
4.23388	-1.33396	0.399
4.23406	-1.35042	0.403673
4.23424	-1.36707	0.408428
4.23442	-1.38391	0.413267
4.2346	-1.40094	0.418191
4.23478	-1.41817	0.423204
4.23496	-1.43559	0.428307
4.23513	-1.45322	0.433502
4.23531	-1.47105	0.438791
4.23549	-1.48909	0.444177
4.23567	-1.50734	0.449662
4.23585	-1.52581	0.455248
4.23603	-1.5445	0.460939
4.23621	-1.56341	0.466736
4.23639	-1.58255	0.472642
4.23657	-1.60192	0.47866
4.23675	-1.62152	0.484793
4.23693	-1.64137	0.491044
4.23711	-1.66146	0.497415
4.23729	-1.6818	0.50391
4.23747	-1.70239	0.510532
4.23765	-1.72324	0.517284
4.23783	-1.74435	0.524171
4.23801	-1.76573	0.531194
4.23819	-1.78738	0.538358
4.23837	-1.8093	0.545667
4.23855	-1.83151	0.553124
4.23872	-1.85401	0.560734
4.2389	-1.8768	0.5685
4.23908	-1.89989	0.576428
4.23926	-1.92328	0.58452
4.23944	-1.94699	0.592783
4.23962	-1.97101	0.601221
4.2398	-1.99535	0.609838
4.23998	-2.02002	0.61864
4.24016	-2.04502	0.627631
4.24034	-2.07037	0.636818
4.24052	-2.09606	0.646207
4.2407	-2.12211	0.655802
4.24088	-2.14853	0.66561
4.24106	-2.17531	0.675637
4.24124	-2.20247	0.68589
4.24142	-2.23001	0.696376
4.2416	-2.25795	0.707101
4.24178	-2.28628	0.718073
4.24196	-2.31503	0.729299
4.24214	-2.34419	0.740787
4.24232	-2.37378	0.752545
4.2425	-2.40381	0.764582
4.24268	-2.43428	0.776906
4.24286	-2.4652	0.789527
4.24304	-2.49658	0.802454
4.24322	-2.52844	0.815697
4.2434	-2.56079	0.829265
4.24358	-2.59362	0.84317
4.24376	-2.62696	0.857423
4.24394	-2.66082	0.872035
4.24412	-2.6952	0.887018
4.2443	-2.73012	0.902385
4.24448	-2.76559	0.918149
4.24466	-2.80163	0.934323
4.24484	-2.83824	0.950921
4.24502	-2.87543	0.967958
4.2452	-2.91323	0.98545
4.24538	-2.95164	1.00341
4.24556	-2.99069	1.02186
4.24574	-3.03037	1.04081
4.24592	-3.07071	1.06029
4.2461	-3.11173	1.08031
4.24628	-3.15343	1.10089
4.24646	-3.19584	1.12205
4.24665	-3.23897	1.14382
4.24683	-3.28284	1.16621
4.24701	-3.32746	1.18926
4.24719	-3.37285	1.21298
4.24737	-3.41904	1.2374
4.24755	-3.46603	1.26255
4.24773	-3.51386	1.28846
4.24791	-3.56253	1.31516
4.24809	-3.61206	1.34268
4.24827	-3.66249	1.37105
4.24845	-3.71383	1.4003
4.24863	-3.7661	1.43048
4.24881	-3.81932	1.46162
4.24899	-3.87351	1.49377
4.24917	-3.92871	1.52695
4.24935	-3.98493	1.56123
4.24953	-4.04219	1.59664
4.24971	-4.10053	1.63323
4.24989	-4.15996	1.67106
4.25007	-4.22051	1.71019
4.25026	-4.28221	1.75065
4.25044	-4.34508	1.79253
4.25062	-4.40915	1.83588
4.2508	-4.47445	1.88077
4.25098	-4.54101	1.92727
4.25116	-4.60885	1.97545
4.25134	-4.67799	2.0254
4.25152	-4.74847	2.0772
4.2517	-4.82032	2.13093
4.25188	-4.89356	2.1867
4.25206	-4.96822	2.24459
4.25224	-5.04433	2.30472
4.25242	-5.12191	2.36719
4.2526	-5.20098	2.43213
4.25279	-5.28158	2.49965
4.25297	-5.36373	2.56989
4.25315	-5.44745	2.64299
4.25333	-5.53275	2.71909
4.25351	-5.61966	2.79836
4.25369	-5.70819	2.88097
4.25387	-5.79836	2.96707
4.25405	-5.89017	3.05688
4.25423	-5.98362	3.15058
4.25441	-6.07872	3.24839
4.25459	-6.17547	3.35054
4.25478	-6.27383	3.45725
4.25496	-6.37381	3.5688
4.25514	-6.47536	3.68544
4.25532	-6.57845	3.80747
4.2555	-6.68302	3.93519
4.25568	-6.78901	4.06892
4.25586	-6.89634	4.20901
4.25604	-7.0049	4.35582
4.25622	-7.11459	4.50973
4.25641	-7.22526	4.67116
4.25659	-7.33675	4.84055
4.25677	-7.44884	5.01833
4.25695	-7.56132	5.20501
4.25713	-7.67392	5.40109
4.25731	-7.78631	5.6071
4.25749	-7.89815	5.8236
4.25767	-8.00901	6.05118
4.25786	-8.11841	6.29046
4.25804	-8.22581	6.54205
4.25822	-8.33057	6.80663
4.2584	-8.43198	7.08486
4.25858	-8.52923	7.37742
4.25876	-8.6214	7.685
4.25894	-8.70743	8.00829
4.25913	-8.78616	8.34796
4.25931	-8.85625	8.70466
4.25949	-8.91623	9.07898
4.25967	-8.96443	9.47147
4.25985	-8.99903	9.88259
4.26003	-9.01799	10.3127
4.26021	-9.01907	10.7619
4.2604	-8.99983	11.2303
4.26058	-8.95761	11.7177
4.26076	-8.88956	12.2235
4.26094	-8.79265	12.7469
4.26112	-8.66366	13.2867
4.2613	-8.49928	13.8411
4.26148	-8.29613	14.408
4.26167	-8.05081	14.9846
4.26185	-7.76004	15.5674
4.26203	-7.42074	16.1523
4.26221	-7.03019	16.7346
4.26239	-6.58613	17.3086
4.26257	-6.08698	17.8684
4.26276	-5.53199	18.407
4.26294	-4.92138	18.9172
4.26312	-4.25652	19.3916
4.2633	-3.54007	19.8226
4.26348	-2.77597	20.2026
4.26367	-1.96955	20.5247
4.26385	-1.12742	20.7825
4.26403	-0.257342	20.971
4.26421	0.631978	21.0861
4.26439	1.53115	21.1253
4.26457	2.43044	21.0879
4.26476	3.3201	20.9746
4.26494	4.19074	20.7878
4.26512	5.03362	20.5315
4.2653	5.84095	20.2108
4.26548	6.6061	19.8321
4.26567	7.32373	19.4023
4.26585	7.98983	18.9288
4.26603	8.60173	18.4193
4.26621	9.15804	17.8813
4.26639	9.65849	17.322
4.26658	10.1038	16.7482
4.26676	10.4956	16.166
4.26694	10.8361	15.5811
4.26712	11.128	14.9982
4.2673	11.3743	14.4215
4.26749	11.5784	13.8543
4.26767	11.7437	13.2995
4.26785	11.8734	12.7594
4.26803	11.9711	12.2356
4.26821	12.0398	11.7294
4.2684	12.0825	11.2416
4.26858	12.1023	10.7727
4.26876	12.1017	10.323
4.26894	12.0831	9.89246
4.26913	12.0488	9.4809
4.26931	12.0009	9.08797
4.26949	11.9412	8.71323
4.26967	11.8713	8.35613
4.26985	11.7928	8.01607
4.27004	11.7069	7.6924
4.27022	11.6149	7.38446
4.2704	11.5177	7.09155
4.27058	11.4164	6.813
4.27077	11.3117	6.54811
4.27095	11.2044	6.29621
4.27113	11.095	6.05666
4.27131	10.9842	5.82881
4.2715	10.8724	5.61205
4.27168	10.76	5.4058
4.27186	10.6474	5.2095
4.27204	10.5349	5.02261
4.27223	10.4228	4.84462
4.27241	10.3113	4.67504
4.27259	10.2006	4.51343
4.27277	10.0909	4.35934
4.27296	9.9823	4.21237
4.27314	9.87494	4.07213
4.27332	9.76892	3.93825
4.2735	9.66431	3.8104
4.27369	9.56119	3.68824
4.27387	9.4596	3.57148
4.27405	9.35959	3.45981
4.27423	9.26118	3.35299
4.27442	9.1644	3.25074
4.2746	9.06926	3.15283
4.27478	8.97577	3.05903
4.27497	8.88392	2.96914
4.27515	8.79372	2.88294
4.27533	8.70515	2.80026
4.27551	8.6182	2.72092
4.2757	8.53286	2.64474
4.27588	8.4491	2.57157
4.27606	8.36692	2.50126
4.27625	8.28629	2.43368
4.27643	8.20717	2.36869
4.27661	8.12956	2.30616
4.27679	8.05342	2.24597
4.27698	7.97873	2.18803
4.27716	7.90545	2.13222
4.27734	7.83357	2.07844
4.27753	7.76306	2.02659
4.27771	7.69388	1.9766
4.27789	7.62601	1.92838
4.27807	7.55943	1.88184
4.27826	7.4941	1.83692
4.27844	7.43	1.79353
4.27862	7.3671	1.75162
4.27881	7.30537	1.71112
4.27899	7.24479	1.67197
4.27917	7.18534	1.63411
4.27936	7.12697	1.59748
4.27954	7.06969	1.56205
4.27972	7.01344	1.52775
4.27991	6.95822	1.49453
4.28009	6.90401	1.46237
4.28027	6.85076	1.4312
4.28046	6.79847	1.401
4.28064	6.74711	1.37172
4.28082	6.69667	1.34333
4.28101	6.64711	1.3158
4.28119	6.59842	1.28908
4.28137	6.55057	1.26315
4.28156	6.50356	1.23798
4.28174	6.45736	1.21354
4.28192	6.41194	1.18981
4.28211	6.3673	1.16675
4.28229	6.32342	1.14434
4.28247	6.28027	1.12256
4.28266	6.23785	1.10138
4.28284	6.19613	1.08079
4.28302	6.1551	1.06075
4.28321	6.11474	1.04127
4.28339	6.07504	1.0223
4.28357	6.03598	1.00384
4.28376	5.99755	0.985866
4.28394	5.95974	0.968363
4.28412	5.92253	0.951315
4.28431	5.88591	0.934707
4.28449	5.84986	0.918524
4.28467	5.81438	0.902751
4.28486	5.77944	0.887374
4.28504	5.74505	0.872382
4.28522	5.71118	0.857762
4.28541	5.67783	0.843501
4.28559	5.64498	0.829587
4.28578	5.61262	0.816011
4.28596	5.58075	0.802761
4.28614	5.54936	0.789827
4.28633	5.51843	0.777199
4.28651	5.48795	0.764868
4.28669	5.45791	0.752824
4.28688	5.42831	0.741059
4.28706	5.39914	0.729565
4.28725	5.37038	0.718333
4.28743	5.34204	0.707355
4.28761	5.31409	0.696625
4.2878	5.28654	0.686134
4.28798	5.25937	0.675875
4.28816	5.23258	0.665843
4.28835	5.20616	0.656029
4.28853	5.1801	0.646429
4.28872	5.1544	0.637036
4.2889	5.12904	0.627845
4.28908	5.10403	0.618848
4.28927	5.07935	0.610042
4.28945	5.055	0.601421
4.28964	5.03097	0.592979
4.28982	5.00726	0.584712
4.29	4.98386	0.576616
4.29019	4.96077	0.568684
4.29037	4.93797	0.560914
4.29056	4.91547	0.553301
4.29074	4.89325	0.54584
4.29092	4.87131	0.538528
4.29111	4.84966	0.53136
4.29129	4.82827	0.524334
4.29148	4.80716	0.517444
4.29166	4.7863	0.510689
4.29185	4.7657	0.504064
4.29203	4.74536	0.497566
4.29221	4.72526	0.491192
4.2924	4.70541	0.484938
4.29258	4.6858	0.478803
4.29277	4.66643	0.472782
4.29295	4.64728	0.466873
4.29314	4.62836	0.461074
4.29332	4.60967	0.455381
4.2935	4.5912	0.449792
4.29369	4.57294	0.444304
4.29387	4.5549	0.438916
4.29406	4.53706	0.433625
4.29424	4.51943	0.428428
4.29443	4.502	0.423323
4.29461	4.48477	0.418308
4.29479	4.46774	0.413381
4.29498	4.45089	0.408541
4.29516	4.43424	0.403784
4.29535	4.41777	0.399109
4.29553	4.40148	0.394515
4.29572	4.38538	0.389998
4.2959	4.36945	0.385559
4.29609	4.35369	0.381194
4.29627	4.33811	0.376903
4.29646	4.32269	0.372683
4.29664	4.30744	0.368534
4.29682	4.29236	0.364453
4.29701	4.27743	0.360439
4.29719	4.26266	0.35649
4.29738	4.24805	0.352606
4.29756	4.23359	0.348784
4.29775	4.21928	0.345024
4.29793	4.20512	0.341324
4.29812	4.19111	0.337683
4.2983	4.17724	0.3341
4.29849	4.16352	0.330573
4.29867	4.14993	0.327101
4.29886	4.13648	0.323683
4.29904	4.12317	0.320319
4.29923	4.10999	0.317006
4.29941	4.09694	0.313744
4.2996	4.08402	0.310532
4.29978	4.07123	0.307369
4.29997	4.05857	0.304254
4.30015	4.04603	0.301186
4.30034	4.03361	0.298163
4.30052	4.02132	0.295186
4.30071	4.00914	0.292253
4.30089	3.99708	0.289363
4.30108	3.98514	0.286515
4.30126	3.9733	0.28371
4.30145	3.96159	0.280945
4.30163	3.94998	0.27822
4.30182	3.93848	0.275534
4.302	3.92709	0.272887
4.30219	3.91581	0.270278
4.30237	3.90463	0.267706
4.30256	3.89355	0.26517
4.30274	3.88258	0.26267
4.30293	3.87171	0.260205
4.30311	3.86093	0.257774
4.3033	3.85026	0.255377
4.30348	3.83968	0.253013
4.30367	3.82919	0.250682
4.30385	3.8188	0.248383
4.30404	3.80851	0.246115
4.30422	3.7983	0.243878
4.30441	3.78818	0.241671
4.30459	3.77816	0.239494
4.30478	3.76822	0.237346
4.30496	3.75837	0.235226
4.30515	3.7486	0.233135
4.30533	3.73892	0.231072
4.30552	3.72933	0.229035
4.30571	3.71981	0.227026
4.30589	3.71038	0.225042
4.30608	3.70103	0.223085
4.30626	3.69175	0.221152
4.30645	3.68256	0.219245
4.30663	3.67344	0.217362
4.30682	3.6644	0.215503
4.307	3.65544	0.213668
4.30719	3.64654	0.211856
4.30737	3.63773	0.210067
4.30756	3.62898	0.208301
4.30775	3.62031	0.206556
4.30793	3.61171	0.204834
4.30812	3.60318	0.203133
4.3083	3.59472	0.201452
4.30849	3.58632	0.199793
4.30867	3.578	0.198154
4.30886	3.56974	0.196535
4.30904	3.56155	0.194935
4.30923	3.55342	0.193355
4.30942	3.54536	0.191794
4.3096	3.53736	0.190252
4.30979	3.52942	0.188728
4.30997	3.52155	0.187223
4.31016	3.51374	0.185735
4.31034	3.50598	0.184265
4.31053	3.49829	0.182812
4.31072	3.49066	0.181376
4.3109	3.48309	0.179958
4.31109	3.47557	0.178555
4.31127	3.46812	0.177169
4.31146	3.46072	0.175799
4.31165	3.45337	0.174445
4.31183	3.44608	0.173106
4.31202	3.43885	0.171783
4.3122	3.43167	0.170475
4.31239	3.42454	0.169181
4.31258	3.41747	0.167902
4.31276	3.41045	0.166638
4.31295	3.40348	0.165388
4.31313	3.39656	0.164152
4.31332	3.3897	0.162929
4.31351	3.38288	0.16172
4.31369	3.37611	0.160525
4.31388	3.3694	0.159342
4.31406	3.36273	0.158173
4.31425	3.35611	0.157016
4.31444	3.34953	0.155872
4.31462	3.34301	0.154741
4.31481	3.33653	0.153622
4.31499	3.3301	0.152514
4.31518	3.32371	0.151419
4.31537	3.31737	0.150335
4.31555	3.31107	0.149263
4.31574	3.30481	0.148203
4.31593	3.2986	0.147153
4.31611	3.29244	0.146115
4.3163	3.28631	0.145088
4.31648	3.28023	0.144071
4.31667	3.27419	0.143065
4.31686	3.2682	0.14207
4.31704	3.26224	0.141084
4.31723	3.25632	0.140109
4.31742	3.25045	0.139144
4.3176	3.24461	0.138189
4.31779	3.23881	0.137244
4.31798	3.23306	0.136309
4.31816	3.22734	0.135383
4.31835	3.22166	0.134466
4.31854	3.21601	0.133558
4.31872	3.21041	0.13266
4.31891	3.20484	0.131771
4.31909	3.19931	0.13089
4.31928	3.19381	0.130019
4.31947	3.18836	0.129156
4.31965	3.18293	0.128301
4.31984	3.17755	0.127455
4.32003	3.17219	0.126618
4.32021	3.16687	0.125788
4.3204	3.16159	0.124967
4.32059	3.15634	0.124154
4.32077	3.15113	0.123348
4.32096	3.14594	0.12255
4.32115	3.14079	0.12176
4.32133	3.13568	0.120978
4.32152	3.13059	0.120203
4.32171	3.12554	0.119436
4.32189	3.12052	0.118676
4.32208	3.11553	0.117923
4.32227	3.11057	0.117177
4.32246	3.10565	0.116438
4.32264	3.10075	0.115706
4.32283	3.09589	0.114982
4.32302	3.09105	0.114263
4.3232	3.08625	0.113552
4.32339	3.08147	0.112847
4.32358	3.07672	0.112149
4.32376	3.07201	0.111457
4.32395	3.06732	0.110771
4.32414	3.06266	0.110092
4.32432	3.05802	0.109419
4.32451	3.05342	0.108752
4.3247	3.04884	0.108092
4.32489	3.04429	0.107437
4.32507	3.03977	0.106788
4.32526	3.03528	0.106145
4.32545	3.03081	0.105508
4.32563	3.02637	0.104876
4.32582	3.02195	0.10425
4.32601	3.01756	0.10363
4.3262	3.0132	0.103015
4.32638	3.00886	0.102406
4.32657	3.00455	0.101802
4.32676	3.00026	0.101203
4.32694	2.996	0.10061
4.32713	2.99176	0.100022
4.32732	2.98755	0.0994389
4.32751	2.98336	0.0988609
4.32769	2.9792	0.0982879
4.32788	2.97506	0.0977199
4.32807	2.97094	0.0971569
4.32825	2.96684	0.0965986
4.32844	2.96277	0.0960451
4.32863	2.95873	0.0954964
4.32882	2.9547	0.0949524
4.329	2.9507	0.094413
4.32919	2.94672	0.0938781
4.32938	2.94276	0.0933478
4.32957	2.93883	0.092822
4.32975	2.93492	0.0923006
4.32994	2.93102	0.0917835
4.33013	2.92715	0.0912708
4.33032	2.92331	0.0907624
4.3305	2.91948	0.0902582
4.33069	2.91567	0.0897582
4.33088	2.91189	0.0892623
4.33107	2.90812	0.0887705
4.33125	2.90438	0.0882827
4.33144	2.90066	0.087799
4.33163	2.89695	0.0873192
4.33182	2.89327	0.0868434
4.332	2.88961	0.0863714
4.33219	2.88596	0.0859032
4.33238	2.88234	0.0854388
4.33257	2.87873	0.0849782
4.33276	2.87515	0.0845213
4.33294	2.87158	0.0840681
4.33313	2.86803	0.0836185
4.33332	2.8645	0.0831725
4.33351	2.86099	0.08273
4.33369	2.8575	0.0822911
4.33388	2.85403	0.0818556
4.33407	2.85058	0.0814236
4.33426	2.84714	0.080995
4.33445	2.84372	0.0805697
4.33463	2.84032	0.0801478
4.33482	2.83693	0.0797292
4.33501	2.83357	0.0793139
4.3352	2.83022	0.0789018
4.33539	2.82689	0.0784929
4.33557	2.82357	0.0780871
4.33576	2.82028	0.0776845
4.33595	2.817	0.077285
4.33614	2.81373	0.0768886
4.33633	2.81049	0.0764952
4.33651	2.80726	0.0761048
4.3367	2.80404	0.0757174
4.33689	2.80084	0.0753329
4.33708	2.79766	0.0749514
4.33727	2.79449	0.0745727
4.33745	2.79134	0.0741969
4.33764	2.78821	0.073824
4.33783	2.78509	0.0734538
4.33802	2.78199	0.0730864
4.33821	2.7789	0.0727218
4.33839	2.77583	0.0723599
4.33858	2.77277	0.0720006
4.33877	2.76973	0.071644
4.33896	2.7667	0.0712901
4.33915	2.76369	0.0709388
4.33934	2.76069	0.0705901
4.33952	2.75771	0.0702439
4.33971	2.75474	0.0699003
4.3399	2.75178	0.0695592
4.34009	2.74884	0.0692205
4.34028	2.74592	0.0688844
4.34047	2.74301	0.0685506
4.34065	2.74011	0.0682193
4.34084	2.73722	0.0678904
4.34103	2.73435	0.0675639
4.34122	2.7315	0.0672397
4.34141	2.72865	0.0669178
4.3416	2.72583	0.0665982
4.34179	2.72301	0.066281
4.34197	2.72021	0.0659659
4.34216	2.71742	0.0656531
4.34235	2.71464	0.0653426
4.34254	2.71188	0.0650342
4.34273	2.70913	0.064728
4.34292	2.70639	0.0644239
4.34311	2.70367	0.064122
4.34329	2.70095	0.0638222
4.34348	2.69825	0.0635245
4.34367	2.69557	0.0632289
4.34386	2.69289	0.0629354
4.34405	2.69023	0.0626438
4.34424	2.68758	0.0623543
4.34443	2.68494	0.0620668
4.34461	2.68232	0.0617813
4.3448	2.6797	0.0614977
4.34499	2.6771	0.0612161
4.34518	2.67451	0.0609364
4.34537	2.67193	0.0606586
4.34556	2.66937	0.0603827
4.34575	2.66681	0.0601087
4.34594	2.66427	0.0598366
4.34613	2.66174	0.0595663
4.34631	2.65922	0.0592978
4.3465	2.65671	0.0590311
4.34669	2.65421	0.0587662
4.34688	2.65172	0.0585031
4.34707	2.64925	0.0582418
4.34726	2.64678	0.0579822
4.34745	2.64433	0.0577243
4.34764	2.64188	0.0574682
4.34783	2.63945	0.0572137
4.34802	2.63703	0.056961
4.3482	2.63462	0.0567099
4.34839	2.63222	0.0564604
4.34858	2.62983	0.0562126
4.34877	2.62745	0.0559665
4.34896	2.62508	0.0557219
4.34915	2.62272	0.0554789
4.34934	2.62037	0.0552376
4.34953	2.61803	0.0549977
4.34972	2.6157	0.0547595
4.34991	2.61339	0.0545228
4.3501	2.61108	0.0542876
4.35028	2.60878	0.0540539
4.35047	2.60649	0.0538218
4.35066	2.60421	0.0535911
4.35085	2.60194	0.0533619
4.35104	2.59968	0.0531342
4.35123	2.59743	0.0529079
4.35142	2.59519	0.0526831
4.35161	2.59296	0.0524597
4.3518	2.59074	0.0522377
4.35199	2.58853	0.0520172
4.35218	2.58632	0.051798
4.35237	2.58413	0.0515802
4.35256	2.58194	0.0513637
4.35275	2.57977	0.0511487
4.35294	2.5776	0.0509349
4.35313	2.57544	0.0507225
4.35332	2.5733	0.0505115
4.3535	2.57116	0.0503017
4.35369	2.56903	0.0500933
4.35388	2.5669	0.0498861
4.35407	2.56479	0.0496802
4.35426	2.56269	0.0494756
4.35445	2.56059	0.0492723
4.35464	2.5585	0.0490702
4.35483	2.55642	0.0488693
4.35502	2.55435	0.0486697
4.35521	2.55229	0.0484713
4.3554	2.55024	0.0482741
4.35559	2.54819	0.0480781
4.35578	2.54615	0.0478833
4.35597	2.54412	0.0476897
4.35616	2.5421	0.0474972
4.35635	2.54009	0.0473059
4.35654	2.53809	0.0471158
4.35673	2.53609	0.0469268
4.35692	2.5341	0.0467389
4.35711	2.53212	0.0465522
4.3573	2.53015	0.0463665
4.35749	2.52818	0.046182
4.35768	2.52622	0.0459986
4.35787	2.52427	0.0458163
4.35806	2.52233	0.045635
4.35825	2.5204	0.0454549
4.35844	2.51847	0.0452758
4.35863	2.51655	0.0450977
4.35882	2.51464	0.0449207
4.35901	2.51274	0.0447447
4.3592	2.51084	0.0445698
4.35939	2.50895	0.0443959
4.35958	2.50707	0.044223
4.35977	2.50519	0.0440511
4.35996	2.50333	0.0438802
4.36015	2.50147	0.0437103
4.36034	2.49961	0.0435414
4.36053	2.49777	0.0433734
4.36072	2.49593	0.0432065
4.36091	2.4941	0.0430405
4.3611	2.49227	0.0428754
4.36129	2.49045	0.0427113
4.36148	2.48864	0.0425481
4.36167	2.48684	0.0423859
4.36186	2.48504	0.0422246
4.36205	2.48325	0.0420642
4.36224	2.48147	0.0419047
4.36243	2.47969	0.0417462
4.36262	2.47792	0.0415885
4.36281	2.47616	0.0414317
4.363	2.4744	0.0412758
4.36319	2.47265	0.0411208
4.36338	2.4709	0.0409666
4.36357	2.46917	0.0408133
4.36376	2.46744	0.0406609
4.36395	2.46571	0.0405093
4.36414	2.46399	0.0403586
4.36433	2.46228	0.0402087
4.36453	2.46058	0.0400596
4.36472	2.45888	0.0399114
4.36491	2.45718	0.039764
4.3651	2.4555	0.0396174
4.36529	2.45382	0.0394716
4.36548	2.45214	0.0393266
4.36567	2.45047	0.0391824
4.36586	2.44881	0.039039
4.36605	2.44716	0.0388964
4.36624	2.44551	0.0387546
4.36643	2.44386	0.0386135
4.36662	2.44222	0.0384732
4.36681	2.44059	0.0383337