 DDSCAT --- DDSCAT 6.1 [06.11.28] 
 TARGET ---Truncated cube                                                     
 GPFAFT --- method of solution 
 LATTDR --- prescription for polarizabilities
 FRMFIL --- shape 
 180999 = NAT0 = number of dipoles
 TABLES --- source of dielectric function
 CO2cubic.txt                                                
 CO2cubic.txt                                                
 CO2cubic.txt                                                
   0.000   0.000 = beta_min, beta_max ;  NBETA = 1
   0.000   0.000 = theta_min, theta_max; NTHETA= 1
   0.000   0.000 = phi_min, phi_max   ;   NPHI = 1
 0.5000 = ETASCA (param. controlling # of scatt. dirs used to calculate <cos> etc.
 Results averaged over    1 target orientations
                   and  1 incident polarizations
   aeff       wave       Q_ext     Q_abs      Q_sca     g(1)=<cos>  <cos^2>    Q_bk       Nsca
8.7000E-03 4.1660E+00 9.3036E-04 9.3042E-04 1.5343E-09  1.9465E-04 4.0255E-01 1.8289E-10   184
8.7000E-03 4.1663E+00 9.4037E-04 9.4042E-04 1.5675E-09  1.9481E-04 4.0255E-01 1.8685E-10   184
8.7000E-03 4.1667E+00 9.5051E-04 9.5057E-04 1.6012E-09  1.9220E-04 4.0255E-01 1.9086E-10   184
8.7000E-03 4.1670E+00 9.6107E-04 9.6111E-04 1.6366E-09  1.9323E-04 4.0254E-01 1.9507E-10   184
8.7000E-03 4.1674E+00 9.7164E-04 9.7167E-04 1.6721E-09  1.9713E-04 4.0254E-01 1.9930E-10   184
8.7000E-03 4.1677E+00 9.8229E-04 9.8235E-04 1.7080E-09  1.9303E-04 4.0255E-01 2.0360E-10   184
8.7000E-03 4.1681E+00 9.9315E-04 9.9322E-04 1.7448E-09  1.9448E-04 4.0255E-01 2.0798E-10   184
8.7000E-03 4.1684E+00 1.0044E-03 1.0045E-03 1.7833E-09  1.9481E-04 4.0254E-01 2.1256E-10   184
8.7000E-03 4.1688E+00 1.0157E-03 1.0158E-03 1.8220E-09  1.9414E-04 4.0255E-01 2.1719E-10   184
8.7000E-03 4.1691E+00 1.0271E-03 1.0272E-03 1.8612E-09  1.9293E-04 4.0255E-01 2.2186E-10   184
8.7000E-03 4.1695E+00 1.0388E-03 1.0388E-03 1.9014E-09  1.9447E-04 4.0255E-01 2.2665E-10   184
8.7000E-03 4.1698E+00 1.0509E-03 1.0510E-03 1.9434E-09  1.9579E-04 4.0255E-01 2.3166E-10   184
8.7000E-03 4.1702E+00 1.0629E-03 1.0630E-03 1.9853E-09  1.9432E-04 4.0255E-01 2.3666E-10   184
8.7000E-03 4.1705E+00 1.0753E-03 1.0753E-03 2.0287E-09  1.9568E-04 4.0255E-01 2.4182E-10   184
8.7000E-03 4.1709E+00 1.0877E-03 1.0878E-03 2.0724E-09  1.9247E-04 4.0255E-01 2.4704E-10   184
8.7000E-03 4.1712E+00 1.1004E-03 1.1005E-03 2.1172E-09  1.9657E-04 4.0255E-01 2.5238E-10   184
8.7000E-03 4.1716E+00 1.1136E-03 1.1137E-03 2.1641E-09  1.9500E-04 4.0255E-01 2.5797E-10   184
8.7000E-03 4.1719E+00 1.1268E-03 1.1269E-03 2.2111E-09  1.9347E-04 4.0255E-01 2.6356E-10   184
8.7000E-03 4.1723E+00 1.1403E-03 1.1404E-03 2.2595E-09  1.9659E-04 4.0254E-01 2.6933E-10   184
8.7000E-03 4.1726E+00 1.1539E-03 1.1541E-03 2.3085E-09  1.9528E-04 4.0254E-01 2.7517E-10   184
8.7000E-03 4.1730E+00 1.1678E-03 1.1679E-03 2.3587E-09  1.9387E-04 4.0255E-01 2.8116E-10   184
8.7000E-03 4.1733E+00 1.1823E-03 1.1824E-03 2.4112E-09  1.9356E-04 4.0255E-01 2.8741E-10   184
8.7000E-03 4.1737E+00 1.1967E-03 1.1969E-03 2.4638E-09  1.9432E-04 4.0255E-01 2.9368E-10   184
8.7000E-03 4.1740E+00 1.2114E-03 1.2116E-03 2.5175E-09  1.9465E-04 4.0254E-01 3.0009E-10   184
8.7000E-03 4.1744E+00 1.2266E-03 1.2268E-03 2.5732E-09  1.9411E-04 4.0255E-01 3.0672E-10   184
8.7000E-03 4.1747E+00 1.2418E-03 1.2421E-03 2.6294E-09  1.9519E-04 4.0254E-01 3.1342E-10   184
8.7000E-03 4.1751E+00 1.2574E-03 1.2576E-03 2.6870E-09  1.9286E-04 4.0255E-01 3.2029E-10   184
8.7000E-03 4.1754E+00 1.2733E-03 1.2735E-03 2.7459E-09  1.9307E-04 4.0255E-01 3.2732E-10   184
8.7000E-03 4.1758E+00 1.2902E-03 1.2902E-03 2.8081E-09  1.9505E-04 4.0255E-01 3.3471E-10   184
8.7000E-03 4.1761E+00 1.3068E-03 1.3067E-03 2.8700E-09  1.9524E-04 4.0254E-01 3.4208E-10   184
8.7000E-03 4.1765E+00 1.3236E-03 1.3236E-03 2.9333E-09  1.9257E-04 4.0254E-01 3.4966E-10   184
8.7000E-03 4.1768E+00 1.3410E-03 1.3409E-03 2.9988E-09  1.9357E-04 4.0255E-01 3.5744E-10   184
8.7000E-03 4.1772E+00 1.3585E-03 1.3585E-03 3.0653E-09  1.9503E-04 4.0255E-01 3.6537E-10   184
8.7000E-03 4.1775E+00 1.3764E-03 1.3764E-03 3.1334E-09  1.9270E-04 4.0254E-01 3.7353E-10   184
8.7000E-03 4.1779E+00 1.3947E-03 1.3947E-03 3.2031E-09  1.9202E-04 4.0255E-01 3.8182E-10   184
8.7000E-03 4.1782E+00 1.4134E-03 1.4134E-03 3.2746E-09  1.9383E-04 4.0255E-01 3.9031E-10   184
8.7000E-03 4.1786E+00 1.4324E-03 1.4324E-03 3.3477E-09  1.9305E-04 4.0254E-01 3.9907E-10   184
8.7000E-03 4.1789E+00 1.4522E-03 1.4523E-03 3.4244E-09  1.9324E-04 4.0255E-01 4.0821E-10   184
8.7000E-03 4.1793E+00 1.4721E-03 1.4721E-03 3.5013E-09  1.9332E-04 4.0255E-01 4.1734E-10   184
8.7000E-03 4.1796E+00 1.4925E-03 1.4925E-03 3.5803E-09  1.9354E-04 4.0255E-01 4.2676E-10   184
8.7000E-03 4.1799E+00 1.5132E-03 1.5132E-03 3.6611E-09  1.9465E-04 4.0255E-01 4.3642E-10   184
8.7000E-03 4.1803E+00 1.5343E-03 1.5343E-03 3.7439E-09  1.9369E-04 4.0255E-01 4.4628E-10   184
8.7000E-03 4.1806E+00 1.5560E-03 1.5560E-03 3.8289E-09  1.9347E-04 4.0255E-01 4.5638E-10   184
8.7000E-03 4.1810E+00 1.5782E-03 1.5781E-03 3.9161E-09  1.9540E-04 4.0254E-01 4.6675E-10   184
8.7000E-03 4.1813E+00 1.6008E-03 1.6008E-03 4.0055E-09  1.9534E-04 4.0254E-01 4.7745E-10   184
8.7000E-03 4.1817E+00 1.6239E-03 1.6239E-03 4.0971E-09  1.9338E-04 4.0254E-01 4.8839E-10   184
8.7000E-03 4.1820E+00 1.6475E-03 1.6476E-03 4.1913E-09  1.9425E-04 4.0255E-01 4.9960E-10   184
8.7000E-03 4.1824E+00 1.6717E-03 1.6718E-03 4.2878E-09  1.9506E-04 4.0254E-01 5.1111E-10   184
8.7000E-03 4.1827E+00 1.6964E-03 1.6965E-03 4.3869E-09  1.9487E-04 4.0254E-01 5.2296E-10   184
8.7000E-03 4.1831E+00 1.7218E-03 1.7219E-03 4.4885E-09  1.9466E-04 4.0255E-01 5.3503E-10   184
8.7000E-03 4.1834E+00 1.7477E-03 1.7478E-03 4.5931E-09  1.9539E-04 4.0255E-01 5.4748E-10   184
8.7000E-03 4.1838E+00 1.7742E-03 1.7743E-03 4.7002E-09  1.9457E-04 4.0255E-01 5.6024E-10   184
8.7000E-03 4.1841E+00 1.8014E-03 1.8014E-03 4.8103E-09  1.9443E-04 4.0255E-01 5.7334E-10   184
8.7000E-03 4.1845E+00 1.8291E-03 1.8292E-03 4.9233E-09  1.9385E-04 4.0255E-01 5.8684E-10   184
8.7000E-03 4.1848E+00 1.8577E-03 1.8577E-03 5.0396E-09  1.9478E-04 4.0254E-01 6.0071E-10   184
8.7000E-03 4.1852E+00 1.8868E-03 1.8869E-03 5.1589E-09  1.9488E-04 4.0255E-01 6.1494E-10   184
8.7000E-03 4.1855E+00 1.9167E-03 1.9168E-03 5.2816E-09  1.9490E-04 4.0254E-01 6.2951E-10   184
8.7000E-03 4.1859E+00 1.9474E-03 1.9475E-03 5.4077E-09  1.9298E-04 4.0254E-01 6.4457E-10   184
8.7000E-03 4.1862E+00 1.9788E-03 1.9789E-03 5.5373E-09  1.9478E-04 4.0255E-01 6.6001E-10   184
8.7000E-03 4.1866E+00 2.0110E-03 2.0111E-03 5.6705E-09  1.9353E-04 4.0254E-01 6.7592E-10   184
8.7000E-03 4.1869E+00 2.0440E-03 2.0441E-03 5.8075E-09  1.9432E-04 4.0255E-01 6.9229E-10   184
8.7000E-03 4.1873E+00 2.0780E-03 2.0781E-03 5.9487E-09  1.9335E-04 4.0255E-01 7.0911E-10   184
8.7000E-03 4.1876E+00 2.1129E-03 2.1129E-03 6.0938E-09  1.9399E-04 4.0255E-01 7.2640E-10   184
8.7000E-03 4.1880E+00 2.1476E-03 2.1476E-03 6.2388E-09  1.9478E-04 4.0255E-01 7.4367E-10   184
8.7000E-03 4.1883E+00 2.1842E-03 2.1842E-03 6.3922E-09  1.9404E-04 4.0255E-01 7.6193E-10   184
8.7000E-03 4.1887E+00 2.2219E-03 2.2219E-03 6.5504E-09  1.9433E-04 4.0255E-01 7.8080E-10   184
8.7000E-03 4.1890E+00 2.2605E-03 2.2605E-03 6.7130E-09  1.9392E-04 4.0254E-01 8.0021E-10   184
8.7000E-03 4.1894E+00 2.3002E-03 2.3002E-03 6.8805E-09  1.9263E-04 4.0255E-01 8.2018E-10   184
8.7000E-03 4.1897E+00 2.3410E-03 2.3410E-03 7.0533E-09  1.9363E-04 4.0255E-01 8.4073E-10   184
8.7000E-03 4.1901E+00 2.3830E-03 2.3830E-03 7.2311E-09  1.9221E-04 4.0255E-01 8.6197E-10   184
8.7000E-03 4.1904E+00 2.4262E-03 2.4262E-03 7.4143E-09  1.9449E-04 4.0255E-01 8.8382E-10   184
8.7000E-03 4.1908E+00 2.4705E-03 2.4706E-03 7.6032E-09  1.9188E-04 4.0255E-01 9.0631E-10   184
8.7000E-03 4.1911E+00 2.5163E-03 2.5163E-03 7.7983E-09  1.9326E-04 4.0255E-01 9.2956E-10   184
8.7000E-03 4.1915E+00 2.5620E-03 2.5620E-03 7.9936E-09  1.9315E-04 4.0254E-01 9.5281E-10   184
8.7000E-03 4.1918E+00 2.6104E-03 2.6105E-03 8.2008E-09  1.9299E-04 4.0255E-01 9.7757E-10   184
8.7000E-03 4.1922E+00 2.6603E-03 2.6604E-03 8.4146E-09  1.9218E-04 4.0255E-01 1.0030E-09   184
8.7000E-03 4.1925E+00 2.7117E-03 2.7118E-03 8.6357E-09  1.9255E-04 4.0254E-01 1.0294E-09   184
8.7000E-03 4.1928E+00 2.7646E-03 2.7646E-03 8.8627E-09  1.9074E-04 4.0255E-01 1.0565E-09   184
8.7000E-03 4.1932E+00 2.8192E-03 2.8192E-03 9.0980E-09  1.9277E-04 4.0255E-01 1.0844E-09   184
8.7000E-03 4.1935E+00 2.8742E-03 2.8742E-03 9.3351E-09  1.9242E-04 4.0255E-01 1.1128E-09   184
8.7000E-03 4.1939E+00 2.9324E-03 2.9324E-03 9.5865E-09  1.9395E-04 4.0254E-01 1.1427E-09   184
8.7000E-03 4.1942E+00 2.9923E-03 2.9924E-03 9.8460E-09  1.9401E-04 4.0255E-01 1.1736E-09   184
8.7000E-03 4.1946E+00 3.0544E-03 3.0544E-03 1.0115E-08  1.9239E-04 4.0254E-01 1.2057E-09   184
8.7000E-03 4.1949E+00 3.1180E-03 3.1180E-03 1.0391E-08  1.9288E-04 4.0254E-01 1.2386E-09   184
8.7000E-03 4.1953E+00 3.1842E-03 3.1842E-03 1.0678E-08  1.9358E-04 4.0255E-01 1.2728E-09   184
8.7000E-03 4.1956E+00 3.2511E-03 3.2511E-03 1.0968E-08  1.9402E-04 4.0254E-01 1.3074E-09   184
8.7000E-03 4.1960E+00 3.3221E-03 3.3221E-03 1.1277E-08  1.9318E-04 4.0255E-01 1.3442E-09   184
8.7000E-03 4.1963E+00 3.3947E-03 3.3948E-03 1.1593E-08  1.9318E-04 4.0254E-01 1.3818E-09   184
8.7000E-03 4.1967E+00 3.4707E-03 3.4706E-03 1.1923E-08  1.9300E-04 4.0255E-01 1.4212E-09   184
8.7000E-03 4.1970E+00 3.5476E-03 3.5476E-03 1.2258E-08  1.9297E-04 4.0254E-01 1.4611E-09   184
8.7000E-03 4.1974E+00 3.6292E-03 3.6293E-03 1.2613E-08  1.9247E-04 4.0254E-01 1.5035E-09   184
8.7000E-03 4.1977E+00 3.7140E-03 3.7139E-03 1.2982E-08  1.9279E-04 4.0254E-01 1.5474E-09   184
8.7000E-03 4.1981E+00 3.8005E-03 3.8005E-03 1.3359E-08  1.9273E-04 4.0254E-01 1.5924E-09   184
8.7000E-03 4.1984E+00 3.8898E-03 3.8899E-03 1.3748E-08  1.9152E-04 4.0255E-01 1.6388E-09   184
8.7000E-03 4.1988E+00 3.9847E-03 3.9847E-03 1.4160E-08  1.9161E-04 4.0255E-01 1.6880E-09   184
8.7000E-03 4.1991E+00 4.0832E-03 4.0832E-03 1.4588E-08  1.9247E-04 4.0254E-01 1.7390E-09   184
8.7000E-03 4.1995E+00 4.1838E-03 4.1838E-03 1.5026E-08  1.9293E-04 4.0255E-01 1.7911E-09   184
8.7000E-03 4.1998E+00 4.2885E-03 4.2886E-03 1.5480E-08  1.9170E-04 4.0254E-01 1.8452E-09   184
8.7000E-03 4.2002E+00 4.3999E-03 4.3999E-03 1.5963E-08  1.9392E-04 4.0254E-01 1.9027E-09   184
8.7000E-03 4.2005E+00 4.5133E-03 4.5133E-03 1.6454E-08  1.9210E-04 4.0255E-01 1.9614E-09   184
8.7000E-03 4.2009E+00 4.6337E-03 4.6336E-03 1.6974E-08  1.9297E-04 4.0255E-01 2.0233E-09   184
8.7000E-03 4.2012E+00 4.7578E-03 4.7578E-03 1.7510E-08  1.9181E-04 4.0255E-01 2.0873E-09   184
8.7000E-03 4.2016E+00 4.8894E-03 4.8893E-03 1.8077E-08  1.9427E-04 4.0255E-01 2.1547E-09   184
8.7000E-03 4.2019E+00 5.0235E-03 5.0236E-03 1.8654E-08  1.9315E-04 4.0254E-01 2.2234E-09   184
8.7000E-03 4.2023E+00 5.1651E-03 5.1651E-03 1.9262E-08  1.9077E-04 4.0254E-01 2.2961E-09   184
8.7000E-03 4.2026E+00 5.3154E-03 5.3155E-03 1.9906E-08  1.9188E-04 4.0255E-01 2.3728E-09   184
8.7000E-03 4.2030E+00 5.4687E-03 5.4688E-03 2.0560E-08  1.9320E-04 4.0254E-01 2.4506E-09   184
8.7000E-03 4.2033E+00 5.6312E-03 5.6313E-03 2.1254E-08  1.9192E-04 4.0254E-01 2.5335E-09   184
8.7000E-03 4.2037E+00 5.8035E-03 5.8034E-03 2.1987E-08  1.9238E-04 4.0255E-01 2.6207E-09   184
8.7000E-03 4.2040E+00 5.9795E-03 5.9795E-03 2.2734E-08  1.9281E-04 4.0255E-01 2.7099E-09   184
8.7000E-03 4.2044E+00 6.1673E-03 6.1674E-03 2.3531E-08  1.9249E-04 4.0254E-01 2.8049E-09   184
8.7000E-03 4.2047E+00 6.3661E-03 6.3661E-03 2.4371E-08  1.9072E-04 4.0255E-01 2.9052E-09   184
8.7000E-03 4.2051E+00 6.5695E-03 6.5695E-03 2.5229E-08  1.9196E-04 4.0255E-01 3.0073E-09   184
8.7000E-03 4.2054E+00 6.7882E-03 6.7881E-03 2.6150E-08  1.9166E-04 4.0255E-01 3.1171E-09   184
8.7000E-03 4.2058E+00 7.0129E-03 7.0127E-03 2.7093E-08  1.9144E-04 4.0254E-01 3.2295E-09   184
8.7000E-03 4.2061E+00 7.2564E-03 7.2564E-03 2.8112E-08  1.9184E-04 4.0255E-01 3.3510E-09   184
8.7000E-03 4.2064E+00 7.5143E-03 7.5144E-03 2.9186E-08  1.9145E-04 4.0255E-01 3.4791E-09   184
8.7000E-03 4.2068E+00 7.7789E-03 7.7790E-03 3.0284E-08  1.9272E-04 4.0255E-01 3.6098E-09   184
8.7000E-03 4.2071E+00 8.0678E-03 8.0678E-03 3.1475E-08  1.8986E-04 4.0255E-01 3.7519E-09   184
8.7000E-03 4.2075E+00 8.3732E-03 8.3734E-03 3.2729E-08  1.9402E-04 4.0255E-01 3.9012E-09   184
8.7000E-03 4.2078E+00 8.6913E-03 8.6910E-03 3.4023E-08  1.9169E-04 4.0254E-01 4.0556E-09   184
8.7000E-03 4.2082E+00 9.0362E-03 9.0362E-03 3.5419E-08  1.9291E-04 4.0255E-01 4.2219E-09   184
8.7000E-03 4.2085E+00 9.3968E-03 9.3967E-03 3.6865E-08  1.9202E-04 4.0254E-01 4.3942E-09   184
8.7000E-03 4.2089E+00 9.7929E-03 9.7929E-03 3.8441E-08  1.9044E-04 4.0255E-01 4.5822E-09   184
8.7000E-03 4.2092E+00 1.0202E-02 1.0202E-02 4.0053E-08  1.9003E-04 4.0254E-01 4.7743E-09   184
8.7000E-03 4.2096E+00 1.0656E-02 1.0656E-02 4.1821E-08  1.9203E-04 4.0255E-01 4.9851E-09   184
8.7000E-03 4.2099E+00 1.1137E-02 1.1136E-02 4.3674E-08  1.9012E-04 4.0254E-01 5.2061E-09   184
8.7000E-03 4.2103E+00 1.1650E-02 1.1650E-02 4.5627E-08  1.9219E-04 4.0254E-01 5.4387E-09   184
8.7000E-03 4.2106E+00 1.2206E-02 1.2206E-02 4.7717E-08  1.9175E-04 4.0254E-01 5.6879E-09   184
8.7000E-03 4.2110E+00 1.2802E-02 1.2802E-02 4.9926E-08  1.9120E-04 4.0255E-01 5.9511E-09   184
8.7000E-03 4.2113E+00 1.3448E-02 1.3448E-02 5.2286E-08  1.9099E-04 4.0255E-01 6.2324E-09   184
8.7000E-03 4.2117E+00 1.4147E-02 1.4147E-02 5.4796E-08  1.9068E-04 4.0254E-01 6.5318E-09   184
8.7000E-03 4.2120E+00 1.4904E-02 1.4903E-02 5.7465E-08  1.9081E-04 4.0254E-01 6.8495E-09   184
8.7000E-03 4.2124E+00 1.5725E-02 1.5725E-02 6.0309E-08  1.9097E-04 4.0255E-01 7.1889E-09   184
8.7000E-03 4.2127E+00 1.6636E-02 1.6636E-02 6.3397E-08  1.9080E-04 4.0255E-01 7.5570E-09   184
8.7000E-03 4.2131E+00 1.7591E-02 1.7591E-02 6.6563E-08  1.9148E-04 4.0255E-01 7.9343E-09   184
8.7000E-03 4.2134E+00 1.8667E-02 1.8667E-02 7.0047E-08  1.8917E-04 4.0254E-01 8.3497E-09   184
8.7000E-03 4.2138E+00 1.9802E-02 1.9801E-02 7.3619E-08  1.9011E-04 4.0254E-01 8.7753E-09   184
8.7000E-03 4.2141E+00 2.1047E-02 2.1047E-02 7.7432E-08  1.9100E-04 4.0255E-01 9.2300E-09   184
8.7000E-03 4.2145E+00 2.2418E-02 2.2419E-02 8.1502E-08  1.9087E-04 4.0254E-01 9.7148E-09   184
8.7000E-03 4.2148E+00 2.3881E-02 2.3881E-02 8.5695E-08  1.8924E-04 4.0255E-01 1.0215E-08   184
8.7000E-03 4.2152E+00 2.5493E-02 2.5493E-02 9.0143E-08  1.9039E-04 4.0254E-01 1.0745E-08   184
8.7000E-03 4.2155E+00 2.7192E-02 2.7192E-02 9.4641E-08  1.9079E-04 4.0255E-01 1.1281E-08   184
8.7000E-03 4.2159E+00 2.9047E-02 2.9047E-02 9.9332E-08  1.8801E-04 4.0254E-01 1.1841E-08   184
8.7000E-03 4.2162E+00 3.0963E-02 3.0963E-02 1.0393E-07  1.9155E-04 4.0255E-01 1.2389E-08   184
8.7000E-03 4.2166E+00 3.3026E-02 3.3025E-02 1.0861E-07  1.8915E-04 4.0254E-01 1.2947E-08   184
8.7000E-03 4.2169E+00 3.5093E-02 3.5093E-02 1.1302E-07  1.8925E-04 4.0254E-01 1.3472E-08   184
8.7000E-03 4.2173E+00 3.7247E-02 3.7248E-02 1.1731E-07  1.8998E-04 4.0255E-01 1.3983E-08   184
8.7000E-03 4.2176E+00 3.9345E-02 3.9344E-02 1.2118E-07  1.8964E-04 4.0254E-01 1.4445E-08   184
8.7000E-03 4.2180E+00 4.1392E-02 4.1393E-02 1.2467E-07  1.8857E-04 4.0254E-01 1.4861E-08   184
8.7000E-03 4.2183E+00 4.3420E-02 4.3420E-02 1.2786E-07  1.8988E-04 4.0254E-01 1.5241E-08   184
8.7000E-03 4.2187E+00 4.5280E-02 4.5281E-02 1.3058E-07  1.8966E-04 4.0254E-01 1.5565E-08   184
8.7000E-03 4.2190E+00 4.7069E-02 4.7069E-02 1.3306E-07  1.8872E-04 4.0254E-01 1.5861E-08   184
8.7000E-03 4.2194E+00 4.8737E-02 4.8737E-02 1.3532E-07  1.8908E-04 4.0254E-01 1.6131E-08   184
8.7000E-03 4.2197E+00 5.0310E-02 5.0309E-02 1.3749E-07  1.8869E-04 4.0254E-01 1.6389E-08   184
8.7000E-03 4.2200E+00 5.1890E-02 5.1890E-02 1.3978E-07  1.8929E-04 4.0254E-01 1.6661E-08   184
8.7000E-03 4.2204E+00 5.3407E-02 5.3406E-02 1.4209E-07  1.8923E-04 4.0254E-01 1.6937E-08   184
8.7000E-03 4.2207E+00 5.4955E-02 5.4955E-02 1.4454E-07  1.9018E-04 4.0254E-01 1.7229E-08   184
8.7000E-03 4.2211E+00 5.6518E-02 5.6517E-02 1.4704E-07  1.8868E-04 4.0254E-01 1.7527E-08   184
8.7000E-03 4.2214E+00 5.8058E-02 5.8057E-02 1.4945E-07  1.8903E-04 4.0254E-01 1.7814E-08   184
8.7000E-03 4.2218E+00 5.9626E-02 5.9625E-02 1.5175E-07  1.8808E-04 4.0255E-01 1.8089E-08   184
8.7000E-03 4.2221E+00 6.1076E-02 6.1076E-02 1.5366E-07  1.8986E-04 4.0254E-01 1.8316E-08   184
8.7000E-03 4.2225E+00 6.2428E-02 6.2427E-02 1.5515E-07  1.8897E-04 4.0254E-01 1.8494E-08   184
8.7000E-03 4.2228E+00 6.3682E-02 6.3681E-02 1.5621E-07  1.8871E-04 4.0254E-01 1.8620E-08   184
8.7000E-03 4.2232E+00 6.4744E-02 6.4744E-02 1.5676E-07  1.8853E-04 4.0254E-01 1.8686E-08   184
8.7000E-03 4.2235E+00 6.5654E-02 6.5653E-02 1.5692E-07  1.8823E-04 4.0254E-01 1.8705E-08   184
8.7000E-03 4.2239E+00 6.6443E-02 6.6444E-02 1.5676E-07  1.8871E-04 4.0254E-01 1.8685E-08   184
8.7000E-03 4.2242E+00 6.7088E-02 6.7088E-02 1.5637E-07  1.8844E-04 4.0254E-01 1.8640E-08   184
8.7000E-03 4.2246E+00 6.7632E-02 6.7634E-02 1.5585E-07  1.8848E-04 4.0254E-01 1.8578E-08   184
8.7000E-03 4.2249E+00 6.8097E-02 6.8097E-02 1.5526E-07  1.8859E-04 4.0254E-01 1.8507E-08   184
8.7000E-03 4.2253E+00 6.8506E-02 6.8505E-02 1.5461E-07  1.8801E-04 4.0254E-01 1.8429E-08   184
8.7000E-03 4.2256E+00 6.8848E-02 6.8847E-02 1.5396E-07  1.8882E-04 4.0254E-01 1.8352E-08   184
8.7000E-03 4.2260E+00 6.9143E-02 6.9143E-02 1.5331E-07  1.8801E-04 4.0254E-01 1.8275E-08   184
8.7000E-03 4.2263E+00 6.9406E-02 6.9406E-02 1.5267E-07  1.8820E-04 4.0254E-01 1.8198E-08   184
8.7000E-03 4.2267E+00 6.9633E-02 6.9634E-02 1.5208E-07  1.9106E-04 4.0254E-01 1.8128E-08   184
8.7000E-03 4.2270E+00 6.9840E-02 6.9840E-02 1.5158E-07  1.8917E-04 4.0254E-01 1.8068E-08   184
8.7000E-03 4.2274E+00 7.0038E-02 7.0037E-02 1.5118E-07  1.8835E-04 4.0254E-01 1.8020E-08   184
8.7000E-03 4.2277E+00 7.0243E-02 7.0243E-02 1.5091E-07  1.8781E-04 4.0254E-01 1.7989E-08   184
8.7000E-03 4.2281E+00 7.0458E-02 7.0458E-02 1.5083E-07  1.8877E-04 4.0254E-01 1.7980E-08   184
8.7000E-03 4.2284E+00 7.0701E-02 7.0700E-02 1.5097E-07  1.8799E-04 4.0254E-01 1.7995E-08   184
8.7000E-03 4.2288E+00 7.0981E-02 7.0981E-02 1.5134E-07  1.8844E-04 4.0254E-01 1.8039E-08   184
8.7000E-03 4.2291E+00 7.1314E-02 7.1311E-02 1.5198E-07  1.8976E-04 4.0254E-01 1.8116E-08   184
8.7000E-03 4.2295E+00 7.1704E-02 7.1704E-02 1.5292E-07  1.8955E-04 4.0254E-01 1.8228E-08   184
8.7000E-03 4.2298E+00 7.2147E-02 7.2147E-02 1.5413E-07  1.8781E-04 4.0254E-01 1.8372E-08   184
8.7000E-03 4.2302E+00 7.2653E-02 7.2653E-02 1.5563E-07  1.8884E-04 4.0254E-01 1.8550E-08   184
8.7000E-03 4.2305E+00 7.3220E-02 7.3218E-02 1.5740E-07  1.8744E-04 4.0254E-01 1.8763E-08   184
8.7000E-03 4.2309E+00 7.3864E-02 7.3863E-02 1.5952E-07  1.8943E-04 4.0254E-01 1.9014E-08   184
8.7000E-03 4.2312E+00 7.4549E-02 7.4547E-02 1.6184E-07  1.8827E-04 4.0254E-01 1.9292E-08   184
8.7000E-03 4.2316E+00 7.5295E-02 7.5294E-02 1.6445E-07  1.8984E-04 4.0254E-01 1.9602E-08   184
8.7000E-03 4.2319E+00 7.6112E-02 7.6110E-02 1.6739E-07  1.9049E-04 4.0254E-01 1.9953E-08   184
8.7000E-03 4.2323E+00 7.7008E-02 7.7010E-02 1.7072E-07  1.9036E-04 4.0254E-01 2.0350E-08   184
8.7000E-03 4.2326E+00 7.8003E-02 7.8003E-02 1.7450E-07  1.8940E-04 4.0254E-01 2.0800E-08   184
8.7000E-03 4.2329E+00 7.9142E-02 7.9142E-02 1.7893E-07  1.8937E-04 4.0254E-01 2.1327E-08   184
8.7000E-03 4.2333E+00 8.0358E-02 8.0358E-02 1.8373E-07  1.9119E-04 4.0254E-01 2.1901E-08   184
8.7000E-03 4.2336E+00 8.1665E-02 8.1666E-02 1.8898E-07  1.8916E-04 4.0254E-01 2.2525E-08   184
8.7000E-03 4.2340E+00 8.3026E-02 8.3028E-02 1.9450E-07  1.9033E-04 4.0254E-01 2.3184E-08   184
8.7000E-03 4.2343E+00 8.4385E-02 8.4382E-02 2.0007E-07  1.8873E-04 4.0254E-01 2.3849E-08   184
8.7000E-03 4.2347E+00 8.5668E-02 8.5667E-02 2.0541E-07  1.8903E-04 4.0254E-01 2.4485E-08   184
8.7000E-03 4.2350E+00 8.6813E-02 8.6815E-02 2.1025E-07  1.9025E-04 4.0254E-01 2.5062E-08   184
8.7000E-03 4.2354E+00 8.7738E-02 8.7737E-02 2.1425E-07  1.9014E-04 4.0254E-01 2.5538E-08   184
8.7000E-03 4.2357E+00 8.8389E-02 8.8389E-02 2.1718E-07  1.8962E-04 4.0254E-01 2.5888E-08   184
8.7000E-03 4.2361E+00 8.8771E-02 8.8773E-02 2.1905E-07  1.8735E-04 4.0254E-01 2.6110E-08   184
8.7000E-03 4.2364E+00 8.8922E-02 8.8920E-02 2.1998E-07  1.9106E-04 4.0254E-01 2.6221E-08   184
8.7000E-03 4.2368E+00 8.8891E-02 8.8891E-02 2.2020E-07  1.9107E-04 4.0254E-01 2.6249E-08   184
8.7000E-03 4.2371E+00 8.8768E-02 8.8768E-02 2.2007E-07  1.9073E-04 4.0254E-01 2.6232E-08   184
8.7000E-03 4.2375E+00 8.8657E-02 8.8655E-02 2.2001E-07  1.8969E-04 4.0254E-01 2.6226E-08   184
8.7000E-03 4.2378E+00 8.8647E-02 8.8650E-02 2.2046E-07  1.8973E-04 4.0254E-01 2.6279E-08   184
8.7000E-03 4.2382E+00 8.8835E-02 8.8836E-02 2.2184E-07  1.9089E-04 4.0254E-01 2.6444E-08   184
8.7000E-03 4.2385E+00 8.9282E-02 8.9284E-02 2.2453E-07  1.8848E-04 4.0254E-01 2.6764E-08   184
8.7000E-03 4.2389E+00 9.0060E-02 9.0060E-02 2.2893E-07  1.8933E-04 4.0254E-01 2.7289E-08   184
8.7000E-03 4.2392E+00 9.1120E-02 9.1121E-02 2.3494E-07  1.8871E-04 4.0254E-01 2.8005E-08   184
8.7000E-03 4.2396E+00 9.2455E-02 9.2457E-02 2.4269E-07  1.8868E-04 4.0254E-01 2.8929E-08   184
8.7000E-03 4.2399E+00 9.3992E-02 9.3993E-02 2.5197E-07  1.8998E-04 4.0254E-01 3.0035E-08   184
8.7000E-03 4.2403E+00 9.5621E-02 9.5621E-02 2.6248E-07  1.9032E-04 4.0254E-01 3.1288E-08   184
8.7000E-03 4.2406E+00 9.7203E-02 9.7203E-02 2.7372E-07  1.8922E-04 4.0254E-01 3.2626E-08   184
8.7000E-03 4.2410E+00 9.8590E-02 9.8588E-02 2.8506E-07  1.8961E-04 4.0254E-01 3.3978E-08   184
8.7000E-03 4.2413E+00 9.9620E-02 9.9622E-02 2.9578E-07  1.8964E-04 4.0254E-01 3.5256E-08   184
8.7000E-03 4.2417E+00 1.0017E-01 1.0017E-01 3.0522E-07  1.9098E-04 4.0254E-01 3.6381E-08   184
8.7000E-03 4.2420E+00 1.0015E-01 1.0015E-01 3.1277E-07  1.8996E-04 4.0254E-01 3.7281E-08   184
8.7000E-03 4.2424E+00 9.9513E-02 9.9511E-02 3.1805E-07  1.8885E-04 4.0254E-01 3.7911E-08   184
8.7000E-03 4.2427E+00 9.8286E-02 9.8285E-02 3.2087E-07  1.8890E-04 4.0254E-01 3.8248E-08   184
8.7000E-03 4.2431E+00 9.6536E-02 9.6536E-02 3.2129E-07  1.9023E-04 4.0254E-01 3.8298E-08   184
8.7000E-03 4.2434E+00 9.4364E-02 9.4364E-02 3.1958E-07  1.9071E-04 4.0254E-01 3.8093E-08   184
8.7000E-03 4.2438E+00 9.1878E-02 9.1879E-02 3.1608E-07  1.9038E-04 4.0254E-01 3.7676E-08   184
8.7000E-03 4.2441E+00 8.9200E-02 8.9201E-02 3.1125E-07  1.8762E-04 4.0254E-01 3.7101E-08   184
8.7000E-03 4.2445E+00 8.6423E-02 8.6420E-02 3.0550E-07  1.8843E-04 4.0255E-01 3.6416E-08   184
8.7000E-03 4.2448E+00 8.3611E-02 8.3611E-02 2.9920E-07  1.8809E-04 4.0254E-01 3.5664E-08   184
8.7000E-03 4.2452E+00 8.0828E-02 8.0827E-02 2.9266E-07  1.8844E-04 4.0255E-01 3.4885E-08   184
8.7000E-03 4.2455E+00 7.8093E-02 7.8093E-02 2.8606E-07  1.8769E-04 4.0255E-01 3.4099E-08   184
8.7000E-03 4.2459E+00 7.5417E-02 7.5418E-02 2.7952E-07  1.8849E-04 4.0255E-01 3.3319E-08   184
8.7000E-03 4.2462E+00 7.2792E-02 7.2792E-02 2.7306E-07  1.8726E-04 4.0255E-01 3.2549E-08   184
8.7000E-03 4.2465E+00 7.0258E-02 7.0259E-02 2.6679E-07  1.8757E-04 4.0255E-01 3.1802E-08   184
8.7000E-03 4.2469E+00 6.7777E-02 6.7777E-02 2.6063E-07  1.8671E-04 4.0255E-01 3.1066E-08   184
8.7000E-03 4.2472E+00 6.5307E-02 6.5307E-02 2.5445E-07  1.8660E-04 4.0255E-01 3.0331E-08   184
8.7000E-03 4.2476E+00 6.2894E-02 6.2893E-02 2.4840E-07  1.8738E-04 4.0255E-01 2.9609E-08   184
8.7000E-03 4.2479E+00 6.0547E-02 6.0546E-02 2.4251E-07  1.8421E-04 4.0255E-01 2.8908E-08   184
8.7000E-03 4.2483E+00 5.8260E-02 5.8259E-02 2.3683E-07  1.8599E-04 4.0255E-01 2.8231E-08   184
8.7000E-03 4.2486E+00 5.6027E-02 5.6027E-02 2.3139E-07  1.8570E-04 4.0255E-01 2.7582E-08   184
8.7000E-03 4.2490E+00 5.3836E-02 5.3836E-02 2.2617E-07  1.8570E-04 4.0255E-01 2.6959E-08   184
8.7000E-03 4.2493E+00 5.1661E-02 5.1661E-02 2.2112E-07  1.8518E-04 4.0255E-01 2.6358E-08   184
8.7000E-03 4.2497E+00 4.9481E-02 4.9480E-02 2.1614E-07  1.8549E-04 4.0255E-01 2.5765E-08   184
8.7000E-03 4.2500E+00 4.7272E-02 4.7273E-02 2.1113E-07  1.8612E-04 4.0255E-01 2.5167E-08   184
8.7000E-03 4.2504E+00 4.5113E-02 4.5112E-02 2.0615E-07  1.8503E-04 4.0255E-01 2.4573E-08   184
8.7000E-03 4.2507E+00 4.2854E-02 4.2853E-02 2.0079E-07  1.8366E-04 4.0255E-01 2.3935E-08   184
8.7000E-03 4.2511E+00 4.0590E-02 4.0591E-02 1.9518E-07  1.8435E-04 4.0255E-01 2.3266E-08   184
8.7000E-03 4.2514E+00 3.8338E-02 3.8338E-02 1.8931E-07  1.8340E-04 4.0255E-01 2.2566E-08   184
8.7000E-03 4.2518E+00 3.6131E-02 3.6131E-02 1.8322E-07  1.8332E-04 4.0255E-01 2.1840E-08   184
8.7000E-03 4.2521E+00 3.3991E-02 3.3990E-02 1.7698E-07  1.8283E-04 4.0255E-01 2.1097E-08   184
8.7000E-03 4.2525E+00 3.1933E-02 3.1934E-02 1.7065E-07  1.8246E-04 4.0255E-01 2.0342E-08   184
8.7000E-03 4.2528E+00 3.0047E-02 3.0047E-02 1.6453E-07  1.8114E-04 4.0255E-01 1.9613E-08   184
8.7000E-03 4.2532E+00 2.8209E-02 2.8210E-02 1.5829E-07  1.8217E-04 4.0255E-01 1.8868E-08   184
8.7000E-03 4.2535E+00 2.6496E-02 2.6496E-02 1.5219E-07  1.8213E-04 4.0255E-01 1.8142E-08   184
8.7000E-03 4.2539E+00 2.4899E-02 2.4900E-02 1.4626E-07  1.7893E-04 4.0255E-01 1.7434E-08   184
8.7000E-03 4.2542E+00 2.3423E-02 2.3424E-02 1.4055E-07  1.8100E-04 4.0255E-01 1.6754E-08   184
8.7000E-03 4.2546E+00 2.2058E-02 2.2058E-02 1.3508E-07  1.7970E-04 4.0255E-01 1.6101E-08   184
8.7000E-03 4.2549E+00 2.0838E-02 2.0837E-02 1.3001E-07  1.7823E-04 4.0255E-01 1.5497E-08   184
8.7000E-03 4.2553E+00 1.9672E-02 1.9671E-02 1.2501E-07  1.7899E-04 4.0255E-01 1.4902E-08   184
8.7000E-03 4.2556E+00 1.8600E-02 1.8600E-02 1.2029E-07  1.7884E-04 4.0255E-01 1.4338E-08   184
8.7000E-03 4.2560E+00 1.7612E-02 1.7612E-02 1.1580E-07  1.7875E-04 4.0255E-01 1.3805E-08   184
8.7000E-03 4.2563E+00 1.6712E-02 1.6712E-02 1.1161E-07  1.7666E-04 4.0255E-01 1.3304E-08   184
8.7000E-03 4.2567E+00 1.5881E-02 1.5881E-02 1.0764E-07  1.7545E-04 4.0255E-01 1.2831E-08   184
8.7000E-03 4.2570E+00 1.5100E-02 1.5100E-02 1.0384E-07  1.7565E-04 4.0255E-01 1.2378E-08   184
8.7000E-03 4.2574E+00 1.4378E-02 1.4377E-02 1.0023E-07  1.7387E-04 4.0255E-01 1.1947E-08   184
8.7000E-03 4.2577E+00 1.3710E-02 1.3710E-02 9.6837E-08  1.7287E-04 4.0255E-01 1.1544E-08   184
8.7000E-03 4.2581E+00 1.3102E-02 1.3101E-02 9.3680E-08  1.7569E-04 4.0255E-01 1.1167E-08   184
8.7000E-03 4.2584E+00 1.2522E-02 1.2521E-02 9.0617E-08  1.7164E-04 4.0254E-01 1.0802E-08   184
8.7000E-03 4.2588E+00 1.1981E-02 1.1981E-02 8.7715E-08  1.6990E-04 4.0255E-01 1.0456E-08   184
8.7000E-03 4.2591E+00 1.1488E-02 1.1488E-02 8.5026E-08  1.7090E-04 4.0255E-01 1.0135E-08   184
8.7000E-03 4.2595E+00 1.1018E-02 1.1018E-02 8.2420E-08  1.7340E-04 4.0255E-01 9.8245E-09   184
8.7000E-03 4.2598E+00 1.0577E-02 1.0577E-02 7.9937E-08  1.7094E-04 4.0255E-01 9.5288E-09   184
8.7000E-03 4.2601E+00 1.0162E-02 1.0162E-02 7.7569E-08  1.7235E-04 4.0255E-01 9.2466E-09   184
8.7000E-03 4.2605E+00 9.7856E-03 9.7855E-03 7.5394E-08  1.7240E-04 4.0255E-01 8.9877E-09   184
8.7000E-03 4.2608E+00 9.4194E-03 9.4193E-03 7.3251E-08  1.6981E-04 4.0255E-01 8.7319E-09   184
8.7000E-03 4.2612E+00 9.0756E-03 9.0755E-03 7.1214E-08  1.7222E-04 4.0255E-01 8.4889E-09   184
8.7000E-03 4.2615E+00 8.7540E-03 8.7540E-03 6.9287E-08  1.7216E-04 4.0255E-01 8.2592E-09   184
8.7000E-03 4.2619E+00 8.4542E-03 8.4541E-03 6.7467E-08  1.7342E-04 4.0255E-01 8.0423E-09   184
8.7000E-03 4.2622E+00 8.1654E-03 8.1653E-03 6.5696E-08  1.7493E-04 4.0255E-01 7.8310E-09   184
8.7000E-03 4.2626E+00 7.8928E-03 7.8929E-03 6.4009E-08  1.7728E-04 4.0255E-01 7.6301E-09   184
8.7000E-03 4.2629E+00 7.6405E-03 7.6406E-03 6.2430E-08  1.8178E-04 4.0255E-01 7.4418E-09   184
8.7000E-03 4.2633E+00 7.3952E-03 7.3951E-03 6.0882E-08  1.8523E-04 4.0255E-01 7.2572E-09   184
8.7000E-03 4.2636E+00 7.1674E-03 7.1675E-03 5.9433E-08  1.8913E-04 4.0255E-01 7.0845E-09   184
8.7000E-03 4.2640E+00 6.9469E-03 6.9468E-03 5.8017E-08  1.9352E-04 4.0255E-01 6.9157E-09   184
8.7000E-03 4.2643E+00 6.7359E-03 6.7359E-03 5.6655E-08  1.9565E-04 4.0255E-01 6.7533E-09   184
8.7000E-03 4.2647E+00 6.5379E-03 6.5381E-03 5.5370E-08  2.0004E-04 4.0255E-01 6.5998E-09   184
8.7000E-03 4.2650E+00 6.3484E-03 6.3482E-03 5.4129E-08  2.0606E-04 4.0255E-01 6.4521E-09   184
8.7000E-03 4.2654E+00 6.1644E-03 6.1643E-03 5.2919E-08  2.0906E-04 4.0255E-01 6.3078E-09   184
8.7000E-03 4.2657E+00 5.9942E-03 5.9942E-03 5.1797E-08  2.1249E-04 4.0255E-01 6.1739E-09   184
8.7000E-03 4.2661E+00 5.8255E-03 5.8254E-03 5.0679E-08  2.1836E-04 4.0255E-01 6.0408E-09   184
8.7000E-03 4.2664E+00 5.6646E-03 5.6645E-03 4.9610E-08  2.1906E-04 4.0255E-01 5.9130E-09   184
8.7000E-03 4.2668E+00 5.5130E-03 5.5129E-03 4.8597E-08  2.2183E-04 4.0255E-01 5.7923E-09   184
8.7000E-03 4.2671E+00 5.3638E-03 5.3637E-03 4.7599E-08  2.2221E-04 4.0255E-01 5.6736E-09   184
8.7000E-03 4.2675E+00 5.2240E-03 5.2239E-03 4.6660E-08  2.2366E-04 4.0255E-01 5.5616E-09   184
8.7000E-03 4.2678E+00 5.0863E-03 5.0862E-03 4.5730E-08  2.2493E-04 4.0255E-01 5.4507E-09   184
8.7000E-03 4.2682E+00 4.9533E-03 4.9532E-03 4.4830E-08  2.2687E-04 4.0255E-01 5.3433E-09   184
8.7000E-03 4.2685E+00 4.8294E-03 4.8294E-03 4.3987E-08  2.2585E-04 4.0255E-01 5.2429E-09   184
8.7000E-03 4.2689E+00 4.7058E-03 4.7058E-03 4.3143E-08  2.2624E-04 4.0255E-01 5.1424E-09   184
8.7000E-03 4.2692E+00 4.5908E-03 4.5908E-03 4.2354E-08  2.2604E-04 4.0255E-01 5.0482E-09   184
8.7000E-03 4.2696E+00 4.4762E-03 4.4761E-03 4.1563E-08  2.2598E-04 4.0255E-01 4.9539E-09   184
8.7000E-03 4.2699E+00 4.3671E-03 4.3670E-03 4.0806E-08  2.2522E-04 4.0255E-01 4.8638E-09   184
8.7000E-03 4.2703E+00 4.2631E-03 4.2630E-03 4.0079E-08  2.2596E-04 4.0255E-01 4.7772E-09   184
8.7000E-03 4.2706E+00 4.1612E-03 4.1613E-03 3.9364E-08  2.2530E-04 4.0255E-01 4.6918E-09   184
8.7000E-03 4.2710E+00 4.0653E-03 4.0652E-03 3.8685E-08  2.2468E-04 4.0255E-01 4.6109E-09   184
8.7000E-03 4.2713E+00 3.9704E-03 3.9704E-03 3.8009E-08  2.2415E-04 4.0255E-01 4.5305E-09   184
8.7000E-03 4.2717E+00 3.8816E-03 3.8815E-03 3.7373E-08  2.2348E-04 4.0255E-01 4.4545E-09   184
8.7000E-03 4.2720E+00 3.7932E-03 3.7932E-03 3.6736E-08  2.2214E-04 4.0255E-01 4.3787E-09   184
8.7000E-03 4.2724E+00 3.7108E-03 3.7108E-03 3.6138E-08  2.2071E-04 4.0255E-01 4.3074E-09   184
8.7000E-03 4.2727E+00 3.6284E-03 3.6284E-03 3.5537E-08  2.2196E-04 4.0255E-01 4.2357E-09   184
8.7000E-03 4.2731E+00 3.5515E-03 3.5515E-03 3.4972E-08  2.2155E-04 4.0255E-01 4.1685E-09   184
8.7000E-03 4.2734E+00 3.4746E-03 3.4745E-03 3.4405E-08  2.2000E-04 4.0255E-01 4.1009E-09   184
8.7000E-03 4.2737E+00 3.4029E-03 3.4028E-03 3.3872E-08  2.1978E-04 4.0255E-01 4.0374E-09   184
8.7000E-03 4.2741E+00 3.3310E-03 3.3309E-03 3.3336E-08  2.2030E-04 4.0255E-01 3.9735E-09   184
8.7000E-03 4.2744E+00 3.2636E-03 3.2636E-03 3.2831E-08  2.1943E-04 4.0255E-01 3.9132E-09   184
8.7000E-03 4.2748E+00 3.1966E-03 3.1966E-03 3.2326E-08  2.1890E-04 4.0255E-01 3.8531E-09   184
8.7000E-03 4.2751E+00 3.1334E-03 3.1334E-03 3.1847E-08  2.1886E-04 4.0255E-01 3.7959E-09   184
8.7000E-03 4.2755E+00 3.0702E-03 3.0703E-03 3.1366E-08  2.1684E-04 4.0255E-01 3.7386E-09   184
8.7000E-03 4.2758E+00 3.0112E-03 3.0112E-03 3.0914E-08  2.1641E-04 4.0255E-01 3.6847E-09   184
8.7000E-03 4.2762E+00 2.9531E-03 2.9530E-03 3.0468E-08  2.1754E-04 4.0255E-01 3.6316E-09   184
8.7000E-03 4.2765E+00 2.8962E-03 2.8963E-03 3.0029E-08  2.1669E-04 4.0255E-01 3.5793E-09   184
8.7000E-03 4.2769E+00 2.8413E-03 2.8413E-03 2.9603E-08  2.1477E-04 4.0255E-01 3.5286E-09   184
8.7000E-03 4.2772E+00 2.7881E-03 2.7880E-03 2.9188E-08  2.1522E-04 4.0255E-01 3.4790E-09   184
8.7000E-03 4.2776E+00 2.7371E-03 2.7371E-03 2.8791E-08  2.1491E-04 4.0255E-01 3.4318E-09   184
8.7000E-03 4.2779E+00 2.6861E-03 2.6861E-03 2.8390E-08  2.1397E-04 4.0254E-01 3.3838E-09   184
8.7000E-03 4.2783E+00 2.6380E-03 2.6380E-03 2.8011E-08  2.1402E-04 4.0255E-01 3.3388E-09   184
8.7000E-03 4.2786E+00 2.5898E-03 2.5898E-03 2.7630E-08  2.1408E-04 4.0255E-01 3.2934E-09   184
8.7000E-03 4.2790E+00 2.5443E-03 2.5443E-03 2.7269E-08  2.1228E-04 4.0255E-01 3.2503E-09   184
8.7000E-03 4.2793E+00 2.4999E-03 2.4998E-03 2.6914E-08  2.1139E-04 4.0255E-01 3.2080E-09   184
8.7000E-03 4.2797E+00 2.4557E-03 2.4557E-03 2.6561E-08  2.1672E-04 4.0255E-01 3.1661E-09   184
8.7000E-03 4.2800E+00 2.4140E-03 2.4140E-03 2.6226E-08  2.1295E-04 4.0254E-01 3.1260E-09   184
8.7000E-03 4.2804E+00 2.3726E-03 2.3726E-03 2.5893E-08  2.1042E-04 4.0255E-01 3.0864E-09   184
8.7000E-03 4.2807E+00 2.3321E-03 2.3321E-03 2.5566E-08  2.1235E-04 4.0255E-01 3.0473E-09   184
8.7000E-03 4.2811E+00 2.2937E-03 2.2937E-03 2.5253E-08  2.1340E-04 4.0255E-01 3.0100E-09   184
8.7000E-03 4.2814E+00 2.2551E-03 2.2551E-03 2.4940E-08  2.0943E-04 4.0255E-01 2.9726E-09   184
8.7000E-03 4.2818E+00 2.2181E-03 2.2181E-03 2.4637E-08  2.1032E-04 4.0255E-01 2.9366E-09   184
8.7000E-03 4.2821E+00 2.1823E-03 2.1823E-03 2.4344E-08  2.1447E-04 4.0255E-01 2.9018E-09   184
8.7000E-03 4.2825E+00 2.1464E-03 2.1464E-03 2.4049E-08  2.1096E-04 4.0255E-01 2.8665E-09   184
8.7000E-03 4.2828E+00 2.1123E-03 2.1123E-03 2.3768E-08  2.1064E-04 4.0255E-01 2.8330E-09   184
8.7000E-03 4.2832E+00 2.0788E-03 2.0788E-03 2.3490E-08  2.0993E-04 4.0254E-01 2.7999E-09   184
8.7000E-03 4.2835E+00 2.0457E-03 2.0457E-03 2.3215E-08  2.1054E-04 4.0255E-01 2.7674E-09   184
8.7000E-03 4.2839E+00 2.0142E-03 2.0142E-03 2.2953E-08  2.1160E-04 4.0255E-01 2.7359E-09   184
8.7000E-03 4.2842E+00 1.9828E-03 1.9828E-03 2.2691E-08  2.0934E-04 4.0255E-01 2.7047E-09   184
8.7000E-03 4.2846E+00 1.9522E-03 1.9522E-03 2.2434E-08  2.0828E-04 4.0254E-01 2.6740E-09   184
8.7000E-03 4.2849E+00 1.9229E-03 1.9229E-03 2.2188E-08  2.0782E-04 4.0255E-01 2.6448E-09   184
8.7000E-03 4.2853E+00 1.8934E-03 1.8934E-03 2.1940E-08  2.1213E-04 4.0255E-01 2.6151E-09   184
8.7000E-03 4.2856E+00 1.8653E-03 1.8653E-03 2.1701E-08  2.0855E-04 4.0255E-01 2.5867E-09   184
8.7000E-03 4.2860E+00 1.8377E-03 1.8377E-03 2.1468E-08  2.0793E-04 4.0254E-01 2.5589E-09   184
8.7000E-03 4.2863E+00 1.8108E-03 1.8107E-03 2.1239E-08  2.0708E-04 4.0254E-01 2.5317E-09   184
8.7000E-03 4.2866E+00 1.7839E-03 1.7839E-03 2.1010E-08  2.1028E-04 4.0255E-01 2.5043E-09   184
8.7000E-03 4.2870E+00 1.7582E-03 1.7583E-03 2.0790E-08  2.0818E-04 4.0255E-01 2.4782E-09   184
8.7000E-03 4.2873E+00 1.7332E-03 1.7332E-03 2.0576E-08  2.0633E-04 4.0254E-01 2.4525E-09   184
8.7000E-03 4.2877E+00 1.7083E-03 1.7083E-03 2.0361E-08  2.0730E-04 4.0255E-01 2.4270E-09   184
8.7000E-03 4.2880E+00 1.6839E-03 1.6839E-03 2.0152E-08  2.0746E-04 4.0255E-01 2.4019E-09   184
8.7000E-03 4.2884E+00 1.6605E-03 1.6604E-03 1.9949E-08  2.1048E-04 4.0255E-01 2.3778E-09   184
8.7000E-03 4.2887E+00 1.6376E-03 1.6375E-03 1.9750E-08  2.0660E-04 4.0255E-01 2.3541E-09   184
8.7000E-03 4.2891E+00 1.6144E-03 1.6144E-03 1.9549E-08  2.0794E-04 4.0254E-01 2.3302E-09   184
8.7000E-03 4.2894E+00 1.5924E-03 1.5923E-03 1.9356E-08  2.0752E-04 4.0254E-01 2.3072E-09   184
8.7000E-03 4.2898E+00 1.5708E-03 1.5708E-03 1.9168E-08  2.0577E-04 4.0255E-01 2.2848E-09   184
8.7000E-03 4.2901E+00 1.5495E-03 1.5495E-03 1.8981E-08  2.0854E-04 4.0255E-01 2.2626E-09   184
8.7000E-03 4.2905E+00 1.5287E-03 1.5287E-03 1.8799E-08  2.0545E-04 4.0255E-01 2.2407E-09   184
8.7000E-03 4.2908E+00 1.5081E-03 1.5081E-03 1.8617E-08  2.0405E-04 4.0255E-01 2.2190E-09   184
8.7000E-03 4.2912E+00 1.4883E-03 1.4883E-03 1.8442E-08  2.0547E-04 4.0254E-01 2.1982E-09   184
8.7000E-03 4.2915E+00 1.4689E-03 1.4688E-03 1.8270E-08  2.0724E-04 4.0254E-01 2.1777E-09   184
8.7000E-03 4.2919E+00 1.4498E-03 1.4498E-03 1.8101E-08  2.0824E-04 4.0254E-01 2.1576E-09   184
8.7000E-03 4.2922E+00 1.4306E-03 1.4306E-03 1.7930E-08  2.0669E-04 4.0255E-01 2.1372E-09   184
8.7000E-03 4.2926E+00 1.4122E-03 1.4122E-03 1.7766E-08  2.1056E-04 4.0255E-01 2.1175E-09   184
8.7000E-03 4.2929E+00 1.3943E-03 1.3943E-03 1.7605E-08  2.0498E-04 4.0255E-01 2.0985E-09   184
8.7000E-03 4.2933E+00 1.3767E-03 1.3767E-03 1.7448E-08  2.0430E-04 4.0254E-01 2.0797E-09   184
8.7000E-03 4.2936E+00 1.3592E-03 1.3592E-03 1.7291E-08  2.0292E-04 4.0254E-01 2.0610E-09   184
8.7000E-03 4.2940E+00 1.3422E-03 1.3422E-03 1.7138E-08  2.0480E-04 4.0255E-01 2.0429E-09   184
8.7000E-03 4.2943E+00 1.3256E-03 1.3255E-03 1.6987E-08  2.0859E-04 4.0255E-01 2.0248E-09   184
8.7000E-03 4.2947E+00 1.3090E-03 1.3090E-03 1.6837E-08  2.0941E-04 4.0255E-01 2.0070E-09   184
8.7000E-03 4.2950E+00 1.2930E-03 1.2931E-03 1.6692E-08  2.0886E-04 4.0254E-01 1.9896E-09   184
8.7000E-03 4.2954E+00 1.2774E-03 1.2773E-03 1.6549E-08  2.0583E-04 4.0254E-01 1.9725E-09   184
8.7000E-03 4.2957E+00 1.2619E-03 1.2619E-03 1.6409E-08  2.0290E-04 4.0254E-01 1.9558E-09   184
8.7000E-03 4.2961E+00 1.2467E-03 1.2467E-03 1.6270E-08  2.0260E-04 4.0255E-01 1.9393E-09   184
8.7000E-03 4.2964E+00 1.2318E-03 1.2318E-03 1.6133E-08  2.0171E-04 4.0255E-01 1.9230E-09   184
8.7000E-03 4.2968E+00 1.2169E-03 1.2169E-03 1.5996E-08  2.0460E-04 4.0255E-01 1.9068E-09   184
8.7000E-03 4.2971E+00 1.2026E-03 1.2026E-03 1.5865E-08  2.0587E-04 4.0255E-01 1.8910E-09   184
8.7000E-03 4.2975E+00 1.1885E-03 1.1885E-03 1.5735E-08  2.0717E-04 4.0255E-01 1.8756E-09   184
8.7000E-03 4.2978E+00 1.1747E-03 1.1747E-03 1.5607E-08  2.0613E-04 4.0254E-01 1.8602E-09   184
8.7000E-03 4.2982E+00 1.1611E-03 1.1611E-03 1.5481E-08  2.0710E-04 4.0254E-01 1.8452E-09   184
8.7000E-03 4.2985E+00 1.1478E-03 1.1477E-03 1.5357E-08  2.0399E-04 4.0254E-01 1.8305E-09   184
8.7000E-03 4.2989E+00 1.1347E-03 1.1346E-03 1.5235E-08  2.0395E-04 4.0255E-01 1.8159E-09   184
8.7000E-03 4.2992E+00 1.1217E-03 1.1217E-03 1.5114E-08  1.9846E-04 4.0255E-01 1.8016E-09   184
8.7000E-03 4.2996E+00 1.1090E-03 1.1090E-03 1.4995E-08  2.0281E-04 4.0255E-01 1.7874E-09   184
8.7000E-03 4.2999E+00 1.0965E-03 1.0965E-03 1.4878E-08  2.0745E-04 4.0255E-01 1.7735E-09   184
8.7000E-03 4.3002E+00 1.0842E-03 1.0842E-03 1.4763E-08  2.0624E-04 4.0255E-01 1.7597E-09   184
8.7000E-03 4.3006E+00 1.0722E-03 1.0722E-03 1.4649E-08  2.0778E-04 4.0255E-01 1.7462E-09   184
8.7000E-03 4.3009E+00 1.0603E-03 1.0603E-03 1.4537E-08  2.0683E-04 4.0254E-01 1.7328E-09   184
8.7000E-03 4.3013E+00 1.0487E-03 1.0486E-03 1.4427E-08  1.9919E-04 4.0254E-01 1.7196E-09   184
8.7000E-03 4.3016E+00 1.0372E-03 1.0372E-03 1.4318E-08  2.0340E-04 4.0255E-01 1.7066E-09   184
8.7000E-03 4.3020E+00 1.0259E-03 1.0259E-03 1.4211E-08  2.0107E-04 4.0255E-01 1.6939E-09   184
8.7000E-03 4.3023E+00 1.0148E-03 1.0148E-03 1.4106E-08  2.0423E-04 4.0255E-01 1.6815E-09   184
8.7000E-03 4.3027E+00 1.0040E-03 1.0040E-03 1.4002E-08  2.0211E-04 4.0255E-01 1.6691E-09   184
8.7000E-03 4.3030E+00 9.9328E-04 9.9325E-04 1.3900E-08  2.0402E-04 4.0255E-01 1.6568E-09   184
8.7000E-03 4.3034E+00 9.8273E-04 9.8275E-04 1.3799E-08  2.0201E-04 4.0254E-01 1.6448E-09   184
8.7000E-03 4.3037E+00 9.7235E-04 9.7235E-04 1.3699E-08  2.0564E-04 4.0255E-01 1.6329E-09   184
8.7000E-03 4.3041E+00 9.6215E-04 9.6216E-04 1.3601E-08  2.0732E-04 4.0254E-01 1.6212E-09   184
8.7000E-03 4.3044E+00 9.5213E-04 9.5213E-04 1.3504E-08  2.0261E-04 4.0255E-01 1.6097E-09   184
8.7000E-03 4.3048E+00 9.4224E-04 9.4225E-04 1.3409E-08  2.0478E-04 4.0255E-01 1.5983E-09   184
8.7000E-03 4.3051E+00 9.3248E-04 9.3246E-04 1.3314E-08  2.0354E-04 4.0254E-01 1.5871E-09   184
8.7000E-03 4.3055E+00 9.2286E-04 9.2286E-04 1.3221E-08  2.0110E-04 4.0255E-01 1.5759E-09   184
8.7000E-03 4.3058E+00 9.1352E-04 9.1350E-04 1.3130E-08  2.0157E-04 4.0255E-01 1.5651E-09   184
8.7000E-03 4.3062E+00 9.0420E-04 9.0422E-04 1.3040E-08  2.0148E-04 4.0254E-01 1.5543E-09   184
8.7000E-03 4.3065E+00 8.9508E-04 8.9509E-04 1.2951E-08  2.0262E-04 4.0254E-01 1.5436E-09   184
8.7000E-03 4.3069E+00 8.8609E-04 8.8607E-04 1.2862E-08  2.0265E-04 4.0255E-01 1.5332E-09   184
8.7000E-03 4.3072E+00 8.7721E-04 8.7722E-04 1.2776E-08  2.0363E-04 4.0255E-01 1.5227E-09   184
8.7000E-03 4.3076E+00 8.6850E-04 8.6850E-04 1.2690E-08  2.0550E-04 4.0255E-01 1.5126E-09   184
8.7000E-03 4.3079E+00 8.5988E-04 8.5988E-04 1.2605E-08  2.0437E-04 4.0254E-01 1.5025E-09   184
8.7000E-03 4.3083E+00 8.5140E-04 8.5140E-04 1.2522E-08  2.0176E-04 4.0255E-01 1.4926E-09   184
8.7000E-03 4.3086E+00 8.4306E-04 8.4305E-04 1.2439E-08  2.0207E-04 4.0255E-01 1.4827E-09   184
8.7000E-03 4.3090E+00 8.3483E-04 8.3483E-04 1.2358E-08  2.0637E-04 4.0254E-01 1.4729E-09   184
8.7000E-03 4.3093E+00 8.2683E-04 8.2686E-04 1.2278E-08  2.0185E-04 4.0254E-01 1.4636E-09   184
8.7000E-03 4.3097E+00 8.1882E-04 8.1881E-04 1.2199E-08  2.0050E-04 4.0254E-01 1.4540E-09   184
8.7000E-03 4.3100E+00 8.1092E-04 8.1092E-04 1.2120E-08  2.0106E-04 4.0255E-01 1.4446E-09   184
8.7000E-03 4.3104E+00 8.0312E-04 8.0312E-04 1.2042E-08  2.0403E-04 4.0255E-01 1.4353E-09   184
8.7000E-03 4.3107E+00 7.9569E-04 7.9566E-04 1.1968E-08  2.0162E-04 4.0254E-01 1.4266E-09   184
8.7000E-03 4.3111E+00 7.8812E-04 7.8812E-04 1.1892E-08  2.0090E-04 4.0254E-01 1.4175E-09   184
8.7000E-03 4.3114E+00 7.8065E-04 7.8064E-04 1.1817E-08  2.0309E-04 4.0255E-01 1.4085E-09   184
8.7000E-03 4.3118E+00 7.7338E-04 7.7340E-04 1.1744E-08  1.9982E-04 4.0255E-01 1.3999E-09   184
8.7000E-03 4.3121E+00 7.6618E-04 7.6617E-04 1.1671E-08  2.0304E-04 4.0255E-01 1.3912E-09   184
8.7000E-03 4.3125E+00 7.5913E-04 7.5914E-04 1.1600E-08  2.0453E-04 4.0255E-01 1.3827E-09   184
8.7000E-03 4.3128E+00 7.5207E-04 7.5206E-04 1.1529E-08  2.0563E-04 4.0255E-01 1.3742E-09   184
8.7000E-03 4.3132E+00 7.4513E-04 7.4512E-04 1.1458E-08  2.0132E-04 4.0254E-01 1.3658E-09   184
8.7000E-03 4.3135E+00 7.3845E-04 7.3846E-04 1.1390E-08  1.9918E-04 4.0254E-01 1.3577E-09   184
8.7000E-03 4.3138E+00 7.3170E-04 7.3169E-04 1.1322E-08  2.0336E-04 4.0255E-01 1.3495E-09   184
8.7000E-03 4.3142E+00 7.2503E-04 7.2502E-04 1.1254E-08  2.0246E-04 4.0254E-01 1.3414E-09   184
8.7000E-03 4.3145E+00 7.1853E-04 7.1854E-04 1.1187E-08  2.0152E-04 4.0255E-01 1.3335E-09   184
8.7000E-03 4.3149E+00 7.1208E-04 7.1207E-04 1.1121E-08  2.0343E-04 4.0254E-01 1.3255E-09   184
8.7000E-03 4.3152E+00 7.0577E-04 7.0574E-04 1.1056E-08  2.0332E-04 4.0254E-01 1.3179E-09   184
8.7000E-03 4.3156E+00 6.9943E-04 6.9942E-04 1.0991E-08  2.0039E-04 4.0254E-01 1.3101E-09   184
8.7000E-03 4.3159E+00 6.9338E-04 6.9338E-04 1.0929E-08  2.0160E-04 4.0255E-01 1.3026E-09   184
8.7000E-03 4.3163E+00 6.8724E-04 6.8722E-04 1.0866E-08  2.0050E-04 4.0255E-01 1.2952E-09   184
8.7000E-03 4.3166E+00 6.8117E-04 6.8116E-04 1.0803E-08  2.0102E-04 4.0255E-01 1.2877E-09   184
8.7000E-03 4.3170E+00 6.7525E-04 6.7522E-04 1.0742E-08  2.0226E-04 4.0255E-01 1.2804E-09   184
8.7000E-03 4.3173E+00 6.6945E-04 6.6945E-04 1.0682E-08  2.0201E-04 4.0254E-01 1.2732E-09   184
8.7000E-03 4.3177E+00 6.6356E-04 6.6357E-04 1.0621E-08  2.0419E-04 4.0255E-01 1.2660E-09   184
8.7000E-03 4.3180E+00 6.5795E-04 6.5794E-04 1.0562E-08  2.0262E-04 4.0254E-01 1.2590E-09   184
8.7000E-03 4.3184E+00 6.5231E-04 6.5234E-04 1.0503E-08  1.9899E-04 4.0255E-01 1.2520E-09   184
8.7000E-03 4.3187E+00 6.4670E-04 6.4670E-04 1.0445E-08  2.0143E-04 4.0255E-01 1.2450E-09   184
8.7000E-03 4.3191E+00 6.4117E-04 6.4117E-04 1.0387E-08  2.0370E-04 4.0254E-01 1.2381E-09   184
8.7000E-03 4.3194E+00 6.3585E-04 6.3586E-04 1.0331E-08  2.0090E-04 4.0254E-01 1.2315E-09   184
8.7000E-03 4.3198E+00 6.3043E-04 6.3045E-04 1.0274E-08  1.9812E-04 4.0255E-01 1.2247E-09   184
8.7000E-03 4.3201E+00 6.2520E-04 6.2521E-04 1.0219E-08  1.9948E-04 4.0254E-01 1.2180E-09   184
8.7000E-03 4.3205E+00 6.2003E-04 6.2003E-04 1.0164E-08  2.0203E-04 4.0255E-01 1.2115E-09   184
8.7000E-03 4.3208E+00 6.1479E-04 6.1480E-04 1.0109E-08  2.0547E-04 4.0255E-01 1.2050E-09   184
8.7000E-03 4.3212E+00 6.0980E-04 6.0979E-04 1.0056E-08  2.0234E-04 4.0254E-01 1.1987E-09   184
8.7000E-03 4.3215E+00 6.0474E-04 6.0473E-04 1.0003E-08  1.9958E-04 4.0254E-01 1.1923E-09   184
8.7000E-03 4.3219E+00 5.9976E-04 5.9976E-04 9.9498E-09  1.9970E-04 4.0255E-01 1.1859E-09   184
8.7000E-03 4.3222E+00 5.9494E-04 5.9494E-04 9.8984E-09  2.0184E-04 4.0255E-01 1.1799E-09   184
8.7000E-03 4.3226E+00 5.9011E-04 5.9011E-04 9.8470E-09  1.9951E-04 4.0255E-01 1.1738E-09   184
8.7000E-03 4.3229E+00 5.8536E-04 5.8537E-04 9.7963E-09  2.0064E-04 4.0254E-01 1.1677E-09   184
8.7000E-03 4.3233E+00 5.8059E-04 5.8058E-04 9.7452E-09  2.0175E-04 4.0255E-01 1.1616E-09   184
8.7000E-03 4.3236E+00 5.7599E-04 5.7600E-04 9.6959E-09  2.0344E-04 4.0255E-01 1.1558E-09   184
8.7000E-03 4.3240E+00 5.7136E-04 5.7136E-04 9.6463E-09  2.0294E-04 4.0254E-01 1.1498E-09   184
8.7000E-03 4.3243E+00 5.6676E-04 5.6678E-04 9.5968E-09  1.9931E-04 4.0254E-01 1.1439E-09   184
8.7000E-03 4.3247E+00 5.6235E-04 5.6234E-04 9.5492E-09  1.9843E-04 4.0255E-01 1.1383E-09   184
8.7000E-03 4.3250E+00 5.5791E-04 5.5790E-04 9.5013E-09  2.0189E-04 4.0255E-01 1.1326E-09   184
8.7000E-03 4.3254E+00 5.5355E-04 5.5355E-04 9.4542E-09  2.0175E-04 4.0254E-01 1.1269E-09   184
8.7000E-03 4.3257E+00 5.4915E-04 5.4915E-04 9.4066E-09  2.0230E-04 4.0255E-01 1.1212E-09   184
8.7000E-03 4.3261E+00 5.4496E-04 5.4495E-04 9.3610E-09  2.0090E-04 4.0255E-01 1.1158E-09   184
8.7000E-03 4.3264E+00 5.4066E-04 5.4067E-04 9.3144E-09  2.0003E-04 4.0255E-01 1.1103E-09   184
8.7000E-03 4.3267E+00 5.3654E-04 5.3655E-04 9.2696E-09  2.0036E-04 4.0254E-01 1.1049E-09   184
8.7000E-03 4.3271E+00 5.3236E-04 5.3237E-04 9.2239E-09  2.0130E-04 4.0254E-01 1.0995E-09   184
8.7000E-03 4.3274E+00 5.2837E-04 5.2836E-04 9.1801E-09  2.0165E-04 4.0254E-01 1.0942E-09   184
8.7000E-03 4.3278E+00 5.2425E-04 5.2425E-04 9.1353E-09  2.0259E-04 4.0255E-01 1.0890E-09   184
8.7000E-03 4.3281E+00 5.2029E-04 5.2028E-04 9.0917E-09  2.0209E-04 4.0255E-01 1.0837E-09   184
8.7000E-03 4.3285E+00 5.1633E-04 5.1634E-04 9.0483E-09  2.0054E-04 4.0255E-01 1.0785E-09   184
8.7000E-03 4.3288E+00 5.1248E-04 5.1248E-04 9.0060E-09  1.9784E-04 4.0255E-01 1.0735E-09   184
8.7000E-03 4.3292E+00 5.0859E-04 5.0859E-04 8.9631E-09  1.9817E-04 4.0255E-01 1.0684E-09   184
8.7000E-03 4.3295E+00 5.0483E-04 5.0484E-04 8.9216E-09  2.0245E-04 4.0254E-01 1.0634E-09   184
8.7000E-03 4.3299E+00 5.0101E-04 5.0100E-04 8.8793E-09  2.0279E-04 4.0254E-01 1.0584E-09   184
8.7000E-03 4.3302E+00 4.9735E-04 4.9736E-04 8.8387E-09  2.0158E-04 4.0254E-01 1.0536E-09   184
8.7000E-03 4.3306E+00 4.9360E-04 4.9361E-04 8.7972E-09  2.0288E-04 4.0254E-01 1.0486E-09   184
8.7000E-03 4.3309E+00 4.9003E-04 4.9002E-04 8.7574E-09  1.9886E-04 4.0255E-01 1.0439E-09   184
8.7000E-03 4.3313E+00 4.8638E-04 4.8638E-04 8.7168E-09  1.9686E-04 4.0255E-01 1.0390E-09   184
8.7000E-03 4.3316E+00 4.8286E-04 4.8286E-04 8.6776E-09  1.9971E-04 4.0255E-01 1.0343E-09   184
8.7000E-03 4.3320E+00 4.7930E-04 4.7930E-04 8.6378E-09  2.0474E-04 4.0255E-01 1.0296E-09   184
8.7000E-03 4.3323E+00 4.7585E-04 4.7585E-04 8.5992E-09  2.0505E-04 4.0254E-01 1.0250E-09   184
8.7000E-03 4.3327E+00 4.7247E-04 4.7245E-04 8.5611E-09  2.0017E-04 4.0254E-01 1.0205E-09   184
8.7000E-03 4.3330E+00 4.6899E-04 4.6898E-04 8.5222E-09  1.9751E-04 4.0254E-01 1.0158E-09   184
8.7000E-03 4.3334E+00 4.6568E-04 4.6568E-04 8.4849E-09  1.9631E-04 4.0255E-01 1.0114E-09   184
8.7000E-03 4.3337E+00 4.6229E-04 4.6229E-04 8.4468E-09  2.0154E-04 4.0255E-01 1.0068E-09   184
8.7000E-03 4.3341E+00 4.5903E-04 4.5904E-04 8.4101E-09  2.0368E-04 4.0254E-01 1.0025E-09   184
8.7000E-03 4.3344E+00 4.5582E-04 4.5581E-04 8.3736E-09  2.0104E-04 4.0254E-01 9.9811E-10   184
8.7000E-03 4.3348E+00 4.5254E-04 4.5252E-04 8.3364E-09  1.9985E-04 4.0254E-01 9.9369E-10   184
8.7000E-03 4.3351E+00 4.4937E-04 4.4939E-04 8.3008E-09  1.9839E-04 4.0255E-01 9.8944E-10   184
8.7000E-03 4.3355E+00 4.4623E-04 4.4623E-04 8.2649E-09  1.9839E-04 4.0255E-01 9.8519E-10   184
8.7000E-03 4.3358E+00 4.4309E-04 4.4310E-04 8.2293E-09  2.0084E-04 4.0255E-01 9.8091E-10   184
8.7000E-03 4.3362E+00 4.4004E-04 4.4004E-04 8.1944E-09  2.0296E-04 4.0254E-01 9.7671E-10   184
8.7000E-03 4.3365E+00 4.3694E-04 4.3693E-04 8.1590E-09  2.0134E-04 4.0254E-01 9.7250E-10   184
8.7000E-03 4.3369E+00 4.3394E-04 4.3394E-04 8.1247E-09  2.0084E-04 4.0254E-01 9.6843E-10   184
8.7000E-03 4.3372E+00 4.3098E-04 4.3098E-04 8.0908E-09  1.9924E-04 4.0255E-01 9.6442E-10   184
8.7000E-03 4.3376E+00 4.2796E-04 4.2797E-04 8.0562E-09  2.0090E-04 4.0255E-01 9.6030E-10   184
8.7000E-03 4.3379E+00 4.2508E-04 4.2506E-04 8.0229E-09  2.0193E-04 4.0255E-01 9.5631E-10   184
8.7000E-03 4.3383E+00 4.2218E-04 4.2217E-04 7.9896E-09  1.9993E-04 4.0254E-01 9.5234E-10   184
8.7000E-03 4.3386E+00 4.1927E-04 4.1928E-04 7.9562E-09  1.9834E-04 4.0254E-01 9.4836E-10   184
8.7000E-03 4.3390E+00 4.1647E-04 4.1647E-04 7.9237E-09  1.9791E-04 4.0254E-01 9.4451E-10   184
8.7000E-03 4.3393E+00 4.1369E-04 4.1367E-04 7.8916E-09  1.9927E-04 4.0255E-01 9.4065E-10   184
8.7000E-03 4.3397E+00 4.1083E-04 4.1085E-04 7.8587E-09  2.0032E-04 4.0255E-01 9.3670E-10   184
8.7000E-03 4.3400E+00 4.0813E-04 4.0813E-04 7.8270E-09  1.9931E-04 4.0254E-01 9.3294E-10   184
