 DDSCAT --- DDSCAT 7.3.3 [22.01.20]   
 TARGET --->TARGSPHER  spherical target with explicit spacing                 
 GPFAFT --- method of solution 
 FLTRCD --- prescription for polarizabilities
 FROM_FILE --- shape 
    4169 = NAT0 = number of dipoles
 ../../diel/Pena-Rioux_dielectric_26Au_74Ag                  
 ../../diel/Pena-Rioux_dielectric_34Au_66Ag                  
 ../../diel/Pena-Rioux_dielectric_65Au_35Ag                  
 ../../diel/Au_evap                                          
   0.000   0.000 = beta_min, beta_max ;  NBETA = 1
   0.000   0.000 = theta_min, theta_max; NTHETA= 1
   0.000   0.000 = phi_min, phi_max   ;   NPHI = 1
 0.5000 = ETASCA (param. controlling # of scatt. dirs used to calculate <cos> etc.
 Results averaged over    1 target orientations
                   and  2 incident polarizations
   aeff       wave       Q_ext     Q_abs      Q_sca     g(1)=<cos>  <cos^2>    Q_bk       Nsca
 1.0000E-03 3.0000E-01 8.3392E-02 8.3391E-02 1.0780E-06  2.5976E-04 4.0217E-01 1.2849E-07   214
 1.0000E-03 3.0101E-01 8.2899E-02 8.2897E-02 1.0558E-06  2.5940E-04 4.0217E-01 1.2584E-07   214
 1.0000E-03 3.0203E-01 8.2432E-02 8.2431E-02 1.0343E-06  2.5903E-04 4.0217E-01 1.2328E-07   214
 1.0000E-03 3.0305E-01 8.1982E-02 8.1981E-02 1.0133E-06  2.5867E-04 4.0217E-01 1.2078E-07   214
 1.0000E-03 3.0408E-01 8.1547E-02 8.1546E-02 9.9291E-07  2.5788E-04 4.0217E-01 1.1835E-07   214
 1.0000E-03 3.0512E-01 8.1127E-02 8.1126E-02 9.7300E-07  2.5764E-04 4.0217E-01 1.1597E-07   214
 1.0000E-03 3.0616E-01 8.0723E-02 8.0722E-02 9.5358E-07  2.5697E-04 4.0217E-01 1.1366E-07   214
 1.0000E-03 3.0722E-01 8.0334E-02 8.0333E-02 9.3466E-07  2.5646E-04 4.0217E-01 1.1140E-07   214
 1.0000E-03 3.0828E-01 7.9963E-02 7.9962E-02 9.1634E-07  2.5586E-04 4.0217E-01 1.0922E-07   214
 1.0000E-03 3.0934E-01 7.9616E-02 7.9615E-02 8.9890E-07  2.5527E-04 4.0217E-01 1.0714E-07   214
 1.0000E-03 3.1042E-01 7.9281E-02 7.9280E-02 8.8187E-07  2.5478E-04 4.0217E-01 1.0511E-07   214
 1.0000E-03 3.1150E-01 7.8948E-02 7.8948E-02 8.6512E-07  2.5419E-04 4.0217E-01 1.0311E-07   214
 1.0000E-03 3.1259E-01 7.8625E-02 7.8624E-02 8.4873E-07  2.5357E-04 4.0217E-01 1.0116E-07   214
 1.0000E-03 3.1368E-01 7.8314E-02 7.8313E-02 8.3275E-07  2.5288E-04 4.0217E-01 9.9256E-08   214
 1.0000E-03 3.1479E-01 7.8017E-02 7.8016E-02 8.1719E-07  2.5231E-04 4.0217E-01 9.7402E-08   214
 1.0000E-03 3.1590E-01 7.7733E-02 7.7732E-02 8.0202E-07  2.5160E-04 4.0217E-01 9.5595E-08   214
 1.0000E-03 3.1702E-01 7.7462E-02 7.7462E-02 7.8726E-07  2.5132E-04 4.0217E-01 9.3835E-08   214
 1.0000E-03 3.1815E-01 7.7162E-02 7.7161E-02 7.7215E-07  2.5056E-04 4.0217E-01 9.2035E-08   214
 1.0000E-03 3.1929E-01 7.6873E-02 7.6872E-02 7.5738E-07  2.5001E-04 4.0217E-01 9.0274E-08   214
 1.0000E-03 3.2043E-01 7.6603E-02 7.6602E-02 7.4309E-07  2.4899E-04 4.0217E-01 8.8570E-08   214
 1.0000E-03 3.2158E-01 7.6374E-02 7.6373E-02 7.2955E-07  2.4839E-04 4.0217E-01 8.6958E-08   214
 1.0000E-03 3.2274E-01 7.6161E-02 7.6160E-02 7.1645E-07  2.4799E-04 4.0217E-01 8.5395E-08   214
 1.0000E-03 3.2391E-01 7.5964E-02 7.5964E-02 7.0376E-07  2.4705E-04 4.0217E-01 8.3882E-08   214
 1.0000E-03 3.2509E-01 7.5784E-02 7.5784E-02 6.9148E-07  2.4651E-04 4.0217E-01 8.2420E-08   214
 1.0000E-03 3.2628E-01 7.5621E-02 7.5620E-02 6.7962E-07  2.4573E-04 4.0217E-01 8.1006E-08   214
 1.0000E-03 3.2747E-01 7.5489E-02 7.5488E-02 6.6814E-07  2.4516E-04 4.0217E-01 7.9638E-08   214
 1.0000E-03 3.2868E-01 7.5392E-02 7.5391E-02 6.5742E-07  2.4433E-04 4.0217E-01 7.8360E-08   214
 1.0000E-03 3.2989E-01 7.5328E-02 7.5328E-02 6.4747E-07  2.4336E-04 4.0217E-01 7.7174E-08   214
 1.0000E-03 3.3111E-01 7.5300E-02 7.5300E-02 6.3829E-07  2.4276E-04 4.0217E-01 7.6080E-08   214
 1.0000E-03 3.3234E-01 7.5295E-02 7.5294E-02 6.2970E-07  2.4173E-04 4.0217E-01 7.5056E-08   214
 1.0000E-03 3.3358E-01 7.5319E-02 7.5318E-02 6.2179E-07  2.4124E-04 4.0217E-01 7.4114E-08   214
 1.0000E-03 3.3483E-01 7.5379E-02 7.5378E-02 6.1466E-07  2.4029E-04 4.0217E-01 7.3265E-08   214
 1.0000E-03 3.3609E-01 7.5510E-02 7.5510E-02 6.0890E-07  2.3923E-04 4.0217E-01 7.2578E-08   214
 1.0000E-03 3.3736E-01 7.5720E-02 7.5719E-02 6.0464E-07  2.3818E-04 4.0217E-01 7.2070E-08   214
 1.0000E-03 3.3864E-01 7.5973E-02 7.5973E-02 6.0133E-07  2.3758E-04 4.0217E-01 7.1675E-08   214
 1.0000E-03 3.3992E-01 7.6274E-02 7.6273E-02 5.9898E-07  2.3661E-04 4.0217E-01 7.1396E-08   214
 1.0000E-03 3.4122E-01 7.6623E-02 7.6622E-02 5.9764E-07  2.3553E-04 4.0217E-01 7.1237E-08   214
 1.0000E-03 3.4253E-01 7.7024E-02 7.7023E-02 5.9733E-07  2.3438E-04 4.0217E-01 7.1200E-08   214
 1.0000E-03 3.4385E-01 7.7476E-02 7.7476E-02 5.9806E-07  2.3332E-04 4.0217E-01 7.1286E-08   214
 1.0000E-03 3.4517E-01 7.7988E-02 7.7987E-02 5.9994E-07  2.3222E-04 4.0217E-01 7.1511E-08   214
 1.0000E-03 3.4651E-01 7.8547E-02 7.8547E-02 6.0283E-07  2.3121E-04 4.0217E-01 7.1855E-08   214
 1.0000E-03 3.4786E-01 7.9157E-02 7.9156E-02 6.0671E-07  2.3013E-04 4.0217E-01 7.2318E-08   214
 1.0000E-03 3.4922E-01 7.9820E-02 7.9819E-02 6.1163E-07  2.2890E-04 4.0217E-01 7.2905E-08   214
 1.0000E-03 3.5059E-01 8.0539E-02 8.0538E-02 6.1764E-07  2.2791E-04 4.0217E-01 7.3622E-08   214
 1.0000E-03 3.5197E-01 8.1319E-02 8.1318E-02 6.2481E-07  2.2676E-04 4.0217E-01 7.4477E-08   214
 1.0000E-03 3.5336E-01 8.2164E-02 8.2163E-02 6.3321E-07  2.2559E-04 4.0217E-01 7.5478E-08   214
 1.0000E-03 3.5476E-01 8.3065E-02 8.3064E-02 6.4269E-07  2.2424E-04 4.0217E-01 7.6608E-08   214
 1.0000E-03 3.5618E-01 8.4026E-02 8.4025E-02 6.5333E-07  2.2320E-04 4.0217E-01 7.7877E-08   214
 1.0000E-03 3.5760E-01 8.5050E-02 8.5049E-02 6.6518E-07  2.2193E-04 4.0217E-01 7.9290E-08   214
 1.0000E-03 3.5904E-01 8.6142E-02 8.6141E-02 6.7833E-07  2.2097E-04 4.0217E-01 8.0857E-08   214
 1.0000E-03 3.6048E-01 8.7307E-02 8.7306E-02 6.9287E-07  2.1962E-04 4.0217E-01 8.2591E-08   214
 1.0000E-03 3.6194E-01 8.8552E-02 8.8551E-02 7.0893E-07  2.1865E-04 4.0217E-01 8.4506E-08   214
 1.0000E-03 3.6341E-01 8.9879E-02 8.9878E-02 7.2659E-07  2.1735E-04 4.0217E-01 8.6611E-08   214
 1.0000E-03 3.6490E-01 9.1288E-02 9.1287E-02 7.4586E-07  2.1590E-04 4.0217E-01 8.8908E-08   214
 1.0000E-03 3.6639E-01 9.2788E-02 9.2787E-02 7.6693E-07  2.1483E-04 4.0217E-01 9.1420E-08   214
 1.0000E-03 3.6790E-01 9.4392E-02 9.4391E-02 7.9000E-07  2.1368E-04 4.0217E-01 9.4170E-08   214
 1.0000E-03 3.6942E-01 9.6104E-02 9.6104E-02 8.1523E-07  2.1223E-04 4.0217E-01 9.7177E-08   214
 1.0000E-03 3.7095E-01 9.7937E-02 9.7936E-02 8.4283E-07  2.1103E-04 4.0217E-01 1.0047E-07   214
 1.0000E-03 3.7250E-01 9.9903E-02 9.9903E-02 8.7311E-07  2.1006E-04 4.0217E-01 1.0408E-07   214
 1.0000E-03 3.7406E-01 1.0202E-01 1.0202E-01 9.0635E-07  2.0870E-04 4.0217E-01 1.0804E-07   214
 1.0000E-03 3.7563E-01 1.0428E-01 1.0428E-01 9.4261E-07  2.0737E-04 4.0217E-01 1.1236E-07   214
 1.0000E-03 3.7722E-01 1.0671E-01 1.0670E-01 9.8243E-07  2.3498E-04 4.0254E-01 1.1709E-07   184
 1.0000E-03 3.7881E-01 1.0931E-01 1.0931E-01 1.0258E-06  2.3340E-04 4.0254E-01 1.2226E-07   184
 1.0000E-03 3.8043E-01 1.1212E-01 1.1212E-01 1.0734E-06  2.3204E-04 4.0254E-01 1.2793E-07   184
 1.0000E-03 3.8205E-01 1.1514E-01 1.1514E-01 1.1256E-06  2.3072E-04 4.0254E-01 1.3415E-07   184
 1.0000E-03 3.8369E-01 1.1838E-01 1.1838E-01 1.1824E-06  2.2949E-04 4.0254E-01 1.4092E-07   184
 1.0000E-03 3.8534E-01 1.2187E-01 1.2187E-01 1.2447E-06  2.2856E-04 4.0254E-01 1.4834E-07   184
 1.0000E-03 3.8701E-01 1.2562E-01 1.2562E-01 1.3130E-06  2.2736E-04 4.0254E-01 1.5648E-07   184
 1.0000E-03 3.8870E-01 1.2968E-01 1.2968E-01 1.3880E-06  2.2571E-04 4.0254E-01 1.6543E-07   184
 1.0000E-03 3.9039E-01 1.3407E-01 1.3407E-01 1.4707E-06  2.2434E-04 4.0254E-01 1.7528E-07   184
 1.0000E-03 3.9211E-01 1.3880E-01 1.3880E-01 1.5611E-06  2.2332E-04 4.0254E-01 1.8606E-07   184
 1.0000E-03 3.9383E-01 1.4389E-01 1.4389E-01 1.6604E-06  2.2184E-04 4.0254E-01 1.9789E-07   184
 1.0000E-03 3.9558E-01 1.4938E-01 1.4937E-01 1.7694E-06  2.2069E-04 4.0254E-01 2.1089E-07   184
 1.0000E-03 3.9733E-01 1.5529E-01 1.5529E-01 1.8894E-06  2.1920E-04 4.0254E-01 2.2518E-07   184
 1.0000E-03 3.9911E-01 1.6169E-01 1.6168E-01 2.0215E-06  2.1787E-04 4.0254E-01 2.4093E-07   184
 1.0000E-03 4.0090E-01 1.6854E-01 1.6854E-01 2.1662E-06  2.1661E-04 4.0254E-01 2.5818E-07   184
 1.0000E-03 4.0270E-01 1.7588E-01 1.7588E-01 2.3247E-06  2.1545E-04 4.0254E-01 2.7707E-07   184
 1.0000E-03 4.0452E-01 1.8372E-01 1.8371E-01 2.4980E-06  2.1398E-04 4.0254E-01 2.9772E-07   184
 1.0000E-03 4.0636E-01 1.9204E-01 1.9204E-01 2.6868E-06  2.1253E-04 4.0254E-01 3.2023E-07   184
 1.0000E-03 4.0822E-01 2.0083E-01 2.0082E-01 2.8919E-06  2.1126E-04 4.0254E-01 3.4468E-07   184
 1.0000E-03 4.1009E-01 2.1001E-01 2.1001E-01 3.1130E-06  2.0995E-04 4.0254E-01 3.7103E-07   184
 1.0000E-03 4.1198E-01 2.1950E-01 2.1950E-01 3.3497E-06  2.0867E-04 4.0254E-01 3.9924E-07   184
 1.0000E-03 4.1389E-01 2.2916E-01 2.2916E-01 3.6005E-06  2.0723E-04 4.0254E-01 4.2913E-07   184
 1.0000E-03 4.1581E-01 2.3880E-01 2.3880E-01 3.8629E-06  2.0614E-04 4.0253E-01 4.6041E-07   184
 1.0000E-03 4.1776E-01 2.4817E-01 2.4817E-01 4.1333E-06  2.0459E-04 4.0254E-01 4.9264E-07   184
 1.0000E-03 4.1972E-01 2.5696E-01 2.5696E-01 4.4063E-06  2.0338E-04 4.0254E-01 5.2519E-07   184
 1.0000E-03 4.2170E-01 2.6478E-01 2.6477E-01 4.6746E-06  2.0212E-04 4.0254E-01 5.5716E-07   184
 1.0000E-03 4.2370E-01 2.7119E-01 2.7118E-01 4.9288E-06  2.0089E-04 4.0254E-01 5.8747E-07   184
 1.0000E-03 4.2571E-01 2.7570E-01 2.7570E-01 5.1580E-06  1.9985E-04 4.0254E-01 6.1478E-07   184
 1.0000E-03 4.2775E-01 2.7785E-01 2.7784E-01 5.3497E-06  1.9859E-04 4.0254E-01 6.3763E-07   184
 1.0000E-03 4.2981E-01 2.7723E-01 2.7722E-01 5.4916E-06  1.9761E-04 4.0253E-01 6.5455E-07   184
 1.0000E-03 4.3188E-01 2.7357E-01 2.7357E-01 5.5728E-06  1.9646E-04 4.0254E-01 6.6423E-07   184
 1.0000E-03 4.3398E-01 2.6682E-01 2.6682E-01 5.5856E-06  1.9561E-04 4.0254E-01 6.6575E-07   184
 1.0000E-03 4.3610E-01 2.5713E-01 2.5713E-01 5.5268E-06  1.9476E-04 4.0253E-01 6.5875E-07   184
 1.0000E-03 4.3824E-01 2.4495E-01 2.4494E-01 5.3992E-06  1.9357E-04 4.0253E-01 6.4354E-07   184
 1.0000E-03 4.4039E-01 2.3091E-01 2.3090E-01 5.2128E-06  1.9290E-04 4.0254E-01 6.2133E-07   184
 1.0000E-03 4.4257E-01 2.1569E-01 2.1568E-01 4.9794E-06  1.9211E-04 4.0253E-01 5.9350E-07   184
 1.0000E-03 4.4478E-01 1.9997E-01 1.9996E-01 4.7127E-06  1.9142E-04 4.0253E-01 5.6171E-07   184
 1.0000E-03 4.4700E-01 1.8439E-01 1.8438E-01 4.4275E-06  1.9086E-04 4.0253E-01 5.2772E-07   184
 1.0000E-03 4.4925E-01 1.6939E-01 1.6939E-01 4.1367E-06  1.9029E-04 4.0254E-01 4.9306E-07   184
 1.0000E-03 4.5152E-01 1.5527E-01 1.5526E-01 3.8492E-06  1.8948E-04 4.0254E-01 4.5880E-07   184
 1.0000E-03 4.5381E-01 1.4214E-01 1.4214E-01 3.5713E-06  1.8880E-04 4.0253E-01 4.2567E-07   184
 1.0000E-03 4.5612E-01 1.3017E-01 1.3017E-01 3.3085E-06  1.8820E-04 4.0253E-01 3.9435E-07   184
 1.0000E-03 4.5846E-01 1.1932E-01 1.1932E-01 3.0634E-06  1.8749E-04 4.0254E-01 3.6514E-07   184
 1.0000E-03 4.6082E-01 1.0955E-01 1.0955E-01 2.8366E-06  1.8694E-04 4.0254E-01 3.3810E-07   184
 1.0000E-03 4.6321E-01 1.0078E-01 1.0078E-01 2.6278E-06  1.8621E-04 4.0254E-01 3.1321E-07   184
 1.0000E-03 4.6563E-01 9.2919E-02 9.2916E-02 2.4364E-06  1.8553E-04 4.0253E-01 2.9040E-07   184
 1.0000E-03 4.6806E-01 8.5864E-02 8.5862E-02 2.2612E-06  1.8499E-04 4.0253E-01 2.6952E-07   184
 1.0000E-03 4.7053E-01 7.9541E-02 7.9539E-02 2.1010E-06  1.8439E-04 4.0253E-01 2.5042E-07   184
 1.0000E-03 4.7302E-01 7.3908E-02 7.3906E-02 1.9542E-06  1.8406E-04 4.0253E-01 2.3293E-07   184
 1.0000E-03 4.7553E-01 6.8879E-02 6.8877E-02 1.8202E-06  1.8319E-04 4.0253E-01 2.1696E-07   184
 1.0000E-03 4.7807E-01 6.4374E-02 6.4372E-02 1.6979E-06  1.8260E-04 4.0253E-01 2.0237E-07   184
 1.0000E-03 4.8065E-01 6.0341E-02 6.0338E-02 1.5861E-06  1.8208E-04 4.0253E-01 1.8906E-07   184
 1.0000E-03 4.8324E-01 5.6729E-02 5.6727E-02 1.4840E-06  1.8144E-04 4.0253E-01 1.7688E-07   184
 1.0000E-03 4.8587E-01 5.3494E-02 5.3492E-02 1.3906E-06  1.8076E-04 4.0253E-01 1.6575E-07   184
 1.0000E-03 4.8852E-01 5.0596E-02 5.0595E-02 1.3052E-06  1.8021E-04 4.0254E-01 1.5557E-07   184
 1.0000E-03 4.9121E-01 4.8003E-02 4.8003E-02 1.2269E-06  1.7948E-04 4.0253E-01 1.4624E-07   184
 1.0000E-03 4.9392E-01 4.5684E-02 4.5684E-02 1.1552E-06  1.7880E-04 4.0253E-01 1.3770E-07   184
 1.0000E-03 4.9667E-01 4.3636E-02 4.3635E-02 1.0900E-06  1.7811E-04 4.0253E-01 1.2993E-07   184
 1.0000E-03 4.9944E-01 4.1857E-02 4.1856E-02 1.0315E-06  1.7762E-04 4.0253E-01 1.2295E-07   184
 1.0000E-03 5.0225E-01 4.0261E-02 4.0259E-02 9.7785E-07  1.7684E-04 4.0254E-01 1.1655E-07   184
 1.0000E-03 5.0508E-01 3.8824E-02 3.8823E-02 9.2878E-07  1.7659E-04 4.0253E-01 1.1071E-07   184
 1.0000E-03 5.0795E-01 3.7526E-02 3.7524E-02 8.8402E-07  1.7583E-04 4.0253E-01 1.0537E-07   184
 1.0000E-03 5.1086E-01 3.6337E-02 3.6336E-02 8.4327E-07  1.7540E-04 4.0253E-01 1.0051E-07   184
 1.0000E-03 5.1379E-01 3.5222E-02 3.5222E-02 8.0627E-07  1.7479E-04 4.0253E-01 9.6104E-08   184
 1.0000E-03 5.1676E-01 3.4143E-02 3.4142E-02 7.7263E-07  1.7417E-04 4.0253E-01 9.2094E-08   184
 1.0000E-03 5.1977E-01 3.3055E-02 3.3054E-02 7.4192E-07  1.7377E-04 4.0253E-01 8.8434E-08   184
 1.0000E-03 5.2281E-01 3.1796E-02 3.1795E-02 7.1174E-07  1.7341E-04 4.0253E-01 8.4836E-08   184
 1.0000E-03 5.2588E-01 3.0446E-02 3.0445E-02 6.8182E-07  1.7270E-04 4.0253E-01 8.1270E-08   184
 1.0000E-03 5.2899E-01 2.9102E-02 2.9101E-02 6.5289E-07  1.7244E-04 4.0253E-01 7.7822E-08   184
 1.0000E-03 5.3214E-01 2.7778E-02 2.7777E-02 6.2483E-07  1.7174E-04 4.0253E-01 7.4478E-08   184
 1.0000E-03 5.3533E-01 2.6495E-02 2.6494E-02 5.9762E-07  1.7119E-04 4.0253E-01 7.1235E-08   184
 1.0000E-03 5.3855E-01 2.5268E-02 2.5268E-02 5.7133E-07  1.7081E-04 4.0253E-01 6.8100E-08   184
 1.0000E-03 5.4182E-01 2.4107E-02 2.4107E-02 5.4603E-07  1.7005E-04 4.0253E-01 6.5086E-08   184
 1.0000E-03 5.4512E-01 2.3011E-02 2.3010E-02 5.2183E-07  1.6946E-04 4.0253E-01 6.2201E-08   184
 1.0000E-03 5.4847E-01 2.1970E-02 2.1969E-02 4.9871E-07  1.6889E-04 4.0253E-01 5.9445E-08   184
 1.0000E-03 5.5185E-01 2.1008E-02 2.1007E-02 4.7705E-07  1.6835E-04 4.0253E-01 5.6862E-08   184
 1.0000E-03 5.5528E-01 2.0074E-02 2.0074E-02 4.5641E-07  1.6757E-04 4.0253E-01 5.4403E-08   184
 1.0000E-03 5.5875E-01 1.9162E-02 1.9162E-02 4.3663E-07  1.6706E-04 4.0253E-01 5.2045E-08   184
 1.0000E-03 5.6226E-01 1.8272E-02 1.8272E-02 4.1757E-07  1.6634E-04 4.0253E-01 4.9774E-08   184
 1.0000E-03 5.6582E-01 1.7408E-02 1.7407E-02 3.9912E-07  1.6569E-04 4.0253E-01 4.7575E-08   184
 1.0000E-03 5.6943E-01 1.6582E-02 1.6582E-02 3.8120E-07  1.6506E-04 4.0253E-01 4.5438E-08   184
 1.0000E-03 5.7308E-01 1.5810E-02 1.5810E-02 3.6378E-07  1.6456E-04 4.0253E-01 4.3362E-08   184
 1.0000E-03 5.7677E-01 1.5114E-02 1.5114E-02 3.4688E-07  1.6374E-04 4.0253E-01 4.1348E-08   184
 1.0000E-03 5.8052E-01 1.4514E-02 1.4513E-02 3.3061E-07  1.6300E-04 4.0253E-01 3.9408E-08   184
 1.0000E-03 5.8431E-01 1.4022E-02 1.4022E-02 3.1502E-07  1.6228E-04 4.0253E-01 3.7550E-08   184
 1.0000E-03 5.8816E-01 1.3644E-02 1.3643E-02 3.0032E-07  1.6169E-04 4.0253E-01 3.5798E-08   184
 1.0000E-03 5.9205E-01 1.3371E-02 1.3370E-02 2.8665E-07  1.6103E-04 4.0253E-01 3.4169E-08   184
 1.0000E-03 5.9600E-01 1.3189E-02 1.3189E-02 2.7406E-07  1.6035E-04 4.0253E-01 3.2668E-08   184
 1.0000E-03 6.0000E-01 1.3083E-02 1.3083E-02 2.6258E-07  1.5998E-04 4.0253E-01 3.1300E-08   184
