 DDSCAT --- DDSCAT 7.3.3 [22.01.20]   
 TARGET --->TARGSPHER  spherical target with explicit spacing                 
 GPFAFT --- method of solution 
 FLTRCD --- prescription for polarizabilities
 FROM_FILE --- shape 
    4169 = NAT0 = number of dipoles
 ../../diel/Pena-Rioux_dielectric_26Au_74Ag                  
 ../../diel/Pena-Rioux_dielectric_65Au_35Ag                  
 ../../diel/Pena-Rioux_dielectric_76Au_24Ag                  
 ../../diel/Pena-Rioux_dielectric_85Au_15Ag                  
   0.000   0.000 = beta_min, beta_max ;  NBETA = 1
   0.000   0.000 = theta_min, theta_max; NTHETA= 1
   0.000   0.000 = phi_min, phi_max   ;   NPHI = 1
 0.5000 = ETASCA (param. controlling # of scatt. dirs used to calculate <cos> etc.
 Results averaged over    1 target orientations
                   and  2 incident polarizations
   aeff       wave       Q_ext     Q_abs      Q_sca     g(1)=<cos>  <cos^2>    Q_bk       Nsca
 8.0000E-02 3.0000E-01 2.7908E+00 1.5461E+00 1.2448E+00  6.4536E-01 6.1528E-01 2.8839E-02   656
 8.0000E-02 3.0101E-01 2.7878E+00 1.5477E+00 1.2401E+00  6.4486E-01 6.1414E-01 2.8771E-02   656
 8.0000E-02 3.0203E-01 2.7846E+00 1.5493E+00 1.2354E+00  6.4437E-01 6.1299E-01 2.8681E-02   656
 8.0000E-02 3.0305E-01 2.7814E+00 1.5509E+00 1.2305E+00  6.4388E-01 6.1182E-01 2.8570E-02   656
 8.0000E-02 3.0408E-01 2.7779E+00 1.5524E+00 1.2256E+00  6.4340E-01 6.1065E-01 2.8438E-02   656
 8.0000E-02 3.0512E-01 2.7744E+00 1.5539E+00 1.2205E+00  6.4294E-01 6.0947E-01 2.8284E-02   656
 8.0000E-02 3.0616E-01 2.7707E+00 1.5554E+00 1.2153E+00  6.4247E-01 6.0827E-01 2.8110E-02   656
 8.0000E-02 3.0722E-01 2.7668E+00 1.5569E+00 1.2100E+00  6.4202E-01 6.0707E-01 2.7914E-02   656
 8.0000E-02 3.0828E-01 2.7629E+00 1.5583E+00 1.2046E+00  6.4157E-01 6.0585E-01 2.7701E-02   656
 8.0000E-02 3.0934E-01 2.7591E+00 1.5597E+00 1.1995E+00  6.4110E-01 6.0462E-01 2.7479E-02   656
 8.0000E-02 3.1042E-01 2.7552E+00 1.5611E+00 1.1942E+00  6.4063E-01 6.0337E-01 2.7238E-02   656
 8.0000E-02 3.1150E-01 2.7512E+00 1.5624E+00 1.1888E+00  6.4017E-01 6.0211E-01 2.6979E-02   656
 8.0000E-02 3.1259E-01 2.7470E+00 1.5638E+00 1.1833E+00  6.3971E-01 6.0084E-01 2.6701E-02   656
 8.0000E-02 3.1368E-01 2.7427E+00 1.5650E+00 1.1777E+00  6.3925E-01 5.9956E-01 2.6406E-02   656
 8.0000E-02 3.1479E-01 2.7383E+00 1.5663E+00 1.1720E+00  6.3880E-01 5.9827E-01 2.6093E-02   656
 8.0000E-02 3.1590E-01 2.7337E+00 1.5675E+00 1.1663E+00  6.3834E-01 5.9697E-01 2.5764E-02   656
 8.0000E-02 3.1702E-01 2.7290E+00 1.5686E+00 1.1604E+00  6.3788E-01 5.9566E-01 2.5418E-02   656
 8.0000E-02 3.1815E-01 2.7240E+00 1.5697E+00 1.1543E+00  6.3744E-01 5.9434E-01 2.5051E-02   656
 8.0000E-02 3.1929E-01 2.7187E+00 1.5708E+00 1.1480E+00  6.3700E-01 5.9301E-01 2.4667E-02   656
 8.0000E-02 3.2043E-01 2.7133E+00 1.5717E+00 1.1415E+00  6.3655E-01 5.9167E-01 2.4268E-02   656
 8.0000E-02 3.2158E-01 2.7076E+00 1.5726E+00 1.1350E+00  6.3611E-01 5.9032E-01 2.3853E-02   657
 8.0000E-02 3.2274E-01 2.7017E+00 1.5734E+00 1.1283E+00  6.3565E-01 5.8896E-01 2.3425E-02   657
 8.0000E-02 3.2391E-01 2.6955E+00 1.5741E+00 1.1214E+00  6.3528E-01 5.8769E-01 2.2985E-02   602
 8.0000E-02 3.2509E-01 2.6891E+00 1.5747E+00 1.1144E+00  6.3481E-01 5.8631E-01 2.2532E-02   602
 8.0000E-02 3.2628E-01 2.6825E+00 1.5752E+00 1.1073E+00  6.3433E-01 5.8491E-01 2.2068E-02   602
 8.0000E-02 3.2747E-01 2.6750E+00 1.5755E+00 1.0995E+00  6.3389E-01 5.8351E-01 2.1573E-02   602
 8.0000E-02 3.2868E-01 2.6673E+00 1.5755E+00 1.0918E+00  6.3342E-01 5.8210E-01 2.1075E-02   602
 8.0000E-02 3.2989E-01 2.6596E+00 1.5755E+00 1.0842E+00  6.3290E-01 5.8067E-01 2.0580E-02   602
 8.0000E-02 3.3111E-01 2.6519E+00 1.5753E+00 1.0766E+00  6.3234E-01 5.7921E-01 2.0087E-02   602
 8.0000E-02 3.3234E-01 2.6441E+00 1.5750E+00 1.0692E+00  6.3173E-01 5.7773E-01 1.9598E-02   603
 8.0000E-02 3.3358E-01 2.6363E+00 1.5744E+00 1.0619E+00  6.3106E-01 5.7623E-01 1.9114E-02   603
 8.0000E-02 3.3483E-01 2.6285E+00 1.5737E+00 1.0548E+00  6.3033E-01 5.7470E-01 1.8638E-02   603
 8.0000E-02 3.3609E-01 2.6209E+00 1.5728E+00 1.0481E+00  6.2949E-01 5.7313E-01 1.8179E-02   603
 8.0000E-02 3.3736E-01 2.6140E+00 1.5718E+00 1.0422E+00  6.2852E-01 5.7151E-01 1.7751E-02   604
 8.0000E-02 3.3864E-01 2.6074E+00 1.5706E+00 1.0369E+00  6.2744E-01 5.6985E-01 1.7344E-02   604
 8.0000E-02 3.3992E-01 2.6014E+00 1.5693E+00 1.0321E+00  6.2623E-01 5.6816E-01 1.6962E-02   604
 8.0000E-02 3.4122E-01 2.5958E+00 1.5679E+00 1.0280E+00  6.2491E-01 5.6643E-01 1.6604E-02   604
 8.0000E-02 3.4253E-01 2.5908E+00 1.5663E+00 1.0245E+00  6.2345E-01 5.6466E-01 1.6272E-02   604
 8.0000E-02 3.4385E-01 2.5864E+00 1.5646E+00 1.0217E+00  6.2185E-01 5.6284E-01 1.5969E-02   604
 8.0000E-02 3.4517E-01 2.5828E+00 1.5629E+00 1.0199E+00  6.2008E-01 5.6099E-01 1.5701E-02   604
 8.0000E-02 3.4651E-01 2.5803E+00 1.5612E+00 1.0191E+00  6.1815E-01 5.5909E-01 1.5475E-02   605
 8.0000E-02 3.4786E-01 2.5785E+00 1.5595E+00 1.0190E+00  6.1608E-01 5.5716E-01 1.5278E-02   605
 8.0000E-02 3.4922E-01 2.5776E+00 1.5578E+00 1.0198E+00  6.1388E-01 5.5521E-01 1.5111E-02   605
 8.0000E-02 3.5059E-01 2.5775E+00 1.5561E+00 1.0214E+00  6.1154E-01 5.5322E-01 1.4978E-02   605
 8.0000E-02 3.5197E-01 2.5783E+00 1.5544E+00 1.0240E+00  6.0906E-01 5.5121E-01 1.4879E-02   605
 8.0000E-02 3.5336E-01 2.5801E+00 1.5527E+00 1.0274E+00  6.0643E-01 5.4918E-01 1.4814E-02   606
 8.0000E-02 3.5476E-01 2.5828E+00 1.5512E+00 1.0317E+00  6.0370E-01 5.4713E-01 1.4781E-02   606
 8.0000E-02 3.5618E-01 2.5865E+00 1.5497E+00 1.0368E+00  6.0087E-01 5.4508E-01 1.4776E-02   606
 8.0000E-02 3.5760E-01 2.5910E+00 1.5484E+00 1.0426E+00  5.9805E-01 5.4315E-01 1.4798E-02   551
 8.0000E-02 3.5904E-01 2.5963E+00 1.5471E+00 1.0492E+00  5.9504E-01 5.4108E-01 1.4848E-02   551
 8.0000E-02 3.6048E-01 2.6026E+00 1.5460E+00 1.0566E+00  5.9194E-01 5.3902E-01 1.4926E-02   551
 8.0000E-02 3.6194E-01 2.6097E+00 1.5450E+00 1.0648E+00  5.8875E-01 5.3695E-01 1.5032E-02   551
 8.0000E-02 3.6341E-01 2.6178E+00 1.5441E+00 1.0737E+00  5.8550E-01 5.3488E-01 1.5161E-02   551
 8.0000E-02 3.6490E-01 2.6266E+00 1.5434E+00 1.0832E+00  5.8221E-01 5.3282E-01 1.5311E-02   551
 8.0000E-02 3.6639E-01 2.6362E+00 1.5429E+00 1.0933E+00  5.7887E-01 5.3076E-01 1.5477E-02   551
 8.0000E-02 3.6790E-01 2.6464E+00 1.5424E+00 1.1040E+00  5.7549E-01 5.2872E-01 1.5664E-02   551
 8.0000E-02 3.6942E-01 2.6575E+00 1.5422E+00 1.1153E+00  5.7207E-01 5.2668E-01 1.5869E-02   551
 8.0000E-02 3.7095E-01 2.6693E+00 1.5420E+00 1.1273E+00  5.6861E-01 5.2465E-01 1.6093E-02   551
 8.0000E-02 3.7250E-01 2.6818E+00 1.5421E+00 1.1398E+00  5.6512E-01 5.2263E-01 1.6333E-02   551
 8.0000E-02 3.7406E-01 2.6950E+00 1.5423E+00 1.1527E+00  5.6163E-01 5.2062E-01 1.6582E-02   552
 8.0000E-02 3.7563E-01 2.7087E+00 1.5426E+00 1.1661E+00  5.5812E-01 5.1861E-01 1.6844E-02   552
 8.0000E-02 3.7722E-01 2.7230E+00 1.5430E+00 1.1800E+00  5.5459E-01 5.1662E-01 1.7117E-02   552
 8.0000E-02 3.7881E-01 2.7380E+00 1.5436E+00 1.1945E+00  5.5105E-01 5.1464E-01 1.7401E-02   552
 8.0000E-02 3.8043E-01 2.7537E+00 1.5443E+00 1.2094E+00  5.4750E-01 5.1267E-01 1.7695E-02   552
 8.0000E-02 3.8205E-01 2.7699E+00 1.5452E+00 1.2247E+00  5.4394E-01 5.1070E-01 1.7996E-02   552
 8.0000E-02 3.8369E-01 2.7866E+00 1.5462E+00 1.2404E+00  5.4039E-01 5.0875E-01 1.8302E-02   552
 8.0000E-02 3.8534E-01 2.8038E+00 1.5473E+00 1.2566E+00  5.3683E-01 5.0681E-01 1.8617E-02   552
 8.0000E-02 3.8701E-01 2.8216E+00 1.5484E+00 1.2732E+00  5.3326E-01 5.0487E-01 1.8938E-02   552
 8.0000E-02 3.8870E-01 2.8400E+00 1.5497E+00 1.2903E+00  5.2969E-01 5.0294E-01 1.9267E-02   552
 8.0000E-02 3.9039E-01 2.8590E+00 1.5512E+00 1.3078E+00  5.2612E-01 5.0101E-01 1.9600E-02   552
 8.0000E-02 3.9211E-01 2.8784E+00 1.5527E+00 1.3258E+00  5.2255E-01 4.9910E-01 1.9937E-02   552
 8.0000E-02 3.9383E-01 2.8984E+00 1.5542E+00 1.3442E+00  5.1896E-01 4.9718E-01 2.0285E-02   552
 8.0000E-02 3.9558E-01 2.9190E+00 1.5558E+00 1.3632E+00  5.1536E-01 4.9528E-01 2.0641E-02   552
 8.0000E-02 3.9733E-01 2.9401E+00 1.5575E+00 1.3827E+00  5.1176E-01 4.9338E-01 2.1006E-02   552
 8.0000E-02 3.9911E-01 2.9620E+00 1.5592E+00 1.4028E+00  5.0814E-01 4.9148E-01 2.1380E-02   552
 8.0000E-02 4.0090E-01 2.9843E+00 1.5610E+00 1.4233E+00  5.0463E-01 4.8972E-01 2.1762E-02   499
 8.0000E-02 4.0270E-01 3.0074E+00 1.5628E+00 1.4446E+00  5.0099E-01 4.8783E-01 2.2159E-02   499
 8.0000E-02 4.0452E-01 3.0313E+00 1.5646E+00 1.4667E+00  4.9733E-01 4.8595E-01 2.2568E-02   499
 8.0000E-02 4.0636E-01 3.0560E+00 1.5666E+00 1.4895E+00  4.9367E-01 4.8407E-01 2.2991E-02   499
 8.0000E-02 4.0822E-01 3.0817E+00 1.5686E+00 1.5131E+00  4.9000E-01 4.8220E-01 2.3424E-02   499
 8.0000E-02 4.1009E-01 3.1082E+00 1.5706E+00 1.5376E+00  4.8632E-01 4.8032E-01 2.3870E-02   499
 8.0000E-02 4.1198E-01 3.1358E+00 1.5727E+00 1.5631E+00  4.8265E-01 4.7846E-01 2.4328E-02   499
 8.0000E-02 4.1389E-01 3.1646E+00 1.5750E+00 1.5896E+00  4.7899E-01 4.7660E-01 2.4792E-02   499
 8.0000E-02 4.1581E-01 3.1945E+00 1.5775E+00 1.6170E+00  4.7537E-01 4.7475E-01 2.5255E-02   500
 8.0000E-02 4.1776E-01 3.2257E+00 1.5802E+00 1.6454E+00  4.7178E-01 4.7290E-01 2.5712E-02   500
 8.0000E-02 4.1972E-01 3.2582E+00 1.5832E+00 1.6750E+00  4.6822E-01 4.7107E-01 2.6167E-02   501
 8.0000E-02 4.2170E-01 3.2920E+00 1.5865E+00 1.7055E+00  4.6474E-01 4.6924E-01 2.6604E-02   501
 8.0000E-02 4.2370E-01 3.3271E+00 1.5901E+00 1.7370E+00  4.6134E-01 4.6743E-01 2.7014E-02   501
 8.0000E-02 4.2571E-01 3.3635E+00 1.5942E+00 1.7694E+00  4.5802E-01 4.6563E-01 2.7391E-02   501
 8.0000E-02 4.2775E-01 3.4013E+00 1.5986E+00 1.8027E+00  4.5480E-01 4.6385E-01 2.7733E-02   501
 8.0000E-02 4.2981E-01 3.4406E+00 1.6035E+00 1.8372E+00  4.5169E-01 4.6207E-01 2.8036E-02   501
 8.0000E-02 4.3188E-01 3.4813E+00 1.6088E+00 1.8725E+00  4.4868E-01 4.6032E-01 2.8292E-02   501
 8.0000E-02 4.3398E-01 3.5234E+00 1.6146E+00 1.9088E+00  4.4578E-01 4.5858E-01 2.8501E-02   501
 8.0000E-02 4.3610E-01 3.5670E+00 1.6208E+00 1.9463E+00  4.4297E-01 4.5685E-01 2.8666E-02   501
 8.0000E-02 4.3824E-01 3.6125E+00 1.6275E+00 1.9850E+00  4.4027E-01 4.5514E-01 2.8779E-02   501
 8.0000E-02 4.4039E-01 3.6596E+00 1.6347E+00 2.0249E+00  4.3769E-01 4.5343E-01 2.8828E-02   501
 8.0000E-02 4.4257E-01 3.7086E+00 1.6424E+00 2.0661E+00  4.3522E-01 4.5173E-01 2.8809E-02   501
 8.0000E-02 4.4478E-01 3.7596E+00 1.6507E+00 2.1089E+00  4.3287E-01 4.5003E-01 2.8715E-02   501
 8.0000E-02 4.4700E-01 3.8129E+00 1.6596E+00 2.1533E+00  4.3064E-01 4.4832E-01 2.8526E-02   501
 8.0000E-02 4.4925E-01 3.8685E+00 1.6692E+00 2.1993E+00  4.2854E-01 4.4660E-01 2.8221E-02   501
 8.0000E-02 4.5152E-01 3.9264E+00 1.6793E+00 2.2471E+00  4.2656E-01 4.4485E-01 2.7791E-02   501
 8.0000E-02 4.5381E-01 3.9867E+00 1.6901E+00 2.2966E+00  4.2467E-01 4.4307E-01 2.7224E-02   501
 8.0000E-02 4.5612E-01 4.0494E+00 1.7015E+00 2.3479E+00  4.2300E-01 4.4137E-01 2.6506E-02   452
 8.0000E-02 4.5846E-01 4.1138E+00 1.7133E+00 2.4006E+00  4.2124E-01 4.3948E-01 2.5634E-02   452
 8.0000E-02 4.6082E-01 4.1799E+00 1.7253E+00 2.4546E+00  4.1947E-01 4.3753E-01 2.4619E-02   452
 8.0000E-02 4.6321E-01 4.2470E+00 1.7375E+00 2.5096E+00  4.1765E-01 4.3550E-01 2.3479E-02   452
 8.0000E-02 4.6563E-01 4.3144E+00 1.7495E+00 2.5650E+00  4.1572E-01 4.3340E-01 2.2244E-02   452
 8.0000E-02 4.6806E-01 4.3812E+00 1.7610E+00 2.6203E+00  4.1362E-01 4.3124E-01 2.0971E-02   452
 8.0000E-02 4.7053E-01 4.4466E+00 1.7716E+00 2.6750E+00  4.1127E-01 4.2902E-01 1.9724E-02   452
 8.0000E-02 4.7302E-01 4.5098E+00 1.7810E+00 2.7288E+00  4.0861E-01 4.2676E-01 1.8573E-02   452
 8.0000E-02 4.7553E-01 4.5699E+00 1.7890E+00 2.7810E+00  4.0562E-01 4.2448E-01 1.7600E-02   452
 8.0000E-02 4.7807E-01 4.6266E+00 1.7951E+00 2.8315E+00  4.0225E-01 4.2220E-01 1.6877E-02   452
 8.0000E-02 4.8065E-01 4.6797E+00 1.7994E+00 2.8803E+00  3.9851E-01 4.1994E-01 1.6457E-02   452
 8.0000E-02 4.8324E-01 4.7292E+00 1.8019E+00 2.9274E+00  3.9443E-01 4.1771E-01 1.6377E-02   452
 8.0000E-02 4.8587E-01 4.7756E+00 1.8025E+00 2.9732E+00  3.9004E-01 4.1554E-01 1.6651E-02   452
 8.0000E-02 4.8852E-01 4.8196E+00 1.8015E+00 3.0182E+00  3.8539E-01 4.1342E-01 1.7278E-02   452
 8.0000E-02 4.9121E-01 4.8615E+00 1.7988E+00 3.0627E+00  3.8050E-01 4.1135E-01 1.8261E-02   452
 8.0000E-02 4.9392E-01 4.9017E+00 1.7944E+00 3.1073E+00  3.7536E-01 4.0932E-01 1.9624E-02   452
 8.0000E-02 4.9667E-01 4.9399E+00 1.7880E+00 3.1519E+00  3.6994E-01 4.0732E-01 2.1424E-02   452
 8.0000E-02 4.9944E-01 4.9754E+00 1.7789E+00 3.1965E+00  3.6413E-01 4.0533E-01 2.3759E-02   452
 8.0000E-02 5.0225E-01 5.0071E+00 1.7664E+00 3.2406E+00  3.5781E-01 4.0335E-01 2.6765E-02   452
 8.0000E-02 5.0508E-01 5.0334E+00 1.7497E+00 3.2836E+00  3.5084E-01 4.0137E-01 3.0598E-02   452
 8.0000E-02 5.0795E-01 5.0526E+00 1.7280E+00 3.3246E+00  3.4310E-01 3.9941E-01 3.5405E-02   452
 8.0000E-02 5.1086E-01 5.0635E+00 1.7009E+00 3.3626E+00  3.3452E-01 3.9747E-01 4.1296E-02   452
 8.0000E-02 5.1379E-01 5.0651E+00 1.6682E+00 3.3969E+00  3.2508E-01 3.9559E-01 4.8310E-02   453
 8.0000E-02 5.1676E-01 5.0572E+00 1.6303E+00 3.4270E+00  3.1481E-01 3.9378E-01 5.6436E-02   453
 8.0000E-02 5.1977E-01 5.0395E+00 1.5873E+00 3.4522E+00  3.0376E-01 3.9205E-01 6.5623E-02   453
 8.0000E-02 5.2281E-01 5.0121E+00 1.5399E+00 3.4722E+00  2.9199E-01 3.9042E-01 7.5808E-02   453
 8.0000E-02 5.2588E-01 4.9750E+00 1.4886E+00 3.4864E+00  2.7954E-01 3.8890E-01 8.6923E-02   453
 8.0000E-02 5.2899E-01 4.9286E+00 1.4341E+00 3.4944E+00  2.6659E-01 3.8764E-01 9.8874E-02   407
 8.0000E-02 5.3214E-01 4.8739E+00 1.3775E+00 3.4964E+00  2.5299E-01 3.8639E-01 1.1154E-01   407
 8.0000E-02 5.3533E-01 4.8125E+00 1.3199E+00 3.4926E+00  2.3900E-01 3.8532E-01 1.2474E-01   407
 8.0000E-02 5.3855E-01 4.7468E+00 1.2629E+00 3.4839E+00  2.2480E-01 3.8445E-01 1.3829E-01   407
 8.0000E-02 5.4182E-01 4.6790E+00 1.2076E+00 3.4714E+00  2.1056E-01 3.8379E-01 1.5198E-01   407
 8.0000E-02 5.4512E-01 4.6118E+00 1.1555E+00 3.4563E+00  1.9653E-01 3.8335E-01 1.6557E-01   407
 8.0000E-02 5.4847E-01 4.5478E+00 1.1077E+00 3.4401E+00  1.8296E-01 3.8312E-01 1.7877E-01   408
 8.0000E-02 5.5185E-01 4.4885E+00 1.0651E+00 3.4234E+00  1.7005E-01 3.8308E-01 1.9138E-01   408
 8.0000E-02 5.5528E-01 4.4343E+00 1.0280E+00 3.4063E+00  1.5790E-01 3.8319E-01 2.0324E-01   408
 8.0000E-02 5.5875E-01 4.3851E+00 9.9641E-01 3.3887E+00  1.4657E-01 3.8341E-01 2.1423E-01   408
 8.0000E-02 5.6226E-01 4.3402E+00 9.7025E-01 3.3699E+00  1.3603E-01 3.8371E-01 2.2428E-01   408
 8.0000E-02 5.6582E-01 4.2985E+00 9.4951E-01 3.3490E+00  1.2626E-01 3.8407E-01 2.3333E-01   408
 8.0000E-02 5.6943E-01 4.2594E+00 9.3415E-01 3.3252E+00  1.1721E-01 3.8445E-01 2.4135E-01   408
 8.0000E-02 5.7308E-01 4.2224E+00 9.2430E-01 3.2981E+00  1.0883E-01 3.8487E-01 2.4832E-01   408
 8.0000E-02 5.7677E-01 4.1873E+00 9.1996E-01 3.2674E+00  1.0112E-01 3.8529E-01 2.5423E-01   408
 8.0000E-02 5.8052E-01 4.1546E+00 9.2101E-01 3.2336E+00  9.4052E-02 3.8573E-01 2.5915E-01   408
 8.0000E-02 5.8431E-01 4.1242E+00 9.2704E-01 3.1972E+00  8.7593E-02 3.8618E-01 2.6312E-01   408
 8.0000E-02 5.8816E-01 4.0960E+00 9.3782E-01 3.1582E+00  8.1707E-02 3.8662E-01 2.6622E-01   408
 8.0000E-02 5.9205E-01 4.0698E+00 9.5307E-01 3.1167E+00  7.6333E-02 3.8706E-01 2.6852E-01   408
 8.0000E-02 5.9600E-01 4.0464E+00 9.7203E-01 3.0744E+00  7.1393E-02 3.8749E-01 2.7031E-01   408
 8.0000E-02 6.0000E-01 4.0288E+00 9.9305E-01 3.0358E+00  6.6793E-02 3.8795E-01 2.7216E-01   408
