 DDSCAT --- DDSCAT 7.3.3 [22.01.20]   
 TARGET --->TARGSPHER  spherical target with explicit spacing                 
 GPFAFT --- method of solution 
 GKDLDR --- prescription for polarizabilities
 FROM_FILE --- shape 
    4169 = NAT0 = number of dipoles
 ../../diel/Pena-Rioux_dielectric_26Au_74Ag                  
 ../../diel/Pena-Rioux_dielectric_52Au_48Ag                  
 ../../diel/Pena-Rioux_dielectric_65Au_35Ag                  
 ../../diel/Pena-Rioux_dielectric_92Au_8Ag                   
 ../../diel/Au_evap                                          
   0.000   0.000 = beta_min, beta_max ;  NBETA = 1
   0.000   0.000 = theta_min, theta_max; NTHETA= 1
   0.000   0.000 = phi_min, phi_max   ;   NPHI = 1
 Results averaged over    1 target orientations
                   and  2 incident polarizations
   aeff       wave       Q_pha       Q_pol       Q_cpol
 4.0000E-02 3.0000E-01 -1.9401E-02  5.0068E-06  7.4506E-09
 4.0000E-02 3.0101E-01 -1.8052E-02  2.6226E-06 -3.3528E-08
 4.0000E-02 3.0203E-01 -1.6999E-02 -4.7684E-06  4.0978E-08
 4.0000E-02 3.0305E-01 -1.6114E-02  7.8678E-06  0.0000E+00
 4.0000E-02 3.0408E-01 -1.5400E-02 -7.1526E-07 -1.4901E-08
 4.0000E-02 3.0512E-01 -1.4864E-02 -9.5367E-07  2.1420E-08
 4.0000E-02 3.0616E-01 -1.4511E-02 -4.2915E-06  2.2352E-08
 4.0000E-02 3.0722E-01 -1.4346E-02  1.4305E-06 -1.3970E-08
 4.0000E-02 3.0828E-01 -1.4348E-02 -2.8610E-06  1.6764E-08
 4.0000E-02 3.0934E-01 -1.4412E-02  1.9073E-06 -4.5635E-08
 4.0000E-02 3.1042E-01 -1.4621E-02 -4.2915E-06  6.2399E-08
 4.0000E-02 3.1150E-01 -1.4844E-02  5.0068E-06 -6.5193E-08
 4.0000E-02 3.1259E-01 -1.5181E-02 -4.5300E-06  2.7940E-09
 4.0000E-02 3.1368E-01 -1.5685E-02  0.0000E+00 -5.5879E-08
 4.0000E-02 3.1479E-01 -1.6363E-02  2.3842E-06  6.8918E-08
 4.0000E-02 3.1590E-01 -1.7218E-02 -1.6689E-06 -7.6368E-08
 4.0000E-02 3.1702E-01 -1.8256E-02  6.1989E-06 -8.1956E-08
 4.0000E-02 3.1815E-01 -1.9100E-02  5.2452E-06  4.4703E-08
 4.0000E-02 3.1929E-01 -2.0150E-02 -2.3842E-07  1.3039E-08
 4.0000E-02 3.2043E-01 -2.1495E-02  9.5367E-07  3.3528E-08
 4.0000E-02 3.2158E-01 -2.3426E-02  2.3842E-07  5.4017E-08
 4.0000E-02 3.2274E-01 -2.5642E-02  0.0000E+00 -3.5390E-08
 4.0000E-02 3.2391E-01 -2.8152E-02 -1.9073E-06 -2.4214E-08
 4.0000E-02 3.2509E-01 -3.0965E-02  4.5300E-06 -7.6368E-08
 4.0000E-02 3.2628E-01 -3.4090E-02 -4.7684E-07  9.6858E-08
 4.0000E-02 3.2747E-01 -3.8074E-02 -3.0994E-06 -1.9744E-07
 4.0000E-02 3.2868E-01 -4.2535E-02  2.8610E-06 -7.4506E-09
 4.0000E-02 3.2989E-01 -4.7464E-02 -1.6689E-06 -2.2352E-08
 4.0000E-02 3.3111E-01 -5.2877E-02 -9.5367E-07 -2.2352E-08
 4.0000E-02 3.3234E-01 -5.8620E-02  3.3379E-06  0.0000E+00
 4.0000E-02 3.3358E-01 -6.4773E-02 -3.8147E-06 -1.1176E-07
 4.0000E-02 3.3483E-01 -7.1423E-02  2.1458E-06  1.4156E-07
 4.0000E-02 3.3609E-01 -7.8781E-02  2.1458E-06  8.1956E-08
 4.0000E-02 3.3736E-01 -8.6765E-02 -3.0994E-06 -1.1176E-07
 4.0000E-02 3.3864E-01 -9.5141E-02 -7.1526E-07 -1.1176E-07
 4.0000E-02 3.3992E-01 -1.0392E-01 -2.6226E-06  9.6858E-08
 4.0000E-02 3.4122E-01 -1.1312E-01 -2.8610E-06  4.4703E-08
 4.0000E-02 3.4253E-01 -1.2274E-01  2.3842E-06  3.0547E-07
 4.0000E-02 3.4385E-01 -1.3281E-01 -7.1526E-07 -2.9802E-08
 4.0000E-02 3.4517E-01 -1.4326E-01 -8.3447E-06  7.4506E-08
 4.0000E-02 3.4651E-01 -1.5390E-01  3.8147E-06 -4.3213E-07
 4.0000E-02 3.4786E-01 -1.6478E-01 -4.7684E-07  3.4273E-07
 4.0000E-02 3.4922E-01 -1.7591E-01  2.3842E-06 -1.0431E-07
 4.0000E-02 3.5059E-01 -1.8731E-01  0.0000E+00  2.2352E-07
 4.0000E-02 3.5197E-01 -1.9897E-01  5.0068E-06 -2.2352E-07
 4.0000E-02 3.5336E-01 -2.1092E-01 -3.8147E-06 -2.9802E-08
 4.0000E-02 3.5476E-01 -2.2301E-01  2.8610E-06  0.0000E+00
 4.0000E-02 3.5618E-01 -2.3519E-01  4.7684E-06  1.4901E-07
 4.0000E-02 3.5760E-01 -2.4749E-01 -2.8610E-06 -1.6391E-07
 4.0000E-02 3.5904E-01 -2.5989E-01 -1.6689E-06  6.8545E-07
 4.0000E-02 3.6048E-01 -2.7240E-01  6.1989E-06  1.1921E-07
 4.0000E-02 3.6194E-01 -2.8503E-01  7.1526E-07  8.9407E-08
 4.0000E-02 3.6341E-01 -2.9771E-01  1.9073E-06 -7.1526E-07
 4.0000E-02 3.6490E-01 -3.1032E-01 -3.5763E-06  5.9605E-08
 4.0000E-02 3.6639E-01 -3.2294E-01 -8.5831E-06  5.9605E-07
 4.0000E-02 3.6790E-01 -3.3558E-01 -1.6689E-06 -4.4703E-07
 4.0000E-02 3.6942E-01 -3.4821E-01 -4.0531E-06 -1.4901E-07
 4.0000E-02 3.7095E-01 -3.6083E-01  5.2452E-06 -5.3644E-07
 4.0000E-02 3.7250E-01 -3.7340E-01  3.5763E-06  2.6822E-07
 4.0000E-02 3.7406E-01 -3.8587E-01  7.1526E-07 -2.0862E-07
 4.0000E-02 3.7563E-01 -3.9830E-01 -4.0531E-06 -2.9802E-07
 4.0000E-02 3.7722E-01 -4.1068E-01 -1.4305E-06  2.0862E-07
 4.0000E-02 3.7881E-01 -4.2299E-01  2.8610E-06 -7.4506E-07
 4.0000E-02 3.8043E-01 -4.3524E-01 -7.6294E-06 -2.2233E-05
 4.0000E-02 3.8205E-01 -4.4734E-01  4.0531E-06  2.0862E-07
 4.0000E-02 3.8369E-01 -4.5932E-01 -4.7684E-07 -6.2585E-07
 4.0000E-02 3.8534E-01 -4.7124E-01  3.5763E-06  2.9802E-07
 4.0000E-02 3.8701E-01 -4.8307E-01 -2.3842E-07 -2.6822E-07
 4.0000E-02 3.8870E-01 -4.9479E-01  3.0994E-06  8.9407E-08
 4.0000E-02 3.9039E-01 -5.0637E-01  1.0252E-05 -8.3447E-07
 4.0000E-02 3.9211E-01 -5.1783E-01 -2.3842E-07 -5.9605E-08
 4.0000E-02 3.9383E-01 -5.2918E-01 -7.1526E-07 -1.5497E-06
 4.0000E-02 3.9558E-01 -5.4041E-01  1.9073E-06 -1.9670E-06
 4.0000E-02 3.9733E-01 -5.5147E-01 -1.6689E-06  2.4438E-06
 4.0000E-02 3.9911E-01 -5.6237E-01  1.6689E-06 -2.9802E-07
 4.0000E-02 4.0090E-01 -5.7309E-01 -2.8610E-06 -7.7486E-07
 4.0000E-02 4.0270E-01 -5.8364E-01  1.6689E-06 -1.1921E-07
 4.0000E-02 4.0452E-01 -5.9395E-01  1.4305E-06  1.0133E-06
 4.0000E-02 4.0636E-01 -6.0398E-01 -1.9073E-06 -1.3709E-06
 4.0000E-02 4.0822E-01 -6.1367E-01 -3.0994E-06  5.9605E-08
 4.0000E-02 4.1009E-01 -6.2304E-01 -3.8147E-06  6.5565E-07
 4.0000E-02 4.1198E-01 -6.3205E-01  1.6689E-06 -4.1723E-07
 4.0000E-02 4.1389E-01 -6.4059E-01 -7.1526E-07 -2.3842E-07
 4.0000E-02 4.1581E-01 -6.4857E-01 -7.1526E-07 -1.1921E-06
 4.0000E-02 4.1776E-01 -6.5593E-01  0.0000E+00  1.1921E-07
 4.0000E-02 4.1972E-01 -6.6265E-01  1.1921E-06  4.0531E-06
 4.0000E-02 4.2170E-01 -6.6857E-01 -3.0994E-06 -2.3842E-07
 4.0000E-02 4.2370E-01 -6.7355E-01 -1.4067E-05 -3.5763E-07
 4.0000E-02 4.2571E-01 -6.7745E-01  1.5259E-05 -4.5300E-06
 4.0000E-02 4.2775E-01 -6.8008E-01 -6.6757E-06  5.3644E-07
 4.0000E-02 4.2981E-01 -6.8124E-01  5.0068E-06  6.6161E-06
 4.0000E-02 4.3188E-01 -6.8077E-01  9.2983E-06 -8.9407E-07
 4.0000E-02 4.3398E-01 -6.7848E-01 -1.4305E-05  1.1325E-06
 4.0000E-02 4.3610E-01 -6.7418E-01  4.2915E-06 -1.1921E-07
 4.0000E-02 4.3824E-01 -6.6770E-01  8.1062E-06 -1.4901E-06
 4.0000E-02 4.4039E-01 -6.5891E-01  8.1062E-06 -8.9407E-07
 4.0000E-02 4.4257E-01 -6.4766E-01  6.6757E-06 -1.5497E-06
 4.0000E-02 4.4478E-01 -6.3375E-01  6.1989E-06  8.3447E-07
 4.0000E-02 4.4700E-01 -6.1711E-01 -5.2452E-06  2.0862E-06
 4.0000E-02 4.4925E-01 -5.9745E-01 -4.7684E-07  1.4901E-06
 4.0000E-02 4.5152E-01 -5.7454E-01 -7.6294E-06  2.1458E-06
 4.0000E-02 4.5381E-01 -5.4811E-01 -2.6703E-05  3.5763E-07
 4.0000E-02 4.5612E-01 -5.1784E-01 -1.9550E-05 -1.3709E-06
 4.0000E-02 4.5846E-01 -4.8341E-01 -6.1989E-06 -9.2387E-07
 4.0000E-02 4.6082E-01 -4.4456E-01 -1.3828E-05 -1.6391E-06
 4.0000E-02 4.6321E-01 -4.0111E-01  4.7684E-07  2.6524E-06
 4.0000E-02 4.6563E-01 -3.5284E-01  2.0027E-05 -3.8147E-06
 4.0000E-02 4.6806E-01 -2.9964E-01  1.4782E-05  2.9802E-08
 4.0000E-02 4.7053E-01 -2.4146E-01  1.9073E-06  9.9838E-07
 4.0000E-02 4.7302E-01 -1.7821E-01 -2.3842E-06 -5.9605E-08
 4.0000E-02 4.7553E-01 -1.0996E-01 -1.0014E-05  1.1183E-05
 4.0000E-02 4.7807E-01 -3.6887E-02  9.0599E-06  3.9488E-07
 4.0000E-02 4.8065E-01  4.0998E-02 -1.5259E-05  3.6433E-06
 4.0000E-02 4.8324E-01  1.2373E-01  1.6212E-05  2.7195E-06
 4.0000E-02 4.8587E-01  2.1143E-01 -8.5831E-06  4.6194E-07
 4.0000E-02 4.8852E-01  3.0414E-01  1.6212E-05  2.5630E-06
 4.0000E-02 4.9121E-01  4.0200E-01  1.4782E-05 -2.8014E-06
 4.0000E-02 4.9392E-01  5.0513E-01  6.1989E-06 -6.0797E-06
 4.0000E-02 4.9667E-01  6.1261E-01  6.1989E-06 -1.9073E-06
 4.0000E-02 4.9944E-01  7.2336E-01 -1.4305E-06 -3.0994E-06
 4.0000E-02 5.0225E-01  8.3891E-01  4.7684E-06  3.2783E-06
 4.0000E-02 5.0508E-01  9.5835E-01  3.4332E-05  6.2585E-06
 4.0000E-02 5.0795E-01  1.0807E+00 -1.0014E-05 -3.5763E-06
 4.0000E-02 5.1086E-01  1.2044E+00  2.8610E-06  5.7220E-06
 4.0000E-02 5.1379E-01  1.3274E+00  1.0014E-05 -1.4901E-05
 4.0000E-02 5.1676E-01  1.4478E+00  1.4782E-05 -1.7881E-05
 4.0000E-02 5.1977E-01  1.5639E+00  5.7220E-06 -2.3842E-06
 4.0000E-02 5.2281E-01  1.6767E+00  2.4319E-05  0.0000E+00
 4.0000E-02 5.2588E-01  1.7832E+00 -2.8610E-06 -7.0333E-06
 4.0000E-02 5.2899E-01  1.8804E+00 -1.9550E-05  1.5736E-05
 4.0000E-02 5.3214E-01  1.9680E+00  3.3379E-06  1.6332E-05
 4.0000E-02 5.3533E-01  2.0461E+00  3.1471E-05 -6.4373E-06
 4.0000E-02 5.3855E-01  2.1148E+00  9.5367E-07 -6.4373E-06
 4.0000E-02 5.4182E-01  2.1745E+00  6.6757E-06 -7.1526E-07
 4.0000E-02 5.4512E-01  2.2256E+00 -1.5259E-05 -4.7684E-07
 4.0000E-02 5.4847E-01  2.2686E+00 -5.6744E-05  4.5300E-06
 4.0000E-02 5.5185E-01  2.3032E+00  6.6757E-05 -1.4782E-05
 4.0000E-02 5.5528E-01  2.3310E+00  3.8147E-05  1.4782E-05
 4.0000E-02 5.5875E-01  2.3525E+00 -1.1921E-05 -1.8597E-05
 4.0000E-02 5.6226E-01  2.3678E+00  6.5804E-05 -3.0041E-05
 4.0000E-02 5.6582E-01  2.3767E+00 -1.0967E-05  9.7752E-06
 4.0000E-02 5.6943E-01  2.3788E+00 -3.0994E-06 -1.4067E-05
 4.0000E-02 5.7308E-01  2.3737E+00 -2.2173E-05  2.3127E-05
 4.0000E-02 5.7677E-01  2.3615E+00 -7.8678E-06 -6.4373E-06
 4.0000E-02 5.8052E-01  2.3431E+00 -2.4319E-05  1.4067E-05
 4.0000E-02 5.8431E-01  2.3201E+00 -1.7166E-05  3.8147E-06
 4.0000E-02 5.8816E-01  2.2940E+00 -4.8876E-05  9.5367E-06
 4.0000E-02 5.9205E-01  2.2658E+00 -1.5020E-05 -1.2159E-05
 4.0000E-02 5.9600E-01  2.2359E+00  1.0252E-05  1.3113E-05
 4.0000E-02 6.0000E-01  2.2046E+00  2.4319E-05  9.5367E-06
