 DDSCAT --- DDSCAT 7.3.3 [22.01.20]   
 TARGET --->TARGSPHER  spherical target with explicit spacing                 
 GPFAFT --- method of solution 
 GKDLDR --- prescription for polarizabilities
 FROM_FILE --- shape 
    4169 = NAT0 = number of dipoles
 ../../diel/Pena-Rioux_dielectric_26Au_74Ag                  
 ../../diel/Pena-Rioux_dielectric_52Au_48Ag                  
 ../../diel/Pena-Rioux_dielectric_65Au_35Ag                  
 ../../diel/Pena-Rioux_dielectric_92Au_8Ag                   
 ../../diel/Au_evap                                          
   0.000   0.000 = beta_min, beta_max ;  NBETA = 1
   0.000   0.000 = theta_min, theta_max; NTHETA= 1
   0.000   0.000 = phi_min, phi_max   ;   NPHI = 1
 0.5000 = ETASCA (param. controlling # of scatt. dirs used to calculate <cos> etc.
 Results averaged over    1 target orientations
                   and  2 incident polarizations
   aeff       wave       Q_ext     Q_abs      Q_sca     g(1)=<cos>  <cos^2>    Q_bk       Nsca
 4.0000E-02 3.0000E-01 2.5822E+00 1.7958E+00 7.8632E-01  2.5538E-01 4.1475E-01 3.9592E-02   408
 4.0000E-02 3.0101E-01 2.5745E+00 1.7951E+00 7.7940E-01  2.5361E-01 4.1456E-01 3.9595E-02   408
 4.0000E-02 3.0203E-01 2.5669E+00 1.7944E+00 7.7251E-01  2.5184E-01 4.1437E-01 3.9590E-02   408
 4.0000E-02 3.0305E-01 2.5592E+00 1.7937E+00 7.6557E-01  2.5009E-01 4.1418E-01 3.9575E-02   408
 4.0000E-02 3.0408E-01 2.5514E+00 1.7928E+00 7.5860E-01  2.4834E-01 4.1399E-01 3.9551E-02   408
 4.0000E-02 3.0512E-01 2.5436E+00 1.7920E+00 7.5160E-01  2.4660E-01 4.1381E-01 3.9518E-02   408
 4.0000E-02 3.0616E-01 2.5356E+00 1.7911E+00 7.4457E-01  2.4487E-01 4.1363E-01 3.9475E-02   408
 4.0000E-02 3.0722E-01 2.5276E+00 1.7901E+00 7.3752E-01  2.4315E-01 4.1345E-01 3.9424E-02   408
 4.0000E-02 3.0828E-01 2.5197E+00 1.7891E+00 7.3055E-01  2.4143E-01 4.1327E-01 3.9370E-02   408
 4.0000E-02 3.0934E-01 2.5122E+00 1.7883E+00 7.2391E-01  2.3968E-01 4.1309E-01 3.9332E-02   408
 4.0000E-02 3.1042E-01 2.5046E+00 1.7874E+00 7.1723E-01  2.3794E-01 4.1292E-01 3.9285E-02   408
 4.0000E-02 3.1150E-01 2.4969E+00 1.7864E+00 7.1050E-01  2.3621E-01 4.1274E-01 3.9227E-02   408
 4.0000E-02 3.1259E-01 2.4891E+00 1.7854E+00 7.0372E-01  2.3449E-01 4.1257E-01 3.9161E-02   408
 4.0000E-02 3.1368E-01 2.4812E+00 1.7843E+00 6.9693E-01  2.3277E-01 4.1240E-01 3.9087E-02   408
 4.0000E-02 3.1479E-01 2.4732E+00 1.7831E+00 6.9011E-01  2.3116E-01 4.1239E-01 3.9005E-02   362
 4.0000E-02 3.1590E-01 2.4651E+00 1.7818E+00 6.8328E-01  2.2944E-01 4.1222E-01 3.8916E-02   362
 4.0000E-02 3.1702E-01 2.4569E+00 1.7805E+00 6.7642E-01  2.2773E-01 4.1206E-01 3.8819E-02   363
 4.0000E-02 3.1815E-01 2.4482E+00 1.7789E+00 6.6926E-01  2.2604E-01 4.1190E-01 3.8697E-02   363
 4.0000E-02 3.1929E-01 2.4392E+00 1.7772E+00 6.6198E-01  2.2436E-01 4.1175E-01 3.8560E-02   363
 4.0000E-02 3.2043E-01 2.4300E+00 1.7753E+00 6.5466E-01  2.2268E-01 4.1159E-01 3.8412E-02   363
 4.0000E-02 3.2158E-01 2.4208E+00 1.7734E+00 6.4736E-01  2.2099E-01 4.1144E-01 3.8259E-02   363
 4.0000E-02 3.2274E-01 2.4114E+00 1.7714E+00 6.4000E-01  2.1931E-01 4.1129E-01 3.8095E-02   363
 4.0000E-02 3.2391E-01 2.4017E+00 1.7692E+00 6.3258E-01  2.1764E-01 4.1114E-01 3.7920E-02   363
 4.0000E-02 3.2509E-01 2.3919E+00 1.7668E+00 6.2510E-01  2.1597E-01 4.1100E-01 3.7735E-02   363
 4.0000E-02 3.2628E-01 2.3819E+00 1.7643E+00 6.1758E-01  2.1430E-01 4.1085E-01 3.7539E-02   363
 4.0000E-02 3.2747E-01 2.3707E+00 1.7612E+00 6.0951E-01  2.1267E-01 4.1071E-01 3.7297E-02   363
 4.0000E-02 3.2868E-01 2.3597E+00 1.7581E+00 6.0158E-01  2.1104E-01 4.1058E-01 3.7058E-02   363
 4.0000E-02 3.2989E-01 2.3487E+00 1.7549E+00 5.9384E-01  2.0938E-01 4.1044E-01 3.6824E-02   363
 4.0000E-02 3.3111E-01 2.3380E+00 1.7517E+00 5.8628E-01  2.0771E-01 4.1030E-01 3.6597E-02   363
 4.0000E-02 3.3234E-01 2.3272E+00 1.7484E+00 5.7885E-01  2.0603E-01 4.1016E-01 3.6373E-02   363
 4.0000E-02 3.3358E-01 2.3166E+00 1.7450E+00 5.7158E-01  2.0434E-01 4.1002E-01 3.6155E-02   363
 4.0000E-02 3.3483E-01 2.3061E+00 1.7416E+00 5.6453E-01  2.0263E-01 4.0988E-01 3.5946E-02   363
 4.0000E-02 3.3609E-01 2.2964E+00 1.7384E+00 5.5801E-01  2.0087E-01 4.0974E-01 3.5769E-02   363
 4.0000E-02 3.3736E-01 2.2877E+00 1.7355E+00 5.5221E-01  1.9904E-01 4.0959E-01 3.5640E-02   363
 4.0000E-02 3.3864E-01 2.2798E+00 1.7329E+00 5.4690E-01  1.9718E-01 4.0944E-01 3.5542E-02   363
 4.0000E-02 3.3992E-01 2.2726E+00 1.7305E+00 5.4211E-01  1.9529E-01 4.0929E-01 3.5477E-02   363
 4.0000E-02 3.4122E-01 2.2662E+00 1.7284E+00 5.3783E-01  1.9335E-01 4.0914E-01 3.5445E-02   363
 4.0000E-02 3.4253E-01 2.2606E+00 1.7265E+00 5.3409E-01  1.9137E-01 4.0898E-01 3.5448E-02   363
 4.0000E-02 3.4385E-01 2.2557E+00 1.7249E+00 5.3086E-01  1.8935E-01 4.0883E-01 3.5488E-02   363
 4.0000E-02 3.4517E-01 2.2520E+00 1.7237E+00 5.2836E-01  1.8729E-01 4.0866E-01 3.5577E-02   363
 4.0000E-02 3.4651E-01 2.2497E+00 1.7231E+00 5.2663E-01  1.8518E-01 4.0850E-01 3.5721E-02   363
 4.0000E-02 3.4786E-01 2.2484E+00 1.7229E+00 5.2552E-01  1.8305E-01 4.0834E-01 3.5909E-02   363
 4.0000E-02 3.4922E-01 2.2482E+00 1.7231E+00 5.2505E-01  1.8089E-01 4.0817E-01 3.6141E-02   363
 4.0000E-02 3.5059E-01 2.2491E+00 1.7239E+00 5.2523E-01  1.7871E-01 4.0800E-01 3.6422E-02   363
 4.0000E-02 3.5197E-01 2.2512E+00 1.7251E+00 5.2609E-01  1.7650E-01 4.0784E-01 3.6752E-02   363
 4.0000E-02 3.5336E-01 2.2545E+00 1.7269E+00 5.2766E-01  1.7427E-01 4.0767E-01 3.7135E-02   363
 4.0000E-02 3.5476E-01 2.2593E+00 1.7293E+00 5.2999E-01  1.7203E-01 4.0750E-01 3.7575E-02   363
 4.0000E-02 3.5618E-01 2.2654E+00 1.7324E+00 5.3304E-01  1.6980E-01 4.0733E-01 3.8067E-02   363
 4.0000E-02 3.5760E-01 2.2727E+00 1.7360E+00 5.3671E-01  1.6755E-01 4.0717E-01 3.8608E-02   363
 4.0000E-02 3.5904E-01 2.2812E+00 1.7401E+00 5.4103E-01  1.6530E-01 4.0700E-01 3.9201E-02   363
 4.0000E-02 3.6048E-01 2.2908E+00 1.7448E+00 5.4601E-01  1.6305E-01 4.0684E-01 3.9850E-02   363
 4.0000E-02 3.6194E-01 2.3018E+00 1.7501E+00 5.5172E-01  1.6079E-01 4.0667E-01 4.0556E-02   363
 4.0000E-02 3.6341E-01 2.3142E+00 1.7561E+00 5.5813E-01  1.5852E-01 4.0651E-01 4.1321E-02   363
 4.0000E-02 3.6490E-01 2.3277E+00 1.7626E+00 5.6512E-01  1.5626E-01 4.0634E-01 4.2138E-02   363
 4.0000E-02 3.6639E-01 2.3423E+00 1.7696E+00 5.7274E-01  1.5400E-01 4.0618E-01 4.3010E-02   363
 4.0000E-02 3.6790E-01 2.3581E+00 1.7772E+00 5.8099E-01  1.5174E-01 4.0602E-01 4.3939E-02   363
 4.0000E-02 3.6942E-01 2.3752E+00 1.7853E+00 5.8991E-01  1.4948E-01 4.0587E-01 4.4929E-02   363
 4.0000E-02 3.7095E-01 2.3936E+00 1.7941E+00 5.9952E-01  1.4721E-01 4.0571E-01 4.5983E-02   363
 4.0000E-02 3.7250E-01 2.4133E+00 1.8035E+00 6.0981E-01  1.4494E-01 4.0556E-01 4.7102E-02   363
 4.0000E-02 3.7406E-01 2.4340E+00 1.8134E+00 6.2067E-01  1.4267E-01 4.0540E-01 4.8279E-02   363
 4.0000E-02 3.7563E-01 2.4559E+00 1.8238E+00 6.3215E-01  1.4040E-01 4.0525E-01 4.9518E-02   363
 4.0000E-02 3.7722E-01 2.4790E+00 1.8347E+00 6.4428E-01  1.3812E-01 4.0510E-01 5.0825E-02   363
 4.0000E-02 3.7881E-01 2.5034E+00 1.8463E+00 6.5711E-01  1.3584E-01 4.0496E-01 5.2203E-02   363
 4.0000E-02 3.8043E-01 2.5291E+00 1.8584E+00 6.7070E-01  1.3355E-01 4.0481E-01 5.3659E-02   363
 4.0000E-02 3.8205E-01 2.5560E+00 1.8711E+00 6.8495E-01  1.3125E-01 4.0467E-01 5.5189E-02   363
 4.0000E-02 3.8369E-01 2.5839E+00 1.8842E+00 6.9974E-01  1.2894E-01 4.0452E-01 5.6784E-02   363
 4.0000E-02 3.8534E-01 2.6131E+00 1.8979E+00 7.1527E-01  1.2662E-01 4.0439E-01 5.8460E-02   363
 4.0000E-02 3.8701E-01 2.6437E+00 1.9122E+00 7.3158E-01  1.2429E-01 4.0425E-01 6.0223E-02   363
 4.0000E-02 3.8870E-01 2.6758E+00 1.9271E+00 7.4873E-01  1.2196E-01 4.0412E-01 6.2078E-02   363
 4.0000E-02 3.9039E-01 2.7094E+00 1.9427E+00 7.6674E-01  1.1970E-01 4.0416E-01 6.4032E-02   323
 4.0000E-02 3.9211E-01 2.7443E+00 1.9588E+00 7.8553E-01  1.1734E-01 4.0403E-01 6.6077E-02   323
 4.0000E-02 3.9383E-01 2.7808E+00 1.9756E+00 8.0522E-01  1.1499E-01 4.0390E-01 6.8227E-02   323
 4.0000E-02 3.9558E-01 2.8188E+00 1.9930E+00 8.2587E-01  1.1262E-01 4.0377E-01 7.0489E-02   323
 4.0000E-02 3.9733E-01 2.8586E+00 2.0111E+00 8.4752E-01  1.1023E-01 4.0365E-01 7.2868E-02   323
 4.0000E-02 3.9911E-01 2.9003E+00 2.0300E+00 8.7034E-01  1.0785E-01 4.0353E-01 7.5380E-02   323
 4.0000E-02 4.0090E-01 2.9438E+00 2.0496E+00 8.9423E-01  1.0545E-01 4.0342E-01 7.8022E-02   323
 4.0000E-02 4.0270E-01 2.9892E+00 2.0699E+00 9.1930E-01  1.0304E-01 4.0330E-01 8.0803E-02   323
 4.0000E-02 4.0452E-01 3.0365E+00 2.0909E+00 9.4561E-01  1.0063E-01 4.0319E-01 8.3735E-02   323
 4.0000E-02 4.0636E-01 3.0860E+00 2.1128E+00 9.7324E-01  9.8196E-02 4.0308E-01 8.6826E-02   323
 4.0000E-02 4.0822E-01 3.1377E+00 2.1354E+00 1.0022E+00  9.5752E-02 4.0298E-01 9.0087E-02   323
 4.0000E-02 4.1009E-01 3.1916E+00 2.1589E+00 1.0327E+00  9.3297E-02 4.0287E-01 9.3528E-02   323
 4.0000E-02 4.1198E-01 3.2480E+00 2.1832E+00 1.0648E+00  9.0829E-02 4.0277E-01 9.7163E-02   323
 4.0000E-02 4.1389E-01 3.3069E+00 2.2084E+00 1.0985E+00  8.8348E-02 4.0267E-01 1.0100E-01   323
 4.0000E-02 4.1581E-01 3.3683E+00 2.2345E+00 1.1338E+00  8.5852E-02 4.0258E-01 1.0505E-01   323
 4.0000E-02 4.1776E-01 3.4326E+00 2.2615E+00 1.1711E+00  8.3346E-02 4.0249E-01 1.0933E-01   323
 4.0000E-02 4.1972E-01 3.4999E+00 2.2896E+00 1.2103E+00  8.0829E-02 4.0240E-01 1.1387E-01   323
 4.0000E-02 4.2170E-01 3.5703E+00 2.3187E+00 1.2517E+00  7.8305E-02 4.0231E-01 1.1867E-01   323
 4.0000E-02 4.2370E-01 3.6440E+00 2.3488E+00 1.2952E+00  7.5776E-02 4.0223E-01 1.2374E-01   323
 4.0000E-02 4.2571E-01 3.7210E+00 2.3801E+00 1.3410E+00  7.3246E-02 4.0215E-01 1.2910E-01   323
 4.0000E-02 4.2775E-01 3.8015E+00 2.4125E+00 1.3890E+00  7.0717E-02 4.0208E-01 1.3476E-01   323
 4.0000E-02 4.2981E-01 3.8855E+00 2.4461E+00 1.4395E+00  6.8195E-02 4.0200E-01 1.4072E-01   323
 4.0000E-02 4.3188E-01 3.9730E+00 2.4808E+00 1.4923E+00  6.5691E-02 4.0193E-01 1.4698E-01   323
 4.0000E-02 4.3398E-01 4.0640E+00 2.5166E+00 1.5474E+00  6.3208E-02 4.0187E-01 1.5354E-01   323
 4.0000E-02 4.3610E-01 4.1581E+00 2.5535E+00 1.6047E+00  6.0747E-02 4.0180E-01 1.6039E-01   323
 4.0000E-02 4.3824E-01 4.2552E+00 2.5913E+00 1.6639E+00  5.8320E-02 4.0174E-01 1.6751E-01   323
 4.0000E-02 4.4039E-01 4.3552E+00 2.6300E+00 1.7252E+00  5.5930E-02 4.0169E-01 1.7491E-01   323
 4.0000E-02 4.4257E-01 4.4580E+00 2.6695E+00 1.7885E+00  5.3582E-02 4.0163E-01 1.8257E-01   323
 4.0000E-02 4.4478E-01 4.5634E+00 2.7098E+00 1.8537E+00  5.1279E-02 4.0158E-01 1.9050E-01   323
 4.0000E-02 4.4700E-01 4.6714E+00 2.7507E+00 1.9208E+00  4.9032E-02 4.0154E-01 1.9868E-01   323
 4.0000E-02 4.4925E-01 4.7819E+00 2.7922E+00 1.9898E+00  4.6841E-02 4.0149E-01 2.0712E-01   323
 4.0000E-02 4.5152E-01 4.8948E+00 2.8342E+00 2.0606E+00  4.4703E-02 4.0145E-01 2.1580E-01   323
 4.0000E-02 4.5381E-01 5.0097E+00 2.8766E+00 2.1332E+00  4.2617E-02 4.0142E-01 2.2473E-01   323
 4.0000E-02 4.5612E-01 5.1265E+00 2.9192E+00 2.2074E+00  4.0598E-02 4.0139E-01 2.3386E-01   323
 4.0000E-02 4.5846E-01 5.2447E+00 2.9619E+00 2.2828E+00  3.8648E-02 4.0136E-01 2.4318E-01   323
 4.0000E-02 4.6082E-01 5.3635E+00 3.0044E+00 2.3591E+00  3.6767E-02 4.0133E-01 2.5262E-01   323
 4.0000E-02 4.6321E-01 5.4822E+00 3.0463E+00 2.4359E+00  3.4957E-02 4.0130E-01 2.6213E-01   323
 4.0000E-02 4.6563E-01 5.6002E+00 3.0874E+00 2.5128E+00  3.3213E-02 4.0128E-01 2.7168E-01   323
 4.0000E-02 4.6806E-01 5.7165E+00 3.1272E+00 2.5893E+00  3.1536E-02 4.0126E-01 2.8122E-01   323
 4.0000E-02 4.7053E-01 5.8303E+00 3.1654E+00 2.6649E+00  2.9923E-02 4.0124E-01 2.9068E-01   323
 4.0000E-02 4.7302E-01 5.9404E+00 3.2015E+00 2.7389E+00  2.8378E-02 4.0122E-01 2.9996E-01   323
 4.0000E-02 4.7553E-01 6.0460E+00 3.2350E+00 2.8110E+00  2.6897E-02 4.0120E-01 3.0904E-01   323
 4.0000E-02 4.7807E-01 6.1466E+00 3.2656E+00 2.8810E+00  2.5475E-02 4.0119E-01 3.1790E-01   323
 4.0000E-02 4.8065E-01 6.2418E+00 3.2927E+00 2.9491E+00  2.4107E-02 4.0117E-01 3.2653E-01   323
 4.0000E-02 4.8324E-01 6.3309E+00 3.3160E+00 3.0150E+00  2.2785E-02 4.0115E-01 3.3494E-01   323
 4.0000E-02 4.8587E-01 6.4131E+00 3.3347E+00 3.0784E+00  2.1503E-02 4.0114E-01 3.4307E-01   323
 4.0000E-02 4.8852E-01 6.4874E+00 3.3483E+00 3.1391E+00  2.0254E-02 4.0112E-01 3.5091E-01   323
 4.0000E-02 4.9121E-01 6.5528E+00 3.3560E+00 3.1968E+00  1.9032E-02 4.0111E-01 3.5842E-01   323
 4.0000E-02 4.9392E-01 6.6076E+00 3.3572E+00 3.2504E+00  1.7832E-02 4.0110E-01 3.6548E-01   323
 4.0000E-02 4.9667E-01 6.6504E+00 3.3513E+00 3.2991E+00  1.6662E-02 4.0108E-01 3.7199E-01   323
 4.0000E-02 4.9944E-01 6.6810E+00 3.3382E+00 3.3428E+00  1.5527E-02 4.0107E-01 3.7792E-01   323
 4.0000E-02 5.0225E-01 6.6961E+00 3.3163E+00 3.3799E+00  1.4398E-02 4.0105E-01 3.8313E-01   323
 4.0000E-02 5.0508E-01 6.6933E+00 3.2849E+00 3.4084E+00  1.3277E-02 4.0104E-01 3.8738E-01   323
 4.0000E-02 5.0795E-01 6.6703E+00 3.2436E+00 3.4268E+00  1.2168E-02 4.0103E-01 3.9047E-01   324
 4.0000E-02 5.1086E-01 6.6252E+00 3.1921E+00 3.4331E+00  1.1073E-02 4.0102E-01 3.9218E-01   324
 4.0000E-02 5.1379E-01 6.5573E+00 3.1311E+00 3.4261E+00  1.0035E-02 4.0122E-01 3.9235E-01   285
 4.0000E-02 5.1676E-01 6.4667E+00 3.0613E+00 3.4054E+00  8.9845E-03 4.0121E-01 3.9091E-01   285
 4.0000E-02 5.1977E-01 6.3548E+00 2.9835E+00 3.3712E+00  7.9612E-03 4.0120E-01 3.8788E-01   285
 4.0000E-02 5.2281E-01 6.2190E+00 2.8957E+00 3.3232E+00  6.9366E-03 4.0120E-01 3.8324E-01   285
 4.0000E-02 5.2588E-01 6.0610E+00 2.8001E+00 3.2609E+00  5.9224E-03 4.0120E-01 3.7690E-01   285
 4.0000E-02 5.2899E-01 5.8870E+00 2.7005E+00 3.1865E+00  4.9366E-03 4.0120E-01 3.6912E-01   285
 4.0000E-02 5.3214E-01 5.7010E+00 2.5980E+00 3.1031E+00  3.9758E-03 4.0120E-01 3.6022E-01   285
 4.0000E-02 5.3533E-01 5.5058E+00 2.4935E+00 3.0123E+00  3.0370E-03 4.0121E-01 3.5042E-01   285
 4.0000E-02 5.3855E-01 5.3041E+00 2.3879E+00 2.9162E+00  2.1180E-03 4.0121E-01 3.3992E-01   285
 4.0000E-02 5.4182E-01 5.0981E+00 2.2818E+00 2.8163E+00  1.2155E-03 4.0121E-01 3.2892E-01   285
 4.0000E-02 5.4512E-01 4.8896E+00 2.1757E+00 2.7138E+00  3.2806E-04 4.0121E-01 3.1756E-01   285
 4.0000E-02 5.4847E-01 4.6803E+00 2.0703E+00 2.6100E+00 -5.4647E-04 4.0121E-01 3.0599E-01   285
 4.0000E-02 5.5185E-01 4.4733E+00 1.9674E+00 2.5060E+00 -1.4000E-03 4.0121E-01 2.9432E-01   285
 4.0000E-02 5.5528E-01 4.2681E+00 1.8656E+00 2.4025E+00 -2.2438E-03 4.0121E-01 2.8267E-01   285
 4.0000E-02 5.5875E-01 4.0646E+00 1.7647E+00 2.3000E+00 -3.0834E-03 4.0120E-01 2.7108E-01   285
 4.0000E-02 5.6226E-01 3.8629E+00 1.6647E+00 2.1982E+00 -3.9256E-03 4.0120E-01 2.5953E-01   285
 4.0000E-02 5.6582E-01 3.6629E+00 1.5662E+00 2.0967E+00 -4.7762E-03 4.0119E-01 2.4799E-01   285
 4.0000E-02 5.6943E-01 3.4653E+00 1.4701E+00 1.9952E+00 -5.6401E-03 4.0118E-01 2.3640E-01   285
 4.0000E-02 5.7308E-01 3.2722E+00 1.3784E+00 1.8939E+00 -6.5182E-03 4.0118E-01 2.2480E-01   285
 4.0000E-02 5.7677E-01 3.0864E+00 1.2928E+00 1.7936E+00 -7.4083E-03 4.0117E-01 2.1328E-01   285
 4.0000E-02 5.8052E-01 2.9105E+00 1.2146E+00 1.6959E+00 -8.3082E-03 4.0116E-01 2.0203E-01   285
 4.0000E-02 5.8431E-01 2.7456E+00 1.1435E+00 1.6021E+00 -9.2179E-03 4.0115E-01 1.9121E-01   285
 4.0000E-02 5.8816E-01 2.5917E+00 1.0785E+00 1.5133E+00 -1.0136E-02 4.0114E-01 1.8095E-01   285
 4.0000E-02 5.9205E-01 2.4484E+00 1.0187E+00 1.4297E+00 -1.1057E-02 4.0114E-01 1.7128E-01   285
 4.0000E-02 5.9600E-01 2.3143E+00 9.6338E-01 1.3509E+00 -1.1984E-02 4.0114E-01 1.6215E-01   285
 4.0000E-02 6.0000E-01 2.1891E+00 9.1243E-01 1.2766E+00 -1.2915E-02 4.0113E-01 1.5353E-01   285
