 DDSCAT --- DDSCAT 7.3.3 [22.01.20]   
 TARGET --->TARGSPHER  spherical target with explicit spacing                 
 GPFAFT --- method of solution 
 GKDLDR --- prescription for polarizabilities
 FROM_FILE --- shape 
    4169 = NAT0 = number of dipoles
 ../../diel/Pena-Rioux_dielectric_26Au_74Ag                  
 ../../diel/Pena-Rioux_dielectric_65Au_35Ag                  
 ../../diel/Pena-Rioux_dielectric_85Au_15Ag                  
 ../../diel/Au_evap                                          
   0.000   0.000 = beta_min, beta_max ;  NBETA = 1
   0.000   0.000 = theta_min, theta_max; NTHETA= 1
   0.000   0.000 = phi_min, phi_max   ;   NPHI = 1
 0.5000 = ETASCA (param. controlling # of scatt. dirs used to calculate <cos> etc.
 Results averaged over    1 target orientations
                   and  2 incident polarizations
   aeff       wave       Q_ext     Q_abs      Q_sca     g(1)=<cos>  <cos^2>    Q_bk       Nsca
 4.0000E-02 3.0000E-01 2.5692E+00 1.7895E+00 7.7976E-01  2.5413E-01 4.1477E-01 3.9529E-02   408
 4.0000E-02 3.0101E-01 2.5615E+00 1.7887E+00 7.7282E-01  2.5234E-01 4.1458E-01 3.9528E-02   408
 4.0000E-02 3.0203E-01 2.5538E+00 1.7879E+00 7.6590E-01  2.5056E-01 4.1438E-01 3.9519E-02   408
 4.0000E-02 3.0305E-01 2.5459E+00 1.7870E+00 7.5893E-01  2.4879E-01 4.1419E-01 3.9501E-02   408
 4.0000E-02 3.0408E-01 2.5380E+00 1.7861E+00 7.5194E-01  2.4702E-01 4.1401E-01 3.9473E-02   408
 4.0000E-02 3.0512E-01 2.5300E+00 1.7851E+00 7.4491E-01  2.4526E-01 4.1382E-01 3.9436E-02   408
 4.0000E-02 3.0616E-01 2.5219E+00 1.7841E+00 7.3787E-01  2.4351E-01 4.1364E-01 3.9390E-02   408
 4.0000E-02 3.0722E-01 2.5137E+00 1.7830E+00 7.3079E-01  2.4177E-01 4.1346E-01 3.9336E-02   408
 4.0000E-02 3.0828E-01 2.5057E+00 1.7819E+00 7.2380E-01  2.4003E-01 4.1328E-01 3.9279E-02   408
 4.0000E-02 3.0934E-01 2.4980E+00 1.7809E+00 7.1714E-01  2.3826E-01 4.1310E-01 3.9237E-02   408
 4.0000E-02 3.1042E-01 2.4904E+00 1.7799E+00 7.1046E-01  2.3650E-01 4.1293E-01 3.9188E-02   408
 4.0000E-02 3.1150E-01 2.4825E+00 1.7788E+00 7.0371E-01  2.3474E-01 4.1275E-01 3.9128E-02   408
 4.0000E-02 3.1259E-01 2.4745E+00 1.7776E+00 6.9692E-01  2.3299E-01 4.1258E-01 3.9059E-02   408
 4.0000E-02 3.1368E-01 2.4665E+00 1.7763E+00 6.9011E-01  2.3125E-01 4.1241E-01 3.8983E-02   408
 4.0000E-02 3.1479E-01 2.4583E+00 1.7750E+00 6.8329E-01  2.2961E-01 4.1239E-01 3.8900E-02   362
 4.0000E-02 3.1590E-01 2.4501E+00 1.7736E+00 6.7644E-01  2.2787E-01 4.1222E-01 3.8808E-02   362
 4.0000E-02 3.1702E-01 2.4417E+00 1.7722E+00 6.6959E-01  2.2613E-01 4.1206E-01 3.8709E-02   363
 4.0000E-02 3.1815E-01 2.4328E+00 1.7704E+00 6.6242E-01  2.2441E-01 4.1190E-01 3.8585E-02   363
 4.0000E-02 3.1929E-01 2.4236E+00 1.7685E+00 6.5514E-01  2.2269E-01 4.1174E-01 3.8446E-02   363
 4.0000E-02 3.2043E-01 2.4142E+00 1.7664E+00 6.4780E-01  2.2099E-01 4.1158E-01 3.8297E-02   363
 4.0000E-02 3.2158E-01 2.4048E+00 1.7643E+00 6.4051E-01  2.1928E-01 4.1143E-01 3.8142E-02   363
 4.0000E-02 3.2274E-01 2.3953E+00 1.7621E+00 6.3316E-01  2.1757E-01 4.1128E-01 3.7976E-02   363
 4.0000E-02 3.2391E-01 2.3855E+00 1.7597E+00 6.2575E-01  2.1587E-01 4.1113E-01 3.7799E-02   363
 4.0000E-02 3.2509E-01 2.3754E+00 1.7572E+00 6.1828E-01  2.1416E-01 4.1098E-01 3.7612E-02   363
 4.0000E-02 3.2628E-01 2.3652E+00 1.7544E+00 6.1077E-01  2.1247E-01 4.1084E-01 3.7415E-02   363
 4.0000E-02 3.2747E-01 2.3538E+00 1.7511E+00 6.0272E-01  2.1081E-01 4.1070E-01 3.7172E-02   363
 4.0000E-02 3.2868E-01 2.3425E+00 1.7477E+00 5.9481E-01  2.0913E-01 4.1056E-01 3.6931E-02   363
 4.0000E-02 3.2989E-01 2.3313E+00 1.7443E+00 5.8708E-01  2.0745E-01 4.1042E-01 3.6696E-02   363
 4.0000E-02 3.3111E-01 2.3203E+00 1.7408E+00 5.7955E-01  2.0575E-01 4.1028E-01 3.6469E-02   363
 4.0000E-02 3.3234E-01 2.3094E+00 1.7372E+00 5.7216E-01  2.0404E-01 4.1014E-01 3.6245E-02   363
 4.0000E-02 3.3358E-01 2.2985E+00 1.7335E+00 5.6494E-01  2.0231E-01 4.1000E-01 3.6027E-02   363
 4.0000E-02 3.3483E-01 2.2877E+00 1.7298E+00 5.5795E-01  2.0056E-01 4.0986E-01 3.5818E-02   363
 4.0000E-02 3.3609E-01 2.2778E+00 1.7263E+00 5.5148E-01  1.9877E-01 4.0972E-01 3.5643E-02   363
 4.0000E-02 3.3736E-01 2.2689E+00 1.7231E+00 5.4579E-01  1.9692E-01 4.0957E-01 3.5517E-02   363
 4.0000E-02 3.3864E-01 2.2608E+00 1.7203E+00 5.4060E-01  1.9504E-01 4.0942E-01 3.5422E-02   363
 4.0000E-02 3.3992E-01 2.2535E+00 1.7176E+00 5.3591E-01  1.9312E-01 4.0927E-01 3.5360E-02   363
 4.0000E-02 3.4122E-01 2.2469E+00 1.7152E+00 5.3178E-01  1.9117E-01 4.0911E-01 3.5332E-02   363
 4.0000E-02 3.4253E-01 2.2412E+00 1.7130E+00 5.2818E-01  1.8918E-01 4.0895E-01 3.5341E-02   363
 4.0000E-02 3.4385E-01 2.2362E+00 1.7111E+00 5.2513E-01  1.8715E-01 4.0880E-01 3.5387E-02   363
 4.0000E-02 3.4517E-01 2.2325E+00 1.7097E+00 5.2282E-01  1.8509E-01 4.0864E-01 3.5483E-02   363
 4.0000E-02 3.4651E-01 2.2301E+00 1.7088E+00 5.2130E-01  1.8299E-01 4.0847E-01 3.5635E-02   363
 4.0000E-02 3.4786E-01 2.2288E+00 1.7084E+00 5.2041E-01  1.8087E-01 4.0831E-01 3.5831E-02   363
 4.0000E-02 3.4922E-01 2.2287E+00 1.7085E+00 5.2016E-01  1.7873E-01 4.0814E-01 3.6072E-02   363
 4.0000E-02 3.5059E-01 2.2296E+00 1.7091E+00 5.2058E-01  1.7657E-01 4.0798E-01 3.6363E-02   363
 4.0000E-02 3.5197E-01 2.2318E+00 1.7101E+00 5.2170E-01  1.7439E-01 4.0781E-01 3.6703E-02   363
 4.0000E-02 3.5336E-01 2.2351E+00 1.7116E+00 5.2351E-01  1.7219E-01 4.0764E-01 3.7097E-02   363
 4.0000E-02 3.5476E-01 2.2400E+00 1.7139E+00 5.2609E-01  1.6999E-01 4.0748E-01 3.7547E-02   363
 4.0000E-02 3.5618E-01 2.2461E+00 1.7168E+00 5.2939E-01  1.6780E-01 4.0731E-01 3.8050E-02   363
 4.0000E-02 3.5760E-01 2.2534E+00 1.7201E+00 5.3330E-01  1.6559E-01 4.0715E-01 3.8602E-02   363
 4.0000E-02 3.5904E-01 2.2619E+00 1.7240E+00 5.3788E-01  1.6339E-01 4.0698E-01 3.9207E-02   363
 4.0000E-02 3.6048E-01 2.2716E+00 1.7285E+00 5.4314E-01  1.6118E-01 4.0682E-01 3.9866E-02   363
 4.0000E-02 3.6194E-01 2.2827E+00 1.7336E+00 5.4910E-01  1.5897E-01 4.0666E-01 4.0585E-02   363
 4.0000E-02 3.6341E-01 2.2951E+00 1.7393E+00 5.5579E-01  1.5676E-01 4.0650E-01 4.1364E-02   363
 4.0000E-02 3.6490E-01 2.3086E+00 1.7455E+00 5.6307E-01  1.5455E-01 4.0634E-01 4.2195E-02   363
 4.0000E-02 3.6639E-01 2.3233E+00 1.7523E+00 5.7099E-01  1.5234E-01 4.0618E-01 4.3081E-02   363
 4.0000E-02 3.6790E-01 2.3392E+00 1.7597E+00 5.7956E-01  1.5014E-01 4.0602E-01 4.4026E-02   363
 4.0000E-02 3.6942E-01 2.3564E+00 1.7676E+00 5.8881E-01  1.4793E-01 4.0587E-01 4.5034E-02   363
 4.0000E-02 3.7095E-01 2.3749E+00 1.7761E+00 5.9878E-01  1.4572E-01 4.0571E-01 4.6106E-02   363
 4.0000E-02 3.7250E-01 2.3947E+00 1.7853E+00 6.0945E-01  1.4351E-01 4.0556E-01 4.7246E-02   363
 4.0000E-02 3.7406E-01 2.4157E+00 1.7949E+00 6.2072E-01  1.4130E-01 4.0541E-01 4.8446E-02   363
 4.0000E-02 3.7563E-01 2.4378E+00 1.8052E+00 6.3265E-01  1.3909E-01 4.0526E-01 4.9710E-02   363
 4.0000E-02 3.7722E-01 2.4612E+00 1.8159E+00 6.4525E-01  1.3688E-01 4.0511E-01 5.1043E-02   363
 4.0000E-02 3.7881E-01 2.4859E+00 1.8273E+00 6.5859E-01  1.3466E-01 4.0497E-01 5.2451E-02   363
 4.0000E-02 3.8043E-01 2.5120E+00 1.8393E+00 6.7279E-01  1.3243E-01 4.0482E-01 5.3944E-02   363
 4.0000E-02 3.8205E-01 2.5395E+00 1.8519E+00 6.8762E-01  1.3020E-01 4.0468E-01 5.5507E-02   363
 4.0000E-02 3.8369E-01 2.5679E+00 1.8649E+00 7.0307E-01  1.2796E-01 4.0454E-01 5.7142E-02   363
 4.0000E-02 3.8534E-01 2.5978E+00 1.8785E+00 7.1930E-01  1.2571E-01 4.0440E-01 5.8860E-02   363
 4.0000E-02 3.8701E-01 2.6291E+00 1.8928E+00 7.3635E-01  1.2347E-01 4.0426E-01 6.0668E-02   363
 4.0000E-02 3.8870E-01 2.6620E+00 1.9077E+00 7.5431E-01  1.2121E-01 4.0413E-01 6.2574E-02   363
 4.0000E-02 3.9039E-01 2.6965E+00 1.9233E+00 7.7317E-01  1.1902E-01 4.0417E-01 6.4581E-02   323
 4.0000E-02 3.9211E-01 2.7323E+00 1.9395E+00 7.9286E-01  1.1675E-01 4.0404E-01 6.6683E-02   323
 4.0000E-02 3.9383E-01 2.7698E+00 1.9563E+00 8.1353E-01  1.1448E-01 4.0391E-01 6.8893E-02   323
 4.0000E-02 3.9558E-01 2.8090E+00 1.9739E+00 8.3519E-01  1.1219E-01 4.0379E-01 7.1219E-02   323
 4.0000E-02 3.9733E-01 2.8500E+00 1.9921E+00 8.5792E-01  1.0990E-01 4.0366E-01 7.3667E-02   323
 4.0000E-02 3.9911E-01 2.8931E+00 2.0112E+00 8.8189E-01  1.0760E-01 4.0354E-01 7.6252E-02   323
 4.0000E-02 4.0090E-01 2.9379E+00 2.0309E+00 9.0694E-01  1.0530E-01 4.0342E-01 7.8966E-02   323
 4.0000E-02 4.0270E-01 2.9846E+00 2.0514E+00 9.3324E-01  1.0299E-01 4.0331E-01 8.1825E-02   323
 4.0000E-02 4.0452E-01 3.0335E+00 2.0727E+00 9.6089E-01  1.0067E-01 4.0319E-01 8.4841E-02   323
 4.0000E-02 4.0636E-01 3.0847E+00 2.0948E+00 9.8995E-01  9.8341E-02 4.0308E-01 8.8023E-02   323
 4.0000E-02 4.0822E-01 3.1382E+00 2.1177E+00 1.0205E+00  9.6002E-02 4.0297E-01 9.1379E-02   323
 4.0000E-02 4.1009E-01 3.1940E+00 2.1414E+00 1.0526E+00  9.3655E-02 4.0286E-01 9.4919E-02   323
 4.0000E-02 4.1198E-01 3.2524E+00 2.1660E+00 1.0864E+00  9.1297E-02 4.0275E-01 9.8667E-02   323
 4.0000E-02 4.1389E-01 3.3136E+00 2.1916E+00 1.1220E+00  8.8928E-02 4.0265E-01 1.0263E-01   323
 4.0000E-02 4.1581E-01 3.3776E+00 2.2181E+00 1.1596E+00  8.6544E-02 4.0255E-01 1.0683E-01   323
 4.0000E-02 4.1776E-01 3.4446E+00 2.2456E+00 1.1991E+00  8.4150E-02 4.0245E-01 1.1127E-01   323
 4.0000E-02 4.1972E-01 3.5151E+00 2.2741E+00 1.2410E+00  8.1745E-02 4.0235E-01 1.1599E-01   323
 4.0000E-02 4.2170E-01 3.5891E+00 2.3038E+00 1.2853E+00  7.9330E-02 4.0226E-01 1.2101E-01   323
 4.0000E-02 4.2370E-01 3.6667E+00 2.3346E+00 1.3321E+00  7.6907E-02 4.0217E-01 1.2633E-01   323
 4.0000E-02 4.2571E-01 3.7479E+00 2.3666E+00 1.3814E+00  7.4477E-02 4.0208E-01 1.3197E-01   323
 4.0000E-02 4.2775E-01 3.8331E+00 2.3997E+00 1.4334E+00  7.2042E-02 4.0200E-01 1.3794E-01   323
 4.0000E-02 4.2981E-01 3.9224E+00 2.4341E+00 1.4883E+00  6.9605E-02 4.0192E-01 1.4428E-01   323
 4.0000E-02 4.3188E-01 4.0158E+00 2.4697E+00 1.5461E+00  6.7175E-02 4.0184E-01 1.5098E-01   323
 4.0000E-02 4.3398E-01 4.1132E+00 2.5064E+00 1.6068E+00  6.4754E-02 4.0177E-01 1.5805E-01   323
 4.0000E-02 4.3610E-01 4.2146E+00 2.5442E+00 1.6705E+00  6.2344E-02 4.0170E-01 1.6550E-01   323
 4.0000E-02 4.3824E-01 4.3202E+00 2.5830E+00 1.7372E+00  5.9949E-02 4.0163E-01 1.7335E-01   323
 4.0000E-02 4.4039E-01 4.4299E+00 2.6228E+00 1.8071E+00  5.7569E-02 4.0156E-01 1.8160E-01   323
 4.0000E-02 4.4257E-01 4.5437E+00 2.6635E+00 1.8802E+00  5.5205E-02 4.0150E-01 1.9028E-01   323
 4.0000E-02 4.4478E-01 4.6620E+00 2.7050E+00 1.9570E+00  5.2859E-02 4.0144E-01 1.9943E-01   323
 4.0000E-02 4.4700E-01 4.7848E+00 2.7473E+00 2.0375E+00  5.0527E-02 4.0139E-01 2.0907E-01   323
 4.0000E-02 4.4925E-01 4.9120E+00 2.7901E+00 2.1219E+00  4.8205E-02 4.0134E-01 2.1922E-01   323
 4.0000E-02 4.5152E-01 5.0438E+00 2.8334E+00 2.2104E+00  4.5889E-02 4.0129E-01 2.2992E-01   323
 4.0000E-02 4.5381E-01 5.1803E+00 2.8769E+00 2.3034E+00  4.3571E-02 4.0124E-01 2.4122E-01   323
 4.0000E-02 4.5612E-01 5.3213E+00 2.9205E+00 2.4008E+00  4.1265E-02 4.0120E-01 2.5311E-01   323
 4.0000E-02 4.5846E-01 5.4660E+00 2.9639E+00 2.5021E+00  3.8979E-02 4.0116E-01 2.6556E-01   323
 4.0000E-02 4.6082E-01 5.6141E+00 3.0068E+00 2.6073E+00  3.6719E-02 4.0112E-01 2.7853E-01   323
 4.0000E-02 4.6321E-01 5.7646E+00 3.0488E+00 2.7159E+00  3.4495E-02 4.0109E-01 2.9199E-01   323
 4.0000E-02 4.6563E-01 5.9162E+00 3.0894E+00 2.8268E+00  3.2323E-02 4.0107E-01 3.0580E-01   323
 4.0000E-02 4.6806E-01 6.0670E+00 3.1281E+00 2.9389E+00  3.0217E-02 4.0104E-01 3.1983E-01   323
 4.0000E-02 4.7053E-01 6.2152E+00 3.1643E+00 3.0509E+00  2.8189E-02 4.0103E-01 3.3391E-01   323
 4.0000E-02 4.7302E-01 6.3580E+00 3.1972E+00 3.1607E+00  2.6251E-02 4.0101E-01 3.4779E-01   323
 4.0000E-02 4.7553E-01 6.4922E+00 3.2261E+00 3.2661E+00  2.4416E-02 4.0101E-01 3.6119E-01   323
 4.0000E-02 4.7807E-01 6.6154E+00 3.2500E+00 3.3655E+00  2.2686E-02 4.0100E-01 3.7391E-01   323
 4.0000E-02 4.8065E-01 6.7245E+00 3.2679E+00 3.4565E+00  2.1060E-02 4.0100E-01 3.8567E-01   323
 4.0000E-02 4.8324E-01 6.8162E+00 3.2791E+00 3.5371E+00  1.9536E-02 4.0100E-01 3.9623E-01   323
 4.0000E-02 4.8587E-01 6.8878E+00 3.2826E+00 3.6052E+00  1.8109E-02 4.0100E-01 4.0532E-01   323
 4.0000E-02 4.8852E-01 6.9364E+00 3.2777E+00 3.6586E+00  1.6770E-02 4.0100E-01 4.1270E-01   323
 4.0000E-02 4.9121E-01 6.9594E+00 3.2639E+00 3.6955E+00  1.5510E-02 4.0100E-01 4.1812E-01   323
 4.0000E-02 4.9392E-01 6.9553E+00 3.2411E+00 3.7142E+00  1.4321E-02 4.0100E-01 4.2142E-01   323
 4.0000E-02 4.9667E-01 6.9238E+00 3.2099E+00 3.7140E+00  1.3202E-02 4.0100E-01 4.2248E-01   323
 4.0000E-02 4.9944E-01 6.8672E+00 3.1716E+00 3.6956E+00  1.2158E-02 4.0100E-01 4.2137E-01   323
 4.0000E-02 5.0225E-01 6.7866E+00 3.1263E+00 3.6603E+00  1.1159E-02 4.0099E-01 4.1826E-01   323
 4.0000E-02 5.0508E-01 6.6852E+00 3.0751E+00 3.6101E+00  1.0203E-02 4.0099E-01 4.1338E-01   323
 4.0000E-02 5.0795E-01 6.5665E+00 3.0193E+00 3.5471E+00  9.2851E-03 4.0099E-01 4.0695E-01   324
 4.0000E-02 5.1086E-01 6.4344E+00 2.9602E+00 3.4741E+00  8.4041E-03 4.0098E-01 3.9931E-01   324
 4.0000E-02 5.1379E-01 6.2934E+00 2.8990E+00 3.3944E+00  7.5918E-03 4.0118E-01 3.9084E-01   285
 4.0000E-02 5.1676E-01 6.1474E+00 2.8364E+00 3.3110E+00  6.7749E-03 4.0117E-01 3.8188E-01   285
 4.0000E-02 5.1977E-01 5.9998E+00 2.7729E+00 3.2269E+00  5.9858E-03 4.0117E-01 3.7278E-01   285
 4.0000E-02 5.2281E-01 5.8480E+00 2.7043E+00 3.1437E+00  5.1863E-03 4.0117E-01 3.6379E-01   285
 4.0000E-02 5.2588E-01 5.6913E+00 2.6311E+00 3.0602E+00  4.3815E-03 4.0117E-01 3.5474E-01   285
 4.0000E-02 5.2899E-01 5.5323E+00 2.5557E+00 2.9766E+00  3.5867E-03 4.0117E-01 3.4566E-01   285
 4.0000E-02 5.3214E-01 5.3710E+00 2.4774E+00 2.8936E+00  2.7967E-03 4.0117E-01 3.3660E-01   285
 4.0000E-02 5.3533E-01 5.2068E+00 2.3961E+00 2.8108E+00  2.0098E-03 4.0118E-01 3.2754E-01   285
 4.0000E-02 5.3855E-01 5.0394E+00 2.3114E+00 2.7280E+00  1.2223E-03 4.0118E-01 3.1845E-01   285
 4.0000E-02 5.4182E-01 4.8680E+00 2.2234E+00 2.6447E+00  4.3234E-04 4.0119E-01 3.0927E-01   285
 4.0000E-02 5.4512E-01 4.6923E+00 2.1318E+00 2.5604E+00 -3.6156E-04 4.0119E-01 2.9994E-01   285
 4.0000E-02 5.4847E-01 4.5117E+00 2.0370E+00 2.4746E+00 -1.1620E-03 4.0119E-01 2.9040E-01   285
 4.0000E-02 5.5185E-01 4.3288E+00 1.9419E+00 2.3869E+00 -1.9568E-03 4.0119E-01 2.8059E-01   285
 4.0000E-02 5.5528E-01 4.1430E+00 1.8453E+00 2.2977E+00 -2.7576E-03 4.0119E-01 2.7056E-01   285
 4.0000E-02 5.5875E-01 3.9547E+00 1.7479E+00 2.2068E+00 -3.5695E-03 4.0119E-01 2.6031E-01   285
 4.0000E-02 5.6226E-01 3.7649E+00 1.6508E+00 2.1142E+00 -4.3956E-03 4.0118E-01 2.4981E-01   285
 4.0000E-02 5.6582E-01 3.5751E+00 1.5553E+00 2.0198E+00 -5.2365E-03 4.0118E-01 2.3909E-01   285
 4.0000E-02 5.6943E-01 3.3876E+00 1.4633E+00 1.9243E+00 -6.0910E-03 4.0117E-01 2.2818E-01   285
 4.0000E-02 5.7308E-01 3.2053E+00 1.3768E+00 1.8286E+00 -6.9554E-03 4.0116E-01 2.1722E-01   285
 4.0000E-02 5.7677E-01 3.0312E+00 1.2969E+00 1.7343E+00 -7.8272E-03 4.0116E-01 2.0638E-01   285
 4.0000E-02 5.8052E-01 2.8671E+00 1.2240E+00 1.6431E+00 -8.7059E-03 4.0115E-01 1.9589E-01   285
 4.0000E-02 5.8431E-01 2.7129E+00 1.1568E+00 1.5560E+00 -9.5943E-03 4.0115E-01 1.8584E-01   285
 4.0000E-02 5.8816E-01 2.5679E+00 1.0945E+00 1.4735E+00 -1.0492E-02 4.0114E-01 1.7631E-01   285
 4.0000E-02 5.9205E-01 2.4317E+00 1.0362E+00 1.3955E+00 -1.1396E-02 4.0114E-01 1.6729E-01   285
 4.0000E-02 5.9600E-01 2.3033E+00 9.8177E-01 1.3216E+00 -1.2307E-02 4.0113E-01 1.5872E-01   285
 4.0000E-02 6.0000E-01 2.1828E+00 9.3130E-01 1.2515E+00 -1.3224E-02 4.0113E-01 1.5060E-01   285
