 DDSCAT --- DDSCAT 7.3.3 [22.01.20]   
 TARGET --->TARGSPHER  spherical target with explicit spacing                 
 PBCGS2 --- method of solution 
 GKDLDR --- prescription for polarizabilities
 FROM_FILE --- shape 
   33401 = NAT0 = number of dipoles
 ../diel/Ag_evap                                             
 ../diel/Au_evap                                             
  wave(um)   f(cm-1)     Re(m)     Im(m)     Re(eps)   Im(eps)
 3.0000E-01 3.3333E+04 1.055E+00 7.393E-01  5.658E-01 1.559E+00
 3.0134E-01 3.3185E+04 9.963E-01 7.084E-01  4.908E-01 1.412E+00
 3.0268E-01 3.3038E+04 9.701E-01 6.728E-01  4.885E-01 1.305E+00
 3.0403E-01 3.2892E+04 9.456E-01 6.374E-01  4.879E-01 1.205E+00
 3.0537E-01 3.2747E+04 9.227E-01 6.023E-01  4.886E-01 1.111E+00
 3.0671E-01 3.2604E+04 9.014E-01 5.674E-01  4.906E-01 1.023E+00
 3.0805E-01 3.2462E+04 8.817E-01 5.327E-01  4.937E-01 9.394E-01
 3.0940E-01 3.2321E+04 8.637E-01 4.983E-01  4.976E-01 8.608E-01
 3.1074E-01 3.2181E+04 8.470E-01 4.639E-01  5.023E-01 7.858E-01
 3.1208E-01 3.2043E+04 8.217E-01 4.230E-01  4.962E-01 6.952E-01
 3.1342E-01 3.1906E+04 7.938E-01 3.877E-01  4.798E-01 6.154E-01
 3.1477E-01 3.1770E+04 7.633E-01 3.578E-01  4.547E-01 5.463E-01
 3.1611E-01 3.1635E+04 7.303E-01 3.335E-01  4.222E-01 4.871E-01
 3.1745E-01 3.1501E+04 6.948E-01 3.146E-01  3.837E-01 4.372E-01
 3.1879E-01 3.1368E+04 6.567E-01 3.013E-01  3.404E-01 3.957E-01
 3.2013E-01 3.1237E+04 6.160E-01 2.935E-01  2.933E-01 3.616E-01
 3.2148E-01 3.1106E+04 5.531E-01 3.170E-01  2.054E-01 3.507E-01
 3.2282E-01 3.0977E+04 4.875E-01 3.498E-01  1.153E-01 3.410E-01
 3.2416E-01 3.0849E+04 4.245E-01 3.851E-01  3.194E-02 3.269E-01
 3.2550E-01 3.0722E+04 3.642E-01 4.229E-01 -4.615E-02 3.080E-01
 3.2685E-01 3.0595E+04 3.066E-01 4.632E-01 -1.205E-01 2.840E-01
 3.2819E-01 3.0470E+04 2.517E-01 5.061E-01 -1.928E-01 2.547E-01
 3.2953E-01 3.0346E+04 1.994E-01 5.515E-01 -2.643E-01 2.199E-01
 3.3087E-01 3.0223E+04 1.498E-01 5.994E-01 -3.368E-01 1.796E-01
 3.3221E-01 3.0101E+04 1.198E-01 6.396E-01 -3.948E-01 1.533E-01
 3.3356E-01 2.9980E+04 1.078E-01 6.708E-01 -4.384E-01 1.446E-01
 3.3490E-01 2.9860E+04 9.872E-02 7.011E-01 -4.818E-01 1.384E-01
 3.3624E-01 2.9741E+04 9.272E-02 7.305E-01 -5.250E-01 1.355E-01
 3.3758E-01 2.9622E+04 8.978E-02 7.589E-01 -5.679E-01 1.363E-01
 3.3893E-01 2.9505E+04 8.988E-02 7.864E-01 -6.104E-01 1.414E-01
 3.4027E-01 2.9389E+04 9.304E-02 8.130E-01 -6.523E-01 1.513E-01
 3.4161E-01 2.9273E+04 9.924E-02 8.387E-01 -6.936E-01 1.665E-01
 3.4295E-01 2.9159E+04 1.038E-01 8.642E-01 -7.361E-01 1.794E-01
 3.4430E-01 2.9045E+04 1.001E-01 8.905E-01 -7.830E-01 1.783E-01
 3.4564E-01 2.8932E+04 9.654E-02 9.162E-01 -8.301E-01 1.769E-01
 3.4698E-01 2.8820E+04 9.301E-02 9.412E-01 -8.773E-01 1.751E-01
 3.4832E-01 2.8709E+04 8.954E-02 9.657E-01 -9.245E-01 1.729E-01
 3.4966E-01 2.8599E+04 8.613E-02 9.895E-01 -9.716E-01 1.704E-01
 3.5101E-01 2.8489E+04 8.277E-02 1.013E+00 -1.019E+00 1.676E-01
 3.5235E-01 2.8381E+04 7.947E-02 1.035E+00 -1.065E+00 1.645E-01
 3.5369E-01 2.8273E+04 7.623E-02 1.057E+00 -1.112E+00 1.612E-01
 3.5503E-01 2.8166E+04 7.337E-02 1.078E+00 -1.156E+00 1.581E-01
 3.5638E-01 2.8060E+04 7.079E-02 1.097E+00 -1.198E+00 1.553E-01
 3.5772E-01 2.7955E+04 6.830E-02 1.116E+00 -1.240E+00 1.524E-01
 3.5906E-01 2.7850E+04 6.591E-02 1.134E+00 -1.282E+00 1.495E-01
 3.6040E-01 2.7747E+04 6.361E-02 1.152E+00 -1.324E+00 1.466E-01
 3.6174E-01 2.7644E+04 6.141E-02 1.170E+00 -1.365E+00 1.437E-01
 3.6309E-01 2.7542E+04 5.930E-02 1.187E+00 -1.406E+00 1.408E-01
 3.6443E-01 2.7440E+04 5.728E-02 1.204E+00 -1.446E+00 1.379E-01
 3.6577E-01 2.7339E+04 5.536E-02 1.220E+00 -1.486E+00 1.351E-01
 3.6711E-01 2.7239E+04 5.354E-02 1.236E+00 -1.525E+00 1.324E-01
 3.6846E-01 2.7140E+04 5.168E-02 1.252E+00 -1.564E+00 1.294E-01
 3.6980E-01 2.7042E+04 4.974E-02 1.267E+00 -1.604E+00 1.261E-01
 3.7114E-01 2.6944E+04 4.791E-02 1.283E+00 -1.643E+00 1.229E-01
 3.7248E-01 2.6847E+04 4.619E-02 1.298E+00 -1.683E+00 1.199E-01
 3.7383E-01 2.6750E+04 4.459E-02 1.313E+00 -1.722E+00 1.171E-01
 3.7517E-01 2.6655E+04 4.309E-02 1.328E+00 -1.762E+00 1.144E-01
 3.7651E-01 2.6560E+04 4.170E-02 1.343E+00 -1.801E+00 1.120E-01
 3.7785E-01 2.6465E+04 4.042E-02 1.357E+00 -1.840E+00 1.097E-01
 3.7919E-01 2.6372E+04 3.926E-02 1.371E+00 -1.879E+00 1.077E-01
 3.8054E-01 2.6279E+04 3.820E-02 1.385E+00 -1.918E+00 1.058E-01
 3.8188E-01 2.6186E+04 3.742E-02 1.399E+00 -1.956E+00 1.047E-01
 3.8322E-01 2.6095E+04 3.716E-02 1.413E+00 -1.995E+00 1.050E-01
 3.8456E-01 2.6003E+04 3.694E-02 1.427E+00 -2.034E+00 1.054E-01
 3.8591E-01 2.5913E+04 3.678E-02 1.440E+00 -2.073E+00 1.059E-01
 3.8725E-01 2.5823E+04 3.667E-02 1.454E+00 -2.112E+00 1.066E-01
 3.8859E-01 2.5734E+04 3.661E-02 1.467E+00 -2.151E+00 1.074E-01
 3.8993E-01 2.5645E+04 3.660E-02 1.480E+00 -2.190E+00 1.084E-01
 3.9128E-01 2.5557E+04 3.664E-02 1.494E+00 -2.230E+00 1.095E-01
 3.9262E-01 2.5470E+04 3.674E-02 1.507E+00 -2.269E+00 1.107E-01
 3.9396E-01 2.5383E+04 3.689E-02 1.520E+00 -2.309E+00 1.121E-01
 3.9530E-01 2.5297E+04 3.709E-02 1.533E+00 -2.348E+00 1.137E-01
 3.9664E-01 2.5212E+04 3.734E-02 1.546E+00 -2.388E+00 1.154E-01
 3.9799E-01 2.5126E+04 3.758E-02 1.559E+00 -2.428E+00 1.171E-01
 3.9933E-01 2.5042E+04 3.771E-02 1.572E+00 -2.469E+00 1.185E-01
 4.0067E-01 2.4958E+04 3.781E-02 1.585E+00 -2.510E+00 1.199E-01
 4.0201E-01 2.4875E+04 3.789E-02 1.598E+00 -2.551E+00 1.211E-01
 4.0336E-01 2.4792E+04 3.795E-02 1.611E+00 -2.593E+00 1.222E-01
 4.0470E-01 2.4710E+04 3.797E-02 1.623E+00 -2.634E+00 1.233E-01
 4.0604E-01 2.4628E+04 3.797E-02 1.636E+00 -2.675E+00 1.242E-01
 4.0738E-01 2.4547E+04 3.794E-02 1.649E+00 -2.717E+00 1.251E-01
 4.0872E-01 2.4466E+04 3.789E-02 1.661E+00 -2.758E+00 1.259E-01
 4.1007E-01 2.4386E+04 3.781E-02 1.673E+00 -2.799E+00 1.266E-01
 4.1141E-01 2.4307E+04 3.770E-02 1.686E+00 -2.840E+00 1.271E-01
 4.1275E-01 2.4228E+04 3.757E-02 1.698E+00 -2.882E+00 1.276E-01
 4.1409E-01 2.4149E+04 3.712E-02 1.710E+00 -2.922E+00 1.269E-01
 4.1544E-01 2.4071E+04 3.646E-02 1.722E+00 -2.962E+00 1.255E-01
 4.1678E-01 2.3994E+04 3.582E-02 1.733E+00 -3.002E+00 1.241E-01
 4.1812E-01 2.3917E+04 3.519E-02 1.745E+00 -3.042E+00 1.228E-01
 4.1946E-01 2.3840E+04 3.457E-02 1.756E+00 -3.082E+00 1.214E-01
 4.2081E-01 2.3764E+04 3.397E-02 1.767E+00 -3.122E+00 1.201E-01
 4.2215E-01 2.3688E+04 3.338E-02 1.778E+00 -3.161E+00 1.187E-01
 4.2349E-01 2.3613E+04 3.280E-02 1.789E+00 -3.201E+00 1.174E-01
 4.2483E-01 2.3539E+04 3.224E-02 1.800E+00 -3.240E+00 1.161E-01
 4.2617E-01 2.3465E+04 3.169E-02 1.811E+00 -3.279E+00 1.148E-01
 4.2752E-01 2.3391E+04 3.115E-02 1.822E+00 -3.318E+00 1.135E-01
 4.2886E-01 2.3318E+04 3.063E-02 1.833E+00 -3.357E+00 1.123E-01
 4.3020E-01 2.3245E+04 3.012E-02 1.843E+00 -3.396E+00 1.110E-01
 4.3154E-01 2.3173E+04 2.981E-02 1.853E+00 -3.434E+00 1.105E-01
 4.3289E-01 2.3101E+04 2.958E-02 1.863E+00 -3.471E+00 1.102E-01
 4.3423E-01 2.3029E+04 2.939E-02 1.873E+00 -3.508E+00 1.101E-01
 4.3557E-01 2.2958E+04 2.924E-02 1.883E+00 -3.545E+00 1.101E-01
 4.3691E-01 2.2888E+04 2.912E-02 1.893E+00 -3.583E+00 1.102E-01
 4.3826E-01 2.2818E+04 2.903E-02 1.903E+00 -3.620E+00 1.105E-01
 4.3960E-01 2.2748E+04 2.899E-02 1.913E+00 -3.658E+00 1.109E-01
 4.4094E-01 2.2679E+04 2.897E-02 1.923E+00 -3.696E+00 1.114E-01
 4.4228E-01 2.2610E+04 2.900E-02 1.933E+00 -3.734E+00 1.121E-01
 4.4362E-01 2.2542E+04 2.906E-02 1.942E+00 -3.772E+00 1.129E-01
 4.4497E-01 2.2474E+04 2.915E-02 1.952E+00 -3.810E+00 1.138E-01
 4.4631E-01 2.2406E+04 2.929E-02 1.962E+00 -3.849E+00 1.149E-01
 4.4765E-01 2.2339E+04 2.945E-02 1.972E+00 -3.887E+00 1.162E-01
 4.4899E-01 2.2272E+04 2.966E-02 1.982E+00 -3.926E+00 1.175E-01
 4.5034E-01 2.2206E+04 2.990E-02 1.991E+00 -3.965E+00 1.191E-01
 4.5168E-01 2.2140E+04 3.032E-02 2.002E+00 -4.006E+00 1.214E-01
 4.5302E-01 2.2074E+04 3.086E-02 2.012E+00 -4.048E+00 1.242E-01
 4.5436E-01 2.2009E+04 3.139E-02 2.023E+00 -4.090E+00 1.270E-01
 4.5570E-01 2.1944E+04 3.191E-02 2.033E+00 -4.133E+00 1.298E-01
 4.5705E-01 2.1880E+04 3.243E-02 2.044E+00 -4.175E+00 1.325E-01
 4.5839E-01 2.1816E+04 3.293E-02 2.054E+00 -4.218E+00 1.353E-01
 4.5973E-01 2.1752E+04 3.344E-02 2.064E+00 -4.261E+00 1.381E-01
 4.6107E-01 2.1689E+04 3.393E-02 2.075E+00 -4.304E+00 1.408E-01
 4.6242E-01 2.1626E+04 3.442E-02 2.085E+00 -4.346E+00 1.435E-01
 4.6376E-01 2.1563E+04 3.490E-02 2.095E+00 -4.389E+00 1.463E-01
 4.6510E-01 2.1501E+04 3.538E-02 2.106E+00 -4.432E+00 1.490E-01
 4.6644E-01 2.1439E+04 3.584E-02 2.116E+00 -4.475E+00 1.517E-01
 4.6779E-01 2.1377E+04 3.630E-02 2.126E+00 -4.518E+00 1.544E-01
 4.6913E-01 2.1316E+04 3.676E-02 2.136E+00 -4.561E+00 1.570E-01
 4.7047E-01 2.1255E+04 3.720E-02 2.146E+00 -4.604E+00 1.597E-01
 4.7181E-01 2.1195E+04 3.754E-02 2.156E+00 -4.646E+00 1.619E-01
 4.7315E-01 2.1135E+04 3.763E-02 2.165E+00 -4.686E+00 1.629E-01
 4.7450E-01 2.1075E+04 3.770E-02 2.174E+00 -4.726E+00 1.639E-01
 4.7584E-01 2.1016E+04 3.777E-02 2.183E+00 -4.766E+00 1.649E-01
 4.7718E-01 2.0956E+04 3.782E-02 2.193E+00 -4.806E+00 1.659E-01
 4.7852E-01 2.0898E+04 3.787E-02 2.202E+00 -4.846E+00 1.668E-01
 4.7987E-01 2.0839E+04 3.790E-02 2.211E+00 -4.886E+00 1.676E-01
 4.8121E-01 2.0781E+04 3.793E-02 2.220E+00 -4.926E+00 1.684E-01
 4.8255E-01 2.0723E+04 3.794E-02 2.229E+00 -4.967E+00 1.691E-01
 4.8389E-01 2.0666E+04 3.795E-02 2.238E+00 -5.007E+00 1.698E-01
 4.8523E-01 2.0609E+04 3.794E-02 2.247E+00 -5.048E+00 1.705E-01
 4.8658E-01 2.0552E+04 3.792E-02 2.256E+00 -5.088E+00 1.711E-01
 4.8792E-01 2.0495E+04 3.789E-02 2.265E+00 -5.129E+00 1.717E-01
 4.8926E-01 2.0439E+04 3.785E-02 2.274E+00 -5.170E+00 1.722E-01
 4.9060E-01 2.0383E+04 3.780E-02 2.283E+00 -5.210E+00 1.726E-01
 4.9195E-01 2.0327E+04 3.775E-02 2.292E+00 -5.251E+00 1.730E-01
 4.9329E-01 2.0272E+04 3.768E-02 2.301E+00 -5.292E+00 1.734E-01
 4.9463E-01 2.0217E+04 3.760E-02 2.310E+00 -5.333E+00 1.737E-01
 4.9597E-01 2.0162E+04 3.750E-02 2.319E+00 -5.374E+00 1.739E-01
 4.9732E-01 2.0108E+04 3.741E-02 2.328E+00 -5.417E+00 1.741E-01
 4.9866E-01 2.0054E+04 3.732E-02 2.337E+00 -5.459E+00 1.744E-01
 5.0000E-01 2.0000E+04 3.725E-02 2.346E+00 -5.502E+00 1.748E-01
