 DDSCAT --- DDSCAT 7.3.3 [22.01.20]   
 TARGET --->TARGSPHER  spherical target with explicit spacing                 
 GPFAFT --- method of solution 
 GKDLDR --- prescription for polarizabilities
 FROM_FILE --- shape 
   33401 = NAT0 = number of dipoles
 ../diel/Ag_evap                                             
 ../diel/Au_evap                                             
   0.000   0.000 = beta_min, beta_max ;  NBETA = 1
   0.000   0.000 = theta_min, theta_max; NTHETA= 1
   0.000   0.000 = phi_min, phi_max   ;   NPHI = 1
 Results averaged over    1 target orientations
                   and  1 incident polarizations
   aeff       wave      Q_pha
 1.0000E-03 3.0000E-01  3.5241E-02
 1.0000E-03 3.0134E-01  3.5038E-02
 1.0000E-03 3.0268E-01  3.4804E-02
 1.0000E-03 3.0403E-01  3.4570E-02
 1.0000E-03 3.0537E-01  3.4338E-02
 1.0000E-03 3.0671E-01  3.4107E-02
 1.0000E-03 3.0805E-01  3.3876E-02
 1.0000E-03 3.0940E-01  3.3646E-02
 1.0000E-03 3.1074E-01  3.3417E-02
 1.0000E-03 3.1208E-01  3.3232E-02
 1.0000E-03 3.1342E-01  3.3055E-02
 1.0000E-03 3.1477E-01  3.2885E-02
 1.0000E-03 3.1611E-01  3.2723E-02
 1.0000E-03 3.1745E-01  3.2568E-02
 1.0000E-03 3.1879E-01  3.2417E-02
 1.0000E-03 3.2013E-01  3.2270E-02
 1.0000E-03 3.2148E-01  3.2101E-02
 1.0000E-03 3.2282E-01  3.1919E-02
 1.0000E-03 3.2416E-01  3.1728E-02
 1.0000E-03 3.2550E-01  3.1529E-02
 1.0000E-03 3.2685E-01  3.1322E-02
 1.0000E-03 3.2819E-01  3.1107E-02
 1.0000E-03 3.2953E-01  3.0887E-02
 1.0000E-03 3.3087E-01  3.0661E-02
 1.0000E-03 3.3221E-01  3.0466E-02
 1.0000E-03 3.3356E-01  3.0308E-02
 1.0000E-03 3.3490E-01  3.0162E-02
 1.0000E-03 3.3624E-01  3.0029E-02
 1.0000E-03 3.3758E-01  2.9909E-02
 1.0000E-03 3.3893E-01  2.9803E-02
 1.0000E-03 3.4027E-01  2.9708E-02
 1.0000E-03 3.4161E-01  2.9626E-02
 1.0000E-03 3.4295E-01  2.9544E-02
 1.0000E-03 3.4430E-01  2.9451E-02
 1.0000E-03 3.4564E-01  2.9367E-02
 1.0000E-03 3.4698E-01  2.9292E-02
 1.0000E-03 3.4832E-01  2.9226E-02
 1.0000E-03 3.4966E-01  2.9168E-02
 1.0000E-03 3.5101E-01  2.9117E-02
 1.0000E-03 3.5235E-01  2.9074E-02
 1.0000E-03 3.5369E-01  2.9039E-02
 1.0000E-03 3.5503E-01  2.9026E-02
 1.0000E-03 3.5638E-01  2.9029E-02
 1.0000E-03 3.5772E-01  2.9039E-02
 1.0000E-03 3.5906E-01  2.9054E-02
 1.0000E-03 3.6040E-01  2.9075E-02
 1.0000E-03 3.6174E-01  2.9102E-02
 1.0000E-03 3.6309E-01  2.9133E-02
 1.0000E-03 3.6443E-01  2.9171E-02
 1.0000E-03 3.6577E-01  2.9215E-02
 1.0000E-03 3.6711E-01  2.9266E-02
 1.0000E-03 3.6846E-01  2.9329E-02
 1.0000E-03 3.6980E-01  2.9399E-02
 1.0000E-03 3.7114E-01  2.9467E-02
 1.0000E-03 3.7248E-01  2.9533E-02
 1.0000E-03 3.7383E-01  2.9597E-02
 1.0000E-03 3.7517E-01  2.9659E-02
 1.0000E-03 3.7651E-01  2.9720E-02
 1.0000E-03 3.7785E-01  2.9781E-02
 1.0000E-03 3.7919E-01  2.9839E-02
 1.0000E-03 3.8054E-01  2.9894E-02
 1.0000E-03 3.8188E-01  2.9940E-02
 1.0000E-03 3.8322E-01  2.9961E-02
 1.0000E-03 3.8456E-01  2.9978E-02
 1.0000E-03 3.8591E-01  2.9990E-02
 1.0000E-03 3.8725E-01  2.9996E-02
 1.0000E-03 3.8859E-01  2.9996E-02
 1.0000E-03 3.8993E-01  2.9992E-02
 1.0000E-03 3.9128E-01  2.9983E-02
 1.0000E-03 3.9262E-01  2.9969E-02
 1.0000E-03 3.9396E-01  2.9950E-02
 1.0000E-03 3.9530E-01  2.9927E-02
 1.0000E-03 3.9664E-01  2.9901E-02
 1.0000E-03 3.9799E-01  2.9875E-02
 1.0000E-03 3.9933E-01  2.9853E-02
 1.0000E-03 4.0067E-01  2.9827E-02
 1.0000E-03 4.0201E-01  2.9799E-02
 1.0000E-03 4.0336E-01  2.9767E-02
 1.0000E-03 4.0470E-01  2.9733E-02
 1.0000E-03 4.0604E-01  2.9696E-02
 1.0000E-03 4.0738E-01  2.9656E-02
 1.0000E-03 4.0872E-01  2.9612E-02
 1.0000E-03 4.1007E-01  2.9566E-02
 1.0000E-03 4.1141E-01  2.9516E-02
 1.0000E-03 4.1275E-01  2.9462E-02
 1.0000E-03 4.1409E-01  2.9404E-02
 1.0000E-03 4.1544E-01  2.9342E-02
 1.0000E-03 4.1678E-01  2.9276E-02
 1.0000E-03 4.1812E-01  2.9207E-02
 1.0000E-03 4.1946E-01  2.9135E-02
 1.0000E-03 4.2081E-01  2.9060E-02
 1.0000E-03 4.2215E-01  2.8982E-02
 1.0000E-03 4.2349E-01  2.8902E-02
 1.0000E-03 4.2483E-01  2.8818E-02
 1.0000E-03 4.2617E-01  2.8732E-02
 1.0000E-03 4.2752E-01  2.8643E-02
 1.0000E-03 4.2886E-01  2.8551E-02
 1.0000E-03 4.3020E-01  2.8457E-02
 1.0000E-03 4.3154E-01  2.8363E-02
 1.0000E-03 4.3289E-01  2.8267E-02
 1.0000E-03 4.3423E-01  2.8167E-02
 1.0000E-03 4.3557E-01  2.8065E-02
 1.0000E-03 4.3691E-01  2.7960E-02
 1.0000E-03 4.3826E-01  2.7852E-02
 1.0000E-03 4.3960E-01  2.7741E-02
 1.0000E-03 4.4094E-01  2.7626E-02
 1.0000E-03 4.4228E-01  2.7508E-02
 1.0000E-03 4.4362E-01  2.7386E-02
 1.0000E-03 4.4497E-01  2.7262E-02
 1.0000E-03 4.4631E-01  2.7133E-02
 1.0000E-03 4.4765E-01  2.7001E-02
 1.0000E-03 4.4899E-01  2.6865E-02
 1.0000E-03 4.5034E-01  2.6725E-02
 1.0000E-03 4.5168E-01  2.6554E-02
 1.0000E-03 4.5302E-01  2.6365E-02
 1.0000E-03 4.5436E-01  2.6179E-02
 1.0000E-03 4.5570E-01  2.5995E-02
 1.0000E-03 4.5705E-01  2.5813E-02
 1.0000E-03 4.5839E-01  2.5632E-02
 1.0000E-03 4.5973E-01  2.5454E-02
 1.0000E-03 4.6107E-01  2.5276E-02
 1.0000E-03 4.6242E-01  2.5101E-02
 1.0000E-03 4.6376E-01  2.4926E-02
 1.0000E-03 4.6510E-01  2.4752E-02
 1.0000E-03 4.6644E-01  2.4579E-02
 1.0000E-03 4.6779E-01  2.4406E-02
 1.0000E-03 4.6913E-01  2.4233E-02
 1.0000E-03 4.7047E-01  2.4061E-02
 1.0000E-03 4.7181E-01  2.3864E-02
 1.0000E-03 4.7315E-01  2.3618E-02
 1.0000E-03 4.7450E-01  2.3385E-02
 1.0000E-03 4.7584E-01  2.3165E-02
 1.0000E-03 4.7718E-01  2.2959E-02
 1.0000E-03 4.7852E-01  2.2765E-02
 1.0000E-03 4.7987E-01  2.2586E-02
 1.0000E-03 4.8121E-01  2.2422E-02
 1.0000E-03 4.8255E-01  2.2273E-02
 1.0000E-03 4.8389E-01  2.2139E-02
 1.0000E-03 4.8523E-01  2.2024E-02
 1.0000E-03 4.8658E-01  2.1927E-02
 1.0000E-03 4.8792E-01  2.1849E-02
 1.0000E-03 4.8926E-01  2.1792E-02
 1.0000E-03 4.9060E-01  2.1758E-02
 1.0000E-03 4.9195E-01  2.1749E-02
 1.0000E-03 4.9329E-01  2.1767E-02
 1.0000E-03 4.9463E-01  2.1816E-02
 1.0000E-03 4.9597E-01  2.1908E-02
 1.0000E-03 4.9732E-01  2.2233E-02
 1.0000E-03 4.9866E-01  2.2619E-02
 1.0000E-03 5.0000E-01  2.3072E-02
