 DDSCAT --- DDSCAT 7.3.3 [22.01.20]   
 TARGET --->TARGSPHER  spherical target with explicit spacing                 
 GPFAFT --- method of solution 
 FLTRCD --- prescription for polarizabilities
 FROM_FILE --- shape 
    4169 = NAT0 = number of dipoles
 ../../diel/Pena-Rioux_dielectric_26Au_74Ag                  
 ../../diel/Pena-Rioux_dielectric_65Au_35Ag                  
 ../../diel/Au_evap                                          
   0.000   0.000 = beta_min, beta_max ;  NBETA = 1
   0.000   0.000 = theta_min, theta_max; NTHETA= 1
   0.000   0.000 = phi_min, phi_max   ;   NPHI = 1
 0.5000 = ETASCA (param. controlling # of scatt. dirs used to calculate <cos> etc.
 Results averaged over    1 target orientations
                   and  2 incident polarizations
   aeff       wave       Q_ext     Q_abs      Q_sca     g(1)=<cos>  <cos^2>    Q_bk       Nsca
 8.0000E-02 3.0000E-01 2.8263E+00 1.5541E+00 1.2721E+00  6.4297E-01 6.1491E-01 3.0257E-02   656
 8.0000E-02 3.0101E-01 2.8235E+00 1.5557E+00 1.2678E+00  6.4239E-01 6.1375E-01 3.0224E-02   656
 8.0000E-02 3.0203E-01 2.8209E+00 1.5571E+00 1.2639E+00  6.4169E-01 6.1254E-01 3.0197E-02   656
 8.0000E-02 3.0305E-01 2.8183E+00 1.5585E+00 1.2598E+00  6.4099E-01 6.1131E-01 3.0152E-02   656
 8.0000E-02 3.0408E-01 2.8155E+00 1.5598E+00 1.2557E+00  6.4029E-01 6.1007E-01 3.0088E-02   656
 8.0000E-02 3.0512E-01 2.8127E+00 1.5612E+00 1.2516E+00  6.3960E-01 6.0882E-01 3.0004E-02   656
 8.0000E-02 3.0616E-01 2.8099E+00 1.5625E+00 1.2474E+00  6.3890E-01 6.0755E-01 2.9900E-02   656
 8.0000E-02 3.0722E-01 2.8069E+00 1.5638E+00 1.2431E+00  6.3820E-01 6.0628E-01 2.9779E-02   656
 8.0000E-02 3.0828E-01 2.8040E+00 1.5651E+00 1.2389E+00  6.3750E-01 6.0499E-01 2.9641E-02   656
 8.0000E-02 3.0934E-01 2.8013E+00 1.5664E+00 1.2349E+00  6.3676E-01 6.0368E-01 2.9500E-02   656
 8.0000E-02 3.1042E-01 2.7985E+00 1.5677E+00 1.2308E+00  6.3602E-01 6.0236E-01 2.9342E-02   656
 8.0000E-02 3.1150E-01 2.7955E+00 1.5691E+00 1.2264E+00  6.3539E-01 6.0107E-01 2.9143E-02   656
 8.0000E-02 3.1259E-01 2.7924E+00 1.5706E+00 1.2218E+00  6.3479E-01 5.9978E-01 2.8920E-02   656
 8.0000E-02 3.1368E-01 2.7893E+00 1.5721E+00 1.2172E+00  6.3418E-01 5.9847E-01 2.8684E-02   656
 8.0000E-02 3.1479E-01 2.7861E+00 1.5735E+00 1.2126E+00  6.3355E-01 5.9715E-01 2.8433E-02   656
 8.0000E-02 3.1590E-01 2.7829E+00 1.5749E+00 1.2080E+00  6.3291E-01 5.9582E-01 2.8170E-02   656
 8.0000E-02 3.1702E-01 2.7796E+00 1.5763E+00 1.2033E+00  6.3226E-01 5.9447E-01 2.7891E-02   656
 8.0000E-02 3.1815E-01 2.7761E+00 1.5776E+00 1.1985E+00  6.3160E-01 5.9311E-01 2.7599E-02   656
 8.0000E-02 3.1929E-01 2.7725E+00 1.5789E+00 1.1936E+00  6.3093E-01 5.9174E-01 2.7290E-02   656
 8.0000E-02 3.2043E-01 2.7688E+00 1.5801E+00 1.1887E+00  6.3025E-01 5.9035E-01 2.6969E-02   656
 8.0000E-02 3.2158E-01 2.7653E+00 1.5809E+00 1.1843E+00  6.2931E-01 5.8887E-01 2.6685E-02   657
 8.0000E-02 3.2274E-01 2.7616E+00 1.5817E+00 1.1799E+00  6.2838E-01 5.8738E-01 2.6386E-02   657
 8.0000E-02 3.2391E-01 2.7577E+00 1.5824E+00 1.1753E+00  6.2754E-01 5.8601E-01 2.6067E-02   602
 8.0000E-02 3.2509E-01 2.7536E+00 1.5831E+00 1.1705E+00  6.2661E-01 5.8451E-01 2.5736E-02   602
 8.0000E-02 3.2628E-01 2.7494E+00 1.5837E+00 1.1657E+00  6.2570E-01 5.8302E-01 2.5389E-02   602
 8.0000E-02 3.2747E-01 2.7444E+00 1.5842E+00 1.1602E+00  6.2483E-01 5.8153E-01 2.5006E-02   602
 8.0000E-02 3.2868E-01 2.7393E+00 1.5847E+00 1.1547E+00  6.2397E-01 5.8005E-01 2.4613E-02   602
 8.0000E-02 3.2989E-01 2.7342E+00 1.5850E+00 1.1492E+00  6.2310E-01 5.7856E-01 2.4214E-02   602
 8.0000E-02 3.3111E-01 2.7290E+00 1.5852E+00 1.1438E+00  6.2220E-01 5.7706E-01 2.3811E-02   602
 8.0000E-02 3.3234E-01 2.7235E+00 1.5857E+00 1.1378E+00  6.2146E-01 5.7561E-01 2.3366E-02   603
 8.0000E-02 3.3358E-01 2.7177E+00 1.5861E+00 1.1317E+00  6.2079E-01 5.7418E-01 2.2898E-02   603
 8.0000E-02 3.3483E-01 2.7120E+00 1.5864E+00 1.1256E+00  6.2013E-01 5.7275E-01 2.2426E-02   603
 8.0000E-02 3.3609E-01 2.7065E+00 1.5868E+00 1.1197E+00  6.1945E-01 5.7130E-01 2.1955E-02   603
 8.0000E-02 3.3736E-01 2.7014E+00 1.5871E+00 1.1143E+00  6.1873E-01 5.6985E-01 2.1496E-02   604
 8.0000E-02 3.3864E-01 2.6966E+00 1.5874E+00 1.1092E+00  6.1799E-01 5.6838E-01 2.1042E-02   604
 8.0000E-02 3.3992E-01 2.6921E+00 1.5876E+00 1.1045E+00  6.1721E-01 5.6690E-01 2.0594E-02   604
 8.0000E-02 3.4122E-01 2.6878E+00 1.5879E+00 1.1000E+00  6.1640E-01 5.6541E-01 2.0153E-02   604
 8.0000E-02 3.4253E-01 2.6839E+00 1.5881E+00 1.0959E+00  6.1556E-01 5.6390E-01 1.9718E-02   604
 8.0000E-02 3.4385E-01 2.6801E+00 1.5882E+00 1.0919E+00  6.1472E-01 5.6239E-01 1.9278E-02   604
 8.0000E-02 3.4517E-01 2.6769E+00 1.5884E+00 1.0885E+00  6.1377E-01 5.6085E-01 1.8864E-02   604
 8.0000E-02 3.4651E-01 2.6745E+00 1.5886E+00 1.0859E+00  6.1270E-01 5.5927E-01 1.8478E-02   605
 8.0000E-02 3.4786E-01 2.6727E+00 1.5887E+00 1.0840E+00  6.1154E-01 5.5766E-01 1.8115E-02   605
 8.0000E-02 3.4922E-01 2.6715E+00 1.5889E+00 1.0826E+00  6.1027E-01 5.5601E-01 1.7776E-02   605
 8.0000E-02 3.5059E-01 2.6710E+00 1.5891E+00 1.0820E+00  6.0888E-01 5.5434E-01 1.7461E-02   605
 8.0000E-02 3.5197E-01 2.6712E+00 1.5892E+00 1.0820E+00  6.0739E-01 5.5264E-01 1.7170E-02   605
 8.0000E-02 3.5336E-01 2.6721E+00 1.5894E+00 1.0827E+00  6.0578E-01 5.5091E-01 1.6906E-02   606
 8.0000E-02 3.5476E-01 2.6742E+00 1.5897E+00 1.0845E+00  6.0398E-01 5.4913E-01 1.6686E-02   606
 8.0000E-02 3.5618E-01 2.6775E+00 1.5900E+00 1.0876E+00  6.0198E-01 5.4731E-01 1.6521E-02   606
 8.0000E-02 3.5760E-01 2.6815E+00 1.5903E+00 1.0912E+00  5.9997E-01 5.4558E-01 1.6377E-02   551
 8.0000E-02 3.5904E-01 2.6863E+00 1.5907E+00 1.0956E+00  5.9776E-01 5.4372E-01 1.6257E-02   551
 8.0000E-02 3.6048E-01 2.6918E+00 1.5911E+00 1.1007E+00  5.9545E-01 5.4183E-01 1.6160E-02   551
 8.0000E-02 3.6194E-01 2.6980E+00 1.5916E+00 1.1064E+00  5.9302E-01 5.3992E-01 1.6089E-02   551
 8.0000E-02 3.6341E-01 2.7051E+00 1.5922E+00 1.1129E+00  5.9050E-01 5.3799E-01 1.6039E-02   551
 8.0000E-02 3.6490E-01 2.7128E+00 1.5928E+00 1.1200E+00  5.8790E-01 5.3606E-01 1.6010E-02   551
 8.0000E-02 3.6639E-01 2.7213E+00 1.5935E+00 1.1277E+00  5.8520E-01 5.3410E-01 1.6003E-02   551
 8.0000E-02 3.6790E-01 2.7305E+00 1.5944E+00 1.1361E+00  5.8242E-01 5.3214E-01 1.6017E-02   551
 8.0000E-02 3.6942E-01 2.7405E+00 1.5953E+00 1.1452E+00  5.7958E-01 5.3017E-01 1.6046E-02   551
 8.0000E-02 3.7095E-01 2.7510E+00 1.5964E+00 1.1546E+00  5.7670E-01 5.2820E-01 1.6086E-02   551
 8.0000E-02 3.7250E-01 2.7621E+00 1.5975E+00 1.1646E+00  5.7375E-01 5.2622E-01 1.6139E-02   551
 8.0000E-02 3.7406E-01 2.7736E+00 1.5988E+00 1.1749E+00  5.7078E-01 5.2424E-01 1.6196E-02   552
 8.0000E-02 3.7563E-01 2.7856E+00 1.6001E+00 1.1856E+00  5.6776E-01 5.2226E-01 1.6260E-02   552
 8.0000E-02 3.7722E-01 2.7981E+00 1.6015E+00 1.1966E+00  5.6471E-01 5.2028E-01 1.6330E-02   552
 8.0000E-02 3.7881E-01 2.8110E+00 1.6029E+00 1.2081E+00  5.6163E-01 5.1830E-01 1.6408E-02   552
 8.0000E-02 3.8043E-01 2.8244E+00 1.6045E+00 1.2200E+00  5.5851E-01 5.1632E-01 1.6490E-02   552
 8.0000E-02 3.8205E-01 2.8380E+00 1.6062E+00 1.2318E+00  5.5540E-01 5.1434E-01 1.6562E-02   552
 8.0000E-02 3.8369E-01 2.8511E+00 1.6079E+00 1.2433E+00  5.5234E-01 5.1238E-01 1.6607E-02   552
 8.0000E-02 3.8534E-01 2.8647E+00 1.6096E+00 1.2551E+00  5.4923E-01 5.1041E-01 1.6660E-02   552
 8.0000E-02 3.8701E-01 2.8788E+00 1.6115E+00 1.2673E+00  5.4609E-01 5.0845E-01 1.6721E-02   552
 8.0000E-02 3.8870E-01 2.8933E+00 1.6134E+00 1.2800E+00  5.4290E-01 5.0648E-01 1.6788E-02   552
 8.0000E-02 3.9039E-01 2.9084E+00 1.6153E+00 1.2931E+00  5.3967E-01 5.0451E-01 1.6866E-02   552
 8.0000E-02 3.9211E-01 2.9239E+00 1.6173E+00 1.3065E+00  5.3640E-01 5.0254E-01 1.6950E-02   552
 8.0000E-02 3.9383E-01 2.9398E+00 1.6194E+00 1.3204E+00  5.3310E-01 5.0057E-01 1.7042E-02   552
 8.0000E-02 3.9558E-01 2.9563E+00 1.6215E+00 1.3348E+00  5.2975E-01 4.9859E-01 1.7144E-02   552
 8.0000E-02 3.9733E-01 2.9733E+00 1.6237E+00 1.3496E+00  5.2636E-01 4.9662E-01 1.7257E-02   552
 8.0000E-02 3.9911E-01 2.9916E+00 1.6259E+00 1.3657E+00  5.2286E-01 4.9463E-01 1.7414E-02   552
 8.0000E-02 4.0090E-01 3.0106E+00 1.6282E+00 1.3824E+00  5.1943E-01 4.9278E-01 1.7582E-02   499
 8.0000E-02 4.0270E-01 3.0302E+00 1.6305E+00 1.3997E+00  5.1585E-01 4.9079E-01 1.7766E-02   499
 8.0000E-02 4.0452E-01 3.0505E+00 1.6329E+00 1.4176E+00  5.1223E-01 4.8881E-01 1.7965E-02   499
 8.0000E-02 4.0636E-01 3.0716E+00 1.6354E+00 1.4362E+00  5.0857E-01 4.8682E-01 1.8177E-02   499
 8.0000E-02 4.0822E-01 3.0935E+00 1.6380E+00 1.4555E+00  5.0488E-01 4.8484E-01 1.8402E-02   499
 8.0000E-02 4.1009E-01 3.1161E+00 1.6407E+00 1.4754E+00  5.0116E-01 4.8286E-01 1.8639E-02   499
 8.0000E-02 4.1198E-01 3.1396E+00 1.6435E+00 1.4960E+00  4.9743E-01 4.8088E-01 1.8883E-02   499
 8.0000E-02 4.1389E-01 3.1636E+00 1.6466E+00 1.5171E+00  4.9370E-01 4.7890E-01 1.9123E-02   499
 8.0000E-02 4.1581E-01 3.1879E+00 1.6499E+00 1.5381E+00  4.9001E-01 4.7694E-01 1.9343E-02   500
 8.0000E-02 4.1776E-01 3.2132E+00 1.6535E+00 1.5597E+00  4.8631E-01 4.7498E-01 1.9559E-02   500
 8.0000E-02 4.1972E-01 3.2393E+00 1.6573E+00 1.5820E+00  4.8263E-01 4.7303E-01 1.9770E-02   501
 8.0000E-02 4.2170E-01 3.2661E+00 1.6614E+00 1.6047E+00  4.7899E-01 4.7108E-01 1.9960E-02   501
 8.0000E-02 4.2370E-01 3.2936E+00 1.6659E+00 1.6277E+00  4.7541E-01 4.6914E-01 2.0118E-02   501
 8.0000E-02 4.2571E-01 3.3218E+00 1.6708E+00 1.6510E+00  4.7190E-01 4.6722E-01 2.0235E-02   501
 8.0000E-02 4.2775E-01 3.3505E+00 1.6760E+00 1.6745E+00  4.6849E-01 4.6530E-01 2.0301E-02   501
 8.0000E-02 4.2981E-01 3.3798E+00 1.6817E+00 1.6981E+00  4.6517E-01 4.6340E-01 2.0312E-02   501
 8.0000E-02 4.3188E-01 3.4103E+00 1.6877E+00 1.7226E+00  4.6192E-01 4.6150E-01 2.0289E-02   501
 8.0000E-02 4.3398E-01 3.4415E+00 1.6940E+00 1.7476E+00  4.5873E-01 4.5960E-01 2.0221E-02   501
 8.0000E-02 4.3610E-01 3.4731E+00 1.7005E+00 1.7726E+00  4.5560E-01 4.5771E-01 2.0105E-02   501
 8.0000E-02 4.3824E-01 3.5049E+00 1.7072E+00 1.7977E+00  4.5252E-01 4.5583E-01 1.9951E-02   501
 8.0000E-02 4.4039E-01 3.5368E+00 1.7141E+00 1.8227E+00  4.4945E-01 4.5395E-01 1.9774E-02   501
 8.0000E-02 4.4257E-01 3.5689E+00 1.7210E+00 1.8479E+00  4.4637E-01 4.5208E-01 1.9588E-02   501
 8.0000E-02 4.4478E-01 3.6010E+00 1.7279E+00 1.8732E+00  4.4325E-01 4.5020E-01 1.9405E-02   501
 8.0000E-02 4.4700E-01 3.6332E+00 1.7347E+00 1.8985E+00  4.4008E-01 4.4833E-01 1.9237E-02   501
 8.0000E-02 4.4925E-01 3.6655E+00 1.7414E+00 1.9241E+00  4.3685E-01 4.4647E-01 1.9096E-02   501
 8.0000E-02 4.5152E-01 3.6970E+00 1.7479E+00 1.9491E+00  4.3354E-01 4.4462E-01 1.8981E-02   501
 8.0000E-02 4.5381E-01 3.7266E+00 1.7542E+00 1.9724E+00  4.3016E-01 4.4277E-01 1.8890E-02   501
 8.0000E-02 4.5612E-01 3.7567E+00 1.7604E+00 1.9963E+00  4.2681E-01 4.4107E-01 1.8861E-02   452
 8.0000E-02 4.5846E-01 3.7873E+00 1.7664E+00 2.0209E+00  4.2322E-01 4.3923E-01 1.8901E-02   452
 8.0000E-02 4.6082E-01 3.8182E+00 1.7722E+00 2.0461E+00  4.1952E-01 4.3741E-01 1.9021E-02   452
 8.0000E-02 4.6321E-01 3.8495E+00 1.7778E+00 2.0717E+00  4.1570E-01 4.3559E-01 1.9231E-02   452
 8.0000E-02 4.6563E-01 3.8808E+00 1.7830E+00 2.0978E+00  4.1176E-01 4.3379E-01 1.9543E-02   452
 8.0000E-02 4.6806E-01 3.9121E+00 1.7879E+00 2.1242E+00  4.0768E-01 4.3200E-01 1.9970E-02   452
 8.0000E-02 4.7053E-01 3.9433E+00 1.7924E+00 2.1509E+00  4.0346E-01 4.3024E-01 2.0527E-02   452
 8.0000E-02 4.7302E-01 3.9744E+00 1.7959E+00 2.1785E+00  3.9900E-01 4.2850E-01 2.1285E-02   452
 8.0000E-02 4.7553E-01 4.0056E+00 1.7987E+00 2.2069E+00  3.9441E-01 4.2680E-01 2.2211E-02   452
 8.0000E-02 4.7807E-01 4.0368E+00 1.8014E+00 2.2355E+00  3.8973E-01 4.2515E-01 2.3276E-02   452
 8.0000E-02 4.8065E-01 4.0682E+00 1.8037E+00 2.2644E+00  3.8498E-01 4.2354E-01 2.4482E-02   452
 8.0000E-02 4.8324E-01 4.0996E+00 1.8060E+00 2.2937E+00  3.8018E-01 4.2198E-01 2.5824E-02   452
 8.0000E-02 4.8587E-01 4.1315E+00 1.8081E+00 2.3235E+00  3.7538E-01 4.2048E-01 2.7293E-02   452
 8.0000E-02 4.8852E-01 4.1641E+00 1.8101E+00 2.3540E+00  3.7059E-01 4.1903E-01 2.8875E-02   452
 8.0000E-02 4.9121E-01 4.1978E+00 1.8123E+00 2.3856E+00  3.6586E-01 4.1764E-01 3.0550E-02   452
 8.0000E-02 4.9392E-01 4.2332E+00 1.8146E+00 2.4186E+00  3.6123E-01 4.1630E-01 3.2298E-02   452
 8.0000E-02 4.9667E-01 4.2738E+00 1.8178E+00 2.4560E+00  3.5692E-01 4.1501E-01 3.4004E-02   452
 8.0000E-02 4.9944E-01 4.3246E+00 1.8226E+00 2.5020E+00  3.5319E-01 4.1375E-01 3.5499E-02   452
 8.0000E-02 5.0225E-01 4.3784E+00 1.8275E+00 2.5510E+00  3.4957E-01 4.1247E-01 3.7019E-02   452
 8.0000E-02 5.0508E-01 4.4356E+00 1.8320E+00 2.6035E+00  3.4598E-01 4.1116E-01 3.8604E-02   452
 8.0000E-02 5.0795E-01 4.4958E+00 1.8357E+00 2.6601E+00  3.4234E-01 4.0980E-01 4.0324E-02   452
 8.0000E-02 5.1086E-01 4.5587E+00 1.8377E+00 2.7211E+00  3.3850E-01 4.0837E-01 4.2277E-02   452
 8.0000E-02 5.1379E-01 4.6236E+00 1.8370E+00 2.7866E+00  3.3432E-01 4.0685E-01 4.4601E-02   453
 8.0000E-02 5.1676E-01 4.6893E+00 1.8326E+00 2.8566E+00  3.2961E-01 4.0524E-01 4.7476E-02   453
 8.0000E-02 5.1977E-01 4.7542E+00 1.8230E+00 2.9311E+00  3.2417E-01 4.0354E-01 5.1119E-02   453
 8.0000E-02 5.2281E-01 4.8031E+00 1.8057E+00 2.9974E+00  3.1711E-01 4.0176E-01 5.6167E-02   453
 8.0000E-02 5.2588E-01 4.8374E+00 1.7813E+00 3.0561E+00  3.0870E-01 3.9999E-01 6.2564E-02   453
 8.0000E-02 5.2899E-01 4.8641E+00 1.7508E+00 3.1133E+00  2.9953E-01 3.9841E-01 7.0130E-02   407
 8.0000E-02 5.3214E-01 4.8828E+00 1.7143E+00 3.1684E+00  2.8937E-01 3.9678E-01 7.8893E-02   407
 8.0000E-02 5.3533E-01 4.8930E+00 1.6721E+00 3.2209E+00  2.7840E-01 3.9524E-01 8.8853E-02   407
 8.0000E-02 5.3855E-01 4.8948E+00 1.6246E+00 3.2702E+00  2.6671E-01 3.9381E-01 9.9960E-02   407
 8.0000E-02 5.4182E-01 4.8883E+00 1.5725E+00 3.3158E+00  2.5439E-01 3.9252E-01 1.1213E-01   407
 8.0000E-02 5.4512E-01 4.8738E+00 1.5167E+00 3.3571E+00  2.4155E-01 3.9137E-01 1.2523E-01   407
 8.0000E-02 5.4847E-01 4.8517E+00 1.4582E+00 3.3935E+00  2.2832E-01 3.9038E-01 1.3910E-01   408
 8.0000E-02 5.5185E-01 4.8283E+00 1.3989E+00 3.4294E+00  2.1518E-01 3.8955E-01 1.5340E-01   408
 8.0000E-02 5.5528E-01 4.8005E+00 1.3386E+00 3.4620E+00  2.0192E-01 3.8887E-01 1.6816E-01   408
 8.0000E-02 5.5875E-01 4.7689E+00 1.2781E+00 3.4908E+00  1.8865E-01 3.8833E-01 1.8320E-01   408
 8.0000E-02 5.6226E-01 4.7344E+00 1.2187E+00 3.5157E+00  1.7552E-01 3.8793E-01 1.9829E-01   408
 8.0000E-02 5.6582E-01 4.6977E+00 1.1615E+00 3.5362E+00  1.6265E-01 3.8766E-01 2.1321E-01   408
 8.0000E-02 5.6943E-01 4.6604E+00 1.1080E+00 3.5524E+00  1.5020E-01 3.8752E-01 2.2772E-01   408
 8.0000E-02 5.7308E-01 4.6235E+00 1.0589E+00 3.5646E+00  1.3827E-01 3.8750E-01 2.4166E-01   408
 8.0000E-02 5.7677E-01 4.5882E+00 1.0150E+00 3.5732E+00  1.2696E-01 3.8759E-01 2.5490E-01   408
 8.0000E-02 5.8052E-01 4.5558E+00 9.7659E-01 3.5793E+00  1.1636E-01 3.8779E-01 2.6734E-01   408
 8.0000E-02 5.8431E-01 4.5260E+00 9.4413E-01 3.5818E+00  1.0649E-01 3.8807E-01 2.7884E-01   408
 8.0000E-02 5.8816E-01 4.4992E+00 9.1737E-01 3.5818E+00  9.7375E-02 3.8841E-01 2.8937E-01   408
 8.0000E-02 5.9205E-01 4.4758E+00 8.9578E-01 3.5800E+00  8.9014E-02 3.8879E-01 2.9890E-01   408
 8.0000E-02 5.9600E-01 4.4536E+00 8.7975E-01 3.5739E+00  8.1363E-02 3.8918E-01 3.0723E-01   408
 8.0000E-02 6.0000E-01 4.4306E+00 8.7008E-01 3.5606E+00  7.4356E-02 3.8956E-01 3.1413E-01   408
