 DDSCAT --- DDSCAT 7.3.3 [22.01.20]   
 TARGET --- Cyl.w.caps, NAT=  27008 NFAC= 248 NLAY=  97 cyl.asp.ratio= 5.4587 
 GPFAFT --- method of solution 
 FLTRCD --- prescription for polarizabilities
 CYLNDRCAP --- shape 
   27008 = NAT0 = number of dipoles
 ../diel/Ag_evap                                             
   0.000   0.000 = beta_min, beta_max ;  NBETA = 1
   0.000   0.000 = theta_min, theta_max; NTHETA= 1
   0.000   0.000 = phi_min, phi_max   ;   NPHI = 1
 0.5000 = ETASCA (param. controlling # of scatt. dirs used to calculate <cos> etc.
 Results averaged over    1 target orientations
                   and  1 incident polarizations
   aeff       wave       Q_ext     Q_abs      Q_sca     g(1)=<cos>  <cos^2>    Q_bk       Nsca
 2.2200E-02 6.5000E-01 1.0438E-01 9.3078E-02 1.1300E-02  1.9393E-01 3.8557E-01 5.9879E-04   248
 2.2200E-02 6.5051E-01 1.0442E-01 9.3037E-02 1.1384E-02  1.9323E-01 3.8562E-01 6.0566E-04   248
 2.2200E-02 6.5101E-01 1.0367E-01 9.2204E-02 1.1466E-02  1.9251E-01 3.8567E-01 6.1256E-04   248
 2.2200E-02 6.5152E-01 1.0215E-01 9.0606E-02 1.1543E-02  1.9179E-01 3.8571E-01 6.1921E-04   248
 2.2200E-02 6.5202E-01 9.9930E-02 8.8319E-02 1.1611E-02  1.9107E-01 3.8575E-01 6.2540E-04   248
 2.2200E-02 6.5253E-01 9.7121E-02 8.5452E-02 1.1669E-02  1.9038E-01 3.8579E-01 6.3091E-04   248
 2.2200E-02 6.5303E-01 9.3846E-02 8.2134E-02 1.1713E-02  1.8973E-01 3.8582E-01 6.3561E-04   248
 2.2200E-02 6.5354E-01 9.0251E-02 7.8507E-02 1.1744E-02  1.8911E-01 3.8585E-01 6.3942E-04   248
 2.2200E-02 6.5404E-01 8.6455E-02 7.4693E-02 1.1762E-02  1.8854E-01 3.8587E-01 6.4233E-04   248
 2.2200E-02 6.5455E-01 8.2581E-02 7.0814E-02 1.1767E-02  1.8802E-01 3.8589E-01 6.4437E-04   248
 2.2200E-02 6.5505E-01 7.8723E-02 6.6962E-02 1.1760E-02  1.8754E-01 3.8590E-01 6.4561E-04   248
 2.2200E-02 6.5556E-01 7.4955E-02 6.3212E-02 1.1743E-02  1.8709E-01 3.8592E-01 6.4614E-04   248
 2.2200E-02 6.5606E-01 7.1329E-02 5.9612E-02 1.1717E-02  1.8668E-01 3.8593E-01 6.4607E-04   248
 2.2200E-02 6.5657E-01 6.7883E-02 5.6199E-02 1.1684E-02  1.8630E-01 3.8593E-01 6.4547E-04   248
 2.2200E-02 6.5707E-01 6.4638E-02 5.2994E-02 1.1644E-02  1.8594E-01 3.8594E-01 6.4445E-04   248
 2.2200E-02 6.5758E-01 6.1603E-02 5.0003E-02 1.1600E-02  1.8559E-01 3.8595E-01 6.4309E-04   248
 2.2200E-02 6.5808E-01 5.8779E-02 4.7227E-02 1.1552E-02  1.8527E-01 3.8595E-01 6.4147E-04   248
 2.2200E-02 6.5859E-01 5.6161E-02 4.4659E-02 1.1502E-02  1.8495E-01 3.8595E-01 6.3966E-04   248
 2.2200E-02 6.5909E-01 5.3737E-02 4.2287E-02 1.1449E-02  1.8464E-01 3.8596E-01 6.3770E-04   248
 2.2200E-02 6.5960E-01 5.1485E-02 4.0090E-02 1.1395E-02  1.8433E-01 3.8596E-01 6.3561E-04   248
 2.2200E-02 6.6010E-01 4.9359E-02 3.8019E-02 1.1340E-02  1.8402E-01 3.8596E-01 6.3339E-04   248
 2.2200E-02 6.6061E-01 4.7404E-02 3.6121E-02 1.1283E-02  1.8371E-01 3.8596E-01 6.3112E-04   248
 2.2200E-02 6.6111E-01 4.5608E-02 3.4382E-02 1.1226E-02  1.8340E-01 3.8596E-01 6.2885E-04   248
 2.2200E-02 6.6162E-01 4.3957E-02 3.2789E-02 1.1169E-02  1.8309E-01 3.8596E-01 6.2656E-04   248
 2.2200E-02 6.6212E-01 4.2441E-02 3.1330E-02 1.1111E-02  1.8278E-01 3.8596E-01 6.2428E-04   248
 2.2200E-02 6.6263E-01 4.1050E-02 2.9995E-02 1.1055E-02  1.8247E-01 3.8596E-01 6.2202E-04   248
 2.2200E-02 6.6313E-01 3.9774E-02 2.8774E-02 1.0999E-02  1.8215E-01 3.8596E-01 6.1977E-04   248
 2.2200E-02 6.6364E-01 3.8605E-02 2.7662E-02 1.0943E-02  1.8184E-01 3.8596E-01 6.1754E-04   248
 2.2200E-02 6.6414E-01 3.7537E-02 2.6649E-02 1.0889E-02  1.8152E-01 3.8596E-01 6.1535E-04   248
 2.2200E-02 6.6465E-01 3.6562E-02 2.5728E-02 1.0834E-02  1.8120E-01 3.8596E-01 6.1321E-04   248
 2.2200E-02 6.6515E-01 3.5672E-02 2.4891E-02 1.0781E-02  1.8088E-01 3.8596E-01 6.1110E-04   248
 2.2200E-02 6.6566E-01 3.4861E-02 2.4132E-02 1.0729E-02  1.8055E-01 3.8596E-01 6.0903E-04   248
 2.2200E-02 6.6616E-01 3.4121E-02 2.3443E-02 1.0677E-02  1.8023E-01 3.8596E-01 6.0703E-04   248
 2.2200E-02 6.6667E-01 3.3443E-02 2.2816E-02 1.0627E-02  1.7990E-01 3.8596E-01 6.0506E-04   248
 2.2200E-02 6.6717E-01 3.2820E-02 2.2243E-02 1.0578E-02  1.7957E-01 3.8596E-01 6.0316E-04   248
 2.2200E-02 6.6768E-01 3.2245E-02 2.1716E-02 1.0529E-02  1.7924E-01 3.8595E-01 6.0130E-04   248
 2.2200E-02 6.6818E-01 3.1710E-02 2.1228E-02 1.0482E-02  1.7892E-01 3.8595E-01 5.9948E-04   248
 2.2200E-02 6.6869E-01 3.1210E-02 2.0775E-02 1.0435E-02  1.7859E-01 3.8595E-01 5.9769E-04   248
 2.2200E-02 6.6919E-01 3.0741E-02 2.0352E-02 1.0389E-02  1.7827E-01 3.8595E-01 5.9593E-04   248
 2.2200E-02 6.6970E-01 3.0297E-02 1.9953E-02 1.0344E-02  1.7796E-01 3.8595E-01 5.9420E-04   248
 2.2200E-02 6.7020E-01 2.9876E-02 1.9577E-02 1.0300E-02  1.7765E-01 3.8595E-01 5.9247E-04   248
 2.2200E-02 6.7071E-01 2.9475E-02 1.9220E-02 1.0255E-02  1.7735E-01 3.8595E-01 5.9076E-04   248
 2.2200E-02 6.7121E-01 2.9092E-02 1.8881E-02 1.0212E-02  1.7706E-01 3.8596E-01 5.8906E-04   248
 2.2200E-02 6.7172E-01 2.8725E-02 1.8556E-02 1.0169E-02  1.7677E-01 3.8596E-01 5.8737E-04   248
 2.2200E-02 6.7222E-01 2.8370E-02 1.8243E-02 1.0127E-02  1.7649E-01 3.8596E-01 5.8569E-04   248
 2.2200E-02 6.7273E-01 2.8025E-02 1.7940E-02 1.0085E-02  1.7621E-01 3.8597E-01 5.8403E-04   248
 2.2200E-02 6.7323E-01 2.7687E-02 1.7643E-02 1.0044E-02  1.7594E-01 3.8597E-01 5.8238E-04   248
 2.2200E-02 6.7374E-01 2.7351E-02 1.7349E-02 1.0003E-02  1.7567E-01 3.8598E-01 5.8076E-04   248
 2.2200E-02 6.7424E-01 2.7016E-02 1.7053E-02 9.9622E-03  1.7541E-01 3.8598E-01 5.7914E-04   248
 2.2200E-02 6.7475E-01 2.6676E-02 1.6754E-02 9.9223E-03  1.7514E-01 3.8599E-01 5.7754E-04   248
 2.2200E-02 6.7525E-01 2.6330E-02 1.6448E-02 9.8828E-03  1.7487E-01 3.8599E-01 5.7596E-04   248
 2.2200E-02 6.7576E-01 2.5978E-02 1.6134E-02 9.8433E-03  1.7461E-01 3.8600E-01 5.7439E-04   248
 2.2200E-02 6.7626E-01 2.5620E-02 1.5816E-02 9.8041E-03  1.7434E-01 3.8601E-01 5.7283E-04   248
 2.2200E-02 6.7677E-01 2.5259E-02 1.5494E-02 9.7651E-03  1.7406E-01 3.8601E-01 5.7129E-04   248
 2.2200E-02 6.7727E-01 2.4900E-02 1.5175E-02 9.7259E-03  1.7379E-01 3.8602E-01 5.6975E-04   248
 2.2200E-02 6.7778E-01 2.4550E-02 1.4863E-02 9.6868E-03  1.7350E-01 3.8602E-01 5.6822E-04   248
 2.2200E-02 6.7828E-01 2.4211E-02 1.4564E-02 9.6474E-03  1.7322E-01 3.8603E-01 5.6669E-04   248
 2.2200E-02 6.7879E-01 2.3892E-02 1.4283E-02 9.6084E-03  1.7293E-01 3.8604E-01 5.6518E-04   248
 2.2200E-02 6.7929E-01 2.3594E-02 1.4024E-02 9.5696E-03  1.7263E-01 3.8605E-01 5.6367E-04   248
 2.2200E-02 6.7980E-01 2.3320E-02 1.3789E-02 9.5305E-03  1.7233E-01 3.8605E-01 5.6218E-04   248
 2.2200E-02 6.8030E-01 2.3072E-02 1.3580E-02 9.4919E-03  1.7202E-01 3.8606E-01 5.6072E-04   248
 2.2200E-02 6.8081E-01 2.2851E-02 1.3398E-02 9.4535E-03  1.7172E-01 3.8607E-01 5.5926E-04   248
 2.2200E-02 6.8131E-01 2.2656E-02 1.3241E-02 9.4155E-03  1.7141E-01 3.8608E-01 5.5782E-04   248
 2.2200E-02 6.8182E-01 2.2487E-02 1.3109E-02 9.3779E-03  1.7110E-01 3.8608E-01 5.5640E-04   248
 2.2200E-02 6.8232E-01 2.2343E-02 1.3002E-02 9.3405E-03  1.7078E-01 3.8609E-01 5.5501E-04   248
 2.2200E-02 6.8283E-01 2.2220E-02 1.2917E-02 9.3038E-03  1.7047E-01 3.8610E-01 5.5363E-04   248
 2.2200E-02 6.8333E-01 2.2119E-02 1.2851E-02 9.2676E-03  1.7017E-01 3.8611E-01 5.5229E-04   248
 2.2200E-02 6.8384E-01 2.2034E-02 1.2802E-02 9.2318E-03  1.6986E-01 3.8611E-01 5.5095E-04   248
 2.2200E-02 6.8434E-01 2.1964E-02 1.2767E-02 9.1967E-03  1.6955E-01 3.8612E-01 5.4964E-04   248
 2.2200E-02 6.8485E-01 2.1904E-02 1.2741E-02 9.1622E-03  1.6925E-01 3.8613E-01 5.4835E-04   248
 2.2200E-02 6.8535E-01 2.1850E-02 1.2722E-02 9.1283E-03  1.6894E-01 3.8614E-01 5.4709E-04   248
 2.2200E-02 6.8586E-01 2.1798E-02 1.2703E-02 9.0949E-03  1.6864E-01 3.8615E-01 5.4586E-04   248
 2.2200E-02 6.8636E-01 2.1746E-02 1.2684E-02 9.0619E-03  1.6835E-01 3.8615E-01 5.4463E-04   248
 2.2200E-02 6.8687E-01 2.1690E-02 1.2661E-02 9.0296E-03  1.6805E-01 3.8616E-01 5.4342E-04   248
 2.2200E-02 6.8737E-01 2.1630E-02 1.2632E-02 8.9975E-03  1.6777E-01 3.8617E-01 5.4221E-04   248
 2.2200E-02 6.8788E-01 2.1563E-02 1.2597E-02 8.9659E-03  1.6748E-01 3.8618E-01 5.4101E-04   248
 2.2200E-02 6.8838E-01 2.1488E-02 1.2553E-02 8.9346E-03  1.6720E-01 3.8618E-01 5.3982E-04   248
 2.2200E-02 6.8889E-01 2.1403E-02 1.2499E-02 8.9037E-03  1.6693E-01 3.8619E-01 5.3863E-04   248
 2.2200E-02 6.8939E-01 2.1305E-02 1.2432E-02 8.8729E-03  1.6666E-01 3.8620E-01 5.3745E-04   248
 2.2200E-02 6.8990E-01 2.1193E-02 1.2350E-02 8.8425E-03  1.6639E-01 3.8621E-01 5.3627E-04   248
 2.2200E-02 6.9040E-01 2.1063E-02 1.2251E-02 8.8124E-03  1.6612E-01 3.8622E-01 5.3510E-04   248
 2.2200E-02 6.9091E-01 2.0916E-02 1.2134E-02 8.7824E-03  1.6586E-01 3.8623E-01 5.3394E-04   248
 2.2200E-02 6.9141E-01 2.0750E-02 1.1998E-02 8.7526E-03  1.6559E-01 3.8624E-01 5.3277E-04   248
 2.2200E-02 6.9192E-01 2.0567E-02 1.1844E-02 8.7226E-03  1.6533E-01 3.8625E-01 5.3160E-04   248
 2.2200E-02 6.9242E-01 2.0368E-02 1.1675E-02 8.6927E-03  1.6507E-01 3.8626E-01 5.3043E-04   248
 2.2200E-02 6.9293E-01 2.0157E-02 1.1495E-02 8.6627E-03  1.6480E-01 3.8627E-01 5.2925E-04   248
 2.2200E-02 6.9343E-01 1.9939E-02 1.1307E-02 8.6325E-03  1.6454E-01 3.8628E-01 5.2807E-04   248
 2.2200E-02 6.9394E-01 1.9717E-02 1.1114E-02 8.6024E-03  1.6427E-01 3.8629E-01 5.2688E-04   248
 2.2200E-02 6.9444E-01 1.9494E-02 1.0922E-02 8.5723E-03  1.6401E-01 3.8630E-01 5.2568E-04   248
 2.2200E-02 6.9495E-01 1.9274E-02 1.0733E-02 8.5419E-03  1.6374E-01 3.8631E-01 5.2448E-04   248
 2.2200E-02 6.9545E-01 1.9059E-02 1.0547E-02 8.5116E-03  1.6346E-01 3.8632E-01 5.2327E-04   248
 2.2200E-02 6.9596E-01 1.8847E-02 1.0366E-02 8.4815E-03  1.6318E-01 3.8632E-01 5.2209E-04   248
 2.2200E-02 6.9646E-01 1.8642E-02 1.0191E-02 8.4512E-03  1.6290E-01 3.8633E-01 5.2090E-04   248
 2.2200E-02 6.9697E-01 1.8445E-02 1.0024E-02 8.4209E-03  1.6262E-01 3.8634E-01 5.1972E-04   248
 2.2200E-02 6.9747E-01 1.8256E-02 9.8650E-03 8.3907E-03  1.6233E-01 3.8634E-01 5.1851E-04   248
 2.2200E-02 6.9798E-01 1.8078E-02 9.7172E-03 8.3605E-03  1.6204E-01 3.8635E-01 5.1732E-04   248
 2.2200E-02 6.9848E-01 1.7912E-02 9.5821E-03 8.3302E-03  1.6176E-01 3.8636E-01 5.1611E-04   248
 2.2200E-02 6.9899E-01 1.7762E-02 9.4616E-03 8.2999E-03  1.6147E-01 3.8637E-01 5.1491E-04   248
 2.2200E-02 6.9949E-01 1.7626E-02 9.3563E-03 8.2697E-03  1.6119E-01 3.8637E-01 5.1371E-04   248
 2.2200E-02 7.0000E-01 1.7507E-02 9.2670E-03 8.2397E-03  1.6090E-01 3.8638E-01 5.1251E-04   248
