 DDSCAT --- DDSCAT 7.3.3 [22.01.20]   
 TARGET --->TARGSPHER  spherical target with explicit spacing                 
 GPFAFT --- method of solution 
 FLTRCD --- prescription for polarizabilities
 FROM_FILE --- shape 
    4169 = NAT0 = number of dipoles
 ../../diel/Pena-Rioux_dielectric_26Au_74Ag                  
 ../../diel/Pena-Rioux_dielectric_52Au_48Ag                  
 ../../diel/Pena-Rioux_dielectric_76Au_24Ag                  
 ../../diel/Pena-Rioux_dielectric_85Au_15Ag                  
   0.000   0.000 = beta_min, beta_max ;  NBETA = 1
   0.000   0.000 = theta_min, theta_max; NTHETA= 1
   0.000   0.000 = phi_min, phi_max   ;   NPHI = 1
 0.5000 = ETASCA (param. controlling # of scatt. dirs used to calculate <cos> etc.
 Results averaged over    1 target orientations
                   and  2 incident polarizations
   aeff       wave       Q_ext     Q_abs      Q_sca     g(1)=<cos>  <cos^2>    Q_bk       Nsca
 1.0000E-03 3.0000E-01 8.4528E-02 8.4527E-02 1.1278E-06  2.5920E-04 4.0217E-01 1.3443E-07   214
 1.0000E-03 3.0101E-01 8.4056E-02 8.4055E-02 1.1057E-06  2.5878E-04 4.0217E-01 1.3179E-07   214
 1.0000E-03 3.0203E-01 8.3598E-02 8.3596E-02 1.0841E-06  2.5821E-04 4.0217E-01 1.2922E-07   214
 1.0000E-03 3.0305E-01 8.3153E-02 8.3152E-02 1.0631E-06  2.5788E-04 4.0217E-01 1.2670E-07   214
 1.0000E-03 3.0408E-01 8.2723E-02 8.2722E-02 1.0425E-06  2.5747E-04 4.0217E-01 1.2425E-07   214
 1.0000E-03 3.0512E-01 8.2307E-02 8.2306E-02 1.0224E-06  2.5707E-04 4.0217E-01 1.2186E-07   214
 1.0000E-03 3.0616E-01 8.1905E-02 8.1904E-02 1.0027E-06  2.5650E-04 4.0217E-01 1.1952E-07   214
 1.0000E-03 3.0722E-01 8.1516E-02 8.1515E-02 9.8357E-07  2.5621E-04 4.0217E-01 1.1723E-07   214
 1.0000E-03 3.0828E-01 8.1144E-02 8.1143E-02 9.6499E-07  2.5575E-04 4.0217E-01 1.1502E-07   214
 1.0000E-03 3.0934E-01 8.0792E-02 8.0791E-02 9.4726E-07  2.5506E-04 4.0217E-01 1.1290E-07   214
 1.0000E-03 3.1042E-01 8.0448E-02 8.0447E-02 9.2987E-07  2.5471E-04 4.0217E-01 1.1083E-07   214
 1.0000E-03 3.1150E-01 8.0114E-02 8.0113E-02 9.1282E-07  2.5416E-04 4.0217E-01 1.0880E-07   214
 1.0000E-03 3.1259E-01 7.9789E-02 7.9788E-02 8.9611E-07  2.5336E-04 4.0217E-01 1.0681E-07   214
 1.0000E-03 3.1368E-01 7.9473E-02 7.9471E-02 8.7973E-07  2.5306E-04 4.0217E-01 1.0486E-07   214
 1.0000E-03 3.1479E-01 7.9166E-02 7.9165E-02 8.6367E-07  2.5248E-04 4.0217E-01 1.0294E-07   214
 1.0000E-03 3.1590E-01 7.8868E-02 7.8867E-02 8.4793E-07  2.5207E-04 4.0217E-01 1.0107E-07   214
 1.0000E-03 3.1702E-01 7.8579E-02 7.8578E-02 8.3251E-07  2.5132E-04 4.0217E-01 9.9228E-08   214
 1.0000E-03 3.1815E-01 7.8247E-02 7.8247E-02 8.1649E-07  2.5059E-04 4.0217E-01 9.7318E-08   214
 1.0000E-03 3.1929E-01 7.7922E-02 7.7921E-02 8.0068E-07  2.5000E-04 4.0217E-01 9.5434E-08   214
 1.0000E-03 3.2043E-01 7.7611E-02 7.7611E-02 7.8524E-07  2.4977E-04 4.0217E-01 9.3594E-08   214
 1.0000E-03 3.2158E-01 7.7316E-02 7.7315E-02 7.7017E-07  2.4923E-04 4.0217E-01 9.1799E-08   214
 1.0000E-03 3.2274E-01 7.7035E-02 7.7034E-02 7.5546E-07  2.4877E-04 4.0217E-01 9.0046E-08   214
 1.0000E-03 3.2391E-01 7.6769E-02 7.6768E-02 7.4112E-07  2.4787E-04 4.0217E-01 8.8335E-08   214
 1.0000E-03 3.2509E-01 7.6517E-02 7.6516E-02 7.2712E-07  2.4732E-04 4.0217E-01 8.6668E-08   214
 1.0000E-03 3.2628E-01 7.6279E-02 7.6278E-02 7.1347E-07  2.4658E-04 4.0217E-01 8.5040E-08   214
 1.0000E-03 3.2747E-01 7.6070E-02 7.6069E-02 6.9999E-07  2.4613E-04 4.0217E-01 8.3434E-08   214
 1.0000E-03 3.2868E-01 7.5896E-02 7.5896E-02 6.8726E-07  2.4513E-04 4.0217E-01 8.1918E-08   214
 1.0000E-03 3.2989E-01 7.5759E-02 7.5758E-02 6.7531E-07  2.4474E-04 4.0217E-01 8.0492E-08   214
 1.0000E-03 3.3111E-01 7.5658E-02 7.5658E-02 6.6411E-07  2.4386E-04 4.0217E-01 7.9158E-08   214
 1.0000E-03 3.3234E-01 7.5595E-02 7.5595E-02 6.5369E-07  2.4301E-04 4.0217E-01 7.7916E-08   214
 1.0000E-03 3.3358E-01 7.5570E-02 7.5569E-02 6.4403E-07  2.4237E-04 4.0217E-01 7.6765E-08   214
 1.0000E-03 3.3483E-01 7.5584E-02 7.5583E-02 6.3516E-07  2.4146E-04 4.0217E-01 7.5707E-08   214
 1.0000E-03 3.3609E-01 7.5676E-02 7.5675E-02 6.2771E-07  2.4067E-04 4.0217E-01 7.4819E-08   214
 1.0000E-03 3.3736E-01 7.5856E-02 7.5855E-02 6.2189E-07  2.3950E-04 4.0217E-01 7.4126E-08   214
 1.0000E-03 3.3864E-01 7.6087E-02 7.6086E-02 6.1711E-07  2.3908E-04 4.0217E-01 7.3556E-08   214
 1.0000E-03 3.3992E-01 7.6371E-02 7.6371E-02 6.1339E-07  2.3818E-04 4.0217E-01 7.3113E-08   214
 1.0000E-03 3.4122E-01 7.6711E-02 7.6711E-02 6.1075E-07  2.3704E-04 4.0217E-01 7.2799E-08   214
 1.0000E-03 3.4253E-01 7.7110E-02 7.7110E-02 6.0924E-07  2.3587E-04 4.0217E-01 7.2619E-08   214
 1.0000E-03 3.4385E-01 7.7572E-02 7.7571E-02 6.0890E-07  2.3506E-04 4.0217E-01 7.2579E-08   214
 1.0000E-03 3.4517E-01 7.8102E-02 7.8101E-02 6.0986E-07  2.3353E-04 4.0217E-01 7.2693E-08   214
 1.0000E-03 3.4651E-01 7.8690E-02 7.8690E-02 6.1201E-07  2.3256E-04 4.0217E-01 7.2950E-08   214
 1.0000E-03 3.4786E-01 7.9333E-02 7.9332E-02 6.1522E-07  2.3157E-04 4.0217E-01 7.3332E-08   214
 1.0000E-03 3.4922E-01 8.0033E-02 8.0033E-02 6.1952E-07  2.3026E-04 4.0217E-01 7.3845E-08   214
 1.0000E-03 3.5059E-01 8.0795E-02 8.0795E-02 6.2498E-07  2.2919E-04 4.0217E-01 7.4497E-08   214
 1.0000E-03 3.5197E-01 8.1624E-02 8.1623E-02 6.3167E-07  2.2790E-04 4.0217E-01 7.5293E-08   214
 1.0000E-03 3.5336E-01 8.2523E-02 8.2522E-02 6.3964E-07  2.2656E-04 4.0217E-01 7.6245E-08   214
 1.0000E-03 3.5476E-01 8.3484E-02 8.3484E-02 6.4879E-07  2.2537E-04 4.0217E-01 7.7335E-08   214
 1.0000E-03 3.5618E-01 8.4500E-02 8.4499E-02 6.5897E-07  2.2401E-04 4.0217E-01 7.8548E-08   214
 1.0000E-03 3.5760E-01 8.5576E-02 8.5575E-02 6.7027E-07  2.2297E-04 4.0217E-01 7.9896E-08   214
 1.0000E-03 3.5904E-01 8.6718E-02 8.6717E-02 6.8278E-07  2.2194E-04 4.0217E-01 8.1387E-08   214
 1.0000E-03 3.6048E-01 8.7931E-02 8.7930E-02 6.9658E-07  2.2055E-04 4.0217E-01 8.3032E-08   214
 1.0000E-03 3.6194E-01 8.9220E-02 8.9220E-02 7.1176E-07  2.1922E-04 4.0217E-01 8.4843E-08   214
 1.0000E-03 3.6341E-01 9.0587E-02 9.0586E-02 7.2834E-07  2.1820E-04 4.0217E-01 8.6819E-08   214
 1.0000E-03 3.6490E-01 9.2017E-02 9.2016E-02 7.4609E-07  2.1672E-04 4.0217E-01 8.8935E-08   214
 1.0000E-03 3.6639E-01 9.3519E-02 9.3518E-02 7.6517E-07  2.1566E-04 4.0217E-01 9.1209E-08   214
 1.0000E-03 3.6790E-01 9.5099E-02 9.5098E-02 7.8566E-07  2.1436E-04 4.0217E-01 9.3653E-08   214
 1.0000E-03 3.6942E-01 9.6762E-02 9.6762E-02 8.0770E-07  2.1305E-04 4.0217E-01 9.6280E-08   214
 1.0000E-03 3.7095E-01 9.8517E-02 9.8516E-02 8.3140E-07  2.1183E-04 4.0217E-01 9.9105E-08   214
 1.0000E-03 3.7250E-01 1.0037E-01 1.0036E-01 8.5681E-07  2.1073E-04 4.0217E-01 1.0213E-07   214
 1.0000E-03 3.7406E-01 1.0229E-01 1.0229E-01 8.8375E-07  2.0941E-04 4.0217E-01 1.0535E-07   214
 1.0000E-03 3.7563E-01 1.0432E-01 1.0432E-01 9.1252E-07  2.0817E-04 4.0217E-01 1.0878E-07   214
 1.0000E-03 3.7722E-01 1.0645E-01 1.0645E-01 9.4339E-07  2.3527E-04 4.0254E-01 1.1243E-07   184
 1.0000E-03 3.7881E-01 1.0868E-01 1.0868E-01 9.7619E-07  2.3395E-04 4.0254E-01 1.1634E-07   184
 1.0000E-03 3.8043E-01 1.1104E-01 1.1104E-01 1.0113E-06  2.3258E-04 4.0254E-01 1.2053E-07   184
 1.0000E-03 3.8205E-01 1.1351E-01 1.1351E-01 1.0486E-06  2.3143E-04 4.0254E-01 1.2498E-07   184
 1.0000E-03 3.8369E-01 1.1611E-01 1.1611E-01 1.0884E-06  2.2998E-04 4.0254E-01 1.2972E-07   184
 1.0000E-03 3.8534E-01 1.1884E-01 1.1884E-01 1.1310E-06  2.2868E-04 4.0254E-01 1.3479E-07   184
 1.0000E-03 3.8701E-01 1.2172E-01 1.2172E-01 1.1766E-06  2.2765E-04 4.0254E-01 1.4023E-07   184
 1.0000E-03 3.8870E-01 1.2476E-01 1.2476E-01 1.2255E-06  2.2640E-04 4.0254E-01 1.4606E-07   184
 1.0000E-03 3.9039E-01 1.2797E-01 1.2797E-01 1.2780E-06  2.2537E-04 4.0254E-01 1.5232E-07   184
 1.0000E-03 3.9211E-01 1.3135E-01 1.3135E-01 1.3343E-06  2.2389E-04 4.0254E-01 1.5902E-07   184
 1.0000E-03 3.9383E-01 1.3493E-01 1.3493E-01 1.3949E-06  2.2269E-04 4.0254E-01 1.6625E-07   184
 1.0000E-03 3.9558E-01 1.3873E-01 1.3873E-01 1.4604E-06  2.2133E-04 4.0254E-01 1.7406E-07   184
 1.0000E-03 3.9733E-01 1.4275E-01 1.4275E-01 1.5312E-06  2.2034E-04 4.0254E-01 1.8249E-07   184
 1.0000E-03 3.9911E-01 1.4701E-01 1.4701E-01 1.6076E-06  2.1911E-04 4.0254E-01 1.9159E-07   184
 1.0000E-03 4.0090E-01 1.5154E-01 1.5154E-01 1.6904E-06  2.1776E-04 4.0254E-01 2.0147E-07   184
 1.0000E-03 4.0270E-01 1.5634E-01 1.5634E-01 1.7803E-06  2.1660E-04 4.0254E-01 2.1219E-07   184
 1.0000E-03 4.0452E-01 1.6143E-01 1.6143E-01 1.8778E-06  2.1518E-04 4.0254E-01 2.2380E-07   184
 1.0000E-03 4.0636E-01 1.6680E-01 1.6680E-01 1.9831E-06  2.1382E-04 4.0254E-01 2.3636E-07   184
 1.0000E-03 4.0822E-01 1.7246E-01 1.7245E-01 2.0968E-06  2.1306E-04 4.0254E-01 2.4992E-07   184
 1.0000E-03 4.1009E-01 1.7841E-01 1.7841E-01 2.2201E-06  2.1133E-04 4.0254E-01 2.6461E-07   184
 1.0000E-03 4.1198E-01 1.8462E-01 1.8462E-01 2.3526E-06  2.1042E-04 4.0254E-01 2.8040E-07   184
 1.0000E-03 4.1389E-01 1.9103E-01 1.9103E-01 2.4941E-06  2.0919E-04 4.0254E-01 2.9726E-07   184
 1.0000E-03 4.1581E-01 1.9758E-01 1.9758E-01 2.6441E-06  2.0808E-04 4.0253E-01 3.1514E-07   184
 1.0000E-03 4.1776E-01 2.0419E-01 2.0418E-01 2.8020E-06  2.0692E-04 4.0253E-01 3.3396E-07   184
 1.0000E-03 4.1972E-01 2.1074E-01 2.1073E-01 2.9666E-06  2.0553E-04 4.0254E-01 3.5359E-07   184
 1.0000E-03 4.2170E-01 2.1704E-01 2.1703E-01 3.1348E-06  2.0429E-04 4.0254E-01 3.7364E-07   184
 1.0000E-03 4.2370E-01 2.2291E-01 2.2291E-01 3.3040E-06  2.0351E-04 4.0254E-01 3.9380E-07   184
 1.0000E-03 4.2571E-01 2.2817E-01 2.2817E-01 3.4711E-06  2.0236E-04 4.0254E-01 4.1372E-07   184
 1.0000E-03 4.2775E-01 2.3256E-01 2.3256E-01 3.6317E-06  2.0092E-04 4.0254E-01 4.3286E-07   184
 1.0000E-03 4.2981E-01 2.3581E-01 2.3581E-01 3.7799E-06  1.9994E-04 4.0254E-01 4.5052E-07   184
 1.0000E-03 4.3188E-01 2.3769E-01 2.3769E-01 3.9108E-06  1.9904E-04 4.0254E-01 4.6613E-07   184
 1.0000E-03 4.3398E-01 2.3799E-01 2.3799E-01 4.0194E-06  1.9825E-04 4.0253E-01 4.7907E-07   184
 1.0000E-03 4.3610E-01 2.3651E-01 2.3650E-01 4.1001E-06  1.9712E-04 4.0254E-01 4.8869E-07   184
 1.0000E-03 4.3824E-01 2.3306E-01 2.3306E-01 4.1457E-06  1.9635E-04 4.0254E-01 4.9413E-07   184
 1.0000E-03 4.4039E-01 2.2770E-01 2.2769E-01 4.1546E-06  1.9548E-04 4.0253E-01 4.9519E-07   184
 1.0000E-03 4.4257E-01 2.2048E-01 2.2047E-01 4.1246E-06  1.9456E-04 4.0253E-01 4.9162E-07   184
 1.0000E-03 4.4478E-01 2.1157E-01 2.1157E-01 4.0554E-06  1.9356E-04 4.0254E-01 4.8337E-07   184
 1.0000E-03 4.4700E-01 2.0132E-01 2.0131E-01 3.9493E-06  1.9294E-04 4.0254E-01 4.7073E-07   184
 1.0000E-03 4.4925E-01 1.9012E-01 1.9012E-01 3.8126E-06  1.9208E-04 4.0254E-01 4.5443E-07   184
 1.0000E-03 4.5152E-01 1.7838E-01 1.7838E-01 3.6513E-06  1.9130E-04 4.0254E-01 4.3520E-07   184
 1.0000E-03 4.5381E-01 1.6648E-01 1.6648E-01 3.4722E-06  1.9050E-04 4.0254E-01 4.1386E-07   184
 1.0000E-03 4.5612E-01 1.5481E-01 1.5481E-01 3.2835E-06  1.8990E-04 4.0253E-01 3.9137E-07   184
 1.0000E-03 4.5846E-01 1.4364E-01 1.4364E-01 3.0923E-06  1.8909E-04 4.0254E-01 3.6858E-07   184
 1.0000E-03 4.6082E-01 1.3315E-01 1.3315E-01 2.9036E-06  1.8851E-04 4.0253E-01 3.4609E-07   184
 1.0000E-03 4.6321E-01 1.2344E-01 1.2344E-01 2.7212E-06  1.8762E-04 4.0253E-01 3.2434E-07   184
 1.0000E-03 4.6563E-01 1.1457E-01 1.1456E-01 2.5485E-06  1.8716E-04 4.0254E-01 3.0376E-07   184
 1.0000E-03 4.6806E-01 1.0650E-01 1.0649E-01 2.3868E-06  1.8628E-04 4.0253E-01 2.8449E-07   184
 1.0000E-03 4.7053E-01 9.9189E-02 9.9186E-02 2.2368E-06  1.8589E-04 4.0253E-01 2.6661E-07   184
 1.0000E-03 4.7302E-01 9.2585E-02 9.2583E-02 2.0983E-06  1.8488E-04 4.0253E-01 2.5011E-07   184
 1.0000E-03 4.7553E-01 8.6597E-02 8.6595E-02 1.9713E-06  1.8452E-04 4.0253E-01 2.3496E-07   184
 1.0000E-03 4.7807E-01 8.1150E-02 8.1148E-02 1.8546E-06  1.8365E-04 4.0253E-01 2.2105E-07   184
 1.0000E-03 4.8065E-01 7.6180E-02 7.6178E-02 1.7475E-06  1.8316E-04 4.0254E-01 2.0829E-07   184
 1.0000E-03 4.8324E-01 7.1617E-02 7.1615E-02 1.6492E-06  1.8266E-04 4.0253E-01 1.9658E-07   184
 1.0000E-03 4.8587E-01 6.7396E-02 6.7394E-02 1.5588E-06  1.8210E-04 4.0253E-01 1.8580E-07   184
 1.0000E-03 4.8852E-01 6.3467E-02 6.3466E-02 1.4754E-06  1.8186E-04 4.0253E-01 1.7586E-07   184
 1.0000E-03 4.9121E-01 5.9780E-02 5.9779E-02 1.3982E-06  1.8121E-04 4.0253E-01 1.6666E-07   184
 1.0000E-03 4.9392E-01 5.6283E-02 5.6282E-02 1.3265E-06  1.8059E-04 4.0254E-01 1.5811E-07   184
 1.0000E-03 4.9667E-01 5.2940E-02 5.2939E-02 1.2594E-06  1.8006E-04 4.0253E-01 1.5011E-07   184
 1.0000E-03 4.9944E-01 4.9717E-02 4.9716E-02 1.1961E-06  1.7947E-04 4.0253E-01 1.4257E-07   184
 1.0000E-03 5.0225E-01 4.6589E-02 4.6588E-02 1.1360E-06  1.7880E-04 4.0253E-01 1.3540E-07   184
 1.0000E-03 5.0508E-01 4.3556E-02 4.3554E-02 1.0783E-06  1.7866E-04 4.0253E-01 1.2853E-07   184
 1.0000E-03 5.0795E-01 4.0623E-02 4.0621E-02 1.0227E-06  1.7811E-04 4.0253E-01 1.2190E-07   184
 1.0000E-03 5.1086E-01 3.7812E-02 3.7811E-02 9.6875E-07  1.7745E-04 4.0253E-01 1.1547E-07   184
 1.0000E-03 5.1379E-01 3.5156E-02 3.5156E-02 9.1656E-07  1.7661E-04 4.0253E-01 1.0925E-07   184
 1.0000E-03 5.1676E-01 3.2682E-02 3.2681E-02 8.6618E-07  1.7618E-04 4.0253E-01 1.0324E-07   184
 1.0000E-03 5.1977E-01 3.0415E-02 3.0414E-02 8.1781E-07  1.7531E-04 4.0253E-01 9.7479E-08   184
 1.0000E-03 5.2281E-01 2.8368E-02 2.8368E-02 7.7174E-07  1.7495E-04 4.0253E-01 9.1989E-08   184
 1.0000E-03 5.2588E-01 2.6545E-02 2.6544E-02 7.2817E-07  1.7425E-04 4.0253E-01 8.6795E-08   184
 1.0000E-03 5.2899E-01 2.4938E-02 2.4937E-02 6.8725E-07  1.7341E-04 4.0253E-01 8.1917E-08   184
 1.0000E-03 5.3214E-01 2.3528E-02 2.3528E-02 6.4908E-07  1.7276E-04 4.0253E-01 7.7368E-08   184
 1.0000E-03 5.3533E-01 2.2292E-02 2.2291E-02 6.1361E-07  1.7211E-04 4.0253E-01 7.3140E-08   184
 1.0000E-03 5.3855E-01 2.1200E-02 2.1200E-02 5.8075E-07  1.7131E-04 4.0253E-01 6.9224E-08   184
 1.0000E-03 5.4182E-01 2.0225E-02 2.0224E-02 5.5030E-07  1.7070E-04 4.0253E-01 6.5594E-08   184
 1.0000E-03 5.4512E-01 1.9340E-02 1.9340E-02 5.2202E-07  1.7011E-04 4.0253E-01 6.2223E-08   184
 1.0000E-03 5.4847E-01 1.8529E-02 1.8528E-02 4.9563E-07  1.6921E-04 4.0253E-01 5.9077E-08   184
 1.0000E-03 5.5185E-01 1.7783E-02 1.7782E-02 4.7091E-07  1.6849E-04 4.0253E-01 5.6131E-08   184
 1.0000E-03 5.5528E-01 1.7095E-02 1.7095E-02 4.4771E-07  1.6773E-04 4.0253E-01 5.3365E-08   184
 1.0000E-03 5.5875E-01 1.6464E-02 1.6463E-02 4.2583E-07  1.6709E-04 4.0253E-01 5.0758E-08   184
 1.0000E-03 5.6226E-01 1.5892E-02 1.5892E-02 4.0517E-07  1.6631E-04 4.0253E-01 4.8296E-08   184
 1.0000E-03 5.6582E-01 1.5384E-02 1.5383E-02 3.8567E-07  1.6554E-04 4.0253E-01 4.5971E-08   184
 1.0000E-03 5.6943E-01 1.4944E-02 1.4944E-02 3.6728E-07  1.6496E-04 4.0253E-01 4.3779E-08   184
 1.0000E-03 5.7308E-01 1.4573E-02 1.4573E-02 3.4999E-07  1.6398E-04 4.0253E-01 4.1719E-08   184
 1.0000E-03 5.7677E-01 1.4271E-02 1.4271E-02 3.3382E-07  1.6337E-04 4.0253E-01 3.9791E-08   184
 1.0000E-03 5.8052E-01 1.4031E-02 1.4031E-02 3.1872E-07  1.6272E-04 4.0253E-01 3.7991E-08   184
 1.0000E-03 5.8431E-01 1.3849E-02 1.3849E-02 3.0466E-07  1.6228E-04 4.0253E-01 3.6315E-08   184
 1.0000E-03 5.8816E-01 1.3723E-02 1.3723E-02 2.9160E-07  1.6163E-04 4.0253E-01 3.4759E-08   184
 1.0000E-03 5.9205E-01 1.3655E-02 1.3655E-02 2.7958E-07  1.6085E-04 4.0253E-01 3.3326E-08   184
 1.0000E-03 5.9600E-01 1.3640E-02 1.3640E-02 2.6865E-07  1.6031E-04 4.0253E-01 3.2023E-08   184
 1.0000E-03 6.0000E-01 1.3652E-02 1.3652E-02 2.5890E-07  1.5969E-04 4.0253E-01 3.0860E-08   184
