 DDSCAT --- DDSCAT 7.3.3 [22.01.20]   
 TARGET --->TARGSPHER  spherical target with explicit spacing                 
 GPFAFT --- method of solution 
 FLTRCD --- prescription for polarizabilities
 FROM_FILE --- shape 
    4169 = NAT0 = number of dipoles
 ../../diel/Pena-Rioux_dielectric_26Au_74Ag                  
 ../../diel/Pena-Rioux_dielectric_34Au_66Ag                  
 ../../diel/Pena-Rioux_dielectric_92Au_8Ag                   
 ../../diel/Au_evap                                          
   0.000   0.000 = beta_min, beta_max ;  NBETA = 1
   0.000   0.000 = theta_min, theta_max; NTHETA= 1
   0.000   0.000 = phi_min, phi_max   ;   NPHI = 1
 Results averaged over    1 target orientations
                   and  2 incident polarizations
   aeff       wave       Q_pha       Q_pol       Q_cpol
 1.0000E-03 3.0000E-01  1.8584E-02 -7.4506E-09  1.4901E-08
 1.0000E-03 3.0101E-01  1.8350E-02 -3.7253E-08 -2.7940E-08
 1.0000E-03 3.0203E-01  1.8106E-02  1.3411E-07  5.7742E-08
 1.0000E-03 3.0305E-01  1.7856E-02  3.7253E-08 -1.8626E-08
 1.0000E-03 3.0408E-01  1.7598E-02 -2.0117E-07  5.5879E-09
 1.0000E-03 3.0512E-01  1.7334E-02 -1.6391E-07 -5.2154E-08
 1.0000E-03 3.0616E-01  1.7062E-02  3.0547E-07  4.8429E-08
 1.0000E-03 3.0722E-01  1.6783E-02 -1.3411E-07 -1.3039E-08
 1.0000E-03 3.0828E-01  1.6500E-02  3.7253E-08  3.1665E-08
 1.0000E-03 3.0934E-01  1.6224E-02 -1.3411E-07 -3.3528E-08
 1.0000E-03 3.1042E-01  1.5942E-02  2.2352E-08  1.6764E-08
 1.0000E-03 3.1150E-01  1.5657E-02 -1.2666E-07 -3.7253E-09
 1.0000E-03 3.1259E-01  1.5367E-02  9.6858E-08  0.0000E+00
 1.0000E-03 3.1368E-01  1.5069E-02 -4.4703E-08 -1.4901E-08
 1.0000E-03 3.1479E-01  1.4764E-02  8.9407E-08 -9.3132E-09
 1.0000E-03 3.1590E-01  1.4451E-02 -3.9488E-07 -1.9558E-08
 1.0000E-03 3.1702E-01  1.4130E-02  1.4156E-07  0.0000E+00
 1.0000E-03 3.1815E-01  1.3802E-02  5.2154E-08  1.8626E-09
 1.0000E-03 3.1929E-01  1.3463E-02  0.0000E+00  4.6566E-09
 1.0000E-03 3.2043E-01  1.3113E-02  1.0431E-07 -2.4214E-08
 1.0000E-03 3.2158E-01  1.2743E-02  8.9407E-08  8.3819E-09
 1.0000E-03 3.2274E-01  1.2361E-02  3.7253E-08  6.5193E-09
 1.0000E-03 3.2391E-01  1.1967E-02  8.9407E-08  1.8626E-08
 1.0000E-03 3.2509E-01  1.1558E-02 -1.0431E-07  2.3283E-08
 1.0000E-03 3.2628E-01  1.1136E-02 -2.5332E-07  1.5832E-08
 1.0000E-03 3.2747E-01  1.0667E-02  2.2352E-08 -1.2107E-08
 1.0000E-03 3.2868E-01  1.0184E-02  9.6858E-08 -3.7253E-09
 1.0000E-03 3.2989E-01  9.6894E-03 -1.9372E-07 -5.9605E-08
 1.0000E-03 3.3111E-01  9.1817E-03 -2.0862E-07  4.6566E-09
 1.0000E-03 3.3234E-01  8.6635E-03  1.1921E-07  3.5390E-08
 1.0000E-03 3.3358E-01  8.1325E-03  7.4506E-09 -1.9558E-08
 1.0000E-03 3.3483E-01  7.5862E-03 -5.2154E-08 -4.6566E-09
 1.0000E-03 3.3609E-01  7.0288E-03 -6.7055E-08  3.2596E-09
 1.0000E-03 3.3736E-01  6.4698E-03 -3.7253E-08 -4.1910E-09
 1.0000E-03 3.3864E-01  5.9057E-03  1.7136E-07 -9.3132E-10
 1.0000E-03 3.3992E-01  5.3357E-03  1.5646E-07 -1.8626E-09
 1.0000E-03 3.4122E-01  4.7591E-03  9.6858E-08  0.0000E+00
 1.0000E-03 3.4253E-01  4.1747E-03 -1.4901E-07 -4.6566E-09
 1.0000E-03 3.4385E-01  3.5810E-03  2.2352E-08 -9.0804E-09
 1.0000E-03 3.4517E-01  2.9872E-03 -2.9802E-08 -9.3132E-10
 1.0000E-03 3.4651E-01  2.4027E-03 -7.4506E-09  0.0000E+00
 1.0000E-03 3.4786E-01  1.8157E-03  9.6858E-08  3.3760E-09
 1.0000E-03 3.4922E-01  1.2254E-03  0.0000E+00 -2.0955E-09
 1.0000E-03 3.5059E-01  6.3147E-04  2.2352E-08 -8.7311E-10
 1.0000E-03 3.5197E-01  3.3258E-05 -5.2154E-08  5.0459E-09
 1.0000E-03 3.5336E-01 -5.6988E-04  7.4506E-09  1.3388E-09
 1.0000E-03 3.5476E-01 -1.1742E-03  7.4506E-09  1.3970E-09
 1.0000E-03 3.5618E-01 -1.7815E-03 -2.2352E-08 -7.2177E-09
 1.0000E-03 3.5760E-01 -2.3943E-03 -7.4506E-09  1.8626E-09
 1.0000E-03 3.5904E-01 -3.0132E-03  3.7253E-08 -5.5879E-09
 1.0000E-03 3.6048E-01 -3.6384E-03  5.9605E-08  1.1642E-09
 1.0000E-03 3.6194E-01 -4.2707E-03  2.9802E-08  0.0000E+00
 1.0000E-03 3.6341E-01 -4.9123E-03  2.9802E-08 -9.3132E-10
 1.0000E-03 3.6490E-01 -5.5657E-03 -5.2154E-08  3.2596E-09
 1.0000E-03 3.6639E-01 -6.2261E-03  4.4703E-08 -6.9849E-09
 1.0000E-03 3.6790E-01 -6.8942E-03 -2.2352E-08  8.8476E-09
 1.0000E-03 3.6942E-01 -7.5693E-03  5.9605E-08 -2.7940E-09
 1.0000E-03 3.7095E-01 -8.2528E-03  1.4901E-08  3.0734E-08
 1.0000E-03 3.7250E-01 -8.9446E-03  0.0000E+00  4.6566E-09
 1.0000E-03 3.7406E-01 -9.6420E-03 -2.9802E-08 -9.3132E-09
 1.0000E-03 3.7563E-01 -1.0342E-02  1.4156E-07  1.3970E-08
 1.0000E-03 3.7722E-01 -1.1042E-02 -2.4587E-07 -8.3819E-09
 1.0000E-03 3.7881E-01 -1.1742E-02 -3.5763E-07 -4.6566E-09
 1.0000E-03 3.8043E-01 -1.2438E-02 -8.9407E-08  2.4214E-08
 1.0000E-03 3.8205E-01 -1.3120E-02 -1.1176E-07  1.2107E-08
 1.0000E-03 3.8369E-01 -1.3785E-02 -1.0431E-07  1.7695E-08
 1.0000E-03 3.8534E-01 -1.4427E-02 -1.3411E-07  3.0734E-08
 1.0000E-03 3.8701E-01 -1.5038E-02  5.9605E-08  1.6764E-08
 1.0000E-03 3.8870E-01 -1.5609E-02 -4.4703E-08  9.1270E-08
 1.0000E-03 3.9039E-01 -1.6126E-02  7.3016E-07  5.4017E-08
 1.0000E-03 3.9211E-01 -1.6569E-02  1.3411E-07 -6.5006E-07
 1.0000E-03 3.9383E-01 -1.6929E-02  3.5763E-07  7.2643E-08
 1.0000E-03 3.9558E-01 -1.7182E-02 -5.9605E-08  5.9605E-08
 1.0000E-03 3.9733E-01 -1.7302E-02  7.3016E-07  5.9605E-08
 1.0000E-03 3.9911E-01 -1.7252E-02  1.9372E-07 -1.0617E-07
 1.0000E-03 4.0090E-01 -1.6999E-02 -8.9407E-08 -2.7940E-08
 1.0000E-03 4.0270E-01 -1.6503E-02 -4.1723E-07  4.8429E-08
 1.0000E-03 4.0452E-01 -1.5714E-02 -1.3411E-07 -6.1467E-08
 1.0000E-03 4.0636E-01 -1.4567E-02  1.7881E-07 -2.5146E-08
 1.0000E-03 4.0822E-01 -1.2990E-02  4.9174E-07  2.3190E-07
 1.0000E-03 4.1009E-01 -1.0916E-02 -4.4703E-08 -3.7253E-08
 1.0000E-03 4.1198E-01 -8.2711E-03  1.9372E-07  5.9605E-08
 1.0000E-03 4.1389E-01 -4.9703E-03 -1.0431E-07  2.4866E-07
 1.0000E-03 4.1581E-01 -9.3050E-04 -7.0035E-07  1.9360E-07
 1.0000E-03 4.1776E-01  3.9266E-03 -2.9802E-07 -5.6811E-08
 1.0000E-03 4.1972E-01  9.6431E-03  2.3842E-07  1.9651E-07
 1.0000E-03 4.2170E-01  1.6233E-02  4.7684E-07 -1.4901E-08
 1.0000E-03 4.2370E-01  2.3676E-02 -3.8743E-07 -1.6391E-07
 1.0000E-03 4.2571E-01  3.1892E-02  2.9802E-08 -7.4506E-09
 1.0000E-03 4.2775E-01  4.0724E-02 -4.4703E-07  2.2352E-07
 1.0000E-03 4.2981E-01  4.9918E-02  4.4703E-07 -2.4959E-07
 1.0000E-03 4.3188E-01  5.9156E-02  5.9605E-08 -1.1176E-08
 1.0000E-03 4.3398E-01  6.8087E-02 -2.9802E-07 -2.9802E-08
 1.0000E-03 4.3610E-01  7.6352E-02  2.3842E-07 -8.1956E-08
 1.0000E-03 4.3824E-01  8.3609E-02  1.7881E-07  9.6858E-08
 1.0000E-03 4.4039E-01  8.9650E-02  6.2585E-07  1.4901E-08
 1.0000E-03 4.4257E-01  9.4356E-02  4.6194E-07 -3.5763E-07
 1.0000E-03 4.4478E-01  9.7719E-02 -2.0862E-07 -2.9802E-08
 1.0000E-03 4.4700E-01  9.9832E-02 -2.2352E-07  1.9372E-07
 1.0000E-03 4.4925E-01  1.0087E-01  2.9802E-08  7.4506E-09
 1.0000E-03 4.5152E-01  1.0102E-01 -1.7881E-07  7.4506E-08
 1.0000E-03 4.5381E-01  1.0046E-01 -1.4901E-08  5.5879E-07
 1.0000E-03 4.5612E-01  9.9373E-02 -1.3411E-07  3.7253E-08
 1.0000E-03 4.5846E-01  9.7914E-02  4.2468E-07  4.6194E-07
 1.0000E-03 4.6082E-01  9.6195E-02 -9.6112E-07  1.0058E-06
 1.0000E-03 4.6321E-01  9.4308E-02  4.8429E-07 -5.2899E-07
 1.0000E-03 4.6563E-01  9.2330E-02 -2.9802E-08  1.1921E-07
 1.0000E-03 4.6806E-01  9.0310E-02  8.1956E-08 -2.9802E-08
 1.0000E-03 4.7053E-01  8.8286E-02  4.8429E-07 -8.1956E-08
 1.0000E-03 4.7302E-01  8.6268E-02 -9.9838E-07  3.2037E-07
 1.0000E-03 4.7553E-01  8.4292E-02 -5.4389E-07 -1.8626E-07
 1.0000E-03 4.7807E-01  8.2379E-02 -5.5879E-07  8.9407E-08
 1.0000E-03 4.8065E-01  8.0539E-02  1.8626E-07  1.2666E-07
 1.0000E-03 4.8324E-01  7.8778E-02 -3.2783E-07 -2.2352E-08
 1.0000E-03 4.8587E-01  7.7099E-02  3.7625E-07 -1.4156E-07
 1.0000E-03 4.8852E-01  7.5507E-02  1.6019E-07 -1.7136E-07
 1.0000E-03 4.9121E-01  7.4005E-02  1.1548E-07  2.9802E-07
 1.0000E-03 4.9392E-01  7.2593E-02 -2.2352E-08 -3.7253E-08
 1.0000E-03 4.9667E-01  7.1289E-02  5.2154E-08 -5.9605E-08
 1.0000E-03 4.9944E-01  7.0119E-02  4.8429E-08  1.9372E-07
 1.0000E-03 5.0225E-01  6.9039E-02 -3.7253E-08  4.4703E-08
 1.0000E-03 5.0508E-01  6.8044E-02 -4.0978E-08 -1.4901E-08
 1.0000E-03 5.0795E-01  6.7127E-02  5.2154E-08  4.4703E-08
 1.0000E-03 5.1086E-01  6.6282E-02  3.3900E-07 -1.4901E-08
 1.0000E-03 5.1379E-01  6.5501E-02  1.0431E-07  2.0117E-07
 1.0000E-03 5.1676E-01  6.4777E-02  1.7509E-07 -2.9802E-08
 1.0000E-03 5.1977E-01  6.4101E-02  2.9057E-07  1.3411E-07
 1.0000E-03 5.2281E-01  6.3388E-02  1.3784E-07 -1.1921E-07
 1.0000E-03 5.2588E-01  6.2615E-02  4.4703E-08  2.3842E-07
 1.0000E-03 5.2899E-01  6.1807E-02  7.0781E-08  7.8231E-08
 1.0000E-03 5.3214E-01  6.0958E-02  2.4214E-08  0.0000E+00
 1.0000E-03 5.3533E-01  6.0067E-02  1.5087E-07 -1.1176E-08
 1.0000E-03 5.3855E-01  5.9140E-02 -5.5879E-09 -2.2352E-08
 1.0000E-03 5.4182E-01  5.8187E-02 -1.9185E-07  2.3842E-07
 1.0000E-03 5.4512E-01  5.7223E-02  3.2783E-07 -3.1665E-07
 1.0000E-03 5.4847E-01  5.6262E-02  1.1362E-07 -2.3469E-07
 1.0000E-03 5.5185E-01  5.5334E-02  4.7870E-07  2.4214E-07
 1.0000E-03 5.5528E-01  5.4429E-02 -2.4959E-07  1.3784E-07
 1.0000E-03 5.5875E-01  5.3543E-02  4.2096E-07 -2.6077E-08
 1.0000E-03 5.6226E-01  5.2673E-02 -1.6950E-07 -1.4529E-07
 1.0000E-03 5.6582E-01  5.1816E-02 -2.9616E-07  3.0920E-07
 1.0000E-03 5.6943E-01  5.0966E-02  8.4005E-07 -1.8626E-07
 1.0000E-03 5.7308E-01  5.0120E-02 -1.4622E-07  1.0058E-07
 1.0000E-03 5.7677E-01  4.9275E-02  3.6322E-07 -7.4506E-08
 1.0000E-03 5.8052E-01  4.8432E-02 -7.5437E-08 -3.3528E-08
 1.0000E-03 5.8431E-01  4.7591E-02  1.2107E-08  1.2666E-07
 1.0000E-03 5.8816E-01  4.6768E-02  1.0058E-07 -7.4506E-08
 1.0000E-03 5.9205E-01  4.5978E-02  1.3970E-07 -3.3528E-08
 1.0000E-03 5.9600E-01  4.5229E-02  2.3749E-07  7.4506E-09
 1.0000E-03 6.0000E-01  4.4532E-02  1.5832E-07 -1.8626E-08
