 DDSCAT --- DDSCAT 7.3.3 [22.01.20]   
 TARGET --->TARGSPHER  spherical target with explicit spacing                 
 GPFAFT --- method of solution 
 FLTRCD --- prescription for polarizabilities
 FROM_FILE --- shape 
    4169 = NAT0 = number of dipoles
 ../../diel/Pena-Rioux_dielectric_26Au_74Ag                  
 ../../diel/Pena-Rioux_dielectric_52Au_48Ag                  
 ../../diel/Pena-Rioux_dielectric_85Au_15Ag                  
   0.000   0.000 = beta_min, beta_max ;  NBETA = 1
   0.000   0.000 = theta_min, theta_max; NTHETA= 1
   0.000   0.000 = phi_min, phi_max   ;   NPHI = 1
 0.5000 = ETASCA (param. controlling # of scatt. dirs used to calculate <cos> etc.
 Results averaged over    1 target orientations
                   and  2 incident polarizations
   aeff       wave       Q_ext     Q_abs      Q_sca     g(1)=<cos>  <cos^2>    Q_bk       Nsca
 8.0000E-02 3.0000E-01 2.8028E+00 1.5495E+00 1.2533E+00  6.4483E-01 6.1523E-01 2.9219E-02   656
 8.0000E-02 3.0101E-01 2.7999E+00 1.5512E+00 1.2488E+00  6.4432E-01 6.1409E-01 2.9160E-02   656
 8.0000E-02 3.0203E-01 2.7970E+00 1.5528E+00 1.2442E+00  6.4381E-01 6.1294E-01 2.9080E-02   656
 8.0000E-02 3.0305E-01 2.7938E+00 1.5544E+00 1.2394E+00  6.4332E-01 6.1178E-01 2.8978E-02   656
 8.0000E-02 3.0408E-01 2.7906E+00 1.5560E+00 1.2346E+00  6.4284E-01 6.1061E-01 2.8854E-02   656
 8.0000E-02 3.0512E-01 2.7872E+00 1.5576E+00 1.2297E+00  6.4236E-01 6.0943E-01 2.8708E-02   656
 8.0000E-02 3.0616E-01 2.7837E+00 1.5592E+00 1.2246E+00  6.4190E-01 6.0824E-01 2.8541E-02   656
 8.0000E-02 3.0722E-01 2.7801E+00 1.5607E+00 1.2194E+00  6.4145E-01 6.0705E-01 2.8352E-02   656
 8.0000E-02 3.0828E-01 2.7764E+00 1.5622E+00 1.2142E+00  6.4100E-01 6.0584E-01 2.8145E-02   656
 8.0000E-02 3.0934E-01 2.7729E+00 1.5637E+00 1.2092E+00  6.4053E-01 6.0461E-01 2.7929E-02   656
 8.0000E-02 3.1042E-01 2.7692E+00 1.5652E+00 1.2040E+00  6.4007E-01 6.0338E-01 2.7694E-02   656
 8.0000E-02 3.1150E-01 2.7654E+00 1.5667E+00 1.1987E+00  6.3962E-01 6.0214E-01 2.7439E-02   656
 8.0000E-02 3.1259E-01 2.7615E+00 1.5682E+00 1.1934E+00  6.3917E-01 6.0088E-01 2.7165E-02   656
 8.0000E-02 3.1368E-01 2.7575E+00 1.5696E+00 1.1879E+00  6.3872E-01 5.9962E-01 2.6873E-02   656
 8.0000E-02 3.1479E-01 2.7533E+00 1.5710E+00 1.1824E+00  6.3829E-01 5.9835E-01 2.6564E-02   656
 8.0000E-02 3.1590E-01 2.7490E+00 1.5723E+00 1.1767E+00  6.3785E-01 5.9706E-01 2.6237E-02   656
 8.0000E-02 3.1702E-01 2.7446E+00 1.5736E+00 1.1710E+00  6.3741E-01 5.9577E-01 2.5893E-02   656
 8.0000E-02 3.1815E-01 2.7399E+00 1.5749E+00 1.1650E+00  6.3699E-01 5.9447E-01 2.5528E-02   656
 8.0000E-02 3.1929E-01 2.7350E+00 1.5762E+00 1.1588E+00  6.3658E-01 5.9317E-01 2.5145E-02   656
 8.0000E-02 3.2043E-01 2.7299E+00 1.5774E+00 1.1525E+00  6.3616E-01 5.9185E-01 2.4746E-02   656
 8.0000E-02 3.2158E-01 2.7246E+00 1.5785E+00 1.1461E+00  6.3576E-01 5.9053E-01 2.4331E-02   657
 8.0000E-02 3.2274E-01 2.7190E+00 1.5795E+00 1.1395E+00  6.3535E-01 5.8919E-01 2.3901E-02   657
 8.0000E-02 3.2391E-01 2.7133E+00 1.5805E+00 1.1328E+00  6.3502E-01 5.8796E-01 2.3458E-02   602
 8.0000E-02 3.2509E-01 2.7073E+00 1.5814E+00 1.1259E+00  6.3461E-01 5.8661E-01 2.3002E-02   602
 8.0000E-02 3.2628E-01 2.7011E+00 1.5822E+00 1.1189E+00  6.3419E-01 5.8526E-01 2.2534E-02   602
 8.0000E-02 3.2747E-01 2.6940E+00 1.5828E+00 1.1112E+00  6.3383E-01 5.8391E-01 2.2033E-02   602
 8.0000E-02 3.2868E-01 2.6869E+00 1.5833E+00 1.1036E+00  6.3344E-01 5.8255E-01 2.1530E-02   602
 8.0000E-02 3.2989E-01 2.6797E+00 1.5837E+00 1.0960E+00  6.3302E-01 5.8117E-01 2.1026E-02   602
 8.0000E-02 3.3111E-01 2.6724E+00 1.5839E+00 1.0885E+00  6.3256E-01 5.7978E-01 2.0523E-02   602
 8.0000E-02 3.3234E-01 2.6651E+00 1.5840E+00 1.0811E+00  6.3208E-01 5.7836E-01 2.0023E-02   603
 8.0000E-02 3.3358E-01 2.6578E+00 1.5840E+00 1.0738E+00  6.3154E-01 5.7694E-01 1.9528E-02   603
 8.0000E-02 3.3483E-01 2.6504E+00 1.5838E+00 1.0666E+00  6.3096E-01 5.7548E-01 1.9034E-02   603
 8.0000E-02 3.3609E-01 2.6433E+00 1.5835E+00 1.0598E+00  6.3029E-01 5.7399E-01 1.8558E-02   603
 8.0000E-02 3.3736E-01 2.6367E+00 1.5830E+00 1.0537E+00  6.2951E-01 5.7247E-01 1.8107E-02   604
 8.0000E-02 3.3864E-01 2.6305E+00 1.5824E+00 1.0481E+00  6.2863E-01 5.7090E-01 1.7676E-02   604
 8.0000E-02 3.3992E-01 2.6248E+00 1.5818E+00 1.0430E+00  6.2765E-01 5.6930E-01 1.7266E-02   604
 8.0000E-02 3.4122E-01 2.6195E+00 1.5810E+00 1.0385E+00  6.2655E-01 5.6766E-01 1.6878E-02   604
 8.0000E-02 3.4253E-01 2.6147E+00 1.5801E+00 1.0347E+00  6.2533E-01 5.6599E-01 1.6514E-02   604
 8.0000E-02 3.4385E-01 2.6105E+00 1.5791E+00 1.0314E+00  6.2399E-01 5.6427E-01 1.6174E-02   604
 8.0000E-02 3.4517E-01 2.6070E+00 1.5780E+00 1.0290E+00  6.2249E-01 5.6251E-01 1.5866E-02   604
 8.0000E-02 3.4651E-01 2.6044E+00 1.5769E+00 1.0275E+00  6.2083E-01 5.6070E-01 1.5595E-02   605
 8.0000E-02 3.4786E-01 2.6025E+00 1.5758E+00 1.0268E+00  6.1904E-01 5.5886E-01 1.5353E-02   605
 8.0000E-02 3.4922E-01 2.6014E+00 1.5747E+00 1.0268E+00  6.1711E-01 5.5698E-01 1.5138E-02   605
 8.0000E-02 3.5059E-01 2.6011E+00 1.5736E+00 1.0276E+00  6.1503E-01 5.5507E-01 1.4956E-02   605
 8.0000E-02 3.5197E-01 2.6017E+00 1.5724E+00 1.0292E+00  6.1283E-01 5.5313E-01 1.4801E-02   605
 8.0000E-02 3.5336E-01 2.6030E+00 1.5713E+00 1.0317E+00  6.1048E-01 5.5116E-01 1.4679E-02   606
 8.0000E-02 3.5476E-01 2.6053E+00 1.5703E+00 1.0351E+00  6.0800E-01 5.4917E-01 1.4589E-02   606
 8.0000E-02 3.5618E-01 2.6085E+00 1.5694E+00 1.0392E+00  6.0542E-01 5.4716E-01 1.4526E-02   606
 8.0000E-02 3.5760E-01 2.6125E+00 1.5685E+00 1.0440E+00  6.0283E-01 5.4526E-01 1.4488E-02   551
 8.0000E-02 3.5904E-01 2.6174E+00 1.5677E+00 1.0496E+00  6.0005E-01 5.4323E-01 1.4476E-02   551
 8.0000E-02 3.6048E-01 2.6230E+00 1.5671E+00 1.0560E+00  5.9716E-01 5.4118E-01 1.4492E-02   551
 8.0000E-02 3.6194E-01 2.6296E+00 1.5665E+00 1.0631E+00  5.9418E-01 5.3913E-01 1.4532E-02   551
 8.0000E-02 3.6341E-01 2.6370E+00 1.5661E+00 1.0710E+00  5.9112E-01 5.3707E-01 1.4596E-02   551
 8.0000E-02 3.6490E-01 2.6452E+00 1.5658E+00 1.0794E+00  5.8801E-01 5.3502E-01 1.4677E-02   551
 8.0000E-02 3.6639E-01 2.6541E+00 1.5657E+00 1.0884E+00  5.8485E-01 5.3297E-01 1.4776E-02   551
 8.0000E-02 3.6790E-01 2.6637E+00 1.5657E+00 1.0980E+00  5.8163E-01 5.3092E-01 1.4893E-02   551
 8.0000E-02 3.6942E-01 2.6741E+00 1.5658E+00 1.1083E+00  5.7836E-01 5.2887E-01 1.5028E-02   551
 8.0000E-02 3.7095E-01 2.6852E+00 1.5661E+00 1.1191E+00  5.7504E-01 5.2682E-01 1.5178E-02   551
 8.0000E-02 3.7250E-01 2.6970E+00 1.5666E+00 1.1305E+00  5.7170E-01 5.2479E-01 1.5345E-02   551
 8.0000E-02 3.7406E-01 2.7094E+00 1.5672E+00 1.1423E+00  5.6834E-01 5.2276E-01 1.5517E-02   552
 8.0000E-02 3.7563E-01 2.7224E+00 1.5679E+00 1.1545E+00  5.6495E-01 5.2074E-01 1.5700E-02   552
 8.0000E-02 3.7722E-01 2.7360E+00 1.5688E+00 1.1672E+00  5.6155E-01 5.1873E-01 1.5892E-02   552
 8.0000E-02 3.7881E-01 2.7502E+00 1.5698E+00 1.1804E+00  5.5812E-01 5.1672E-01 1.6093E-02   552
 8.0000E-02 3.8043E-01 2.7650E+00 1.5710E+00 1.1940E+00  5.5469E-01 5.1472E-01 1.6302E-02   552
 8.0000E-02 3.8205E-01 2.7804E+00 1.5723E+00 1.2081E+00  5.5124E-01 5.1273E-01 1.6516E-02   552
 8.0000E-02 3.8369E-01 2.7962E+00 1.5737E+00 1.2225E+00  5.4779E-01 5.1075E-01 1.6734E-02   552
 8.0000E-02 3.8534E-01 2.8125E+00 1.5753E+00 1.2373E+00  5.4432E-01 5.0877E-01 1.6956E-02   552
 8.0000E-02 3.8701E-01 2.8294E+00 1.5769E+00 1.2524E+00  5.4085E-01 5.0680E-01 1.7182E-02   552
 8.0000E-02 3.8870E-01 2.8467E+00 1.5787E+00 1.2681E+00  5.3737E-01 5.0483E-01 1.7413E-02   552
 8.0000E-02 3.9039E-01 2.8647E+00 1.5806E+00 1.2841E+00  5.3388E-01 5.0287E-01 1.7648E-02   552
 8.0000E-02 3.9211E-01 2.8830E+00 1.5826E+00 1.3004E+00  5.3038E-01 5.0092E-01 1.7885E-02   552
 8.0000E-02 3.9383E-01 2.9018E+00 1.5846E+00 1.3172E+00  5.2687E-01 4.9897E-01 1.8128E-02   552
 8.0000E-02 3.9558E-01 2.9211E+00 1.5867E+00 1.3344E+00  5.2333E-01 4.9702E-01 1.8377E-02   552
 8.0000E-02 3.9733E-01 2.9410E+00 1.5889E+00 1.3521E+00  5.1979E-01 4.9508E-01 1.8633E-02   552
 8.0000E-02 3.9911E-01 2.9614E+00 1.5912E+00 1.3703E+00  5.1622E-01 4.9314E-01 1.8897E-02   552
 8.0000E-02 4.0090E-01 2.9824E+00 1.5935E+00 1.3888E+00  5.1275E-01 4.9134E-01 1.9167E-02   499
 8.0000E-02 4.0270E-01 3.0039E+00 1.5959E+00 1.4080E+00  5.0914E-01 4.8940E-01 1.9451E-02   499
 8.0000E-02 4.0452E-01 3.0261E+00 1.5983E+00 1.4278E+00  5.0550E-01 4.8747E-01 1.9745E-02   499
 8.0000E-02 4.0636E-01 3.0489E+00 1.6007E+00 1.4482E+00  5.0183E-01 4.8553E-01 2.0050E-02   499
 8.0000E-02 4.0822E-01 3.0725E+00 1.6032E+00 1.4693E+00  4.9814E-01 4.8360E-01 2.0366E-02   499
 8.0000E-02 4.1009E-01 3.0969E+00 1.6058E+00 1.4911E+00  4.9443E-01 4.8167E-01 2.0694E-02   499
 8.0000E-02 4.1198E-01 3.1221E+00 1.6084E+00 1.5137E+00  4.9069E-01 4.7973E-01 2.1033E-02   499
 8.0000E-02 4.1389E-01 3.1481E+00 1.6111E+00 1.5370E+00  4.8694E-01 4.7780E-01 2.1381E-02   499
 8.0000E-02 4.1581E-01 3.1750E+00 1.6140E+00 1.5611E+00  4.8318E-01 4.7587E-01 2.1733E-02   500
 8.0000E-02 4.1776E-01 3.2028E+00 1.6170E+00 1.5858E+00  4.7942E-01 4.7394E-01 2.2085E-02   500
 8.0000E-02 4.1972E-01 3.2314E+00 1.6201E+00 1.6113E+00  4.7566E-01 4.7201E-01 2.2432E-02   501
 8.0000E-02 4.2170E-01 3.2609E+00 1.6235E+00 1.6374E+00  4.7193E-01 4.7008E-01 2.2770E-02   501
 8.0000E-02 4.2370E-01 3.2912E+00 1.6271E+00 1.6641E+00  4.6824E-01 4.6816E-01 2.3088E-02   501
 8.0000E-02 4.2571E-01 3.3223E+00 1.6309E+00 1.6914E+00  4.6460E-01 4.6625E-01 2.3378E-02   501
 8.0000E-02 4.2775E-01 3.3542E+00 1.6350E+00 1.7192E+00  4.6102E-01 4.6435E-01 2.3635E-02   501
 8.0000E-02 4.2981E-01 3.3870E+00 1.6393E+00 1.7476E+00  4.5751E-01 4.6245E-01 2.3854E-02   501
 8.0000E-02 4.3188E-01 3.4207E+00 1.6440E+00 1.7767E+00  4.5408E-01 4.6056E-01 2.4030E-02   501
 8.0000E-02 4.3398E-01 3.4554E+00 1.6490E+00 1.8065E+00  4.5073E-01 4.5868E-01 2.4160E-02   501
 8.0000E-02 4.3610E-01 3.4911E+00 1.6542E+00 1.8369E+00  4.4744E-01 4.5681E-01 2.4249E-02   501
 8.0000E-02 4.3824E-01 3.5279E+00 1.6596E+00 1.8682E+00  4.4421E-01 4.5495E-01 2.4305E-02   501
 8.0000E-02 4.4039E-01 3.5658E+00 1.6654E+00 1.9004E+00  4.4105E-01 4.5310E-01 2.4328E-02   501
 8.0000E-02 4.4257E-01 3.6047E+00 1.6714E+00 1.9333E+00  4.3793E-01 4.5126E-01 2.4323E-02   501
 8.0000E-02 4.4478E-01 3.6446E+00 1.6777E+00 1.9670E+00  4.3484E-01 4.4944E-01 2.4303E-02   501
 8.0000E-02 4.4700E-01 3.6856E+00 1.6842E+00 2.0015E+00  4.3178E-01 4.4763E-01 2.4276E-02   501
 8.0000E-02 4.4925E-01 3.7275E+00 1.6909E+00 2.0366E+00  4.2876E-01 4.4586E-01 2.4242E-02   501
 8.0000E-02 4.5152E-01 3.7704E+00 1.6980E+00 2.0724E+00  4.2578E-01 4.4411E-01 2.4206E-02   501
 8.0000E-02 4.5381E-01 3.8140E+00 1.7053E+00 2.1088E+00  4.2284E-01 4.4239E-01 2.4177E-02   501
 8.0000E-02 4.5612E-01 3.8588E+00 1.7129E+00 2.1459E+00  4.2009E-01 4.4084E-01 2.4150E-02   452
 8.0000E-02 4.5846E-01 3.9047E+00 1.7209E+00 2.1837E+00  4.1728E-01 4.3919E-01 2.4117E-02   452
 8.0000E-02 4.6082E-01 3.9518E+00 1.7294E+00 2.2224E+00  4.1455E-01 4.3758E-01 2.4073E-02   452
 8.0000E-02 4.6321E-01 4.0004E+00 1.7382E+00 2.2622E+00  4.1192E-01 4.3600E-01 2.4011E-02   452
 8.0000E-02 4.6563E-01 4.0511E+00 1.7477E+00 2.3034E+00  4.0943E-01 4.3445E-01 2.3906E-02   452
 8.0000E-02 4.6806E-01 4.1039E+00 1.7578E+00 2.3461E+00  4.0706E-01 4.3291E-01 2.3743E-02   452
 8.0000E-02 4.7053E-01 4.1592E+00 1.7684E+00 2.3908E+00  4.0483E-01 4.3138E-01 2.3507E-02   452
 8.0000E-02 4.7302E-01 4.2174E+00 1.7796E+00 2.4378E+00  4.0273E-01 4.2983E-01 2.3182E-02   452
 8.0000E-02 4.7553E-01 4.2786E+00 1.7914E+00 2.4872E+00  4.0074E-01 4.2826E-01 2.2755E-02   452
 8.0000E-02 4.7807E-01 4.3426E+00 1.8034E+00 2.5391E+00  3.9881E-01 4.2664E-01 2.2236E-02   452
 8.0000E-02 4.8065E-01 4.4094E+00 1.8155E+00 2.5939E+00  3.9688E-01 4.2495E-01 2.1641E-02   452
 8.0000E-02 4.8324E-01 4.4787E+00 1.8273E+00 2.6514E+00  3.9487E-01 4.2319E-01 2.1007E-02   452
 8.0000E-02 4.8587E-01 4.5494E+00 1.8382E+00 2.7112E+00  3.9265E-01 4.2133E-01 2.0405E-02   452
 8.0000E-02 4.8852E-01 4.6206E+00 1.8475E+00 2.7731E+00  3.9013E-01 4.1937E-01 1.9922E-02   452
 8.0000E-02 4.9121E-01 4.6912E+00 1.8545E+00 2.8368E+00  3.8716E-01 4.1731E-01 1.9666E-02   452
 8.0000E-02 4.9392E-01 4.7596E+00 1.8584E+00 2.9013E+00  3.8361E-01 4.1515E-01 1.9778E-02   452
 8.0000E-02 4.9667E-01 4.8245E+00 1.8584E+00 2.9661E+00  3.7938E-01 4.1292E-01 2.0398E-02   452
 8.0000E-02 4.9944E-01 4.8846E+00 1.8541E+00 3.0305E+00  3.7439E-01 4.1063E-01 2.1665E-02   452
 8.0000E-02 5.0225E-01 4.9385E+00 1.8448E+00 3.0937E+00  3.6858E-01 4.0832E-01 2.3719E-02   452
 8.0000E-02 5.0508E-01 4.9852E+00 1.8302E+00 3.1550E+00  3.6192E-01 4.0601E-01 2.6677E-02   452
 8.0000E-02 5.0795E-01 5.0240E+00 1.8102E+00 3.2138E+00  3.5439E-01 4.0372E-01 3.0644E-02   452
 8.0000E-02 5.1086E-01 5.0538E+00 1.7846E+00 3.2692E+00  3.4600E-01 4.0148E-01 3.5711E-02   452
 8.0000E-02 5.1379E-01 5.0740E+00 1.7534E+00 3.3206E+00  3.3676E-01 3.9930E-01 4.1932E-02   453
 8.0000E-02 5.1676E-01 5.0840E+00 1.7165E+00 3.3675E+00  3.2667E-01 3.9722E-01 4.9358E-02   453
 8.0000E-02 5.1977E-01 5.0833E+00 1.6741E+00 3.4092E+00  3.1575E-01 3.9523E-01 5.8000E-02   453
 8.0000E-02 5.2281E-01 5.0722E+00 1.6266E+00 3.4456E+00  3.0405E-01 3.9337E-01 6.7824E-02   453
 8.0000E-02 5.2588E-01 5.0506E+00 1.5743E+00 3.4764E+00  2.9162E-01 3.9163E-01 7.8787E-02   453
 8.0000E-02 5.2899E-01 5.0187E+00 1.5176E+00 3.5011E+00  2.7862E-01 3.9016E-01 9.0814E-02   407
 8.0000E-02 5.3214E-01 4.9770E+00 1.4574E+00 3.5195E+00  2.6486E-01 3.8871E-01 1.0379E-01   407
 8.0000E-02 5.3533E-01 4.9260E+00 1.3948E+00 3.5313E+00  2.5059E-01 3.8742E-01 1.1755E-01   407
 8.0000E-02 5.3855E-01 4.8675E+00 1.3313E+00 3.5363E+00  2.3598E-01 3.8633E-01 1.3184E-01   407
 8.0000E-02 5.4182E-01 4.8039E+00 1.2686E+00 3.5353E+00  2.2125E-01 3.8543E-01 1.4638E-01   407
 8.0000E-02 5.4512E-01 4.7374E+00 1.2084E+00 3.5289E+00  2.0662E-01 3.8475E-01 1.6092E-01   407
 8.0000E-02 5.4847E-01 4.6705E+00 1.1520E+00 3.5186E+00  1.9227E-01 3.8428E-01 1.7523E-01   408
 8.0000E-02 5.5185E-01 4.6056E+00 1.1003E+00 3.5054E+00  1.7839E-01 3.8401E-01 1.8911E-01   408
 8.0000E-02 5.5528E-01 4.5449E+00 1.0542E+00 3.4908E+00  1.6519E-01 3.8394E-01 2.0234E-01   408
 8.0000E-02 5.5875E-01 4.4895E+00 1.0139E+00 3.4756E+00  1.5279E-01 3.8403E-01 2.1479E-01   408
 8.0000E-02 5.6226E-01 4.4398E+00 9.7959E-01 3.4602E+00  1.4124E-01 3.8424E-01 2.2635E-01   408
 8.0000E-02 5.6582E-01 4.3951E+00 9.5097E-01 3.4441E+00  1.3055E-01 3.8455E-01 2.3697E-01   408
 8.0000E-02 5.6943E-01 4.3544E+00 9.2792E-01 3.4265E+00  1.2068E-01 3.8491E-01 2.4656E-01   408
 8.0000E-02 5.7308E-01 4.3167E+00 9.1046E-01 3.4063E+00  1.1158E-01 3.8531E-01 2.5506E-01   408
 8.0000E-02 5.7677E-01 4.2811E+00 8.9879E-01 3.3823E+00  1.0320E-01 3.8573E-01 2.6240E-01   408
 8.0000E-02 5.8052E-01 4.2469E+00 8.9311E-01 3.3537E+00  9.5518E-02 3.8616E-01 2.6854E-01   408
 8.0000E-02 5.8431E-01 4.2142E+00 8.9346E-01 3.3207E+00  8.8497E-02 3.8659E-01 2.7351E-01   408
 8.0000E-02 5.8816E-01 4.1836E+00 8.9938E-01 3.2843E+00  8.2115E-02 3.8702E-01 2.7743E-01   408
 8.0000E-02 5.9205E-01 4.1549E+00 9.1071E-01 3.2442E+00  7.6338E-02 3.8745E-01 2.8030E-01   408
 8.0000E-02 5.9600E-01 4.1278E+00 9.2720E-01 3.2006E+00  7.1116E-02 3.8786E-01 2.8222E-01   408
 8.0000E-02 6.0000E-01 4.1030E+00 9.4821E-01 3.1548E+00  6.6367E-02 3.8827E-01 2.8345E-01   408
