 DDSCAT --- DDSCAT 7.3.3 [22.01.20]   
 TARGET --->TARGSPHER  spherical target with explicit spacing                 
 GPFAFT --- method of solution 
 FLTRCD --- prescription for polarizabilities
 FROM_FILE --- shape 
    4169 = NAT0 = number of dipoles
 ../../diel/Pena-Rioux_dielectric_26Au_74Ag                  
 ../../diel/Pena-Rioux_dielectric_65Au_35Ag                  
 ../../diel/Pena-Rioux_dielectric_76Au_24Ag                  
 ../../diel/Au_evap                                          
   0.000   0.000 = beta_min, beta_max ;  NBETA = 1
   0.000   0.000 = theta_min, theta_max; NTHETA= 1
   0.000   0.000 = phi_min, phi_max   ;   NPHI = 1
 Results averaged over    1 target orientations
                   and  2 incident polarizations
   aeff       wave       Q_pha       Q_pol       Q_cpol
 8.0000E-02 3.0000E-01 -1.7834E-01 -1.9073E-06  5.8115E-07
 8.0000E-02 3.0101E-01 -1.7701E-01  8.1062E-06  1.3411E-07
 8.0000E-02 3.0203E-01 -1.7588E-01 -4.0531E-06  4.0233E-07
 8.0000E-02 3.0305E-01 -1.7484E-01 -4.0531E-06  4.4703E-07
 8.0000E-02 3.0408E-01 -1.7389E-01  4.0531E-06 -1.2368E-06
 8.0000E-02 3.0512E-01 -1.7303E-01 -1.4305E-06  7.1526E-07
 8.0000E-02 3.0616E-01 -1.7226E-01 -3.3379E-06  6.2585E-07
 8.0000E-02 3.0722E-01 -1.7159E-01  5.2452E-06  7.4506E-08
 8.0000E-02 3.0828E-01 -1.7103E-01 -2.3842E-06 -2.5332E-07
 8.0000E-02 3.0934E-01 -1.7055E-01 -5.0068E-06 -1.3560E-06
 8.0000E-02 3.1042E-01 -1.7016E-01 -7.3910E-06  2.9802E-07
 8.0000E-02 3.1150E-01 -1.6974E-01  5.9605E-06 -1.0431E-07
 8.0000E-02 3.1259E-01 -1.6938E-01  3.3379E-06 -2.8312E-07
 8.0000E-02 3.1368E-01 -1.6912E-01 -2.1458E-06 -1.3411E-07
 8.0000E-02 3.1479E-01 -1.6897E-01 -3.0994E-06 -5.8115E-07
 8.0000E-02 3.1590E-01 -1.6894E-01  3.5763E-06  2.5332E-07
 8.0000E-02 3.1702E-01 -1.6902E-01 -7.1526E-07 -1.3411E-07
 8.0000E-02 3.1815E-01 -1.6900E-01  9.5367E-07 -5.9605E-08
 8.0000E-02 3.1929E-01 -1.6911E-01 -1.0252E-05 -3.4273E-07
 8.0000E-02 3.2043E-01 -1.6939E-01 -2.6226E-06 -2.6822E-07
 8.0000E-02 3.2158E-01 -1.7012E-01 -4.5300E-06  3.4273E-07
 8.0000E-02 3.2274E-01 -1.7101E-01 -1.6689E-06  8.9407E-08
 8.0000E-02 3.2391E-01 -1.7208E-01 -7.6294E-06  5.9605E-08
 8.0000E-02 3.2509E-01 -1.7333E-01  1.4305E-06  3.1292E-07
 8.0000E-02 3.2628E-01 -1.7477E-01 -5.2452E-06  4.6194E-07
 8.0000E-02 3.2747E-01 -1.7665E-01 -4.2915E-06  4.3213E-07
 8.0000E-02 3.2868E-01 -1.7885E-01 -5.4836E-06  1.2666E-06
 8.0000E-02 3.2989E-01 -1.8136E-01  6.9141E-06 -3.2783E-07
 8.0000E-02 3.3111E-01 -1.8421E-01 -5.9605E-06 -1.4901E-08
 8.0000E-02 3.3234E-01 -1.8727E-01 -5.9605E-06  2.5332E-07
 8.0000E-02 3.3358E-01 -1.9059E-01  9.5367E-07  2.2352E-07
 8.0000E-02 3.3483E-01 -1.9426E-01  9.5367E-06  1.0282E-06
 8.0000E-02 3.3609E-01 -1.9846E-01  9.5367E-07 -2.9802E-07
 8.0000E-02 3.3736E-01 -2.0316E-01  9.5367E-07 -9.0897E-07
 8.0000E-02 3.3864E-01 -2.0817E-01  3.0994E-06 -4.3362E-06
 8.0000E-02 3.3992E-01 -2.1353E-01  1.0252E-05 -2.2352E-06
 8.0000E-02 3.4122E-01 -2.1922E-01 -2.1458E-06 -1.1474E-06
 8.0000E-02 3.4253E-01 -2.2525E-01  0.0000E+00 -7.7486E-07
 8.0000E-02 3.4385E-01 -2.3163E-01 -2.1458E-06  3.1292E-07
 8.0000E-02 3.4517E-01 -2.3835E-01 -2.3842E-07  1.0878E-06
 8.0000E-02 3.4651E-01 -2.4526E-01 -1.5259E-05  3.1292E-07
 8.0000E-02 3.4786E-01 -2.5238E-01 -8.1062E-06  2.4140E-06
 8.0000E-02 3.4922E-01 -2.5971E-01 -2.3842E-06  3.9637E-06
 8.0000E-02 3.5059E-01 -2.6725E-01  6.9141E-06 -8.8513E-06
 8.0000E-02 3.5197E-01 -2.7498E-01  5.2452E-06  2.4140E-06
 8.0000E-02 3.5336E-01 -2.8292E-01  1.4782E-05 -2.2948E-06
 8.0000E-02 3.5476E-01 -2.9093E-01 -2.8610E-06  9.0897E-06
 8.0000E-02 3.5618E-01 -2.9902E-01 -1.3113E-05 -7.6592E-06
 8.0000E-02 3.5760E-01 -3.0716E-01  1.1444E-05  1.1027E-06
 8.0000E-02 3.5904E-01 -3.1533E-01  1.0490E-05  3.9935E-06
 8.0000E-02 3.6048E-01 -3.2355E-01  2.3842E-06 -2.0862E-07
 8.0000E-02 3.6194E-01 -3.3180E-01  5.9605E-06  6.8545E-07
 8.0000E-02 3.6341E-01 -3.4002E-01 -4.2915E-06  1.9968E-06
 8.0000E-02 3.6490E-01 -3.4815E-01 -3.0994E-06  2.1458E-06
 8.0000E-02 3.6639E-01 -3.5622E-01  2.5034E-05 -2.6822E-07
 8.0000E-02 3.6790E-01 -3.6423E-01  6.6757E-06  1.0133E-06
 8.0000E-02 3.6942E-01 -3.7216E-01 -3.0994E-06 -1.1921E-07
 8.0000E-02 3.7095E-01 -3.8002E-01 -5.4836E-06 -4.6790E-06
 8.0000E-02 3.7250E-01 -3.8777E-01  1.1206E-05  2.0266E-06
 8.0000E-02 3.7406E-01 -3.9539E-01  7.6294E-06  3.2485E-06
 8.0000E-02 3.7563E-01 -4.0291E-01 -5.2452E-06 -4.1723E-07
 8.0000E-02 3.7722E-01 -4.1034E-01 -2.1458E-06 -3.5763E-07
 8.0000E-02 3.7881E-01 -4.1766E-01 -7.1526E-07 -6.5565E-07
 8.0000E-02 3.8043E-01 -4.2487E-01 -2.6226E-06 -1.7881E-06
 8.0000E-02 3.8205E-01 -4.3193E-01 -7.3910E-06 -7.7486E-07
 8.0000E-02 3.8369E-01 -4.3887E-01 -1.7405E-05  2.4736E-06
 8.0000E-02 3.8534E-01 -4.4574E-01 -7.1526E-06  1.3113E-06
 8.0000E-02 3.8701E-01 -4.5252E-01 -2.1458E-06 -6.8545E-07
 8.0000E-02 3.8870E-01 -4.5922E-01 -3.0994E-06 -6.2585E-07
 8.0000E-02 3.9039E-01 -4.6581E-01  1.1921E-06  1.1325E-06
 8.0000E-02 3.9211E-01 -4.7231E-01 -1.6689E-06 -4.7684E-07
 8.0000E-02 3.9383E-01 -4.7878E-01  3.8147E-06 -1.4901E-07
 8.0000E-02 3.9558E-01 -4.8521E-01  6.9141E-06  1.6093E-06
 8.0000E-02 3.9733E-01 -4.9157E-01  1.9073E-06 -2.3842E-07
 8.0000E-02 3.9911E-01 -4.9790E-01  1.6689E-06 -1.7285E-06
 8.0000E-02 4.0090E-01 -5.0419E-01  4.2915E-06  2.9802E-07
 8.0000E-02 4.0270E-01 -5.1049E-01 -1.3113E-05 -4.7088E-06
 8.0000E-02 4.0452E-01 -5.1676E-01  2.3842E-06 -1.3173E-05
 8.0000E-02 4.0636E-01 -5.2300E-01 -8.1062E-06 -2.6226E-06
 8.0000E-02 4.0822E-01 -5.2916E-01  4.0531E-06  4.7684E-07
 8.0000E-02 4.1009E-01 -5.3533E-01 -1.4305E-06 -4.2915E-06
 8.0000E-02 4.1198E-01 -5.4143E-01  1.8120E-05 -1.4186E-05
 8.0000E-02 4.1389E-01 -5.4741E-01 -7.1526E-06 -3.8743E-06
 8.0000E-02 4.1581E-01 -5.5320E-01 -3.5763E-06 -6.5565E-07
 8.0000E-02 4.1776E-01 -5.5879E-01  1.1921E-06 -2.9802E-06
 8.0000E-02 4.1972E-01 -5.6425E-01 -2.2650E-05 -4.2915E-06
 8.0000E-02 4.2170E-01 -5.6941E-01 -6.1989E-06 -3.3379E-06
 8.0000E-02 4.2370E-01 -5.7423E-01 -6.6757E-06 -7.5698E-06
 8.0000E-02 4.2571E-01 -5.7872E-01 -1.3351E-05 -1.9073E-06
 8.0000E-02 4.2775E-01 -5.8289E-01  1.4782E-05  4.9472E-06
 8.0000E-02 4.2981E-01 -5.8664E-01 -3.0994E-06  6.9737E-06
 8.0000E-02 4.3188E-01 -5.8997E-01  5.7220E-06 -5.3644E-07
 8.0000E-02 4.3398E-01 -5.9286E-01 -3.5763E-06 -6.5565E-07
 8.0000E-02 4.3610E-01 -5.9532E-01  1.6689E-06  4.1723E-06
 8.0000E-02 4.3824E-01 -5.9719E-01 -9.0599E-06 -1.8477E-06
 8.0000E-02 4.4039E-01 -5.9844E-01  2.1458E-06 -2.9802E-06
 8.0000E-02 4.4257E-01 -5.9904E-01 -4.2915E-06  1.0133E-06
 8.0000E-02 4.4478E-01 -5.9890E-01 -9.5367E-07  3.5763E-07
 8.0000E-02 4.4700E-01 -5.9781E-01  4.0531E-06  2.3842E-07
 8.0000E-02 4.4925E-01 -5.9561E-01  8.5831E-06  3.3379E-06
 8.0000E-02 4.5152E-01 -5.9208E-01  3.5763E-06 -3.9935E-06
 8.0000E-02 4.5381E-01 -5.8696E-01  4.0531E-06  2.0862E-06
 8.0000E-02 4.5612E-01 -5.7993E-01  9.0599E-06 -4.1723E-07
 8.0000E-02 4.5846E-01 -5.7073E-01  1.1921E-05 -1.0729E-06
 8.0000E-02 4.6082E-01 -5.5907E-01  1.1921E-05 -2.2054E-06
 8.0000E-02 4.6321E-01 -5.4463E-01  2.8610E-06  1.0133E-06
 8.0000E-02 4.6563E-01 -5.2711E-01 -3.8147E-06 -1.3113E-06
 8.0000E-02 4.6806E-01 -5.0642E-01  1.1921E-05 -4.8280E-06
 8.0000E-02 4.7053E-01 -4.8239E-01  1.3828E-05  3.6061E-06
 8.0000E-02 4.7302E-01 -4.5497E-01  7.6294E-06 -6.2585E-07
 8.0000E-02 4.7553E-01 -4.2434E-01 -3.3379E-06  7.7486E-07
 8.0000E-02 4.7807E-01 -3.9078E-01  2.0504E-05  9.4473E-06
 8.0000E-02 4.8065E-01 -3.5455E-01 -1.3828E-05  4.4405E-06
 8.0000E-02 4.8324E-01 -3.1610E-01 -2.5749E-05  2.3901E-05
 8.0000E-02 4.8587E-01 -2.7604E-01  1.1444E-05  6.1393E-06
 8.0000E-02 4.8852E-01 -2.3482E-01 -2.2888E-05  7.5996E-07
 8.0000E-02 4.9121E-01 -1.9292E-01  1.0490E-05  2.0862E-07
 8.0000E-02 4.9392E-01 -1.5096E-01  5.7220E-06  6.5565E-07
 8.0000E-02 4.9667E-01 -1.0979E-01 -4.2915E-06  5.6624E-06
 8.0000E-02 4.9944E-01 -7.0579E-02 -1.5259E-05  2.8312E-07
 8.0000E-02 5.0225E-01 -3.2541E-02  9.5367E-07 -4.1239E-06
 8.0000E-02 5.0508E-01  4.0717E-03  5.2452E-06  3.8766E-06
 8.0000E-02 5.0795E-01  3.9040E-02 -2.2411E-05  8.9593E-06
 8.0000E-02 5.1086E-01  7.2186E-02  6.1989E-06 -1.7658E-05
 8.0000E-02 5.1379E-01  1.0348E-01 -6.7711E-05  6.7353E-06
 8.0000E-02 5.1676E-01  1.3306E-01  3.8147E-05  1.0341E-05
 8.0000E-02 5.1977E-01  1.6125E-01  2.1458E-05  6.1095E-07
 8.0000E-02 5.2281E-01  1.9130E-01 -4.7684E-06 -1.9670E-05
 8.0000E-02 5.2588E-01  2.2221E-01 -1.4782E-05  3.1441E-06
 8.0000E-02 5.2899E-01  2.5227E-01 -6.1989E-06  1.7881E-07
 8.0000E-02 5.3214E-01  2.8150E-01  9.5367E-07  1.2189E-05
 8.0000E-02 5.3533E-01  3.0963E-01 -2.3842E-05 -3.5763E-07
 8.0000E-02 5.3855E-01  3.3636E-01  8.5831E-06 -1.2666E-05
 8.0000E-02 5.4182E-01  3.6130E-01 -1.9073E-06 -2.9802E-06
 8.0000E-02 5.4512E-01  3.8400E-01  1.7166E-05  3.0100E-06
 8.0000E-02 5.4847E-01  4.0408E-01 -3.8147E-06  2.4706E-05
 8.0000E-02 5.5185E-01  4.2052E-01 -2.5272E-05 -5.3644E-07
 8.0000E-02 5.5528E-01  4.3426E-01 -1.0967E-05 -4.4703E-07
 8.0000E-02 5.5875E-01  4.4553E-01  1.9550E-05  5.1260E-06
 8.0000E-02 5.6226E-01  4.5472E-01  9.5367E-06  4.1723E-07
 8.0000E-02 5.6582E-01  4.6240E-01  7.0095E-05 -3.5286E-05
 8.0000E-02 5.6943E-01  4.6906E-01  7.6771E-05  3.6657E-05
 8.0000E-02 5.7308E-01  4.7517E-01  6.1035E-05 -2.5421E-05
 8.0000E-02 5.7677E-01  4.8092E-01  3.8147E-05  2.5898E-05
 8.0000E-02 5.8052E-01  4.8622E-01  5.6267E-05 -9.2387E-07
 8.0000E-02 5.8431E-01  4.9069E-01  2.2411E-05  9.4473E-06
 8.0000E-02 5.8816E-01  4.9368E-01  1.3351E-05  3.3081E-06
 8.0000E-02 5.9205E-01  4.9473E-01 -2.1458E-05  2.3186E-05
 8.0000E-02 5.9600E-01  4.9354E-01  3.6240E-05 -2.8700E-05
 8.0000E-02 6.0000E-01  4.8987E-01  2.8610E-06  2.1398E-05
