 DDSCAT --- DDSCAT 7.3.3 [22.01.20]   
 TARGET --->TARFROMFILE  Nanorod target: 97.3nm x 17.6nm x 17.6nm, d=1nm      
 GPFAFT --- method of solution 
 GKDLDR --- prescription for polarizabilities
 FROM_FILE --- shape 
   35739 = NAT0 = number of dipoles
 ../diel/Ag_evap                                             
   0.000   0.000 = beta_min, beta_max ;  NBETA = 1
   0.000   0.000 = theta_min, theta_max; NTHETA= 1
   0.000   0.000 = phi_min, phi_max   ;   NPHI = 1
 Results averaged over    1 target orientations
                   and  1 incident polarizations
   aeff       wave      Q_pha
 1.0000E-03 4.5000E-01  4.9462E-02
 1.0000E-03 4.5152E-01  4.6010E-02
 1.0000E-03 4.5303E-01  4.2235E-02
 1.0000E-03 4.5455E-01  3.8267E-02
 1.0000E-03 4.5606E-01  3.4140E-02
 1.0000E-03 4.5758E-01  2.9969E-02
 1.0000E-03 4.5909E-01  2.6016E-02
 1.0000E-03 4.6061E-01  2.2944E-02
 1.0000E-03 4.6212E-01  2.2392E-02
 1.0000E-03 4.6364E-01  2.7298E-02
 1.0000E-03 4.6515E-01  4.0220E-02
 1.0000E-03 4.6667E-01  5.9424E-02
 1.0000E-03 4.6818E-01  7.7946E-02
 1.0000E-03 4.6970E-01  8.9572E-02
 1.0000E-03 4.7121E-01  9.3826E-02
 1.0000E-03 4.7273E-01  9.3818E-02
 1.0000E-03 4.7424E-01  9.1794E-02
 1.0000E-03 4.7576E-01  8.8947E-02
 1.0000E-03 4.7727E-01  8.5898E-02
 1.0000E-03 4.7879E-01  8.2924E-02
 1.0000E-03 4.8030E-01  8.0127E-02
 1.0000E-03 4.8182E-01  7.7543E-02
 1.0000E-03 4.8333E-01  7.5177E-02
 1.0000E-03 4.8485E-01  7.3022E-02
 1.0000E-03 4.8636E-01  7.1064E-02
 1.0000E-03 4.8788E-01  6.9281E-02
 1.0000E-03 4.8939E-01  6.7654E-02
 1.0000E-03 4.9091E-01  6.6160E-02
 1.0000E-03 4.9242E-01  6.4783E-02
 1.0000E-03 4.9394E-01  6.3507E-02
 1.0000E-03 4.9545E-01  6.2320E-02
 1.0000E-03 4.9697E-01  6.1195E-02
 1.0000E-03 4.9848E-01  6.0128E-02
 1.0000E-03 5.0000E-01  5.9118E-02
 1.0000E-03 5.0152E-01  5.8159E-02
 1.0000E-03 5.0303E-01  5.7244E-02
 1.0000E-03 5.0455E-01  5.6370E-02
 1.0000E-03 5.0606E-01  5.5536E-02
 1.0000E-03 5.0758E-01  5.4740E-02
 1.0000E-03 5.0909E-01  5.3978E-02
 1.0000E-03 5.1061E-01  5.3252E-02
 1.0000E-03 5.1212E-01  5.2562E-02
 1.0000E-03 5.1364E-01  5.1902E-02
 1.0000E-03 5.1515E-01  5.1265E-02
 1.0000E-03 5.1667E-01  5.0648E-02
 1.0000E-03 5.1818E-01  5.0049E-02
 1.0000E-03 5.1970E-01  4.9467E-02
 1.0000E-03 5.2121E-01  4.8896E-02
 1.0000E-03 5.2273E-01  4.8317E-02
 1.0000E-03 5.2424E-01  4.7765E-02
 1.0000E-03 5.2576E-01  4.7236E-02
 1.0000E-03 5.2727E-01  4.6727E-02
 1.0000E-03 5.2879E-01  4.6233E-02
 1.0000E-03 5.3030E-01  4.5755E-02
 1.0000E-03 5.3182E-01  4.5293E-02
 1.0000E-03 5.3333E-01  4.4846E-02
 1.0000E-03 5.3485E-01  4.4414E-02
 1.0000E-03 5.3636E-01  4.3997E-02
 1.0000E-03 5.3788E-01  4.3592E-02
 1.0000E-03 5.3939E-01  4.3200E-02
 1.0000E-03 5.4091E-01  4.2818E-02
 1.0000E-03 5.4242E-01  4.2447E-02
 1.0000E-03 5.4394E-01  4.2087E-02
 1.0000E-03 5.4545E-01  4.1736E-02
 1.0000E-03 5.4697E-01  4.1395E-02
 1.0000E-03 5.4848E-01  4.1065E-02
 1.0000E-03 5.5000E-01  4.0768E-02
 1.0000E-03 5.5152E-01  4.0479E-02
 1.0000E-03 5.5303E-01  4.0198E-02
 1.0000E-03 5.5455E-01  3.9921E-02
 1.0000E-03 5.5606E-01  3.9649E-02
 1.0000E-03 5.5758E-01  3.9380E-02
 1.0000E-03 5.5909E-01  3.9114E-02
 1.0000E-03 5.6061E-01  3.8853E-02
 1.0000E-03 5.6212E-01  3.8597E-02
 1.0000E-03 5.6364E-01  3.8344E-02
 1.0000E-03 5.6515E-01  3.8095E-02
 1.0000E-03 5.6667E-01  3.7850E-02
 1.0000E-03 5.6818E-01  3.7610E-02
 1.0000E-03 5.6970E-01  3.7372E-02
 1.0000E-03 5.7121E-01  3.7140E-02
 1.0000E-03 5.7273E-01  3.6910E-02
 1.0000E-03 5.7424E-01  3.6686E-02
 1.0000E-03 5.7576E-01  3.6465E-02
 1.0000E-03 5.7727E-01  3.6250E-02
 1.0000E-03 5.7879E-01  3.6041E-02
 1.0000E-03 5.8030E-01  3.5840E-02
 1.0000E-03 5.8182E-01  3.5645E-02
 1.0000E-03 5.8333E-01  3.5447E-02
 1.0000E-03 5.8485E-01  3.5247E-02
 1.0000E-03 5.8636E-01  3.5046E-02
 1.0000E-03 5.8788E-01  3.4844E-02
 1.0000E-03 5.8939E-01  3.4644E-02
 1.0000E-03 5.9091E-01  3.4445E-02
 1.0000E-03 5.9242E-01  3.4250E-02
 1.0000E-03 5.9394E-01  3.4057E-02
 1.0000E-03 5.9545E-01  3.3867E-02
 1.0000E-03 5.9697E-01  3.3681E-02
 1.0000E-03 5.9848E-01  3.3497E-02
 1.0000E-03 6.0000E-01  3.3317E-02
