 DDSCAT --- DDSCAT 7.3.3 [22.01.20]   
 TARGET --->TARGSPHER  spherical target with explicit spacing                 
 GPFAFT --- method of solution 
 FLTRCD --- prescription for polarizabilities
 FROM_FILE --- shape 
    4169 = NAT0 = number of dipoles
 ../../diel/Pena-Rioux_dielectric_26Au_74Ag                  
 ../../diel/Pena-Rioux_dielectric_65Au_35Ag                  
 ../../diel/Pena-Rioux_dielectric_76Au_24Ag                  
 ../../diel/Au_evap                                          
   0.000   0.000 = beta_min, beta_max ;  NBETA = 1
   0.000   0.000 = theta_min, theta_max; NTHETA= 1
   0.000   0.000 = phi_min, phi_max   ;   NPHI = 1
 Results averaged over    1 target orientations
                   and  2 incident polarizations
   aeff       wave       Q_pha       Q_pol       Q_cpol
 4.0000E-02 3.0000E-01 -2.2248E-02 -3.8147E-06  5.2154E-08
 4.0000E-02 3.0101E-01 -2.1098E-02  3.0994E-06 -1.0990E-07
 4.0000E-02 3.0203E-01 -2.0238E-02 -7.3910E-06  2.7940E-08
 4.0000E-02 3.0305E-01 -1.9545E-02  3.0994E-06  2.4214E-08
 4.0000E-02 3.0408E-01 -1.9023E-02 -1.4305E-06 -8.0094E-08
 4.0000E-02 3.0512E-01 -1.8680E-02 -6.4373E-06  4.2841E-08
 4.0000E-02 3.0616E-01 -1.8519E-02  1.1921E-06 -2.6077E-08
 4.0000E-02 3.0722E-01 -1.8548E-02  2.3842E-06  4.4703E-08
 4.0000E-02 3.0828E-01 -1.8741E-02 -1.4305E-06  0.0000E+00
 4.0000E-02 3.0934E-01 -1.8994E-02  5.0068E-06 -5.9605E-08
 4.0000E-02 3.1042E-01 -1.9393E-02 -2.6226E-06  3.7253E-09
 4.0000E-02 3.1150E-01 -1.9807E-02 -2.3842E-07  2.6077E-08
 4.0000E-02 3.1259E-01 -2.0335E-02  0.0000E+00 -4.2841E-08
 4.0000E-02 3.1368E-01 -2.1033E-02 -3.0994E-06  2.6077E-08
 4.0000E-02 3.1479E-01 -2.1905E-02 -4.7684E-07 -3.5390E-08
 4.0000E-02 3.1590E-01 -2.2957E-02 -8.5831E-06 -1.6764E-08
 4.0000E-02 3.1702E-01 -2.4194E-02  1.9073E-06  1.8626E-08
 4.0000E-02 3.1815E-01 -2.5239E-02  2.3842E-07  1.3411E-07
 4.0000E-02 3.1929E-01 -2.6493E-02  9.5367E-07 -3.3528E-08
 4.0000E-02 3.2043E-01 -2.8046E-02  4.0531E-06  1.1176E-08
 4.0000E-02 3.2158E-01 -3.0177E-02  1.4305E-06  3.3528E-08
 4.0000E-02 3.2274E-01 -3.2598E-02  4.7684E-06 -9.6858E-08
 4.0000E-02 3.2391E-01 -3.5319E-02  2.3842E-06  3.3528E-08
 4.0000E-02 3.2509E-01 -3.8350E-02 -1.6689E-06 -8.9407E-08
 4.0000E-02 3.2628E-01 -4.1700E-02 -2.8610E-06  2.6077E-08
 4.0000E-02 3.2747E-01 -4.5929E-02 -9.5367E-07  1.8626E-08
 4.0000E-02 3.2868E-01 -5.0643E-02 -1.4305E-06 -3.7253E-09
 4.0000E-02 3.2989E-01 -5.5834E-02  5.0068E-06 -3.7253E-08
 4.0000E-02 3.3111E-01 -6.1517E-02 -6.9141E-06 -4.0978E-08
 4.0000E-02 3.3234E-01 -6.7548E-02 -4.7684E-07  7.4506E-08
 4.0000E-02 3.3358E-01 -7.4003E-02  1.4305E-06  1.0431E-07
 4.0000E-02 3.3483E-01 -8.0966E-02  4.7684E-07 -2.2352E-08
 4.0000E-02 3.3609E-01 -8.8655E-02 -2.3842E-06  1.5646E-07
 4.0000E-02 3.3736E-01 -9.6983E-02 -6.4373E-06 -7.4506E-09
 4.0000E-02 3.3864E-01 -1.0571E-01 -5.7220E-06 -1.3411E-07
 4.0000E-02 3.3992E-01 -1.1485E-01 -9.5367E-07  8.9407E-08
 4.0000E-02 3.4122E-01 -1.2441E-01  1.1921E-06 -1.4156E-07
 4.0000E-02 3.4253E-01 -1.3440E-01  1.4305E-06  1.4901E-07
 4.0000E-02 3.4385E-01 -1.4484E-01  4.5300E-06  2.6822E-07
 4.0000E-02 3.4517E-01 -1.5567E-01  3.0994E-06  5.0664E-07
 4.0000E-02 3.4651E-01 -1.6666E-01  1.1921E-05 -1.7881E-07
 4.0000E-02 3.4786E-01 -1.7790E-01  7.1526E-07 -2.9802E-08
 4.0000E-02 3.4922E-01 -1.8938E-01 -4.0531E-06  3.5763E-07
 4.0000E-02 3.5059E-01 -2.0111E-01  2.1458E-06 -5.9605E-08
 4.0000E-02 3.5197E-01 -2.1311E-01 -3.3379E-06  1.0431E-07
 4.0000E-02 3.5336E-01 -2.2537E-01  9.5367E-06  8.9407E-08
 4.0000E-02 3.5476E-01 -2.3776E-01  8.5831E-06 -2.9802E-08
 4.0000E-02 3.5618E-01 -2.5024E-01  2.6226E-06 -2.3842E-07
 4.0000E-02 3.5760E-01 -2.6282E-01 -4.7684E-06 -9.2387E-07
 4.0000E-02 3.5904E-01 -2.7550E-01  2.3842E-06  3.8743E-07
 4.0000E-02 3.6048E-01 -2.8829E-01  4.0531E-06 -5.3644E-07
 4.0000E-02 3.6194E-01 -3.0120E-01 -4.7684E-07 -1.0133E-06
 4.0000E-02 3.6341E-01 -3.1416E-01  1.9073E-06  2.6822E-07
 4.0000E-02 3.6490E-01 -3.2706E-01 -6.4373E-06 -5.9605E-08
 4.0000E-02 3.6639E-01 -3.3998E-01 -1.1921E-06  2.6822E-07
 4.0000E-02 3.6790E-01 -3.5293E-01  4.7684E-07  2.0862E-07
 4.0000E-02 3.6942E-01 -3.6586E-01  5.7220E-06  8.6427E-07
 4.0000E-02 3.7095E-01 -3.7881E-01  4.5300E-06  5.6624E-07
 4.0000E-02 3.7250E-01 -3.9173E-01 -1.1921E-06 -2.9802E-08
 4.0000E-02 3.7406E-01 -4.0457E-01 -4.5300E-06  1.1921E-07
 4.0000E-02 3.7563E-01 -4.1740E-01 -9.0599E-06 -2.3842E-07
 4.0000E-02 3.7722E-01 -4.3021E-01 -4.2915E-06  2.9802E-08
 4.0000E-02 3.7881E-01 -4.4298E-01  3.0994E-06 -2.9802E-07
 4.0000E-02 3.8043E-01 -4.5571E-01  3.0994E-06  7.4506E-07
 4.0000E-02 3.8205E-01 -4.6835E-01 -7.8678E-06 -2.8610E-06
 4.0000E-02 3.8369E-01 -4.8092E-01 -1.2636E-05 -1.2815E-06
 4.0000E-02 3.8534E-01 -4.9348E-01 -1.1921E-06 -2.3842E-07
 4.0000E-02 3.8701E-01 -5.0603E-01 -2.8610E-06 -1.1921E-06
 4.0000E-02 3.8870E-01 -5.1854E-01 -3.0994E-06 -5.9605E-07
 4.0000E-02 3.9039E-01 -5.3099E-01  1.5736E-05  4.5896E-06
 4.0000E-02 3.9211E-01 -5.4339E-01 -1.1683E-05  1.6689E-06
 4.0000E-02 3.9383E-01 -5.5580E-01 -2.8610E-06  7.1526E-07
 4.0000E-02 3.9558E-01 -5.6819E-01 -1.7881E-05  7.0333E-06
 4.0000E-02 3.9733E-01 -5.8057E-01 -2.3842E-07 -5.3644E-07
 4.0000E-02 3.9911E-01 -5.9287E-01 -2.1458E-06  7.7486E-07
 4.0000E-02 4.0090E-01 -6.0511E-01 -2.1458E-06 -1.1325E-06
 4.0000E-02 4.0270E-01 -6.1732E-01 -2.8610E-06 -1.0729E-06
 4.0000E-02 4.0452E-01 -6.2945E-01 -4.7684E-07  4.7684E-07
 4.0000E-02 4.0636E-01 -6.4141E-01  1.1921E-06  7.7486E-07
 4.0000E-02 4.0822E-01 -6.5313E-01  1.9073E-06 -4.1723E-07
 4.0000E-02 4.1009E-01 -6.6466E-01 -1.6689E-06 -2.3842E-07
 4.0000E-02 4.1198E-01 -6.7590E-01  4.7684E-07  1.0133E-06
 4.0000E-02 4.1389E-01 -6.8664E-01  6.6757E-06  1.0669E-05
 4.0000E-02 4.1581E-01 -6.9675E-01 -7.1526E-07  2.3246E-06
 4.0000E-02 4.1776E-01 -7.0611E-01 -6.9141E-06  3.2783E-06
 4.0000E-02 4.1972E-01 -7.1475E-01 -5.7220E-06  6.2585E-06
 4.0000E-02 4.2170E-01 -7.2231E-01 -4.2915E-06  9.5367E-06
 4.0000E-02 4.2370E-01 -7.2864E-01 -1.5974E-05  1.7881E-07
 4.0000E-02 4.2571E-01 -7.3367E-01 -4.7684E-07  2.7418E-06
 4.0000E-02 4.2775E-01 -7.3735E-01 -3.0994E-06  4.0531E-06
 4.0000E-02 4.2981E-01 -7.3955E-01 -3.5763E-06 -3.9339E-06
 4.0000E-02 4.3188E-01 -7.4020E-01 -1.2398E-05  6.5565E-07
 4.0000E-02 4.3398E-01 -7.3927E-01  1.2875E-05  3.1590E-06
 4.0000E-02 4.3610E-01 -7.3673E-01  1.2398E-05  1.9073E-06
 4.0000E-02 4.3824E-01 -7.3226E-01 -1.0490E-05  5.9605E-07
 4.0000E-02 4.4039E-01 -7.2580E-01  1.2398E-05  2.2054E-06
 4.0000E-02 4.4257E-01 -7.1717E-01 -1.4305E-06  1.1921E-06
 4.0000E-02 4.4478E-01 -7.0613E-01 -4.2915E-06 -1.1325E-06
 4.0000E-02 4.4700E-01 -6.9223E-01 -6.1989E-06 -4.7684E-07
 4.0000E-02 4.4925E-01 -6.7509E-01 -5.7220E-06 -1.3113E-06
 4.0000E-02 4.5152E-01 -6.5416E-01  8.5831E-06  7.7486E-07
 4.0000E-02 4.5381E-01 -6.2874E-01  5.7220E-06 -4.4703E-06
 4.0000E-02 4.5612E-01 -5.9800E-01  6.6757E-06 -1.7285E-06
 4.0000E-02 4.5846E-01 -5.6116E-01  4.7684E-06  8.9407E-07
 4.0000E-02 4.6082E-01 -5.1727E-01 -8.5831E-06  5.9605E-07
 4.0000E-02 4.6321E-01 -4.6528E-01 -6.6757E-06  1.2517E-06
 4.0000E-02 4.6563E-01 -4.0418E-01 -9.0599E-06 -3.2783E-07
 4.0000E-02 4.6806E-01 -3.3331E-01 -6.6757E-06 -3.9041E-06
 4.0000E-02 4.7053E-01 -2.5191E-01 -3.0041E-05  2.9802E-06
 4.0000E-02 4.7302E-01 -1.5953E-01 -6.1989E-06 -2.3842E-07
 4.0000E-02 4.7553E-01 -5.6541E-02 -8.5831E-06 -2.4661E-06
 4.0000E-02 4.7807E-01  5.6532E-02 -7.6294E-06  5.8748E-06
 4.0000E-02 4.8065E-01  1.7884E-01  1.2398E-05 -3.9786E-06
 4.0000E-02 4.8324E-01  3.0890E-01 -1.2398E-05  3.5763E-07
 4.0000E-02 4.8587E-01  4.4455E-01  2.3365E-05 -9.2387E-07
 4.0000E-02 4.8852E-01  5.8365E-01  3.3855E-05  2.4438E-06
 4.0000E-02 4.9121E-01  7.2373E-01  1.8597E-05  1.6689E-06
 4.0000E-02 4.9392E-01  8.6197E-01  6.1989E-06 -1.9073E-06
 4.0000E-02 4.9667E-01  9.9522E-01 -7.4863E-05  4.2915E-06
 4.0000E-02 4.9944E-01  1.1204E+00  2.0504E-05 -1.5616E-05
 4.0000E-02 5.0225E-01  1.2380E+00  7.1526E-06 -1.1921E-05
 4.0000E-02 5.0508E-01  1.3469E+00 -1.7643E-05  2.4915E-05
 4.0000E-02 5.0795E-01  1.4465E+00 -5.1498E-05  2.0742E-05
 4.0000E-02 5.1086E-01  1.5370E+00 -4.7684E-07  1.0371E-05
 4.0000E-02 5.1379E-01  1.6194E+00  2.3365E-05  1.2517E-05
 4.0000E-02 5.1676E-01  1.6951E+00  2.0504E-05  9.5367E-07
 4.0000E-02 5.1977E-01  1.7662E+00  2.3842E-06 -2.2650E-06
 4.0000E-02 5.2281E-01  1.8380E+00  0.0000E+00  2.5034E-06
 4.0000E-02 5.2588E-01  1.9081E+00  6.6757E-06  3.5763E-06
 4.0000E-02 5.2899E-01  1.9737E+00  1.7643E-05  1.5616E-05
 4.0000E-02 5.3214E-01  2.0340E+00  4.7684E-06  1.1683E-05
 4.0000E-02 5.3533E-01  2.0878E+00  2.9564E-05 -4.2915E-06
 4.0000E-02 5.3855E-01  2.1339E+00  1.0014E-05 -2.1935E-05
 4.0000E-02 5.4182E-01  2.1714E+00 -4.3392E-05 -9.0599E-06
 4.0000E-02 5.4512E-01  2.2000E+00  2.1458E-05 -2.5988E-05
 4.0000E-02 5.4847E-01  2.2200E+00  2.0981E-05 -9.7752E-06
 4.0000E-02 5.5185E-01  2.2326E+00  4.7684E-06 -1.3828E-05
 4.0000E-02 5.5528E-01  2.2394E+00 -2.1935E-05 -2.6226E-06
 4.0000E-02 5.5875E-01  2.2413E+00  4.0293E-05  1.2875E-05
 4.0000E-02 5.6226E-01  2.2390E+00  2.0742E-05 -2.0742E-05
 4.0000E-02 5.6582E-01  2.2328E+00 -5.8174E-05  1.9312E-05
 4.0000E-02 5.6943E-01  2.2227E+00 -3.5763E-05  5.7220E-06
 4.0000E-02 5.7308E-01  2.2085E+00  2.9802E-05  8.3447E-06
 4.0000E-02 5.7677E-01  2.1897E+00  3.0279E-05 -4.2915E-06
 4.0000E-02 5.8052E-01  2.1664E+00  2.0742E-05  4.5300E-06
 4.0000E-02 5.8431E-01  2.1383E+00 -2.4796E-05 -2.3842E-07
 4.0000E-02 5.8816E-01  2.1066E+00 -1.3828E-05  4.7684E-07
 4.0000E-02 5.9205E-01  2.0728E+00 -3.6955E-05  1.3113E-05
 4.0000E-02 5.9600E-01  2.0383E+00  4.3869E-05 -9.5367E-07
 4.0000E-02 6.0000E-01  2.0043E+00 -2.2411E-05  2.1935E-05
