 DDSCAT --- DDSCAT 7.3.3 [22.01.20]   
 TARGET --->TARGSPHER  spherical target with explicit spacing                 
 GPFAFT --- method of solution 
 GKDLDR --- prescription for polarizabilities
 FROM_FILE --- shape 
    4169 = NAT0 = number of dipoles
 ../../diel/Pena-Rioux_dielectric_26Au_74Ag                  
 ../../diel/Pena-Rioux_dielectric_65Au_35Ag                  
 ../../diel/Pena-Rioux_dielectric_76Au_24Ag                  
 ../../diel/Au_evap                                          
   0.000   0.000 = beta_min, beta_max ;  NBETA = 1
   0.000   0.000 = theta_min, theta_max; NTHETA= 1
   0.000   0.000 = phi_min, phi_max   ;   NPHI = 1
 0.5000 = ETASCA (param. controlling # of scatt. dirs used to calculate <cos> etc.
 Results averaged over    1 target orientations
                   and  2 incident polarizations
   aeff       wave       Q_ext     Q_abs      Q_sca     g(1)=<cos>  <cos^2>    Q_bk       Nsca
 4.0000E-02 3.0000E-01 2.5662E+00 1.7880E+00 7.7818E-01  2.5390E-01 4.1477E-01 3.9492E-02   408
 4.0000E-02 3.0101E-01 2.5584E+00 1.7872E+00 7.7123E-01  2.5211E-01 4.1457E-01 3.9489E-02   408
 4.0000E-02 3.0203E-01 2.5506E+00 1.7864E+00 7.6429E-01  2.5033E-01 4.1438E-01 3.9479E-02   408
 4.0000E-02 3.0305E-01 2.5428E+00 1.7855E+00 7.5732E-01  2.4856E-01 4.1419E-01 3.9459E-02   408
 4.0000E-02 3.0408E-01 2.5348E+00 1.7845E+00 7.5032E-01  2.4679E-01 4.1400E-01 3.9430E-02   408
 4.0000E-02 3.0512E-01 2.5268E+00 1.7835E+00 7.4329E-01  2.4503E-01 4.1382E-01 3.9392E-02   408
 4.0000E-02 3.0616E-01 2.5187E+00 1.7824E+00 7.3623E-01  2.4328E-01 4.1364E-01 3.9345E-02   408
 4.0000E-02 3.0722E-01 2.5105E+00 1.7813E+00 7.2915E-01  2.4153E-01 4.1346E-01 3.9289E-02   408
 4.0000E-02 3.0828E-01 2.5023E+00 1.7802E+00 7.2214E-01  2.3979E-01 4.1328E-01 3.9231E-02   408
 4.0000E-02 3.0934E-01 2.4947E+00 1.7792E+00 7.1548E-01  2.3802E-01 4.1310E-01 3.9188E-02   408
 4.0000E-02 3.1042E-01 2.4869E+00 1.7782E+00 7.0878E-01  2.3625E-01 4.1292E-01 3.9137E-02   408
 4.0000E-02 3.1150E-01 2.4790E+00 1.7770E+00 7.0202E-01  2.3450E-01 4.1275E-01 3.9076E-02   408
 4.0000E-02 3.1259E-01 2.4710E+00 1.7758E+00 6.9522E-01  2.3275E-01 4.1257E-01 3.9006E-02   408
 4.0000E-02 3.1368E-01 2.4629E+00 1.7745E+00 6.8840E-01  2.3100E-01 4.1240E-01 3.8929E-02   408
 4.0000E-02 3.1479E-01 2.4547E+00 1.7732E+00 6.8157E-01  2.2935E-01 4.1239E-01 3.8844E-02   362
 4.0000E-02 3.1590E-01 2.4464E+00 1.7717E+00 6.7472E-01  2.2761E-01 4.1222E-01 3.8751E-02   362
 4.0000E-02 3.1702E-01 2.4380E+00 1.7702E+00 6.6785E-01  2.2586E-01 4.1205E-01 3.8651E-02   363
 4.0000E-02 3.1815E-01 2.4291E+00 1.7684E+00 6.6068E-01  2.2414E-01 4.1189E-01 3.8526E-02   363
 4.0000E-02 3.1929E-01 2.4198E+00 1.7665E+00 6.5339E-01  2.2243E-01 4.1174E-01 3.8386E-02   363
 4.0000E-02 3.2043E-01 2.4104E+00 1.7644E+00 6.4604E-01  2.2071E-01 4.1158E-01 3.8235E-02   363
 4.0000E-02 3.2158E-01 2.4010E+00 1.7622E+00 6.3874E-01  2.1900E-01 4.1143E-01 3.8079E-02   363
 4.0000E-02 3.2274E-01 2.3913E+00 1.7599E+00 6.3138E-01  2.1729E-01 4.1127E-01 3.7912E-02   363
 4.0000E-02 3.2391E-01 2.3815E+00 1.7575E+00 6.2396E-01  2.1558E-01 4.1112E-01 3.7734E-02   363
 4.0000E-02 3.2509E-01 2.3714E+00 1.7549E+00 6.1649E-01  2.1388E-01 4.1098E-01 3.7546E-02   363
 4.0000E-02 3.2628E-01 2.3611E+00 1.7521E+00 6.0898E-01  2.1218E-01 4.1083E-01 3.7348E-02   363
 4.0000E-02 3.2747E-01 2.3496E+00 1.7487E+00 6.0091E-01  2.1051E-01 4.1069E-01 3.7104E-02   363
 4.0000E-02 3.2868E-01 2.3383E+00 1.7453E+00 5.9300E-01  2.0883E-01 4.1055E-01 3.6863E-02   363
 4.0000E-02 3.2989E-01 2.3270E+00 1.7418E+00 5.8528E-01  2.0714E-01 4.1041E-01 3.6628E-02   363
 4.0000E-02 3.3111E-01 2.3159E+00 1.7382E+00 5.7775E-01  2.0544E-01 4.1027E-01 3.6399E-02   363
 4.0000E-02 3.3234E-01 2.3049E+00 1.7345E+00 5.7036E-01  2.0372E-01 4.1013E-01 3.6175E-02   363
 4.0000E-02 3.3358E-01 2.2939E+00 1.7308E+00 5.6315E-01  2.0198E-01 4.0999E-01 3.5956E-02   363
 4.0000E-02 3.3483E-01 2.2831E+00 1.7270E+00 5.5615E-01  2.0023E-01 4.0985E-01 3.5748E-02   363
 4.0000E-02 3.3609E-01 2.2731E+00 1.7234E+00 5.4971E-01  1.9843E-01 4.0971E-01 3.5573E-02   363
 4.0000E-02 3.3736E-01 2.2642E+00 1.7202E+00 5.4403E-01  1.9657E-01 4.0956E-01 3.5447E-02   363
 4.0000E-02 3.3864E-01 2.2561E+00 1.7172E+00 5.3885E-01  1.9468E-01 4.0941E-01 3.5352E-02   363
 4.0000E-02 3.3992E-01 2.2487E+00 1.7145E+00 5.3419E-01  1.9276E-01 4.0926E-01 3.5291E-02   363
 4.0000E-02 3.4122E-01 2.2421E+00 1.7120E+00 5.3007E-01  1.9080E-01 4.0910E-01 3.5264E-02   363
 4.0000E-02 3.4253E-01 2.2363E+00 1.7098E+00 5.2650E-01  1.8881E-01 4.0894E-01 3.5274E-02   363
 4.0000E-02 3.4385E-01 2.2313E+00 1.7078E+00 5.2348E-01  1.8678E-01 4.0879E-01 3.5321E-02   363
 4.0000E-02 3.4517E-01 2.2275E+00 1.7063E+00 5.2120E-01  1.8472E-01 4.0863E-01 3.5419E-02   363
 4.0000E-02 3.4651E-01 2.2251E+00 1.7054E+00 5.1971E-01  1.8262E-01 4.0846E-01 3.5572E-02   363
 4.0000E-02 3.4786E-01 2.2238E+00 1.7049E+00 5.1886E-01  1.8049E-01 4.0830E-01 3.5769E-02   363
 4.0000E-02 3.4922E-01 2.2236E+00 1.7049E+00 5.1866E-01  1.7835E-01 4.0813E-01 3.6013E-02   363
 4.0000E-02 3.5059E-01 2.2245E+00 1.7054E+00 5.1912E-01  1.7619E-01 4.0797E-01 3.6305E-02   363
 4.0000E-02 3.5197E-01 2.2267E+00 1.7064E+00 5.2028E-01  1.7401E-01 4.0780E-01 3.6648E-02   363
 4.0000E-02 3.5336E-01 2.2300E+00 1.7079E+00 5.2215E-01  1.7182E-01 4.0764E-01 3.7044E-02   363
 4.0000E-02 3.5476E-01 2.2349E+00 1.7101E+00 5.2479E-01  1.6962E-01 4.0747E-01 3.7497E-02   363
 4.0000E-02 3.5618E-01 2.2410E+00 1.7129E+00 5.2813E-01  1.6743E-01 4.0730E-01 3.8002E-02   363
 4.0000E-02 3.5760E-01 2.2483E+00 1.7162E+00 5.3210E-01  1.6524E-01 4.0714E-01 3.8557E-02   363
 4.0000E-02 3.5904E-01 2.2568E+00 1.7201E+00 5.3673E-01  1.6304E-01 4.0698E-01 3.9164E-02   363
 4.0000E-02 3.6048E-01 2.2665E+00 1.7245E+00 5.4205E-01  1.6084E-01 4.0681E-01 3.9827E-02   363
 4.0000E-02 3.6194E-01 2.2776E+00 1.7295E+00 5.4808E-01  1.5863E-01 4.0665E-01 4.0549E-02   363
 4.0000E-02 3.6341E-01 2.2900E+00 1.7352E+00 5.5482E-01  1.5643E-01 4.0649E-01 4.1331E-02   363
 4.0000E-02 3.6490E-01 2.3036E+00 1.7414E+00 5.6218E-01  1.5423E-01 4.0633E-01 4.2165E-02   363
 4.0000E-02 3.6639E-01 2.3183E+00 1.7481E+00 5.7016E-01  1.5203E-01 4.0617E-01 4.3055E-02   363
 4.0000E-02 3.6790E-01 2.3342E+00 1.7554E+00 5.7880E-01  1.4984E-01 4.0602E-01 4.4004E-02   363
 4.0000E-02 3.6942E-01 2.3515E+00 1.7633E+00 5.8813E-01  1.4764E-01 4.0586E-01 4.5014E-02   363
 4.0000E-02 3.7095E-01 2.3700E+00 1.7718E+00 5.9817E-01  1.4544E-01 4.0571E-01 4.6092E-02   363
 4.0000E-02 3.7250E-01 2.3898E+00 1.7809E+00 6.0894E-01  1.4325E-01 4.0556E-01 4.7236E-02   363
 4.0000E-02 3.7406E-01 2.4108E+00 1.7906E+00 6.2029E-01  1.4105E-01 4.0541E-01 4.8440E-02   363
 4.0000E-02 3.7563E-01 2.4330E+00 1.8007E+00 6.3230E-01  1.3885E-01 4.0526E-01 4.9709E-02   363
 4.0000E-02 3.7722E-01 2.4565E+00 1.8115E+00 6.4501E-01  1.3665E-01 4.0511E-01 5.1047E-02   363
 4.0000E-02 3.7881E-01 2.4813E+00 1.8228E+00 6.5846E-01  1.3445E-01 4.0496E-01 5.2460E-02   363
 4.0000E-02 3.8043E-01 2.5075E+00 1.8348E+00 6.7276E-01  1.3223E-01 4.0482E-01 5.3959E-02   363
 4.0000E-02 3.8205E-01 2.5350E+00 1.8473E+00 6.8771E-01  1.3002E-01 4.0468E-01 5.5529E-02   363
 4.0000E-02 3.8369E-01 2.5636E+00 1.8604E+00 7.0328E-01  1.2779E-01 4.0454E-01 5.7170E-02   363
 4.0000E-02 3.8534E-01 2.5936E+00 1.8740E+00 7.1964E-01  1.2556E-01 4.0440E-01 5.8896E-02   363
 4.0000E-02 3.8701E-01 2.6251E+00 1.8882E+00 7.3684E-01  1.2333E-01 4.0426E-01 6.0712E-02   363
 4.0000E-02 3.8870E-01 2.6581E+00 1.9031E+00 7.5494E-01  1.2109E-01 4.0413E-01 6.2626E-02   363
 4.0000E-02 3.9039E-01 2.6927E+00 1.9188E+00 7.7397E-01  1.1892E-01 4.0417E-01 6.4642E-02   323
 4.0000E-02 3.9211E-01 2.7288E+00 1.9350E+00 7.9383E-01  1.1667E-01 4.0404E-01 6.6753E-02   323
 4.0000E-02 3.9383E-01 2.7665E+00 1.9519E+00 8.1467E-01  1.1441E-01 4.0391E-01 6.8974E-02   323
 4.0000E-02 3.9558E-01 2.8059E+00 1.9694E+00 8.3653E-01  1.1215E-01 4.0379E-01 7.1311E-02   323
 4.0000E-02 3.9733E-01 2.8472E+00 1.9877E+00 8.5948E-01  1.0988E-01 4.0366E-01 7.3771E-02   323
 4.0000E-02 3.9911E-01 2.8905E+00 2.0068E+00 8.8365E-01  1.0760E-01 4.0354E-01 7.6369E-02   323
 4.0000E-02 4.0090E-01 2.9355E+00 2.0266E+00 9.0893E-01  1.0531E-01 4.0342E-01 7.9095E-02   323
 4.0000E-02 4.0270E-01 2.9826E+00 2.0471E+00 9.3547E-01  1.0303E-01 4.0331E-01 8.1967E-02   323
 4.0000E-02 4.0452E-01 3.0318E+00 2.0685E+00 9.6337E-01  1.0073E-01 4.0319E-01 8.4998E-02   323
 4.0000E-02 4.0636E-01 3.0833E+00 2.0906E+00 9.9271E-01  9.8422E-02 4.0308E-01 8.8196E-02   323
 4.0000E-02 4.0822E-01 3.1372E+00 2.1137E+00 1.0235E+00  9.6107E-02 4.0297E-01 9.1569E-02   323
 4.0000E-02 4.1009E-01 3.1934E+00 2.1374E+00 1.0559E+00  9.3783E-02 4.0286E-01 9.5128E-02   323
 4.0000E-02 4.1198E-01 3.2522E+00 2.1622E+00 1.0901E+00  9.1450E-02 4.0275E-01 9.8895E-02   323
 4.0000E-02 4.1389E-01 3.3139E+00 2.1878E+00 1.1261E+00  8.9107E-02 4.0265E-01 1.0288E-01   323
 4.0000E-02 4.1581E-01 3.3785E+00 2.2144E+00 1.1640E+00  8.6748E-02 4.0254E-01 1.0710E-01   323
 4.0000E-02 4.1776E-01 3.4461E+00 2.2421E+00 1.2040E+00  8.4380E-02 4.0244E-01 1.1157E-01   323
 4.0000E-02 4.1972E-01 3.5172E+00 2.2708E+00 1.2464E+00  8.2002E-02 4.0235E-01 1.1632E-01   323
 4.0000E-02 4.2170E-01 3.5918E+00 2.3006E+00 1.2912E+00  7.9615E-02 4.0225E-01 1.2137E-01   323
 4.0000E-02 4.2370E-01 3.6702E+00 2.3316E+00 1.3385E+00  7.7218E-02 4.0216E-01 1.2673E-01   323
 4.0000E-02 4.2571E-01 3.7522E+00 2.3638E+00 1.3885E+00  7.4814E-02 4.0207E-01 1.3241E-01   323
 4.0000E-02 4.2775E-01 3.8383E+00 2.3971E+00 1.4412E+00  7.2404E-02 4.0199E-01 1.3843E-01   323
 4.0000E-02 4.2981E-01 3.9287E+00 2.4317E+00 1.4970E+00  6.9990E-02 4.0190E-01 1.4483E-01   323
 4.0000E-02 4.3188E-01 4.0232E+00 2.4676E+00 1.5557E+00  6.7579E-02 4.0182E-01 1.5161E-01   323
 4.0000E-02 4.3398E-01 4.1219E+00 2.5045E+00 1.6174E+00  6.5173E-02 4.0175E-01 1.5876E-01   323
 4.0000E-02 4.3610E-01 4.2247E+00 2.5425E+00 1.6822E+00  6.2774E-02 4.0167E-01 1.6631E-01   323
 4.0000E-02 4.3824E-01 4.3319E+00 2.5816E+00 1.7503E+00  6.0379E-02 4.0160E-01 1.7429E-01   323
 4.0000E-02 4.4039E-01 4.4434E+00 2.6216E+00 1.8218E+00  5.7992E-02 4.0154E-01 1.8270E-01   323
 4.0000E-02 4.4257E-01 4.5593E+00 2.6625E+00 1.8968E+00  5.5612E-02 4.0148E-01 1.9158E-01   323
 4.0000E-02 4.4478E-01 4.6799E+00 2.7042E+00 1.9757E+00  5.3239E-02 4.0142E-01 2.0096E-01   323
 4.0000E-02 4.4700E-01 4.8053E+00 2.7466E+00 2.0587E+00  5.0868E-02 4.0136E-01 2.1089E-01   323
 4.0000E-02 4.4925E-01 4.9354E+00 2.7895E+00 2.1459E+00  4.8497E-02 4.0130E-01 2.2137E-01   323
 4.0000E-02 4.5152E-01 5.0705E+00 2.8328E+00 2.2376E+00  4.6123E-02 4.0125E-01 2.3245E-01   323
 4.0000E-02 4.5381E-01 5.2104E+00 2.8763E+00 2.3341E+00  4.3738E-02 4.0121E-01 2.4418E-01   323
 4.0000E-02 4.5612E-01 5.3551E+00 2.9199E+00 2.4352E+00  4.1359E-02 4.0116E-01 2.5655E-01   323
 4.0000E-02 4.5846E-01 5.5038E+00 2.9631E+00 2.5407E+00  3.8997E-02 4.0112E-01 2.6952E-01   323
 4.0000E-02 4.6082E-01 5.6559E+00 3.0058E+00 2.6502E+00  3.6662E-02 4.0109E-01 2.8306E-01   323
 4.0000E-02 4.6321E-01 5.8107E+00 3.0474E+00 2.7632E+00  3.4365E-02 4.0106E-01 2.9711E-01   323
 4.0000E-02 4.6563E-01 5.9664E+00 3.0877E+00 2.8787E+00  3.2125E-02 4.0103E-01 3.1153E-01   323
 4.0000E-02 4.6806E-01 6.1213E+00 3.1259E+00 2.9954E+00  2.9960E-02 4.0101E-01 3.2617E-01   323
 4.0000E-02 4.7053E-01 6.2734E+00 3.1615E+00 3.1120E+00  2.7881E-02 4.0100E-01 3.4085E-01   323
 4.0000E-02 4.7302E-01 6.4196E+00 3.1936E+00 3.2260E+00  2.5901E-02 4.0099E-01 3.5530E-01   323
 4.0000E-02 4.7553E-01 6.5569E+00 3.2215E+00 3.3353E+00  2.4034E-02 4.0098E-01 3.6923E-01   323
 4.0000E-02 4.7807E-01 6.6823E+00 3.2442E+00 3.4381E+00  2.2279E-02 4.0098E-01 3.8241E-01   323
 4.0000E-02 4.8065E-01 6.7927E+00 3.2607E+00 3.5320E+00  2.0635E-02 4.0098E-01 3.9457E-01   323
 4.0000E-02 4.8324E-01 6.8843E+00 3.2701E+00 3.6142E+00  1.9101E-02 4.0098E-01 4.0537E-01   323
 4.0000E-02 4.8587E-01 6.9540E+00 3.2714E+00 3.6826E+00  1.7668E-02 4.0099E-01 4.1455E-01   323
 4.0000E-02 4.8852E-01 6.9985E+00 3.2638E+00 3.7347E+00  1.6329E-02 4.0099E-01 4.2181E-01   323
 4.0000E-02 4.9121E-01 7.0149E+00 3.2470E+00 3.7679E+00  1.5073E-02 4.0099E-01 4.2686E-01   323
 4.0000E-02 4.9392E-01 7.0019E+00 3.2210E+00 3.7809E+00  1.3892E-02 4.0100E-01 4.2952E-01   323
 4.0000E-02 4.9667E-01 6.9594E+00 3.1865E+00 3.7729E+00  1.2785E-02 4.0100E-01 4.2969E-01   323
 4.0000E-02 4.9944E-01 6.8898E+00 3.1451E+00 3.7447E+00  1.1754E-02 4.0100E-01 4.2746E-01   323
 4.0000E-02 5.0225E-01 6.7956E+00 3.0972E+00 3.6984E+00  1.0774E-02 4.0099E-01 4.2306E-01   323
 4.0000E-02 5.0508E-01 6.6808E+00 3.0442E+00 3.6366E+00  9.8396E-03 4.0099E-01 4.1682E-01   323
 4.0000E-02 5.0795E-01 6.5497E+00 2.9875E+00 3.5622E+00  8.9469E-03 4.0099E-01 4.0906E-01   324
 4.0000E-02 5.1086E-01 6.4073E+00 2.9285E+00 3.4788E+00  8.0933E-03 4.0098E-01 4.0018E-01   324
 4.0000E-02 5.1379E-01 6.2586E+00 2.8683E+00 3.3903E+00  7.3091E-03 4.0118E-01 3.9065E-01   285
 4.0000E-02 5.1676E-01 6.1075E+00 2.8075E+00 3.3000E+00  6.5216E-03 4.0118E-01 3.8085E-01   285
 4.0000E-02 5.1977E-01 5.9574E+00 2.7465E+00 3.2109E+00  5.7611E-03 4.0117E-01 3.7114E-01   285
 4.0000E-02 5.2281E-01 5.8052E+00 2.6804E+00 3.1247E+00  4.9894E-03 4.0117E-01 3.6177E-01   285
 4.0000E-02 5.2588E-01 5.6495E+00 2.6099E+00 3.0395E+00  4.2097E-03 4.0117E-01 3.5250E-01   285
 4.0000E-02 5.2899E-01 5.4923E+00 2.5369E+00 2.9554E+00  3.4361E-03 4.0117E-01 3.4332E-01   285
 4.0000E-02 5.3214E-01 5.3332E+00 2.4609E+00 2.8723E+00  2.6649E-03 4.0118E-01 3.3423E-01   285
 4.0000E-02 5.3533E-01 5.1715E+00 2.3817E+00 2.7898E+00  1.8936E-03 4.0118E-01 3.2518E-01   285
 4.0000E-02 5.3855E-01 5.0066E+00 2.2990E+00 2.7075E+00  1.1204E-03 4.0118E-01 3.1613E-01   285
 4.0000E-02 5.4182E-01 4.8378E+00 2.2129E+00 2.6250E+00  3.4281E-04 4.0119E-01 3.0701E-01   285
 4.0000E-02 5.4512E-01 4.6649E+00 2.1233E+00 2.5416E+00 -4.3982E-04 4.0119E-01 2.9778E-01   285
 4.0000E-02 5.4847E-01 4.4873E+00 2.0304E+00 2.4569E+00 -1.2303E-03 4.0119E-01 2.8836E-01   285
 4.0000E-02 5.5185E-01 4.3073E+00 1.9369E+00 2.3704E+00 -2.0169E-03 4.0119E-01 2.7868E-01   285
 4.0000E-02 5.5528E-01 4.1244E+00 1.8419E+00 2.2825E+00 -2.8113E-03 4.0119E-01 2.6880E-01   285
 4.0000E-02 5.5875E-01 3.9387E+00 1.7458E+00 2.1929E+00 -3.6184E-03 4.0119E-01 2.5869E-01   285
 4.0000E-02 5.6226E-01 3.7513E+00 1.6498E+00 2.1015E+00 -4.4397E-03 4.0118E-01 2.4834E-01   285
 4.0000E-02 5.6582E-01 3.5637E+00 1.5554E+00 2.0083E+00 -5.2765E-03 4.0118E-01 2.3775E-01   285
 4.0000E-02 5.6943E-01 3.3783E+00 1.4645E+00 1.9138E+00 -6.1257E-03 4.0117E-01 2.2696E-01   285
 4.0000E-02 5.7308E-01 3.1982E+00 1.3789E+00 1.8193E+00 -6.9843E-03 4.0117E-01 2.1612E-01   285
 4.0000E-02 5.7677E-01 3.0260E+00 1.2998E+00 1.7261E+00 -7.8495E-03 4.0116E-01 2.0542E-01   285
 4.0000E-02 5.8052E-01 2.8635E+00 1.2275E+00 1.6360E+00 -8.7206E-03 4.0115E-01 1.9504E-01   285
 4.0000E-02 5.8431E-01 2.7106E+00 1.1608E+00 1.5498E+00 -9.6017E-03 4.0115E-01 1.8510E-01   285
 4.0000E-02 5.8816E-01 2.5668E+00 1.0988E+00 1.4681E+00 -1.0492E-02 4.0114E-01 1.7566E-01   285
 4.0000E-02 5.9205E-01 2.4316E+00 1.0408E+00 1.3908E+00 -1.1391E-02 4.0114E-01 1.6672E-01   285
 4.0000E-02 5.9600E-01 2.3042E+00 9.8671E-01 1.3175E+00 -1.2298E-02 4.0113E-01 1.5824E-01   285
 4.0000E-02 6.0000E-01 2.1847E+00 9.3657E-01 1.2481E+00 -1.3212E-02 4.0113E-01 1.5019E-01   285
