 DDSCAT --- DDSCAT 7.3.3 [22.01.20]   
 TARGET --->TARGSPHER  spherical target with explicit spacing                 
 GPFAFT --- method of solution 
 GKDLDR --- prescription for polarizabilities
 FROM_FILE --- shape 
    4169 = NAT0 = number of dipoles
 ../../diel/Pena-Rioux_dielectric_26Au_74Ag                  
 ../../diel/Pena-Rioux_dielectric_65Au_35Ag                  
 ../../diel/Pena-Rioux_dielectric_76Au_24Ag                  
 ../../diel/Au_evap                                          
   0.000   0.000 = beta_min, beta_max ;  NBETA = 1
   0.000   0.000 = theta_min, theta_max; NTHETA= 1
   0.000   0.000 = phi_min, phi_max   ;   NPHI = 1
 Results averaged over    1 target orientations
                   and  2 incident polarizations
   aeff       wave       Q_pha       Q_pol       Q_cpol
 4.0000E-02 3.0000E-01 -3.0272E-02  2.3842E-06 -3.9116E-08
 4.0000E-02 3.0101E-01 -2.8989E-02  9.5367E-07 -9.3132E-09
 4.0000E-02 3.0203E-01 -2.8005E-02  5.9605E-06  3.5390E-08
 4.0000E-02 3.0305E-01 -2.7191E-02 -7.1526E-07 -3.5390E-08
 4.0000E-02 3.0408E-01 -2.6555E-02  1.4305E-06 -7.0781E-08
 4.0000E-02 3.0512E-01 -2.6100E-02  1.1921E-06 -9.6858E-08
 4.0000E-02 3.0616E-01 -2.5833E-02  2.3842E-07 -5.5879E-08
 4.0000E-02 3.0722E-01 -2.5760E-02  2.3842E-07 -9.8720E-08
 4.0000E-02 3.0828E-01 -2.5859E-02 -1.4305E-06  2.9802E-08
 4.0000E-02 3.0934E-01 -2.6025E-02  0.0000E+00 -1.8626E-08
 4.0000E-02 3.1042E-01 -2.6342E-02  0.0000E+00  9.4995E-08
 4.0000E-02 3.1150E-01 -2.6680E-02 -3.5763E-06  3.7253E-08
 4.0000E-02 3.1259E-01 -2.7139E-02 -4.7684E-06 -7.8231E-08
 4.0000E-02 3.1368E-01 -2.7770E-02  7.1526E-07 -1.0617E-07
 4.0000E-02 3.1479E-01 -2.8580E-02  1.1921E-06 -8.9407E-08
 4.0000E-02 3.1590E-01 -2.9574E-02 -2.1458E-06 -1.0058E-07
 4.0000E-02 3.1702E-01 -3.0755E-02  2.3842E-07 -6.7055E-08
 4.0000E-02 3.1815E-01 -3.1739E-02  9.5367E-07 -1.1176E-08
 4.0000E-02 3.1929E-01 -3.2934E-02  4.7684E-07  5.2154E-08
 4.0000E-02 3.2043E-01 -3.4431E-02 -5.0068E-06  3.3528E-08
 4.0000E-02 3.2158E-01 -3.6512E-02  0.0000E+00  5.5879E-08
 4.0000E-02 3.2274E-01 -3.8886E-02 -1.4305E-06 -1.5274E-07
 4.0000E-02 3.2391E-01 -4.1564E-02 -5.2452E-06  7.4506E-08
 4.0000E-02 3.2509E-01 -4.4553E-02 -1.4305E-06 -1.1176E-08
 4.0000E-02 3.2628E-01 -4.7863E-02  2.8610E-06  4.8429E-08
 4.0000E-02 3.2747E-01 -5.2054E-02 -4.7684E-06 -1.0431E-07
 4.0000E-02 3.2868E-01 -5.6737E-02 -2.3842E-07 -1.8626E-08
 4.0000E-02 3.2989E-01 -6.1903E-02 -4.0531E-06 -5.9605E-08
 4.0000E-02 3.3111E-01 -6.7567E-02  1.1921E-06 -1.4156E-07
 4.0000E-02 3.3234E-01 -7.3587E-02  2.3842E-06 -1.3411E-07
 4.0000E-02 3.3358E-01 -8.0038E-02 -3.0994E-06 -5.9605E-08
 4.0000E-02 3.3483E-01 -8.7006E-02  1.1921E-06 -1.2666E-07
 4.0000E-02 3.3609E-01 -9.4716E-02  5.0068E-06 -3.7253E-08
 4.0000E-02 3.3736E-01 -1.0308E-01  4.7684E-07  5.9605E-08
 4.0000E-02 3.3864E-01 -1.1186E-01 -9.5367E-07  2.9802E-08
 4.0000E-02 3.3992E-01 -1.2106E-01  2.6226E-06 -2.2352E-08
 4.0000E-02 3.4122E-01 -1.3069E-01 -4.7684E-07 -5.9605E-08
 4.0000E-02 3.4253E-01 -1.4077E-01  7.1526E-07  1.1921E-07
 4.0000E-02 3.4385E-01 -1.5130E-01 -4.7684E-07  2.9802E-07
 4.0000E-02 3.4517E-01 -1.6224E-01  4.2915E-06 -4.4703E-08
 4.0000E-02 3.4651E-01 -1.7335E-01  2.3842E-07 -4.4703E-08
 4.0000E-02 3.4786E-01 -1.8472E-01 -1.6689E-06 -1.0431E-07
 4.0000E-02 3.4922E-01 -1.9634E-01  1.1921E-06  4.4703E-08
 4.0000E-02 3.5059E-01 -2.0824E-01 -2.3842E-07 -1.1921E-07
 4.0000E-02 3.5197E-01 -2.2041E-01  1.1921E-06  1.9372E-07
 4.0000E-02 3.5336E-01 -2.3287E-01  2.3842E-07  2.2352E-07
 4.0000E-02 3.5476E-01 -2.4547E-01 -7.1526E-07 -2.2352E-07
 4.0000E-02 3.5618E-01 -2.5817E-01  1.9073E-06  0.0000E+00
 4.0000E-02 3.5760E-01 -2.7100E-01  2.3842E-06 -2.0862E-07
 4.0000E-02 3.5904E-01 -2.8394E-01 -1.1921E-06  2.6822E-07
 4.0000E-02 3.6048E-01 -2.9702E-01 -3.8147E-06  5.0664E-07
 4.0000E-02 3.6194E-01 -3.1023E-01  2.8610E-06  2.0862E-07
 4.0000E-02 3.6341E-01 -3.2351E-01  2.1458E-06  4.7684E-07
 4.0000E-02 3.6490E-01 -3.3676E-01 -1.9073E-06 -6.2585E-07
 4.0000E-02 3.6639E-01 -3.5005E-01 -3.5763E-06  2.3842E-07
 4.0000E-02 3.6790E-01 -3.6337E-01 -6.9141E-06  1.4901E-07
 4.0000E-02 3.6942E-01 -3.7672E-01  2.6226E-06 -5.3644E-07
 4.0000E-02 3.7095E-01 -3.9010E-01  1.9073E-06  1.4901E-07
 4.0000E-02 3.7250E-01 -4.0347E-01  3.3379E-06 -4.7684E-07
 4.0000E-02 3.7406E-01 -4.1676E-01  2.1458E-06  1.7881E-07
 4.0000E-02 3.7563E-01 -4.3005E-01 -3.5763E-06  5.3644E-07
 4.0000E-02 3.7722E-01 -4.4332E-01 -4.7684E-07  4.4703E-07
 4.0000E-02 3.7881E-01 -4.5657E-01 -1.6689E-06 -9.8348E-07
 4.0000E-02 3.8043E-01 -4.6980E-01  1.6689E-06  9.8348E-07
 4.0000E-02 3.8205E-01 -4.8289E-01 -1.6689E-06  2.0862E-07
 4.0000E-02 3.8369E-01 -4.9590E-01 -9.5367E-07  2.3842E-06
 4.0000E-02 3.8534E-01 -5.0888E-01  4.7684E-07  1.2517E-06
 4.0000E-02 3.8701E-01 -5.2181E-01 -4.7684E-06  1.7881E-07
 4.0000E-02 3.8870E-01 -5.3466E-01  8.1062E-06  1.7285E-06
 4.0000E-02 3.9039E-01 -5.4740E-01 -1.4782E-05  1.7881E-06
 4.0000E-02 3.9211E-01 -5.6002E-01 -1.4782E-05  3.2187E-06
 4.0000E-02 3.9383E-01 -5.7259E-01  2.3842E-07  1.1921E-07
 4.0000E-02 3.9558E-01 -5.8506E-01 -2.3842E-06 -1.3709E-06
 4.0000E-02 3.9733E-01 -5.9741E-01  3.5763E-06 -4.1723E-07
 4.0000E-02 3.9911E-01 -6.0962E-01  0.0000E+00  6.5565E-07
 4.0000E-02 4.0090E-01 -6.2167E-01 -4.2915E-06  9.5367E-07
 4.0000E-02 4.0270E-01 -6.3360E-01  3.0994E-06 -1.3709E-06
 4.0000E-02 4.0452E-01 -6.4537E-01  9.2983E-06  1.0729E-06
 4.0000E-02 4.0636E-01 -6.5691E-01  2.3842E-06 -7.1526E-07
 4.0000E-02 4.0822E-01 -6.6817E-01  2.8610E-06 -3.0398E-06
 4.0000E-02 4.1009E-01 -6.7923E-01 -4.5300E-06  2.9802E-07
 4.0000E-02 4.1198E-01 -6.9002E-01  6.4373E-06  8.3447E-07
 4.0000E-02 4.1389E-01 -7.0042E-01  2.1458E-06 -4.7684E-07
 4.0000E-02 4.1581E-01 -7.1033E-01 -4.7684E-07 -1.4305E-06
 4.0000E-02 4.1776E-01 -7.1970E-01 -9.5367E-07  1.0133E-06
 4.0000E-02 4.1972E-01 -7.2865E-01  7.1526E-07  3.5763E-07
 4.0000E-02 4.2170E-01 -7.3683E-01 -8.5831E-06  7.1526E-07
 4.0000E-02 4.2370E-01 -7.4413E-01  4.2915E-06 -1.9073E-06
 4.0000E-02 4.2571E-01 -7.5044E-01 -4.0531E-06  1.4901E-06
 4.0000E-02 4.2775E-01 -7.5564E-01 -4.5300E-06 -3.5763E-07
 4.0000E-02 4.2981E-01 -7.5949E-01  1.6928E-05  7.1526E-07
 4.0000E-02 4.3188E-01 -7.6181E-01  5.2452E-06 -1.1325E-06
 4.0000E-02 4.3398E-01 -7.6247E-01  3.3379E-06 -6.5565E-07
 4.0000E-02 4.3610E-01 -7.6134E-01 -6.6757E-06  3.0398E-06
 4.0000E-02 4.3824E-01 -7.5804E-01  9.5367E-06 -3.8147E-06
 4.0000E-02 4.4039E-01 -7.5250E-01  3.3379E-06  5.9605E-07
 4.0000E-02 4.4257E-01 -7.4452E-01  3.8147E-06 -1.7285E-06
 4.0000E-02 4.4478E-01 -7.3386E-01 -1.2398E-05 -1.9073E-06
 4.0000E-02 4.4700E-01 -7.2009E-01  0.0000E+00  4.7684E-07
 4.0000E-02 4.4925E-01 -7.0288E-01 -1.0014E-05 -2.7418E-06
 4.0000E-02 4.5152E-01 -6.8177E-01 -2.3842E-06  5.9605E-07
 4.0000E-02 4.5381E-01 -6.5620E-01 -4.7684E-07 -1.1921E-07
 4.0000E-02 4.5612E-01 -6.2551E-01 -5.7220E-06 -3.4571E-06
 4.0000E-02 4.5846E-01 -5.8909E-01  1.8597E-05  4.5300E-06
 4.0000E-02 4.6082E-01 -5.4627E-01 -2.8610E-06  5.9605E-08
 4.0000E-02 4.6321E-01 -4.9626E-01  9.5367E-06  2.7418E-06
 4.0000E-02 4.6563E-01 -4.3825E-01  2.4319E-05  2.9802E-06
 4.0000E-02 4.6806E-01 -3.7176E-01 -4.2915E-06 -4.7684E-07
 4.0000E-02 4.7053E-01 -2.9609E-01 -7.6294E-06 -1.7881E-06
 4.0000E-02 4.7302E-01 -2.1067E-01  1.3351E-05 -9.5367E-07
 4.0000E-02 4.7553E-01 -1.1553E-01  1.3828E-05 -2.8387E-06
 4.0000E-02 4.7807E-01 -1.0819E-02 -8.5831E-06  3.3621E-07
 4.0000E-02 4.8065E-01  1.0321E-01 -4.7684E-06  6.8545E-07
 4.0000E-02 4.8324E-01  2.2583E-01  2.6703E-05 -2.9653E-06
 4.0000E-02 4.8587E-01  3.5577E-01  3.8147E-06  1.2219E-06
 4.0000E-02 4.8852E-01  4.9162E-01 -2.3842E-06  5.3644E-07
 4.0000E-02 4.9121E-01  6.3133E-01  8.5831E-06 -7.7486E-07
 4.0000E-02 4.9392E-01  7.7223E-01 -3.8147E-06  4.0531E-06
 4.0000E-02 4.9667E-01  9.1104E-01 -1.3351E-05 -2.0266E-06
 4.0000E-02 4.9944E-01  1.0441E+00  1.7166E-05  4.7684E-07
 4.0000E-02 5.0225E-01  1.1706E+00  9.5367E-07  2.0266E-06
 4.0000E-02 5.0508E-01  1.2888E+00 -5.2452E-06  1.1921E-07
 4.0000E-02 5.0795E-01  1.3974E+00  1.6212E-05  2.8610E-06
 4.0000E-02 5.1086E-01  1.4959E+00  6.1989E-06  2.9802E-06
 4.0000E-02 5.1379E-01  1.5846E+00  2.3842E-05 -5.4836E-06
 4.0000E-02 5.1676E-01  1.6643E+00 -7.1526E-06 -1.5020E-05
 4.0000E-02 5.1977E-01  1.7365E+00 -3.8147E-06  0.0000E+00
 4.0000E-02 5.2281E-01  1.8060E+00  3.0994E-05 -8.5831E-06
 4.0000E-02 5.2588E-01  1.8722E+00  2.0504E-05 -4.2915E-06
 4.0000E-02 5.2899E-01  1.9339E+00 -4.7684E-06 -7.9870E-06
 4.0000E-02 5.3214E-01  1.9918E+00 -2.3842E-06  1.3828E-05
 4.0000E-02 5.3533E-01  2.0460E+00  0.0000E+00 -2.3842E-06
 4.0000E-02 5.3855E-01  2.0966E+00  8.1062E-06  1.6689E-06
 4.0000E-02 5.4182E-01  2.1436E+00 -7.6294E-06 -4.2915E-06
 4.0000E-02 5.4512E-01  2.1867E+00  3.7670E-05  3.8385E-05
 4.0000E-02 5.4847E-01  2.2255E+00  7.1049E-05  1.2159E-05
 4.0000E-02 5.5185E-01  2.2584E+00  1.2875E-05  1.0967E-05
 4.0000E-02 5.5528E-01  2.2860E+00  4.3869E-05  3.4332E-05
 4.0000E-02 5.5875E-01  2.3080E+00  2.8849E-05 -4.0531E-06
 4.0000E-02 5.6226E-01  2.3236E+00  3.3140E-05 -5.7220E-06
 4.0000E-02 5.6582E-01  2.3324E+00 -2.1935E-05  8.1062E-06
 4.0000E-02 5.6943E-01  2.3338E+00 -3.3617E-05 -1.6689E-05
 4.0000E-02 5.7308E-01  2.3280E+00  2.0742E-05 -4.7684E-06
 4.0000E-02 5.7677E-01  2.3158E+00  7.3910E-06  3.9816E-05
 4.0000E-02 5.8052E-01  2.2986E+00 -4.1246E-05 -4.7684E-07
 4.0000E-02 5.8431E-01  2.2778E+00 -3.3379E-05 -2.0266E-05
 4.0000E-02 5.8816E-01  2.2545E+00  0.0000E+00  9.2983E-06
 4.0000E-02 5.9205E-01  2.2293E+00 -3.2663E-05  2.7418E-05
 4.0000E-02 5.9600E-01  2.2024E+00 -4.3392E-05  2.3842E-07
 4.0000E-02 6.0000E-01  2.1741E+00  1.7643E-05  1.0490E-05
