 DDSCAT --- DDSCAT 7.3.3 [22.01.20]   
 TARGET --->TARGSPHER  spherical target with explicit spacing                 
 GPFAFT --- method of solution 
 GKDLDR --- prescription for polarizabilities
 FROM_FILE --- shape 
    4169 = NAT0 = number of dipoles
 ../../diel/Pena-Rioux_dielectric_26Au_74Ag                  
 ../../diel/Pena-Rioux_dielectric_34Au_66Ag                  
 ../../diel/Pena-Rioux_dielectric_65Au_35Ag                  
 ../../diel/Pena-Rioux_dielectric_76Au_24Ag                  
 ../../diel/Au_evap                                          
   0.000   0.000 = beta_min, beta_max ;  NBETA = 1
   0.000   0.000 = theta_min, theta_max; NTHETA= 1
   0.000   0.000 = phi_min, phi_max   ;   NPHI = 1
 Results averaged over    1 target orientations
                   and  2 incident polarizations
   aeff       wave       Q_pha       Q_pol       Q_cpol
 4.0000E-02 3.0000E-01 -3.2901E-02 -2.6226E-06  1.1176E-08
 4.0000E-02 3.0101E-01 -3.1687E-02 -2.6226E-06 -1.1921E-07
 4.0000E-02 3.0203E-01 -3.0779E-02 -2.6226E-06  2.2165E-07
 4.0000E-02 3.0305E-01 -3.0050E-02 -5.0068E-06 -5.2154E-08
 4.0000E-02 3.0408E-01 -2.9506E-02  3.8147E-06 -1.6764E-08
 4.0000E-02 3.0512E-01 -2.9152E-02 -3.3379E-06  1.2293E-07
 4.0000E-02 3.0616E-01 -2.8994E-02  4.5300E-06  2.2352E-08
 4.0000E-02 3.0722E-01 -2.9039E-02 -6.4373E-06  6.5193E-08
 4.0000E-02 3.0828E-01 -2.9266E-02 -6.6757E-06  4.8429E-08
 4.0000E-02 3.0934E-01 -2.9581E-02 -6.1989E-06  2.2352E-08
 4.0000E-02 3.1042E-01 -3.0057E-02  3.8147E-06  1.1548E-07
 4.0000E-02 3.1150E-01 -3.0563E-02 -9.5367E-07 -5.5879E-09
 4.0000E-02 3.1259E-01 -3.1201E-02  2.8610E-06 -9.6858E-08
 4.0000E-02 3.1368E-01 -3.2024E-02 -5.9605E-06  7.0781E-08
 4.0000E-02 3.1479E-01 -3.3036E-02  5.0068E-06  1.1548E-07
 4.0000E-02 3.1590E-01 -3.4244E-02  3.0994E-06 -1.1921E-07
 4.0000E-02 3.1702E-01 -3.5652E-02  2.3842E-07 -7.8231E-08
 4.0000E-02 3.1815E-01 -3.6898E-02  3.5763E-06 -1.1548E-07
 4.0000E-02 3.1929E-01 -3.8364E-02 -3.3379E-06  3.3528E-08
 4.0000E-02 3.2043E-01 -4.0138E-02  3.3379E-06 -5.9605E-08
 4.0000E-02 3.2158E-01 -4.2505E-02 -4.0531E-06  1.2666E-07
 4.0000E-02 3.2274E-01 -4.5172E-02 -7.1526E-07  0.0000E+00
 4.0000E-02 3.2391E-01 -4.8147E-02  5.7220E-06 -3.3528E-08
 4.0000E-02 3.2509E-01 -5.1441E-02  2.3842E-06 -7.4506E-09
 4.0000E-02 3.2628E-01 -5.5063E-02 -9.5367E-07 -4.4703E-08
 4.0000E-02 3.2747E-01 -5.9555E-02  1.4305E-06 -8.9407E-08
 4.0000E-02 3.2868E-01 -6.4529E-02  2.3842E-06  1.4901E-08
 4.0000E-02 3.2989E-01 -6.9976E-02  7.3910E-06 -4.4703E-08
 4.0000E-02 3.3111E-01 -7.5910E-02 -1.9073E-06  2.9802E-08
 4.0000E-02 3.3234E-01 -8.2185E-02  2.6226E-06  1.5646E-07
 4.0000E-02 3.3358E-01 -8.8878E-02 -8.1062E-06  2.9802E-07
 4.0000E-02 3.3483E-01 -9.6074E-02 -5.4836E-06 -1.4901E-08
 4.0000E-02 3.3609E-01 -1.0397E-01 -5.7220E-06 -9.6858E-08
 4.0000E-02 3.3736E-01 -1.1247E-01  6.6757E-06 -7.4506E-09
 4.0000E-02 3.3864E-01 -1.2137E-01 -2.3842E-07  2.2352E-08
 4.0000E-02 3.3992E-01 -1.3066E-01  1.4305E-06 -1.1921E-07
 4.0000E-02 3.4122E-01 -1.4037E-01 -4.5300E-06  2.0862E-07
 4.0000E-02 3.4253E-01 -1.5051E-01 -5.9605E-06  2.8312E-07
 4.0000E-02 3.4385E-01 -1.6108E-01 -5.4836E-06  1.6391E-07
 4.0000E-02 3.4517E-01 -1.7203E-01  2.8610E-06 -2.9802E-08
 4.0000E-02 3.4651E-01 -1.8314E-01  2.6226E-06  7.4506E-08
 4.0000E-02 3.4786E-01 -1.9450E-01  5.2452E-06  8.9407E-08
 4.0000E-02 3.4922E-01 -2.0613E-01  4.7684E-07 -1.7881E-07
 4.0000E-02 3.5059E-01 -2.1803E-01  4.7684E-07  2.9802E-08
 4.0000E-02 3.5197E-01 -2.3021E-01 -9.5367E-06 -1.0431E-07
 4.0000E-02 3.5336E-01 -2.4268E-01 -1.6689E-06  1.4901E-08
 4.0000E-02 3.5476E-01 -2.5532E-01  1.9073E-06  4.4703E-07
 4.0000E-02 3.5618E-01 -2.6809E-01 -2.8610E-06  1.7881E-07
 4.0000E-02 3.5760E-01 -2.8102E-01 -4.0531E-06  5.9605E-08
 4.0000E-02 3.5904E-01 -2.9411E-01  2.3842E-07  4.4703E-07
 4.0000E-02 3.6048E-01 -3.0736E-01 -2.3842E-07 -8.0466E-07
 4.0000E-02 3.6194E-01 -3.2078E-01  9.5367E-07  5.0664E-07
 4.0000E-02 3.6341E-01 -3.3434E-01  6.9141E-06  2.6822E-07
 4.0000E-02 3.6490E-01 -3.4793E-01 -1.9073E-06 -8.9407E-08
 4.0000E-02 3.6639E-01 -3.6161E-01 -2.8610E-06  4.1723E-07
 4.0000E-02 3.6790E-01 -3.7539E-01 -3.8147E-06  8.9407E-08
 4.0000E-02 3.6942E-01 -3.8923E-01  3.0994E-06  2.6822E-07
 4.0000E-02 3.7095E-01 -4.0317E-01 -1.1921E-06 -4.7684E-07
 4.0000E-02 3.7250E-01 -4.1716E-01 -3.0994E-06  5.3644E-07
 4.0000E-02 3.7406E-01 -4.3116E-01  1.4305E-06 -8.9407E-08
 4.0000E-02 3.7563E-01 -4.4521E-01  1.1921E-06  0.0000E+00
 4.0000E-02 3.7722E-01 -4.5928E-01 -4.0531E-06  1.4901E-07
 4.0000E-02 3.7881E-01 -4.7339E-01  7.1526E-06  2.9802E-08
 4.0000E-02 3.8043E-01 -4.8751E-01 -3.3379E-06  1.5795E-06
 4.0000E-02 3.8205E-01 -5.0158E-01  9.5367E-07  1.7881E-07
 4.0000E-02 3.8369E-01 -5.1559E-01 -4.7684E-07  6.5565E-07
 4.0000E-02 3.8534E-01 -5.2959E-01  1.0967E-05 -7.1526E-07
 4.0000E-02 3.8701E-01 -5.4357E-01  7.1526E-07 -4.7684E-07
 4.0000E-02 3.8870E-01 -5.5751E-01  2.1458E-06 -2.2650E-06
 4.0000E-02 3.9039E-01 -5.7136E-01 -1.6689E-06 -2.2054E-06
 4.0000E-02 3.9211E-01 -5.8507E-01  7.1526E-07 -8.9407E-07
 4.0000E-02 3.9383E-01 -5.9870E-01  2.8610E-06  2.2054E-06
 4.0000E-02 3.9558E-01 -6.1221E-01 -1.1921E-06  1.1921E-07
 4.0000E-02 3.9733E-01 -6.2556E-01 -3.3379E-06  4.7684E-07
 4.0000E-02 3.9911E-01 -6.3871E-01  5.4836E-06  3.9339E-06
 4.0000E-02 4.0090E-01 -6.5161E-01 -6.9141E-06  1.3709E-06
 4.0000E-02 4.0270E-01 -6.6428E-01  7.1526E-07 -4.7088E-06
 4.0000E-02 4.0452E-01 -6.7666E-01  4.7684E-06 -2.8014E-06
 4.0000E-02 4.0636E-01 -6.8868E-01  7.1526E-06 -2.1458E-06
 4.0000E-02 4.0822E-01 -7.0025E-01 -1.6689E-06 -8.9407E-07
 4.0000E-02 4.1009E-01 -7.1139E-01  2.1458E-06 -1.7285E-06
 4.0000E-02 4.1198E-01 -7.2206E-01 -4.5300E-06 -1.9073E-06
 4.0000E-02 4.1389E-01 -7.3214E-01 -4.0531E-06 -2.2650E-06
 4.0000E-02 4.1581E-01 -7.4152E-01  7.1526E-07  1.1325E-06
 4.0000E-02 4.1776E-01 -7.5013E-01 -5.7220E-06  2.0266E-06
 4.0000E-02 4.1972E-01 -7.5803E-01 -5.4836E-06  1.6093E-06
 4.0000E-02 4.2170E-01 -7.6496E-01  7.8678E-06 -1.9670E-06
 4.0000E-02 4.2370E-01 -7.7079E-01 -4.0531E-06  7.1526E-07
 4.0000E-02 4.2571E-01 -7.7537E-01  1.0252E-05  2.9802E-07
 4.0000E-02 4.2775E-01 -7.7857E-01 -1.0252E-05  2.3842E-07
 4.0000E-02 4.2981E-01 -7.8020E-01 -3.5763E-06  3.5763E-07
 4.0000E-02 4.3188E-01 -7.8003E-01  1.9073E-06 -9.5367E-07
 4.0000E-02 4.3398E-01 -7.7791E-01 -1.4305E-06 -1.3709E-06
 4.0000E-02 4.3610E-01 -7.7367E-01  8.5831E-06  1.5497E-06
 4.0000E-02 4.3824E-01 -7.6708E-01  2.8610E-06  1.6093E-06
 4.0000E-02 4.4039E-01 -7.5801E-01  2.3842E-06 -2.7418E-06
 4.0000E-02 4.4257E-01 -7.4627E-01 -3.3379E-06  4.1723E-07
 4.0000E-02 4.4478E-01 -7.3169E-01 -1.6212E-05  2.0862E-06
 4.0000E-02 4.4700E-01 -7.1402E-01  6.6757E-06  1.4901E-06
 4.0000E-02 4.4925E-01 -6.9298E-01  1.4305E-06  6.4969E-06
 4.0000E-02 4.5152E-01 -6.6831E-01  1.5736E-05 -1.3709E-06
 4.0000E-02 4.5381E-01 -6.3965E-01  1.6689E-05 -8.5831E-06
 4.0000E-02 4.5612E-01 -6.0662E-01 -1.3351E-05 -3.5763E-06
 4.0000E-02 4.5846E-01 -5.6884E-01 -5.7220E-06 -7.1526E-07
 4.0000E-02 4.6082E-01 -5.2587E-01 -1.0014E-05  1.9670E-06
 4.0000E-02 4.6321E-01 -4.7715E-01 -2.3842E-06  4.7684E-07
 4.0000E-02 4.6563E-01 -4.2199E-01 -7.6294E-06 -2.6226E-06
 4.0000E-02 4.6806E-01 -3.5982E-01  2.2411E-05 -4.0233E-06
 4.0000E-02 4.7053E-01 -2.8992E-01  1.2875E-05  5.3644E-07
 4.0000E-02 4.7302E-01 -2.1152E-01 -3.0041E-05 -1.1176E-06
 4.0000E-02 4.7553E-01 -1.2413E-01 -1.9073E-06  1.7509E-06
 4.0000E-02 4.7807E-01 -2.7403E-02 -6.1989E-06  4.5728E-06
 4.0000E-02 4.8065E-01  7.8893E-02 -2.3842E-05 -8.1733E-06
 4.0000E-02 4.8324E-01  1.9460E-01  9.0599E-06 -6.3777E-06
 4.0000E-02 4.8587E-01  3.1878E-01 -8.5831E-06  3.0398E-06
 4.0000E-02 4.8852E-01  4.5030E-01  1.4782E-05  6.2585E-07
 4.0000E-02 4.9121E-01  5.8739E-01 -1.8120E-05  0.0000E+00
 4.0000E-02 4.9392E-01  7.2746E-01 -1.8120E-05  0.0000E+00
 4.0000E-02 4.9667E-01  8.6729E-01 -2.1935E-05  5.2452E-06
 4.0000E-02 4.9944E-01  1.0033E+00  3.8147E-06 -3.3379E-06
 4.0000E-02 5.0225E-01  1.1343E+00  0.0000E+00  4.7684E-07
 4.0000E-02 5.0508E-01  1.2583E+00 -3.3379E-06  1.0729E-06
 4.0000E-02 5.0795E-01  1.3739E+00 -6.6757E-06 -2.9802E-06
 4.0000E-02 5.1086E-01  1.4799E+00  1.2875E-05  3.5763E-07
 4.0000E-02 5.1379E-01  1.5762E+00  1.3351E-05  8.4639E-06
 4.0000E-02 5.1676E-01  1.6634E+00  1.0490E-05  5.9605E-07
 4.0000E-02 5.1977E-01  1.7424E+00  1.9073E-06  5.1260E-06
 4.0000E-02 5.2281E-01  1.8177E+00 -3.3855E-05 -2.5034E-06
 4.0000E-02 5.2588E-01  1.8887E+00 -9.5367E-06  1.0490E-05
 4.0000E-02 5.2899E-01  1.9542E+00  1.7643E-05 -7.7486E-06
 4.0000E-02 5.3214E-01  2.0148E+00 -1.9073E-05 -3.3379E-06
 4.0000E-02 5.3533E-01  2.0706E+00  1.9073E-05  1.4305E-06
 4.0000E-02 5.3855E-01  2.1218E+00  5.7220E-06  1.1206E-05
 4.0000E-02 5.4182E-01  2.1684E+00 -1.9073E-06 -1.9073E-06
 4.0000E-02 5.4512E-01  2.2101E+00  3.2902E-05 -1.4305E-06
 4.0000E-02 5.4847E-01  2.2471E+00 -6.5804E-05 -3.0994E-06
 4.0000E-02 5.5185E-01  2.2781E+00  2.5272E-05  1.9312E-05
 4.0000E-02 5.5528E-01  2.3039E+00  6.6757E-06 -7.1526E-07
 4.0000E-02 5.5875E-01  2.3244E+00 -4.4346E-05  2.1458E-06
 4.0000E-02 5.6226E-01  2.3389E+00  1.3351E-05 -1.3351E-05
 4.0000E-02 5.6582E-01  2.3469E+00 -5.6744E-05 -1.5497E-05
 4.0000E-02 5.6943E-01  2.3477E+00 -1.5736E-05  4.0531E-06
 4.0000E-02 5.7308E-01  2.3415E+00 -7.0095E-05  2.0981E-05
 4.0000E-02 5.7677E-01  2.3288E+00  8.7976E-05 -3.0994E-06
 4.0000E-02 5.8052E-01  2.3110E+00  3.2425E-05 -6.6757E-06
 4.0000E-02 5.8431E-01  2.2894E+00  1.6689E-06  2.5511E-05
 4.0000E-02 5.8816E-01  2.2652E+00 -3.5048E-05  1.4782E-05
 4.0000E-02 5.9205E-01  2.2390E+00  2.3842E-05  2.6226E-06
 4.0000E-02 5.9600E-01  2.2113E+00 -3.1233E-05  1.8597E-05
 4.0000E-02 6.0000E-01  2.1820E+00  3.3855E-05 -1.0729E-05
