 DDSCAT --- DDSCAT 7.3.3 [22.01.20]   
 TARGET --->TARGSPHER  spherical target with explicit spacing                 
 GPFAFT --- method of solution 
 GKDLDR --- prescription for polarizabilities
 FROM_FILE --- shape 
    4169 = NAT0 = number of dipoles
 ../../diel/Pena-Rioux_dielectric_26Au_74Ag                  
 ../../diel/Pena-Rioux_dielectric_34Au_66Ag                  
 ../../diel/Pena-Rioux_dielectric_65Au_35Ag                  
 ../../diel/Pena-Rioux_dielectric_76Au_24Ag                  
 ../../diel/Au_evap                                          
   0.000   0.000 = beta_min, beta_max ;  NBETA = 1
   0.000   0.000 = theta_min, theta_max; NTHETA= 1
   0.000   0.000 = phi_min, phi_max   ;   NPHI = 1
 0.5000 = ETASCA (param. controlling # of scatt. dirs used to calculate <cos> etc.
 Results averaged over    1 target orientations
                   and  2 incident polarizations
   aeff       wave       Q_ext     Q_abs      Q_sca     g(1)=<cos>  <cos^2>    Q_bk       Nsca
 4.0000E-02 3.0000E-01 2.5516E+00 1.7826E+00 7.6902E-01  2.5426E-01 4.1484E-01 3.8975E-02   408
 4.0000E-02 3.0101E-01 2.5436E+00 1.7816E+00 7.6196E-01  2.5247E-01 4.1464E-01 3.8962E-02   408
 4.0000E-02 3.0203E-01 2.5355E+00 1.7806E+00 7.5492E-01  2.5069E-01 4.1445E-01 3.8941E-02   408
 4.0000E-02 3.0305E-01 2.5274E+00 1.7796E+00 7.4784E-01  2.4892E-01 4.1426E-01 3.8911E-02   408
 4.0000E-02 3.0408E-01 2.5192E+00 1.7784E+00 7.4074E-01  2.4715E-01 4.1407E-01 3.8871E-02   408
 4.0000E-02 3.0512E-01 2.5109E+00 1.7773E+00 7.3361E-01  2.4540E-01 4.1388E-01 3.8823E-02   408
 4.0000E-02 3.0616E-01 2.5025E+00 1.7760E+00 7.2644E-01  2.4364E-01 4.1370E-01 3.8765E-02   408
 4.0000E-02 3.0722E-01 2.4940E+00 1.7747E+00 7.1927E-01  2.4190E-01 4.1352E-01 3.8699E-02   408
 4.0000E-02 3.0828E-01 2.4856E+00 1.7734E+00 7.1216E-01  2.4015E-01 4.1334E-01 3.8630E-02   408
 4.0000E-02 3.0934E-01 2.4776E+00 1.7722E+00 7.0539E-01  2.3838E-01 4.1316E-01 3.8576E-02   408
 4.0000E-02 3.1042E-01 2.4696E+00 1.7710E+00 6.9860E-01  2.3661E-01 4.1298E-01 3.8515E-02   408
 4.0000E-02 3.1150E-01 2.4614E+00 1.7697E+00 6.9175E-01  2.3485E-01 4.1280E-01 3.8443E-02   408
 4.0000E-02 3.1259E-01 2.4531E+00 1.7682E+00 6.8487E-01  2.3310E-01 4.1263E-01 3.8364E-02   408
 4.0000E-02 3.1368E-01 2.4447E+00 1.7668E+00 6.7797E-01  2.3134E-01 4.1246E-01 3.8278E-02   408
 4.0000E-02 3.1479E-01 2.4363E+00 1.7652E+00 6.7108E-01  2.2970E-01 4.1244E-01 3.8184E-02   362
 4.0000E-02 3.1590E-01 2.4277E+00 1.7636E+00 6.6418E-01  2.2794E-01 4.1227E-01 3.8084E-02   362
 4.0000E-02 3.1702E-01 2.4191E+00 1.7619E+00 6.5728E-01  2.2619E-01 4.1210E-01 3.7976E-02   363
 4.0000E-02 3.1815E-01 2.4100E+00 1.7599E+00 6.5009E-01  2.2446E-01 4.1194E-01 3.7845E-02   363
 4.0000E-02 3.1929E-01 2.4006E+00 1.7578E+00 6.4281E-01  2.2273E-01 4.1178E-01 3.7701E-02   363
 4.0000E-02 3.2043E-01 2.3910E+00 1.7555E+00 6.3549E-01  2.2101E-01 4.1162E-01 3.7548E-02   363
 4.0000E-02 3.2158E-01 2.3814E+00 1.7532E+00 6.2824E-01  2.1928E-01 4.1146E-01 3.7390E-02   363
 4.0000E-02 3.2274E-01 2.3717E+00 1.7508E+00 6.2096E-01  2.1756E-01 4.1131E-01 3.7223E-02   363
 4.0000E-02 3.2391E-01 2.3618E+00 1.7482E+00 6.1364E-01  2.1583E-01 4.1116E-01 3.7048E-02   363
 4.0000E-02 3.2509E-01 2.3517E+00 1.7454E+00 6.0628E-01  2.1411E-01 4.1101E-01 3.6862E-02   363
 4.0000E-02 3.2628E-01 2.3415E+00 1.7426E+00 5.9891E-01  2.1239E-01 4.1086E-01 3.6669E-02   363
 4.0000E-02 3.2747E-01 2.3301E+00 1.7391E+00 5.9106E-01  2.1071E-01 4.1071E-01 3.6435E-02   363
 4.0000E-02 3.2868E-01 2.3190E+00 1.7356E+00 5.8339E-01  2.0902E-01 4.1057E-01 3.6205E-02   363
 4.0000E-02 3.2989E-01 2.3079E+00 1.7320E+00 5.7591E-01  2.0731E-01 4.1043E-01 3.5981E-02   363
 4.0000E-02 3.3111E-01 2.2971E+00 1.7285E+00 5.6865E-01  2.0559E-01 4.1028E-01 3.5766E-02   363
 4.0000E-02 3.3234E-01 2.2863E+00 1.7248E+00 5.6154E-01  2.0386E-01 4.1014E-01 3.5556E-02   363
 4.0000E-02 3.3358E-01 2.2757E+00 1.7210E+00 5.5462E-01  2.0211E-01 4.1000E-01 3.5354E-02   363
 4.0000E-02 3.3483E-01 2.2652E+00 1.7173E+00 5.4795E-01  2.0035E-01 4.0985E-01 3.5162E-02   363
 4.0000E-02 3.3609E-01 2.2555E+00 1.7137E+00 5.4183E-01  1.9854E-01 4.0971E-01 3.5004E-02   363
 4.0000E-02 3.3736E-01 2.2470E+00 1.7105E+00 5.3645E-01  1.9668E-01 4.0956E-01 3.4895E-02   363
 4.0000E-02 3.3864E-01 2.2392E+00 1.7076E+00 5.3157E-01  1.9479E-01 4.0940E-01 3.4817E-02   363
 4.0000E-02 3.3992E-01 2.2321E+00 1.7049E+00 5.2721E-01  1.9286E-01 4.0925E-01 3.4772E-02   363
 4.0000E-02 3.4122E-01 2.2258E+00 1.7024E+00 5.2337E-01  1.9091E-01 4.0909E-01 3.4760E-02   363
 4.0000E-02 3.4253E-01 2.2203E+00 1.7002E+00 5.2006E-01  1.8892E-01 4.0894E-01 3.4785E-02   363
 4.0000E-02 3.4385E-01 2.2155E+00 1.6983E+00 5.1729E-01  1.8689E-01 4.0878E-01 3.4846E-02   363
 4.0000E-02 3.4517E-01 2.2119E+00 1.6967E+00 5.1522E-01  1.8482E-01 4.0861E-01 3.4955E-02   363
 4.0000E-02 3.4651E-01 2.2097E+00 1.6958E+00 5.1389E-01  1.8272E-01 4.0845E-01 3.5117E-02   363
 4.0000E-02 3.4786E-01 2.2084E+00 1.6952E+00 5.1319E-01  1.8060E-01 4.0829E-01 3.5322E-02   363
 4.0000E-02 3.4922E-01 2.2082E+00 1.6951E+00 5.1309E-01  1.7846E-01 4.0812E-01 3.5570E-02   363
 4.0000E-02 3.5059E-01 2.2091E+00 1.6954E+00 5.1364E-01  1.7630E-01 4.0796E-01 3.5866E-02   363
 4.0000E-02 3.5197E-01 2.2111E+00 1.6962E+00 5.1486E-01  1.7412E-01 4.0779E-01 3.6210E-02   363
 4.0000E-02 3.5336E-01 2.2143E+00 1.6975E+00 5.1676E-01  1.7193E-01 4.0762E-01 3.6607E-02   363
 4.0000E-02 3.5476E-01 2.2188E+00 1.6995E+00 5.1939E-01  1.6973E-01 4.0746E-01 3.7056E-02   363
 4.0000E-02 3.5618E-01 2.2246E+00 1.7020E+00 5.2268E-01  1.6754E-01 4.0729E-01 3.7556E-02   363
 4.0000E-02 3.5760E-01 2.2316E+00 1.7050E+00 5.2661E-01  1.6534E-01 4.0713E-01 3.8105E-02   363
 4.0000E-02 3.5904E-01 2.2397E+00 1.7085E+00 5.3118E-01  1.6314E-01 4.0697E-01 3.8705E-02   363
 4.0000E-02 3.6048E-01 2.2489E+00 1.7125E+00 5.3642E-01  1.6094E-01 4.0680E-01 3.9360E-02   363
 4.0000E-02 3.6194E-01 2.2595E+00 1.7171E+00 5.4237E-01  1.5874E-01 4.0664E-01 4.0072E-02   363
 4.0000E-02 3.6341E-01 2.2713E+00 1.7223E+00 5.4902E-01  1.5653E-01 4.0648E-01 4.0843E-02   363
 4.0000E-02 3.6490E-01 2.2844E+00 1.7281E+00 5.5631E-01  1.5433E-01 4.0632E-01 4.1668E-02   363
 4.0000E-02 3.6639E-01 2.2985E+00 1.7343E+00 5.6423E-01  1.5213E-01 4.0617E-01 4.2549E-02   363
 4.0000E-02 3.6790E-01 2.3140E+00 1.7412E+00 5.7284E-01  1.4994E-01 4.0601E-01 4.3491E-02   363
 4.0000E-02 3.6942E-01 2.3307E+00 1.7486E+00 5.8216E-01  1.4775E-01 4.0585E-01 4.4496E-02   363
 4.0000E-02 3.7095E-01 2.3488E+00 1.7566E+00 5.9222E-01  1.4556E-01 4.0570E-01 4.5568E-02   363
 4.0000E-02 3.7250E-01 2.3682E+00 1.7652E+00 6.0302E-01  1.4336E-01 4.0555E-01 4.6710E-02   363
 4.0000E-02 3.7406E-01 2.3890E+00 1.7744E+00 6.1453E-01  1.4117E-01 4.0540E-01 4.7919E-02   363
 4.0000E-02 3.7563E-01 2.4109E+00 1.7842E+00 6.2675E-01  1.3898E-01 4.0525E-01 4.9198E-02   363
 4.0000E-02 3.7722E-01 2.4343E+00 1.7946E+00 6.3973E-01  1.3678E-01 4.0511E-01 5.0551E-02   363
 4.0000E-02 3.7881E-01 2.4591E+00 1.8056E+00 6.5352E-01  1.3459E-01 4.0496E-01 5.1984E-02   363
 4.0000E-02 3.8043E-01 2.4855E+00 1.8173E+00 6.6816E-01  1.3239E-01 4.0482E-01 5.3503E-02   363
 4.0000E-02 3.8205E-01 2.5133E+00 1.8297E+00 6.8363E-01  1.3019E-01 4.0468E-01 5.5108E-02   363
 4.0000E-02 3.8369E-01 2.5424E+00 1.8425E+00 6.9986E-01  1.2797E-01 4.0454E-01 5.6794E-02   363
 4.0000E-02 3.8534E-01 2.5730E+00 1.8561E+00 7.1695E-01  1.2575E-01 4.0440E-01 5.8574E-02   363
 4.0000E-02 3.8701E-01 2.6053E+00 1.8703E+00 7.3502E-01  1.2352E-01 4.0427E-01 6.0455E-02   363
 4.0000E-02 3.8870E-01 2.6394E+00 1.8853E+00 7.5413E-01  1.2128E-01 4.0413E-01 6.2446E-02   363
 4.0000E-02 3.9039E-01 2.6753E+00 1.9011E+00 7.7429E-01  1.1912E-01 4.0418E-01 6.4552E-02   323
 4.0000E-02 3.9211E-01 2.7130E+00 1.9176E+00 7.9543E-01  1.1687E-01 4.0405E-01 6.6768E-02   323
 4.0000E-02 3.9383E-01 2.7525E+00 1.9348E+00 8.1769E-01  1.1461E-01 4.0392E-01 6.9108E-02   323
 4.0000E-02 3.9558E-01 2.7940E+00 1.9529E+00 8.4113E-01  1.1234E-01 4.0380E-01 7.1579E-02   323
 4.0000E-02 3.9733E-01 2.8375E+00 1.9718E+00 8.6580E-01  1.1006E-01 4.0367E-01 7.4192E-02   323
 4.0000E-02 3.9911E-01 2.8835E+00 1.9916E+00 8.9189E-01  1.0777E-01 4.0355E-01 7.6961E-02   323
 4.0000E-02 4.0090E-01 2.9315E+00 2.0123E+00 9.1928E-01  1.0546E-01 4.0343E-01 7.9882E-02   323
 4.0000E-02 4.0270E-01 2.9819E+00 2.0338E+00 9.4808E-01  1.0314E-01 4.0332E-01 8.2966E-02   323
 4.0000E-02 4.0452E-01 3.0345E+00 2.0562E+00 9.7837E-01  1.0081E-01 4.0320E-01 8.6227E-02   323
 4.0000E-02 4.0636E-01 3.0898E+00 2.0795E+00 1.0102E+00  9.8458E-02 4.0309E-01 8.9676E-02   323
 4.0000E-02 4.0822E-01 3.1476E+00 2.1038E+00 1.0438E+00  9.6091E-02 4.0298E-01 9.3322E-02   323
 4.0000E-02 4.1009E-01 3.2079E+00 2.1290E+00 1.0789E+00  9.3704E-02 4.0287E-01 9.7172E-02   323
 4.0000E-02 4.1198E-01 3.2710E+00 2.1551E+00 1.1159E+00  9.1302E-02 4.0276E-01 1.0124E-01   323
 4.0000E-02 4.1389E-01 3.3370E+00 2.1822E+00 1.1549E+00  8.8878E-02 4.0266E-01 1.0555E-01   323
 4.0000E-02 4.1581E-01 3.4059E+00 2.2102E+00 1.1957E+00  8.6432E-02 4.0255E-01 1.1011E-01   323
 4.0000E-02 4.1776E-01 3.4779E+00 2.2392E+00 1.2387E+00  8.3966E-02 4.0245E-01 1.1493E-01   323
 4.0000E-02 4.1972E-01 3.5532E+00 2.2693E+00 1.2840E+00  8.1483E-02 4.0236E-01 1.2004E-01   323
 4.0000E-02 4.2170E-01 3.6320E+00 2.3004E+00 1.3317E+00  7.8983E-02 4.0226E-01 1.2545E-01   323
 4.0000E-02 4.2370E-01 3.7144E+00 2.3326E+00 1.3819E+00  7.6466E-02 4.0217E-01 1.3118E-01   323
 4.0000E-02 4.2571E-01 3.8004E+00 2.3658E+00 1.4346E+00  7.3935E-02 4.0208E-01 1.3724E-01   323
 4.0000E-02 4.2775E-01 3.8901E+00 2.4001E+00 1.4900E+00  7.1395E-02 4.0199E-01 1.4365E-01   323
 4.0000E-02 4.2981E-01 3.9837E+00 2.4356E+00 1.5482E+00  6.8847E-02 4.0191E-01 1.5042E-01   323
 4.0000E-02 4.3188E-01 4.0812E+00 2.4721E+00 1.6091E+00  6.6303E-02 4.0183E-01 1.5755E-01   323
 4.0000E-02 4.3398E-01 4.1823E+00 2.5096E+00 1.6727E+00  6.3766E-02 4.0175E-01 1.6505E-01   323
 4.0000E-02 4.3610E-01 4.2870E+00 2.5480E+00 1.7390E+00  6.1239E-02 4.0168E-01 1.7291E-01   323
 4.0000E-02 4.3824E-01 4.3954E+00 2.5873E+00 1.8081E+00  5.8730E-02 4.0161E-01 1.8114E-01   323
 4.0000E-02 4.4039E-01 4.5072E+00 2.6273E+00 1.8799E+00  5.6245E-02 4.0155E-01 1.8974E-01   323
 4.0000E-02 4.4257E-01 4.6224E+00 2.6681E+00 1.9543E+00  5.3790E-02 4.0149E-01 1.9871E-01   323
 4.0000E-02 4.4478E-01 4.7411E+00 2.7096E+00 2.0315E+00  5.1373E-02 4.0144E-01 2.0805E-01   323
 4.0000E-02 4.4700E-01 4.8631E+00 2.7516E+00 2.1115E+00  4.9001E-02 4.0139E-01 2.1777E-01   323
 4.0000E-02 4.4925E-01 4.9884E+00 2.7942E+00 2.1943E+00  4.6677E-02 4.0134E-01 2.2787E-01   323
 4.0000E-02 4.5152E-01 5.1169E+00 2.8370E+00 2.2799E+00  4.4399E-02 4.0130E-01 2.3835E-01   323
 4.0000E-02 4.5381E-01 5.2486E+00 2.8800E+00 2.3686E+00  4.2164E-02 4.0126E-01 2.4924E-01   323
 4.0000E-02 4.5612E-01 5.3835E+00 2.9231E+00 2.4604E+00  3.9983E-02 4.0122E-01 2.6054E-01   323
 4.0000E-02 4.5846E-01 5.5210E+00 2.9660E+00 2.5550E+00  3.7856E-02 4.0119E-01 2.7222E-01   323
 4.0000E-02 4.6082E-01 5.6610E+00 3.0084E+00 2.6527E+00  3.5783E-02 4.0116E-01 2.8430E-01   323
 4.0000E-02 4.6321E-01 5.8031E+00 3.0499E+00 2.7532E+00  3.3762E-02 4.0114E-01 2.9678E-01   323
 4.0000E-02 4.6563E-01 5.9467E+00 3.0902E+00 2.8565E+00  3.1790E-02 4.0111E-01 3.0962E-01   323
 4.0000E-02 4.6806E-01 6.0905E+00 3.1287E+00 2.9619E+00  2.9871E-02 4.0109E-01 3.2277E-01   323
 4.0000E-02 4.7053E-01 6.2335E+00 3.1648E+00 3.0687E+00  2.8005E-02 4.0107E-01 3.3614E-01   323
 4.0000E-02 4.7302E-01 6.3736E+00 3.1980E+00 3.1757E+00  2.6201E-02 4.0106E-01 3.4957E-01   323
 4.0000E-02 4.7553E-01 6.5082E+00 3.2272E+00 3.2809E+00  2.4463E-02 4.0105E-01 3.6286E-01   323
 4.0000E-02 4.7807E-01 6.6349E+00 3.2518E+00 3.3831E+00  2.2794E-02 4.0104E-01 3.7583E-01   323
 4.0000E-02 4.8065E-01 6.7504E+00 3.2705E+00 3.4799E+00  2.1196E-02 4.0103E-01 3.8821E-01   323
 4.0000E-02 4.8324E-01 6.8508E+00 3.2824E+00 3.5685E+00  1.9671E-02 4.0102E-01 3.9966E-01   323
 4.0000E-02 4.8587E-01 6.9322E+00 3.2865E+00 3.6458E+00  1.8225E-02 4.0102E-01 4.0983E-01   323
 4.0000E-02 4.8852E-01 6.9909E+00 3.2819E+00 3.7090E+00  1.6855E-02 4.0102E-01 4.1836E-01   323
 4.0000E-02 4.9121E-01 7.0233E+00 3.2681E+00 3.7552E+00  1.5557E-02 4.0101E-01 4.2490E-01   323
 4.0000E-02 4.9392E-01 7.0268E+00 3.2448E+00 3.7820E+00  1.4332E-02 4.0101E-01 4.2919E-01   323
 4.0000E-02 4.9667E-01 7.0010E+00 3.2126E+00 3.7884E+00  1.3178E-02 4.0101E-01 4.3107E-01   323
 4.0000E-02 4.9944E-01 6.9474E+00 3.1728E+00 3.7746E+00  1.2100E-02 4.0101E-01 4.3054E-01   323
 4.0000E-02 5.0225E-01 6.8673E+00 3.1257E+00 3.7417E+00  1.1074E-02 4.0101E-01 4.2775E-01   323
 4.0000E-02 5.0508E-01 6.7643E+00 3.0724E+00 3.6919E+00  1.0095E-02 4.0100E-01 4.2296E-01   323
 4.0000E-02 5.0795E-01 6.6420E+00 3.0144E+00 3.6276E+00  9.1623E-03 4.0100E-01 4.1641E-01   324
 4.0000E-02 5.1086E-01 6.5050E+00 2.9531E+00 3.5519E+00  8.2707E-03 4.0100E-01 4.0849E-01   324
 4.0000E-02 5.1379E-01 6.3583E+00 2.8897E+00 3.4686E+00  7.4521E-03 4.0119E-01 3.9962E-01   285
 4.0000E-02 5.1676E-01 6.2060E+00 2.8249E+00 3.3811E+00  6.6324E-03 4.0119E-01 3.9019E-01   285
 4.0000E-02 5.1977E-01 6.0518E+00 2.7594E+00 3.2925E+00  5.8431E-03 4.0118E-01 3.8059E-01   285
 4.0000E-02 5.2281E-01 5.8933E+00 2.6886E+00 3.2047E+00  5.0460E-03 4.0118E-01 3.7106E-01   285
 4.0000E-02 5.2588E-01 5.7296E+00 2.6134E+00 3.1162E+00  4.2449E-03 4.0118E-01 3.6144E-01   285
 4.0000E-02 5.2899E-01 5.5634E+00 2.5359E+00 3.0276E+00  3.4532E-03 4.0118E-01 3.5175E-01   285
 4.0000E-02 5.3214E-01 5.3946E+00 2.4557E+00 2.9390E+00  2.6662E-03 4.0119E-01 3.4205E-01   285
 4.0000E-02 5.3533E-01 5.2230E+00 2.3727E+00 2.8504E+00  1.8824E-03 4.0119E-01 3.3230E-01   285
 4.0000E-02 5.3855E-01 5.0484E+00 2.2870E+00 2.7614E+00  1.1002E-03 4.0119E-01 3.2248E-01   285
 4.0000E-02 5.4182E-01 4.8707E+00 2.1987E+00 2.6720E+00  3.1730E-04 4.0119E-01 3.1257E-01   285
 4.0000E-02 5.4512E-01 4.6901E+00 2.1080E+00 2.5821E+00 -4.6711E-04 4.0119E-01 3.0257E-01   285
 4.0000E-02 5.4847E-01 4.5066E+00 2.0151E+00 2.4915E+00 -1.2556E-03 4.0120E-01 2.9246E-01   285
 4.0000E-02 5.5185E-01 4.3225E+00 1.9223E+00 2.4003E+00 -2.0382E-03 4.0119E-01 2.8221E-01   285
 4.0000E-02 5.5528E-01 4.1369E+00 1.8283E+00 2.3085E+00 -2.8264E-03 4.0119E-01 2.7189E-01   285
 4.0000E-02 5.5875E-01 3.9495E+00 1.7335E+00 2.2161E+00 -3.6246E-03 4.0119E-01 2.6144E-01   285
 4.0000E-02 5.6226E-01 3.7610E+00 1.6385E+00 2.1225E+00 -4.4365E-03 4.0119E-01 2.5083E-01   285
 4.0000E-02 5.6582E-01 3.5725E+00 1.5448E+00 2.0277E+00 -5.2638E-03 4.0118E-01 2.4005E-01   285
 4.0000E-02 5.6943E-01 3.3861E+00 1.4542E+00 1.9318E+00 -6.1042E-03 4.0117E-01 2.2909E-01   285
 4.0000E-02 5.7308E-01 3.2044E+00 1.3686E+00 1.8358E+00 -6.9557E-03 4.0117E-01 2.1808E-01   285
 4.0000E-02 5.7677E-01 3.0306E+00 1.2894E+00 1.7412E+00 -7.8148E-03 4.0116E-01 2.0721E-01   285
 4.0000E-02 5.8052E-01 2.8664E+00 1.2169E+00 1.6495E+00 -8.6807E-03 4.0115E-01 1.9664E-01   285
 4.0000E-02 5.8431E-01 2.7119E+00 1.1502E+00 1.5618E+00 -9.5563E-03 4.0115E-01 1.8651E-01   285
 4.0000E-02 5.8816E-01 2.5668E+00 1.0884E+00 1.4785E+00 -1.0442E-02 4.0114E-01 1.7689E-01   285
 4.0000E-02 5.9205E-01 2.4307E+00 1.0309E+00 1.3998E+00 -1.1335E-02 4.0114E-01 1.6778E-01   285
 4.0000E-02 5.9600E-01 2.3027E+00 9.7742E-01 1.3253E+00 -1.2237E-02 4.0114E-01 1.5916E-01   285
 4.0000E-02 6.0000E-01 2.1829E+00 9.2808E-01 1.2549E+00 -1.3145E-02 4.0113E-01 1.5098E-01   285
