 DDSCAT --- DDSCAT 7.3.3 [22.01.20]   
 TARGET --->TARGSPHER  spherical target with explicit spacing                 
 GPFAFT --- method of solution 
 GKDLDR --- prescription for polarizabilities
 FROM_FILE --- shape 
   33401 = NAT0 = number of dipoles
 ../diel/Pena26Au74Ag                                        
 ../diel/Pena34Au66Ag                                        
 ../diel/Au_evap                                             
   0.000   0.000 = beta_min, beta_max ;  NBETA = 1
   0.000   0.000 = theta_min, theta_max; NTHETA= 1
   0.000   0.000 = phi_min, phi_max   ;   NPHI = 1
 Results averaged over    1 target orientations
                   and  1 incident polarizations
   aeff       wave      Q_pha
 1.0000E-03 3.0000E-01  2.5269E-02
 1.0000E-03 3.0134E-01  2.5089E-02
 1.0000E-03 3.0268E-01  2.4873E-02
 1.0000E-03 3.0403E-01  2.4644E-02
 1.0000E-03 3.0537E-01  2.4400E-02
 1.0000E-03 3.0671E-01  2.4143E-02
 1.0000E-03 3.0805E-01  2.3872E-02
 1.0000E-03 3.0940E-01  2.3577E-02
 1.0000E-03 3.1074E-01  2.3272E-02
 1.0000E-03 3.1208E-01  2.2992E-02
 1.0000E-03 3.1342E-01  2.2698E-02
 1.0000E-03 3.1477E-01  2.2391E-02
 1.0000E-03 3.1611E-01  2.2069E-02
 1.0000E-03 3.1745E-01  2.1731E-02
 1.0000E-03 3.1879E-01  2.1375E-02
 1.0000E-03 3.2013E-01  2.1014E-02
 1.0000E-03 3.2148E-01  2.0601E-02
 1.0000E-03 3.2282E-01  2.0174E-02
 1.0000E-03 3.2416E-01  1.9743E-02
 1.0000E-03 3.2550E-01  1.9309E-02
 1.0000E-03 3.2685E-01  1.8874E-02
 1.0000E-03 3.2819E-01  1.8449E-02
 1.0000E-03 3.2953E-01  1.8030E-02
 1.0000E-03 3.3087E-01  1.7616E-02
 1.0000E-03 3.3221E-01  1.7228E-02
 1.0000E-03 3.3356E-01  1.6870E-02
 1.0000E-03 3.3490E-01  1.6523E-02
 1.0000E-03 3.3624E-01  1.6200E-02
 1.0000E-03 3.3758E-01  1.5900E-02
 1.0000E-03 3.3893E-01  1.5613E-02
 1.0000E-03 3.4027E-01  1.5342E-02
 1.0000E-03 3.4161E-01  1.5084E-02
 1.0000E-03 3.4295E-01  1.4842E-02
 1.0000E-03 3.4430E-01  1.4611E-02
 1.0000E-03 3.4564E-01  1.4395E-02
 1.0000E-03 3.4698E-01  1.4188E-02
 1.0000E-03 3.4832E-01  1.3985E-02
 1.0000E-03 3.4966E-01  1.3788E-02
 1.0000E-03 3.5101E-01  1.3597E-02
 1.0000E-03 3.5235E-01  1.3411E-02
 1.0000E-03 3.5369E-01  1.3231E-02
 1.0000E-03 3.5503E-01  1.3041E-02
 1.0000E-03 3.5638E-01  1.2848E-02
 1.0000E-03 3.5772E-01  1.2655E-02
 1.0000E-03 3.5906E-01  1.2460E-02
 1.0000E-03 3.6040E-01  1.2265E-02
 1.0000E-03 3.6174E-01  1.2068E-02
 1.0000E-03 3.6309E-01  1.1868E-02
 1.0000E-03 3.6443E-01  1.1650E-02
 1.0000E-03 3.6577E-01  1.1434E-02
 1.0000E-03 3.6711E-01  1.1218E-02
 1.0000E-03 3.6846E-01  1.1006E-02
 1.0000E-03 3.6980E-01  1.0798E-02
 1.0000E-03 3.7114E-01  1.0589E-02
 1.0000E-03 3.7248E-01  1.0381E-02
 1.0000E-03 3.7383E-01  1.0181E-02
 1.0000E-03 3.7517E-01  9.9904E-03
 1.0000E-03 3.7651E-01  9.8092E-03
 1.0000E-03 3.7785E-01  9.6378E-03
 1.0000E-03 3.7919E-01  9.4770E-03
 1.0000E-03 3.8054E-01  9.3269E-03
 1.0000E-03 3.8188E-01  9.1970E-03
 1.0000E-03 3.8322E-01  9.0917E-03
 1.0000E-03 3.8456E-01  9.0027E-03
 1.0000E-03 3.8591E-01  8.9311E-03
 1.0000E-03 3.8725E-01  8.8778E-03
 1.0000E-03 3.8859E-01  8.8442E-03
 1.0000E-03 3.8993E-01  8.8315E-03
 1.0000E-03 3.9128E-01  8.8463E-03
 1.0000E-03 3.9262E-01  8.8865E-03
 1.0000E-03 3.9396E-01  8.9516E-03
 1.0000E-03 3.9530E-01  9.0432E-03
 1.0000E-03 3.9664E-01  9.1632E-03
 1.0000E-03 3.9799E-01  9.3111E-03
 1.0000E-03 3.9933E-01  9.4892E-03
 1.0000E-03 4.0067E-01  9.7022E-03
 1.0000E-03 4.0201E-01  9.9490E-03
 1.0000E-03 4.0336E-01  1.0232E-02
 1.0000E-03 4.0470E-01  1.0553E-02
 1.0000E-03 4.0604E-01  1.0915E-02
 1.0000E-03 4.0738E-01  1.1320E-02
 1.0000E-03 4.0872E-01  1.1771E-02
 1.0000E-03 4.1007E-01  1.2265E-02
 1.0000E-03 4.1141E-01  1.2805E-02
 1.0000E-03 4.1275E-01  1.3392E-02
 1.0000E-03 4.1409E-01  1.4030E-02
 1.0000E-03 4.1544E-01  1.4720E-02
 1.0000E-03 4.1678E-01  1.5461E-02
 1.0000E-03 4.1812E-01  1.6254E-02
 1.0000E-03 4.1946E-01  1.7094E-02
 1.0000E-03 4.2081E-01  1.7985E-02
 1.0000E-03 4.2215E-01  1.8927E-02
 1.0000E-03 4.2349E-01  1.9921E-02
 1.0000E-03 4.2483E-01  2.0967E-02
 1.0000E-03 4.2617E-01  2.2064E-02
 1.0000E-03 4.2752E-01  2.3211E-02
 1.0000E-03 4.2886E-01  2.4403E-02
 1.0000E-03 4.3020E-01  2.5641E-02
 1.0000E-03 4.3154E-01  2.6934E-02
 1.0000E-03 4.3289E-01  2.8272E-02
 1.0000E-03 4.3423E-01  2.9650E-02
 1.0000E-03 4.3557E-01  3.1063E-02
 1.0000E-03 4.3691E-01  3.2506E-02
 1.0000E-03 4.3826E-01  3.3972E-02
 1.0000E-03 4.3960E-01  3.5457E-02
 1.0000E-03 4.4094E-01  3.6955E-02
 1.0000E-03 4.4228E-01  3.8461E-02
 1.0000E-03 4.4362E-01  3.9966E-02
 1.0000E-03 4.4497E-01  4.1467E-02
 1.0000E-03 4.4631E-01  4.2955E-02
 1.0000E-03 4.4765E-01  4.4424E-02
 1.0000E-03 4.4899E-01  4.5868E-02
 1.0000E-03 4.5034E-01  4.7280E-02
 1.0000E-03 4.5168E-01  4.8599E-02
 1.0000E-03 4.5302E-01  4.9842E-02
 1.0000E-03 4.5436E-01  5.1047E-02
 1.0000E-03 4.5570E-01  5.2211E-02
 1.0000E-03 4.5705E-01  5.3330E-02
 1.0000E-03 4.5839E-01  5.4401E-02
 1.0000E-03 4.5973E-01  5.5422E-02
 1.0000E-03 4.6107E-01  5.6390E-02
 1.0000E-03 4.6242E-01  5.7304E-02
 1.0000E-03 4.6376E-01  5.8162E-02
 1.0000E-03 4.6510E-01  5.8964E-02
 1.0000E-03 4.6644E-01  5.9711E-02
 1.0000E-03 4.6779E-01  6.0404E-02
 1.0000E-03 4.6913E-01  6.1041E-02
 1.0000E-03 4.7047E-01  6.1626E-02
 1.0000E-03 4.7181E-01  6.2164E-02
 1.0000E-03 4.7315E-01  6.2670E-02
 1.0000E-03 4.7450E-01  6.3136E-02
 1.0000E-03 4.7584E-01  6.3563E-02
 1.0000E-03 4.7718E-01  6.3955E-02
 1.0000E-03 4.7852E-01  6.4313E-02
 1.0000E-03 4.7987E-01  6.4639E-02
 1.0000E-03 4.8121E-01  6.4935E-02
 1.0000E-03 4.8255E-01  6.5205E-02
 1.0000E-03 4.8389E-01  6.5451E-02
 1.0000E-03 4.8523E-01  6.5678E-02
 1.0000E-03 4.8658E-01  6.5885E-02
 1.0000E-03 4.8792E-01  6.6077E-02
 1.0000E-03 4.8926E-01  6.6256E-02
 1.0000E-03 4.9060E-01  6.6425E-02
 1.0000E-03 4.9195E-01  6.6586E-02
 1.0000E-03 4.9329E-01  6.6741E-02
 1.0000E-03 4.9463E-01  6.6894E-02
 1.0000E-03 4.9597E-01  6.7054E-02
 1.0000E-03 4.9732E-01  6.7348E-02
 1.0000E-03 4.9866E-01  6.7630E-02
 1.0000E-03 5.0000E-01  6.7900E-02
