 DDSCAT --- DDSCAT 7.3.3 [22.01.20]   
 TARGET --->TARGSPHER  spherical target with explicit spacing                 
 GPFAFT --- method of solution 
 GKDLDR --- prescription for polarizabilities
 FROM_FILE --- shape 
    4169 = NAT0 = number of dipoles
 ../../diel/Pena-Rioux_dielectric_26Au_74Ag                  
 ../../diel/Pena-Rioux_dielectric_52Au_48Ag                  
 ../../diel/Au_evap                                          
   0.000   0.000 = beta_min, beta_max ;  NBETA = 1
   0.000   0.000 = theta_min, theta_max; NTHETA= 1
   0.000   0.000 = phi_min, phi_max   ;   NPHI = 1
 Results averaged over    1 target orientations
                   and  2 incident polarizations
   aeff       wave       Q_pha       Q_pol       Q_cpol
 4.0000E-02 3.0000E-01 -1.5999E-02 -1.4305E-06 -1.4901E-08
 4.0000E-02 3.0101E-01 -1.4896E-02  7.1526E-07 -4.6566E-09
 4.0000E-02 3.0203E-01 -1.4534E-02  2.1458E-06 -2.4214E-08
 4.0000E-02 3.0305E-01 -1.4356E-02 -2.1458E-06 -2.8871E-08
 4.0000E-02 3.0408E-01 -1.4369E-02  1.6689E-06 -3.9116E-08
 4.0000E-02 3.0512E-01 -1.4578E-02  4.7684E-06  4.3772E-08
 4.0000E-02 3.0616E-01 -1.4991E-02  3.8147E-06 -1.9558E-08
 4.0000E-02 3.0722E-01 -1.5614E-02  2.6226E-06  9.3132E-09
 4.0000E-02 3.0828E-01 -1.6428E-02  5.4836E-06  2.4214E-08
 4.0000E-02 3.0934E-01 -1.7327E-02  7.6294E-06 -1.6764E-08
 4.0000E-02 3.1042E-01 -1.8385E-02  4.5300E-06  5.2154E-08
 4.0000E-02 3.1150E-01 -1.9042E-02  7.3910E-06  2.4214E-08
 4.0000E-02 3.1259E-01 -1.9699E-02 -5.7220E-06 -1.8626E-09
 4.0000E-02 3.1368E-01 -2.0569E-02 -2.3842E-07 -1.6764E-08
 4.0000E-02 3.1479E-01 -2.1658E-02  7.1526E-07  2.9802E-08
 4.0000E-02 3.1590E-01 -2.2973E-02  3.8147E-06 -5.4017E-08
 4.0000E-02 3.1702E-01 -2.4519E-02 -2.3842E-06 -4.0978E-08
 4.0000E-02 3.1815E-01 -2.5927E-02 -1.4305E-06 -2.2352E-08
 4.0000E-02 3.1929E-01 -2.7579E-02  2.6226E-06  6.3330E-08
 4.0000E-02 3.2043E-01 -2.9588E-02 -4.2915E-06 -1.6764E-08
 4.0000E-02 3.2158E-01 -3.3151E-02 -5.2452E-06 -3.7253E-09
 4.0000E-02 3.2274E-01 -3.6975E-02 -1.4305E-06 -1.4901E-08
 4.0000E-02 3.2391E-01 -4.1069E-02  1.6689E-06  4.8429E-08
 4.0000E-02 3.2509E-01 -4.5440E-02  2.6226E-06 -1.4901E-08
 4.0000E-02 3.2628E-01 -5.0097E-02 -4.7684E-07 -1.8626E-08
 4.0000E-02 3.2747E-01 -5.5573E-02  9.5367E-07 -1.2293E-07
 4.0000E-02 3.2868E-01 -6.1479E-02  0.0000E+00  2.6077E-08
 4.0000E-02 3.2989E-01 -6.7805E-02 -2.3842E-07 -1.2666E-07
 4.0000E-02 3.3111E-01 -7.4564E-02  9.5367E-07  8.1956E-08
 4.0000E-02 3.3234E-01 -8.1061E-02 -2.8610E-06 -1.2666E-07
 4.0000E-02 3.3358E-01 -8.7580E-02 -9.5367E-07  9.6858E-08
 4.0000E-02 3.3483E-01 -9.4436E-02 -2.8610E-06  8.1956E-08
 4.0000E-02 3.3609E-01 -1.0179E-01  9.5367E-06 -8.1956E-08
 4.0000E-02 3.3736E-01 -1.0954E-01  1.6689E-06  2.2352E-08
 4.0000E-02 3.3864E-01 -1.1750E-01 -4.7684E-07  0.0000E+00
 4.0000E-02 3.3992E-01 -1.2566E-01  4.7684E-06 -1.3411E-07
 4.0000E-02 3.4122E-01 -1.3404E-01 -1.9073E-06  0.0000E+00
 4.0000E-02 3.4253E-01 -1.4263E-01  0.0000E+00  2.0862E-07
 4.0000E-02 3.4385E-01 -1.5135E-01 -1.1921E-06 -1.1921E-07
 4.0000E-02 3.4517E-01 -1.6034E-01  6.1989E-06 -4.9174E-07
 4.0000E-02 3.4651E-01 -1.6939E-01 -2.3842E-06 -7.4506E-08
 4.0000E-02 3.4786E-01 -1.7863E-01  3.8147E-06  1.1921E-07
 4.0000E-02 3.4922E-01 -1.8805E-01 -4.0531E-06  0.0000E+00
 4.0000E-02 3.5059E-01 -1.9767E-01 -7.1526E-07  1.1921E-07
 4.0000E-02 3.5197E-01 -2.0749E-01 -9.5367E-07 -2.3842E-07
 4.0000E-02 3.5336E-01 -2.1753E-01 -5.0068E-06 -4.6194E-07
 4.0000E-02 3.5476E-01 -2.2787E-01 -3.8147E-06 -1.1921E-07
 4.0000E-02 3.5618E-01 -2.3861E-01  8.5831E-06 -1.0431E-07
 4.0000E-02 3.5760E-01 -2.4947E-01 -1.4305E-06  7.4506E-08
 4.0000E-02 3.5904E-01 -2.6045E-01  4.7684E-06  2.3842E-07
 4.0000E-02 3.6048E-01 -2.7157E-01  5.7220E-06  4.1723E-07
 4.0000E-02 3.6194E-01 -2.8282E-01  2.6226E-06  4.1723E-07
 4.0000E-02 3.6341E-01 -2.9419E-01 -5.7220E-06  1.4901E-07
 4.0000E-02 3.6490E-01 -3.0561E-01 -7.3910E-06 -1.4901E-07
 4.0000E-02 3.6639E-01 -3.1712E-01  6.4373E-06  2.6822E-07
 4.0000E-02 3.6790E-01 -3.2871E-01 -5.4836E-06 -1.1921E-07
 4.0000E-02 3.6942E-01 -3.4027E-01  4.0531E-06  7.1526E-07
 4.0000E-02 3.7095E-01 -3.5185E-01 -3.5763E-06  1.1921E-07
 4.0000E-02 3.7250E-01 -3.6341E-01  9.5367E-07  2.9802E-07
 4.0000E-02 3.7406E-01 -3.7490E-01  9.0599E-06  4.4703E-07
 4.0000E-02 3.7563E-01 -3.8636E-01  6.1989E-06  5.9605E-08
 4.0000E-02 3.7722E-01 -3.9778E-01  0.0000E+00  1.7881E-07
 4.0000E-02 3.7881E-01 -4.0916E-01 -1.6928E-05  3.0935E-05
 4.0000E-02 3.8043E-01 -4.2048E-01  2.3842E-06 -2.3842E-07
 4.0000E-02 3.8205E-01 -4.3153E-01  4.5300E-06  3.8743E-07
 4.0000E-02 3.8369E-01 -4.4222E-01 -5.0068E-06 -3.8743E-07
 4.0000E-02 3.8534E-01 -4.5288E-01 -2.3842E-06  8.3447E-07
 4.0000E-02 3.8701E-01 -4.6351E-01 -4.2915E-06 -3.8743E-07
 4.0000E-02 3.8870E-01 -4.7408E-01  6.9141E-06 -7.7486E-07
 4.0000E-02 3.9039E-01 -4.8457E-01  3.0994E-06  6.8545E-07
 4.0000E-02 3.9211E-01 -4.9496E-01  5.9605E-06  5.3644E-07
 4.0000E-02 3.9383E-01 -5.0526E-01 -9.5367E-06  3.7551E-06
 4.0000E-02 3.9558E-01 -5.1545E-01 -2.8610E-06  3.0994E-06
 4.0000E-02 3.9733E-01 -5.2547E-01  2.3842E-07 -6.5565E-07
 4.0000E-02 3.9911E-01 -5.3570E-01 -3.3379E-06  2.9802E-07
 4.0000E-02 4.0090E-01 -5.4577E-01 -5.0068E-06  1.5497E-06
 4.0000E-02 4.0270E-01 -5.5562E-01 -5.7220E-06 -5.9605E-08
 4.0000E-02 4.0452E-01 -5.6519E-01 -2.3842E-06  1.1921E-06
 4.0000E-02 4.0636E-01 -5.7442E-01 -4.0531E-06  5.3644E-07
 4.0000E-02 4.0822E-01 -5.8324E-01  4.2915E-06  5.9605E-08
 4.0000E-02 4.1009E-01 -5.9163E-01  4.0531E-06 -2.9802E-07
 4.0000E-02 4.1198E-01 -5.9949E-01  5.2452E-06  7.7486E-07
 4.0000E-02 4.1389E-01 -6.0657E-01  3.0994E-06  8.3447E-07
 4.0000E-02 4.1581E-01 -6.1259E-01 -3.5763E-06  1.0729E-06
 4.0000E-02 4.1776E-01 -6.1789E-01 -1.6689E-06  1.1325E-06
 4.0000E-02 4.1972E-01 -6.2231E-01 -1.1921E-06 -8.9407E-07
 4.0000E-02 4.2170E-01 -6.2575E-01 -2.1458E-06 -1.7881E-06
 4.0000E-02 4.2370E-01 -6.2804E-01  1.4067E-05 -1.9073E-06
 4.0000E-02 4.2571E-01 -6.2903E-01  4.7684E-06  2.7418E-06
 4.0000E-02 4.2775E-01 -6.2851E-01  1.6689E-06 -1.0729E-06
 4.0000E-02 4.2981E-01 -6.2627E-01 -6.9141E-06 -1.7881E-07
 4.0000E-02 4.3188E-01 -6.2256E-01 -2.8610E-06 -1.1921E-06
 4.0000E-02 4.3398E-01 -6.1697E-01 -1.9073E-06  1.2517E-06
 4.0000E-02 4.3610E-01 -6.0909E-01  6.1989E-06  8.3447E-07
 4.0000E-02 4.3824E-01 -5.9872E-01  1.9073E-06 -3.8743E-06
 4.0000E-02 4.4039E-01 -5.8589E-01  1.0490E-05 -2.1458E-06
 4.0000E-02 4.4257E-01 -5.7045E-01  5.2452E-06  1.4901E-06
 4.0000E-02 4.4478E-01 -5.5225E-01 -9.5367E-06 -3.4571E-06
 4.0000E-02 4.4700E-01 -5.3125E-01 -6.1989E-06 -2.8014E-06
 4.0000E-02 4.4925E-01 -5.0744E-01  6.6757E-06  3.8147E-06
 4.0000E-02 4.5152E-01 -4.8055E-01 -3.3379E-06 -1.4603E-06
 4.0000E-02 4.5381E-01 -4.5018E-01 -6.6757E-06  9.8348E-07
 4.0000E-02 4.5612E-01 -4.1670E-01  4.2915E-06  2.7120E-06
 4.0000E-02 4.5846E-01 -3.8005E-01 -9.5367E-07  2.0266E-06
 4.0000E-02 4.6082E-01 -3.4013E-01 -1.9073E-06  3.5763E-07
 4.0000E-02 4.6321E-01 -2.9690E-01  5.2452E-06  4.4703E-07
 4.0000E-02 4.6563E-01 -2.5046E-01 -4.2915E-06  2.3842E-06
 4.0000E-02 4.6806E-01 -2.0089E-01  4.7684E-06  6.5565E-07
 4.0000E-02 4.7053E-01 -1.4833E-01  6.1989E-06 -2.2352E-07
 4.0000E-02 4.7302E-01 -9.4531E-02 -4.2915E-06 -1.7136E-07
 4.0000E-02 4.7553E-01 -3.8965E-02  9.5367E-06 -2.3618E-06
 4.0000E-02 4.7807E-01  1.8875E-02  9.5367E-06 -1.5646E-06
 4.0000E-02 4.8065E-01  7.8558E-02  1.7643E-05 -1.3337E-06
 4.0000E-02 4.8324E-01  1.3964E-01 -1.1444E-05  6.9886E-06
 4.0000E-02 4.8587E-01  2.0174E-01  2.6703E-05 -6.5565E-07
 4.0000E-02 4.8852E-01  2.6451E-01  1.3351E-05  7.5400E-06
 4.0000E-02 4.9121E-01  3.2773E-01  2.0981E-05 -3.2485E-06
 4.0000E-02 4.9392E-01  3.9138E-01  1.0490E-05  7.1228E-06
 4.0000E-02 4.9667E-01  4.5584E-01  6.1989E-06 -1.0192E-05
 4.0000E-02 4.9944E-01  5.2316E-01 -1.6689E-05  1.6093E-06
 4.0000E-02 5.0225E-01  5.9466E-01  1.5736E-05  1.2517E-06
 4.0000E-02 5.0508E-01  6.7160E-01 -9.0599E-06  3.0994E-06
 4.0000E-02 5.0795E-01  7.5531E-01  0.0000E+00  5.7817E-06
 4.0000E-02 5.1086E-01  8.4711E-01 -9.5367E-06 -2.3842E-07
 4.0000E-02 5.1379E-01  9.4820E-01  8.1062E-06 -3.9339E-06
 4.0000E-02 5.1676E-01  1.0594E+00  1.7166E-05 -2.8610E-06
 4.0000E-02 5.1977E-01  1.1810E+00  6.6757E-06 -7.6294E-06
 4.0000E-02 5.2281E-01  1.3096E+00 -2.4796E-05  1.3590E-05
 4.0000E-02 5.2588E-01  1.4380E+00  3.1948E-05  6.9141E-06
 4.0000E-02 5.2899E-01  1.5641E+00 -4.7684E-07  2.2650E-06
 4.0000E-02 5.3214E-01  1.6855E+00  1.9073E-06  9.4175E-06
 4.0000E-02 5.3533E-01  1.8001E+00 -1.1921E-05  0.0000E+00
 4.0000E-02 5.3855E-01  1.9060E+00  1.5736E-05 -2.9802E-06
 4.0000E-02 5.4182E-01  2.0021E+00 -7.6294E-06  4.7684E-06
 4.0000E-02 5.4512E-01  2.0871E+00 -6.6757E-06  5.4836E-06
 4.0000E-02 5.4847E-01  2.1605E+00 -3.8147E-06 -5.0068E-06
 4.0000E-02 5.5185E-01  2.2232E+00 -1.0014E-05  1.6689E-06
 4.0000E-02 5.5528E-01  2.2755E+00  2.3842E-06 -2.1458E-06
 4.0000E-02 5.5875E-01  2.3173E+00  4.2915E-06 -2.3842E-06
 4.0000E-02 5.6226E-01  2.3491E+00  1.6689E-05  7.6294E-06
 4.0000E-02 5.6582E-01  2.3713E+00  2.3842E-05  7.1526E-07
 4.0000E-02 5.6943E-01  2.3847E+00  9.7752E-06 -5.9605E-06
 4.0000E-02 5.7308E-01  2.3904E+00 -6.9618E-05  8.3447E-06
 4.0000E-02 5.7677E-01  2.3895E+00  1.5259E-05  9.7752E-06
 4.0000E-02 5.8052E-01  2.3827E+00  0.0000E+00  9.5367E-06
 4.0000E-02 5.8431E-01  2.3701E+00  1.6212E-05  5.2452E-06
 4.0000E-02 5.8816E-01  2.3522E+00 -1.9073E-06 -1.2159E-05
 4.0000E-02 5.9205E-01  2.3298E+00 -7.2956E-05  1.8597E-05
 4.0000E-02 5.9600E-01  2.3034E+00 -2.9087E-05  1.4782E-05
 4.0000E-02 6.0000E-01  2.2738E+00 -1.6689E-06  1.9073E-06
