 DDSCAT --- DDSCAT 7.3.3 [22.01.20]   
 TARGET --->TARGSPHER  spherical target with explicit spacing                 
 GPFAFT --- method of solution 
 GKDLDR --- prescription for polarizabilities
 FROM_FILE --- shape 
    4169 = NAT0 = number of dipoles
 ../../diel/Pena-Rioux_dielectric_26Au_74Ag                  
 ../../diel/Pena-Rioux_dielectric_76Au_24Ag                  
 ../../diel/Pena-Rioux_dielectric_92Au_8Ag                   
   0.000   0.000 = beta_min, beta_max ;  NBETA = 1
   0.000   0.000 = theta_min, theta_max; NTHETA= 1
   0.000   0.000 = phi_min, phi_max   ;   NPHI = 1
 Results averaged over    1 target orientations
                   and  2 incident polarizations
   aeff       wave       Q_pha       Q_pol       Q_cpol
 4.0000E-02 3.0000E-01 -1.1623E-02  3.8147E-06 -5.0291E-08
 4.0000E-02 3.0101E-01 -1.0086E-02  3.0994E-06 -8.3819E-09
 4.0000E-02 3.0203E-01 -8.6973E-03 -3.0994E-06  6.7987E-08
 4.0000E-02 3.0305E-01 -7.4608E-03 -4.7684E-07 -8.0559E-08
 4.0000E-02 3.0408E-01 -6.3818E-03 -2.3842E-07 -5.7276E-08
 4.0000E-02 3.0512E-01 -5.4655E-03  5.9605E-06  2.6543E-08
 4.0000E-02 3.0616E-01 -4.7179E-03 -2.3842E-06 -1.3970E-09
 4.0000E-02 3.0722E-01 -4.1441E-03  5.4836E-06  2.2817E-08
 4.0000E-02 3.0828E-01 -3.7210E-03 -1.4305E-06  1.6298E-09
 4.0000E-02 3.0934E-01 -3.3437E-03 -4.5300E-06 -5.3318E-08
 4.0000E-02 3.1042E-01 -3.0954E-03 -9.5367E-07  8.1956E-08
 4.0000E-02 3.1150E-01 -2.9798E-03  5.0068E-06 -1.5367E-08
 4.0000E-02 3.1259E-01 -3.0007E-03 -2.3842E-06 -3.9581E-09
 4.0000E-02 3.1368E-01 -3.1617E-03  1.4305E-06 -1.1874E-08
 4.0000E-02 3.1479E-01 -3.4666E-03 -5.7220E-06  4.0047E-08
 4.0000E-02 3.1590E-01 -3.9198E-03 -3.0994E-06 -1.9092E-08
 4.0000E-02 3.1702E-01 -4.5250E-03  2.6226E-06 -4.6100E-08
 4.0000E-02 3.1815E-01 -4.8961E-03 -1.3828E-05  1.6298E-08
 4.0000E-02 3.1929E-01 -5.4428E-03 -4.2915E-06  3.4459E-08
 4.0000E-02 3.2043E-01 -6.2459E-03 -3.0994E-06 -1.1642E-08
 4.0000E-02 3.2158E-01 -7.3133E-03  1.6689E-06  9.9652E-08
 4.0000E-02 3.2274E-01 -8.6536E-03 -3.3379E-06  3.1665E-08
 4.0000E-02 3.2391E-01 -1.0275E-02  2.3842E-06  5.4948E-08
 4.0000E-02 3.2509E-01 -1.2187E-02  7.6294E-06 -2.5146E-08
 4.0000E-02 3.2628E-01 -1.4398E-02 -4.2915E-06 -4.3772E-08
 4.0000E-02 3.2747E-01 -1.7427E-02 -1.4305E-06  1.3039E-08
 4.0000E-02 3.2868E-01 -2.0935E-02  7.8678E-06  8.1956E-08
 4.0000E-02 3.2989E-01 -2.4913E-02  7.1526E-07 -8.3819E-08
 4.0000E-02 3.3111E-01 -2.9374E-02  4.7684E-07  5.0291E-08
 4.0000E-02 3.3234E-01 -3.4329E-02  1.1921E-06 -2.2352E-08
 4.0000E-02 3.3358E-01 -3.9789E-02 -3.3379E-06 -4.0978E-08
 4.0000E-02 3.3483E-01 -4.5795E-02  1.4305E-06  4.4703E-08
 4.0000E-02 3.3609E-01 -5.2547E-02 -2.6226E-06 -7.8231E-08
 4.0000E-02 3.3736E-01 -6.0005E-02  7.1526E-07  2.9802E-08
 4.0000E-02 3.3864E-01 -6.7913E-02  1.6689E-06  1.1921E-07
 4.0000E-02 3.3992E-01 -7.6286E-02 -9.5367E-07  1.3411E-07
 4.0000E-02 3.4122E-01 -8.5137E-02 -4.7684E-06  7.4506E-09
 4.0000E-02 3.4253E-01 -9.4482E-02  6.1989E-06 -9.6858E-08
 4.0000E-02 3.4385E-01 -1.0434E-01 -3.5763E-06  5.9605E-08
 4.0000E-02 3.4517E-01 -1.1466E-01 -2.1458E-06  1.4901E-08
 4.0000E-02 3.4651E-01 -1.2523E-01 -5.4836E-06  3.1292E-07
 4.0000E-02 3.4786E-01 -1.3607E-01 -1.9073E-06 -1.0431E-07
 4.0000E-02 3.4922E-01 -1.4720E-01  7.1526E-07  1.7881E-07
 4.0000E-02 3.5059E-01 -1.5861E-01 -1.1921E-06  4.6194E-07
 4.0000E-02 3.5197E-01 -1.7032E-01  4.2915E-06 -1.9372E-07
 4.0000E-02 3.5336E-01 -1.8234E-01  4.7684E-07  3.2783E-07
 4.0000E-02 3.5476E-01 -1.9448E-01 -2.8610E-06  2.2352E-07
 4.0000E-02 3.5618E-01 -2.0666E-01  0.0000E+00 -4.4703E-08
 4.0000E-02 3.5760E-01 -2.1893E-01 -6.4373E-06 -7.4506E-08
 4.0000E-02 3.5904E-01 -2.3131E-01  5.7220E-06  0.0000E+00
 4.0000E-02 3.6048E-01 -2.4378E-01 -3.0994E-06  3.8743E-07
 4.0000E-02 3.6194E-01 -2.5635E-01 -1.4305E-06  8.0466E-07
 4.0000E-02 3.6341E-01 -2.6894E-01 -2.3842E-06  4.7684E-07
 4.0000E-02 3.6490E-01 -2.8138E-01  2.1458E-06 -1.7881E-07
 4.0000E-02 3.6639E-01 -2.9382E-01  3.5763E-06 -1.4901E-07
 4.0000E-02 3.6790E-01 -3.0620E-01  4.7684E-07 -2.9802E-08
 4.0000E-02 3.6942E-01 -3.1854E-01 -3.8147E-06 -3.8743E-07
 4.0000E-02 3.7095E-01 -3.3083E-01 -4.2915E-06  0.0000E+00
 4.0000E-02 3.7250E-01 -3.4302E-01 -5.9605E-06 -9.8348E-07
 4.0000E-02 3.7406E-01 -3.5503E-01  3.8147E-06  2.3842E-07
 4.0000E-02 3.7563E-01 -3.6695E-01  2.3842E-07  2.3842E-07
 4.0000E-02 3.7722E-01 -3.7876E-01 -9.5367E-06  4.1723E-07
 4.0000E-02 3.7881E-01 -3.9043E-01 -5.9605E-06 -2.0862E-07
 4.0000E-02 3.8043E-01 -4.0194E-01  5.0068E-06  4.9472E-06
 4.0000E-02 3.8205E-01 -4.1326E-01 -7.3910E-06  4.3809E-06
 4.0000E-02 3.8369E-01 -4.2438E-01  7.6294E-06 -1.5199E-06
 4.0000E-02 3.8534E-01 -4.3534E-01 -6.4373E-06  7.7486E-07
 4.0000E-02 3.8701E-01 -4.4610E-01  4.7684E-07 -5.7817E-06
 4.0000E-02 3.8870E-01 -4.5665E-01  2.1458E-06 -3.2783E-06
 4.0000E-02 3.9039E-01 -4.6692E-01 -6.9141E-06 -1.7583E-06
 4.0000E-02 3.9211E-01 -4.7694E-01 -7.1526E-07  1.9073E-06
 4.0000E-02 3.9383E-01 -4.8671E-01 -2.8610E-06  8.0466E-07
 4.0000E-02 3.9558E-01 -4.9621E-01 -5.4836E-06  8.3447E-07
 4.0000E-02 3.9733E-01 -5.0538E-01  4.7684E-07  1.9670E-06
 4.0000E-02 3.9911E-01 -5.1418E-01  7.3910E-06 -1.1921E-06
 4.0000E-02 4.0090E-01 -5.2260E-01 -2.1458E-06 -1.2517E-06
 4.0000E-02 4.0270E-01 -5.3067E-01  1.5974E-05 -3.7551E-06
 4.0000E-02 4.0452E-01 -5.3835E-01 -1.4305E-06  4.4107E-06
 4.0000E-02 4.0636E-01 -5.4556E-01 -6.9141E-06  4.7684E-07
 4.0000E-02 4.0822E-01 -5.5226E-01 -1.1921E-06  3.1590E-06
 4.0000E-02 4.1009E-01 -5.5841E-01 -1.6689E-06 -4.1723E-07
 4.0000E-02 4.1198E-01 -5.6406E-01  0.0000E+00 -2.3842E-07
 4.0000E-02 4.1389E-01 -5.6913E-01  2.6226E-06 -8.9407E-07
 4.0000E-02 4.1581E-01 -5.7355E-01  1.1921E-06  2.9802E-07
 4.0000E-02 4.1776E-01 -5.7722E-01 -4.5300E-06  1.6093E-06
 4.0000E-02 4.1972E-01 -5.8014E-01  1.0490E-05  2.5034E-06
 4.0000E-02 4.2170E-01 -5.8229E-01  1.2636E-05  0.0000E+00
 4.0000E-02 4.2370E-01 -5.8356E-01  1.1921E-06  1.7881E-06
 4.0000E-02 4.2571E-01 -5.8381E-01 -5.0068E-06 -1.5497E-06
 4.0000E-02 4.2775E-01 -5.8293E-01  4.2915E-06 -6.0201E-06
 4.0000E-02 4.2981E-01 -5.8091E-01 -2.1458E-06  6.5565E-07
 4.0000E-02 4.3188E-01 -5.7760E-01  5.7220E-06 -5.9605E-08
 4.0000E-02 4.3398E-01 -5.7285E-01 -5.4836E-06  1.0729E-06
 4.0000E-02 4.3610E-01 -5.6651E-01  8.1062E-06  1.1921E-07
 4.0000E-02 4.3824E-01 -5.5868E-01 -3.8147E-06  8.3447E-07
 4.0000E-02 4.4039E-01 -5.4913E-01 -1.0014E-05 -2.3246E-06
 4.0000E-02 4.4257E-01 -5.3776E-01 -1.4305E-06  3.9339E-06
 4.0000E-02 4.4478E-01 -5.2448E-01 -3.8147E-06  4.7684E-07
 4.0000E-02 4.4700E-01 -5.0943E-01  2.7657E-05  2.2054E-06
 4.0000E-02 4.4925E-01 -4.9229E-01  3.8147E-06 -1.7881E-06
 4.0000E-02 4.5152E-01 -4.7293E-01 -1.4305E-06 -9.5367E-07
 4.0000E-02 4.5381E-01 -4.5132E-01 -3.1471E-05  5.9605E-07
 4.0000E-02 4.5612E-01 -4.2744E-01 -9.0599E-06  9.2387E-07
 4.0000E-02 4.5846E-01 -4.0110E-01  0.0000E+00 -5.0664E-07
 4.0000E-02 4.6082E-01 -3.7240E-01 -8.1062E-06 -2.3246E-06
 4.0000E-02 4.6321E-01 -3.4148E-01 -1.4305E-06  4.4703E-06
 4.0000E-02 4.6563E-01 -3.0828E-01  4.7684E-06  1.1921E-07
 4.0000E-02 4.6806E-01 -2.7278E-01 -1.6212E-05  6.5565E-07
 4.0000E-02 4.7053E-01 -2.3506E-01 -5.2452E-06 -4.0382E-06
 4.0000E-02 4.7302E-01 -1.9507E-01 -7.1526E-06  6.1095E-07
 4.0000E-02 4.7553E-01 -1.5229E-01 -4.2915E-06  3.5763E-07
 4.0000E-02 4.7807E-01 -1.0637E-01  2.3842E-06  1.5944E-06
 4.0000E-02 4.8065E-01 -5.6794E-02 -4.7684E-07  4.0606E-07
 4.0000E-02 4.8324E-01 -2.7221E-03  9.5367E-07 -5.0617E-06
 4.0000E-02 4.8587E-01  5.6863E-02 -7.6294E-06  1.5832E-06
 4.0000E-02 4.8852E-01  1.2292E-01  1.4305E-05  2.1160E-06
 4.0000E-02 4.9121E-01  1.9665E-01  6.6757E-06 -1.6987E-06
 4.0000E-02 4.9392E-01  2.7941E-01 -2.3842E-06 -9.5367E-07
 4.0000E-02 4.9667E-01  3.7213E-01 -1.1444E-05  1.0729E-06
 4.0000E-02 4.9944E-01  4.7585E-01  1.0967E-05  3.3081E-06
 4.0000E-02 5.0225E-01  5.9117E-01  5.7220E-06  4.1723E-07
 4.0000E-02 5.0508E-01  7.1762E-01 -1.1444E-05  1.6689E-06
 4.0000E-02 5.0795E-01  8.5434E-01 -4.7684E-06 -2.4438E-06
 4.0000E-02 5.1086E-01  9.9938E-01 -1.4782E-05  2.7418E-06
 4.0000E-02 5.1379E-01  1.1493E+00  3.8147E-06  6.7949E-06
 4.0000E-02 5.1676E-01  1.3006E+00 -2.1935E-05 -8.2254E-06
 4.0000E-02 5.1977E-01  1.4494E+00 -7.1526E-06 -2.5034E-06
 4.0000E-02 5.2281E-01  1.5916E+00 -2.3842E-06 -9.5367E-07
 4.0000E-02 5.2588E-01  1.7243E+00  1.0490E-05  1.3113E-06
 4.0000E-02 5.2899E-01  1.8453E+00 -2.0027E-05 -4.7684E-07
 4.0000E-02 5.3214E-01  1.9533E+00 -6.1989E-06 -4.2915E-06
 4.0000E-02 5.3533E-01  2.0479E+00  1.7643E-05  2.0981E-05
 4.0000E-02 5.3855E-01  2.1296E+00  1.5259E-05  4.7684E-07
 4.0000E-02 5.4182E-01  2.1996E+00  8.1062E-06 -1.4305E-06
 4.0000E-02 5.4512E-01  2.2592E+00 -1.3351E-05 -4.2915E-06
 4.0000E-02 5.4847E-01  2.3096E+00  3.2425E-05  3.3379E-06
 4.0000E-02 5.5185E-01  2.3516E+00  6.8188E-05  7.3910E-06
 4.0000E-02 5.5528E-01  2.3852E+00  2.2411E-05 -1.5736E-05
 4.0000E-02 5.5875E-01  2.4104E+00 -5.8174E-05  5.4836E-06
 4.0000E-02 5.6226E-01  2.4269E+00  3.0994E-06 -1.4067E-05
 4.0000E-02 5.6582E-01  2.4346E+00 -1.1921E-06 -1.1206E-05
 4.0000E-02 5.6943E-01  2.4332E+00 -1.1683E-05  1.1921E-05
 4.0000E-02 5.7308E-01  2.4234E+00  1.0490E-05 -2.3842E-06
 4.0000E-02 5.7677E-01  2.4063E+00 -1.0490E-05  4.2915E-06
 4.0000E-02 5.8052E-01  2.3835E+00 -2.8610E-05  1.9789E-05
 4.0000E-02 5.8431E-01  2.3566E+00 -7.3910E-06  4.0531E-06
 4.0000E-02 5.8816E-01  2.3266E+00  6.6757E-06 -3.3379E-06
 4.0000E-02 5.9205E-01  2.2943E+00  2.3127E-05 -2.0742E-05
 4.0000E-02 5.9600E-01  2.2600E+00  5.7220E-06 -1.1921E-05
 4.0000E-02 6.0000E-01  2.2239E+00  4.6968E-05  5.9605E-06
