 DDSCAT --- DDSCAT 7.3.3 [22.01.20]   
 TARGET --->TARGSPHER  spherical target with explicit spacing                 
 GPFAFT --- method of solution 
 GKDLDR --- prescription for polarizabilities
 FROM_FILE --- shape 
    4169 = NAT0 = number of dipoles
 ../../diel/Pena-Rioux_dielectric_26Au_74Ag                  
 ../../diel/Pena-Rioux_dielectric_76Au_24Ag                  
 ../../diel/Pena-Rioux_dielectric_92Au_8Ag                   
   0.000   0.000 = beta_min, beta_max ;  NBETA = 1
   0.000   0.000 = theta_min, theta_max; NTHETA= 1
   0.000   0.000 = phi_min, phi_max   ;   NPHI = 1
 0.5000 = ETASCA (param. controlling # of scatt. dirs used to calculate <cos> etc.
 Results averaged over    1 target orientations
                   and  2 incident polarizations
   aeff       wave       Q_ext     Q_abs      Q_sca     g(1)=<cos>  <cos^2>    Q_bk       Nsca
 4.0000E-02 3.0000E-01 2.6030E+00 1.8038E+00 7.9919E-01  2.5543E-01 4.1466E-01 4.0216E-02   408
 4.0000E-02 3.0101E-01 2.5958E+00 1.8033E+00 7.9243E-01  2.5368E-01 4.1447E-01 4.0231E-02   408
 4.0000E-02 3.0203E-01 2.5884E+00 1.8028E+00 7.8563E-01  2.5194E-01 4.1428E-01 4.0236E-02   408
 4.0000E-02 3.0305E-01 2.5810E+00 1.8022E+00 7.7879E-01  2.5020E-01 4.1409E-01 4.0231E-02   408
 4.0000E-02 3.0408E-01 2.5735E+00 1.8016E+00 7.7190E-01  2.4847E-01 4.1391E-01 4.0216E-02   408
 4.0000E-02 3.0512E-01 2.5659E+00 1.8009E+00 7.6497E-01  2.4675E-01 4.1373E-01 4.0193E-02   408
 4.0000E-02 3.0616E-01 2.5582E+00 1.8002E+00 7.5800E-01  2.4504E-01 4.1355E-01 4.0159E-02   408
 4.0000E-02 3.0722E-01 2.5504E+00 1.7994E+00 7.5101E-01  2.4333E-01 4.1337E-01 4.0117E-02   408
 4.0000E-02 3.0828E-01 2.5427E+00 1.7987E+00 7.4408E-01  2.4163E-01 4.1319E-01 4.0072E-02   408
 4.0000E-02 3.0934E-01 2.5355E+00 1.7980E+00 7.3749E-01  2.3991E-01 4.1302E-01 4.0041E-02   408
 4.0000E-02 3.1042E-01 2.5281E+00 1.7973E+00 7.3085E-01  2.3819E-01 4.1284E-01 4.0002E-02   408
 4.0000E-02 3.1150E-01 2.5207E+00 1.7965E+00 7.2416E-01  2.3647E-01 4.1267E-01 3.9954E-02   408
 4.0000E-02 3.1259E-01 2.5131E+00 1.7957E+00 7.1744E-01  2.3476E-01 4.1250E-01 3.9897E-02   408
 4.0000E-02 3.1368E-01 2.5055E+00 1.7948E+00 7.1068E-01  2.3306E-01 4.1234E-01 3.9832E-02   408
 4.0000E-02 3.1479E-01 2.4977E+00 1.7938E+00 7.0390E-01  2.3147E-01 4.1232E-01 3.9757E-02   362
 4.0000E-02 3.1590E-01 2.4898E+00 1.7928E+00 6.9707E-01  2.2977E-01 4.1216E-01 3.9674E-02   362
 4.0000E-02 3.1702E-01 2.4819E+00 1.7917E+00 6.9021E-01  2.2808E-01 4.1200E-01 3.9583E-02   363
 4.0000E-02 3.1815E-01 2.4733E+00 1.7903E+00 6.8303E-01  2.2641E-01 4.1184E-01 3.9465E-02   363
 4.0000E-02 3.1929E-01 2.4644E+00 1.7887E+00 6.7570E-01  2.2475E-01 4.1169E-01 3.9332E-02   363
 4.0000E-02 3.2043E-01 2.4553E+00 1.7870E+00 6.6830E-01  2.2310E-01 4.1154E-01 3.9185E-02   363
 4.0000E-02 3.2158E-01 2.4460E+00 1.7852E+00 6.6080E-01  2.2146E-01 4.1139E-01 3.9026E-02   363
 4.0000E-02 3.2274E-01 2.4364E+00 1.7832E+00 6.5322E-01  2.1982E-01 4.1124E-01 3.8854E-02   363
 4.0000E-02 3.2391E-01 2.4267E+00 1.7811E+00 6.4556E-01  2.1819E-01 4.1110E-01 3.8669E-02   363
 4.0000E-02 3.2509E-01 2.4166E+00 1.7788E+00 6.3781E-01  2.1656E-01 4.1096E-01 3.8472E-02   363
 4.0000E-02 3.2628E-01 2.4064E+00 1.7764E+00 6.2999E-01  2.1494E-01 4.1082E-01 3.8263E-02   363
 4.0000E-02 3.2747E-01 2.3950E+00 1.7734E+00 6.2156E-01  2.1337E-01 4.1068E-01 3.8003E-02   363
 4.0000E-02 3.2868E-01 2.3836E+00 1.7703E+00 6.1324E-01  2.1178E-01 4.1055E-01 3.7743E-02   363
 4.0000E-02 3.2989E-01 2.3723E+00 1.7672E+00 6.0506E-01  2.1018E-01 4.1042E-01 3.7486E-02   363
 4.0000E-02 3.3111E-01 2.3611E+00 1.7640E+00 5.9704E-01  2.0857E-01 4.1029E-01 3.7233E-02   363
 4.0000E-02 3.3234E-01 2.3500E+00 1.7608E+00 5.8922E-01  2.0693E-01 4.1015E-01 3.6988E-02   363
 4.0000E-02 3.3358E-01 2.3391E+00 1.7576E+00 5.8153E-01  2.0527E-01 4.1002E-01 3.6747E-02   363
 4.0000E-02 3.3483E-01 2.3283E+00 1.7542E+00 5.7403E-01  2.0359E-01 4.0988E-01 3.6513E-02   363
 4.0000E-02 3.3609E-01 2.3181E+00 1.7511E+00 5.6701E-01  2.0187E-01 4.0975E-01 3.6308E-02   363
 4.0000E-02 3.3736E-01 2.3089E+00 1.7483E+00 5.6068E-01  2.0007E-01 4.0960E-01 3.6149E-02   363
 4.0000E-02 3.3864E-01 2.3005E+00 1.7457E+00 5.5484E-01  1.9823E-01 4.0946E-01 3.6021E-02   363
 4.0000E-02 3.3992E-01 2.2929E+00 1.7434E+00 5.4952E-01  1.9635E-01 4.0931E-01 3.5925E-02   363
 4.0000E-02 3.4122E-01 2.2860E+00 1.7413E+00 5.4472E-01  1.9442E-01 4.0916E-01 3.5863E-02   363
 4.0000E-02 3.4253E-01 2.2799E+00 1.7394E+00 5.4045E-01  1.9245E-01 4.0901E-01 3.5837E-02   363
 4.0000E-02 3.4385E-01 2.2746E+00 1.7379E+00 5.3676E-01  1.9043E-01 4.0885E-01 3.5850E-02   363
 4.0000E-02 3.4517E-01 2.2705E+00 1.7367E+00 5.3377E-01  1.8836E-01 4.0870E-01 3.5912E-02   363
 4.0000E-02 3.4651E-01 2.2678E+00 1.7362E+00 5.3159E-01  1.8624E-01 4.0853E-01 3.6030E-02   363
 4.0000E-02 3.4786E-01 2.2662E+00 1.7361E+00 5.3006E-01  1.8409E-01 4.0837E-01 3.6193E-02   363
 4.0000E-02 3.4922E-01 2.2657E+00 1.7365E+00 5.2917E-01  1.8191E-01 4.0821E-01 3.6402E-02   363
 4.0000E-02 3.5059E-01 2.2663E+00 1.7373E+00 5.2896E-01  1.7970E-01 4.0804E-01 3.6661E-02   363
 4.0000E-02 3.5197E-01 2.2681E+00 1.7387E+00 5.2944E-01  1.7746E-01 4.0787E-01 3.6970E-02   363
 4.0000E-02 3.5336E-01 2.2712E+00 1.7406E+00 5.3065E-01  1.7519E-01 4.0771E-01 3.7334E-02   363
 4.0000E-02 3.5476E-01 2.2758E+00 1.7431E+00 5.3266E-01  1.7292E-01 4.0754E-01 3.7756E-02   363
 4.0000E-02 3.5618E-01 2.2816E+00 1.7463E+00 5.3534E-01  1.7064E-01 4.0737E-01 3.8230E-02   363
 4.0000E-02 3.5760E-01 2.2887E+00 1.7500E+00 5.3868E-01  1.6835E-01 4.0720E-01 3.8755E-02   363
 4.0000E-02 3.5904E-01 2.2970E+00 1.7543E+00 5.4270E-01  1.6605E-01 4.0703E-01 3.9333E-02   363
 4.0000E-02 3.6048E-01 2.3066E+00 1.7592E+00 5.4743E-01  1.6375E-01 4.0687E-01 3.9969E-02   363
 4.0000E-02 3.6194E-01 2.3175E+00 1.7647E+00 5.5288E-01  1.6144E-01 4.0670E-01 4.0665E-02   363
 4.0000E-02 3.6341E-01 2.3299E+00 1.7709E+00 5.5909E-01  1.5913E-01 4.0654E-01 4.1423E-02   363
 4.0000E-02 3.6490E-01 2.3435E+00 1.7776E+00 5.6590E-01  1.5682E-01 4.0637E-01 4.2233E-02   363
 4.0000E-02 3.6639E-01 2.3583E+00 1.7849E+00 5.7335E-01  1.5451E-01 4.0621E-01 4.3100E-02   363
 4.0000E-02 3.6790E-01 2.3743E+00 1.7928E+00 5.8144E-01  1.5220E-01 4.0605E-01 4.4025E-02   363
 4.0000E-02 3.6942E-01 2.3916E+00 1.8014E+00 5.9021E-01  1.4989E-01 4.0589E-01 4.5012E-02   363
 4.0000E-02 3.7095E-01 2.4102E+00 1.8106E+00 5.9969E-01  1.4758E-01 4.0573E-01 4.6065E-02   363
 4.0000E-02 3.7250E-01 2.4303E+00 1.8204E+00 6.0988E-01  1.4527E-01 4.0558E-01 4.7185E-02   363
 4.0000E-02 3.7406E-01 2.4514E+00 1.8308E+00 6.2064E-01  1.4295E-01 4.0542E-01 4.8364E-02   363
 4.0000E-02 3.7563E-01 2.4737E+00 1.8417E+00 6.3203E-01  1.4064E-01 4.0527E-01 4.9607E-02   363
 4.0000E-02 3.7722E-01 2.4974E+00 1.8532E+00 6.4415E-01  1.3831E-01 4.0512E-01 5.0922E-02   363
 4.0000E-02 3.7881E-01 2.5223E+00 1.8654E+00 6.5693E-01  1.3598E-01 4.0497E-01 5.2307E-02   363
 4.0000E-02 3.8043E-01 2.5486E+00 1.8782E+00 6.7044E-01  1.3364E-01 4.0483E-01 5.3769E-02   363
 4.0000E-02 3.8205E-01 2.5762E+00 1.8916E+00 6.8466E-01  1.3130E-01 4.0468E-01 5.5308E-02   363
 4.0000E-02 3.8369E-01 2.6051E+00 1.9056E+00 6.9948E-01  1.2897E-01 4.0454E-01 5.6915E-02   363
 4.0000E-02 3.8534E-01 2.6352E+00 1.9201E+00 7.1503E-01  1.2661E-01 4.0440E-01 5.8605E-02   363
 4.0000E-02 3.8701E-01 2.6666E+00 1.9353E+00 7.3133E-01  1.2426E-01 4.0426E-01 6.0378E-02   363
 4.0000E-02 3.8870E-01 2.6995E+00 1.9511E+00 7.4842E-01  1.2189E-01 4.0413E-01 6.2244E-02   363
 4.0000E-02 3.9039E-01 2.7340E+00 1.9676E+00 7.6633E-01  1.1959E-01 4.0417E-01 6.4203E-02   323
 4.0000E-02 3.9211E-01 2.7697E+00 1.9847E+00 7.8496E-01  1.1720E-01 4.0404E-01 6.6251E-02   323
 4.0000E-02 3.9383E-01 2.8068E+00 2.0024E+00 8.0441E-01  1.1480E-01 4.0391E-01 6.8397E-02   323
 4.0000E-02 3.9558E-01 2.8454E+00 2.0207E+00 8.2471E-01  1.1239E-01 4.0379E-01 7.0645E-02   323
 4.0000E-02 3.9733E-01 2.8856E+00 2.0398E+00 8.4586E-01  1.0998E-01 4.0367E-01 7.3001E-02   323
 4.0000E-02 3.9911E-01 2.9274E+00 2.0595E+00 8.6795E-01  1.0755E-01 4.0355E-01 7.5471E-02   323
 4.0000E-02 4.0090E-01 2.9707E+00 2.0798E+00 8.9093E-01  1.0512E-01 4.0343E-01 7.8052E-02   323
 4.0000E-02 4.0270E-01 3.0156E+00 2.1008E+00 9.1483E-01  1.0268E-01 4.0332E-01 8.0751E-02   323
 4.0000E-02 4.0452E-01 3.0622E+00 2.1225E+00 9.3971E-01  1.0023E-01 4.0321E-01 8.3577E-02   323
 4.0000E-02 4.0636E-01 3.1105E+00 2.1448E+00 9.6562E-01  9.7773E-02 4.0310E-01 8.6532E-02   323
 4.0000E-02 4.0822E-01 3.1605E+00 2.1679E+00 9.9257E-01  9.5311E-02 4.0299E-01 8.9623E-02   323
 4.0000E-02 4.1009E-01 3.2123E+00 2.1917E+00 1.0206E+00  9.2846E-02 4.0289E-01 9.2849E-02   323
 4.0000E-02 4.1198E-01 3.2659E+00 2.2162E+00 1.0497E+00  9.0378E-02 4.0279E-01 9.6221E-02   323
 4.0000E-02 4.1389E-01 3.3213E+00 2.2414E+00 1.0799E+00  8.7908E-02 4.0270E-01 9.9744E-02   323
 4.0000E-02 4.1581E-01 3.3787E+00 2.2673E+00 1.1114E+00  8.5439E-02 4.0261E-01 1.0342E-01   323
 4.0000E-02 4.1776E-01 3.4381E+00 2.2940E+00 1.1441E+00  8.2972E-02 4.0252E-01 1.0726E-01   323
 4.0000E-02 4.1972E-01 3.4994E+00 2.3215E+00 1.1779E+00  8.0510E-02 4.0243E-01 1.1127E-01   323
 4.0000E-02 4.2170E-01 3.5629E+00 2.3497E+00 1.2132E+00  7.8057E-02 4.0235E-01 1.1545E-01   323
 4.0000E-02 4.2370E-01 3.6285E+00 2.3787E+00 1.2498E+00  7.5614E-02 4.0227E-01 1.1981E-01   323
 4.0000E-02 4.2571E-01 3.6964E+00 2.4086E+00 1.2878E+00  7.3187E-02 4.0219E-01 1.2435E-01   323
 4.0000E-02 4.2775E-01 3.7664E+00 2.4393E+00 1.3271E+00  7.0776E-02 4.0212E-01 1.2906E-01   323
 4.0000E-02 4.2981E-01 3.8385E+00 2.4707E+00 1.3678E+00  6.8388E-02 4.0205E-01 1.3396E-01   323
 4.0000E-02 4.3188E-01 3.9130E+00 2.5031E+00 1.4099E+00  6.6027E-02 4.0198E-01 1.3905E-01   323
 4.0000E-02 4.3398E-01 3.9896E+00 2.5363E+00 1.4534E+00  6.3698E-02 4.0192E-01 1.4432E-01   323
 4.0000E-02 4.3610E-01 4.0683E+00 2.5702E+00 1.4981E+00  6.1404E-02 4.0186E-01 1.4975E-01   323
 4.0000E-02 4.3824E-01 4.1486E+00 2.6048E+00 1.5438E+00  5.9151E-02 4.0180E-01 1.5533E-01   323
 4.0000E-02 4.4039E-01 4.2310E+00 2.6402E+00 1.5908E+00  5.6943E-02 4.0174E-01 1.6108E-01   323
 4.0000E-02 4.4257E-01 4.3151E+00 2.6763E+00 1.6389E+00  5.4784E-02 4.0169E-01 1.6697E-01   323
 4.0000E-02 4.4478E-01 4.4007E+00 2.7129E+00 1.6879E+00  5.2676E-02 4.0165E-01 1.7299E-01   323
 4.0000E-02 4.4700E-01 4.4880E+00 2.7501E+00 1.7379E+00  5.0625E-02 4.0160E-01 1.7915E-01   323
 4.0000E-02 4.4925E-01 4.5768E+00 2.7878E+00 1.7890E+00  4.8632E-02 4.0156E-01 1.8544E-01   323
 4.0000E-02 4.5152E-01 4.6670E+00 2.8260E+00 1.8409E+00  4.6703E-02 4.0152E-01 1.9184E-01   323
 4.0000E-02 4.5381E-01 4.7580E+00 2.8646E+00 1.8934E+00  4.4842E-02 4.0148E-01 1.9832E-01   323
 4.0000E-02 4.5612E-01 4.8502E+00 2.9035E+00 1.9467E+00  4.3051E-02 4.0145E-01 2.0489E-01   323
 4.0000E-02 4.5846E-01 4.9430E+00 2.9426E+00 2.0004E+00  4.1331E-02 4.0142E-01 2.1153E-01   323
 4.0000E-02 4.6082E-01 5.0362E+00 2.9818E+00 2.0545E+00  3.9682E-02 4.0139E-01 2.1821E-01   323
 4.0000E-02 4.6321E-01 5.1296E+00 3.0208E+00 2.1088E+00  3.8107E-02 4.0136E-01 2.2492E-01   323
 4.0000E-02 4.6563E-01 5.2236E+00 3.0597E+00 2.1639E+00  3.6598E-02 4.0134E-01 2.3171E-01   323
 4.0000E-02 4.6806E-01 5.3180E+00 3.0983E+00 2.2197E+00  3.5150E-02 4.0132E-01 2.3859E-01   323
 4.0000E-02 4.7053E-01 5.4134E+00 3.1366E+00 2.2768E+00  3.3758E-02 4.0129E-01 2.4561E-01   323
 4.0000E-02 4.7302E-01 5.5103E+00 3.1744E+00 2.3359E+00  3.2412E-02 4.0127E-01 2.5286E-01   323
 4.0000E-02 4.7553E-01 5.6093E+00 3.2117E+00 2.3976E+00  3.1099E-02 4.0125E-01 2.6041E-01   323
 4.0000E-02 4.7807E-01 5.7107E+00 3.2482E+00 2.4625E+00  2.9810E-02 4.0123E-01 2.6834E-01   323
 4.0000E-02 4.8065E-01 5.8151E+00 3.2837E+00 2.5314E+00  2.8532E-02 4.0121E-01 2.7674E-01   323
 4.0000E-02 4.8324E-01 5.9229E+00 3.3179E+00 2.6050E+00  2.7251E-02 4.0118E-01 2.8571E-01   323
 4.0000E-02 4.8587E-01 6.0333E+00 3.3500E+00 2.6833E+00  2.5959E-02 4.0116E-01 2.9527E-01   323
 4.0000E-02 4.8852E-01 6.1461E+00 3.3793E+00 2.7668E+00  2.4647E-02 4.0114E-01 3.0547E-01   323
 4.0000E-02 4.9121E-01 6.2603E+00 3.4049E+00 2.8554E+00  2.3306E-02 4.0112E-01 3.1633E-01   323
 4.0000E-02 4.9392E-01 6.3734E+00 3.4254E+00 2.9480E+00  2.1934E-02 4.0110E-01 3.2773E-01   323
 4.0000E-02 4.9667E-01 6.4825E+00 3.4393E+00 3.0433E+00  2.0532E-02 4.0108E-01 3.3954E-01   323
 4.0000E-02 4.9944E-01 6.5842E+00 3.4447E+00 3.1395E+00  1.9105E-02 4.0106E-01 3.5155E-01   323
 4.0000E-02 5.0225E-01 6.6732E+00 3.4399E+00 3.2334E+00  1.7663E-02 4.0104E-01 3.6340E-01   323
 4.0000E-02 5.0508E-01 6.7438E+00 3.4229E+00 3.3209E+00  1.6222E-02 4.0103E-01 3.7460E-01   323
 4.0000E-02 5.0795E-01 6.7902E+00 3.3922E+00 3.3980E+00  1.4794E-02 4.0101E-01 3.8468E-01   324
 4.0000E-02 5.1086E-01 6.8064E+00 3.3465E+00 3.4598E+00  1.3395E-02 4.0101E-01 3.9304E-01   324
 4.0000E-02 5.1379E-01 6.7880E+00 3.2858E+00 3.5022E+00  1.2076E-02 4.0120E-01 3.9918E-01   285
 4.0000E-02 5.1676E-01 6.7326E+00 3.2106E+00 3.5220E+00  1.0769E-02 4.0120E-01 4.0271E-01   285
 4.0000E-02 5.1977E-01 6.6397E+00 3.1221E+00 3.5176E+00  9.5135E-03 4.0120E-01 4.0341E-01   285
 4.0000E-02 5.2281E-01 6.5122E+00 3.0228E+00 3.4894E+00  8.3110E-03 4.0120E-01 4.0131E-01   285
 4.0000E-02 5.2588E-01 6.3542E+00 2.9149E+00 3.4393E+00  7.1567E-03 4.0120E-01 3.9661E-01   285
 4.0000E-02 5.2899E-01 6.1709E+00 2.8011E+00 3.3698E+00  6.0449E-03 4.0121E-01 3.8958E-01   285
 4.0000E-02 5.3214E-01 5.9688E+00 2.6839E+00 3.2849E+00  4.9700E-03 4.0121E-01 3.8070E-01   285
 4.0000E-02 5.3533E-01 5.7535E+00 2.5652E+00 3.1883E+00  3.9279E-03 4.0122E-01 3.7037E-01   285
 4.0000E-02 5.3855E-01 5.5303E+00 2.4466E+00 3.0837E+00  2.9156E-03 4.0122E-01 3.5903E-01   285
 4.0000E-02 5.4182E-01 5.3035E+00 2.3288E+00 2.9747E+00  1.9309E-03 4.0123E-01 3.4710E-01   285
 4.0000E-02 5.4512E-01 5.0754E+00 2.2119E+00 2.8635E+00  9.7335E-04 4.0124E-01 3.3483E-01   285
 4.0000E-02 5.4847E-01 4.8470E+00 2.0957E+00 2.7514E+00  4.2114E-05 4.0124E-01 3.2238E-01   285
 4.0000E-02 5.5185E-01 4.6185E+00 1.9798E+00 2.6388E+00 -8.6703E-04 4.0125E-01 3.0979E-01   285
 4.0000E-02 5.5528E-01 4.3897E+00 1.8644E+00 2.5253E+00 -1.7581E-03 4.0125E-01 2.9704E-01   285
 4.0000E-02 5.5875E-01 4.1615E+00 1.7504E+00 2.4112E+00 -2.6380E-03 4.0125E-01 2.8414E-01   285
 4.0000E-02 5.6226E-01 3.9348E+00 1.6385E+00 2.2963E+00 -3.5169E-03 4.0124E-01 2.7109E-01   285
 4.0000E-02 5.6582E-01 3.7111E+00 1.5304E+00 2.1807E+00 -4.4023E-03 4.0124E-01 2.5791E-01   285
 4.0000E-02 5.6943E-01 3.4932E+00 1.4278E+00 2.0653E+00 -5.2994E-03 4.0123E-01 2.4471E-01   285
 4.0000E-02 5.7308E-01 3.2840E+00 1.3326E+00 1.9515E+00 -6.2086E-03 4.0122E-01 2.3163E-01   285
 4.0000E-02 5.7677E-01 3.0863E+00 1.2455E+00 1.8408E+00 -7.1278E-03 4.0120E-01 2.1889E-01   285
 4.0000E-02 5.8052E-01 2.9012E+00 1.1666E+00 1.7346E+00 -8.0550E-03 4.0119E-01 2.0665E-01   285
 4.0000E-02 5.8431E-01 2.7291E+00 1.0951E+00 1.6340E+00 -8.9895E-03 4.0118E-01 1.9503E-01   285
 4.0000E-02 5.8816E-01 2.5690E+00 1.0298E+00 1.5392E+00 -9.9311E-03 4.0117E-01 1.8406E-01   285
 4.0000E-02 5.9205E-01 2.4197E+00 9.6995E-01 1.4497E+00 -1.0878E-02 4.0117E-01 1.7369E-01   285
 4.0000E-02 5.9600E-01 2.2807E+00 9.1538E-01 1.3654E+00 -1.1827E-02 4.0116E-01 1.6390E-01   285
 4.0000E-02 6.0000E-01 2.1523E+00 8.6641E-01 1.2859E+00 -1.2776E-02 4.0116E-01 1.5465E-01   285
