 DDSCAT --- DDSCAT 7.3.3 [22.01.20]   
 TARGET --->TARGSPHER  spherical target with explicit spacing                 
 GPFAFT --- method of solution 
 FLTRCD --- prescription for polarizabilities
 FROM_FILE --- shape 
    4169 = NAT0 = number of dipoles
 ../../diel/Pena-Rioux_dielectric_26Au_74Ag                  
 ../../diel/Pena-Rioux_dielectric_34Au_66Ag                  
 ../../diel/Pena-Rioux_dielectric_52Au_48Ag                  
 ../../diel/Pena-Rioux_dielectric_76Au_24Ag                  
   0.000   0.000 = beta_min, beta_max ;  NBETA = 1
   0.000   0.000 = theta_min, theta_max; NTHETA= 1
   0.000   0.000 = phi_min, phi_max   ;   NPHI = 1
 0.5000 = ETASCA (param. controlling # of scatt. dirs used to calculate <cos> etc.
 Results averaged over    1 target orientations
                   and  2 incident polarizations
   aeff       wave       Q_ext     Q_abs      Q_sca     g(1)=<cos>  <cos^2>    Q_bk       Nsca
 4.0000E-02 3.0000E-01 2.4668E+00 1.7372E+00 7.2951E-01  2.4589E-01 4.1450E-01 3.8760E-02   408
 4.0000E-02 3.0101E-01 2.4573E+00 1.7355E+00 7.2186E-01  2.4408E-01 4.1431E-01 3.8685E-02   408
 4.0000E-02 3.0203E-01 2.4477E+00 1.7336E+00 7.1417E-01  2.4228E-01 4.1413E-01 3.8602E-02   408
 4.0000E-02 3.0305E-01 2.4380E+00 1.7316E+00 7.0645E-01  2.4048E-01 4.1394E-01 3.8508E-02   408
 4.0000E-02 3.0408E-01 2.4282E+00 1.7295E+00 6.9869E-01  2.3868E-01 4.1376E-01 3.8406E-02   408
 4.0000E-02 3.0512E-01 2.4182E+00 1.7273E+00 6.9091E-01  2.3687E-01 4.1358E-01 3.8294E-02   408
 4.0000E-02 3.0616E-01 2.4081E+00 1.7250E+00 6.8311E-01  2.3507E-01 4.1340E-01 3.8173E-02   408
 4.0000E-02 3.0722E-01 2.3978E+00 1.7226E+00 6.7527E-01  2.3327E-01 4.1323E-01 3.8043E-02   408
 4.0000E-02 3.0828E-01 2.3876E+00 1.7201E+00 6.6749E-01  2.3146E-01 4.1305E-01 3.7911E-02   408
 4.0000E-02 3.0934E-01 2.3777E+00 1.7177E+00 6.6002E-01  2.2962E-01 4.1287E-01 3.7791E-02   408
 4.0000E-02 3.1042E-01 2.3677E+00 1.7152E+00 6.5256E-01  2.2778E-01 4.1270E-01 3.7666E-02   408
 4.0000E-02 3.1150E-01 2.3577E+00 1.7126E+00 6.4511E-01  2.2593E-01 4.1252E-01 3.7535E-02   408
 4.0000E-02 3.1259E-01 2.3476E+00 1.7099E+00 6.3769E-01  2.2407E-01 4.1235E-01 3.7398E-02   408
 4.0000E-02 3.1368E-01 2.3374E+00 1.7071E+00 6.3028E-01  2.2221E-01 4.1218E-01 3.7256E-02   408
 4.0000E-02 3.1479E-01 2.3271E+00 1.7042E+00 6.2290E-01  2.2044E-01 4.1216E-01 3.7109E-02   362
 4.0000E-02 3.1590E-01 2.3168E+00 1.7012E+00 6.1556E-01  2.1856E-01 4.1199E-01 3.6957E-02   362
 4.0000E-02 3.1702E-01 2.3063E+00 1.6981E+00 6.0824E-01  2.1668E-01 4.1182E-01 3.6801E-02   363
 4.0000E-02 3.1815E-01 2.2954E+00 1.6947E+00 6.0072E-01  2.1479E-01 4.1165E-01 3.6625E-02   363
 4.0000E-02 3.1929E-01 2.2843E+00 1.6912E+00 5.9319E-01  2.1290E-01 4.1149E-01 3.6441E-02   363
 4.0000E-02 3.2043E-01 2.2732E+00 1.6875E+00 5.8571E-01  2.1102E-01 4.1132E-01 3.6253E-02   363
 4.0000E-02 3.2158E-01 2.2620E+00 1.6838E+00 5.7829E-01  2.0913E-01 4.1116E-01 3.6060E-02   363
 4.0000E-02 3.2274E-01 2.2508E+00 1.6799E+00 5.7092E-01  2.0723E-01 4.1100E-01 3.5863E-02   363
 4.0000E-02 3.2391E-01 2.2395E+00 1.6759E+00 5.6361E-01  2.0534E-01 4.1084E-01 3.5663E-02   363
 4.0000E-02 3.2509E-01 2.2281E+00 1.6717E+00 5.5638E-01  2.0345E-01 4.1068E-01 3.5459E-02   363
 4.0000E-02 3.2628E-01 2.2166E+00 1.6674E+00 5.4922E-01  2.0156E-01 4.1053E-01 3.5253E-02   363
 4.0000E-02 3.2747E-01 2.2046E+00 1.6627E+00 5.4188E-01  1.9969E-01 4.1038E-01 3.5023E-02   363
 4.0000E-02 3.2868E-01 2.1928E+00 1.6580E+00 5.3481E-01  1.9782E-01 4.1022E-01 3.4805E-02   363
 4.0000E-02 3.2989E-01 2.1813E+00 1.6533E+00 5.2806E-01  1.9595E-01 4.1007E-01 3.4599E-02   363
 4.0000E-02 3.3111E-01 2.1702E+00 1.6486E+00 5.2163E-01  1.9408E-01 4.0992E-01 3.4409E-02   363
 4.0000E-02 3.3234E-01 2.1596E+00 1.6440E+00 5.1556E-01  1.9220E-01 4.0978E-01 3.4235E-02   363
 4.0000E-02 3.3358E-01 2.1493E+00 1.6394E+00 5.0984E-01  1.9033E-01 4.0963E-01 3.4078E-02   363
 4.0000E-02 3.3483E-01 2.1394E+00 1.6349E+00 5.0450E-01  1.8845E-01 4.0948E-01 3.3941E-02   363
 4.0000E-02 3.3609E-01 2.1306E+00 1.6308E+00 4.9988E-01  1.8656E-01 4.0933E-01 3.3849E-02   363
 4.0000E-02 3.3736E-01 2.1233E+00 1.6272E+00 4.9614E-01  1.8465E-01 4.0918E-01 3.3812E-02   363
 4.0000E-02 3.3864E-01 2.1168E+00 1.6239E+00 4.9296E-01  1.8274E-01 4.0903E-01 3.3812E-02   363
 4.0000E-02 3.3992E-01 2.1113E+00 1.6209E+00 4.9038E-01  1.8083E-01 4.0888E-01 3.3849E-02   363
 4.0000E-02 3.4122E-01 2.1067E+00 1.6183E+00 4.8841E-01  1.7890E-01 4.0873E-01 3.3927E-02   363
 4.0000E-02 3.4253E-01 2.1030E+00 1.6160E+00 4.8709E-01  1.7697E-01 4.0858E-01 3.4049E-02   363
 4.0000E-02 3.4385E-01 2.1004E+00 1.6140E+00 4.8641E-01  1.7504E-01 4.0843E-01 3.4213E-02   363
 4.0000E-02 3.4517E-01 2.0990E+00 1.6126E+00 4.8644E-01  1.7310E-01 4.0828E-01 3.4428E-02   363
 4.0000E-02 3.4651E-01 2.0988E+00 1.6116E+00 4.8713E-01  1.7117E-01 4.0813E-01 3.4690E-02   363
 4.0000E-02 3.4786E-01 2.0995E+00 1.6111E+00 4.8842E-01  1.6923E-01 4.0798E-01 3.4995E-02   363
 4.0000E-02 3.4922E-01 2.1013E+00 1.6110E+00 4.9033E-01  1.6729E-01 4.0783E-01 3.5346E-02   363
 4.0000E-02 3.5059E-01 2.1041E+00 1.6113E+00 4.9286E-01  1.6535E-01 4.0769E-01 3.5744E-02   363
 4.0000E-02 3.5197E-01 2.1080E+00 1.6120E+00 4.9605E-01  1.6342E-01 4.0754E-01 3.6191E-02   363
 4.0000E-02 3.5336E-01 2.1130E+00 1.6131E+00 4.9991E-01  1.6148E-01 4.0739E-01 3.6691E-02   363
 4.0000E-02 3.5476E-01 2.1190E+00 1.6147E+00 5.0431E-01  1.5954E-01 4.0724E-01 3.7233E-02   363
 4.0000E-02 3.5618E-01 2.1258E+00 1.6165E+00 5.0926E-01  1.5761E-01 4.0710E-01 3.7820E-02   363
 4.0000E-02 3.5760E-01 2.1336E+00 1.6188E+00 5.1482E-01  1.5568E-01 4.0696E-01 3.8457E-02   363
 4.0000E-02 3.5904E-01 2.1424E+00 1.6214E+00 5.2103E-01  1.5375E-01 4.0681E-01 3.9145E-02   363
 4.0000E-02 3.6048E-01 2.1524E+00 1.6245E+00 5.2790E-01  1.5183E-01 4.0667E-01 3.9889E-02   363
 4.0000E-02 3.6194E-01 2.1635E+00 1.6280E+00 5.3546E-01  1.4992E-01 4.0653E-01 4.0690E-02   363
 4.0000E-02 3.6341E-01 2.1757E+00 1.6320E+00 5.4373E-01  1.4801E-01 4.0639E-01 4.1551E-02   363
 4.0000E-02 3.6490E-01 2.1889E+00 1.6363E+00 5.5269E-01  1.4611E-01 4.0625E-01 4.2470E-02   363
 4.0000E-02 3.6639E-01 2.2034E+00 1.6410E+00 5.6239E-01  1.4422E-01 4.0611E-01 4.3453E-02   363
 4.0000E-02 3.6790E-01 2.2191E+00 1.6462E+00 5.7290E-01  1.4234E-01 4.0597E-01 4.4504E-02   363
 4.0000E-02 3.6942E-01 2.2363E+00 1.6520E+00 5.8425E-01  1.4047E-01 4.0584E-01 4.5628E-02   363
 4.0000E-02 3.7095E-01 2.2548E+00 1.6583E+00 5.9651E-01  1.3862E-01 4.0570E-01 4.6830E-02   363
 4.0000E-02 3.7250E-01 2.2750E+00 1.6653E+00 6.0976E-01  1.3678E-01 4.0557E-01 4.8118E-02   363
 4.0000E-02 3.7406E-01 2.2970E+00 1.6729E+00 6.2407E-01  1.3496E-01 4.0544E-01 4.9497E-02   363
 4.0000E-02 3.7563E-01 2.3206E+00 1.6812E+00 6.3942E-01  1.3316E-01 4.0531E-01 5.0966E-02   363
 4.0000E-02 3.7722E-01 2.3461E+00 1.6902E+00 6.5587E-01  1.3138E-01 4.0518E-01 5.2533E-02   363
 4.0000E-02 3.7881E-01 2.3735E+00 1.7000E+00 6.7350E-01  1.2961E-01 4.0505E-01 5.4205E-02   363
 4.0000E-02 3.8043E-01 2.4030E+00 1.7106E+00 6.9243E-01  1.2787E-01 4.0492E-01 5.5991E-02   363
 4.0000E-02 3.8205E-01 2.4349E+00 1.7221E+00 7.1272E-01  1.2614E-01 4.0479E-01 5.7900E-02   363
 4.0000E-02 3.8369E-01 2.4690E+00 1.7347E+00 7.3438E-01  1.2442E-01 4.0467E-01 5.9933E-02   363
 4.0000E-02 3.8534E-01 2.5056E+00 1.7481E+00 7.5747E-01  1.2272E-01 4.0454E-01 6.2097E-02   363
 4.0000E-02 3.8701E-01 2.5447E+00 1.7626E+00 7.8213E-01  1.2104E-01 4.0442E-01 6.4405E-02   363
 4.0000E-02 3.8870E-01 2.5866E+00 1.7782E+00 8.0848E-01  1.1936E-01 4.0429E-01 6.6870E-02   363
 4.0000E-02 3.9039E-01 2.6316E+00 1.7949E+00 8.3665E-01  1.1777E-01 4.0434E-01 6.9506E-02   323
 4.0000E-02 3.9211E-01 2.6795E+00 1.8129E+00 8.6657E-01  1.1610E-01 4.0422E-01 7.2311E-02   323
 4.0000E-02 3.9383E-01 2.7305E+00 1.8321E+00 8.9843E-01  1.1443E-01 4.0409E-01 7.5303E-02   323
 4.0000E-02 3.9558E-01 2.7849E+00 1.8525E+00 9.3239E-01  1.1274E-01 4.0397E-01 7.8502E-02   323
 4.0000E-02 3.9733E-01 2.8429E+00 1.8744E+00 9.6858E-01  1.1104E-01 4.0384E-01 8.1922E-02   323
 4.0000E-02 3.9911E-01 2.9049E+00 1.8977E+00 1.0072E+00  1.0931E-01 4.0371E-01 8.5585E-02   323
 4.0000E-02 4.0090E-01 2.9707E+00 1.9224E+00 1.0483E+00  1.0755E-01 4.0358E-01 8.9506E-02   323
 4.0000E-02 4.0270E-01 3.0406E+00 1.9487E+00 1.0920E+00  1.0575E-01 4.0345E-01 9.3702E-02   323
 4.0000E-02 4.0452E-01 3.1149E+00 1.9764E+00 1.1384E+00  1.0389E-01 4.0331E-01 9.8201E-02   323
 4.0000E-02 4.0636E-01 3.1937E+00 2.0058E+00 1.1879E+00  1.0197E-01 4.0318E-01 1.0303E-01   323
 4.0000E-02 4.0822E-01 3.2772E+00 2.0366E+00 1.2406E+00  9.9958E-02 4.0304E-01 1.0823E-01   323
 4.0000E-02 4.1009E-01 3.3655E+00 2.0690E+00 1.2965E+00  9.7846E-02 4.0290E-01 1.1383E-01   323
 4.0000E-02 4.1198E-01 3.4586E+00 2.1026E+00 1.3559E+00  9.5605E-02 4.0276E-01 1.1986E-01   323
 4.0000E-02 4.1389E-01 3.5564E+00 2.1374E+00 1.4190E+00  9.3214E-02 4.0261E-01 1.2637E-01   323
 4.0000E-02 4.1581E-01 3.6592E+00 2.1732E+00 1.4859E+00  9.0641E-02 4.0246E-01 1.3342E-01   323
 4.0000E-02 4.1776E-01 3.7667E+00 2.2097E+00 1.5570E+00  8.7860E-02 4.0232E-01 1.4107E-01   323
 4.0000E-02 4.1972E-01 3.8790E+00 2.2465E+00 1.6325E+00  8.4844E-02 4.0217E-01 1.4938E-01   323
 4.0000E-02 4.2170E-01 3.9958E+00 2.2833E+00 1.7126E+00  8.1583E-02 4.0203E-01 1.5843E-01   323
 4.0000E-02 4.2370E-01 4.1171E+00 2.3196E+00 1.7975E+00  7.8073E-02 4.0189E-01 1.6827E-01   323
 4.0000E-02 4.2571E-01 4.2429E+00 2.3553E+00 1.8876E+00  7.4326E-02 4.0176E-01 1.7897E-01   323
 4.0000E-02 4.2775E-01 4.3733E+00 2.3902E+00 1.9832E+00  7.0373E-02 4.0164E-01 1.9057E-01   323
 4.0000E-02 4.2981E-01 4.5083E+00 2.4242E+00 2.0841E+00  6.6274E-02 4.0153E-01 2.0308E-01   323
 4.0000E-02 4.3188E-01 4.6479E+00 2.4574E+00 2.1906E+00  6.2105E-02 4.0143E-01 2.1648E-01   323
 4.0000E-02 4.3398E-01 4.7926E+00 2.4902E+00 2.3024E+00  5.7945E-02 4.0135E-01 2.3073E-01   323
 4.0000E-02 4.3610E-01 4.9425E+00 2.5231E+00 2.4194E+00  5.3877E-02 4.0128E-01 2.4574E-01   323
 4.0000E-02 4.3824E-01 5.0972E+00 2.5565E+00 2.5406E+00  4.9984E-02 4.0123E-01 2.6135E-01   323
 4.0000E-02 4.4039E-01 5.2566E+00 2.5910E+00 2.6657E+00  4.6322E-02 4.0119E-01 2.7747E-01   323
 4.0000E-02 4.4257E-01 5.4204E+00 2.6268E+00 2.7937E+00  4.2926E-02 4.0116E-01 2.9393E-01   323
 4.0000E-02 4.4478E-01 5.5876E+00 2.6641E+00 2.9235E+00  3.9813E-02 4.0114E-01 3.1058E-01   323
 4.0000E-02 4.4700E-01 5.7568E+00 2.7029E+00 3.0539E+00  3.6993E-02 4.0113E-01 3.2722E-01   323
 4.0000E-02 4.4925E-01 5.9270E+00 2.7429E+00 3.1840E+00  3.4447E-02 4.0113E-01 3.4376E-01   323
 4.0000E-02 4.5152E-01 6.0965E+00 2.7838E+00 3.3127E+00  3.2160E-02 4.0113E-01 3.6003E-01   323
 4.0000E-02 4.5381E-01 6.2637E+00 2.8251E+00 3.4386E+00  3.0110E-02 4.0113E-01 3.7588E-01   323
 4.0000E-02 4.5612E-01 6.4265E+00 2.8661E+00 3.5604E+00  2.8268E-02 4.0113E-01 3.9117E-01   323
 4.0000E-02 4.5846E-01 6.5832E+00 2.9061E+00 3.6771E+00  2.6609E-02 4.0113E-01 4.0579E-01   323
 4.0000E-02 4.6082E-01 6.7316E+00 2.9444E+00 3.7872E+00  2.5111E-02 4.0114E-01 4.1955E-01   323
 4.0000E-02 4.6321E-01 6.8689E+00 2.9802E+00 3.8887E+00  2.3755E-02 4.0114E-01 4.3225E-01   323
 4.0000E-02 4.6563E-01 6.9931E+00 3.0126E+00 3.9806E+00  2.2519E-02 4.0114E-01 4.4378E-01   323
 4.0000E-02 4.6806E-01 7.1024E+00 3.0408E+00 4.0616E+00  2.1384E-02 4.0114E-01 4.5401E-01   323
 4.0000E-02 4.7053E-01 7.1948E+00 3.0640E+00 4.1308E+00  2.0331E-02 4.0114E-01 4.6283E-01   323
 4.0000E-02 4.7302E-01 7.2693E+00 3.0817E+00 4.1876E+00  1.9344E-02 4.0113E-01 4.7021E-01   323
 4.0000E-02 4.7553E-01 7.3257E+00 3.0930E+00 4.2327E+00  1.8399E-02 4.0113E-01 4.7624E-01   323
 4.0000E-02 4.7807E-01 7.3640E+00 3.0976E+00 4.2665E+00  1.7483E-02 4.0113E-01 4.8099E-01   323
 4.0000E-02 4.8065E-01 7.3849E+00 3.0949E+00 4.2900E+00  1.6583E-02 4.0112E-01 4.8459E-01   323
 4.0000E-02 4.8324E-01 7.3892E+00 3.0844E+00 4.3048E+00  1.5686E-02 4.0112E-01 4.8721E-01   323
 4.0000E-02 4.8587E-01 7.3776E+00 3.0657E+00 4.3119E+00  1.4784E-02 4.0112E-01 4.8900E-01   323
 4.0000E-02 4.8852E-01 7.3499E+00 3.0380E+00 4.3119E+00  1.3874E-02 4.0112E-01 4.9001E-01   323
 4.0000E-02 4.9121E-01 7.3051E+00 3.0007E+00 4.3044E+00  1.2956E-02 4.0112E-01 4.9018E-01   323
 4.0000E-02 4.9392E-01 7.2405E+00 2.9533E+00 4.2872E+00  1.2032E-02 4.0112E-01 4.8927E-01   323
 4.0000E-02 4.9667E-01 7.1535E+00 2.8953E+00 4.2582E+00  1.1108E-02 4.0113E-01 4.8698E-01   323
 4.0000E-02 4.9944E-01 7.0412E+00 2.8269E+00 4.2143E+00  1.0188E-02 4.0113E-01 4.8296E-01   323
 4.0000E-02 5.0225E-01 6.9016E+00 2.7489E+00 4.1527E+00  9.2783E-03 4.0114E-01 4.7687E-01   323
 4.0000E-02 5.0508E-01 6.7345E+00 2.6625E+00 4.0720E+00  8.3790E-03 4.0114E-01 4.6851E-01   323
 4.0000E-02 5.0795E-01 6.5412E+00 2.5696E+00 3.9716E+00  7.4898E-03 4.0114E-01 4.5783E-01   324
 4.0000E-02 5.1086E-01 6.3251E+00 2.4726E+00 3.8526E+00  6.6091E-03 4.0114E-01 4.4492E-01   324
 4.0000E-02 5.1379E-01 6.0912E+00 2.3738E+00 3.7175E+00  5.7690E-03 4.0134E-01 4.3008E-01   285
 4.0000E-02 5.1676E-01 5.8453E+00 2.2756E+00 3.5697E+00  4.8981E-03 4.0134E-01 4.1371E-01   285
 4.0000E-02 5.1977E-01 5.5936E+00 2.1805E+00 3.4132E+00  4.0320E-03 4.0133E-01 3.9624E-01   285
 4.0000E-02 5.2281E-01 5.3420E+00 2.0898E+00 3.2522E+00  3.1691E-03 4.0132E-01 3.7819E-01   285
 4.0000E-02 5.2588E-01 5.0955E+00 2.0047E+00 3.0908E+00  2.3088E-03 4.0131E-01 3.6003E-01   285
 4.0000E-02 5.2899E-01 4.8581E+00 1.9256E+00 2.9325E+00  1.4484E-03 4.0130E-01 3.4217E-01   285
 4.0000E-02 5.3214E-01 4.6322E+00 1.8521E+00 2.7801E+00  5.8594E-04 4.0129E-01 3.2494E-01   285
 4.0000E-02 5.3533E-01 4.4184E+00 1.7835E+00 2.6349E+00 -2.7570E-04 4.0128E-01 3.0851E-01   285
 4.0000E-02 5.3855E-01 4.2161E+00 1.7187E+00 2.4974E+00 -1.1370E-03 4.0127E-01 2.9293E-01   285
 4.0000E-02 5.4182E-01 4.0242E+00 1.6570E+00 2.3672E+00 -1.9949E-03 4.0126E-01 2.7816E-01   285
 4.0000E-02 5.4512E-01 3.8416E+00 1.5979E+00 2.2437E+00 -2.8489E-03 4.0126E-01 2.6412E-01   285
 4.0000E-02 5.4847E-01 3.6676E+00 1.5414E+00 2.1262E+00 -3.6992E-03 4.0126E-01 2.5074E-01   285
 4.0000E-02 5.5185E-01 3.5016E+00 1.4876E+00 2.0140E+00 -4.5450E-03 4.0125E-01 2.3793E-01   285
 4.0000E-02 5.5528E-01 3.3437E+00 1.4370E+00 1.9066E+00 -5.3873E-03 4.0125E-01 2.2565E-01   285
 4.0000E-02 5.5875E-01 3.1940E+00 1.3901E+00 1.8039E+00 -6.2258E-03 4.0124E-01 2.1387E-01   285
 4.0000E-02 5.6226E-01 3.0533E+00 1.3474E+00 1.7059E+00 -7.0595E-03 4.0123E-01 2.0260E-01   285
 4.0000E-02 5.6582E-01 2.9223E+00 1.3095E+00 1.6127E+00 -7.8861E-03 4.0122E-01 1.9186E-01   285
 4.0000E-02 5.6943E-01 2.8016E+00 1.2768E+00 1.5248E+00 -8.7022E-03 4.0121E-01 1.8170E-01   285
 4.0000E-02 5.7308E-01 2.6915E+00 1.2493E+00 1.4422E+00 -9.5025E-03 4.0121E-01 1.7214E-01   285
 4.0000E-02 5.7677E-01 2.5918E+00 1.2267E+00 1.3651E+00 -1.0283E-02 4.0120E-01 1.6321E-01   285
 4.0000E-02 5.8052E-01 2.5027E+00 1.2093E+00 1.2934E+00 -1.1038E-02 4.0119E-01 1.5488E-01   285
 4.0000E-02 5.8431E-01 2.4245E+00 1.1974E+00 1.2271E+00 -1.1761E-02 4.0118E-01 1.4717E-01   285
 4.0000E-02 5.8816E-01 2.3588E+00 1.1920E+00 1.1668E+00 -1.2441E-02 4.0118E-01 1.4015E-01   285
 4.0000E-02 5.9205E-01 2.3063E+00 1.1927E+00 1.1136E+00 -1.3068E-02 4.0117E-01 1.3395E-01   285
 4.0000E-02 5.9600E-01 2.2663E+00 1.1977E+00 1.0686E+00 -1.3634E-02 4.0117E-01 1.2872E-01   285
 4.0000E-02 6.0000E-01 2.2360E+00 1.2037E+00 1.0323E+00 -1.4140E-02 4.0118E-01 1.2450E-01   285
