 DDSCAT --- DDSCAT 7.3.3 [22.01.20]   
 TARGET --- Cyl.w.caps, NAT=  27008 NFAC= 248 NLAY=  97 cyl.asp.ratio= 5.4587 
 GPFAFT --- method of solution 
 GKDLDR --- prescription for polarizabilities
 CYLNDRCAP --- shape 
   27008 = NAT0 = number of dipoles
 ../diel/Ag_evap                                             
   0.000   0.000 = beta_min, beta_max ;  NBETA = 1
   0.000   0.000 = theta_min, theta_max; NTHETA= 1
   0.000   0.000 = phi_min, phi_max   ;   NPHI = 1
 0.5000 = ETASCA (param. controlling # of scatt. dirs used to calculate <cos> etc.
 Results averaged over    1 target orientations
                   and  2 incident polarizations
   aeff       wave       Q_ext     Q_abs      Q_sca     g(1)=<cos>  <cos^2>    Q_bk       Nsca
 1.0000E-01 6.0000E-01 2.8674E+00 2.9223E-01 2.5752E+00  6.2588E-01 6.5935E-01 9.6032E-02   452
 1.0000E-01 6.0408E-01 2.7585E+00 2.8621E-01 2.4723E+00  6.2247E-01 6.5784E-01 9.7715E-02   452
 1.0000E-01 6.0816E-01 2.6587E+00 2.8672E-01 2.3719E+00  6.2011E-01 6.5651E-01 9.8555E-02   452
 1.0000E-01 6.1224E-01 2.5673E+00 2.8624E-01 2.2811E+00  6.1890E-01 6.5534E-01 9.8893E-02   452
 1.0000E-01 6.1633E-01 2.4698E+00 2.7739E-01 2.1924E+00  6.1846E-01 6.5421E-01 9.8813E-02   452
 1.0000E-01 6.2041E-01 2.3775E+00 2.7091E-01 2.1066E+00  6.1784E-01 6.5300E-01 9.8827E-02   452
 1.0000E-01 6.2449E-01 2.2918E+00 2.6540E-01 2.0265E+00  6.1696E-01 6.5173E-01 9.8834E-02   452
 1.0000E-01 6.2857E-01 2.2075E+00 2.6126E-01 1.9462E+00  6.1693E-01 6.5044E-01 9.7752E-02   452
 1.0000E-01 6.3265E-01 2.1333E+00 2.6428E-01 1.8690E+00  6.1800E-01 6.4920E-01 9.5861E-02   452
 1.0000E-01 6.3673E-01 2.0622E+00 2.6103E-01 1.8012E+00  6.1936E-01 6.4797E-01 9.4115E-02   452
 1.0000E-01 6.4082E-01 1.9837E+00 2.5044E-01 1.7332E+00  6.2051E-01 6.4671E-01 9.2185E-02   452
 1.0000E-01 6.4490E-01 1.9016E+00 2.3925E-01 1.6624E+00  6.2171E-01 6.4539E-01 8.9643E-02   453
 1.0000E-01 6.4898E-01 1.8195E+00 2.3334E-01 1.5861E+00  6.2361E-01 6.4407E-01 8.6000E-02   453
 1.0000E-01 6.5306E-01 1.7494E+00 2.4007E-01 1.5094E+00  6.2585E-01 6.4258E-01 8.1903E-02   453
 1.0000E-01 6.5714E-01 1.6950E+00 2.5741E-01 1.4376E+00  6.2752E-01 6.4099E-01 7.8203E-02   453
 1.0000E-01 6.6122E-01 1.6552E+00 2.8600E-01 1.3692E+00  6.2872E-01 6.3955E-01 7.4714E-02   407
 1.0000E-01 6.6531E-01 1.6493E+00 3.3908E-01 1.3102E+00  6.3048E-01 6.3820E-01 7.1235E-02   407
 1.0000E-01 6.6939E-01 1.6522E+00 3.6081E-01 1.2914E+00  6.3425E-01 6.3737E-01 6.9254E-02   407
 1.0000E-01 6.7347E-01 1.5611E+00 3.0550E-01 1.2556E+00  6.3716E-01 6.3629E-01 6.6534E-02   407
 1.0000E-01 6.7755E-01 1.4627E+00 2.8050E-01 1.1822E+00  6.3910E-01 6.3500E-01 6.1889E-02   407
 1.0000E-01 6.8163E-01 1.4053E+00 3.1143E-01 1.0939E+00  6.4086E-01 6.3390E-01 5.6496E-02   407
 1.0000E-01 6.8571E-01 1.4327E+00 4.2722E-01 1.0055E+00  6.4097E-01 6.3298E-01 5.1744E-02   408
 1.0000E-01 6.8980E-01 1.6459E+00 6.3625E-01 1.0097E+00  6.3727E-01 6.2938E-01 5.2056E-02   408
 1.0000E-01 6.9388E-01 1.7416E+00 5.7367E-01 1.1679E+00  6.4076E-01 6.2193E-01 5.5283E-02   408
 1.0000E-01 6.9796E-01 1.5496E+00 3.5545E-01 1.1941E+00  6.4528E-01 6.1793E-01 5.2177E-02   408
 1.0000E-01 7.0204E-01 1.3817E+00 2.4068E-01 1.1411E+00  6.4874E-01 6.1579E-01 4.6816E-02   408
 1.0000E-01 7.0612E-01 1.2685E+00 1.8938E-01 1.0792E+00  6.5124E-01 6.1417E-01 4.1935E-02   408
 1.0000E-01 7.1020E-01 1.1872E+00 1.6373E-01 1.0234E+00  6.5249E-01 6.1255E-01 3.7954E-02   408
 1.0000E-01 7.1429E-01 1.1199E+00 1.4692E-01 9.7297E-01  6.5318E-01 6.1065E-01 3.4280E-02   408
 1.0000E-01 7.1837E-01 1.0608E+00 1.3622E-01 9.2456E-01  6.5392E-01 6.0881E-01 3.0809E-02   408
 1.0000E-01 7.2245E-01 1.0074E+00 1.3206E-01 8.7533E-01  6.5434E-01 6.0702E-01 2.7538E-02   408
 1.0000E-01 7.2653E-01 9.7135E-01 1.4449E-01 8.2686E-01  6.5519E-01 6.0536E-01 2.4259E-02   408
 1.0000E-01 7.3061E-01 9.4367E-01 1.6536E-01 7.7831E-01  6.5575E-01 6.0395E-01 2.1206E-02   408
 1.0000E-01 7.3469E-01 9.4534E-01 2.1813E-01 7.2722E-01  6.5608E-01 6.0254E-01 1.8353E-02   408
 1.0000E-01 7.3878E-01 9.9182E-01 2.9037E-01 7.0146E-01  6.5645E-01 6.0172E-01 1.6640E-02   408
 1.0000E-01 7.4286E-01 9.5946E-01 3.0485E-01 6.5461E-01  6.5601E-01 6.0071E-01 1.4577E-02   408
 1.0000E-01 7.4694E-01 1.0795E+00 4.9862E-01 5.8084E-01  6.5261E-01 6.0046E-01 1.3369E-02   408
 1.0000E-01 7.5102E-01 1.5951E+00 9.1254E-01 6.8261E-01  6.4337E-01 5.9550E-01 1.6601E-02   408
 1.0000E-01 7.5510E-01 1.4757E+00 5.6227E-01 9.1339E-01  6.4638E-01 5.8762E-01 1.5066E-02   408
 1.0000E-01 7.5918E-01 1.1485E+00 2.7339E-01 8.7513E-01  6.4618E-01 5.8577E-01 1.1750E-02   408
 1.0000E-01 7.6327E-01 9.8651E-01 1.7090E-01 8.1562E-01  6.4477E-01 5.8454E-01 9.5676E-03   408
 1.0000E-01 7.6735E-01 9.0293E-01 1.3399E-01 7.6894E-01  6.4260E-01 5.8315E-01 7.9440E-03   408
 1.0000E-01 7.7143E-01 8.4752E-01 1.1269E-01 7.3484E-01  6.4032E-01 5.8182E-01 6.5907E-03   408
 1.0000E-01 7.7551E-01 8.0041E-01 9.6776E-02 7.0363E-01  6.3781E-01 5.8042E-01 5.5607E-03   408
 1.0000E-01 7.7959E-01 7.7040E-01 9.2913E-02 6.7749E-01  6.3473E-01 5.7876E-01 4.6218E-03   408
 1.0000E-01 7.8367E-01 7.4668E-01 9.0667E-02 6.5601E-01  6.3167E-01 5.7737E-01 3.8329E-03   408
 1.0000E-01 7.8776E-01 7.2214E-01 8.5536E-02 6.3661E-01  6.2861E-01 5.7620E-01 3.1700E-03   362
 1.0000E-01 7.9184E-01 6.9749E-01 8.0253E-02 6.1723E-01  6.2526E-01 5.7480E-01 2.6386E-03   363
 1.0000E-01 7.9592E-01 6.7704E-01 7.8213E-02 5.9883E-01  6.2185E-01 5.7368E-01 2.2543E-03   363
 1.0000E-01 8.0000E-01 6.5524E-01 7.3643E-02 5.8160E-01  6.1882E-01 5.7259E-01 1.8955E-03   363
