 DDSCAT --- DDSCAT 7.3.3 [22.01.20]   
 TARGET --->TARGSPHER  spherical target with explicit spacing                 
 GPFAFT --- method of solution 
 FLTRCD --- prescription for polarizabilities
 FROM_FILE --- shape 
    4169 = NAT0 = number of dipoles
 ../../diel/Pena-Rioux_dielectric_26Au_74Ag                  
 ../../diel/Pena-Rioux_dielectric_52Au_48Ag                  
 ../../diel/Pena-Rioux_dielectric_76Au_24Ag                  
 ../../diel/Au_evap                                          
   0.000   0.000 = beta_min, beta_max ;  NBETA = 1
   0.000   0.000 = theta_min, theta_max; NTHETA= 1
   0.000   0.000 = phi_min, phi_max   ;   NPHI = 1
 Results averaged over    1 target orientations
                   and  2 incident polarizations
   aeff       wave       Q_pha       Q_pol       Q_cpol
 4.0000E-02 3.0000E-01 -3.1540E-02 -3.0994E-06 -2.2352E-08
 4.0000E-02 3.0101E-01 -3.0516E-02  8.3447E-06 -1.6019E-07
 4.0000E-02 3.0203E-01 -2.9795E-02 -5.0068E-06 -5.2154E-08
 4.0000E-02 3.0305E-01 -2.9255E-02  4.2915E-06 -5.7742E-08
 4.0000E-02 3.0408E-01 -2.8903E-02  9.5367E-07 -1.0990E-07
 4.0000E-02 3.0512E-01 -2.8744E-02 -2.1458E-06  4.6566E-08
 4.0000E-02 3.0616E-01 -2.8785E-02  1.1921E-06 -5.9605E-08
 4.0000E-02 3.0722E-01 -2.9032E-02  2.1458E-06  7.4506E-08
 4.0000E-02 3.0828E-01 -2.9462E-02 -2.3842E-07  3.9116E-08
 4.0000E-02 3.0934E-01 -2.9976E-02 -1.4305E-06 -4.2841E-08
 4.0000E-02 3.1042E-01 -3.0662E-02 -3.3379E-06 -1.6764E-08
 4.0000E-02 3.1150E-01 -3.1396E-02  7.1526E-07  6.3330E-08
 4.0000E-02 3.1259E-01 -3.2274E-02 -1.4305E-06 -5.2154E-08
 4.0000E-02 3.1368E-01 -3.3350E-02 -6.6757E-06 -4.0978E-08
 4.0000E-02 3.1479E-01 -3.4627E-02 -1.1921E-06 -7.4506E-09
 4.0000E-02 3.1590E-01 -3.6113E-02 -5.0068E-06 -3.7253E-08
 4.0000E-02 3.1702E-01 -3.7813E-02 -2.6226E-06  1.0803E-07
 4.0000E-02 3.1815E-01 -3.9380E-02 -2.1458E-06  6.7055E-08
 4.0000E-02 3.1929E-01 -4.1193E-02  1.4305E-06  0.0000E+00
 4.0000E-02 3.2043E-01 -4.3336E-02 -7.1526E-07 -1.0431E-07
 4.0000E-02 3.2158E-01 -4.6082E-02  4.0531E-06 -5.5879E-08
 4.0000E-02 3.2274E-01 -4.9155E-02  0.0000E+00  9.6858E-08
 4.0000E-02 3.2391E-01 -5.2565E-02  6.6757E-06  6.7055E-08
 4.0000E-02 3.2509E-01 -5.6321E-02 -4.0531E-06 -5.2154E-08
 4.0000E-02 3.2628E-01 -6.0437E-02 -4.7684E-07  6.3330E-08
 4.0000E-02 3.2747E-01 -6.5526E-02 -1.9073E-06 -4.0978E-07
 4.0000E-02 3.2868E-01 -7.1122E-02  2.3842E-06  6.7055E-08
 4.0000E-02 3.2989E-01 -7.7214E-02 -2.3842E-06  1.1921E-07
 4.0000E-02 3.3111E-01 -8.3818E-02  1.6689E-06  9.6858E-08
 4.0000E-02 3.3234E-01 -9.0800E-02 -2.1458E-06  1.4901E-07
 4.0000E-02 3.3358E-01 -9.8236E-02  5.9605E-06 -1.4901E-07
 4.0000E-02 3.3483E-01 -1.0621E-01  1.9073E-06 -5.2154E-08
 4.0000E-02 3.3609E-01 -1.1490E-01  5.7220E-06 -6.7055E-08
 4.0000E-02 3.3736E-01 -1.2421E-01 -2.3842E-07  5.9605E-08
 4.0000E-02 3.3864E-01 -1.3390E-01 -2.3842E-06 -4.4703E-08
 4.0000E-02 3.3992E-01 -1.4399E-01 -1.9073E-06  2.9802E-07
 4.0000E-02 3.4122E-01 -1.5449E-01  1.4305E-06 -2.5332E-07
 4.0000E-02 3.4253E-01 -1.6540E-01  1.9073E-06  1.4901E-08
 4.0000E-02 3.4385E-01 -1.7675E-01 -2.6226E-06  2.9802E-08
 4.0000E-02 3.4517E-01 -1.8841E-01 -1.4305E-06 -1.4901E-07
 4.0000E-02 3.4651E-01 -2.0014E-01  2.1458E-06  2.2352E-07
 4.0000E-02 3.4786E-01 -2.1208E-01  2.6226E-06  1.1921E-07
 4.0000E-02 3.4922E-01 -2.2424E-01 -5.4836E-06  4.4703E-08
 4.0000E-02 3.5059E-01 -2.3662E-01 -2.8610E-06 -4.4703E-08
 4.0000E-02 3.5197E-01 -2.4922E-01  4.0531E-06  2.6822E-07
 4.0000E-02 3.5336E-01 -2.6206E-01 -3.3379E-06 -1.1921E-07
 4.0000E-02 3.5476E-01 -2.7496E-01 -1.6689E-06 -2.9802E-08
 4.0000E-02 3.5618E-01 -2.8794E-01 -2.3842E-07 -1.1921E-07
 4.0000E-02 3.5760E-01 -3.0103E-01 -2.1458E-06 -4.1723E-07
 4.0000E-02 3.5904E-01 -3.1422E-01 -3.0994E-06 -3.2783E-07
 4.0000E-02 3.6048E-01 -3.2752E-01 -4.7684E-07 -6.2585E-07
 4.0000E-02 3.6194E-01 -3.4092E-01  0.0000E+00 -5.9605E-08
 4.0000E-02 3.6341E-01 -3.5439E-01 -1.1921E-06  4.7684E-07
 4.0000E-02 3.6490E-01 -3.6786E-01 -4.5300E-06  2.9802E-07
 4.0000E-02 3.6639E-01 -3.8138E-01  2.8610E-06  1.7881E-07
 4.0000E-02 3.6790E-01 -3.9497E-01 -5.0068E-06 -6.5565E-07
 4.0000E-02 3.6942E-01 -4.0861E-01  2.3842E-07  2.9802E-07
 4.0000E-02 3.7095E-01 -4.2230E-01 -5.7220E-06 -1.4901E-07
 4.0000E-02 3.7250E-01 -4.3603E-01  6.1989E-06  5.9605E-07
 4.0000E-02 3.7406E-01 -4.4976E-01 -4.5300E-06  5.9605E-08
 4.0000E-02 3.7563E-01 -4.6358E-01 -3.5763E-06  5.9605E-08
 4.0000E-02 3.7722E-01 -4.7750E-01  6.6757E-06 -5.0664E-07
 4.0000E-02 3.7881E-01 -4.9148E-01  4.7684E-07  0.0000E+00
 4.0000E-02 3.8043E-01 -5.0554E-01  5.0068E-06 -1.0729E-06
 4.0000E-02 3.8205E-01 -5.1964E-01 -4.7684E-07  0.0000E+00
 4.0000E-02 3.8369E-01 -5.3385E-01  2.6226E-06 -8.3447E-07
 4.0000E-02 3.8534E-01 -5.4823E-01 -3.5763E-06  4.1723E-07
 4.0000E-02 3.8701E-01 -5.6278E-01 -2.6226E-06 -1.1325E-06
 4.0000E-02 3.8870E-01 -5.7748E-01 -3.8147E-06 -7.7486E-07
 4.0000E-02 3.9039E-01 -5.9231E-01  1.5020E-05 -1.2517E-06
 4.0000E-02 3.9211E-01 -6.0741E-01  2.2888E-05  1.2577E-05
 4.0000E-02 3.9383E-01 -6.2274E-01  2.9087E-05 -1.2636E-05
 4.0000E-02 3.9558E-01 -6.3829E-01 -2.0981E-05 -5.3644E-06
 4.0000E-02 3.9733E-01 -6.5402E-01 -1.8597E-05  6.8545E-06
 4.0000E-02 3.9911E-01 -6.6992E-01 -1.9073E-06  8.9407E-07
 4.0000E-02 4.0090E-01 -6.8614E-01 -9.5367E-07  1.6689E-06
 4.0000E-02 4.0270E-01 -7.0251E-01 -4.5300E-06  2.9206E-06
 4.0000E-02 4.0452E-01 -7.1894E-01 -5.2452E-06 -1.1325E-06
 4.0000E-02 4.0636E-01 -7.3538E-01 -2.6226E-06  3.4571E-06
 4.0000E-02 4.0822E-01 -7.5176E-01 -2.6226E-06  1.3709E-06
 4.0000E-02 4.1009E-01 -7.6811E-01  1.4067E-05 -1.1861E-05
 4.0000E-02 4.1198E-01 -7.8414E-01  1.4305E-06  5.9605E-08
 4.0000E-02 4.1389E-01 -7.9971E-01  1.1921E-06 -1.7285E-06
 4.0000E-02 4.1581E-01 -8.1473E-01 -5.9605E-06  5.9605E-07
 4.0000E-02 4.1776E-01 -8.2907E-01  9.7752E-06  3.3975E-06
 4.0000E-02 4.1972E-01 -8.4243E-01 -1.4305E-06  3.9935E-06
 4.0000E-02 4.2170E-01 -8.5461E-01 -2.7180E-05 -6.4373E-06
 4.0000E-02 4.2370E-01 -8.6547E-01  3.6478E-05 -6.6161E-06
 4.0000E-02 4.2571E-01 -8.7483E-01  1.6689E-05  1.4305E-06
 4.0000E-02 4.2775E-01 -8.8242E-01  2.0027E-05  4.1127E-06
 4.0000E-02 4.2981E-01 -8.8787E-01 -1.3351E-05  7.1526E-07
 4.0000E-02 4.3188E-01 -8.9102E-01 -1.0014E-05 -5.9605E-07
 4.0000E-02 4.3398E-01 -8.9158E-01 -3.8147E-06 -5.1260E-06
 4.0000E-02 4.3610E-01 -8.8914E-01 -2.2888E-05  1.7881E-07
 4.0000E-02 4.3824E-01 -8.8298E-01  3.8147E-06  2.2411E-05
 4.0000E-02 4.4039E-01 -8.7289E-01 -5.2452E-06 -6.3181E-06
 4.0000E-02 4.4257E-01 -8.5815E-01  2.3842E-06  7.7486E-07
 4.0000E-02 4.4478E-01 -8.3793E-01  4.4346E-05  8.9407E-07
 4.0000E-02 4.4700E-01 -8.1139E-01 -1.2398E-05  6.3181E-06
 4.0000E-02 4.4925E-01 -7.7790E-01 -3.0518E-05 -1.3709E-06
 4.0000E-02 4.5152E-01 -7.3647E-01  8.5831E-06 -1.5497E-06
 4.0000E-02 4.5381E-01 -6.8604E-01 -3.0994E-05  6.0201E-06
 4.0000E-02 4.5612E-01 -6.2622E-01  1.1921E-05  2.3842E-07
 4.0000E-02 4.5846E-01 -5.5676E-01 -3.8147E-06  5.9605E-06
 4.0000E-02 4.6082E-01 -4.7730E-01 -5.7220E-06  5.6028E-06
 4.0000E-02 4.6321E-01 -3.8780E-01 -4.7684E-07 -1.4603E-06
 4.0000E-02 4.6563E-01 -2.8886E-01  8.1062E-06  6.8545E-07
 4.0000E-02 4.6806E-01 -1.8105E-01 -1.9550E-05  1.0639E-05
 4.0000E-02 4.7053E-01 -6.5206E-02  2.3842E-06  9.4175E-06
 4.0000E-02 4.7302E-01  5.7369E-02 -8.5831E-06 -1.9744E-07
 4.0000E-02 4.7553E-01  1.8494E-01  2.3842E-05 -2.8610E-06
 4.0000E-02 4.7807E-01  3.1600E-01  3.3379E-06 -6.3777E-06
 4.0000E-02 4.8065E-01  4.4880E-01  5.5313E-05  4.0829E-06
 4.0000E-02 4.8324E-01  5.8163E-01  3.9101E-05 -8.7619E-06
 4.0000E-02 4.8587E-01  7.1284E-01 -3.7670E-05 -6.1989E-06
 4.0000E-02 4.8852E-01  8.4084E-01  1.9073E-06  1.4544E-05
 4.0000E-02 4.9121E-01  9.6425E-01 -1.2398E-05  6.1393E-06
 4.0000E-02 4.9392E-01  1.0819E+00 -1.4305E-06 -9.5367E-07
 4.0000E-02 4.9667E-01  1.1920E+00  2.2888E-05 -1.4544E-05
 4.0000E-02 4.9944E-01  1.2932E+00  1.9550E-05 -1.6689E-06
 4.0000E-02 5.0225E-01  1.3872E+00 -2.2888E-05  1.1563E-05
 4.0000E-02 5.0508E-01  1.4736E+00 -9.5367E-07 -3.9339E-06
 4.0000E-02 5.0795E-01  1.5526E+00  2.3365E-05 -5.3644E-06
 4.0000E-02 5.1086E-01  1.6248E+00 -6.1989E-06  2.0266E-06
 4.0000E-02 5.1379E-01  1.6911E+00 -6.1989E-06 -2.0266E-06
 4.0000E-02 5.1676E-01  1.7532E+00  2.8610E-06  3.4571E-06
 4.0000E-02 5.1977E-01  1.8127E+00 -3.0518E-05  2.2650E-06
 4.0000E-02 5.2281E-01  1.8743E+00 -2.7657E-05 -5.0068E-06
 4.0000E-02 5.2588E-01  1.9349E+00 -2.8610E-06 -1.5497E-06
 4.0000E-02 5.2899E-01  1.9919E+00  1.4782E-05  1.8835E-05
 4.0000E-02 5.3214E-01  2.0440E+00 -2.8610E-05  1.4305E-06
 4.0000E-02 5.3533E-01  2.0902E+00 -1.8597E-05 -6.1989E-06
 4.0000E-02 5.3855E-01  2.1295E+00  1.3828E-05 -9.0599E-06
 4.0000E-02 5.4182E-01  2.1614E+00 -3.9577E-05 -2.4080E-05
 4.0000E-02 5.4512E-01  2.1859E+00 -1.3828E-05  8.1062E-06
 4.0000E-02 5.4847E-01  2.2036E+00 -4.3392E-05  4.7684E-07
 4.0000E-02 5.5185E-01  2.2152E+00  2.2173E-05 -2.2411E-05
 4.0000E-02 5.5528E-01  2.2221E+00  1.4305E-05  7.3910E-06
 4.0000E-02 5.5875E-01  2.2249E+00  2.5034E-05  1.3113E-05
 4.0000E-02 5.6226E-01  2.2235E+00 -1.5259E-05 -1.1921E-06
 4.0000E-02 5.6582E-01  2.2181E+00  1.6451E-05 -1.7643E-05
 4.0000E-02 5.6943E-01  2.2083E+00 -1.1206E-05  8.3447E-06
 4.0000E-02 5.7308E-01  2.1938E+00  1.9550E-05  0.0000E+00
 4.0000E-02 5.7677E-01  2.1744E+00  3.8147E-06 -7.8678E-06
 4.0000E-02 5.8052E-01  2.1501E+00  2.8849E-05 -7.3910E-06
 4.0000E-02 5.8431E-01  2.1213E+00  2.2411E-05  8.8215E-06
 4.0000E-02 5.8816E-01  2.0894E+00  1.1921E-06  7.3910E-06
 4.0000E-02 5.9205E-01  2.0559E+00  6.4373E-06  3.8147E-06
 4.0000E-02 5.9600E-01  2.0223E+00 -2.2888E-05 -1.5020E-05
 4.0000E-02 6.0000E-01  1.9899E+00 -1.5259E-05 -2.0504E-05
