 DDSCAT --- DDSCAT 7.3.3 [22.01.20]   
 TARGET --- Cyl.w.caps, NAT=  27008 NFAC= 248 NLAY=  97 cyl.asp.ratio= 5.4587 
 GPFAFT --- method of solution 
 GKDLDR --- prescription for polarizabilities
 CYLNDRCAP --- shape 
   27008 = NAT0 = number of dipoles
 ../diel/Ag_evap                                             
   0.000   0.000 = beta_min, beta_max ;  NBETA = 1
   0.000   0.000 = theta_min, theta_max; NTHETA= 1
   0.000   0.000 = phi_min, phi_max   ;   NPHI = 1
 Results averaged over    1 target orientations
                   and  2 incident polarizations
   aeff       wave       Q_pha       Q_pol       Q_cpol
 4.4300E-02 6.0000E-01  1.2451E+00 -1.6391E-07 -2.3842E-07
 4.4300E-02 6.0408E-01  1.2252E+00 -1.0282E-06  5.9605E-07
 4.4300E-02 6.0816E-01  1.2074E+00 -3.5763E-07  1.0729E-05
 4.4300E-02 6.1224E-01  1.1904E+00  1.7881E-07 -4.8876E-06
 4.4300E-02 6.1633E-01  1.1732E+00 -1.2666E-06 -3.5763E-07
 4.4300E-02 6.2041E-01  1.1563E+00 -3.2783E-07 -1.1444E-05
 4.4300E-02 6.2449E-01  1.1400E+00  2.2352E-07  9.5367E-07
 4.4300E-02 6.2857E-01  1.1261E+00  3.1292E-07 -4.7684E-07
 4.4300E-02 6.3265E-01  1.1125E+00 -6.5565E-07 -1.2159E-05
 4.4300E-02 6.3673E-01  1.0973E+00 -1.2666E-06 -4.7684E-07
 4.4300E-02 6.4082E-01  1.0813E+00  6.5565E-07  1.0729E-06
 4.4300E-02 6.4490E-01  1.0651E+00  8.9407E-08 -3.4571E-06
 4.4300E-02 6.4898E-01  1.0493E+00  5.0664E-07 -5.3644E-06
 4.4300E-02 6.5306E-01  1.0338E+00 -2.0862E-07 -1.9073E-06
 4.4300E-02 6.5714E-01  1.0183E+00 -5.9605E-07  1.1921E-05
 4.4300E-02 6.6122E-01  1.0075E+00  5.9605E-08  3.0994E-06
 4.4300E-02 6.6531E-01  1.0042E+00 -6.7055E-07 -7.1526E-06
 4.4300E-02 6.6939E-01  9.9078E-01  1.1921E-07 -1.9073E-06
 4.4300E-02 6.7347E-01  9.7075E-01 -1.2517E-06  2.6822E-06
 4.4300E-02 6.7755E-01  9.6084E-01 -1.1176E-06  7.0333E-06
 4.4300E-02 6.8163E-01  9.9230E-01 -1.1325E-06 -6.1393E-06
 4.4300E-02 6.8571E-01  1.0094E+00 -7.8976E-07  3.5763E-07
 4.4300E-02 6.8980E-01  9.9648E-01  3.1292E-07 -4.3511E-06
 4.4300E-02 6.9388E-01  9.7890E-01  1.7881E-07 -1.1921E-07
 4.4300E-02 6.9796E-01  9.6225E-01  2.2352E-07 -4.5896E-06
 4.4300E-02 7.0204E-01  9.4686E-01 -1.3188E-06  2.0862E-06
 4.4300E-02 7.0612E-01  9.3218E-01  1.3113E-06 -1.7285E-06
 4.4300E-02 7.1020E-01  9.1805E-01  1.6391E-07  1.9073E-06
 4.4300E-02 7.1429E-01  9.0330E-01  2.3097E-07  1.2517E-06
 4.4300E-02 7.1837E-01  8.8778E-01  3.7998E-07  1.6093E-06
 4.4300E-02 7.2245E-01  8.7120E-01  9.6858E-08 -5.3644E-07
 4.4300E-02 7.2653E-01  8.5895E-01  2.2352E-07  1.8477E-06
 4.4300E-02 7.3061E-01  8.5615E-01  8.6427E-07  2.3246E-06
 4.4300E-02 7.3469E-01  8.3858E-01  8.9407E-07 -5.3644E-07
 4.4300E-02 7.3878E-01  8.7321E-01 -2.3842E-07  2.0266E-06
 4.4300E-02 7.4286E-01  9.1565E-01 -2.2352E-07  1.5497E-06
 4.4300E-02 7.4694E-01  8.9928E-01 -1.8328E-06  2.6822E-06
 4.4300E-02 7.5102E-01  8.8104E-01  2.0862E-07 -3.6955E-06
 4.4300E-02 7.5510E-01  8.6570E-01  3.4273E-07  2.6822E-06
 4.4300E-02 7.5918E-01  8.5382E-01  8.3447E-07  5.3644E-06
 4.4300E-02 7.6327E-01  8.4372E-01  8.7172E-07 -7.1526E-07
 4.4300E-02 7.6735E-01  8.3376E-01 -5.2154E-08 -7.7486E-07
 4.4300E-02 7.7143E-01  8.2461E-01 -3.4273E-07 -3.2187E-06
 4.4300E-02 7.7551E-01  8.1654E-01 -2.1607E-07  8.9407E-06
 4.4300E-02 7.7959E-01  8.0815E-01 -5.4389E-07 -5.9605E-08
 4.4300E-02 7.8367E-01  7.9978E-01  3.7998E-07  5.3644E-07
 4.4300E-02 7.8776E-01  7.9254E-01 -4.3958E-07 -2.8014E-06
 4.4300E-02 7.9184E-01  7.8526E-01  2.2352E-08 -4.7684E-07
 4.4300E-02 7.9592E-01  7.7816E-01 -1.8254E-07  5.9605E-07
 4.4300E-02 8.0000E-01  7.7114E-01  3.5390E-07 -3.1590E-06
