 DDSCAT --- DDSCAT 7.3.3 [22.01.20]   
 TARGET --->TARGSPHER  spherical target with explicit spacing                 
 PBCGS2 --- method of solution 
 GKDLDR --- prescription for polarizabilities
 FROM_FILE --- shape 
   33401 = NAT0 = number of dipoles
 ../diel/Pena26Au74Ag                                        
 ../diel/Pena34Au66Ag                                        
 ../diel/Au_evap                                             
  wave(um)   f(cm-1)     Re(m)     Im(m)     Re(eps)   Im(eps)
 3.0000E-01 3.3333E+04 1.051E+00 1.009E+00  8.701E-02 2.121E+00
 3.0134E-01 3.3185E+04 1.048E+00 1.003E+00  9.293E-02 2.103E+00
 3.0268E-01 3.3038E+04 1.045E+00 9.972E-01  9.770E-02 2.084E+00
 3.0403E-01 3.2892E+04 1.041E+00 9.915E-01  1.013E-01 2.065E+00
 3.0537E-01 3.2747E+04 1.037E+00 9.859E-01  1.038E-01 2.045E+00
 3.0671E-01 3.2604E+04 1.033E+00 9.805E-01  1.052E-01 2.025E+00
 3.0805E-01 3.2462E+04 1.028E+00 9.752E-01  1.054E-01 2.005E+00
 3.0940E-01 3.2321E+04 1.023E+00 9.708E-01  1.040E-01 1.986E+00
 3.1074E-01 3.2181E+04 1.018E+00 9.665E-01  1.020E-01 1.967E+00
 3.1208E-01 3.2043E+04 1.013E+00 9.622E-01  9.948E-02 1.949E+00
 3.1342E-01 3.1906E+04 1.007E+00 9.581E-01  9.636E-02 1.930E+00
 3.1477E-01 3.1770E+04 1.001E+00 9.540E-01  9.268E-02 1.911E+00
 3.1611E-01 3.1635E+04 9.955E-01 9.500E-01  8.845E-02 1.891E+00
 3.1745E-01 3.1501E+04 9.895E-01 9.460E-01  8.424E-02 1.872E+00
 3.1879E-01 3.1368E+04 9.840E-01 9.416E-01  8.165E-02 1.853E+00
 3.2013E-01 3.1237E+04 9.780E-01 9.371E-01  7.840E-02 1.833E+00
 3.2148E-01 3.1106E+04 9.717E-01 9.326E-01  7.449E-02 1.812E+00
 3.2282E-01 3.0977E+04 9.650E-01 9.281E-01  6.994E-02 1.791E+00
 3.2416E-01 3.0849E+04 9.580E-01 9.235E-01  6.477E-02 1.769E+00
 3.2550E-01 3.0722E+04 9.505E-01 9.190E-01  5.899E-02 1.747E+00
 3.2685E-01 3.0595E+04 9.423E-01 9.141E-01  5.248E-02 1.723E+00
 3.2819E-01 3.0470E+04 9.331E-01 9.089E-01  4.461E-02 1.696E+00
 3.2953E-01 3.0346E+04 9.233E-01 9.040E-01  3.537E-02 1.669E+00
 3.3087E-01 3.0223E+04 9.130E-01 8.994E-01  2.481E-02 1.642E+00
 3.3221E-01 3.0101E+04 9.022E-01 8.950E-01  1.297E-02 1.615E+00
 3.3356E-01 2.9980E+04 8.908E-01 8.909E-01 -1.063E-04 1.587E+00
 3.3490E-01 2.9860E+04 8.789E-01 8.870E-01 -1.438E-02 1.559E+00
 3.3624E-01 2.9741E+04 8.662E-01 8.840E-01 -3.114E-02 1.531E+00
 3.3758E-01 2.9622E+04 8.530E-01 8.818E-01 -5.005E-02 1.504E+00
 3.3893E-01 2.9505E+04 8.395E-01 8.802E-01 -7.010E-02 1.478E+00
 3.4027E-01 2.9389E+04 8.257E-01 8.792E-01 -9.126E-02 1.452E+00
 3.4161E-01 2.9273E+04 8.116E-01 8.787E-01 -1.135E-01 1.426E+00
 3.4295E-01 2.9159E+04 7.972E-01 8.788E-01 -1.368E-01 1.401E+00
 3.4430E-01 2.9045E+04 7.825E-01 8.795E-01 -1.611E-01 1.376E+00
 3.4564E-01 2.8932E+04 7.679E-01 8.809E-01 -1.862E-01 1.353E+00
 3.4698E-01 2.8820E+04 7.534E-01 8.828E-01 -2.119E-01 1.330E+00
 3.4832E-01 2.8709E+04 7.388E-01 8.854E-01 -2.381E-01 1.308E+00
 3.4966E-01 2.8599E+04 7.242E-01 8.884E-01 -2.648E-01 1.287E+00
 3.5101E-01 2.8489E+04 7.096E-01 8.920E-01 -2.921E-01 1.266E+00
 3.5235E-01 2.8381E+04 6.951E-01 8.961E-01 -3.199E-01 1.246E+00
 3.5369E-01 2.8273E+04 6.805E-01 9.007E-01 -3.483E-01 1.226E+00
 3.5503E-01 2.8166E+04 6.661E-01 9.059E-01 -3.769E-01 1.207E+00
 3.5638E-01 2.8060E+04 6.518E-01 9.114E-01 -4.058E-01 1.188E+00
 3.5772E-01 2.7955E+04 6.377E-01 9.173E-01 -4.349E-01 1.170E+00
 3.5906E-01 2.7850E+04 6.236E-01 9.237E-01 -4.643E-01 1.152E+00
 3.6040E-01 2.7747E+04 6.098E-01 9.305E-01 -4.941E-01 1.135E+00
 3.6174E-01 2.7644E+04 5.960E-01 9.377E-01 -5.241E-01 1.118E+00
 3.6309E-01 2.7542E+04 5.824E-01 9.454E-01 -5.546E-01 1.101E+00
 3.6443E-01 2.7440E+04 5.690E-01 9.534E-01 -5.852E-01 1.085E+00
 3.6577E-01 2.7339E+04 5.559E-01 9.617E-01 -6.159E-01 1.069E+00
 3.6711E-01 2.7239E+04 5.429E-01 9.704E-01 -6.469E-01 1.054E+00
 3.6846E-01 2.7140E+04 5.301E-01 9.793E-01 -6.781E-01 1.038E+00
 3.6980E-01 2.7042E+04 5.176E-01 9.886E-01 -7.095E-01 1.023E+00
 3.7114E-01 2.6944E+04 5.052E-01 9.982E-01 -7.412E-01 1.009E+00
 3.7248E-01 2.6847E+04 4.931E-01 1.008E+00 -7.733E-01 9.943E-01
 3.7383E-01 2.6750E+04 4.813E-01 1.018E+00 -8.054E-01 9.802E-01
 3.7517E-01 2.6655E+04 4.697E-01 1.029E+00 -8.377E-01 9.663E-01
 3.7651E-01 2.6560E+04 4.583E-01 1.039E+00 -8.701E-01 9.526E-01
 3.7785E-01 2.6465E+04 4.472E-01 1.050E+00 -9.028E-01 9.391E-01
 3.7919E-01 2.6372E+04 4.363E-01 1.061E+00 -9.358E-01 9.259E-01
 3.8054E-01 2.6279E+04 4.256E-01 1.072E+00 -9.690E-01 9.129E-01
 3.8188E-01 2.6186E+04 4.152E-01 1.084E+00 -1.002E+00 9.001E-01
 3.8322E-01 2.6095E+04 4.051E-01 1.095E+00 -1.036E+00 8.875E-01
 3.8456E-01 2.6003E+04 3.952E-01 1.107E+00 -1.070E+00 8.751E-01
 3.8591E-01 2.5913E+04 3.855E-01 1.119E+00 -1.104E+00 8.629E-01
 3.8725E-01 2.5823E+04 3.761E-01 1.131E+00 -1.138E+00 8.508E-01
 3.8859E-01 2.5734E+04 3.669E-01 1.143E+00 -1.172E+00 8.389E-01
 3.8993E-01 2.5645E+04 3.580E-01 1.156E+00 -1.207E+00 8.273E-01
 3.9128E-01 2.5557E+04 3.493E-01 1.168E+00 -1.242E+00 8.158E-01
 3.9262E-01 2.5470E+04 3.408E-01 1.180E+00 -1.277E+00 8.045E-01
 3.9396E-01 2.5383E+04 3.325E-01 1.193E+00 -1.312E+00 7.933E-01
 3.9530E-01 2.5297E+04 3.245E-01 1.205E+00 -1.348E+00 7.822E-01
 3.9664E-01 2.5212E+04 3.166E-01 1.218E+00 -1.384E+00 7.714E-01
 3.9799E-01 2.5126E+04 3.090E-01 1.231E+00 -1.420E+00 7.607E-01
 3.9933E-01 2.5042E+04 3.016E-01 1.244E+00 -1.456E+00 7.502E-01
 4.0067E-01 2.4958E+04 2.944E-01 1.257E+00 -1.492E+00 7.399E-01
 4.0201E-01 2.4875E+04 2.874E-01 1.270E+00 -1.529E+00 7.297E-01
 4.0336E-01 2.4792E+04 2.806E-01 1.283E+00 -1.566E+00 7.197E-01
 4.0470E-01 2.4710E+04 2.740E-01 1.296E+00 -1.603E+00 7.099E-01
 4.0604E-01 2.4628E+04 2.675E-01 1.309E+00 -1.641E+00 7.002E-01
 4.0738E-01 2.4547E+04 2.613E-01 1.322E+00 -1.678E+00 6.907E-01
 4.0872E-01 2.4466E+04 2.553E-01 1.335E+00 -1.716E+00 6.814E-01
 4.1007E-01 2.4386E+04 2.494E-01 1.348E+00 -1.755E+00 6.723E-01
 4.1141E-01 2.4307E+04 2.437E-01 1.361E+00 -1.793E+00 6.634E-01
 4.1275E-01 2.4228E+04 2.382E-01 1.374E+00 -1.832E+00 6.546E-01
 4.1409E-01 2.4149E+04 2.328E-01 1.387E+00 -1.871E+00 6.460E-01
 4.1544E-01 2.4071E+04 2.276E-01 1.401E+00 -1.910E+00 6.377E-01
 4.1678E-01 2.3994E+04 2.226E-01 1.414E+00 -1.950E+00 6.296E-01
 4.1812E-01 2.3917E+04 2.178E-01 1.427E+00 -1.989E+00 6.217E-01
 4.1946E-01 2.3840E+04 2.132E-01 1.440E+00 -2.029E+00 6.141E-01
 4.2081E-01 2.3764E+04 2.087E-01 1.454E+00 -2.070E+00 6.066E-01
 4.2215E-01 2.3688E+04 2.043E-01 1.467E+00 -2.110E+00 5.995E-01
 4.2349E-01 2.3613E+04 2.002E-01 1.480E+00 -2.151E+00 5.926E-01
 4.2483E-01 2.3539E+04 1.962E-01 1.493E+00 -2.192E+00 5.859E-01
 4.2617E-01 2.3465E+04 1.923E-01 1.507E+00 -2.233E+00 5.796E-01
 4.2752E-01 2.3391E+04 1.887E-01 1.520E+00 -2.275E+00 5.736E-01
 4.2886E-01 2.3318E+04 1.852E-01 1.533E+00 -2.316E+00 5.679E-01
 4.3020E-01 2.3245E+04 1.819E-01 1.546E+00 -2.358E+00 5.624E-01
 4.3154E-01 2.3173E+04 1.787E-01 1.560E+00 -2.400E+00 5.573E-01
 4.3289E-01 2.3101E+04 1.757E-01 1.573E+00 -2.442E+00 5.525E-01
 4.3423E-01 2.3029E+04 1.728E-01 1.586E+00 -2.485E+00 5.480E-01
 4.3557E-01 2.2958E+04 1.701E-01 1.599E+00 -2.527E+00 5.439E-01
 4.3691E-01 2.2888E+04 1.676E-01 1.612E+00 -2.570E+00 5.401E-01
 4.3826E-01 2.2818E+04 1.652E-01 1.625E+00 -2.612E+00 5.367E-01
 4.3960E-01 2.2748E+04 1.629E-01 1.638E+00 -2.655E+00 5.336E-01
 4.4094E-01 2.2679E+04 1.608E-01 1.650E+00 -2.698E+00 5.307E-01
 4.4228E-01 2.2610E+04 1.588E-01 1.663E+00 -2.741E+00 5.282E-01
 4.4362E-01 2.2542E+04 1.569E-01 1.676E+00 -2.784E+00 5.260E-01
 4.4497E-01 2.2474E+04 1.552E-01 1.688E+00 -2.827E+00 5.240E-01
 4.4631E-01 2.2406E+04 1.536E-01 1.701E+00 -2.869E+00 5.224E-01
 4.4765E-01 2.2339E+04 1.521E-01 1.713E+00 -2.912E+00 5.210E-01
 4.4899E-01 2.2272E+04 1.506E-01 1.726E+00 -2.955E+00 5.198E-01
 4.5034E-01 2.2206E+04 1.493E-01 1.738E+00 -2.998E+00 5.189E-01
 4.5168E-01 2.2140E+04 1.480E-01 1.750E+00 -3.041E+00 5.181E-01
 4.5302E-01 2.2074E+04 1.469E-01 1.762E+00 -3.084E+00 5.176E-01
 4.5436E-01 2.2009E+04 1.458E-01 1.774E+00 -3.126E+00 5.174E-01
 4.5570E-01 2.1944E+04 1.448E-01 1.786E+00 -3.169E+00 5.172E-01
 4.5705E-01 2.1880E+04 1.439E-01 1.798E+00 -3.212E+00 5.173E-01
 4.5839E-01 2.1816E+04 1.430E-01 1.810E+00 -3.254E+00 5.174E-01
 4.5973E-01 2.1752E+04 1.421E-01 1.821E+00 -3.297E+00 5.177E-01
 4.6107E-01 2.1689E+04 1.414E-01 1.833E+00 -3.340E+00 5.182E-01
 4.6242E-01 2.1626E+04 1.407E-01 1.844E+00 -3.382E+00 5.189E-01
 4.6376E-01 2.1563E+04 1.400E-01 1.856E+00 -3.425E+00 5.197E-01
 4.6510E-01 2.1501E+04 1.394E-01 1.867E+00 -3.467E+00 5.205E-01
 4.6644E-01 2.1439E+04 1.388E-01 1.879E+00 -3.510E+00 5.215E-01
 4.6779E-01 2.1377E+04 1.383E-01 1.890E+00 -3.552E+00 5.226E-01
 4.6913E-01 2.1316E+04 1.378E-01 1.901E+00 -3.595E+00 5.237E-01
 4.7047E-01 2.1255E+04 1.373E-01 1.912E+00 -3.637E+00 5.250E-01
 4.7181E-01 2.1195E+04 1.369E-01 1.923E+00 -3.680E+00 5.264E-01
 4.7315E-01 2.1135E+04 1.365E-01 1.934E+00 -3.722E+00 5.279E-01
 4.7450E-01 2.1075E+04 1.361E-01 1.945E+00 -3.765E+00 5.295E-01
 4.7584E-01 2.1016E+04 1.358E-01 1.956E+00 -3.807E+00 5.311E-01
 4.7718E-01 2.0956E+04 1.355E-01 1.967E+00 -3.850E+00 5.328E-01
 4.7852E-01 2.0898E+04 1.352E-01 1.978E+00 -3.893E+00 5.346E-01
 4.7987E-01 2.0839E+04 1.349E-01 1.988E+00 -3.935E+00 5.365E-01
 4.8121E-01 2.0781E+04 1.347E-01 1.999E+00 -3.978E+00 5.384E-01
 4.8255E-01 2.0723E+04 1.345E-01 2.010E+00 -4.020E+00 5.404E-01
 4.8389E-01 2.0666E+04 1.343E-01 2.020E+00 -4.063E+00 5.425E-01
 4.8523E-01 2.0609E+04 1.341E-01 2.031E+00 -4.105E+00 5.446E-01
 4.8658E-01 2.0552E+04 1.339E-01 2.041E+00 -4.148E+00 5.468E-01
 4.8792E-01 2.0495E+04 1.338E-01 2.051E+00 -4.191E+00 5.490E-01
 4.8926E-01 2.0439E+04 1.337E-01 2.062E+00 -4.233E+00 5.513E-01
 4.9060E-01 2.0383E+04 1.336E-01 2.072E+00 -4.276E+00 5.537E-01
 4.9195E-01 2.0327E+04 1.335E-01 2.082E+00 -4.319E+00 5.561E-01
 4.9329E-01 2.0272E+04 1.335E-01 2.093E+00 -4.362E+00 5.586E-01
 4.9463E-01 2.0217E+04 1.334E-01 2.103E+00 -4.404E+00 5.611E-01
 4.9597E-01 2.0162E+04 1.334E-01 2.113E+00 -4.447E+00 5.637E-01
 4.9732E-01 2.0108E+04 1.334E-01 2.123E+00 -4.490E+00 5.663E-01
 4.9866E-01 2.0054E+04 1.333E-01 2.133E+00 -4.533E+00 5.689E-01
 5.0000E-01 2.0000E+04 1.334E-01 2.143E+00 -4.576E+00 5.717E-01
