 DDSCAT --- DDSCAT 7.3.3 [22.01.20]   
 TARGET --->TARGSPHER  spherical target with explicit spacing                 
 GPFAFT --- method of solution 
 FLTRCD --- prescription for polarizabilities
 FROM_FILE --- shape 
    4169 = NAT0 = number of dipoles
 ../../diel/Pena-Rioux_dielectric_26Au_74Ag                  
 ../../diel/Pena-Rioux_dielectric_34Au_66Ag                  
 ../../diel/Pena-Rioux_dielectric_76Au_24Ag                  
 ../../diel/Pena-Rioux_dielectric_92Au_8Ag                   
   0.000   0.000 = beta_min, beta_max ;  NBETA = 1
   0.000   0.000 = theta_min, theta_max; NTHETA= 1
   0.000   0.000 = phi_min, phi_max   ;   NPHI = 1
 0.5000 = ETASCA (param. controlling # of scatt. dirs used to calculate <cos> etc.
 Results averaged over    1 target orientations
                   and  2 incident polarizations
   aeff       wave       Q_ext     Q_abs      Q_sca     g(1)=<cos>  <cos^2>    Q_bk       Nsca
 4.0000E-02 3.0000E-01 2.4799E+00 1.7445E+00 7.3550E-01  2.4724E-01 4.1456E-01 3.8864E-02   408
 4.0000E-02 3.0101E-01 2.4706E+00 1.7428E+00 7.2787E-01  2.4544E-01 4.1438E-01 3.8795E-02   408
 4.0000E-02 3.0203E-01 2.4612E+00 1.7410E+00 7.2023E-01  2.4366E-01 4.1419E-01 3.8717E-02   408
 4.0000E-02 3.0305E-01 2.4517E+00 1.7391E+00 7.1252E-01  2.4187E-01 4.1401E-01 3.8628E-02   408
 4.0000E-02 3.0408E-01 2.4420E+00 1.7372E+00 7.0480E-01  2.4008E-01 4.1383E-01 3.8531E-02   408
 4.0000E-02 3.0512E-01 2.4321E+00 1.7351E+00 6.9704E-01  2.3830E-01 4.1365E-01 3.8423E-02   408
 4.0000E-02 3.0616E-01 2.4222E+00 1.7329E+00 6.8924E-01  2.3651E-01 4.1347E-01 3.8306E-02   408
 4.0000E-02 3.0722E-01 2.4120E+00 1.7306E+00 6.8142E-01  2.3473E-01 4.1330E-01 3.8180E-02   408
 4.0000E-02 3.0828E-01 2.4019E+00 1.7283E+00 6.7365E-01  2.3294E-01 4.1312E-01 3.8050E-02   408
 4.0000E-02 3.0934E-01 2.3922E+00 1.7260E+00 6.6617E-01  2.3112E-01 4.1295E-01 3.7934E-02   408
 4.0000E-02 3.1042E-01 2.3824E+00 1.7237E+00 6.5871E-01  2.2929E-01 4.1277E-01 3.7811E-02   408
 4.0000E-02 3.1150E-01 2.3724E+00 1.7212E+00 6.5125E-01  2.2746E-01 4.1260E-01 3.7683E-02   408
 4.0000E-02 3.1259E-01 2.3625E+00 1.7187E+00 6.4381E-01  2.2563E-01 4.1243E-01 3.7548E-02   408
 4.0000E-02 3.1368E-01 2.3524E+00 1.7160E+00 6.3638E-01  2.2379E-01 4.1226E-01 3.7407E-02   408
 4.0000E-02 3.1479E-01 2.3422E+00 1.7133E+00 6.2896E-01  2.2204E-01 4.1224E-01 3.7262E-02   362
 4.0000E-02 3.1590E-01 2.3320E+00 1.7104E+00 6.2157E-01  2.2018E-01 4.1207E-01 3.7110E-02   362
 4.0000E-02 3.1702E-01 2.3217E+00 1.7075E+00 6.1419E-01  2.1832E-01 4.1191E-01 3.6954E-02   363
 4.0000E-02 3.1815E-01 2.3108E+00 1.7042E+00 6.0662E-01  2.1646E-01 4.1174E-01 3.6778E-02   363
 4.0000E-02 3.1929E-01 2.2998E+00 1.7008E+00 5.9902E-01  2.1459E-01 4.1158E-01 3.6594E-02   363
 4.0000E-02 3.2043E-01 2.2888E+00 1.6973E+00 5.9146E-01  2.1272E-01 4.1141E-01 3.6404E-02   363
 4.0000E-02 3.2158E-01 2.2776E+00 1.6937E+00 5.8393E-01  2.1085E-01 4.1125E-01 3.6209E-02   363
 4.0000E-02 3.2274E-01 2.2664E+00 1.6899E+00 5.7644E-01  2.0897E-01 4.1109E-01 3.6009E-02   363
 4.0000E-02 3.2391E-01 2.2551E+00 1.6860E+00 5.6901E-01  2.0709E-01 4.1093E-01 3.5805E-02   363
 4.0000E-02 3.2509E-01 2.2436E+00 1.6820E+00 5.6162E-01  2.0521E-01 4.1078E-01 3.5596E-02   363
 4.0000E-02 3.2628E-01 2.2322E+00 1.6779E+00 5.5430E-01  2.0333E-01 4.1062E-01 3.5385E-02   363
 4.0000E-02 3.2747E-01 2.2200E+00 1.6732E+00 5.4675E-01  2.0147E-01 4.1047E-01 3.5147E-02   363
 4.0000E-02 3.2868E-01 2.2080E+00 1.6686E+00 5.3946E-01  1.9961E-01 4.1032E-01 3.4920E-02   363
 4.0000E-02 3.2989E-01 2.1964E+00 1.6640E+00 5.3247E-01  1.9774E-01 4.1017E-01 3.4704E-02   363
 4.0000E-02 3.3111E-01 2.1852E+00 1.6594E+00 5.2582E-01  1.9585E-01 4.1002E-01 3.4505E-02   363
 4.0000E-02 3.3234E-01 2.1743E+00 1.6548E+00 5.1946E-01  1.9396E-01 4.0987E-01 3.4319E-02   363
 4.0000E-02 3.3358E-01 2.1637E+00 1.6503E+00 5.1344E-01  1.9208E-01 4.0972E-01 3.4149E-02   363
 4.0000E-02 3.3483E-01 2.1536E+00 1.6458E+00 5.0779E-01  1.9018E-01 4.0957E-01 3.3997E-02   363
 4.0000E-02 3.3609E-01 2.1445E+00 1.6417E+00 5.0282E-01  1.8827E-01 4.0942E-01 3.3888E-02   363
 4.0000E-02 3.3736E-01 2.1367E+00 1.6381E+00 4.9870E-01  1.8633E-01 4.0927E-01 3.3834E-02   363
 4.0000E-02 3.3864E-01 2.1299E+00 1.6347E+00 4.9514E-01  1.8438E-01 4.0912E-01 3.3814E-02   363
 4.0000E-02 3.3992E-01 2.1239E+00 1.6317E+00 4.9217E-01  1.8242E-01 4.0896E-01 3.3832E-02   363
 4.0000E-02 3.4122E-01 2.1188E+00 1.6290E+00 4.8978E-01  1.8046E-01 4.0881E-01 3.3889E-02   363
 4.0000E-02 3.4253E-01 2.1147E+00 1.6267E+00 4.8802E-01  1.7848E-01 4.0866E-01 3.3987E-02   363
 4.0000E-02 3.4385E-01 2.1115E+00 1.6246E+00 4.8691E-01  1.7650E-01 4.0851E-01 3.4129E-02   363
 4.0000E-02 3.4517E-01 2.1096E+00 1.6231E+00 4.8650E-01  1.7451E-01 4.0835E-01 3.4320E-02   363
 4.0000E-02 3.4651E-01 2.1088E+00 1.6221E+00 4.8677E-01  1.7251E-01 4.0820E-01 3.4559E-02   363
 4.0000E-02 3.4786E-01 2.1091E+00 1.6215E+00 4.8763E-01  1.7051E-01 4.0805E-01 3.4841E-02   363
 4.0000E-02 3.4922E-01 2.1103E+00 1.6213E+00 4.8909E-01  1.6851E-01 4.0789E-01 3.5168E-02   363
 4.0000E-02 3.5059E-01 2.1126E+00 1.6214E+00 4.9120E-01  1.6651E-01 4.0774E-01 3.5542E-02   363
 4.0000E-02 3.5197E-01 2.1160E+00 1.6221E+00 4.9395E-01  1.6451E-01 4.0759E-01 3.5965E-02   363
 4.0000E-02 3.5336E-01 2.1205E+00 1.6231E+00 4.9739E-01  1.6250E-01 4.0744E-01 3.6439E-02   363
 4.0000E-02 3.5476E-01 2.1259E+00 1.6246E+00 5.0136E-01  1.6050E-01 4.0729E-01 3.6957E-02   363
 4.0000E-02 3.5618E-01 2.1323E+00 1.6264E+00 5.0589E-01  1.5851E-01 4.0714E-01 3.7519E-02   363
 4.0000E-02 3.5760E-01 2.1396E+00 1.6286E+00 5.1103E-01  1.5652E-01 4.0699E-01 3.8129E-02   363
 4.0000E-02 3.5904E-01 2.1481E+00 1.6312E+00 5.1682E-01  1.5453E-01 4.0685E-01 3.8793E-02   363
 4.0000E-02 3.6048E-01 2.1576E+00 1.6343E+00 5.2327E-01  1.5255E-01 4.0670E-01 3.9510E-02   363
 4.0000E-02 3.6194E-01 2.1682E+00 1.6378E+00 5.3042E-01  1.5057E-01 4.0656E-01 4.0286E-02   363
 4.0000E-02 3.6341E-01 2.1800E+00 1.6417E+00 5.3828E-01  1.4861E-01 4.0641E-01 4.1120E-02   363
 4.0000E-02 3.6490E-01 2.1928E+00 1.6460E+00 5.4681E-01  1.4664E-01 4.0627E-01 4.2012E-02   363
 4.0000E-02 3.6639E-01 2.2068E+00 1.6508E+00 5.5607E-01  1.4469E-01 4.0613E-01 4.2967E-02   363
 4.0000E-02 3.6790E-01 2.2222E+00 1.6560E+00 5.6614E-01  1.4275E-01 4.0599E-01 4.3990E-02   363
 4.0000E-02 3.6942E-01 2.2389E+00 1.6618E+00 5.7704E-01  1.4082E-01 4.0585E-01 4.5085E-02   363
 4.0000E-02 3.7095E-01 2.2570E+00 1.6682E+00 5.8884E-01  1.3891E-01 4.0571E-01 4.6258E-02   363
 4.0000E-02 3.7250E-01 2.2768E+00 1.6752E+00 6.0163E-01  1.3701E-01 4.0558E-01 4.7515E-02   363
 4.0000E-02 3.7406E-01 2.2983E+00 1.6828E+00 6.1546E-01  1.3513E-01 4.0544E-01 4.8864E-02   363
 4.0000E-02 3.7563E-01 2.3215E+00 1.6912E+00 6.3030E-01  1.3327E-01 4.0531E-01 5.0302E-02   363
 4.0000E-02 3.7722E-01 2.3465E+00 1.7003E+00 6.4624E-01  1.3143E-01 4.0518E-01 5.1837E-02   363
 4.0000E-02 3.7881E-01 2.3735E+00 1.7101E+00 6.6336E-01  1.2960E-01 4.0505E-01 5.3476E-02   363
 4.0000E-02 3.8043E-01 2.4025E+00 1.7208E+00 6.8174E-01  1.2779E-01 4.0492E-01 5.5229E-02   363
 4.0000E-02 3.8205E-01 2.4339E+00 1.7324E+00 7.0148E-01  1.2600E-01 4.0479E-01 5.7105E-02   363
 4.0000E-02 3.8369E-01 2.4675E+00 1.7450E+00 7.2257E-01  1.2422E-01 4.0466E-01 5.9104E-02   363
 4.0000E-02 3.8534E-01 2.5035E+00 1.7585E+00 7.4504E-01  1.2246E-01 4.0454E-01 6.1233E-02   363
 4.0000E-02 3.8701E-01 2.5421E+00 1.7730E+00 7.6905E-01  1.2071E-01 4.0441E-01 6.3505E-02   363
 4.0000E-02 3.8870E-01 2.5833E+00 1.7886E+00 7.9470E-01  1.1896E-01 4.0429E-01 6.5931E-02   363
 4.0000E-02 3.9039E-01 2.6276E+00 1.8054E+00 8.2214E-01  1.1730E-01 4.0433E-01 6.8529E-02   323
 4.0000E-02 3.9211E-01 2.6747E+00 1.8234E+00 8.5131E-01  1.1555E-01 4.0421E-01 7.1296E-02   323
 4.0000E-02 3.9383E-01 2.7249E+00 1.8425E+00 8.8237E-01  1.1378E-01 4.0408E-01 7.4252E-02   323
 4.0000E-02 3.9558E-01 2.7783E+00 1.8628E+00 9.1544E-01  1.1200E-01 4.0396E-01 7.7410E-02   323
 4.0000E-02 3.9733E-01 2.8352E+00 1.8845E+00 9.5070E-01  1.1020E-01 4.0383E-01 8.0792E-02   323
 4.0000E-02 3.9911E-01 2.8959E+00 1.9076E+00 9.8833E-01  1.0837E-01 4.0370E-01 8.4419E-02   323
 4.0000E-02 4.0090E-01 2.9604E+00 1.9320E+00 1.0283E+00  1.0649E-01 4.0357E-01 8.8303E-02   323
 4.0000E-02 4.0270E-01 3.0287E+00 1.9578E+00 1.0709E+00  1.0456E-01 4.0344E-01 9.2465E-02   323
 4.0000E-02 4.0452E-01 3.1011E+00 1.9849E+00 1.1162E+00  1.0257E-01 4.0331E-01 9.6933E-02   323
 4.0000E-02 4.0636E-01 3.1778E+00 2.0134E+00 1.1644E+00  1.0050E-01 4.0318E-01 1.0174E-01   323
 4.0000E-02 4.0822E-01 3.2592E+00 2.0434E+00 1.2158E+00  9.8342E-02 4.0304E-01 1.0692E-01   323
 4.0000E-02 4.1009E-01 3.3450E+00 2.0746E+00 1.2704E+00  9.6073E-02 4.0290E-01 1.1250E-01   323
 4.0000E-02 4.1198E-01 3.4355E+00 2.1070E+00 1.3286E+00  9.3681E-02 4.0277E-01 1.1853E-01   323
 4.0000E-02 4.1389E-01 3.5308E+00 2.1404E+00 1.3904E+00  9.1149E-02 4.0263E-01 1.2504E-01   323
 4.0000E-02 4.1581E-01 3.6309E+00 2.1748E+00 1.4561E+00  8.8459E-02 4.0249E-01 1.3208E-01   323
 4.0000E-02 4.1776E-01 3.7359E+00 2.2099E+00 1.5261E+00  8.5585E-02 4.0235E-01 1.3972E-01   323
 4.0000E-02 4.1972E-01 3.8459E+00 2.2454E+00 1.6005E+00  8.2520E-02 4.0221E-01 1.4802E-01   323
 4.0000E-02 4.2170E-01 3.9607E+00 2.2810E+00 1.6796E+00  7.9261E-02 4.0208E-01 1.5703E-01   323
 4.0000E-02 4.2370E-01 4.0805E+00 2.3166E+00 1.7639E+00  7.5806E-02 4.0195E-01 1.6681E-01   323
 4.0000E-02 4.2571E-01 4.2056E+00 2.3520E+00 1.8536E+00  7.2174E-02 4.0183E-01 1.7744E-01   323
 4.0000E-02 4.2775E-01 4.3363E+00 2.3872E+00 1.9491E+00  6.8398E-02 4.0172E-01 1.8895E-01   323
 4.0000E-02 4.2981E-01 4.4726E+00 2.4223E+00 2.0504E+00  6.4532E-02 4.0161E-01 2.0134E-01   323
 4.0000E-02 4.3188E-01 4.6149E+00 2.4573E+00 2.1577E+00  6.0637E-02 4.0152E-01 2.1463E-01   323
 4.0000E-02 4.3398E-01 4.7635E+00 2.4926E+00 2.2709E+00  5.6779E-02 4.0144E-01 2.2876E-01   323
 4.0000E-02 4.3610E-01 4.9185E+00 2.5289E+00 2.3897E+00  5.3023E-02 4.0138E-01 2.4367E-01   323
 4.0000E-02 4.3824E-01 5.0793E+00 2.5663E+00 2.5130E+00  4.9428E-02 4.0133E-01 2.5920E-01   323
 4.0000E-02 4.4039E-01 5.2454E+00 2.6051E+00 2.6403E+00  4.6028E-02 4.0128E-01 2.7525E-01   323
 4.0000E-02 4.4257E-01 5.4154E+00 2.6454E+00 2.7700E+00  4.2843E-02 4.0125E-01 2.9162E-01   323
 4.0000E-02 4.4478E-01 5.5877E+00 2.6871E+00 2.9006E+00  3.9879E-02 4.0123E-01 3.0812E-01   323
 4.0000E-02 4.4700E-01 5.7598E+00 2.7298E+00 3.0300E+00  3.7138E-02 4.0121E-01 3.2449E-01   323
 4.0000E-02 4.4925E-01 5.9296E+00 2.7730E+00 3.1566E+00  3.4610E-02 4.0119E-01 3.4053E-01   323
 4.0000E-02 4.5152E-01 6.0945E+00 2.8162E+00 3.2783E+00  3.2284E-02 4.0118E-01 3.5601E-01   323
 4.0000E-02 4.5381E-01 6.2519E+00 2.8587E+00 3.3932E+00  3.0154E-02 4.0117E-01 3.7068E-01   323
 4.0000E-02 4.5612E-01 6.3994E+00 2.8999E+00 3.4995E+00  2.8209E-02 4.0116E-01 3.8432E-01   323
 4.0000E-02 4.5846E-01 6.5353E+00 2.9390E+00 3.5964E+00  2.6433E-02 4.0116E-01 3.9682E-01   323
 4.0000E-02 4.6082E-01 6.6577E+00 2.9754E+00 3.6823E+00  2.4816E-02 4.0116E-01 4.0801E-01   323
 4.0000E-02 4.6321E-01 6.7649E+00 3.0087E+00 3.7562E+00  2.3344E-02 4.0116E-01 4.1776E-01   323
 4.0000E-02 4.6563E-01 6.8559E+00 3.0381E+00 3.8179E+00  2.2001E-02 4.0116E-01 4.2603E-01   323
 4.0000E-02 4.6806E-01 6.9301E+00 3.0631E+00 3.8671E+00  2.0770E-02 4.0116E-01 4.3280E-01   323
 4.0000E-02 4.7053E-01 6.9868E+00 3.0833E+00 3.9035E+00  1.9638E-02 4.0116E-01 4.3804E-01   323
 4.0000E-02 4.7302E-01 7.0257E+00 3.0985E+00 3.9272E+00  1.8593E-02 4.0116E-01 4.4175E-01   323
 4.0000E-02 4.7553E-01 7.0473E+00 3.1084E+00 3.9390E+00  1.7620E-02 4.0116E-01 4.4404E-01   323
 4.0000E-02 4.7807E-01 7.0523E+00 3.1128E+00 3.9394E+00  1.6708E-02 4.0116E-01 4.4498E-01   323
 4.0000E-02 4.8065E-01 7.0412E+00 3.1119E+00 3.9293E+00  1.5847E-02 4.0116E-01 4.4465E-01   323
 4.0000E-02 4.8324E-01 7.0156E+00 3.1057E+00 3.9099E+00  1.5028E-02 4.0116E-01 4.4322E-01   323
 4.0000E-02 4.8587E-01 6.9769E+00 3.0941E+00 3.8828E+00  1.4242E-02 4.0116E-01 4.4087E-01   323
 4.0000E-02 4.8852E-01 6.9265E+00 3.0774E+00 3.8491E+00  1.3480E-02 4.0116E-01 4.3773E-01   323
 4.0000E-02 4.9121E-01 6.8661E+00 3.0557E+00 3.8104E+00  1.2736E-02 4.0115E-01 4.3399E-01   323
 4.0000E-02 4.9392E-01 6.7972E+00 3.0290E+00 3.7682E+00  1.2001E-02 4.0115E-01 4.2983E-01   323
 4.0000E-02 4.9667E-01 6.7211E+00 2.9973E+00 3.7238E+00  1.1270E-02 4.0114E-01 4.2541E-01   323
 4.0000E-02 4.9944E-01 6.6391E+00 2.9603E+00 3.6787E+00  1.0538E-02 4.0113E-01 4.2091E-01   323
 4.0000E-02 5.0225E-01 6.5516E+00 2.9175E+00 3.6341E+00  9.7971E-03 4.0113E-01 4.1645E-01   323
 4.0000E-02 5.0508E-01 6.4579E+00 2.8680E+00 3.5899E+00  9.0432E-03 4.0112E-01 4.1207E-01   323
 4.0000E-02 5.0795E-01 6.3561E+00 2.8105E+00 3.5456E+00  8.2735E-03 4.0112E-01 4.0767E-01   324
 4.0000E-02 5.1086E-01 6.2430E+00 2.7439E+00 3.4991E+00  7.4854E-03 4.0112E-01 4.0304E-01   324
 4.0000E-02 5.1379E-01 6.1143E+00 2.6672E+00 3.4471E+00  6.7138E-03 4.0132E-01 3.9777E-01   285
 4.0000E-02 5.1676E-01 5.9665E+00 2.5807E+00 3.3858E+00  5.8900E-03 4.0132E-01 3.9141E-01   285
 4.0000E-02 5.1977E-01 5.7971E+00 2.4852E+00 3.3119E+00  5.0504E-03 4.0132E-01 3.8359E-01   285
 4.0000E-02 5.2281E-01 5.6067E+00 2.3833E+00 3.2234E+00  4.1994E-03 4.0132E-01 3.7403E-01   285
 4.0000E-02 5.2588E-01 5.3985E+00 2.2781E+00 3.1204E+00  3.3369E-03 4.0132E-01 3.6273E-01   285
 4.0000E-02 5.2899E-01 5.1775E+00 2.1730E+00 3.0045E+00  2.4685E-03 4.0132E-01 3.4990E-01   285
 4.0000E-02 5.3214E-01 4.9508E+00 2.0712E+00 2.8796E+00  1.5978E-03 4.0131E-01 3.3596E-01   285
 4.0000E-02 5.3533E-01 4.7246E+00 1.9746E+00 2.7500E+00  7.2532E-04 4.0130E-01 3.2141E-01   285
 4.0000E-02 5.3855E-01 4.5038E+00 1.8841E+00 2.6197E+00 -1.5025E-04 4.0129E-01 3.0673E-01   285
 4.0000E-02 5.4182E-01 4.2909E+00 1.7991E+00 2.4918E+00 -1.0302E-03 4.0128E-01 2.9229E-01   285
 4.0000E-02 5.4512E-01 4.0866E+00 1.7189E+00 2.3677E+00 -1.9142E-03 4.0127E-01 2.7823E-01   285
 4.0000E-02 5.4847E-01 3.8906E+00 1.6429E+00 2.2477E+00 -2.8000E-03 4.0127E-01 2.6462E-01   285
 4.0000E-02 5.5185E-01 3.7025E+00 1.5709E+00 2.1316E+00 -3.6854E-03 4.0126E-01 2.5143E-01   285
 4.0000E-02 5.5528E-01 3.5224E+00 1.5028E+00 2.0195E+00 -4.5695E-03 4.0126E-01 2.3865E-01   285
 4.0000E-02 5.5875E-01 3.3501E+00 1.4388E+00 1.9112E+00 -5.4510E-03 4.0126E-01 2.2628E-01   285
 4.0000E-02 5.6226E-01 3.1860E+00 1.3795E+00 1.8065E+00 -6.3288E-03 4.0125E-01 2.1427E-01   285
 4.0000E-02 5.6582E-01 3.0311E+00 1.3257E+00 1.7054E+00 -7.2024E-03 4.0124E-01 2.0265E-01   285
 4.0000E-02 5.6943E-01 2.8866E+00 1.2782E+00 1.6084E+00 -8.0704E-03 4.0124E-01 1.9146E-01   285
 4.0000E-02 5.7308E-01 2.7540E+00 1.2380E+00 1.5161E+00 -8.9271E-03 4.0123E-01 1.8079E-01   285
 4.0000E-02 5.7677E-01 2.6344E+00 1.2051E+00 1.4293E+00 -9.7670E-03 4.0122E-01 1.7074E-01   285
 4.0000E-02 5.8052E-01 2.5276E+00 1.1789E+00 1.3487E+00 -1.0585E-02 4.0121E-01 1.6138E-01   285
 4.0000E-02 5.8431E-01 2.4331E+00 1.1588E+00 1.2742E+00 -1.1375E-02 4.0120E-01 1.5272E-01   285
 4.0000E-02 5.8816E-01 2.3505E+00 1.1448E+00 1.2057E+00 -1.2131E-02 4.0120E-01 1.4474E-01   285
 4.0000E-02 5.9205E-01 2.2806E+00 1.1374E+00 1.1432E+00 -1.2847E-02 4.0119E-01 1.3745E-01   285
 4.0000E-02 5.9600E-01 2.2245E+00 1.1368E+00 1.0877E+00 -1.3509E-02 4.0118E-01 1.3097E-01   285
 4.0000E-02 6.0000E-01 2.1825E+00 1.1422E+00 1.0403E+00 -1.4107E-02 4.0118E-01 1.2544E-01   285
