 DDSCAT --- DDSCAT 7.3.3 [22.01.20]   
 TARGET --->TARGSPHER  spherical target with explicit spacing                 
 GPFAFT --- method of solution 
 FLTRCD --- prescription for polarizabilities
 FROM_FILE --- shape 
    4169 = NAT0 = number of dipoles
 ../../diel/Pena-Rioux_dielectric_26Au_74Ag                  
 ../../diel/Pena-Rioux_dielectric_52Au_48Ag                  
 ../../diel/Pena-Rioux_dielectric_85Au_15Ag                  
   0.000   0.000 = beta_min, beta_max ;  NBETA = 1
   0.000   0.000 = theta_min, theta_max; NTHETA= 1
   0.000   0.000 = phi_min, phi_max   ;   NPHI = 1
 0.5000 = ETASCA (param. controlling # of scatt. dirs used to calculate <cos> etc.
 Results averaged over    1 target orientations
                   and  2 incident polarizations
   aeff       wave       Q_ext     Q_abs      Q_sca     g(1)=<cos>  <cos^2>    Q_bk       Nsca
 1.0000E-03 3.0000E-01 8.5015E-02 8.5014E-02 1.1696E-06  2.5908E-04 4.0217E-01 1.3940E-07   214
 1.0000E-03 3.0101E-01 8.4567E-02 8.4566E-02 1.1477E-06  2.5892E-04 4.0217E-01 1.3679E-07   214
 1.0000E-03 3.0203E-01 8.4133E-02 8.4132E-02 1.1262E-06  2.5851E-04 4.0217E-01 1.3423E-07   214
 1.0000E-03 3.0305E-01 8.3713E-02 8.3712E-02 1.1053E-06  2.5811E-04 4.0217E-01 1.3174E-07   214
 1.0000E-03 3.0408E-01 8.3307E-02 8.3306E-02 1.0849E-06  2.5778E-04 4.0217E-01 1.2931E-07   214
 1.0000E-03 3.0512E-01 8.2915E-02 8.2914E-02 1.0649E-06  2.5753E-04 4.0217E-01 1.2693E-07   214
 1.0000E-03 3.0616E-01 8.2538E-02 8.2536E-02 1.0455E-06  2.5703E-04 4.0217E-01 1.2461E-07   214
 1.0000E-03 3.0722E-01 8.2174E-02 8.2173E-02 1.0265E-06  2.5646E-04 4.0217E-01 1.2235E-07   214
 1.0000E-03 3.0828E-01 8.1827E-02 8.1825E-02 1.0081E-06  2.5621E-04 4.0217E-01 1.2015E-07   214
 1.0000E-03 3.0934E-01 8.1497E-02 8.1496E-02 9.9051E-07  2.5555E-04 4.0217E-01 1.1806E-07   214
 1.0000E-03 3.1042E-01 8.1176E-02 8.1175E-02 9.7328E-07  2.5501E-04 4.0217E-01 1.1601E-07   214
 1.0000E-03 3.1150E-01 8.0863E-02 8.0862E-02 9.5636E-07  2.5441E-04 4.0217E-01 1.1399E-07   214
 1.0000E-03 3.1259E-01 8.0559E-02 8.0558E-02 9.3975E-07  2.5385E-04 4.0217E-01 1.1201E-07   214
 1.0000E-03 3.1368E-01 8.0262E-02 8.0261E-02 9.2345E-07  2.5343E-04 4.0217E-01 1.1007E-07   214
 1.0000E-03 3.1479E-01 7.9974E-02 7.9973E-02 9.0745E-07  2.5300E-04 4.0217E-01 1.0816E-07   214
 1.0000E-03 3.1590E-01 7.9693E-02 7.9692E-02 8.9174E-07  2.5256E-04 4.0217E-01 1.0629E-07   214
 1.0000E-03 3.1702E-01 7.9421E-02 7.9420E-02 8.7633E-07  2.5175E-04 4.0217E-01 1.0445E-07   214
 1.0000E-03 3.1815E-01 7.9106E-02 7.9105E-02 8.6029E-07  2.5133E-04 4.0217E-01 1.0254E-07   214
 1.0000E-03 3.1929E-01 7.8794E-02 7.8793E-02 8.4440E-07  2.5084E-04 4.0217E-01 1.0065E-07   214
 1.0000E-03 3.2043E-01 7.8496E-02 7.8495E-02 8.2884E-07  2.5031E-04 4.0217E-01 9.8791E-08   214
 1.0000E-03 3.2158E-01 7.8210E-02 7.8209E-02 8.1358E-07  2.4989E-04 4.0217E-01 9.6973E-08   214
 1.0000E-03 3.2274E-01 7.7938E-02 7.7937E-02 7.9863E-07  2.4933E-04 4.0217E-01 9.5191E-08   214
 1.0000E-03 3.2391E-01 7.7678E-02 7.7676E-02 7.8398E-07  2.4884E-04 4.0217E-01 9.3445E-08   214
 1.0000E-03 3.2509E-01 7.7430E-02 7.7429E-02 7.6963E-07  2.4832E-04 4.0217E-01 9.1734E-08   214
 1.0000E-03 3.2628E-01 7.7194E-02 7.7194E-02 7.5557E-07  2.4768E-04 4.0217E-01 9.0058E-08   214
 1.0000E-03 3.2747E-01 7.6983E-02 7.6982E-02 7.4153E-07  2.4689E-04 4.0217E-01 8.8385E-08   214
 1.0000E-03 3.2868E-01 7.6805E-02 7.6804E-02 7.2815E-07  2.4665E-04 4.0217E-01 8.6791E-08   214
 1.0000E-03 3.2989E-01 7.6659E-02 7.6659E-02 7.1546E-07  2.4598E-04 4.0217E-01 8.5279E-08   214
 1.0000E-03 3.3111E-01 7.6547E-02 7.6547E-02 7.0345E-07  2.4538E-04 4.0217E-01 8.3847E-08   214
 1.0000E-03 3.3234E-01 7.6470E-02 7.6469E-02 6.9212E-07  2.4485E-04 4.0217E-01 8.2496E-08   214
 1.0000E-03 3.3358E-01 7.6426E-02 7.6425E-02 6.8145E-07  2.4399E-04 4.0217E-01 8.1225E-08   214
 1.0000E-03 3.3483E-01 7.6418E-02 7.6417E-02 6.7147E-07  2.4340E-04 4.0217E-01 8.0035E-08   214
 1.0000E-03 3.3609E-01 7.6479E-02 7.6478E-02 6.6272E-07  2.4283E-04 4.0217E-01 7.8993E-08   214
 1.0000E-03 3.3736E-01 7.6619E-02 7.6619E-02 6.5544E-07  2.4176E-04 4.0217E-01 7.8125E-08   214
 1.0000E-03 3.3864E-01 7.6807E-02 7.6806E-02 6.4911E-07  2.4095E-04 4.0217E-01 7.7371E-08   214
 1.0000E-03 3.3992E-01 7.7044E-02 7.7043E-02 6.4375E-07  2.3982E-04 4.0217E-01 7.6732E-08   214
 1.0000E-03 3.4122E-01 7.7332E-02 7.7332E-02 6.3937E-07  2.3909E-04 4.0217E-01 7.6209E-08   214
 1.0000E-03 3.4253E-01 7.7675E-02 7.7675E-02 6.3600E-07  2.3782E-04 4.0217E-01 7.5808E-08   214
 1.0000E-03 3.4385E-01 7.8075E-02 7.8074E-02 6.3368E-07  2.3692E-04 4.0217E-01 7.5532E-08   214
 1.0000E-03 3.4517E-01 7.8538E-02 7.8538E-02 6.3255E-07  2.3605E-04 4.0217E-01 7.5398E-08   214
 1.0000E-03 3.4651E-01 7.9060E-02 7.9060E-02 6.3259E-07  2.3487E-04 4.0217E-01 7.5402E-08   214
 1.0000E-03 3.4786E-01 7.9634E-02 7.9634E-02 6.3363E-07  2.3388E-04 4.0217E-01 7.5526E-08   214
 1.0000E-03 3.4922E-01 8.0263E-02 8.0263E-02 6.3571E-07  2.3270E-04 4.0217E-01 7.5774E-08   214
 1.0000E-03 3.5059E-01 8.0951E-02 8.0951E-02 6.3888E-07  2.3150E-04 4.0217E-01 7.6153E-08   214
 1.0000E-03 3.5197E-01 8.1702E-02 8.1702E-02 6.4319E-07  2.3026E-04 4.0217E-01 7.6667E-08   214
 1.0000E-03 3.5336E-01 8.2521E-02 8.2521E-02 6.4872E-07  2.2895E-04 4.0217E-01 7.7327E-08   214
 1.0000E-03 3.5476E-01 8.3406E-02 8.3405E-02 6.5546E-07  2.2773E-04 4.0217E-01 7.8130E-08   214
 1.0000E-03 3.5618E-01 8.4345E-02 8.4344E-02 6.6323E-07  2.2657E-04 4.0217E-01 7.9056E-08   214
 1.0000E-03 3.5760E-01 8.5343E-02 8.5343E-02 6.7208E-07  2.2527E-04 4.0217E-01 8.0111E-08   214
 1.0000E-03 3.5904E-01 8.6405E-02 8.6405E-02 6.8208E-07  2.2395E-04 4.0217E-01 8.1303E-08   214
 1.0000E-03 3.6048E-01 8.7536E-02 8.7535E-02 6.9330E-07  2.2274E-04 4.0217E-01 8.2641E-08   214
 1.0000E-03 3.6194E-01 8.8740E-02 8.8739E-02 7.0583E-07  2.2114E-04 4.0217E-01 8.4135E-08   214
 1.0000E-03 3.6341E-01 9.0019E-02 9.0019E-02 7.1971E-07  2.2019E-04 4.0217E-01 8.5790E-08   214
 1.0000E-03 3.6490E-01 9.1358E-02 9.1358E-02 7.3468E-07  2.1886E-04 4.0217E-01 8.7575E-08   214
 1.0000E-03 3.6639E-01 9.2764E-02 9.2763E-02 7.5084E-07  2.1763E-04 4.0217E-01 8.9501E-08   214
 1.0000E-03 3.6790E-01 9.4240E-02 9.4239E-02 7.6827E-07  2.1628E-04 4.0217E-01 9.1579E-08   214
 1.0000E-03 3.6942E-01 9.5792E-02 9.5791E-02 7.8707E-07  2.1476E-04 4.0217E-01 9.3821E-08   214
 1.0000E-03 3.7095E-01 9.7426E-02 9.7426E-02 8.0735E-07  2.1361E-04 4.0217E-01 9.6238E-08   214
 1.0000E-03 3.7250E-01 9.9144E-02 9.9143E-02 8.2912E-07  2.1226E-04 4.0217E-01 9.8833E-08   214
 1.0000E-03 3.7406E-01 1.0093E-01 1.0093E-01 8.5218E-07  2.1104E-04 4.0217E-01 1.0158E-07   214
 1.0000E-03 3.7563E-01 1.0280E-01 1.0279E-01 8.7665E-07  2.0983E-04 4.0217E-01 1.0450E-07   214
 1.0000E-03 3.7722E-01 1.0474E-01 1.0474E-01 9.0284E-07  2.3685E-04 4.0254E-01 1.0760E-07   184
 1.0000E-03 3.7881E-01 1.0678E-01 1.0678E-01 9.3051E-07  2.3548E-04 4.0254E-01 1.1090E-07   184
 1.0000E-03 3.8043E-01 1.0891E-01 1.0891E-01 9.5996E-07  2.3420E-04 4.0254E-01 1.1441E-07   184
 1.0000E-03 3.8205E-01 1.1113E-01 1.1113E-01 9.9111E-07  2.3307E-04 4.0254E-01 1.1812E-07   184
 1.0000E-03 3.8369E-01 1.1344E-01 1.1344E-01 1.0239E-06  2.3156E-04 4.0254E-01 1.2204E-07   184
 1.0000E-03 3.8534E-01 1.1584E-01 1.1584E-01 1.0587E-06  2.3045E-04 4.0254E-01 1.2617E-07   184
 1.0000E-03 3.8701E-01 1.1835E-01 1.1835E-01 1.0954E-06  2.2899E-04 4.0254E-01 1.3055E-07   184
 1.0000E-03 3.8870E-01 1.2096E-01 1.2096E-01 1.1344E-06  2.2777E-04 4.0254E-01 1.3519E-07   184
 1.0000E-03 3.9039E-01 1.2368E-01 1.2368E-01 1.1756E-06  2.2641E-04 4.0254E-01 1.4011E-07   184
 1.0000E-03 3.9211E-01 1.2650E-01 1.2650E-01 1.2189E-06  2.2533E-04 4.0254E-01 1.4527E-07   184
 1.0000E-03 3.9383E-01 1.2943E-01 1.2943E-01 1.2648E-06  2.2383E-04 4.0254E-01 1.5074E-07   184
 1.0000E-03 3.9558E-01 1.3248E-01 1.3248E-01 1.3132E-06  2.2260E-04 4.0254E-01 1.5651E-07   184
 1.0000E-03 3.9733E-01 1.3564E-01 1.3564E-01 1.3644E-06  2.2139E-04 4.0254E-01 1.6262E-07   184
 1.0000E-03 3.9911E-01 1.3892E-01 1.3892E-01 1.4184E-06  2.2032E-04 4.0254E-01 1.6906E-07   184
 1.0000E-03 4.0090E-01 1.4231E-01 1.4231E-01 1.4754E-06  2.1882E-04 4.0254E-01 1.7584E-07   184
 1.0000E-03 4.0270E-01 1.4580E-01 1.4580E-01 1.5353E-06  2.1768E-04 4.0254E-01 1.8299E-07   184
 1.0000E-03 4.0452E-01 1.4941E-01 1.4940E-01 1.5985E-06  2.1672E-04 4.0254E-01 1.9052E-07   184
 1.0000E-03 4.0636E-01 1.5310E-01 1.5310E-01 1.6648E-06  2.1497E-04 4.0254E-01 1.9842E-07   184
 1.0000E-03 4.0822E-01 1.5686E-01 1.5686E-01 1.7340E-06  2.1400E-04 4.0254E-01 2.0667E-07   184
 1.0000E-03 4.1009E-01 1.6067E-01 1.6067E-01 1.8062E-06  2.1271E-04 4.0254E-01 2.1528E-07   184
 1.0000E-03 4.1198E-01 1.6450E-01 1.6450E-01 1.8811E-06  2.1157E-04 4.0254E-01 2.2421E-07   184
 1.0000E-03 4.1389E-01 1.6831E-01 1.6831E-01 1.9583E-06  2.1056E-04 4.0254E-01 2.3340E-07   184
 1.0000E-03 4.1581E-01 1.7204E-01 1.7204E-01 2.0368E-06  2.0933E-04 4.0254E-01 2.4276E-07   184
 1.0000E-03 4.1776E-01 1.7562E-01 1.7561E-01 2.1157E-06  2.0818E-04 4.0254E-01 2.5216E-07   184
 1.0000E-03 4.1972E-01 1.7897E-01 1.7896E-01 2.1938E-06  2.0703E-04 4.0253E-01 2.6147E-07   184
 1.0000E-03 4.2170E-01 1.8200E-01 1.8200E-01 2.2697E-06  2.0600E-04 4.0254E-01 2.7052E-07   184
 1.0000E-03 4.2370E-01 1.8462E-01 1.8462E-01 2.3416E-06  2.0487E-04 4.0253E-01 2.7909E-07   184
 1.0000E-03 4.2571E-01 1.8675E-01 1.8675E-01 2.4078E-06  2.0385E-04 4.0254E-01 2.8699E-07   184
 1.0000E-03 4.2775E-01 1.8830E-01 1.8830E-01 2.4667E-06  2.0279E-04 4.0254E-01 2.9400E-07   184
 1.0000E-03 4.2981E-01 1.8924E-01 1.8924E-01 2.5172E-06  2.0180E-04 4.0254E-01 3.0002E-07   184
 1.0000E-03 4.3188E-01 1.8953E-01 1.8953E-01 2.5585E-06  2.0103E-04 4.0254E-01 3.0494E-07   184
 1.0000E-03 4.3398E-01 1.8917E-01 1.8917E-01 2.5900E-06  2.0002E-04 4.0254E-01 3.0870E-07   184
 1.0000E-03 4.3610E-01 1.8815E-01 1.8815E-01 2.6113E-06  1.9905E-04 4.0253E-01 3.1124E-07   184
 1.0000E-03 4.3824E-01 1.8652E-01 1.8652E-01 2.6227E-06  1.9851E-04 4.0254E-01 3.1260E-07   184
 1.0000E-03 4.4039E-01 1.8429E-01 1.8428E-01 2.6243E-06  1.9731E-04 4.0254E-01 3.1279E-07   184
 1.0000E-03 4.4257E-01 1.8149E-01 1.8149E-01 2.6163E-06  1.9647E-04 4.0253E-01 3.1183E-07   184
 1.0000E-03 4.4478E-01 1.7817E-01 1.7816E-01 2.5988E-06  1.9604E-04 4.0254E-01 3.0976E-07   184
 1.0000E-03 4.4700E-01 1.7439E-01 1.7439E-01 2.5730E-06  1.9526E-04 4.0254E-01 3.0668E-07   184
 1.0000E-03 4.4925E-01 1.7021E-01 1.7021E-01 2.5394E-06  1.9428E-04 4.0254E-01 3.0268E-07   184
 1.0000E-03 4.5152E-01 1.6570E-01 1.6570E-01 2.4987E-06  1.9375E-04 4.0254E-01 2.9783E-07   184
 1.0000E-03 4.5381E-01 1.6094E-01 1.6094E-01 2.4521E-06  1.9284E-04 4.0254E-01 2.9227E-07   184
 1.0000E-03 4.5612E-01 1.5600E-01 1.5600E-01 2.4011E-06  1.9241E-04 4.0254E-01 2.8619E-07   184
 1.0000E-03 4.5846E-01 1.5093E-01 1.5093E-01 2.3466E-06  1.9165E-04 4.0254E-01 2.7970E-07   184
 1.0000E-03 4.6082E-01 1.4580E-01 1.4580E-01 2.2898E-06  1.9106E-04 4.0253E-01 2.7292E-07   184
 1.0000E-03 4.6321E-01 1.4066E-01 1.4065E-01 2.2318E-06  1.9050E-04 4.0253E-01 2.6601E-07   184
 1.0000E-03 4.6563E-01 1.3551E-01 1.3550E-01 2.1734E-06  1.8989E-04 4.0253E-01 2.5905E-07   184
 1.0000E-03 4.6806E-01 1.3035E-01 1.3035E-01 2.1150E-06  1.8930E-04 4.0254E-01 2.5209E-07   184
 1.0000E-03 4.7053E-01 1.2521E-01 1.2520E-01 2.0568E-06  1.8867E-04 4.0253E-01 2.4516E-07   184
 1.0000E-03 4.7302E-01 1.2005E-01 1.2005E-01 1.9992E-06  1.8814E-04 4.0253E-01 2.3829E-07   184
 1.0000E-03 4.7553E-01 1.1484E-01 1.1483E-01 1.9416E-06  1.8765E-04 4.0253E-01 2.3142E-07   184
 1.0000E-03 4.7807E-01 1.0957E-01 1.0956E-01 1.8836E-06  1.8732E-04 4.0254E-01 2.2451E-07   184
 1.0000E-03 4.8065E-01 1.0422E-01 1.0422E-01 1.8250E-06  1.8662E-04 4.0254E-01 2.1752E-07   184
 1.0000E-03 4.8324E-01 9.8790E-02 9.8788E-02 1.7652E-06  1.8588E-04 4.0253E-01 2.1040E-07   184
 1.0000E-03 4.8587E-01 9.3284E-02 9.3283E-02 1.7039E-06  1.8538E-04 4.0253E-01 2.0309E-07   184
 1.0000E-03 4.8852E-01 8.7729E-02 8.7728E-02 1.6409E-06  1.8476E-04 4.0253E-01 1.9558E-07   184
 1.0000E-03 4.9121E-01 8.2148E-02 8.2147E-02 1.5762E-06  1.8415E-04 4.0253E-01 1.8787E-07   184
 1.0000E-03 4.9392E-01 7.6593E-02 7.6592E-02 1.5097E-06  1.8353E-04 4.0253E-01 1.7995E-07   184
 1.0000E-03 4.9667E-01 7.1120E-02 7.1119E-02 1.4420E-06  1.8293E-04 4.0253E-01 1.7188E-07   184
 1.0000E-03 4.9944E-01 6.5772E-02 6.5771E-02 1.3734E-06  1.8234E-04 4.0253E-01 1.6370E-07   184
 1.0000E-03 5.0225E-01 6.0609E-02 6.0608E-02 1.3042E-06  1.8163E-04 4.0253E-01 1.5546E-07   184
 1.0000E-03 5.0508E-01 5.5691E-02 5.5690E-02 1.2355E-06  1.8120E-04 4.0253E-01 1.4726E-07   184
 1.0000E-03 5.0795E-01 5.1052E-02 5.1051E-02 1.1676E-06  1.8046E-04 4.0253E-01 1.3917E-07   184
 1.0000E-03 5.1086E-01 4.6730E-02 4.6729E-02 1.1011E-06  1.7960E-04 4.0253E-01 1.3125E-07   184
 1.0000E-03 5.1379E-01 4.2748E-02 4.2747E-02 1.0368E-06  1.7903E-04 4.0253E-01 1.2358E-07   184
 1.0000E-03 5.1676E-01 3.9109E-02 3.9108E-02 9.7505E-07  1.7864E-04 4.0253E-01 1.1622E-07   184
 1.0000E-03 5.1977E-01 3.5815E-02 3.5814E-02 9.1615E-07  1.7778E-04 4.0253E-01 1.0920E-07   184
 1.0000E-03 5.2281E-01 3.2851E-02 3.2850E-02 8.6040E-07  1.7725E-04 4.0253E-01 1.0256E-07   184
 1.0000E-03 5.2588E-01 3.0200E-02 3.0199E-02 8.0785E-07  1.7644E-04 4.0253E-01 9.6291E-08   184
 1.0000E-03 5.2899E-01 2.7844E-02 2.7844E-02 7.5847E-07  1.7584E-04 4.0253E-01 9.0406E-08   184
 1.0000E-03 5.3214E-01 2.5762E-02 2.5762E-02 7.1228E-07  1.7541E-04 4.0253E-01 8.4900E-08   184
 1.0000E-03 5.3533E-01 2.3937E-02 2.3937E-02 6.6916E-07  1.7449E-04 4.0253E-01 7.9762E-08   184
 1.0000E-03 5.3855E-01 2.2354E-02 2.2353E-02 6.2907E-07  1.7391E-04 4.0253E-01 7.4983E-08   184
 1.0000E-03 5.4182E-01 2.0988E-02 2.0987E-02 5.9194E-07  1.7295E-04 4.0253E-01 7.0557E-08   184
 1.0000E-03 5.4512E-01 1.9820E-02 1.9819E-02 5.5768E-07  1.7219E-04 4.0253E-01 6.6474E-08   184
 1.0000E-03 5.4847E-01 1.8819E-02 1.8819E-02 5.2617E-07  1.7159E-04 4.0253E-01 6.2718E-08   184
 1.0000E-03 5.5185E-01 1.7956E-02 1.7955E-02 4.9723E-07  1.7075E-04 4.0253E-01 5.9269E-08   184
 1.0000E-03 5.5528E-01 1.7199E-02 1.7198E-02 4.7065E-07  1.7006E-04 4.0253E-01 5.6100E-08   184
 1.0000E-03 5.5875E-01 1.6521E-02 1.6521E-02 4.4614E-07  1.6929E-04 4.0253E-01 5.3179E-08   184
 1.0000E-03 5.6226E-01 1.5903E-02 1.5903E-02 4.2343E-07  1.6847E-04 4.0253E-01 5.0471E-08   184
 1.0000E-03 5.6582E-01 1.5333E-02 1.5332E-02 4.0228E-07  1.6766E-04 4.0253E-01 4.7951E-08   184
 1.0000E-03 5.6943E-01 1.4805E-02 1.4804E-02 3.8244E-07  1.6694E-04 4.0253E-01 4.5586E-08   184
 1.0000E-03 5.7308E-01 1.4325E-02 1.4325E-02 3.6377E-07  1.6623E-04 4.0253E-01 4.3360E-08   184
 1.0000E-03 5.7677E-01 1.3902E-02 1.3901E-02 3.4618E-07  1.6544E-04 4.0253E-01 4.1264E-08   184
 1.0000E-03 5.8052E-01 1.3541E-02 1.3541E-02 3.2964E-07  1.6458E-04 4.0253E-01 3.9293E-08   184
 1.0000E-03 5.8431E-01 1.3248E-02 1.3247E-02 3.1416E-07  1.6373E-04 4.0253E-01 3.7447E-08   184
 1.0000E-03 5.8816E-01 1.3015E-02 1.3015E-02 2.9973E-07  1.6313E-04 4.0253E-01 3.5727E-08   184
 1.0000E-03 5.9205E-01 1.2836E-02 1.2836E-02 2.8630E-07  1.6256E-04 4.0253E-01 3.4126E-08   184
 1.0000E-03 5.9600E-01 1.2713E-02 1.2712E-02 2.7381E-07  1.6175E-04 4.0253E-01 3.2638E-08   184
 1.0000E-03 6.0000E-01 1.2652E-02 1.2651E-02 2.6232E-07  1.6124E-04 4.0253E-01 3.1269E-08   184
