 DDSCAT --- DDSCAT 7.3.3 [22.01.20]   
 TARGET --->TARGSPHER  spherical target with explicit spacing                 
 GPFAFT --- method of solution 
 FLTRCD --- prescription for polarizabilities
 FROM_FILE --- shape 
    4169 = NAT0 = number of dipoles
 ../../diel/Pena-Rioux_dielectric_26Au_74Ag                  
 ../../diel/Pena-Rioux_dielectric_52Au_48Ag                  
 ../../diel/Pena-Rioux_dielectric_85Au_15Ag                  
   0.000   0.000 = beta_min, beta_max ;  NBETA = 1
   0.000   0.000 = theta_min, theta_max; NTHETA= 1
   0.000   0.000 = phi_min, phi_max   ;   NPHI = 1
 Results averaged over    1 target orientations
                   and  2 incident polarizations
   aeff       wave       Q_pha       Q_pol       Q_cpol
 1.0000E-03 3.0000E-01  2.1019E-02 -2.2352E-08  3.9116E-08
 1.0000E-03 3.0101E-01  2.0821E-02  7.4506E-08  3.1665E-08
 1.0000E-03 3.0203E-01  2.0618E-02  2.0117E-07  1.4901E-08
 1.0000E-03 3.0305E-01  2.0410E-02 -7.4506E-08 -3.3528E-08
 1.0000E-03 3.0408E-01  2.0198E-02  0.0000E+00 -1.4901E-08
 1.0000E-03 3.0512E-01  1.9981E-02 -1.1921E-07 -2.6077E-08
 1.0000E-03 3.0616E-01  1.9759E-02  7.4506E-08  3.7253E-08
 1.0000E-03 3.0722E-01  1.9532E-02  2.9802E-08  2.4214E-08
 1.0000E-03 3.0828E-01  1.9304E-02  1.4156E-07 -3.7253E-09
 1.0000E-03 3.0934E-01  1.9089E-02 -7.4506E-08 -5.0291E-08
 1.0000E-03 3.1042E-01  1.8869E-02  6.7055E-08  2.2352E-08
 1.0000E-03 3.1150E-01  1.8645E-02 -6.7055E-08 -5.7742E-08
 1.0000E-03 3.1259E-01  1.8416E-02  2.0117E-07  2.4214E-08
 1.0000E-03 3.1368E-01  1.8182E-02 -1.5646E-07 -5.0291E-08
 1.0000E-03 3.1479E-01  1.7944E-02  1.0431E-07  1.3039E-08
 1.0000E-03 3.1590E-01  1.7700E-02 -1.1921E-07  1.4901E-08
 1.0000E-03 3.1702E-01  1.7451E-02  8.9407E-08 -1.8626E-08
 1.0000E-03 3.1815E-01  1.7197E-02 -1.4901E-07 -9.3132E-09
 1.0000E-03 3.1929E-01  1.6934E-02  1.4156E-07  5.0291E-08
 1.0000E-03 3.2043E-01  1.6660E-02 -2.9802E-08 -2.2352E-08
 1.0000E-03 3.2158E-01  1.6375E-02 -1.4156E-07  1.1176E-08
 1.0000E-03 3.2274E-01  1.6078E-02 -3.7253E-08 -1.6764E-08
 1.0000E-03 3.2391E-01  1.5770E-02  1.4901E-08  7.4506E-09
 1.0000E-03 3.2509E-01  1.5450E-02 -4.4703E-08 -2.6077E-08
 1.0000E-03 3.2628E-01  1.5117E-02 -1.7136E-07  0.0000E+00
 1.0000E-03 3.2747E-01  1.4734E-02  2.2352E-08  6.5193E-09
 1.0000E-03 3.2868E-01  1.4339E-02 -1.4901E-07 -2.8871E-08
 1.0000E-03 3.2989E-01  1.3932E-02 -1.2666E-07  2.1420E-08
 1.0000E-03 3.3111E-01  1.3513E-02  5.9605E-08 -2.7940E-09
 1.0000E-03 3.3234E-01  1.3081E-02 -1.1176E-07  1.7695E-08
 1.0000E-03 3.3358E-01  1.2634E-02 -5.2154E-08  6.5193E-09
 1.0000E-03 3.3483E-01  1.2173E-02  2.5332E-07  6.5193E-09
 1.0000E-03 3.3609E-01  1.1698E-02 -2.2352E-08  1.1176E-08
 1.0000E-03 3.3736E-01  1.1220E-02 -6.7055E-08  5.5879E-09
 1.0000E-03 3.3864E-01  1.0736E-02 -1.2666E-07 -1.8626E-09
 1.0000E-03 3.3992E-01  1.0248E-02 -2.0117E-07  5.5879E-09
 1.0000E-03 3.4122E-01  9.7541E-03 -5.9605E-08 -1.6764E-08
 1.0000E-03 3.4253E-01  9.2534E-03 -2.3842E-07  1.9558E-08
 1.0000E-03 3.4385E-01  8.7449E-03  1.4901E-08 -2.3283E-08
 1.0000E-03 3.4517E-01  8.2360E-03 -1.4156E-07  4.3772E-08
 1.0000E-03 3.4651E-01  7.7374E-03 -7.4506E-08 -1.3970E-09
 1.0000E-03 3.4786E-01  7.2412E-03  8.1956E-08 -6.9849E-09
 1.0000E-03 3.4922E-01  6.7470E-03 -1.3411E-07 -1.2573E-08
 1.0000E-03 3.5059E-01  6.2548E-03  1.4901E-08 -5.5879E-09
 1.0000E-03 3.5197E-01  5.7642E-03  3.7253E-08 -9.3132E-10
 1.0000E-03 3.5336E-01  5.2752E-03 -1.1176E-07  8.3819E-09
 1.0000E-03 3.5476E-01  4.7967E-03 -7.4506E-08 -1.1176E-08
 1.0000E-03 3.5618E-01  4.3284E-03  7.4506E-09 -2.0489E-08
 1.0000E-03 3.5760E-01  3.8678E-03 -1.4156E-07 -6.0536E-09
 1.0000E-03 3.5904E-01  3.4157E-03  2.2352E-08  1.1642E-09
 1.0000E-03 3.6048E-01  2.9728E-03 -2.2352E-08  2.3283E-10
 1.0000E-03 3.6194E-01  2.5401E-03 -7.4506E-09 -2.5611E-09
 1.0000E-03 3.6341E-01  2.1206E-03  5.9605E-08  2.7940E-09
 1.0000E-03 3.6490E-01  1.7196E-03  5.9605E-08  4.1910E-09
 1.0000E-03 3.6639E-01  1.3326E-03  5.2154E-08 -2.6776E-09
 1.0000E-03 3.6790E-01  9.6126E-04 -6.7055E-08 -2.7940E-09
 1.0000E-03 3.6942E-01  6.0754E-04  0.0000E+00 -1.1059E-09
 1.0000E-03 3.7095E-01  2.7378E-04  5.2154E-08  4.8021E-09
 1.0000E-03 3.7250E-01 -3.6375E-05  6.7055E-08  5.1150E-09
 1.0000E-03 3.7406E-01 -3.2146E-04  2.2352E-08 -4.4238E-09
 1.0000E-03 3.7563E-01 -5.8376E-04  1.2666E-07  1.5134E-09
 1.0000E-03 3.7722E-01 -8.1978E-04  1.8626E-07 -4.4238E-09
 1.0000E-03 3.7881E-01 -1.0258E-03  2.2352E-08 -2.3283E-10
 1.0000E-03 3.8043E-01 -1.1975E-03  1.7881E-07  1.8510E-08
 1.0000E-03 3.8205E-01 -1.3303E-03  7.4506E-08 -6.0769E-08
 1.0000E-03 3.8369E-01 -1.4276E-03  1.1176E-07  6.5425E-08
 1.0000E-03 3.8534E-01 -1.4857E-03 -1.9372E-07  5.0990E-08
 1.0000E-03 3.8701E-01 -1.4979E-03 -5.8115E-07 -3.6135E-07
 1.0000E-03 3.8870E-01 -1.4576E-03 -1.1846E-06 -4.0233E-07
 1.0000E-03 3.9039E-01 -1.3575E-03  3.6508E-07 -3.4808E-08
 1.0000E-03 3.9211E-01 -1.1982E-03  8.9407E-08 -7.3458E-08
 1.0000E-03 3.9383E-01 -9.7421E-04 -5.9605E-08 -5.9023E-07
 1.0000E-03 3.9558E-01 -6.7459E-04  2.9802E-07  2.0425E-07
 1.0000E-03 3.9733E-01 -2.8985E-04 -4.3213E-07  7.0079E-07
 1.0000E-03 3.9911E-01  1.9292E-04  3.2783E-07 -4.2096E-07
 1.0000E-03 4.0090E-01  7.7830E-04 -6.5565E-07  2.5786E-08
 1.0000E-03 4.0270E-01  1.4784E-03 -1.3411E-07 -3.7253E-09
 1.0000E-03 4.0452E-01  2.3084E-03  2.6822E-07  1.5367E-08
 1.0000E-03 4.0636E-01  3.2858E-03  2.0862E-07 -6.1467E-08
 1.0000E-03 4.0822E-01  4.4288E-03 -5.8115E-07 -4.9686E-07
 1.0000E-03 4.1009E-01  5.7509E-03 -1.4901E-08 -7.1246E-08
 1.0000E-03 4.1198E-01  7.2701E-03  3.4273E-07  1.7975E-07
 1.0000E-03 4.1389E-01  9.0064E-03 -1.0580E-06  0.0000E+00
 1.0000E-03 4.1581E-01  1.0977E-02 -7.4506E-08 -2.8871E-08
 1.0000E-03 4.1776E-01  1.3196E-02  1.3411E-07 -1.2107E-08
 1.0000E-03 4.1972E-01  1.5664E-02 -2.0862E-07  2.2911E-07
 1.0000E-03 4.2170E-01  1.8380E-02 -1.3411E-07 -2.6077E-08
 1.0000E-03 4.2370E-01  2.1330E-02 -2.2352E-07  2.2165E-07
 1.0000E-03 4.2571E-01  2.4487E-02  5.0664E-07  3.3528E-08
 1.0000E-03 4.2775E-01  2.7811E-02 -3.2783E-07  5.6624E-07
 1.0000E-03 4.2981E-01  3.1257E-02 -1.4901E-08  6.3330E-07
 1.0000E-03 4.3188E-01  3.4782E-02  4.9174E-07 -5.2154E-08
 1.0000E-03 4.3398E-01  3.8338E-02 -3.4273E-07  1.4901E-08
 1.0000E-03 4.3610E-01  4.1881E-02 -2.2352E-07 -9.3132E-08
 1.0000E-03 4.3824E-01  4.5366E-02 -2.9802E-08 -5.2154E-08
 1.0000E-03 4.4039E-01  4.8764E-02 -8.9407E-08  7.4506E-09
 1.0000E-03 4.4257E-01  5.2040E-02  2.9802E-08  0.0000E+00
 1.0000E-03 4.4478E-01  5.5158E-02 -7.4506E-08  6.7055E-08
 1.0000E-03 4.4700E-01  5.8096E-02 -2.2352E-07  2.2352E-08
 1.0000E-03 4.4925E-01  6.0833E-02  4.0233E-07  3.0547E-07
 1.0000E-03 4.5152E-01  6.3349E-02  1.4901E-08  1.4156E-07
 1.0000E-03 4.5381E-01  6.5635E-02  4.4703E-08  3.7253E-08
 1.0000E-03 4.5612E-01  6.7699E-02 -1.6391E-07  1.4901E-08
 1.0000E-03 4.5846E-01  6.9548E-02  2.9802E-07 -7.4506E-09
 1.0000E-03 4.6082E-01  7.1195E-02  4.1723E-07  3.7253E-08
 1.0000E-03 4.6321E-01  7.2659E-02  1.0431E-07 -2.9802E-08
 1.0000E-03 4.6563E-01  7.3970E-02 -1.4901E-07 -8.9407E-08
 1.0000E-03 4.6806E-01  7.5140E-02 -1.3411E-07  1.3411E-07
 1.0000E-03 4.7053E-01  7.6188E-02 -2.2352E-07 -1.4901E-08
 1.0000E-03 4.7302E-01  7.7129E-02  2.4587E-07  2.3842E-07
 1.0000E-03 4.7553E-01  7.7963E-02 -3.7253E-08 -7.4506E-08
 1.0000E-03 4.7807E-01  7.8685E-02 -8.9407E-08 -5.9605E-08
 1.0000E-03 4.8065E-01  7.9290E-02 -5.9605E-08  9.6858E-08
 1.0000E-03 4.8324E-01  7.9765E-02 -2.0117E-07  2.2352E-08
 1.0000E-03 4.8587E-01  8.0084E-02  4.4703E-08  1.0431E-07
 1.0000E-03 4.8852E-01  8.0236E-02 -1.9372E-07 -1.4901E-07
 1.0000E-03 4.9121E-01  8.0210E-02 -2.1607E-07  1.7136E-07
 1.0000E-03 4.9392E-01  7.9987E-02 -2.8312E-07  1.6391E-07
 1.0000E-03 4.9667E-01  7.9567E-02 -4.4703E-08  0.0000E+00
 1.0000E-03 4.9944E-01  7.8952E-02 -2.4587E-07 -2.1607E-07
 1.0000E-03 5.0225E-01  7.8146E-02  4.4703E-08  1.1176E-07
 1.0000E-03 5.0508E-01  7.7166E-02 -4.4703E-08  1.7136E-07
 1.0000E-03 5.0795E-01  7.6033E-02  4.2841E-07  7.4506E-08
 1.0000E-03 5.1086E-01  7.4766E-02 -1.0058E-07  2.6822E-07
 1.0000E-03 5.1379E-01  7.3399E-02  3.9488E-07 -2.2352E-08
 1.0000E-03 5.1676E-01  7.1955E-02  1.3039E-07 -1.5646E-07
 1.0000E-03 5.1977E-01  7.0457E-02 -3.9861E-07 -4.8429E-07
 1.0000E-03 5.2281E-01  6.8933E-02 -1.7509E-07 -1.7136E-07
 1.0000E-03 5.2588E-01  6.7398E-02 -1.0617E-07  7.4506E-08
 1.0000E-03 5.2899E-01  6.5865E-02  1.6205E-07  1.4901E-08
 1.0000E-03 5.3214E-01  6.4350E-02 -2.4214E-08 -1.4901E-08
 1.0000E-03 5.3533E-01  6.2861E-02 -3.7253E-09 -5.2154E-08
 1.0000E-03 5.3855E-01  6.1409E-02  5.1409E-07 -2.4959E-07
 1.0000E-03 5.4182E-01  6.0003E-02 -5.9605E-08 -1.2293E-07
 1.0000E-03 5.4512E-01  5.8654E-02  5.8673E-07  8.1956E-08
 1.0000E-03 5.4847E-01  5.7369E-02 -6.9477E-07  1.3411E-07
 1.0000E-03 5.5185E-01  5.6149E-02  4.3400E-07 -1.7136E-07
 1.0000E-03 5.5528E-01  5.4997E-02  9.4809E-07 -9.0525E-07
 1.0000E-03 5.5875E-01  5.3906E-02  1.5181E-06  3.3528E-07
 1.0000E-03 5.6226E-01  5.2868E-02 -6.4261E-07 -3.5390E-07
 1.0000E-03 5.6582E-01  5.1877E-02 -8.8476E-07  4.4703E-08
 1.0000E-03 5.6943E-01  5.0921E-02  8.6613E-08 -4.5449E-07
 1.0000E-03 5.7308E-01  4.9996E-02 -1.6885E-06  3.5390E-07
 1.0000E-03 5.7677E-01  4.9099E-02  6.6310E-07  1.8999E-07
 1.0000E-03 5.8052E-01  4.8230E-02  8.6054E-07 -3.6135E-07
 1.0000E-03 5.8431E-01  4.7396E-02  2.0890E-06 -3.6135E-07
 1.0000E-03 5.8816E-01  4.6600E-02 -8.8476E-08 -1.5274E-07
 1.0000E-03 5.9205E-01  4.5843E-02 -1.1437E-06 -8.9407E-08
 1.0000E-03 5.9600E-01  4.5126E-02  1.0962E-06 -9.9093E-07
 1.0000E-03 6.0000E-01  4.4457E-02 -7.1432E-07  3.6135E-07
