 DDSCAT --- DDSCAT 7.3.3 [22.01.20]   
 TARGET --->TARGSPHER  spherical target with explicit spacing                 
 GPFAFT --- method of solution 
 FLTRCD --- prescription for polarizabilities
 FROM_FILE --- shape 
    4169 = NAT0 = number of dipoles
 ../../diel/Pena-Rioux_dielectric_26Au_74Ag                  
 ../../diel/Pena-Rioux_dielectric_52Au_48Ag                  
 ../../diel/Pena-Rioux_dielectric_65Au_35Ag                  
 ../../diel/Pena-Rioux_dielectric_92Au_8Ag                   
   0.000   0.000 = beta_min, beta_max ;  NBETA = 1
   0.000   0.000 = theta_min, theta_max; NTHETA= 1
   0.000   0.000 = phi_min, phi_max   ;   NPHI = 1
 Results averaged over    1 target orientations
                   and  2 incident polarizations
   aeff       wave       Q_pha       Q_pol       Q_cpol
 8.0000E-02 3.0000E-01 -1.8606E-01  0.0000E+00  4.4703E-08
 8.0000E-02 3.0101E-01 -1.8474E-01  1.1921E-06 -7.0035E-07
 8.0000E-02 3.0203E-01 -1.8351E-01 -5.0068E-06 -2.9802E-07
 8.0000E-02 3.0305E-01 -1.8237E-01  8.5831E-06 -5.0664E-07
 8.0000E-02 3.0408E-01 -1.8132E-01  2.3842E-07 -6.2585E-07
 8.0000E-02 3.0512E-01 -1.8038E-01  4.0531E-06  4.4703E-07
 8.0000E-02 3.0616E-01 -1.7954E-01 -3.8147E-06  3.1292E-07
 8.0000E-02 3.0722E-01 -1.7881E-01  4.0531E-06  5.9605E-08
 8.0000E-02 3.0828E-01 -1.7819E-01  7.1526E-07  2.6822E-07
 8.0000E-02 3.0934E-01 -1.7768E-01 -9.5367E-07 -1.4901E-08
 8.0000E-02 3.1042E-01 -1.7727E-01 -4.7684E-06  1.1921E-07
 8.0000E-02 3.1150E-01 -1.7697E-01 -5.2452E-06  8.9407E-08
 8.0000E-02 3.1259E-01 -1.7679E-01 -6.1989E-06  4.4703E-08
 8.0000E-02 3.1368E-01 -1.7672E-01 -2.6226E-06  4.4703E-08
 8.0000E-02 3.1479E-01 -1.7678E-01 -5.7220E-06  1.0431E-07
 8.0000E-02 3.1590E-01 -1.7697E-01 -2.8610E-06  1.0431E-07
 8.0000E-02 3.1702E-01 -1.7729E-01  4.7684E-07  2.8312E-07
 8.0000E-02 3.1815E-01 -1.7755E-01 -1.9073E-06  4.4703E-08
 8.0000E-02 3.1929E-01 -1.7796E-01  4.2915E-06  3.7253E-07
 8.0000E-02 3.2043E-01 -1.7856E-01  5.9605E-06 -2.0862E-07
 8.0000E-02 3.2158E-01 -1.7937E-01  4.5300E-06  2.9802E-08
 8.0000E-02 3.2274E-01 -1.8039E-01 -4.2915E-06 -4.6194E-07
 8.0000E-02 3.2391E-01 -1.8164E-01 -2.6226E-06 -1.4901E-07
 8.0000E-02 3.2509E-01 -1.8313E-01 -3.3379E-06 -1.6391E-07
 8.0000E-02 3.2628E-01 -1.8486E-01 -5.9605E-06  1.4901E-07
 8.0000E-02 3.2747E-01 -1.8714E-01  2.8610E-06  4.9174E-07
 8.0000E-02 3.2868E-01 -1.8979E-01 -5.4836E-06 -1.9372E-07
 8.0000E-02 3.2989E-01 -1.9281E-01  1.6689E-06  7.3016E-07
 8.0000E-02 3.3111E-01 -1.9622E-01  5.4836E-06  4.4703E-07
 8.0000E-02 3.3234E-01 -2.0003E-01 -1.1921E-06 -2.5332E-07
 8.0000E-02 3.3358E-01 -2.0427E-01 -3.8147E-06  1.4901E-07
 8.0000E-02 3.3483E-01 -2.0894E-01  3.5763E-06 -2.9802E-07
 8.0000E-02 3.3609E-01 -2.1422E-01 -9.5367E-07 -1.7881E-07
 8.0000E-02 3.3736E-01 -2.2006E-01  2.3842E-06  7.4506E-08
 8.0000E-02 3.3864E-01 -2.2626E-01 -1.4305E-06 -1.5348E-06
 8.0000E-02 3.3992E-01 -2.3284E-01 -2.3842E-06 -4.4703E-07
 8.0000E-02 3.4122E-01 -2.3981E-01  1.6689E-06  1.4901E-08
 8.0000E-02 3.4253E-01 -2.4715E-01 -6.1989E-06  1.3858E-06
 8.0000E-02 3.4385E-01 -2.5488E-01 -2.3842E-06  8.6427E-07
 8.0000E-02 3.4517E-01 -2.6291E-01  4.7684E-07  9.8348E-07
 8.0000E-02 3.4651E-01 -2.7105E-01  2.3842E-07 -1.4901E-07
 8.0000E-02 3.4786E-01 -2.7938E-01 -3.5763E-06  5.9605E-08
 8.0000E-02 3.4922E-01 -2.8787E-01 -7.1526E-07 -1.7881E-07
 8.0000E-02 3.5059E-01 -2.9652E-01  6.9141E-06 -1.0729E-06
 8.0000E-02 3.5197E-01 -3.0533E-01  0.0000E+00  2.6822E-07
 8.0000E-02 3.5336E-01 -3.1429E-01 -3.0994E-06  6.8545E-07
 8.0000E-02 3.5476E-01 -3.2323E-01 -5.4836E-06  1.1027E-06
 8.0000E-02 3.5618E-01 -3.3214E-01 -4.7684E-07 -1.3411E-06
 8.0000E-02 3.5760E-01 -3.4106E-01  7.8678E-06  4.0829E-06
 8.0000E-02 3.5904E-01 -3.5000E-01  1.0729E-05  3.5465E-06
 8.0000E-02 3.6048E-01 -3.5892E-01  2.6226E-06 -5.9605E-06
 8.0000E-02 3.6194E-01 -3.6783E-01 -9.2983E-06 -1.7881E-06
 8.0000E-02 3.6341E-01 -3.7668E-01 -8.8215E-06  1.4305E-06
 8.0000E-02 3.6490E-01 -3.8542E-01 -1.9073E-06  2.8908E-06
 8.0000E-02 3.6639E-01 -3.9412E-01 -4.7684E-07  1.3113E-06
 8.0000E-02 3.6790E-01 -4.0275E-01 -2.3842E-06  2.2054E-06
 8.0000E-02 3.6942E-01 -4.1132E-01 -9.5367E-06  1.6987E-06
 8.0000E-02 3.7095E-01 -4.1982E-01  7.1526E-06  2.9206E-06
 8.0000E-02 3.7250E-01 -4.2823E-01  3.3379E-06 -2.7716E-06
 8.0000E-02 3.7406E-01 -4.3654E-01 -2.1458E-05 -4.0829E-06
 8.0000E-02 3.7563E-01 -4.4482E-01 -1.3590E-05 -2.7716E-06
 8.0000E-02 3.7722E-01 -4.5305E-01 -2.1458E-06  0.0000E+00
 8.0000E-02 3.7881E-01 -4.6124E-01  4.5300E-06 -5.9605E-07
 8.0000E-02 3.8043E-01 -4.6938E-01 -1.9073E-06  3.2783E-07
 8.0000E-02 3.8205E-01 -4.7745E-01 -7.1526E-06  2.9802E-07
 8.0000E-02 3.8369E-01 -4.8554E-01 -3.0994E-06 -4.7684E-07
 8.0000E-02 3.8534E-01 -4.9365E-01  7.8678E-06 -1.7285E-06
 8.0000E-02 3.8701E-01 -5.0179E-01  1.4305E-06 -1.7881E-07
 8.0000E-02 3.8870E-01 -5.0994E-01  1.6451E-05  8.1658E-06
 8.0000E-02 3.9039E-01 -5.1810E-01 -1.6689E-06 -8.3447E-07
 8.0000E-02 3.9211E-01 -5.2640E-01  3.8147E-06 -1.3113E-06
 8.0000E-02 3.9383E-01 -5.3479E-01 -1.4305E-06  1.5497E-06
 8.0000E-02 3.9558E-01 -5.4327E-01 -2.1458E-06  1.0729E-06
 8.0000E-02 3.9733E-01 -5.5182E-01  1.4305E-06 -1.7881E-07
 8.0000E-02 3.9911E-01 -5.6045E-01  2.0266E-05  1.7881E-06
 8.0000E-02 4.0090E-01 -5.6928E-01 -8.5831E-06 -1.7881E-07
 8.0000E-02 4.0270E-01 -5.7820E-01 -4.2915E-06 -1.8477E-06
 8.0000E-02 4.0452E-01 -5.8716E-01  5.9605E-06  3.5763E-07
 8.0000E-02 4.0636E-01 -5.9614E-01 -2.1458E-05 -3.1590E-06
 8.0000E-02 4.0822E-01 -6.0510E-01 -5.9605E-06  2.3842E-07
 8.0000E-02 4.1009E-01 -6.1409E-01 -4.7684E-06 -1.3113E-06
 8.0000E-02 4.1198E-01 -6.2291E-01  6.9141E-06 -1.2517E-06
 8.0000E-02 4.1389E-01 -6.3152E-01 -6.6757E-06  1.7285E-06
 8.0000E-02 4.1581E-01 -6.3986E-01 -1.0252E-05 -1.7881E-06
 8.0000E-02 4.1776E-01 -6.4792E-01 -1.0490E-05  3.0994E-06
 8.0000E-02 4.1972E-01 -6.5550E-01  2.6226E-06  4.1723E-07
 8.0000E-02 4.2170E-01 -6.6252E-01 -1.0014E-05 -3.3379E-06
 8.0000E-02 4.2370E-01 -6.6895E-01  3.0994E-06 -1.0133E-06
 8.0000E-02 4.2571E-01 -6.7472E-01 -1.4305E-05  7.7486E-07
 8.0000E-02 4.2775E-01 -6.7970E-01 -7.3910E-06  1.0133E-06
 8.0000E-02 4.2981E-01 -6.8368E-01 -2.1458E-06 -4.7684E-07
 8.0000E-02 4.3188E-01 -6.8660E-01  6.1989E-06 -1.0729E-06
 8.0000E-02 4.3398E-01 -6.8832E-01 -3.0994E-06  2.5034E-06
 8.0000E-02 4.3610E-01 -6.8863E-01  3.5763E-06 -2.3842E-07
 8.0000E-02 4.3824E-01 -6.8720E-01 -2.1458E-06  4.3511E-06
 8.0000E-02 4.4039E-01 -6.8394E-01  1.9073E-06  1.8477E-06
 8.0000E-02 4.4257E-01 -6.7862E-01  7.6294E-06 -2.4438E-06
 8.0000E-02 4.4478E-01 -6.7098E-01  1.4782E-05 -1.4901E-06
 8.0000E-02 4.4700E-01 -6.6083E-01 -2.3842E-06  1.5497E-06
 8.0000E-02 4.4925E-01 -6.4812E-01  1.4305E-05 -2.1458E-06
 8.0000E-02 4.5152E-01 -6.3270E-01 -4.2915E-06 -2.9802E-06
 8.0000E-02 4.5381E-01 -6.1444E-01 -1.0014E-05  5.9605E-07
 8.0000E-02 4.5612E-01 -5.9338E-01 -1.0014E-05  7.7486E-06
 8.0000E-02 4.5846E-01 -5.6962E-01  6.1989E-06  1.6093E-06
 8.0000E-02 4.6082E-01 -5.4319E-01 -9.5367E-07  4.7684E-07
 8.0000E-02 4.6321E-01 -5.1424E-01 -9.0599E-06  7.6294E-06
 8.0000E-02 4.6563E-01 -4.8310E-01 -5.7220E-06  5.7518E-06
 8.0000E-02 4.6806E-01 -4.5010E-01  5.7220E-06  2.9206E-06
 8.0000E-02 4.7053E-01 -4.1554E-01  3.8147E-06  2.0087E-05
 8.0000E-02 4.7302E-01 -3.7983E-01  0.0000E+00  7.5996E-06
 8.0000E-02 4.7553E-01 -3.4343E-01  3.7193E-05  7.0035E-06
 8.0000E-02 4.7807E-01 -3.0665E-01  1.8120E-05 -1.2636E-05
 8.0000E-02 4.8065E-01 -2.6981E-01  1.3828E-05  2.9206E-06
 8.0000E-02 4.8324E-01 -2.3318E-01 -2.3842E-06 -2.9504E-06
 8.0000E-02 4.8587E-01 -1.9682E-01 -6.1989E-06 -2.5034E-06
 8.0000E-02 4.8852E-01 -1.6075E-01 -2.8610E-06  1.4901E-08
 8.0000E-02 4.9121E-01 -1.2496E-01  1.2398E-05  4.7758E-06
 8.0000E-02 4.9392E-01 -8.9277E-02 -7.1526E-06 -2.3223E-05
 8.0000E-02 4.9667E-01 -5.3538E-02 -1.5259E-05  9.6485E-07
 8.0000E-02 4.9944E-01 -1.7634E-02 -2.0981E-05 -7.2625E-06
 8.0000E-02 5.0225E-01  1.8681E-02  5.8651E-05  1.6708E-06
 8.0000E-02 5.0508E-01  5.5596E-02  2.3842E-06 -8.8923E-06
 8.0000E-02 5.0795E-01  9.3171E-02 -2.0504E-05 -4.9546E-06
 8.0000E-02 5.1086E-01  1.3156E-01  3.7670E-05 -2.6301E-05
 8.0000E-02 5.1379E-01  1.7063E-01 -3.0518E-05  4.2170E-06
 8.0000E-02 5.1676E-01  2.1016E-01  1.4305E-06 -1.6615E-05
 8.0000E-02 5.1977E-01  2.4982E-01  8.5831E-06 -7.6741E-06
 8.0000E-02 5.2281E-01  2.8896E-01  6.1989E-06 -7.2420E-06
 8.0000E-02 5.2588E-01  3.2695E-01  1.9073E-06  1.3441E-05
 8.0000E-02 5.2899E-01  3.6293E-01 -1.0014E-05  2.9802E-08
 8.0000E-02 5.3214E-01  3.9606E-01  1.2875E-05  1.2726E-05
 8.0000E-02 5.3533E-01  4.2561E-01  1.4305E-06 -1.6570E-05
 8.0000E-02 5.3855E-01  4.5102E-01 -2.3842E-06  2.6852E-05
 8.0000E-02 5.4182E-01  4.7183E-01  1.4305E-06  1.3292E-05
 8.0000E-02 5.4512E-01  4.8795E-01 -3.2425E-05 -2.5362E-05
 8.0000E-02 5.4847E-01  4.9981E-01 -3.6240E-05 -4.8876E-06
 8.0000E-02 5.5185E-01  5.0823E-01 -1.1444E-05 -5.8413E-06
 8.0000E-02 5.5528E-01  5.1411E-01 -2.3842E-05  1.9133E-05
 8.0000E-02 5.5875E-01  5.1826E-01  1.1444E-05  2.3544E-05
 8.0000E-02 5.6226E-01  5.2126E-01  2.3842E-06  1.5914E-05
 8.0000E-02 5.6582E-01  5.2340E-01  1.2398E-05  2.3365E-05
 8.0000E-02 5.6943E-01  5.2461E-01  7.6294E-06  2.8014E-06
 8.0000E-02 5.7308E-01  5.2458E-01  6.0081E-05  1.6868E-05
 8.0000E-02 5.7677E-01  5.2304E-01 -4.6730E-05 -1.4901E-06
 8.0000E-02 5.8052E-01  5.1982E-01 -1.1444E-05  5.2452E-06
 8.0000E-02 5.8431E-01  5.1506E-01 -1.1015E-04 -3.8207E-05
 8.0000E-02 5.8816E-01  5.0838E-01 -5.2452E-06 -2.0087E-05
 8.0000E-02 5.9205E-01  4.9900E-01 -2.2411E-05 -3.8594E-05
 8.0000E-02 5.9600E-01  4.8598E-01 -9.3460E-05 -1.8954E-05
 8.0000E-02 6.0000E-01  4.6861E-01  1.1444E-05 -3.8981E-05
