 DDSCAT --- DDSCAT 7.3.3 [22.01.20]   
 TARGET --->TARGSPHER  spherical target with explicit spacing                 
 GPFAFT --- method of solution 
 GKDLDR --- prescription for polarizabilities
 FROM_FILE --- shape 
    4169 = NAT0 = number of dipoles
 ../../diel/Pena-Rioux_dielectric_26Au_74Ag                  
 ../../diel/Pena-Rioux_dielectric_65Au_35Ag                  
 ../../diel/Au_evap                                          
   0.000   0.000 = beta_min, beta_max ;  NBETA = 1
   0.000   0.000 = theta_min, theta_max; NTHETA= 1
   0.000   0.000 = phi_min, phi_max   ;   NPHI = 1
 Results averaged over    1 target orientations
                   and  2 incident polarizations
   aeff       wave       Q_pha       Q_pol       Q_cpol
 4.0000E-02 3.0000E-01 -1.4003E-02 -5.0068E-06 -6.7987E-08
 4.0000E-02 3.0101E-01 -1.2869E-02  4.0531E-06 -1.2107E-08
 4.0000E-02 3.0203E-01 -1.2473E-02 -2.3842E-06  5.7742E-08
 4.0000E-02 3.0305E-01 -1.2258E-02  4.7684E-07 -2.8871E-08
 4.0000E-02 3.0408E-01 -1.2229E-02  2.6226E-06 -3.9116E-08
 4.0000E-02 3.0512E-01 -1.2394E-02  4.5300E-06  2.1420E-08
 4.0000E-02 3.0616E-01 -1.2764E-02 -4.2915E-06 -2.7008E-08
 4.0000E-02 3.0722E-01 -1.3338E-02 -2.6226E-06 -3.6322E-08
 4.0000E-02 3.0828E-01 -1.4098E-02  3.5763E-06  4.0047E-08
 4.0000E-02 3.0934E-01 -1.4939E-02  2.6226E-06 -1.8626E-08
 4.0000E-02 3.1042E-01 -1.5934E-02  3.5763E-06  4.2841E-08
 4.0000E-02 3.1150E-01 -1.6521E-02 -3.5763E-06 -1.3039E-08
 4.0000E-02 3.1259E-01 -1.7103E-02 -2.3842E-06 -3.1665E-08
 4.0000E-02 3.1368E-01 -1.7876E-02 -4.7684E-07  7.4506E-09
 4.0000E-02 3.1479E-01 -1.8877E-02 -7.3910E-06  2.6077E-08
 4.0000E-02 3.1590E-01 -2.0097E-02  5.9605E-06 -4.6566E-08
 4.0000E-02 3.1702E-01 -2.1542E-02 -7.1526E-06 -2.9802E-08
 4.0000E-02 3.1815E-01 -2.2836E-02  3.3379E-06 -1.1176E-08
 4.0000E-02 3.1929E-01 -2.4366E-02  1.1921E-06  2.4214E-08
 4.0000E-02 3.2043E-01 -2.6246E-02 -4.7684E-07  5.5879E-08
 4.0000E-02 3.2158E-01 -2.9674E-02  0.0000E+00  6.3330E-08
 4.0000E-02 3.2274E-01 -3.3356E-02 -1.1921E-06  7.4506E-09
 4.0000E-02 3.2391E-01 -3.7300E-02  3.0994E-06 -2.2352E-08
 4.0000E-02 3.2509E-01 -4.1514E-02 -9.5367E-07  4.8429E-08
 4.0000E-02 3.2628E-01 -4.6007E-02 -6.6757E-06  4.0978E-08
 4.0000E-02 3.2747E-01 -5.1297E-02 -5.0068E-06 -1.2293E-07
 4.0000E-02 3.2868E-01 -5.7015E-02  6.1989E-06 -3.7253E-08
 4.0000E-02 3.2989E-01 -6.3149E-02  2.3842E-07 -4.4703E-08
 4.0000E-02 3.3111E-01 -6.9714E-02 -2.6226E-06  7.4506E-08
 4.0000E-02 3.3234E-01 -7.6012E-02 -2.8610E-06 -4.4703E-08
 4.0000E-02 3.3358E-01 -8.2327E-02  5.0068E-06 -4.4703E-08
 4.0000E-02 3.3483E-01 -8.8977E-02 -3.0994E-06 -7.4506E-08
 4.0000E-02 3.3609E-01 -9.6123E-02  2.3842E-07 -1.0431E-07
 4.0000E-02 3.3736E-01 -1.0368E-01 -5.2452E-06 -8.1956E-08
 4.0000E-02 3.3864E-01 -1.1143E-01  9.5367E-07 -3.1292E-07
 4.0000E-02 3.3992E-01 -1.1941E-01  9.5367E-07  5.9605E-08
 4.0000E-02 3.4122E-01 -1.2760E-01  1.9073E-06  1.9372E-07
 4.0000E-02 3.4253E-01 -1.3601E-01  9.5367E-07  2.9802E-08
 4.0000E-02 3.4385E-01 -1.4456E-01 -2.1458E-06 -2.0862E-07
 4.0000E-02 3.4517E-01 -1.5339E-01 -1.1921E-06 -2.8312E-07
 4.0000E-02 3.4651E-01 -1.6230E-01 -2.3842E-07 -2.9802E-07
 4.0000E-02 3.4786E-01 -1.7141E-01 -2.3842E-07  2.0862E-07
 4.0000E-02 3.4922E-01 -1.8071E-01  2.3842E-07  1.1921E-07
 4.0000E-02 3.5059E-01 -1.9022E-01 -2.1458E-06 -1.3411E-07
 4.0000E-02 3.5197E-01 -1.9994E-01  6.1989E-06 -1.0431E-07
 4.0000E-02 3.5336E-01 -2.0988E-01 -2.6226E-06  8.9407E-08
 4.0000E-02 3.5476E-01 -2.2015E-01 -2.3842E-06  7.4506E-08
 4.0000E-02 3.5618E-01 -2.3081E-01 -2.1458E-06  2.9802E-08
 4.0000E-02 3.5760E-01 -2.4159E-01 -4.5300E-06  2.6822E-07
 4.0000E-02 3.5904E-01 -2.5250E-01 -1.4305E-06  3.8743E-07
 4.0000E-02 3.6048E-01 -2.6355E-01 -2.3842E-07 -4.1723E-07
 4.0000E-02 3.6194E-01 -2.7474E-01 -9.5367E-07  3.2783E-07
 4.0000E-02 3.6341E-01 -2.8604E-01  2.1458E-06  4.7684E-07
 4.0000E-02 3.6490E-01 -2.9739E-01 -1.9073E-06  2.6822E-07
 4.0000E-02 3.6639E-01 -3.0882E-01  6.4373E-06  3.2783E-07
 4.0000E-02 3.6790E-01 -3.2032E-01 -1.1921E-06  2.6822E-07
 4.0000E-02 3.6942E-01 -3.3179E-01  7.1526E-07  2.6822E-07
 4.0000E-02 3.7095E-01 -3.4325E-01 -5.9605E-06  6.2585E-07
 4.0000E-02 3.7250E-01 -3.5470E-01 -7.6294E-06  2.0862E-07
 4.0000E-02 3.7406E-01 -3.6606E-01 -1.9073E-06  1.4007E-06
 4.0000E-02 3.7563E-01 -3.7736E-01  2.1458E-06  5.0664E-07
 4.0000E-02 3.7722E-01 -3.8864E-01 -5.0068E-06 -3.5763E-07
 4.0000E-02 3.7881E-01 -3.9982E-01  4.7684E-07  4.1723E-07
 4.0000E-02 3.8043E-01 -4.1091E-01 -6.4373E-06  1.5497E-06
 4.0000E-02 3.8205E-01 -4.2172E-01 -3.3379E-05 -9.8348E-06
 4.0000E-02 3.8369E-01 -4.3212E-01 -9.5367E-06 -3.3677E-06
 4.0000E-02 3.8534E-01 -4.4247E-01  1.0014E-05  8.0466E-07
 4.0000E-02 3.8701E-01 -4.5273E-01 -2.0266E-05  9.7454E-06
 4.0000E-02 3.8870E-01 -4.6291E-01 -2.8610E-06  5.3644E-07
 4.0000E-02 3.9039E-01 -4.7295E-01  5.4836E-06  2.2948E-06
 4.0000E-02 3.9211E-01 -4.8283E-01  2.8610E-06 -6.8545E-07
 4.0000E-02 3.9383E-01 -4.9257E-01  3.0994E-06 -6.5565E-07
 4.0000E-02 3.9558E-01 -5.0212E-01  9.5367E-07 -1.1921E-07
 4.0000E-02 3.9733E-01 -5.1145E-01  7.1526E-07  1.6093E-06
 4.0000E-02 3.9911E-01 -5.2093E-01 -2.1458E-06  5.8413E-06
 4.0000E-02 4.0090E-01 -5.3015E-01  3.3379E-06 -1.6093E-06
 4.0000E-02 4.0270E-01 -5.3909E-01 -1.1921E-06  1.4305E-06
 4.0000E-02 4.0452E-01 -5.4770E-01  4.5300E-06  3.2783E-06
 4.0000E-02 4.0636E-01 -5.5589E-01  2.1458E-06  1.4901E-06
 4.0000E-02 4.0822E-01 -5.6362E-01  0.0000E+00  2.3842E-07
 4.0000E-02 4.1009E-01 -5.7087E-01 -1.4067E-05 -4.7088E-06
 4.0000E-02 4.1198E-01 -5.7758E-01 -4.7684E-06 -4.8876E-06
 4.0000E-02 4.1389E-01 -5.8349E-01 -1.4305E-06  2.9802E-07
 4.0000E-02 4.1581E-01 -5.8835E-01  0.0000E+00 -2.2054E-06
 4.0000E-02 4.1776E-01 -5.9247E-01 -3.8147E-06  5.4836E-06
 4.0000E-02 4.1972E-01 -5.9583E-01 -8.5831E-06  7.1526E-07
 4.0000E-02 4.2170E-01 -5.9827E-01  3.8147E-06  7.7486E-07
 4.0000E-02 4.2370E-01 -5.9967E-01  4.7684E-07 -1.6093E-06
 4.0000E-02 4.2571E-01 -5.9989E-01 -6.1989E-06  9.5367E-07
 4.0000E-02 4.2775E-01 -5.9876E-01  2.3842E-06  5.9605E-07
 4.0000E-02 4.2981E-01 -5.9614E-01 -8.5831E-06 -1.1921E-07
 4.0000E-02 4.3188E-01 -5.9227E-01 -4.7684E-06  1.6093E-06
 4.0000E-02 4.3398E-01 -5.8677E-01  1.5736E-05 -8.3447E-07
 4.0000E-02 4.3610E-01 -5.7927E-01  0.0000E+00  0.0000E+00
 4.0000E-02 4.3824E-01 -5.6960E-01 -5.7220E-06  5.3644E-07
 4.0000E-02 4.4039E-01 -5.5778E-01  7.6294E-06  2.9206E-06
 4.0000E-02 4.4257E-01 -5.4370E-01  5.7220E-06 -1.5497E-06
 4.0000E-02 4.4478E-01 -5.2725E-01  7.1526E-06 -8.9407E-07
 4.0000E-02 4.4700E-01 -5.0840E-01  8.1062E-06 -1.9670E-06
 4.0000E-02 4.4925E-01 -4.8712E-01 -1.2398E-05 -7.1526E-07
 4.0000E-02 4.5152E-01 -4.6314E-01  7.1526E-06  8.9407E-08
 4.0000E-02 4.5381E-01 -4.3613E-01 -4.2915E-06  2.0862E-07
 4.0000E-02 4.5612E-01 -4.0634E-01  1.7643E-05 -3.0100E-06
 4.0000E-02 4.5846E-01 -3.7366E-01 -6.6757E-06  2.9802E-08
 4.0000E-02 4.6082E-01 -3.3796E-01  1.4305E-06  1.0729E-06
 4.0000E-02 4.6321E-01 -2.9913E-01 -1.4305E-06 -1.0729E-06
 4.0000E-02 4.6563E-01 -2.5717E-01 -2.8610E-06 -1.1027E-06
 4.0000E-02 4.6806E-01 -2.1208E-01  7.1526E-06  1.8775E-06
 4.0000E-02 4.7053E-01 -1.6389E-01  5.2452E-06  2.4587E-06
 4.0000E-02 4.7302E-01 -1.1419E-01  4.7684E-06 -9.3877E-07
 4.0000E-02 4.7553E-01 -6.2346E-02  8.5831E-06  2.1979E-07
 4.0000E-02 4.7807E-01 -7.7814E-03  1.0014E-05  8.9896E-06
 4.0000E-02 4.8065E-01  4.9193E-02  3.4809E-05  9.5293E-06
 4.0000E-02 4.8324E-01  1.0821E-01  1.1921E-05  1.6227E-05
 4.0000E-02 4.8587E-01  1.6888E-01  3.3379E-06 -1.0043E-05
 4.0000E-02 4.8852E-01  2.3089E-01 -9.0599E-06 -5.1707E-06
 4.0000E-02 4.9121E-01  2.9396E-01 -2.3365E-05 -3.8445E-06
 4.0000E-02 4.9392E-01  3.5796E-01 -1.3351E-05  3.6955E-06
 4.0000E-02 4.9667E-01  4.2319E-01 -1.0490E-05  1.6183E-05
 4.0000E-02 4.9944E-01  4.9156E-01 -4.3392E-05 -4.5002E-06
 4.0000E-02 5.0225E-01  5.6431E-01  1.0490E-05  5.3644E-07
 4.0000E-02 5.0508E-01  6.4265E-01 -1.2398E-05 -1.1325E-06
 4.0000E-02 5.0795E-01  7.2783E-01  2.3842E-06  2.1458E-06
 4.0000E-02 5.1086E-01  8.2112E-01  2.4319E-05  1.5497E-06
 4.0000E-02 5.1379E-01  9.2372E-01  1.8120E-05 -2.3246E-06
 4.0000E-02 5.1676E-01  1.0364E+00  8.1062E-06  6.6757E-06
 4.0000E-02 5.1977E-01  1.1595E+00  9.0599E-06  2.5034E-06
 4.0000E-02 5.2281E-01  1.2895E+00  1.2875E-05 -5.7220E-06
 4.0000E-02 5.2588E-01  1.4196E+00 -2.0981E-05  1.3113E-06
 4.0000E-02 5.2899E-01  1.5473E+00 -1.4782E-05  1.6689E-06
 4.0000E-02 5.3214E-01  1.6702E+00 -9.5367E-07 -8.9407E-06
 4.0000E-02 5.3533E-01  1.7863E+00 -7.1526E-06  7.9870E-06
 4.0000E-02 5.3855E-01  1.8938E+00  0.0000E+00 -2.9802E-06
 4.0000E-02 5.4182E-01  1.9913E+00 -8.5831E-06  4.2915E-06
 4.0000E-02 5.4512E-01  2.0778E+00 -9.5367E-07  7.3910E-06
 4.0000E-02 5.4847E-01  2.1525E+00  9.0599E-06  7.3910E-06
 4.0000E-02 5.5185E-01  2.2166E+00  7.1526E-06 -5.7220E-06
 4.0000E-02 5.5528E-01  2.2702E+00 -2.8610E-06 -3.5763E-06
 4.0000E-02 5.5875E-01  2.3132E+00 -4.7684E-07  5.0068E-06
 4.0000E-02 5.6226E-01  2.3461E+00 -6.6757E-06 -1.1921E-06
 4.0000E-02 5.6582E-01  2.3693E+00  8.1062E-06  0.0000E+00
 4.0000E-02 5.6943E-01  2.3836E+00 -7.1526E-07  1.5020E-05
 4.0000E-02 5.7308E-01  2.3901E+00 -6.3896E-05 -2.6226E-05
 4.0000E-02 5.7677E-01  2.3899E+00  8.1062E-06 -2.1696E-05
 4.0000E-02 5.8052E-01  2.3837E+00  1.8120E-05 -1.4544E-05
 4.0000E-02 5.8431E-01  2.3716E+00  2.0266E-05  1.5974E-05
 4.0000E-02 5.8816E-01  2.3541E+00 -3.6240E-05  1.1444E-05
 4.0000E-02 5.9205E-01  2.3319E+00 -9.5367E-07  4.7684E-07
 4.0000E-02 5.9600E-01  2.3056E+00  3.1710E-05 -2.2411E-05
 4.0000E-02 6.0000E-01  2.2761E+00 -2.6226E-06  3.0994E-06
