 DDSCAT --- DDSCAT 7.3.3 [22.01.20]   
 TARGET --->TARGSPHER  spherical target with explicit spacing                 
 GPFAFT --- method of solution 
 FLTRCD --- prescription for polarizabilities
 FROM_FILE --- shape 
    4169 = NAT0 = number of dipoles
 ../../diel/Pena-Rioux_dielectric_26Au_74Ag                  
 ../../diel/Pena-Rioux_dielectric_65Au_35Ag                  
 ../../diel/Pena-Rioux_dielectric_85Au_15Ag                  
 ../../diel/Au_evap                                          
   0.000   0.000 = beta_min, beta_max ;  NBETA = 1
   0.000   0.000 = theta_min, theta_max; NTHETA= 1
   0.000   0.000 = phi_min, phi_max   ;   NPHI = 1
 Results averaged over    1 target orientations
                   and  2 incident polarizations
   aeff       wave       Q_pha       Q_pol       Q_cpol
 4.0000E-02 3.0000E-01 -2.0387E-02 -2.8610E-06  7.6368E-08
 4.0000E-02 3.0101E-01 -1.9228E-02 -2.8610E-06 -5.4017E-08
 4.0000E-02 3.0203E-01 -1.8360E-02 -1.4305E-06  2.9802E-08
 4.0000E-02 3.0305E-01 -1.7657E-02  1.4305E-06 -1.4901E-08
 4.0000E-02 3.0408E-01 -1.7126E-02 -7.1526E-07  2.4214E-08
 4.0000E-02 3.0512E-01 -1.6771E-02 -1.4305E-06 -1.1548E-07
 4.0000E-02 3.0616E-01 -1.6600E-02  4.7684E-07 -5.4017E-08
 4.0000E-02 3.0722E-01 -1.6616E-02  1.4305E-06 -1.8626E-08
 4.0000E-02 3.0828E-01 -1.6797E-02  2.1458E-06  7.6368E-08
 4.0000E-02 3.0934E-01 -1.7036E-02  2.8610E-06 -5.5879E-09
 4.0000E-02 3.1042E-01 -1.7419E-02  1.1921E-06 -2.7940E-08
 4.0000E-02 3.1150E-01 -1.7815E-02 -1.6689E-06  6.8918E-08
 4.0000E-02 3.1259E-01 -1.8324E-02 -6.1989E-06 -1.8626E-09
 4.0000E-02 3.1368E-01 -1.9003E-02 -1.9073E-06  3.5390E-08
 4.0000E-02 3.1479E-01 -1.9856E-02 -2.3842E-07 -6.3330E-08
 4.0000E-02 3.1590E-01 -2.0887E-02  0.0000E+00  2.2352E-08
 4.0000E-02 3.1702E-01 -2.2101E-02  1.9073E-06 -2.4214E-08
 4.0000E-02 3.1815E-01 -2.3124E-02 -4.5300E-06  8.3819E-08
 4.0000E-02 3.1929E-01 -2.4355E-02  0.0000E+00  3.9116E-08
 4.0000E-02 3.2043E-01 -2.5883E-02 -2.8610E-06 -1.4901E-08
 4.0000E-02 3.2158E-01 -2.7988E-02 -1.4305E-06  6.7055E-08
 4.0000E-02 3.2274E-01 -3.0381E-02  1.6689E-06 -1.0431E-07
 4.0000E-02 3.2391E-01 -3.3073E-02 -1.6689E-06 -1.1176E-08
 4.0000E-02 3.2509E-01 -3.6072E-02 -4.5300E-06  1.8626E-08
 4.0000E-02 3.2628E-01 -3.9389E-02  1.9073E-06 -2.2352E-08
 4.0000E-02 3.2747E-01 -4.3580E-02  4.0531E-06  1.1176E-08
 4.0000E-02 3.2868E-01 -4.8254E-02  9.5367E-07 -5.2154E-08
 4.0000E-02 3.2989E-01 -5.3403E-02  3.0994E-06  7.4506E-09
 4.0000E-02 3.3111E-01 -5.9040E-02 -7.1526E-07 -1.3039E-07
 4.0000E-02 3.3234E-01 -6.5021E-02 -2.3842E-07 -7.4506E-08
 4.0000E-02 3.3358E-01 -7.1422E-02 -6.4373E-06 -2.2352E-08
 4.0000E-02 3.3483E-01 -7.8329E-02  1.1921E-06  5.9605E-08
 4.0000E-02 3.3609E-01 -8.5955E-02 -2.8610E-06  2.2352E-08
 4.0000E-02 3.3736E-01 -9.4216E-02 -2.1458E-06 -1.4901E-08
 4.0000E-02 3.3864E-01 -1.0287E-01  4.7684E-07  1.8626E-07
 4.0000E-02 3.3992E-01 -1.1194E-01 -9.5367E-07  9.6858E-08
 4.0000E-02 3.4122E-01 -1.2142E-01 -5.4836E-06  1.6391E-07
 4.0000E-02 3.4253E-01 -1.3133E-01 -2.1458E-06  2.2352E-07
 4.0000E-02 3.4385E-01 -1.4169E-01  4.7684E-06 -1.3411E-07
 4.0000E-02 3.4517E-01 -1.5243E-01 -5.2452E-06  2.0862E-07
 4.0000E-02 3.4651E-01 -1.6333E-01  1.9073E-06 -1.3411E-07
 4.0000E-02 3.4786E-01 -1.7447E-01 -2.6226E-06  1.4901E-08
 4.0000E-02 3.4922E-01 -1.8586E-01 -4.0531E-06  1.0431E-07
 4.0000E-02 3.5059E-01 -1.9750E-01  7.1526E-07 -2.5332E-07
 4.0000E-02 3.5197E-01 -2.0939E-01 -3.5763E-06 -2.0862E-07
 4.0000E-02 3.5336E-01 -2.2156E-01  3.0994E-06 -1.1921E-07
 4.0000E-02 3.5476E-01 -2.3384E-01 -3.3379E-06  7.4506E-08
 4.0000E-02 3.5618E-01 -2.4622E-01 -1.9073E-06 -4.4703E-07
 4.0000E-02 3.5760E-01 -2.5869E-01 -9.5367E-07 -4.4703E-07
 4.0000E-02 3.5904E-01 -2.7127E-01  3.8147E-06  3.2783E-07
 4.0000E-02 3.6048E-01 -2.8396E-01 -1.9073E-06  1.4901E-07
 4.0000E-02 3.6194E-01 -2.9675E-01 -7.1526E-07 -7.7486E-07
 4.0000E-02 3.6341E-01 -3.0960E-01  2.1458E-06 -1.4901E-07
 4.0000E-02 3.6490E-01 -3.2238E-01  1.6689E-06  5.6624E-07
 4.0000E-02 3.6639E-01 -3.3519E-01 -5.0068E-06  3.8743E-07
 4.0000E-02 3.6790E-01 -3.4800E-01 -3.3379E-06  5.9605E-08
 4.0000E-02 3.6942E-01 -3.6082E-01 -4.7684E-07  2.9802E-08
 4.0000E-02 3.7095E-01 -3.7363E-01 -3.0994E-06  3.5763E-07
 4.0000E-02 3.7250E-01 -3.8642E-01  3.0994E-06 -2.3842E-07
 4.0000E-02 3.7406E-01 -3.9912E-01  7.1526E-07  0.0000E+00
 4.0000E-02 3.7563E-01 -4.1181E-01  2.3842E-06 -3.2783E-07
 4.0000E-02 3.7722E-01 -4.2447E-01 -3.5763E-06 -5.9605E-07
 4.0000E-02 3.7881E-01 -4.3709E-01  6.1989E-06  2.9802E-07
 4.0000E-02 3.8043E-01 -4.4967E-01 -3.0994E-06  9.8348E-07
 4.0000E-02 3.8205E-01 -4.6215E-01 -5.4836E-06 -4.4703E-07
 4.0000E-02 3.8369E-01 -4.7455E-01  6.1989E-06  2.3842E-07
 4.0000E-02 3.8534E-01 -4.8695E-01  5.0068E-06  9.5367E-07
 4.0000E-02 3.8701E-01 -4.9933E-01 -9.5367E-07  5.0664E-07
 4.0000E-02 3.8870E-01 -5.1167E-01 -6.1989E-06  5.9605E-07
 4.0000E-02 3.9039E-01 -5.2394E-01  5.7220E-06  2.1458E-06
 4.0000E-02 3.9211E-01 -5.3616E-01  1.0014E-05 -1.0133E-06
 4.0000E-02 3.9383E-01 -5.4839E-01 -1.1921E-05  4.0531E-06
 4.0000E-02 3.9558E-01 -5.6061E-01  1.8120E-05 -1.5497E-06
 4.0000E-02 3.9733E-01 -5.7279E-01  5.2452E-06 -5.9605E-08
 4.0000E-02 3.9911E-01 -5.8491E-01  5.9605E-06 -3.5763E-07
 4.0000E-02 4.0090E-01 -5.9696E-01  3.5763E-06 -5.9605E-07
 4.0000E-02 4.0270E-01 -6.0900E-01  2.3842E-07 -3.5763E-07
 4.0000E-02 4.0452E-01 -6.2094E-01  2.3842E-06 -3.5763E-07
 4.0000E-02 4.0636E-01 -6.3272E-01  0.0000E+00  5.9605E-07
 4.0000E-02 4.0822E-01 -6.4425E-01 -2.6226E-06 -4.7684E-07
 4.0000E-02 4.1009E-01 -6.5560E-01 -2.3842E-07  1.1921E-07
 4.0000E-02 4.1198E-01 -6.6665E-01  8.5831E-06  2.8014E-06
 4.0000E-02 4.1389E-01 -6.7722E-01 -1.1921E-06  3.5763E-07
 4.0000E-02 4.1581E-01 -6.8715E-01 -3.3379E-06 -7.7486E-07
 4.0000E-02 4.1776E-01 -6.9631E-01 -4.2915E-06 -6.5565E-07
 4.0000E-02 4.1972E-01 -7.0475E-01 -3.0994E-06  1.1921E-06
 4.0000E-02 4.2170E-01 -7.1209E-01 -7.3910E-06 -6.5565E-07
 4.0000E-02 4.2370E-01 -7.1819E-01  5.4836E-06  9.5367E-07
 4.0000E-02 4.2571E-01 -7.2297E-01  1.0252E-05 -3.5167E-06
 4.0000E-02 4.2775E-01 -7.2638E-01  1.4544E-05  3.5167E-06
 4.0000E-02 4.2981E-01 -7.2830E-01 -1.2159E-05 -1.9670E-06
 4.0000E-02 4.3188E-01 -7.2866E-01 -7.1526E-06 -7.7486E-07
 4.0000E-02 4.3398E-01 -7.2745E-01  1.9073E-06 -1.1921E-06
 4.0000E-02 4.3610E-01 -7.2463E-01  1.7166E-05 -4.7684E-06
 4.0000E-02 4.3824E-01 -7.1991E-01 -1.0967E-05 -1.1325E-06
 4.0000E-02 4.4039E-01 -7.1323E-01  7.1526E-06  1.1921E-07
 4.0000E-02 4.4257E-01 -7.0439E-01  1.2875E-05  4.5300E-06
 4.0000E-02 4.4478E-01 -6.9317E-01 -1.0490E-05 -2.5034E-06
 4.0000E-02 4.4700E-01 -6.7913E-01 -1.1444E-05 -1.4901E-06
 4.0000E-02 4.4925E-01 -6.6186E-01  0.0000E+00  1.4305E-06
 4.0000E-02 4.5152E-01 -6.4085E-01  4.7684E-07  3.1590E-06
 4.0000E-02 4.5381E-01 -6.1538E-01  1.3828E-05 -5.5432E-06
 4.0000E-02 4.5612E-01 -5.8464E-01 -1.6212E-05  4.2915E-06
 4.0000E-02 4.5846E-01 -5.4785E-01  1.4782E-05  1.5497E-06
 4.0000E-02 4.6082E-01 -5.0409E-01 -1.0014E-05  1.7285E-06
 4.0000E-02 4.6321E-01 -4.5238E-01 -2.3842E-06 -4.9770E-06
 4.0000E-02 4.6563E-01 -3.9181E-01  1.0967E-05 -1.2219E-06
 4.0000E-02 4.6806E-01 -3.2179E-01  9.5367E-07 -2.3842E-07
 4.0000E-02 4.7053E-01 -2.4172E-01  1.2398E-05 -3.8743E-06
 4.0000E-02 4.7302E-01 -1.5128E-01  1.2398E-05  4.7684E-07
 4.0000E-02 4.7553E-01 -5.0959E-02  1.7166E-05 -3.0473E-06
 4.0000E-02 4.7807E-01  5.8592E-02  1.3351E-05  2.8864E-05
 4.0000E-02 4.8065E-01  1.7640E-01  1.2398E-05  1.5020E-05
 4.0000E-02 4.8324E-01  3.0097E-01 -1.9073E-05 -1.5467E-05
 4.0000E-02 4.8587E-01  4.3029E-01  1.5736E-05  3.7253E-06
 4.0000E-02 4.8852E-01  5.6242E-01 -3.8147E-06  8.9407E-06
 4.0000E-02 4.9121E-01  6.9518E-01 -2.7180E-05 -1.0431E-05
 4.0000E-02 4.9392E-01  8.2640E-01 -3.8147E-06  6.2585E-06
 4.0000E-02 4.9667E-01  9.5342E-01  2.8610E-06 -1.4305E-06
 4.0000E-02 4.9944E-01  1.0739E+00 -2.3842E-06  4.2915E-06
 4.0000E-02 5.0225E-01  1.1887E+00  6.3896E-05 -6.3181E-06
 4.0000E-02 5.0508E-01  1.2973E+00 -2.9564E-05 -6.6757E-06
 4.0000E-02 5.0795E-01  1.3989E+00  5.7220E-06 -1.6689E-05
 4.0000E-02 5.1086E-01  1.4934E+00  1.1921E-05  1.7881E-06
 4.0000E-02 5.1379E-01  1.5812E+00  3.5763E-05  1.8239E-05
 4.0000E-02 5.1676E-01  1.6632E+00 -4.1008E-05 -2.7418E-06
 4.0000E-02 5.1977E-01  1.7407E+00 -1.9073E-06  6.0797E-06
 4.0000E-02 5.2281E-01  1.8189E+00  2.8610E-06 -3.8147E-06
 4.0000E-02 5.2588E-01  1.8951E+00  2.2888E-05 -5.4836E-06
 4.0000E-02 5.2899E-01  1.9665E+00  3.0041E-05  1.1086E-05
 4.0000E-02 5.3214E-01  2.0321E+00 -3.2425E-05 -4.5300E-06
 4.0000E-02 5.3533E-01  2.0906E+00  3.1471E-05  1.1683E-05
 4.0000E-02 5.3855E-01  2.1405E+00 -2.3842E-06 -5.0068E-06
 4.0000E-02 5.4182E-01  2.1810E+00  2.6226E-05  4.0531E-06
 4.0000E-02 5.4512E-01  2.2117E+00  0.0000E+00  1.0252E-05
 4.0000E-02 5.4847E-01  2.2329E+00 -4.7684E-07 -4.5061E-05
 4.0000E-02 5.5185E-01  2.2458E+00 -2.8133E-05  2.1458E-06
 4.0000E-02 5.5528E-01  2.2524E+00 -3.3379E-05 -1.6689E-05
 4.0000E-02 5.5875E-01  2.2536E+00  7.1526E-07 -8.3447E-06
 4.0000E-02 5.6226E-01  2.2502E+00  2.5749E-05  3.6955E-05
 4.0000E-02 5.6582E-01  2.2428E+00 -3.3140E-05 -1.6689E-05
 4.0000E-02 5.6943E-01  2.2315E+00 -2.3842E-05 -1.5497E-05
 4.0000E-02 5.7308E-01  2.2162E+00  8.1062E-06  6.9141E-06
 4.0000E-02 5.7677E-01  2.1966E+00 -1.0014E-05  6.4373E-06
 4.0000E-02 5.8052E-01  2.1726E+00 -1.0490E-05 -2.3842E-06
 4.0000E-02 5.8431E-01  2.1439E+00  1.0252E-05  8.3447E-06
 4.0000E-02 5.8816E-01  2.1117E+00  2.3842E-06  1.3590E-05
 4.0000E-02 5.9205E-01  2.0772E+00  2.3365E-05  7.1526E-06
 4.0000E-02 5.9600E-01  2.0420E+00 -4.7684E-07  1.7405E-05
 4.0000E-02 6.0000E-01  2.0072E+00 -1.5497E-05 -2.3842E-07
