 DDSCAT --- DDSCAT 7.3.3 [22.01.20]   
 TARGET --->TARGSPHER  spherical target with explicit spacing                 
 GPFAFT --- method of solution 
 FLTRCD --- prescription for polarizabilities
 FROM_FILE --- shape 
    4169 = NAT0 = number of dipoles
 ../../diel/Pena-Rioux_dielectric_26Au_74Ag                  
 ../../diel/Pena-Rioux_dielectric_34Au_66Ag                  
 ../../diel/Pena-Rioux_dielectric_76Au_24Ag                  
 ../../diel/Au_evap                                          
   0.000   0.000 = beta_min, beta_max ;  NBETA = 1
   0.000   0.000 = theta_min, theta_max; NTHETA= 1
   0.000   0.000 = phi_min, phi_max   ;   NPHI = 1
 0.5000 = ETASCA (param. controlling # of scatt. dirs used to calculate <cos> etc.
 Results averaged over    1 target orientations
                   and  2 incident polarizations
   aeff       wave       Q_ext     Q_abs      Q_sca     g(1)=<cos>  <cos^2>    Q_bk       Nsca
 8.0000E-02 3.0000E-01 2.7312E+00 1.5391E+00 1.1921E+00  6.5343E-01 6.1723E-01 2.5538E-02   656
 8.0000E-02 3.0101E-01 2.7269E+00 1.5403E+00 1.1866E+00  6.5302E-01 6.1608E-01 2.5403E-02   656
 8.0000E-02 3.0203E-01 2.7224E+00 1.5414E+00 1.1810E+00  6.5257E-01 6.1491E-01 2.5261E-02   656
 8.0000E-02 3.0305E-01 2.7179E+00 1.5425E+00 1.1754E+00  6.5212E-01 6.1372E-01 2.5102E-02   656
 8.0000E-02 3.0408E-01 2.7131E+00 1.5435E+00 1.1697E+00  6.5166E-01 6.1251E-01 2.4924E-02   656
 8.0000E-02 3.0512E-01 2.7082E+00 1.5444E+00 1.1639E+00  6.5120E-01 6.1128E-01 2.4729E-02   656
 8.0000E-02 3.0616E-01 2.7031E+00 1.5452E+00 1.1579E+00  6.5073E-01 6.1004E-01 2.4515E-02   656
 8.0000E-02 3.0722E-01 2.6979E+00 1.5460E+00 1.1519E+00  6.5026E-01 6.0879E-01 2.4285E-02   656
 8.0000E-02 3.0828E-01 2.6925E+00 1.5467E+00 1.1459E+00  6.4978E-01 6.0751E-01 2.4039E-02   656
 8.0000E-02 3.0934E-01 2.6872E+00 1.5473E+00 1.1400E+00  6.4926E-01 6.0620E-01 2.3788E-02   656
 8.0000E-02 3.1042E-01 2.6818E+00 1.5478E+00 1.1341E+00  6.4871E-01 6.0488E-01 2.3525E-02   656
 8.0000E-02 3.1150E-01 2.6762E+00 1.5482E+00 1.1280E+00  6.4818E-01 6.0354E-01 2.3239E-02   656
 8.0000E-02 3.1259E-01 2.6704E+00 1.5486E+00 1.1218E+00  6.4764E-01 6.0217E-01 2.2939E-02   656
 8.0000E-02 3.1368E-01 2.6646E+00 1.5489E+00 1.1157E+00  6.4707E-01 6.0079E-01 2.2630E-02   656
 8.0000E-02 3.1479E-01 2.6586E+00 1.5491E+00 1.1095E+00  6.4646E-01 5.9938E-01 2.2312E-02   656
 8.0000E-02 3.1590E-01 2.6525E+00 1.5491E+00 1.1033E+00  6.4582E-01 5.9794E-01 2.1986E-02   656
 8.0000E-02 3.1702E-01 2.6462E+00 1.5491E+00 1.0972E+00  6.4514E-01 5.9649E-01 2.1653E-02   656
 8.0000E-02 3.1815E-01 2.6398E+00 1.5489E+00 1.0909E+00  6.4442E-01 5.9500E-01 2.1312E-02   656
 8.0000E-02 3.1929E-01 2.6332E+00 1.5486E+00 1.0846E+00  6.4365E-01 5.9349E-01 2.0968E-02   656
 8.0000E-02 3.2043E-01 2.6266E+00 1.5482E+00 1.0784E+00  6.4283E-01 5.9195E-01 2.0620E-02   656
 8.0000E-02 3.2158E-01 2.6200E+00 1.5476E+00 1.0725E+00  6.4189E-01 5.9037E-01 2.0294E-02   657
 8.0000E-02 3.2274E-01 2.6134E+00 1.5468E+00 1.0666E+00  6.4089E-01 5.8878E-01 1.9964E-02   657
 8.0000E-02 3.2391E-01 2.6066E+00 1.5459E+00 1.0606E+00  6.3993E-01 5.8726E-01 1.9632E-02   602
 8.0000E-02 3.2509E-01 2.5996E+00 1.5449E+00 1.0548E+00  6.3884E-01 5.8561E-01 1.9298E-02   602
 8.0000E-02 3.2628E-01 2.5926E+00 1.5437E+00 1.0489E+00  6.3768E-01 5.8394E-01 1.8964E-02   602
 8.0000E-02 3.2747E-01 2.5850E+00 1.5422E+00 1.0429E+00  6.3648E-01 5.8224E-01 1.8623E-02   602
 8.0000E-02 3.2868E-01 2.5775E+00 1.5405E+00 1.0370E+00  6.3521E-01 5.8052E-01 1.8290E-02   602
 8.0000E-02 3.2989E-01 2.5701E+00 1.5387E+00 1.0314E+00  6.3387E-01 5.7878E-01 1.7965E-02   602
 8.0000E-02 3.3111E-01 2.5628E+00 1.5367E+00 1.0261E+00  6.3245E-01 5.7701E-01 1.7651E-02   602
 8.0000E-02 3.3234E-01 2.5554E+00 1.5346E+00 1.0209E+00  6.3098E-01 5.7522E-01 1.7335E-02   603
 8.0000E-02 3.3358E-01 2.5481E+00 1.5322E+00 1.0159E+00  6.2945E-01 5.7340E-01 1.7024E-02   603
 8.0000E-02 3.3483E-01 2.5409E+00 1.5298E+00 1.0112E+00  6.2784E-01 5.7156E-01 1.6726E-02   603
 8.0000E-02 3.3609E-01 2.5343E+00 1.5271E+00 1.0072E+00  6.2611E-01 5.6969E-01 1.6452E-02   603
 8.0000E-02 3.3736E-01 2.5284E+00 1.5245E+00 1.0040E+00  6.2427E-01 5.6779E-01 1.6207E-02   604
 8.0000E-02 3.3864E-01 2.5231E+00 1.5217E+00 1.0014E+00  6.2232E-01 5.6587E-01 1.5982E-02   604
 8.0000E-02 3.3992E-01 2.5182E+00 1.5189E+00 9.9935E-01  6.2027E-01 5.6392E-01 1.5779E-02   604
 8.0000E-02 3.4122E-01 2.5139E+00 1.5159E+00 9.9799E-01  6.1812E-01 5.6195E-01 1.5598E-02   604
 8.0000E-02 3.4253E-01 2.5102E+00 1.5129E+00 9.9731E-01  6.1586E-01 5.5996E-01 1.5443E-02   604
 8.0000E-02 3.4385E-01 2.5070E+00 1.5097E+00 9.9731E-01  6.1348E-01 5.5795E-01 1.5311E-02   604
 8.0000E-02 3.4517E-01 2.5047E+00 1.5066E+00 9.9813E-01  6.1099E-01 5.5591E-01 1.5209E-02   604
 8.0000E-02 3.4651E-01 2.5033E+00 1.5035E+00 9.9974E-01  6.0839E-01 5.5387E-01 1.5136E-02   605
 8.0000E-02 3.4786E-01 2.5025E+00 1.5004E+00 1.0021E+00  6.0569E-01 5.5181E-01 1.5091E-02   605
 8.0000E-02 3.4922E-01 2.5025E+00 1.4973E+00 1.0052E+00  6.0288E-01 5.4974E-01 1.5074E-02   605
 8.0000E-02 3.5059E-01 2.5033E+00 1.4942E+00 1.0091E+00  5.9997E-01 5.4766E-01 1.5086E-02   605
 8.0000E-02 3.5197E-01 2.5049E+00 1.4911E+00 1.0137E+00  5.9695E-01 5.4558E-01 1.5129E-02   605
 8.0000E-02 3.5336E-01 2.5072E+00 1.4880E+00 1.0192E+00  5.9382E-01 5.4348E-01 1.5202E-02   606
 8.0000E-02 3.5476E-01 2.5104E+00 1.4850E+00 1.0254E+00  5.9062E-01 5.4139E-01 1.5304E-02   606
 8.0000E-02 3.5618E-01 2.5144E+00 1.4819E+00 1.0324E+00  5.8733E-01 5.3930E-01 1.5438E-02   606
 8.0000E-02 3.5760E-01 2.5191E+00 1.4789E+00 1.0402E+00  5.8404E-01 5.3733E-01 1.5602E-02   551
 8.0000E-02 3.5904E-01 2.5246E+00 1.4759E+00 1.0488E+00  5.8057E-01 5.3524E-01 1.5799E-02   551
 8.0000E-02 3.6048E-01 2.5309E+00 1.4728E+00 1.0581E+00  5.7700E-01 5.3314E-01 1.6028E-02   551
 8.0000E-02 3.6194E-01 2.5381E+00 1.4698E+00 1.0683E+00  5.7335E-01 5.3106E-01 1.6291E-02   551
 8.0000E-02 3.6341E-01 2.5460E+00 1.4667E+00 1.0793E+00  5.6962E-01 5.2897E-01 1.6589E-02   551
 8.0000E-02 3.6490E-01 2.5547E+00 1.4636E+00 1.0911E+00  5.6579E-01 5.2688E-01 1.6923E-02   551
 8.0000E-02 3.6639E-01 2.5643E+00 1.4605E+00 1.1038E+00  5.6190E-01 5.2481E-01 1.7296E-02   551
 8.0000E-02 3.6790E-01 2.5748E+00 1.4574E+00 1.1174E+00  5.5795E-01 5.2275E-01 1.7707E-02   551
 8.0000E-02 3.6942E-01 2.5863E+00 1.4543E+00 1.1319E+00  5.5394E-01 5.2070E-01 1.8156E-02   551
 8.0000E-02 3.7095E-01 2.5987E+00 1.4513E+00 1.1474E+00  5.4987E-01 5.1867E-01 1.8647E-02   551
 8.0000E-02 3.7250E-01 2.6122E+00 1.4483E+00 1.1639E+00  5.4575E-01 5.1666E-01 1.9182E-02   551
 8.0000E-02 3.7406E-01 2.6269E+00 1.4454E+00 1.1815E+00  5.4158E-01 5.1466E-01 1.9766E-02   552
 8.0000E-02 3.7563E-01 2.6427E+00 1.4426E+00 1.2001E+00  5.3739E-01 5.1269E-01 2.0392E-02   552
 8.0000E-02 3.7722E-01 2.6597E+00 1.4400E+00 1.2197E+00  5.3320E-01 5.1074E-01 2.1060E-02   552
 8.0000E-02 3.7881E-01 2.6778E+00 1.4375E+00 1.2404E+00  5.2900E-01 5.0883E-01 2.1773E-02   552
 8.0000E-02 3.8043E-01 2.6973E+00 1.4351E+00 1.2622E+00  5.2480E-01 5.0694E-01 2.2531E-02   552
 8.0000E-02 3.8205E-01 2.7180E+00 1.4330E+00 1.2851E+00  5.2063E-01 5.0509E-01 2.3333E-02   552
 8.0000E-02 3.8369E-01 2.7400E+00 1.4311E+00 1.3089E+00  5.1648E-01 5.0326E-01 2.4172E-02   552
 8.0000E-02 3.8534E-01 2.7634E+00 1.4295E+00 1.3339E+00  5.1238E-01 5.0147E-01 2.5051E-02   552
 8.0000E-02 3.8701E-01 2.7882E+00 1.4282E+00 1.3599E+00  5.0833E-01 4.9972E-01 2.5970E-02   552
 8.0000E-02 3.8870E-01 2.8145E+00 1.4273E+00 1.3872E+00  5.0435E-01 4.9800E-01 2.6930E-02   552
 8.0000E-02 3.9039E-01 2.8423E+00 1.4268E+00 1.4156E+00  5.0043E-01 4.9632E-01 2.7929E-02   552
 8.0000E-02 3.9211E-01 2.8717E+00 1.4267E+00 1.4451E+00  4.9661E-01 4.9467E-01 2.8954E-02   552
 8.0000E-02 3.9383E-01 2.9027E+00 1.4271E+00 1.4756E+00  4.9287E-01 4.9306E-01 3.0008E-02   552
 8.0000E-02 3.9558E-01 2.9351E+00 1.4279E+00 1.5073E+00  4.8924E-01 4.9148E-01 3.1088E-02   552
 8.0000E-02 3.9733E-01 2.9693E+00 1.4292E+00 1.5401E+00  4.8570E-01 4.8992E-01 3.2193E-02   552
 8.0000E-02 3.9911E-01 3.0053E+00 1.4312E+00 1.5741E+00  4.8229E-01 4.8840E-01 3.3321E-02   552
 8.0000E-02 4.0090E-01 3.0430E+00 1.4337E+00 1.6093E+00  4.7911E-01 4.8704E-01 3.4460E-02   499
 8.0000E-02 4.0270E-01 3.0823E+00 1.4368E+00 1.6455E+00  4.7593E-01 4.8556E-01 3.5603E-02   499
 8.0000E-02 4.0452E-01 3.1234E+00 1.4406E+00 1.6829E+00  4.7287E-01 4.8410E-01 3.6744E-02   499
 8.0000E-02 4.0636E-01 3.1662E+00 1.4449E+00 1.7213E+00  4.6995E-01 4.8265E-01 3.7876E-02   499
 8.0000E-02 4.0822E-01 3.2110E+00 1.4499E+00 1.7610E+00  4.6717E-01 4.8121E-01 3.8986E-02   499
 8.0000E-02 4.1009E-01 3.2574E+00 1.4557E+00 1.8018E+00  4.6452E-01 4.7976E-01 4.0060E-02   499
 8.0000E-02 4.1198E-01 3.3057E+00 1.4620E+00 1.8437E+00  4.6203E-01 4.7830E-01 4.1081E-02   499
 8.0000E-02 4.1389E-01 3.3557E+00 1.4691E+00 1.8867E+00  4.5968E-01 4.7683E-01 4.2032E-02   499
 8.0000E-02 4.1581E-01 3.4076E+00 1.4768E+00 1.9308E+00  4.5748E-01 4.7534E-01 4.2894E-02   500
 8.0000E-02 4.1776E-01 3.4614E+00 1.4853E+00 1.9761E+00  4.5544E-01 4.7381E-01 4.3646E-02   500
 8.0000E-02 4.1972E-01 3.5170E+00 1.4945E+00 2.0225E+00  4.5355E-01 4.7223E-01 4.4271E-02   501
 8.0000E-02 4.2170E-01 3.5745E+00 1.5044E+00 2.0701E+00  4.5179E-01 4.7061E-01 4.4748E-02   501
 8.0000E-02 4.2370E-01 3.6335E+00 1.5148E+00 2.1187E+00  4.5016E-01 4.6892E-01 4.5058E-02   501
 8.0000E-02 4.2571E-01 3.6941E+00 1.5258E+00 2.1683E+00  4.4860E-01 4.6715E-01 4.5187E-02   501
 8.0000E-02 4.2775E-01 3.7559E+00 1.5371E+00 2.2188E+00  4.4710E-01 4.6530E-01 4.5124E-02   501
 8.0000E-02 4.2981E-01 3.8185E+00 1.5485E+00 2.2699E+00  4.4559E-01 4.6334E-01 4.4865E-02   501
 8.0000E-02 4.3188E-01 3.8815E+00 1.5599E+00 2.3215E+00  4.4405E-01 4.6128E-01 4.4402E-02   501
 8.0000E-02 4.3398E-01 3.9444E+00 1.5710E+00 2.3734E+00  4.4243E-01 4.5911E-01 4.3732E-02   501
 8.0000E-02 4.3610E-01 4.0068E+00 1.5815E+00 2.4253E+00  4.4069E-01 4.5682E-01 4.2856E-02   501
 8.0000E-02 4.3824E-01 4.0683E+00 1.5915E+00 2.4768E+00  4.3884E-01 4.5443E-01 4.1763E-02   501
 8.0000E-02 4.4039E-01 4.1289E+00 1.6008E+00 2.5281E+00  4.3688E-01 4.5194E-01 4.0452E-02   501
 8.0000E-02 4.4257E-01 4.1884E+00 1.6096E+00 2.5788E+00  4.3485E-01 4.4938E-01 3.8908E-02   501
 8.0000E-02 4.4478E-01 4.2471E+00 1.6181E+00 2.6290E+00  4.3276E-01 4.4675E-01 3.7128E-02   501
 8.0000E-02 4.4700E-01 4.3051E+00 1.6266E+00 2.6785E+00  4.3068E-01 4.4409E-01 3.5100E-02   501
 8.0000E-02 4.4925E-01 4.3626E+00 1.6353E+00 2.7273E+00  4.2862E-01 4.4140E-01 3.2841E-02   501
 8.0000E-02 4.5152E-01 4.4196E+00 1.6443E+00 2.7752E+00  4.2658E-01 4.3870E-01 3.0372E-02   501
 8.0000E-02 4.5381E-01 4.4759E+00 1.6538E+00 2.8222E+00  4.2454E-01 4.3599E-01 2.7730E-02   501
 8.0000E-02 4.5612E-01 4.5314E+00 1.6637E+00 2.8678E+00  4.2263E-01 4.3343E-01 2.4967E-02   452
 8.0000E-02 4.5846E-01 4.5856E+00 1.6739E+00 2.9117E+00  4.2053E-01 4.3076E-01 2.2165E-02   452
 8.0000E-02 4.6082E-01 4.6380E+00 1.6842E+00 2.9538E+00  4.1830E-01 4.2812E-01 1.9408E-02   452
 8.0000E-02 4.6321E-01 4.6879E+00 1.6942E+00 2.9937E+00  4.1588E-01 4.2551E-01 1.6785E-02   452
 8.0000E-02 4.6563E-01 4.7347E+00 1.7036E+00 3.0311E+00  4.1322E-01 4.2294E-01 1.4390E-02   452
 8.0000E-02 4.6806E-01 4.7780E+00 1.7120E+00 3.0660E+00  4.1025E-01 4.2041E-01 1.2310E-02   452
 8.0000E-02 4.7053E-01 4.8171E+00 1.7191E+00 3.0980E+00  4.0692E-01 4.1793E-01 1.0620E-02   452
 8.0000E-02 4.7302E-01 4.8511E+00 1.7245E+00 3.1266E+00  4.0317E-01 4.1549E-01 9.3985E-03   452
 8.0000E-02 4.7553E-01 4.8796E+00 1.7279E+00 3.1518E+00  3.9896E-01 4.1311E-01 8.7250E-03   452
 8.0000E-02 4.7807E-01 4.9027E+00 1.7290E+00 3.1737E+00  3.9429E-01 4.1079E-01 8.6502E-03   452
 8.0000E-02 4.8065E-01 4.9202E+00 1.7277E+00 3.1925E+00  3.8913E-01 4.0855E-01 9.2165E-03   452
 8.0000E-02 4.8324E-01 4.9320E+00 1.7239E+00 3.2081E+00  3.8348E-01 4.0638E-01 1.0456E-02   452
 8.0000E-02 4.8587E-01 4.9383E+00 1.7173E+00 3.2210E+00  3.7732E-01 4.0428E-01 1.2393E-02   452
 8.0000E-02 4.8852E-01 4.9390E+00 1.7080E+00 3.2310E+00  3.7065E-01 4.0227E-01 1.5048E-02   452
 8.0000E-02 4.9121E-01 4.9342E+00 1.6958E+00 3.2384E+00  3.6346E-01 4.0036E-01 1.8436E-02   452
 8.0000E-02 4.9392E-01 4.9240E+00 1.6808E+00 3.2432E+00  3.5574E-01 3.9854E-01 2.2562E-02   452
 8.0000E-02 4.9667E-01 4.9092E+00 1.6634E+00 3.2458E+00  3.4760E-01 3.9687E-01 2.7373E-02   452
 8.0000E-02 4.9944E-01 4.8918E+00 1.6450E+00 3.2469E+00  3.3925E-01 3.9538E-01 3.2703E-02   452
 8.0000E-02 5.0225E-01 4.8718E+00 1.6249E+00 3.2469E+00  3.3062E-01 3.9402E-01 3.8548E-02   452
 8.0000E-02 5.0508E-01 4.8501E+00 1.6037E+00 3.2464E+00  3.2178E-01 3.9277E-01 4.4833E-02   452
 8.0000E-02 5.0795E-01 4.8275E+00 1.5816E+00 3.2459E+00  3.1283E-01 3.9165E-01 5.1479E-02   452
 8.0000E-02 5.1086E-01 4.8051E+00 1.5591E+00 3.2461E+00  3.0384E-01 3.9065E-01 5.8411E-02   452
 8.0000E-02 5.1379E-01 4.7842E+00 1.5362E+00 3.2480E+00  2.9489E-01 3.8975E-01 6.5575E-02   453
 8.0000E-02 5.1676E-01 4.7654E+00 1.5128E+00 3.2526E+00  2.8601E-01 3.8894E-01 7.2955E-02   453
 8.0000E-02 5.1977E-01 4.7496E+00 1.4887E+00 3.2608E+00  2.7722E-01 3.8821E-01 8.0575E-02   453
 8.0000E-02 5.2281E-01 4.7318E+00 1.4600E+00 3.2719E+00  2.6786E-01 3.8744E-01 8.8963E-02   453
 8.0000E-02 5.2588E-01 4.7101E+00 1.4270E+00 3.2831E+00  2.5790E-01 3.8667E-01 9.8128E-02   453
 8.0000E-02 5.2899E-01 4.6861E+00 1.3919E+00 3.2942E+00  2.4775E-01 3.8610E-01 1.0783E-01   407
 8.0000E-02 5.3214E-01 4.6594E+00 1.3548E+00 3.3046E+00  2.3718E-01 3.8547E-01 1.1802E-01   407
 8.0000E-02 5.3533E-01 4.6297E+00 1.3161E+00 3.3136E+00  2.2632E-01 3.8491E-01 1.2866E-01   407
 8.0000E-02 5.3855E-01 4.5969E+00 1.2762E+00 3.3207E+00  2.1523E-01 3.8443E-01 1.3966E-01   407
 8.0000E-02 5.4182E-01 4.5615E+00 1.2356E+00 3.3259E+00  2.0395E-01 3.8403E-01 1.5096E-01   407
 8.0000E-02 5.4512E-01 4.5241E+00 1.1948E+00 3.3294E+00  1.9255E-01 3.8372E-01 1.6251E-01   407
 8.0000E-02 5.4847E-01 4.4856E+00 1.1542E+00 3.3314E+00  1.8109E-01 3.8352E-01 1.7424E-01   408
 8.0000E-02 5.5185E-01 4.4494E+00 1.1158E+00 3.3335E+00  1.6989E-01 3.8346E-01 1.8592E-01   408
 8.0000E-02 5.5528E-01 4.4149E+00 1.0788E+00 3.3361E+00  1.5888E-01 3.8352E-01 1.9762E-01   408
 8.0000E-02 5.5875E-01 4.3827E+00 1.0436E+00 3.3391E+00  1.4817E-01 3.8369E-01 2.0923E-01   408
 8.0000E-02 5.6226E-01 4.3532E+00 1.0111E+00 3.3421E+00  1.3784E-01 3.8397E-01 2.2057E-01   408
 8.0000E-02 5.6582E-01 4.3261E+00 9.8189E-01 3.3442E+00  1.2800E-01 3.8432E-01 2.3144E-01   408
 8.0000E-02 5.6943E-01 4.3013E+00 9.5673E-01 3.3445E+00  1.1874E-01 3.8474E-01 2.4162E-01   408
 8.0000E-02 5.7308E-01 4.2777E+00 9.3640E-01 3.3413E+00  1.1011E-01 3.8519E-01 2.5087E-01   408
 8.0000E-02 5.7677E-01 4.2546E+00 9.2153E-01 3.3331E+00  1.0213E-01 3.8566E-01 2.5900E-01   408
 8.0000E-02 5.8052E-01 4.2310E+00 9.1291E-01 3.3181E+00  9.4797E-02 3.8612E-01 2.6586E-01   408
 8.0000E-02 5.8431E-01 4.2063E+00 9.1081E-01 3.2955E+00  8.8080E-02 3.8658E-01 2.7137E-01   408
 8.0000E-02 5.8816E-01 4.1814E+00 9.1494E-01 3.2664E+00  8.1954E-02 3.8702E-01 2.7567E-01   408
 8.0000E-02 5.9205E-01 4.1575E+00 9.2436E-01 3.2332E+00  7.6379E-02 3.8746E-01 2.7898E-01   408
 8.0000E-02 5.9600E-01 4.1353E+00 9.3802E-01 3.1973E+00  7.1271E-02 3.8788E-01 2.8153E-01   408
 8.0000E-02 6.0000E-01 4.1152E+00 9.5499E-01 3.1602E+00  6.6534E-02 3.8829E-01 2.8359E-01   408
