 DDSCAT --- DDSCAT 7.3.3 [22.01.20]   
 TARGET --->TARGSPHER  spherical target with explicit spacing                 
 GPFAFT --- method of solution 
 FLTRCD --- prescription for polarizabilities
 FROM_FILE --- shape 
    4169 = NAT0 = number of dipoles
 ../../diel/Pena-Rioux_dielectric_26Au_74Ag                  
 ../../diel/Pena-Rioux_dielectric_34Au_66Ag                  
 ../../diel/Pena-Rioux_dielectric_76Au_24Ag                  
 ../../diel/Au_evap                                          
   0.000   0.000 = beta_min, beta_max ;  NBETA = 1
   0.000   0.000 = theta_min, theta_max; NTHETA= 1
   0.000   0.000 = phi_min, phi_max   ;   NPHI = 1
 Results averaged over    1 target orientations
                   and  2 incident polarizations
   aeff       wave       Q_pha       Q_pol       Q_cpol
 8.0000E-02 3.0000E-01 -1.9459E-01 -3.0994E-06 -1.1921E-07
 8.0000E-02 3.0101E-01 -1.9352E-01  9.2983E-06 -5.8115E-07
 8.0000E-02 3.0203E-01 -1.9267E-01 -4.2915E-06  0.0000E+00
 8.0000E-02 3.0305E-01 -1.9195E-01  4.2915E-06  0.0000E+00
 8.0000E-02 3.0408E-01 -1.9135E-01 -2.1458E-06  5.0664E-07
 8.0000E-02 3.0512E-01 -1.9087E-01  2.6226E-06  1.4901E-07
 8.0000E-02 3.0616E-01 -1.9053E-01 -7.1526E-07  3.8743E-07
 8.0000E-02 3.0722E-01 -1.9033E-01 -3.0994E-06  1.7881E-07
 8.0000E-02 3.0828E-01 -1.9029E-01 -4.7684E-06 -5.5134E-07
 8.0000E-02 3.0934E-01 -1.9041E-01  2.3842E-06  1.0282E-06
 8.0000E-02 3.1042E-01 -1.9068E-01  4.0531E-06 -3.2783E-07
 8.0000E-02 3.1150E-01 -1.9097E-01 -1.4305E-06 -1.1921E-07
 8.0000E-02 3.1259E-01 -1.9139E-01 -6.4373E-06 -2.6822E-07
 8.0000E-02 3.1368E-01 -1.9197E-01 -4.0531E-06  2.0862E-07
 8.0000E-02 3.1479E-01 -1.9273E-01  1.6689E-06 -2.0862E-07
 8.0000E-02 3.1590E-01 -1.9367E-01 -2.8610E-06 -6.4075E-07
 8.0000E-02 3.1702E-01 -1.9480E-01 -5.2452E-06  1.0431E-07
 8.0000E-02 3.1815E-01 -1.9597E-01  3.8147E-06  2.9802E-08
 8.0000E-02 3.1929E-01 -1.9734E-01 -5.0068E-06  4.0233E-07
 8.0000E-02 3.2043E-01 -1.9895E-01 -5.4836E-06  6.7055E-07
 8.0000E-02 3.2158E-01 -2.0106E-01 -4.2915E-06  4.6194E-07
 8.0000E-02 3.2274E-01 -2.0339E-01  7.1526E-07  2.3842E-07
 8.0000E-02 3.2391E-01 -2.0598E-01  2.3842E-06  1.9372E-07
 8.0000E-02 3.2509E-01 -2.0883E-01 -1.4305E-06  1.4901E-07
 8.0000E-02 3.2628E-01 -2.1195E-01  1.1683E-05  6.8545E-07
 8.0000E-02 3.2747E-01 -2.1560E-01 -7.1526E-07  4.4703E-08
 8.0000E-02 3.2868E-01 -2.1958E-01  4.7684E-07 -2.5332E-07
 8.0000E-02 3.2989E-01 -2.2393E-01  5.2452E-06  1.1921E-07
 8.0000E-02 3.3111E-01 -2.2864E-01  4.7684E-07  2.0862E-07
 8.0000E-02 3.3234E-01 -2.3359E-01  1.6689E-06 -1.1921E-07
 8.0000E-02 3.3358E-01 -2.3886E-01  7.1526E-07  3.5763E-07
 8.0000E-02 3.3483E-01 -2.4452E-01 -1.9073E-06 -8.9407E-08
 8.0000E-02 3.3609E-01 -2.5065E-01 -3.3379E-06  2.0862E-07
 8.0000E-02 3.3736E-01 -2.5720E-01 -6.4373E-06  2.6822E-07
 8.0000E-02 3.3864E-01 -2.6405E-01 -1.4305E-06  3.5763E-07
 8.0000E-02 3.3992E-01 -2.7120E-01  7.6294E-06 -4.4703E-07
 8.0000E-02 3.4122E-01 -2.7867E-01 -9.5367E-06 -4.7684E-07
 8.0000E-02 3.4253E-01 -2.8645E-01  6.1989E-06  5.6624E-07
 8.0000E-02 3.4385E-01 -2.9454E-01  4.7684E-07  2.6822E-07
 8.0000E-02 3.4517E-01 -3.0286E-01 -2.8610E-06  0.0000E+00
 8.0000E-02 3.4651E-01 -3.1127E-01 -4.5300E-06  8.3447E-07
 8.0000E-02 3.4786E-01 -3.1988E-01 -5.9605E-06 -2.9802E-07
 8.0000E-02 3.4922E-01 -3.2868E-01  4.7684E-07  2.9802E-07
 8.0000E-02 3.5059E-01 -3.3766E-01  5.9605E-06 -5.6624E-07
 8.0000E-02 3.5197E-01 -3.4684E-01 -9.5367E-07 -3.2783E-07
 8.0000E-02 3.5336E-01 -3.5619E-01 -9.5367E-07 -6.5565E-07
 8.0000E-02 3.5476E-01 -3.6564E-01  5.4836E-06  3.5763E-07
 8.0000E-02 3.5618E-01 -3.7524E-01  3.0994E-06 -4.4703E-07
 8.0000E-02 3.5760E-01 -3.8498E-01 -9.5367E-07  9.2387E-07
 8.0000E-02 3.5904E-01 -3.9487E-01 -2.3842E-07 -7.4506E-07
 8.0000E-02 3.6048E-01 -4.0489E-01  2.1458E-06 -4.1723E-07
 8.0000E-02 3.6194E-01 -4.1506E-01 -3.3379E-06  1.4901E-07
 8.0000E-02 3.6341E-01 -4.2541E-01  5.4836E-06 -5.9605E-08
 8.0000E-02 3.6490E-01 -4.3595E-01 -1.4305E-06 -2.9802E-08
 8.0000E-02 3.6639E-01 -4.4662E-01 -1.6689E-06 -7.1526E-07
 8.0000E-02 3.6790E-01 -4.5742E-01 -2.3842E-07 -4.4703E-07
 8.0000E-02 3.6942E-01 -4.6834E-01  1.1921E-06 -5.3644E-07
 8.0000E-02 3.7095E-01 -4.7940E-01 -6.1989E-06 -2.9802E-07
 8.0000E-02 3.7250E-01 -4.9062E-01 -4.0531E-06 -2.2948E-06
 8.0000E-02 3.7406E-01 -5.0197E-01 -2.3842E-06 -2.5034E-06
 8.0000E-02 3.7563E-01 -5.1339E-01 -1.1206E-05  3.8147E-06
 8.0000E-02 3.7722E-01 -5.2487E-01  1.4305E-06  9.1791E-06
 8.0000E-02 3.7881E-01 -5.3641E-01  2.6226E-06  1.1325E-06
 8.0000E-02 3.8043E-01 -5.4800E-01 -9.7752E-06  2.8014E-06
 8.0000E-02 3.8205E-01 -5.5959E-01 -2.3842E-06  0.0000E+00
 8.0000E-02 3.8369E-01 -5.7110E-01 -2.1458E-06  3.0994E-06
 8.0000E-02 3.8534E-01 -5.8254E-01 -3.0994E-06 -2.9802E-07
 8.0000E-02 3.8701E-01 -5.9392E-01 -1.7166E-05  5.7817E-06
 8.0000E-02 3.8870E-01 -6.0521E-01 -2.3842E-06  4.7684E-07
 8.0000E-02 3.9039E-01 -6.1637E-01  8.8215E-06 -4.7684E-06
 8.0000E-02 3.9211E-01 -6.2728E-01 -1.5974E-05 -5.5432E-06
 8.0000E-02 3.9383E-01 -6.3798E-01  7.1526E-06  2.3842E-07
 8.0000E-02 3.9558E-01 -6.4843E-01 -3.3379E-06 -4.7684E-07
 8.0000E-02 3.9733E-01 -6.5860E-01 -6.9141E-06  5.3644E-07
 8.0000E-02 3.9911E-01 -6.6842E-01  1.3113E-05 -5.1260E-06
 8.0000E-02 4.0090E-01 -6.7784E-01 -3.8147E-06  1.1921E-06
 8.0000E-02 4.0270E-01 -6.8682E-01 -1.1206E-05  9.3579E-06
 8.0000E-02 4.0452E-01 -6.9534E-01 -1.9789E-05  7.6294E-06
 8.0000E-02 4.0636E-01 -7.0332E-01 -9.5367E-07  2.3842E-06
 8.0000E-02 4.0822E-01 -7.1068E-01 -5.0068E-06  3.5763E-06
 8.0000E-02 4.1009E-01 -7.1737E-01  4.7684E-06  2.5630E-06
 8.0000E-02 4.1198E-01 -7.2336E-01  7.8678E-06  1.2994E-05
 8.0000E-02 4.1389E-01 -7.2854E-01 -5.4836E-06 -1.8477E-06
 8.0000E-02 4.1581E-01 -7.3281E-01 -4.2915E-06  4.1723E-07
 8.0000E-02 4.1776E-01 -7.3606E-01 -2.8610E-06 -1.4901E-06
 8.0000E-02 4.1972E-01 -7.3821E-01 -2.1458E-06 -2.5034E-06
 8.0000E-02 4.2170E-01 -7.3912E-01  2.3842E-07  3.9339E-06
 8.0000E-02 4.2370E-01 -7.3864E-01 -1.6451E-05 -7.8082E-06
 8.0000E-02 4.2571E-01 -7.3659E-01 -2.6226E-06  5.4836E-06
 8.0000E-02 4.2775E-01 -7.3282E-01  1.6451E-05 -8.4043E-06
 8.0000E-02 4.2981E-01 -7.2727E-01  7.1526E-07 -7.0333E-06
 8.0000E-02 4.3188E-01 -7.1987E-01 -4.7684E-07 -2.5630E-06
 8.0000E-02 4.3398E-01 -7.1061E-01 -5.4836E-06 -5.0068E-06
 8.0000E-02 4.3610E-01 -6.9954E-01  1.3828E-05 -6.5565E-07
 8.0000E-02 4.3824E-01 -6.8684E-01 -8.5831E-06 -5.3644E-07
 8.0000E-02 4.4039E-01 -6.7266E-01 -3.3379E-06 -7.7486E-06
 8.0000E-02 4.4257E-01 -6.5713E-01  2.8610E-06  5.3644E-07
 8.0000E-02 4.4478E-01 -6.4029E-01  7.1526E-06  2.3246E-06
 8.0000E-02 4.4700E-01 -6.2218E-01  1.9550E-05 -1.0073E-05
 8.0000E-02 4.4925E-01 -6.0274E-01 -1.0014E-05  1.2875E-05
 8.0000E-02 4.5152E-01 -5.8178E-01 -2.8610E-06  7.7486E-06
 8.0000E-02 4.5381E-01 -5.5913E-01  4.7684E-06  8.1062E-06
 8.0000E-02 4.5612E-01 -5.3461E-01 -1.0967E-05 -9.7156E-06
 8.0000E-02 4.5846E-01 -5.0810E-01  1.3351E-05  5.6624E-06
 8.0000E-02 4.6082E-01 -4.7952E-01  1.6689E-05  4.2021E-06
 8.0000E-02 4.6321E-01 -4.4885E-01 -3.9101E-05 -2.9802E-06
 8.0000E-02 4.6563E-01 -4.1617E-01 -1.0490E-05 -8.6427E-07
 8.0000E-02 4.6806E-01 -3.8162E-01 -2.7180E-05  3.9339E-06
 8.0000E-02 4.7053E-01 -3.4535E-01 -9.5367E-06  3.8445E-06
 8.0000E-02 4.7302E-01 -3.0745E-01 -2.1458E-05  7.4506E-07
 8.0000E-02 4.7553E-01 -2.6835E-01 -9.5367E-06 -8.5831E-06
 8.0000E-02 4.7807E-01 -2.2846E-01 -1.9073E-06  3.4124E-06
 8.0000E-02 4.8065E-01 -1.8812E-01  1.3351E-05 -3.1143E-06
 8.0000E-02 4.8324E-01 -1.4764E-01  8.1062E-06 -4.7088E-06
 8.0000E-02 4.8587E-01 -1.0733E-01  6.6757E-06 -3.3230E-06
 8.0000E-02 4.8852E-01 -6.7506E-02 -2.1458E-05  5.8115E-07
 8.0000E-02 4.9121E-01 -2.8475E-02  1.4305E-06  5.3402E-06
 8.0000E-02 4.9392E-01  9.3833E-03 -2.8610E-06 -1.8962E-06
 8.0000E-02 4.9667E-01  4.4986E-02 -3.3379E-06 -1.3001E-06
 8.0000E-02 4.9944E-01  7.7100E-02  6.6757E-06  1.6615E-06
 8.0000E-02 5.0225E-01  1.0726E-01 -7.1526E-06  4.4703E-06
 8.0000E-02 5.0508E-01  1.3530E-01  4.7684E-07 -3.9935E-06
 8.0000E-02 5.0795E-01  1.6116E-01 -2.6226E-05 -5.2452E-06
 8.0000E-02 5.1086E-01  1.8493E-01 -1.9550E-05 -8.0466E-07
 8.0000E-02 5.1379E-01  2.0690E-01  2.5272E-05  8.1360E-06
 8.0000E-02 5.1676E-01  2.2755E-01 -1.9073E-05 -1.3158E-05
 8.0000E-02 5.1977E-01  2.4753E-01 -1.7643E-05 -3.6657E-06
 8.0000E-02 5.2281E-01  2.7040E-01 -2.1458E-05 -1.7464E-05
 8.0000E-02 5.2588E-01  2.9473E-01  2.4796E-05 -3.3677E-06
 8.0000E-02 5.2899E-01  3.1866E-01  2.4319E-05 -1.1623E-06
 8.0000E-02 5.3214E-01  3.4198E-01 -1.9550E-05 -2.0862E-07
 8.0000E-02 5.3533E-01  3.6436E-01 -1.2875E-05 -1.1504E-05
 8.0000E-02 5.3855E-01  3.8533E-01 -2.3842E-06 -1.8477E-05
 8.0000E-02 5.4182E-01  4.0453E-01 -9.5367E-07  8.3447E-07
 8.0000E-02 5.4512E-01  4.2159E-01  1.3351E-05  5.6624E-07
 8.0000E-02 5.4847E-01  4.3626E-01 -3.0041E-05  1.9372E-06
 8.0000E-02 5.5185E-01  4.4778E-01 -1.0967E-05 -7.8082E-06
 8.0000E-02 5.5528E-01  4.5722E-01  3.3379E-06  2.2948E-06
 8.0000E-02 5.5875E-01  4.6502E-01 -4.4823E-05 -2.7537E-05
 8.0000E-02 5.6226E-01  4.7160E-01  9.5367E-06 -1.7434E-05
 8.0000E-02 5.6582E-01  4.7732E-01  2.9087E-05 -5.5730E-06
 8.0000E-02 5.6943E-01  4.8262E-01  1.1444E-05  1.4037E-05
 8.0000E-02 5.7308E-01  4.8764E-01 -8.0585E-05  1.0192E-05
 8.0000E-02 5.7677E-01  4.9243E-01  1.4305E-06 -2.7359E-05
 8.0000E-02 5.8052E-01  4.9648E-01  2.8610E-06  1.0431E-05
 8.0000E-02 5.8431E-01  4.9925E-01  8.1062E-06  7.1228E-06
 8.0000E-02 5.8816E-01  5.0017E-01 -1.8120E-05  7.9274E-06
 8.0000E-02 5.9205E-01  4.9896E-01  3.3379E-05  8.0466E-06
 8.0000E-02 5.9600E-01  4.9544E-01  2.5749E-05  1.6809E-05
 8.0000E-02 6.0000E-01  4.8913E-01  4.1008E-05  2.6852E-05
