 DDSCAT --- DDSCAT 7.3.3 [22.01.20]   
 TARGET --->TARGSPHER  spherical target with explicit spacing                 
 GPFAFT --- method of solution 
 GKDLDR --- prescription for polarizabilities
 FROM_FILE --- shape 
    4169 = NAT0 = number of dipoles
 ../../diel/Pena-Rioux_dielectric_26Au_74Ag                  
 ../../diel/Pena-Rioux_dielectric_52Au_48Ag                  
 ../../diel/Pena-Rioux_dielectric_65Au_35Ag                  
 ../../diel/Pena-Rioux_dielectric_85Au_15Ag                  
   0.000   0.000 = beta_min, beta_max ;  NBETA = 1
   0.000   0.000 = theta_min, theta_max; NTHETA= 1
   0.000   0.000 = phi_min, phi_max   ;   NPHI = 1
 0.5000 = ETASCA (param. controlling # of scatt. dirs used to calculate <cos> etc.
 Results averaged over    1 target orientations
                   and  2 incident polarizations
   aeff       wave       Q_ext     Q_abs      Q_sca     g(1)=<cos>  <cos^2>    Q_bk       Nsca
 4.0000E-02 3.0000E-01 2.5318E+00 1.7726E+00 7.5922E-01  2.5260E-01 4.1483E-01 3.8825E-02   408
 4.0000E-02 3.0101E-01 2.5234E+00 1.7714E+00 7.5199E-01  2.5080E-01 4.1464E-01 3.8800E-02   408
 4.0000E-02 3.0203E-01 2.5149E+00 1.7702E+00 7.4473E-01  2.4900E-01 4.1444E-01 3.8765E-02   408
 4.0000E-02 3.0305E-01 2.5062E+00 1.7688E+00 7.3743E-01  2.4721E-01 4.1425E-01 3.8720E-02   408
 4.0000E-02 3.0408E-01 2.4974E+00 1.7674E+00 7.3009E-01  2.4542E-01 4.1406E-01 3.8666E-02   408
 4.0000E-02 3.0512E-01 2.4885E+00 1.7658E+00 7.2270E-01  2.4364E-01 4.1387E-01 3.8603E-02   408
 4.0000E-02 3.0616E-01 2.4795E+00 1.7642E+00 7.1529E-01  2.4186E-01 4.1369E-01 3.8529E-02   408
 4.0000E-02 3.0722E-01 2.4703E+00 1.7625E+00 7.0784E-01  2.4008E-01 4.1351E-01 3.8447E-02   408
 4.0000E-02 3.0828E-01 2.4612E+00 1.7608E+00 7.0045E-01  2.3830E-01 4.1333E-01 3.8362E-02   408
 4.0000E-02 3.0934E-01 2.4525E+00 1.7591E+00 6.9337E-01  2.3650E-01 4.1314E-01 3.8291E-02   408
 4.0000E-02 3.1042E-01 2.4437E+00 1.7574E+00 6.8626E-01  2.3469E-01 4.1296E-01 3.8212E-02   408
 4.0000E-02 3.1150E-01 2.4347E+00 1.7556E+00 6.7914E-01  2.3289E-01 4.1278E-01 3.8124E-02   408
 4.0000E-02 3.1259E-01 2.4257E+00 1.7537E+00 6.7199E-01  2.3108E-01 4.1261E-01 3.8030E-02   408
 4.0000E-02 3.1368E-01 2.4165E+00 1.7517E+00 6.6483E-01  2.2927E-01 4.1243E-01 3.7927E-02   408
 4.0000E-02 3.1479E-01 2.4073E+00 1.7496E+00 6.5765E-01  2.2756E-01 4.1241E-01 3.7818E-02   362
 4.0000E-02 3.1590E-01 2.3979E+00 1.7474E+00 6.5045E-01  2.2575E-01 4.1224E-01 3.7701E-02   362
 4.0000E-02 3.1702E-01 2.3883E+00 1.7451E+00 6.4324E-01  2.2393E-01 4.1207E-01 3.7576E-02   363
 4.0000E-02 3.1815E-01 2.3782E+00 1.7425E+00 6.3571E-01  2.2212E-01 4.1190E-01 3.7426E-02   363
 4.0000E-02 3.1929E-01 2.3677E+00 1.7396E+00 6.2809E-01  2.2032E-01 4.1174E-01 3.7263E-02   363
 4.0000E-02 3.2043E-01 2.3571E+00 1.7367E+00 6.2044E-01  2.1852E-01 4.1158E-01 3.7091E-02   363
 4.0000E-02 3.2158E-01 2.3463E+00 1.7336E+00 6.1277E-01  2.1671E-01 4.1142E-01 3.6909E-02   363
 4.0000E-02 3.2274E-01 2.3354E+00 1.7303E+00 6.0508E-01  2.1491E-01 4.1126E-01 3.6719E-02   363
 4.0000E-02 3.2391E-01 2.3242E+00 1.7269E+00 5.9736E-01  2.1310E-01 4.1110E-01 3.6521E-02   363
 4.0000E-02 3.2509E-01 2.3129E+00 1.7233E+00 5.8964E-01  2.1129E-01 4.1095E-01 3.6314E-02   363
 4.0000E-02 3.2628E-01 2.3014E+00 1.7195E+00 5.8190E-01  2.0948E-01 4.1079E-01 3.6099E-02   363
 4.0000E-02 3.2747E-01 2.2889E+00 1.7151E+00 5.7375E-01  2.0769E-01 4.1064E-01 3.5847E-02   363
 4.0000E-02 3.2868E-01 2.2765E+00 1.7107E+00 5.6582E-01  2.0589E-01 4.1049E-01 3.5601E-02   363
 4.0000E-02 3.2989E-01 2.2644E+00 1.7063E+00 5.5813E-01  2.0407E-01 4.1035E-01 3.5364E-02   363
 4.0000E-02 3.3111E-01 2.2525E+00 1.7018E+00 5.5072E-01  2.0225E-01 4.1020E-01 3.5138E-02   363
 4.0000E-02 3.3234E-01 2.2409E+00 1.6974E+00 5.4357E-01  2.0041E-01 4.1005E-01 3.4923E-02   363
 4.0000E-02 3.3358E-01 2.2297E+00 1.6929E+00 5.3673E-01  1.9855E-01 4.0990E-01 3.4722E-02   363
 4.0000E-02 3.3483E-01 2.2187E+00 1.6885E+00 5.3019E-01  1.9668E-01 4.0975E-01 3.4535E-02   363
 4.0000E-02 3.3609E-01 2.2087E+00 1.6844E+00 5.2433E-01  1.9478E-01 4.0960E-01 3.4390E-02   363
 4.0000E-02 3.3736E-01 2.2001E+00 1.6808E+00 5.1936E-01  1.9283E-01 4.0944E-01 3.4300E-02   363
 4.0000E-02 3.3864E-01 2.1924E+00 1.6775E+00 5.1496E-01  1.9086E-01 4.0928E-01 3.4246E-02   363
 4.0000E-02 3.3992E-01 2.1857E+00 1.6745E+00 5.1116E-01  1.8887E-01 4.0913E-01 3.4228E-02   363
 4.0000E-02 3.4122E-01 2.1798E+00 1.6719E+00 5.0798E-01  1.8687E-01 4.0897E-01 3.4250E-02   363
 4.0000E-02 3.4253E-01 2.1750E+00 1.6696E+00 5.0542E-01  1.8484E-01 4.0881E-01 3.4314E-02   363
 4.0000E-02 3.4385E-01 2.1712E+00 1.6676E+00 5.0353E-01  1.8280E-01 4.0865E-01 3.4421E-02   363
 4.0000E-02 3.4517E-01 2.1687E+00 1.6663E+00 5.0241E-01  1.8074E-01 4.0849E-01 3.4581E-02   363
 4.0000E-02 3.4651E-01 2.1677E+00 1.6656E+00 5.0210E-01  1.7867E-01 4.0832E-01 3.4796E-02   363
 4.0000E-02 3.4786E-01 2.1677E+00 1.6653E+00 5.0241E-01  1.7659E-01 4.0816E-01 3.5055E-02   363
 4.0000E-02 3.4922E-01 2.1689E+00 1.6656E+00 5.0338E-01  1.7451E-01 4.0800E-01 3.5361E-02   363
 4.0000E-02 3.5059E-01 2.1713E+00 1.6663E+00 5.0502E-01  1.7242E-01 4.0784E-01 3.5716E-02   363
 4.0000E-02 3.5197E-01 2.1749E+00 1.6676E+00 5.0736E-01  1.7032E-01 4.0768E-01 3.6122E-02   363
 4.0000E-02 3.5336E-01 2.1798E+00 1.6693E+00 5.1042E-01  1.6822E-01 4.0751E-01 3.6582E-02   363
 4.0000E-02 3.5476E-01 2.1859E+00 1.6717E+00 5.1415E-01  1.6613E-01 4.0735E-01 3.7093E-02   363
 4.0000E-02 3.5618E-01 2.1930E+00 1.6746E+00 5.1846E-01  1.6404E-01 4.0719E-01 3.7650E-02   363
 4.0000E-02 3.5760E-01 2.2013E+00 1.6779E+00 5.2338E-01  1.6195E-01 4.0703E-01 3.8255E-02   363
 4.0000E-02 3.5904E-01 2.2107E+00 1.6818E+00 5.2892E-01  1.5986E-01 4.0688E-01 3.8910E-02   363
 4.0000E-02 3.6048E-01 2.2213E+00 1.6862E+00 5.3509E-01  1.5779E-01 4.0672E-01 3.9617E-02   363
 4.0000E-02 3.6194E-01 2.2331E+00 1.6912E+00 5.4197E-01  1.5571E-01 4.0656E-01 4.0383E-02   363
 4.0000E-02 3.6341E-01 2.2462E+00 1.6967E+00 5.4952E-01  1.5363E-01 4.0641E-01 4.1206E-02   363
 4.0000E-02 3.6490E-01 2.2603E+00 1.7027E+00 5.5763E-01  1.5155E-01 4.0626E-01 4.2079E-02   363
 4.0000E-02 3.6639E-01 2.2755E+00 1.7092E+00 5.6633E-01  1.4948E-01 4.0610E-01 4.3005E-02   363
 4.0000E-02 3.6790E-01 2.2918E+00 1.7162E+00 5.7566E-01  1.4741E-01 4.0595E-01 4.3989E-02   363
 4.0000E-02 3.6942E-01 2.3093E+00 1.7237E+00 5.8565E-01  1.4535E-01 4.0581E-01 4.5032E-02   363
 4.0000E-02 3.7095E-01 2.3281E+00 1.7318E+00 5.9634E-01  1.4328E-01 4.0566E-01 4.6139E-02   363
 4.0000E-02 3.7250E-01 2.3482E+00 1.7404E+00 6.0773E-01  1.4121E-01 4.0551E-01 4.7312E-02   363
 4.0000E-02 3.7406E-01 2.3692E+00 1.7495E+00 6.1973E-01  1.3914E-01 4.0537E-01 4.8546E-02   363
 4.0000E-02 3.7563E-01 2.3915E+00 1.7591E+00 6.3239E-01  1.3708E-01 4.0522E-01 4.9844E-02   363
 4.0000E-02 3.7722E-01 2.4150E+00 1.7693E+00 6.4576E-01  1.3501E-01 4.0508E-01 5.1212E-02   363
 4.0000E-02 3.7881E-01 2.4398E+00 1.7799E+00 6.5993E-01  1.3293E-01 4.0494E-01 5.2659E-02   363
 4.0000E-02 3.8043E-01 2.4661E+00 1.7912E+00 6.7488E-01  1.3086E-01 4.0480E-01 5.4183E-02   363
 4.0000E-02 3.8205E-01 2.4936E+00 1.8030E+00 6.9059E-01  1.2879E-01 4.0467E-01 5.5786E-02   363
 4.0000E-02 3.8369E-01 2.5224E+00 1.8154E+00 7.0707E-01  1.2672E-01 4.0453E-01 5.7469E-02   363
 4.0000E-02 3.8534E-01 2.5527E+00 1.8283E+00 7.2444E-01  1.2465E-01 4.0440E-01 5.9241E-02   363
 4.0000E-02 3.8701E-01 2.5845E+00 1.8417E+00 7.4275E-01  1.2258E-01 4.0427E-01 6.1111E-02   363
 4.0000E-02 3.8870E-01 2.6180E+00 1.8559E+00 7.6207E-01  1.2050E-01 4.0414E-01 6.3083E-02   363
 4.0000E-02 3.9039E-01 2.6532E+00 1.8707E+00 7.8243E-01  1.1851E-01 4.0418E-01 6.5165E-02   323
 4.0000E-02 3.9211E-01 2.6898E+00 1.8860E+00 8.0379E-01  1.1644E-01 4.0405E-01 6.7352E-02   323
 4.0000E-02 3.9383E-01 2.7285E+00 1.9021E+00 8.2640E-01  1.1437E-01 4.0393E-01 6.9668E-02   323
 4.0000E-02 3.9558E-01 2.7692E+00 1.9189E+00 8.5033E-01  1.1230E-01 4.0380E-01 7.2119E-02   323
 4.0000E-02 3.9733E-01 2.8122E+00 1.9365E+00 8.7566E-01  1.1022E-01 4.0368E-01 7.4717E-02   323
 4.0000E-02 3.9911E-01 2.8574E+00 1.9550E+00 9.0248E-01  1.0815E-01 4.0356E-01 7.7470E-02   323
 4.0000E-02 4.0090E-01 2.9052E+00 1.9742E+00 9.3094E-01  1.0608E-01 4.0344E-01 8.0395E-02   323
 4.0000E-02 4.0270E-01 2.9557E+00 1.9944E+00 9.6123E-01  1.0402E-01 4.0332E-01 8.3509E-02   323
 4.0000E-02 4.0452E-01 3.0092E+00 2.0157E+00 9.9345E-01  1.0195E-01 4.0321E-01 8.6828E-02   323
 4.0000E-02 4.0636E-01 3.0658E+00 2.0381E+00 1.0277E+00  9.9871E-02 4.0309E-01 9.0367E-02   323
 4.0000E-02 4.0822E-01 3.1258E+00 2.0616E+00 1.0643E+00  9.7790E-02 4.0298E-01 9.4143E-02   323
 4.0000E-02 4.1009E-01 3.1897E+00 2.0863E+00 1.1034E+00  9.5702E-02 4.0287E-01 9.8195E-02   323
 4.0000E-02 4.1198E-01 3.2575E+00 2.1124E+00 1.1451E+00  9.3601E-02 4.0275E-01 1.0254E-01   323
 4.0000E-02 4.1389E-01 3.3296E+00 2.1399E+00 1.1897E+00  9.1482E-02 4.0264E-01 1.0719E-01   323
 4.0000E-02 4.1581E-01 3.4061E+00 2.1687E+00 1.2374E+00  8.9339E-02 4.0253E-01 1.1219E-01   323
 4.0000E-02 4.1776E-01 3.4874E+00 2.1990E+00 1.2883E+00  8.7167E-02 4.0242E-01 1.1756E-01   323
 4.0000E-02 4.1972E-01 3.5740E+00 2.2310E+00 1.3431E+00  8.4953E-02 4.0231E-01 1.2336E-01   323
 4.0000E-02 4.2170E-01 3.6659E+00 2.2644E+00 1.4015E+00  8.2689E-02 4.0220E-01 1.2959E-01   323
 4.0000E-02 4.2370E-01 3.7633E+00 2.2993E+00 1.4640E+00  8.0364E-02 4.0209E-01 1.3631E-01   323
 4.0000E-02 4.2571E-01 3.8665E+00 2.3357E+00 1.5308E+00  7.7966E-02 4.0198E-01 1.4357E-01   323
 4.0000E-02 4.2775E-01 3.9759E+00 2.3735E+00 1.6024E+00  7.5475E-02 4.0187E-01 1.5143E-01   323
 4.0000E-02 4.2981E-01 4.0914E+00 2.4127E+00 1.6787E+00  7.2878E-02 4.0176E-01 1.5992E-01   323
 4.0000E-02 4.3188E-01 4.2129E+00 2.4528E+00 1.7601E+00  7.0165E-02 4.0166E-01 1.6909E-01   323
 4.0000E-02 4.3398E-01 4.3405E+00 2.4938E+00 1.8467E+00  6.7326E-02 4.0155E-01 1.7899E-01   323
 4.0000E-02 4.3610E-01 4.4744E+00 2.5354E+00 1.9390E+00  6.4354E-02 4.0145E-01 1.8970E-01   323
 4.0000E-02 4.3824E-01 4.6139E+00 2.5774E+00 2.0364E+00  6.1255E-02 4.0135E-01 2.0119E-01   323
 4.0000E-02 4.4039E-01 4.7586E+00 2.6195E+00 2.1391E+00  5.8053E-02 4.0126E-01 2.1349E-01   323
 4.0000E-02 4.4257E-01 4.9084E+00 2.6616E+00 2.2469E+00  5.4769E-02 4.0117E-01 2.2660E-01   323
 4.0000E-02 4.4478E-01 5.0629E+00 2.7034E+00 2.3595E+00  5.1439E-02 4.0110E-01 2.4048E-01   323
 4.0000E-02 4.4700E-01 5.2210E+00 2.7450E+00 2.4760E+00  4.8117E-02 4.0103E-01 2.5501E-01   323
 4.0000E-02 4.4925E-01 5.3819E+00 2.7862E+00 2.5957E+00  4.4855E-02 4.0098E-01 2.7008E-01   323
 4.0000E-02 4.5152E-01 5.5449E+00 2.8271E+00 2.7178E+00  4.1699E-02 4.0093E-01 2.8557E-01   323
 4.0000E-02 4.5381E-01 5.7089E+00 2.8679E+00 2.8410E+00  3.8692E-02 4.0090E-01 3.0128E-01   323
 4.0000E-02 4.5612E-01 5.8720E+00 2.9082E+00 2.9638E+00  3.5872E-02 4.0088E-01 3.1700E-01   323
 4.0000E-02 4.5846E-01 6.0330E+00 2.9481E+00 3.0850E+00  3.3259E-02 4.0086E-01 3.3254E-01   323
 4.0000E-02 4.6082E-01 6.1901E+00 2.9870E+00 3.2030E+00  3.0858E-02 4.0085E-01 3.4771E-01   323
 4.0000E-02 4.6321E-01 6.3410E+00 3.0247E+00 3.3163E+00  2.8664E-02 4.0085E-01 3.6229E-01   323
 4.0000E-02 4.6563E-01 6.4839E+00 3.0604E+00 3.4235E+00  2.6668E-02 4.0085E-01 3.7612E-01   323
 4.0000E-02 4.6806E-01 6.6172E+00 3.0934E+00 3.5238E+00  2.4848E-02 4.0085E-01 3.8910E-01   323
 4.0000E-02 4.7053E-01 6.7391E+00 3.1231E+00 3.6160E+00  2.3184E-02 4.0086E-01 4.0110E-01   323
 4.0000E-02 4.7302E-01 6.8481E+00 3.1487E+00 3.6994E+00  2.1658E-02 4.0087E-01 4.1203E-01   323
 4.0000E-02 4.7553E-01 6.9435E+00 3.1694E+00 3.7741E+00  2.0247E-02 4.0088E-01 4.2191E-01   323
 4.0000E-02 4.7807E-01 7.0240E+00 3.1845E+00 3.8395E+00  1.8934E-02 4.0089E-01 4.3066E-01   323
 4.0000E-02 4.8065E-01 7.0878E+00 3.1933E+00 3.8945E+00  1.7703E-02 4.0090E-01 4.3819E-01   323
 4.0000E-02 4.8324E-01 7.1332E+00 3.1952E+00 3.9381E+00  1.6542E-02 4.0091E-01 4.4435E-01   323
 4.0000E-02 4.8587E-01 7.1587E+00 3.1895E+00 3.9692E+00  1.5436E-02 4.0091E-01 4.4904E-01   323
 4.0000E-02 4.8852E-01 7.1626E+00 3.1761E+00 3.9864E+00  1.4379E-02 4.0091E-01 4.5209E-01   323
 4.0000E-02 4.9121E-01 7.1438E+00 3.1550E+00 3.9888E+00  1.3367E-02 4.0091E-01 4.5340E-01   323
 4.0000E-02 4.9392E-01 7.1026E+00 3.1262E+00 3.9764E+00  1.2391E-02 4.0091E-01 4.5297E-01   323
 4.0000E-02 4.9667E-01 7.0401E+00 3.0904E+00 3.9497E+00  1.1448E-02 4.0091E-01 4.5086E-01   323
 4.0000E-02 4.9944E-01 6.9577E+00 3.0478E+00 3.9099E+00  1.0535E-02 4.0091E-01 4.4720E-01   323
 4.0000E-02 5.0225E-01 6.8576E+00 2.9993E+00 3.8584E+00  9.6471E-03 4.0091E-01 4.4216E-01   323
 4.0000E-02 5.0508E-01 6.7418E+00 2.9451E+00 3.7966E+00  8.7811E-03 4.0091E-01 4.3590E-01   323
 4.0000E-02 5.0795E-01 6.6120E+00 2.8861E+00 3.7259E+00  7.9341E-03 4.0091E-01 4.2857E-01   324
 4.0000E-02 5.1086E-01 6.4702E+00 2.8229E+00 3.6474E+00  7.1031E-03 4.0091E-01 4.2030E-01   324
 4.0000E-02 5.1379E-01 6.3188E+00 2.7563E+00 3.5625E+00  6.3192E-03 4.0112E-01 4.1126E-01   285
 4.0000E-02 5.1676E-01 6.1605E+00 2.6870E+00 3.4735E+00  5.5096E-03 4.0113E-01 4.0170E-01   285
 4.0000E-02 5.1977E-01 5.9980E+00 2.6156E+00 3.3825E+00  4.7041E-03 4.0114E-01 3.9188E-01   285
 4.0000E-02 5.2281E-01 5.8333E+00 2.5417E+00 3.2917E+00  3.8998E-03 4.0115E-01 3.8205E-01   285
 4.0000E-02 5.2588E-01 5.6670E+00 2.4646E+00 3.2024E+00  3.0929E-03 4.0115E-01 3.7237E-01   285
 4.0000E-02 5.2899E-01 5.4981E+00 2.3833E+00 3.1148E+00  2.2814E-03 4.0116E-01 3.6284E-01   285
 4.0000E-02 5.3214E-01 5.3245E+00 2.2968E+00 3.0277E+00  1.4648E-03 4.0117E-01 3.5335E-01   285
 4.0000E-02 5.3533E-01 5.1440E+00 2.2046E+00 2.9394E+00  6.4170E-04 4.0118E-01 3.4368E-01   285
 4.0000E-02 5.3855E-01 4.9549E+00 2.1071E+00 2.8478E+00 -1.8846E-04 4.0119E-01 3.3359E-01   285
 4.0000E-02 5.4182E-01 4.7571E+00 2.0055E+00 2.7515E+00 -1.0255E-03 4.0119E-01 3.2291E-01   285
 4.0000E-02 5.4512E-01 4.5516E+00 1.9017E+00 2.6499E+00 -1.8678E-03 4.0119E-01 3.1156E-01   285
 4.0000E-02 5.4847E-01 4.3412E+00 1.7979E+00 2.5433E+00 -2.7131E-03 4.0120E-01 2.9957E-01   285
 4.0000E-02 5.5185E-01 4.1291E+00 1.6960E+00 2.4331E+00 -3.5614E-03 4.0120E-01 2.8710E-01   285
 4.0000E-02 5.5528E-01 3.9183E+00 1.5977E+00 2.3206E+00 -4.4097E-03 4.0119E-01 2.7431E-01   285
 4.0000E-02 5.5875E-01 3.7117E+00 1.5043E+00 2.2074E+00 -5.2560E-03 4.0119E-01 2.6138E-01   285
 4.0000E-02 5.6226E-01 3.5116E+00 1.4166E+00 2.0949E+00 -6.0984E-03 4.0118E-01 2.4849E-01   285
 4.0000E-02 5.6582E-01 3.3203E+00 1.3356E+00 1.9847E+00 -6.9356E-03 4.0117E-01 2.3581E-01   285
 4.0000E-02 5.6943E-01 3.1392E+00 1.2611E+00 1.8781E+00 -7.7694E-03 4.0116E-01 2.2351E-01   285
 4.0000E-02 5.7308E-01 2.9690E+00 1.1929E+00 1.7761E+00 -8.6036E-03 4.0115E-01 2.1173E-01   285
 4.0000E-02 5.7677E-01 2.8093E+00 1.1299E+00 1.6794E+00 -9.4432E-03 4.0115E-01 2.0053E-01   285
 4.0000E-02 5.8052E-01 2.6591E+00 1.0714E+00 1.5877E+00 -1.0292E-02 4.0114E-01 1.8990E-01   285
 4.0000E-02 5.8431E-01 2.5178E+00 1.0170E+00 1.5008E+00 -1.1153E-02 4.0113E-01 1.7982E-01   285
 4.0000E-02 5.8816E-01 2.3850E+00 9.6677E-01 1.4183E+00 -1.2026E-02 4.0113E-01 1.7023E-01   285
 4.0000E-02 5.9205E-01 2.2612E+00 9.2108E-01 1.3401E+00 -1.2909E-02 4.0112E-01 1.6114E-01   285
 4.0000E-02 5.9600E-01 2.1467E+00 8.8017E-01 1.2665E+00 -1.3797E-02 4.0112E-01 1.5256E-01   285
 4.0000E-02 6.0000E-01 2.0416E+00 8.4379E-01 1.1979E+00 -1.4683E-02 4.0112E-01 1.4456E-01   285
