 DDSCAT --- DDSCAT 7.3.3 [22.01.20]   
 TARGET --->TARGSPHER  spherical target with explicit spacing                 
 GPFAFT --- method of solution 
 GKDLDR --- prescription for polarizabilities
 FROM_FILE --- shape 
    4169 = NAT0 = number of dipoles
 ../../diel/Pena-Rioux_dielectric_26Au_74Ag                  
 ../../diel/Pena-Rioux_dielectric_52Au_48Ag                  
 ../../diel/Pena-Rioux_dielectric_65Au_35Ag                  
 ../../diel/Pena-Rioux_dielectric_85Au_15Ag                  
   0.000   0.000 = beta_min, beta_max ;  NBETA = 1
   0.000   0.000 = theta_min, theta_max; NTHETA= 1
   0.000   0.000 = phi_min, phi_max   ;   NPHI = 1
 Results averaged over    1 target orientations
                   and  2 incident polarizations
   aeff       wave       Q_pha       Q_pol       Q_cpol
 4.0000E-02 3.0000E-01 -4.3365E-02 -9.5367E-07  5.5879E-08
 4.0000E-02 3.0101E-01 -4.2164E-02 -3.3379E-06 -1.4901E-08
 4.0000E-02 3.0203E-01 -4.1141E-02 -5.4836E-06  9.6858E-08
 4.0000E-02 3.0305E-01 -4.0302E-02  7.8678E-06 -7.8231E-08
 4.0000E-02 3.0408E-01 -3.9653E-02  2.1458E-06 -3.7253E-08
 4.0000E-02 3.0512E-01 -3.9200E-02 -4.7684E-07 -1.4901E-08
 4.0000E-02 3.0616E-01 -3.8949E-02 -2.3842E-07 -1.9372E-07
 4.0000E-02 3.0722E-01 -3.8907E-02  3.8147E-06  1.9744E-07
 4.0000E-02 3.0828E-01 -3.9052E-02  7.6294E-06  1.1176E-08
 4.0000E-02 3.0934E-01 -3.9289E-02  2.8610E-06  3.7253E-09
 4.0000E-02 3.1042E-01 -3.9703E-02  4.7684E-07  2.9802E-08
 4.0000E-02 3.1150E-01 -4.0299E-02  7.1526E-07 -5.5879E-08
 4.0000E-02 3.1259E-01 -4.1082E-02 -2.3842E-07  2.2352E-08
 4.0000E-02 3.1368E-01 -4.2057E-02  9.5367E-07  4.4703E-08
 4.0000E-02 3.1479E-01 -4.3230E-02  2.6226E-06  0.0000E+00
 4.0000E-02 3.1590E-01 -4.4606E-02 -2.3842E-06 -8.5682E-08
 4.0000E-02 3.1702E-01 -4.6192E-02  2.1458E-06 -4.0978E-08
 4.0000E-02 3.1815E-01 -4.7631E-02  2.3842E-07 -5.5879E-08
 4.0000E-02 3.1929E-01 -4.9313E-02 -3.3379E-06  3.7253E-09
 4.0000E-02 3.2043E-01 -5.1315E-02 -3.0994E-06  8.1956E-08
 4.0000E-02 3.2158E-01 -5.3648E-02  2.8610E-06  0.0000E+00
 4.0000E-02 3.2274E-01 -5.6323E-02 -4.0531E-06  1.1176E-08
 4.0000E-02 3.2391E-01 -5.9351E-02  4.7684E-06  7.0781E-08
 4.0000E-02 3.2509E-01 -6.2743E-02  1.4305E-06  6.7055E-08
 4.0000E-02 3.2628E-01 -6.6511E-02 -6.6757E-06 -4.4703E-08
 4.0000E-02 3.2747E-01 -7.1279E-02 -3.8147E-06 -3.7253E-08
 4.0000E-02 3.2868E-01 -7.6577E-02  7.1526E-07  1.7881E-07
 4.0000E-02 3.2989E-01 -8.2394E-02 -4.7684E-06 -8.9407E-08
 4.0000E-02 3.3111E-01 -8.8747E-02  2.1458E-06  7.4506E-08
 4.0000E-02 3.3234E-01 -9.5653E-02 -1.1921E-06  3.7253E-08
 4.0000E-02 3.3358E-01 -1.0313E-01 -5.4836E-06  0.0000E+00
 4.0000E-02 3.3483E-01 -1.1119E-01 -4.7684E-07  2.2352E-08
 4.0000E-02 3.3609E-01 -1.2006E-01  9.5367E-07  0.0000E+00
 4.0000E-02 3.3736E-01 -1.2960E-01  4.7684E-07  1.1921E-07
 4.0000E-02 3.3864E-01 -1.3957E-01 -2.1458E-06 -2.2352E-07
 4.0000E-02 3.3992E-01 -1.4999E-01 -4.7684E-07  4.3213E-07
 4.0000E-02 3.4122E-01 -1.6088E-01 -2.3842E-06 -1.9372E-07
 4.0000E-02 3.4253E-01 -1.7223E-01 -7.1526E-07  2.9802E-07
 4.0000E-02 3.4385E-01 -1.8407E-01  1.1921E-06 -1.9372E-07
 4.0000E-02 3.4517E-01 -1.9626E-01  1.1921E-06 -1.4901E-07
 4.0000E-02 3.4651E-01 -2.0853E-01  1.4305E-06 -4.4703E-08
 4.0000E-02 3.4786E-01 -2.2102E-01  6.4373E-06  1.6391E-07
 4.0000E-02 3.4922E-01 -2.3374E-01  0.0000E+00 -1.3411E-07
 4.0000E-02 3.5059E-01 -2.4669E-01  2.6226E-06  1.7881E-07
 4.0000E-02 3.5197E-01 -2.5989E-01  2.3842E-07 -5.9605E-08
 4.0000E-02 3.5336E-01 -2.7333E-01 -1.1921E-06  3.8743E-07
 4.0000E-02 3.5476E-01 -2.8683E-01 -3.8147E-06 -4.1723E-07
 4.0000E-02 3.5618E-01 -3.0036E-01 -1.1921E-06  2.3842E-07
 4.0000E-02 3.5760E-01 -3.1399E-01 -2.3842E-07  1.4901E-07
 4.0000E-02 3.5904E-01 -3.2773E-01 -4.7684E-06 -1.7881E-07
 4.0000E-02 3.6048E-01 -3.4157E-01 -2.8610E-06 -5.0664E-07
 4.0000E-02 3.6194E-01 -3.5553E-01  7.1526E-07  6.8545E-07
 4.0000E-02 3.6341E-01 -3.6957E-01 -6.9141E-06  6.5565E-07
 4.0000E-02 3.6490E-01 -3.8358E-01  1.9073E-06  2.6822E-07
 4.0000E-02 3.6639E-01 -3.9767E-01  0.0000E+00  0.0000E+00
 4.0000E-02 3.6790E-01 -4.1182E-01  6.1989E-06  4.1723E-07
 4.0000E-02 3.6942E-01 -4.2604E-01  0.0000E+00 -2.0862E-07
 4.0000E-02 3.7095E-01 -4.4033E-01  2.6226E-06  0.0000E+00
 4.0000E-02 3.7250E-01 -4.5465E-01 -4.7684E-07 -8.9407E-08
 4.0000E-02 3.7406E-01 -4.6898E-01 -2.6226E-06  4.4703E-07
 4.0000E-02 3.7563E-01 -4.8339E-01  4.2915E-06  1.0729E-06
 4.0000E-02 3.7722E-01 -4.9788E-01 -2.1458E-06  1.3709E-06
 4.0000E-02 3.7881E-01 -5.1246E-01 -2.1458E-06  1.1921E-06
 4.0000E-02 3.8043E-01 -5.2709E-01  3.3379E-06 -1.1325E-06
 4.0000E-02 3.8205E-01 -5.4175E-01  6.6757E-06 -4.1723E-07
 4.0000E-02 3.8369E-01 -5.5651E-01  1.1921E-06  5.3644E-07
 4.0000E-02 3.8534E-01 -5.7140E-01  2.6226E-06 -1.5497E-06
 4.0000E-02 3.8701E-01 -5.8641E-01  6.4373E-06  1.6689E-06
 4.0000E-02 3.8870E-01 -6.0152E-01 -5.0068E-06  2.3842E-07
 4.0000E-02 3.9039E-01 -6.1671E-01  3.5763E-06 -2.9802E-07
 4.0000E-02 3.9211E-01 -6.3210E-01  7.1526E-07 -1.6093E-06
 4.0000E-02 3.9383E-01 -6.4766E-01 -5.7220E-06 -1.4901E-06
 4.0000E-02 3.9558E-01 -6.6337E-01 -3.0994E-06  8.3447E-07
 4.0000E-02 3.9733E-01 -6.7920E-01  7.1526E-06 -4.2915E-06
 4.0000E-02 3.9911E-01 -6.9512E-01  4.7684E-06 -2.2054E-06
 4.0000E-02 4.0090E-01 -7.1130E-01  2.3842E-06 -6.5565E-07
 4.0000E-02 4.0270E-01 -7.2760E-01  5.0068E-06  4.1723E-07
 4.0000E-02 4.0452E-01 -7.4394E-01 -3.0994E-06 -5.9605E-08
 4.0000E-02 4.0636E-01 -7.6028E-01  5.4836E-06 -1.7881E-06
 4.0000E-02 4.0822E-01 -7.7658E-01  1.0014E-05  4.7684E-07
 4.0000E-02 4.1009E-01 -7.9287E-01 -6.6757E-06 -4.1723E-07
 4.0000E-02 4.1198E-01 -8.0892E-01  7.1526E-07 -8.3447E-07
 4.0000E-02 4.1389E-01 -8.2462E-01  4.2915E-06  5.9605E-07
 4.0000E-02 4.1581E-01 -8.3986E-01 -3.8147E-06  0.0000E+00
 4.0000E-02 4.1776E-01 -8.5456E-01 -2.3842E-07 -2.4438E-06
 4.0000E-02 4.1972E-01 -8.6845E-01 -5.0068E-06  4.1723E-06
 4.0000E-02 4.2170E-01 -8.8126E-01 -4.2915E-06  1.0729E-06
 4.0000E-02 4.2370E-01 -8.9282E-01  1.6689E-06 -6.9737E-06
 4.0000E-02 4.2571E-01 -9.0290E-01  1.4305E-06 -1.9670E-06
 4.0000E-02 4.2775E-01 -9.1116E-01 -3.0994E-06  2.9206E-06
 4.0000E-02 4.2981E-01 -9.1710E-01 -7.6294E-06  3.3975E-06
 4.0000E-02 4.3188E-01 -9.2050E-01  1.2398E-05  2.1458E-06
 4.0000E-02 4.3398E-01 -9.2098E-01 -3.3379E-06 -3.1590E-06
 4.0000E-02 4.3610E-01 -9.1811E-01 -1.0967E-05 -4.1127E-06
 4.0000E-02 4.3824E-01 -9.1120E-01  3.3379E-06  2.2650E-06
 4.0000E-02 4.4039E-01 -9.0010E-01  5.2452E-06 -1.2517E-06
 4.0000E-02 4.4257E-01 -8.8430E-01  0.0000E+00 -5.9605E-08
 4.0000E-02 4.4478E-01 -8.6325E-01 -8.1062E-06  6.0201E-06
 4.0000E-02 4.4700E-01 -8.3646E-01  1.5736E-05 -6.4969E-06
 4.0000E-02 4.4925E-01 -8.0368E-01  6.1989E-06  6.5565E-06
 4.0000E-02 4.5152E-01 -7.6434E-01 -1.0490E-05  3.9339E-06
 4.0000E-02 4.5381E-01 -7.1787E-01 -6.1989E-06  1.6689E-06
 4.0000E-02 4.5612E-01 -6.6399E-01 -6.6757E-06  1.6689E-06
 4.0000E-02 4.5846E-01 -6.0254E-01  1.0490E-05 -1.0729E-06
 4.0000E-02 4.6082E-01 -5.3321E-01 -6.1989E-06  4.1723E-07
 4.0000E-02 4.6321E-01 -4.5587E-01  9.5367E-07  2.3842E-07
 4.0000E-02 4.6563E-01 -3.7093E-01  2.8610E-06 -2.7418E-06
 4.0000E-02 4.6806E-01 -2.7872E-01  2.3842E-05  1.2070E-05
 4.0000E-02 4.7053E-01 -1.7964E-01 -9.5367E-07 -6.0052E-06
 4.0000E-02 4.7302E-01 -7.4213E-02 -7.1526E-06 -3.0100E-06
 4.0000E-02 4.7553E-01  3.6971E-02  1.8120E-05 -8.4080E-06
 4.0000E-02 4.7807E-01  1.5362E-01 -1.3828E-05 -1.2845E-05
 4.0000E-02 4.8065E-01  2.7526E-01  1.8597E-05  6.0499E-06
 4.0000E-02 4.8324E-01  4.0119E-01  1.0014E-05  2.9802E-08
 4.0000E-02 4.8587E-01  5.3055E-01 -7.1526E-06  0.0000E+00
 4.0000E-02 4.8852E-01  6.6205E-01 -4.3869E-05  1.3411E-05
 4.0000E-02 4.9121E-01  7.9398E-01 -9.5367E-07 -1.1206E-05
 4.0000E-02 4.9392E-01  9.2475E-01 -9.5367E-06 -1.2517E-06
 4.0000E-02 4.9667E-01  1.0527E+00  2.9087E-05  9.0599E-06
 4.0000E-02 4.9944E-01  1.1765E+00 -3.7193E-05 -1.0967E-05
 4.0000E-02 5.0225E-01  1.2952E+00 -3.5286E-05 -7.3910E-06
 4.0000E-02 5.0508E-01  1.4081E+00 -2.7180E-05  8.4639E-06
 4.0000E-02 5.0795E-01  1.5146E+00  2.3365E-05  9.8944E-06
 4.0000E-02 5.1086E-01  1.6143E+00 -3.3855E-05  4.5300E-06
 4.0000E-02 5.1379E-01  1.7067E+00 -8.1062E-06  5.2452E-06
 4.0000E-02 5.1676E-01  1.7916E+00  6.6757E-06  2.3842E-07
 4.0000E-02 5.1977E-01  1.8697E+00  1.3828E-05 -1.7881E-06
 4.0000E-02 5.2281E-01  1.9419E+00 -1.5259E-05 -3.3379E-06
 4.0000E-02 5.2588E-01  2.0095E+00  7.1526E-06 -1.6928E-05
 4.0000E-02 5.2899E-01  2.0735E+00 -2.1458E-05 -6.9141E-06
 4.0000E-02 5.3214E-01  2.1346E+00 -2.2411E-05 -2.4080E-05
 4.0000E-02 5.3533E-01  2.1923E+00  7.1526E-06 -1.2159E-05
 4.0000E-02 5.3855E-01  2.2456E+00  7.6294E-06  9.5367E-07
 4.0000E-02 5.4182E-01  2.2931E+00  4.3869E-05  1.0490E-05
 4.0000E-02 5.4512E-01  2.3332E+00  1.1539E-04 -5.0783E-05
 4.0000E-02 5.4847E-01  2.3647E+00  2.2888E-05 -8.3447E-06
 4.0000E-02 5.5185E-01  2.3873E+00  1.3828E-05  1.0967E-05
 4.0000E-02 5.5528E-01  2.4009E+00  5.4836E-06 -1.8358E-05
 4.0000E-02 5.5875E-01  2.4060E+00  1.5497E-05 -1.3351E-05
 4.0000E-02 5.6226E-01  2.4031E+00  3.5763E-05  5.7220E-06
 4.0000E-02 5.6582E-01  2.3932E+00  1.0014E-05  2.2173E-05
 4.0000E-02 5.6943E-01  2.3774E+00 -2.1458E-05  2.2888E-05
 4.0000E-02 5.7308E-01  2.3573E+00 -6.6996E-05 -6.1989E-06
 4.0000E-02 5.7677E-01  2.3338E+00 -2.6703E-05  8.5831E-06
 4.0000E-02 5.8052E-01  2.3077E+00  4.9829E-05 -8.5831E-06
 4.0000E-02 5.8431E-01  2.2794E+00  8.4162E-05  2.2650E-05
 4.0000E-02 5.8816E-01  2.2490E+00 -1.2636E-05 -2.8610E-06
 4.0000E-02 5.9205E-01  2.2169E+00 -5.4121E-05  2.2650E-05
 4.0000E-02 5.9600E-01  2.1835E+00 -7.3910E-06 -2.6464E-05
 4.0000E-02 6.0000E-01  2.1498E+00 -1.3828E-05 -1.5259E-05
