 DDSCAT --- DDSCAT 7.3.3 [22.01.20]   
 TARGET --->TARGSPHER  spherical target with explicit spacing                 
 GPFAFT --- method of solution 
 FLTRCD --- prescription for polarizabilities
 FROM_FILE --- shape 
    4169 = NAT0 = number of dipoles
 ../../diel/Pena-Rioux_dielectric_26Au_74Ag                  
 ../../diel/Pena-Rioux_dielectric_34Au_66Ag                  
 ../../diel/Pena-Rioux_dielectric_52Au_48Ag                  
 ../../diel/Au_evap                                          
   0.000   0.000 = beta_min, beta_max ;  NBETA = 1
   0.000   0.000 = theta_min, theta_max; NTHETA= 1
   0.000   0.000 = phi_min, phi_max   ;   NPHI = 1
 0.5000 = ETASCA (param. controlling # of scatt. dirs used to calculate <cos> etc.
 Results averaged over    1 target orientations
                   and  2 incident polarizations
   aeff       wave       Q_ext     Q_abs      Q_sca     g(1)=<cos>  <cos^2>    Q_bk       Nsca
 4.0000E-02 3.0000E-01 2.4743E+00 1.7416E+00 7.3270E-01  2.4682E-01 4.1455E-01 3.8777E-02   408
 4.0000E-02 3.0101E-01 2.4649E+00 1.7399E+00 7.2504E-01  2.4502E-01 4.1437E-01 3.8707E-02   408
 4.0000E-02 3.0203E-01 2.4555E+00 1.7381E+00 7.1743E-01  2.4321E-01 4.1418E-01 3.8629E-02   408
 4.0000E-02 3.0305E-01 2.4460E+00 1.7362E+00 7.0979E-01  2.4141E-01 4.1400E-01 3.8542E-02   408
 4.0000E-02 3.0408E-01 2.4364E+00 1.7343E+00 7.0213E-01  2.3961E-01 4.1382E-01 3.8446E-02   408
 4.0000E-02 3.0512E-01 2.4266E+00 1.7322E+00 6.9444E-01  2.3782E-01 4.1364E-01 3.8341E-02   408
 4.0000E-02 3.0616E-01 2.4167E+00 1.7300E+00 6.8674E-01  2.3602E-01 4.1346E-01 3.8227E-02   408
 4.0000E-02 3.0722E-01 2.4068E+00 1.7277E+00 6.7902E-01  2.3423E-01 4.1328E-01 3.8104E-02   408
 4.0000E-02 3.0828E-01 2.3968E+00 1.7254E+00 6.7135E-01  2.3242E-01 4.1311E-01 3.7979E-02   408
 4.0000E-02 3.0934E-01 2.3872E+00 1.7232E+00 6.6401E-01  2.3059E-01 4.1294E-01 3.7868E-02   408
 4.0000E-02 3.1042E-01 2.3776E+00 1.7209E+00 6.5668E-01  2.2876E-01 4.1276E-01 3.7750E-02   408
 4.0000E-02 3.1150E-01 2.3678E+00 1.7184E+00 6.4931E-01  2.2692E-01 4.1259E-01 3.7625E-02   408
 4.0000E-02 3.1259E-01 2.3578E+00 1.7159E+00 6.4195E-01  2.2508E-01 4.1241E-01 3.7493E-02   408
 4.0000E-02 3.1368E-01 2.3479E+00 1.7133E+00 6.3462E-01  2.2323E-01 4.1224E-01 3.7357E-02   408
 4.0000E-02 3.1479E-01 2.3379E+00 1.7106E+00 6.2732E-01  2.2148E-01 4.1223E-01 3.7216E-02   362
 4.0000E-02 3.1590E-01 2.3278E+00 1.7078E+00 6.2005E-01  2.1962E-01 4.1206E-01 3.7070E-02   362
 4.0000E-02 3.1702E-01 2.3177E+00 1.7049E+00 6.1284E-01  2.1775E-01 4.1189E-01 3.6920E-02   363
 4.0000E-02 3.1815E-01 2.3071E+00 1.7017E+00 6.0543E-01  2.1588E-01 4.1172E-01 3.6752E-02   363
 4.0000E-02 3.1929E-01 2.2965E+00 1.6984E+00 5.9803E-01  2.1402E-01 4.1156E-01 3.6576E-02   363
 4.0000E-02 3.2043E-01 2.2857E+00 1.6951E+00 5.9068E-01  2.1215E-01 4.1140E-01 3.6396E-02   363
 4.0000E-02 3.2158E-01 2.2752E+00 1.6917E+00 5.8353E-01  2.1029E-01 4.1124E-01 3.6219E-02   363
 4.0000E-02 3.2274E-01 2.2647E+00 1.6883E+00 5.7645E-01  2.0843E-01 4.1108E-01 3.6038E-02   363
 4.0000E-02 3.2391E-01 2.2541E+00 1.6847E+00 5.6942E-01  2.0657E-01 4.1092E-01 3.5854E-02   363
 4.0000E-02 3.2509E-01 2.2434E+00 1.6810E+00 5.6245E-01  2.0471E-01 4.1077E-01 3.5666E-02   363
 4.0000E-02 3.2628E-01 2.2327E+00 1.6772E+00 5.5555E-01  2.0285E-01 4.1061E-01 3.5476E-02   363
 4.0000E-02 3.2747E-01 2.2214E+00 1.6729E+00 5.4847E-01  2.0102E-01 4.1046E-01 3.5262E-02   363
 4.0000E-02 3.2868E-01 2.2103E+00 1.6686E+00 5.4165E-01  1.9918E-01 4.1031E-01 3.5059E-02   363
 4.0000E-02 3.2989E-01 2.1995E+00 1.6644E+00 5.3514E-01  1.9735E-01 4.1017E-01 3.4868E-02   363
 4.0000E-02 3.3111E-01 2.1891E+00 1.6602E+00 5.2894E-01  1.9551E-01 4.1002E-01 3.4692E-02   363
 4.0000E-02 3.3234E-01 2.1788E+00 1.6559E+00 5.2297E-01  1.9366E-01 4.0987E-01 3.4527E-02   363
 4.0000E-02 3.3358E-01 2.1688E+00 1.6516E+00 5.1729E-01  1.9180E-01 4.0972E-01 3.4376E-02   363
 4.0000E-02 3.3483E-01 2.1592E+00 1.6473E+00 5.1196E-01  1.8995E-01 4.0958E-01 3.4243E-02   363
 4.0000E-02 3.3609E-01 2.1506E+00 1.6433E+00 5.0732E-01  1.8807E-01 4.0943E-01 3.4153E-02   363
 4.0000E-02 3.3736E-01 2.1434E+00 1.6399E+00 5.0354E-01  1.8617E-01 4.0928E-01 3.4118E-02   363
 4.0000E-02 3.3864E-01 2.1370E+00 1.6367E+00 5.0027E-01  1.8426E-01 4.0913E-01 3.4116E-02   363
 4.0000E-02 3.3992E-01 2.1314E+00 1.6338E+00 4.9755E-01  1.8235E-01 4.0898E-01 3.4149E-02   363
 4.0000E-02 3.4122E-01 2.1266E+00 1.6312E+00 4.9541E-01  1.8042E-01 4.0882E-01 3.4220E-02   363
 4.0000E-02 3.4253E-01 2.1228E+00 1.6289E+00 4.9385E-01  1.7848E-01 4.0867E-01 3.4331E-02   363
 4.0000E-02 3.4385E-01 2.1197E+00 1.6269E+00 4.9288E-01  1.7653E-01 4.0852E-01 3.4482E-02   363
 4.0000E-02 3.4517E-01 2.1179E+00 1.6253E+00 4.9259E-01  1.7458E-01 4.0837E-01 3.4681E-02   363
 4.0000E-02 3.4651E-01 2.1172E+00 1.6243E+00 4.9295E-01  1.7261E-01 4.0822E-01 3.4927E-02   363
 4.0000E-02 3.4786E-01 2.1175E+00 1.6236E+00 4.9390E-01  1.7064E-01 4.0806E-01 3.5216E-02   363
 4.0000E-02 3.4922E-01 2.1187E+00 1.6233E+00 4.9545E-01  1.6867E-01 4.0791E-01 3.5548E-02   363
 4.0000E-02 3.5059E-01 2.1210E+00 1.6234E+00 4.9760E-01  1.6669E-01 4.0776E-01 3.5926E-02   363
 4.0000E-02 3.5197E-01 2.1243E+00 1.6239E+00 5.0039E-01  1.6471E-01 4.0761E-01 3.6352E-02   363
 4.0000E-02 3.5336E-01 2.1287E+00 1.6249E+00 5.0383E-01  1.6273E-01 4.0746E-01 3.6828E-02   363
 4.0000E-02 3.5476E-01 2.1341E+00 1.6263E+00 5.0785E-01  1.6075E-01 4.0731E-01 3.7349E-02   363
 4.0000E-02 3.5618E-01 2.1405E+00 1.6280E+00 5.1247E-01  1.5879E-01 4.0716E-01 3.7917E-02   363
 4.0000E-02 3.5760E-01 2.1479E+00 1.6302E+00 5.1768E-01  1.5682E-01 4.0701E-01 3.8532E-02   363
 4.0000E-02 3.5904E-01 2.1563E+00 1.6328E+00 5.2354E-01  1.5486E-01 4.0687E-01 3.9200E-02   363
 4.0000E-02 3.6048E-01 2.1658E+00 1.6357E+00 5.3005E-01  1.5290E-01 4.0672E-01 3.9921E-02   363
 4.0000E-02 3.6194E-01 2.1764E+00 1.6391E+00 5.3724E-01  1.5094E-01 4.0658E-01 4.0699E-02   363
 4.0000E-02 3.6341E-01 2.1880E+00 1.6429E+00 5.4513E-01  1.4899E-01 4.0643E-01 4.1536E-02   363
 4.0000E-02 3.6490E-01 2.2007E+00 1.6470E+00 5.5370E-01  1.4705E-01 4.0629E-01 4.2431E-02   363
 4.0000E-02 3.6639E-01 2.2146E+00 1.6516E+00 5.6303E-01  1.4511E-01 4.0615E-01 4.3389E-02   363
 4.0000E-02 3.6790E-01 2.2299E+00 1.6567E+00 5.7315E-01  1.4319E-01 4.0601E-01 4.4416E-02   363
 4.0000E-02 3.6942E-01 2.2464E+00 1.6623E+00 5.8412E-01  1.4128E-01 4.0587E-01 4.5514E-02   363
 4.0000E-02 3.7095E-01 2.2644E+00 1.6684E+00 5.9597E-01  1.3938E-01 4.0573E-01 4.6689E-02   363
 4.0000E-02 3.7250E-01 2.2839E+00 1.6752E+00 6.0880E-01  1.3750E-01 4.0560E-01 4.7949E-02   363
 4.0000E-02 3.7406E-01 2.3052E+00 1.6825E+00 6.2270E-01  1.3563E-01 4.0546E-01 4.9299E-02   363
 4.0000E-02 3.7563E-01 2.3282E+00 1.6906E+00 6.3762E-01  1.3379E-01 4.0533E-01 5.0740E-02   363
 4.0000E-02 3.7722E-01 2.3529E+00 1.6993E+00 6.5363E-01  1.3196E-01 4.0520E-01 5.2276E-02   363
 4.0000E-02 3.7881E-01 2.3795E+00 1.7087E+00 6.7083E-01  1.3015E-01 4.0507E-01 5.3919E-02   363
 4.0000E-02 3.8043E-01 2.4083E+00 1.7190E+00 6.8931E-01  1.2835E-01 4.0494E-01 5.5674E-02   363
 4.0000E-02 3.8205E-01 2.4392E+00 1.7301E+00 7.0913E-01  1.2657E-01 4.0481E-01 5.7551E-02   363
 4.0000E-02 3.8369E-01 2.4723E+00 1.7421E+00 7.3026E-01  1.2481E-01 4.0468E-01 5.9548E-02   363
 4.0000E-02 3.8534E-01 2.5078E+00 1.7550E+00 7.5285E-01  1.2306E-01 4.0455E-01 6.1678E-02   363
 4.0000E-02 3.8701E-01 2.5459E+00 1.7689E+00 7.7701E-01  1.2132E-01 4.0443E-01 6.3952E-02   363
 4.0000E-02 3.8870E-01 2.5869E+00 1.7840E+00 8.0288E-01  1.1960E-01 4.0430E-01 6.6384E-02   363
 4.0000E-02 3.9039E-01 2.6308E+00 1.8002E+00 8.3059E-01  1.1797E-01 4.0435E-01 6.8989E-02   323
 4.0000E-02 3.9211E-01 2.6777E+00 1.8176E+00 8.6009E-01  1.1625E-01 4.0422E-01 7.1765E-02   323
 4.0000E-02 3.9383E-01 2.7278E+00 1.8362E+00 8.9155E-01  1.1454E-01 4.0409E-01 7.4731E-02   323
 4.0000E-02 3.9558E-01 2.7813E+00 1.8561E+00 9.2512E-01  1.1282E-01 4.0397E-01 7.7903E-02   323
 4.0000E-02 3.9733E-01 2.8384E+00 1.8774E+00 9.6098E-01  1.1108E-01 4.0384E-01 8.1302E-02   323
 4.0000E-02 3.9911E-01 2.8997E+00 1.9003E+00 9.9934E-01  1.0933E-01 4.0371E-01 8.4950E-02   323
 4.0000E-02 4.0090E-01 2.9649E+00 1.9246E+00 1.0402E+00  1.0754E-01 4.0358E-01 8.8860E-02   323
 4.0000E-02 4.0270E-01 3.0342E+00 1.9504E+00 1.0838E+00  1.0572E-01 4.0345E-01 9.3051E-02   323
 4.0000E-02 4.0452E-01 3.1079E+00 1.9777E+00 1.1302E+00  1.0384E-01 4.0331E-01 9.7550E-02   323
 4.0000E-02 4.0636E-01 3.1862E+00 2.0065E+00 1.1797E+00  1.0189E-01 4.0318E-01 1.0239E-01   323
 4.0000E-02 4.0822E-01 3.2693E+00 2.0370E+00 1.2324E+00  9.9859E-02 4.0304E-01 1.0760E-01   323
 4.0000E-02 4.1009E-01 3.3574E+00 2.0689E+00 1.2885E+00  9.7723E-02 4.0290E-01 1.1322E-01   323
 4.0000E-02 4.1198E-01 3.4503E+00 2.1021E+00 1.3482E+00  9.5462E-02 4.0276E-01 1.1929E-01   323
 4.0000E-02 4.1389E-01 3.5481E+00 2.1364E+00 1.4116E+00  9.3046E-02 4.0261E-01 1.2584E-01   323
 4.0000E-02 4.1581E-01 3.6508E+00 2.1717E+00 1.4791E+00  9.0450E-02 4.0246E-01 1.3295E-01   323
 4.0000E-02 4.1776E-01 3.7586E+00 2.2078E+00 1.5509E+00  8.7646E-02 4.0232E-01 1.4068E-01   323
 4.0000E-02 4.1972E-01 3.8714E+00 2.2441E+00 1.6273E+00  8.4608E-02 4.0217E-01 1.4909E-01   323
 4.0000E-02 4.2170E-01 3.9889E+00 2.2804E+00 1.7085E+00  8.1323E-02 4.0203E-01 1.5826E-01   323
 4.0000E-02 4.2370E-01 4.1112E+00 2.3163E+00 1.7949E+00  7.7783E-02 4.0189E-01 1.6827E-01   323
 4.0000E-02 4.2571E-01 4.2383E+00 2.3514E+00 1.8869E+00  7.3998E-02 4.0176E-01 1.7919E-01   323
 4.0000E-02 4.2775E-01 4.3706E+00 2.3857E+00 1.9849E+00  7.0001E-02 4.0163E-01 1.9108E-01   323
 4.0000E-02 4.2981E-01 4.5079E+00 2.4189E+00 2.0890E+00  6.5848E-02 4.0152E-01 2.0395E-01   323
 4.0000E-02 4.3188E-01 4.6506E+00 2.4512E+00 2.1994E+00  6.1618E-02 4.0143E-01 2.1782E-01   323
 4.0000E-02 4.3398E-01 4.7992E+00 2.4831E+00 2.3161E+00  5.7397E-02 4.0134E-01 2.3263E-01   323
 4.0000E-02 4.3610E-01 4.9540E+00 2.5150E+00 2.4390E+00  5.3266E-02 4.0128E-01 2.4836E-01   323
 4.0000E-02 4.3824E-01 5.1151E+00 2.5475E+00 2.5676E+00  4.9314E-02 4.0122E-01 2.6484E-01   323
 4.0000E-02 4.4039E-01 5.2825E+00 2.5810E+00 2.7015E+00  4.5599E-02 4.0119E-01 2.8199E-01   323
 4.0000E-02 4.4257E-01 5.4559E+00 2.6160E+00 2.8399E+00  4.2159E-02 4.0116E-01 2.9967E-01   323
 4.0000E-02 4.4478E-01 5.6345E+00 2.6527E+00 2.9818E+00  3.9012E-02 4.0114E-01 3.1772E-01   323
 4.0000E-02 4.4700E-01 5.8169E+00 2.6910E+00 3.1259E+00  3.6159E-02 4.0113E-01 3.3595E-01   323
 4.0000E-02 4.4925E-01 6.0017E+00 2.7307E+00 3.2710E+00  3.3587E-02 4.0113E-01 3.5422E-01   323
 4.0000E-02 4.5152E-01 6.1870E+00 2.7713E+00 3.4157E+00  3.1265E-02 4.0113E-01 3.7237E-01   323
 4.0000E-02 4.5381E-01 6.3707E+00 2.8121E+00 3.5586E+00  2.9165E-02 4.0113E-01 3.9022E-01   323
 4.0000E-02 4.5612E-01 6.5492E+00 2.8523E+00 3.6969E+00  2.7264E-02 4.0113E-01 4.0749E-01   323
 4.0000E-02 4.5846E-01 6.7197E+00 2.8907E+00 3.8290E+00  2.5535E-02 4.0114E-01 4.2396E-01   323
 4.0000E-02 4.6082E-01 6.8784E+00 2.9264E+00 3.9520E+00  2.3950E-02 4.0114E-01 4.3935E-01   323
 4.0000E-02 4.6321E-01 7.0212E+00 2.9583E+00 4.0629E+00  2.2491E-02 4.0115E-01 4.5331E-01   323
 4.0000E-02 4.6563E-01 7.1443E+00 2.9853E+00 4.1590E+00  2.1139E-02 4.0115E-01 4.6553E-01   323
 4.0000E-02 4.6806E-01 7.2440E+00 3.0064E+00 4.2377E+00  1.9878E-02 4.0115E-01 4.7572E-01   323
 4.0000E-02 4.7053E-01 7.3168E+00 3.0206E+00 4.2962E+00  1.8695E-02 4.0115E-01 4.8358E-01   323
 4.0000E-02 4.7302E-01 7.3584E+00 3.0277E+00 4.3307E+00  1.7578E-02 4.0116E-01 4.8866E-01   323
 4.0000E-02 4.7553E-01 7.3688E+00 3.0272E+00 4.3417E+00  1.6517E-02 4.0116E-01 4.9101E-01   323
 4.0000E-02 4.7807E-01 7.3485E+00 3.0189E+00 4.3297E+00  1.5501E-02 4.0116E-01 4.9071E-01   323
 4.0000E-02 4.8065E-01 7.2985E+00 3.0031E+00 4.2955E+00  1.4524E-02 4.0116E-01 4.8783E-01   323
 4.0000E-02 4.8324E-01 7.2213E+00 2.9804E+00 4.2409E+00  1.3580E-02 4.0115E-01 4.8259E-01   323
 4.0000E-02 4.8587E-01 7.1201E+00 2.9515E+00 4.1687E+00  1.2663E-02 4.0115E-01 4.7527E-01   323
 4.0000E-02 4.8852E-01 6.9984E+00 2.9173E+00 4.0812E+00  1.1772E-02 4.0115E-01 4.6615E-01   323
 4.0000E-02 4.9121E-01 6.8600E+00 2.8788E+00 3.9812E+00  1.0906E-02 4.0115E-01 4.5555E-01   323
 4.0000E-02 4.9392E-01 6.7089E+00 2.8371E+00 3.8719E+00  1.0064E-02 4.0115E-01 4.4381E-01   323
 4.0000E-02 4.9667E-01 6.5505E+00 2.7938E+00 3.7567E+00  9.2565E-03 4.0115E-01 4.3131E-01   323
 4.0000E-02 4.9944E-01 6.3914E+00 2.7513E+00 3.6401E+00  8.5015E-03 4.0114E-01 4.1857E-01   323
 4.0000E-02 5.0225E-01 6.2308E+00 2.7081E+00 3.5227E+00  7.7705E-03 4.0114E-01 4.0567E-01   323
 4.0000E-02 5.0508E-01 6.0717E+00 2.6649E+00 3.4069E+00  7.0634E-03 4.0114E-01 3.9288E-01   323
 4.0000E-02 5.0795E-01 5.9167E+00 2.6221E+00 3.2946E+00  6.3812E-03 4.0113E-01 3.8045E-01   324
 4.0000E-02 5.1086E-01 5.7678E+00 2.5798E+00 3.1879E+00  5.7230E-03 4.0112E-01 3.6862E-01   324
 4.0000E-02 5.1379E-01 5.6262E+00 2.5376E+00 3.0885E+00  5.1223E-03 4.0132E-01 3.5759E-01   285
 4.0000E-02 5.1676E-01 5.4923E+00 2.4946E+00 2.9976E+00  4.5069E-03 4.0131E-01 3.4749E-01   285
 4.0000E-02 5.1977E-01 5.3652E+00 2.4496E+00 2.9156E+00  3.9055E-03 4.0131E-01 3.3840E-01   285
 4.0000E-02 5.2281E-01 5.2306E+00 2.3942E+00 2.8363E+00  3.2597E-03 4.0130E-01 3.2964E-01   285
 4.0000E-02 5.2588E-01 5.0860E+00 2.3310E+00 2.7551E+00  2.5774E-03 4.0130E-01 3.2066E-01   285
 4.0000E-02 5.2899E-01 4.9366E+00 2.2639E+00 2.6727E+00  1.8837E-03 4.0130E-01 3.1153E-01   285
 4.0000E-02 5.3214E-01 4.7821E+00 2.1938E+00 2.5883E+00  1.1781E-03 4.0129E-01 3.0215E-01   285
 4.0000E-02 5.3533E-01 4.6235E+00 2.1219E+00 2.5017E+00  4.5940E-04 4.0129E-01 2.9248E-01   285
 4.0000E-02 5.3855E-01 4.4624E+00 2.0491E+00 2.4133E+00 -2.7277E-04 4.0129E-01 2.8259E-01   285
 4.0000E-02 5.4182E-01 4.3005E+00 1.9765E+00 2.3241E+00 -1.0195E-03 4.0128E-01 2.7258E-01   285
 4.0000E-02 5.4512E-01 4.1394E+00 1.9043E+00 2.2351E+00 -1.7819E-03 4.0128E-01 2.6256E-01   285
 4.0000E-02 5.4847E-01 3.9798E+00 1.8328E+00 2.1471E+00 -2.5607E-03 4.0127E-01 2.5264E-01   285
 4.0000E-02 5.5185E-01 3.8262E+00 1.7640E+00 2.0623E+00 -3.3362E-03 4.0127E-01 2.4307E-01   285
 4.0000E-02 5.5528E-01 3.6746E+00 1.6949E+00 1.9797E+00 -4.1238E-03 4.0126E-01 2.3374E-01   285
 4.0000E-02 5.5875E-01 3.5237E+00 1.6254E+00 1.8983E+00 -4.9261E-03 4.0126E-01 2.2453E-01   285
 4.0000E-02 5.6226E-01 3.3732E+00 1.5554E+00 1.8178E+00 -5.7426E-03 4.0126E-01 2.1539E-01   285
 4.0000E-02 5.6582E-01 3.2229E+00 1.4858E+00 1.7371E+00 -6.5728E-03 4.0126E-01 2.0621E-01   285
 4.0000E-02 5.6943E-01 3.0737E+00 1.4177E+00 1.6560E+00 -7.4157E-03 4.0126E-01 1.9693E-01   285
 4.0000E-02 5.7308E-01 2.9273E+00 1.3530E+00 1.5743E+00 -8.2678E-03 4.0125E-01 1.8755E-01   285
 4.0000E-02 5.7677E-01 2.7866E+00 1.2941E+00 1.4925E+00 -9.1243E-03 4.0125E-01 1.7813E-01   285
 4.0000E-02 5.8052E-01 2.6548E+00 1.2428E+00 1.4120E+00 -9.9757E-03 4.0124E-01 1.6881E-01   285
 4.0000E-02 5.8431E-01 2.5344E+00 1.2006E+00 1.3337E+00 -1.0817E-02 4.0124E-01 1.5974E-01   285
 4.0000E-02 5.8816E-01 2.4275E+00 1.1678E+00 1.2597E+00 -1.1633E-02 4.0123E-01 1.5112E-01   285
 4.0000E-02 5.9205E-01 2.3350E+00 1.1437E+00 1.1913E+00 -1.2412E-02 4.0122E-01 1.4316E-01   285
 4.0000E-02 5.9600E-01 2.2564E+00 1.1272E+00 1.1292E+00 -1.3148E-02 4.0122E-01 1.3591E-01   285
 4.0000E-02 6.0000E-01 2.1909E+00 1.1172E+00 1.0737E+00 -1.3834E-02 4.0121E-01 1.2943E-01   285
