 DDSCAT --- DDSCAT 7.3.3 [22.01.20]   
 TARGET --->TARGSPHER  spherical target with explicit spacing                 
 GPFAFT --- method of solution 
 FLTRCD --- prescription for polarizabilities
 FROM_FILE --- shape 
    4169 = NAT0 = number of dipoles
 ../../diel/Pena-Rioux_dielectric_26Au_74Ag                  
 ../../diel/Pena-Rioux_dielectric_52Au_48Ag                  
 ../../diel/Pena-Rioux_dielectric_92Au_8Ag                   
   0.000   0.000 = beta_min, beta_max ;  NBETA = 1
   0.000   0.000 = theta_min, theta_max; NTHETA= 1
   0.000   0.000 = phi_min, phi_max   ;   NPHI = 1
 Results averaged over    1 target orientations
                   and  2 incident polarizations
   aeff       wave       Q_pha       Q_pol       Q_cpol
 1.0000E-03 3.0000E-01  2.1735E-02  1.4901E-08  7.4506E-09
 1.0000E-03 3.0101E-01  2.1540E-02  2.9802E-08 -2.6077E-08
 1.0000E-03 3.0203E-01  2.1341E-02  4.4703E-08  7.8231E-08
 1.0000E-03 3.0305E-01  2.1137E-02  3.0547E-07 -1.3039E-08
 1.0000E-03 3.0408E-01  2.0929E-02 -5.2154E-08  2.2352E-08
 1.0000E-03 3.0512E-01  2.0716E-02 -8.1956E-08 -1.1176E-08
 1.0000E-03 3.0616E-01  2.0499E-02 -1.3411E-07 -3.5390E-08
 1.0000E-03 3.0722E-01  2.0276E-02  5.9605E-08  7.4506E-09
 1.0000E-03 3.0828E-01  2.0054E-02  9.6858E-08 -2.6077E-08
 1.0000E-03 3.0934E-01  1.9844E-02 -1.5646E-07  5.7742E-08
 1.0000E-03 3.1042E-01  1.9630E-02 -9.6858E-08 -3.1665E-08
 1.0000E-03 3.1150E-01  1.9411E-02 -1.1176E-07 -1.6764E-08
 1.0000E-03 3.1259E-01  1.9188E-02 -7.4506E-09 -4.4703E-08
 1.0000E-03 3.1368E-01  1.8960E-02  1.1921E-07  0.0000E+00
 1.0000E-03 3.1479E-01  1.8727E-02 -1.4901E-08 -7.4506E-09
 1.0000E-03 3.1590E-01  1.8489E-02  2.0862E-07  2.4214E-08
 1.0000E-03 3.1702E-01  1.8246E-02 -2.2352E-08  1.8626E-08
 1.0000E-03 3.1815E-01  1.7999E-02 -2.9802E-08 -9.3132E-09
 1.0000E-03 3.1929E-01  1.7742E-02  1.1921E-07  5.0291E-08
 1.0000E-03 3.2043E-01  1.7474E-02 -4.4703E-08 -3.5390E-08
 1.0000E-03 3.2158E-01  1.7195E-02 -8.1956E-08  4.0978E-08
 1.0000E-03 3.2274E-01  1.6905E-02 -8.9407E-08 -5.5879E-09
 1.0000E-03 3.2391E-01  1.6603E-02  2.3842E-07 -8.1956E-08
 1.0000E-03 3.2509E-01  1.6289E-02  4.4703E-08 -9.3132E-09
 1.0000E-03 3.2628E-01  1.5963E-02 -1.6391E-07  2.9802E-08
 1.0000E-03 3.2747E-01  1.5588E-02  7.4506E-09 -3.3528E-08
 1.0000E-03 3.2868E-01  1.5199E-02  7.4506E-08 -3.2596E-08
 1.0000E-03 3.2989E-01  1.4800E-02  1.1921E-07  7.4506E-09
 1.0000E-03 3.3111E-01  1.4388E-02  1.4156E-07  2.7940E-09
 1.0000E-03 3.3234E-01  1.3962E-02 -1.3411E-07 -1.3039E-08
 1.0000E-03 3.3358E-01  1.3523E-02  1.1176E-07 -9.3132E-09
 1.0000E-03 3.3483E-01  1.3069E-02 -6.7055E-08 -3.7253E-09
 1.0000E-03 3.3609E-01  1.2601E-02 -5.9605E-08 -9.3132E-10
 1.0000E-03 3.3736E-01  1.2128E-02  0.0000E+00 -1.9558E-08
 1.0000E-03 3.3864E-01  1.1651E-02  3.7253E-08 -1.8626E-09
 1.0000E-03 3.3992E-01  1.1169E-02  1.4156E-07  1.2107E-08
 1.0000E-03 3.4122E-01  1.0680E-02 -6.7055E-08  2.5146E-08
 1.0000E-03 3.4253E-01  1.0186E-02  2.9802E-08 -5.5879E-09
 1.0000E-03 3.4385E-01  9.6831E-03  0.0000E+00 -1.7695E-08
 1.0000E-03 3.4517E-01  9.1795E-03  8.1956E-08 -1.6764E-08
 1.0000E-03 3.4651E-01  8.6862E-03 -7.4506E-09  1.2107E-08
 1.0000E-03 3.4786E-01  8.1959E-03 -1.7881E-07 -5.5879E-09
 1.0000E-03 3.4922E-01  7.7082E-03 -7.4506E-09 -1.3970E-09
 1.0000E-03 3.5059E-01  7.2232E-03  1.4156E-07 -1.5367E-08
 1.0000E-03 3.5197E-01  6.7407E-03  4.4703E-08  4.6566E-09
 1.0000E-03 3.5336E-01  6.2605E-03 -8.1956E-08 -3.7253E-09
 1.0000E-03 3.5476E-01  5.7935E-03 -5.9605E-08 -2.7940E-09
 1.0000E-03 3.5618E-01  5.3390E-03  1.4901E-08 -1.2107E-08
 1.0000E-03 3.5760E-01  4.8941E-03  0.0000E+00  1.1642E-08
 1.0000E-03 3.5904E-01  4.4597E-03  2.2352E-08 -7.4506E-09
 1.0000E-03 3.6048E-01  4.0360E-03  1.4901E-08  9.3132E-10
 1.0000E-03 3.6194E-01  3.6253E-03 -2.9802E-08  2.3283E-09
 1.0000E-03 3.6341E-01  3.2313E-03 -4.4703E-08 -6.9849E-10
 1.0000E-03 3.6490E-01  2.8583E-03 -3.7253E-08  4.1910E-09
 1.0000E-03 3.6639E-01  2.5017E-03  3.7253E-08 -1.1642E-09
 1.0000E-03 3.6790E-01  2.1631E-03 -1.4901E-08  2.5611E-09
 1.0000E-03 3.6942E-01  1.8447E-03  5.2154E-08 -5.9372E-09
 1.0000E-03 3.7095E-01  1.5491E-03 -2.2352E-08 -1.1642E-10
 1.0000E-03 3.7250E-01  1.2801E-03 -8.9407E-08 -3.4925E-10
 1.0000E-03 3.7406E-01  1.0369E-03 -8.9407E-08  1.6298E-09
 1.0000E-03 3.7563E-01  8.1870E-04  4.4703E-08 -5.8208E-10
 1.0000E-03 3.7722E-01  6.2874E-04 -2.5332E-07 -3.3760E-09
 1.0000E-03 3.7881E-01  4.7065E-04  2.4587E-07  2.2410E-09
 1.0000E-03 3.8043E-01  3.4854E-04  2.2352E-08 -7.4506E-09
 1.0000E-03 3.8205E-01  2.6633E-04 -2.1607E-07  1.7666E-08
 1.0000E-03 3.8369E-01  2.2005E-04 -7.4506E-08 -2.4098E-08
 1.0000E-03 3.8534E-01  2.1353E-04 -2.5332E-07 -4.5547E-09
 1.0000E-03 3.8701E-01  2.5344E-04 -4.2468E-07 -9.4878E-09
 1.0000E-03 3.8870E-01  3.4543E-04 -1.1176E-07  1.7026E-07
 1.0000E-03 3.9039E-01  4.9637E-04 -8.2701E-07 -3.2835E-07
 1.0000E-03 3.9211E-01  7.0461E-04  4.9174E-07  1.3033E-07
 1.0000E-03 3.9383E-01  9.7622E-04  1.4901E-07  1.4703E-07
 1.0000E-03 3.9558E-01  1.3200E-03  6.8545E-07 -2.4249E-07
 1.0000E-03 3.9733E-01  1.7460E-03  1.3411E-07 -1.0943E-08
 1.0000E-03 3.9911E-01  2.2648E-03  4.3213E-07  1.4738E-07
 1.0000E-03 4.0090E-01  2.8814E-03 -7.4506E-08  1.2573E-08
 1.0000E-03 4.0270E-01  3.6049E-03 -7.4506E-08 -1.3039E-08
 1.0000E-03 4.0452E-01  4.4508E-03  3.2783E-07  8.3819E-09
 1.0000E-03 4.0636E-01  5.4344E-03 -2.9802E-08 -4.3772E-08
 1.0000E-03 4.0822E-01  6.5719E-03 -4.4703E-07 -4.2841E-08
 1.0000E-03 4.1009E-01  7.8767E-03  2.6822E-07 -3.9116E-08
 1.0000E-03 4.1198E-01  9.3646E-03 -4.4703E-07 -4.6287E-07
 1.0000E-03 4.1389E-01  1.1052E-02  4.7684E-07 -4.2282E-07
 1.0000E-03 4.1581E-01  1.2958E-02 -1.3411E-07  4.6566E-09
 1.0000E-03 4.1776E-01  1.5091E-02  1.7881E-07 -9.5926E-08
 1.0000E-03 4.1972E-01  1.7457E-02  1.4901E-08  7.6368E-08
 1.0000E-03 4.2170E-01  2.0048E-02  5.9605E-08 -7.8231E-08
 1.0000E-03 4.2370E-01  2.2847E-02 -2.6822E-07  1.1735E-07
 1.0000E-03 4.2571E-01  2.5828E-02 -8.6427E-07 -3.3528E-08
 1.0000E-03 4.2775E-01  2.8951E-02  5.5134E-07 -6.1467E-08
 1.0000E-03 4.2981E-01  3.2168E-02 -1.1921E-07  4.6194E-07
 1.0000E-03 4.3188E-01  3.5435E-02  1.6391E-07 -3.7253E-08
 1.0000E-03 4.3398E-01  3.8710E-02  7.4506E-08  1.1921E-07
 1.0000E-03 4.3610E-01  4.1954E-02  4.0233E-07 -1.5274E-07
 1.0000E-03 4.3824E-01  4.5121E-02 -4.1723E-07 -1.2293E-07
 1.0000E-03 4.4039E-01  4.8201E-02 -4.4703E-07 -1.0058E-07
 1.0000E-03 4.4257E-01  5.1169E-02  1.4901E-07  2.1979E-07
 1.0000E-03 4.4478E-01  5.3994E-02 -2.9802E-08 -1.7881E-07
 1.0000E-03 4.4700E-01  5.6654E-02 -7.4506E-08  7.8231E-08
 1.0000E-03 4.4925E-01  5.9135E-02 -6.4075E-07  2.6077E-08
 1.0000E-03 4.5152E-01  6.1411E-02  3.8743E-07  1.8254E-07
 1.0000E-03 4.5381E-01  6.3460E-02 -2.8312E-07 -1.4901E-08
 1.0000E-03 4.5612E-01  6.5280E-02  1.7881E-07 -1.3411E-07
 1.0000E-03 4.5846E-01  6.6870E-02 -4.4703E-08  6.7055E-08
 1.0000E-03 4.6082E-01  6.8229E-02  1.4901E-08  8.1956E-08
 1.0000E-03 4.6321E-01  6.9370E-02 -1.3411E-07 -2.9802E-08
 1.0000E-03 4.6563E-01  7.0324E-02  2.9802E-08 -3.7253E-08
 1.0000E-03 4.6806E-01  7.1112E-02  0.0000E+00  8.1956E-08
 1.0000E-03 4.7053E-01  7.1763E-02  2.9802E-08 -5.2154E-08
 1.0000E-03 4.7302E-01  7.2309E-02 -5.7369E-07  1.1176E-07
 1.0000E-03 4.7553E-01  7.2782E-02 -2.2352E-08 -3.7253E-08
 1.0000E-03 4.7807E-01  7.3202E-02 -8.1956E-08  6.7055E-08
 1.0000E-03 4.8065E-01  7.3589E-02  3.1292E-07 -2.9802E-08
 1.0000E-03 4.8324E-01  7.3960E-02 -1.4901E-08 -1.6391E-07
 1.0000E-03 4.8587E-01  7.4309E-02  2.7567E-07 -2.9802E-08
 1.0000E-03 4.8852E-01  7.4633E-02 -3.7998E-07 -7.4506E-08
 1.0000E-03 4.9121E-01  7.4923E-02  2.2352E-07  1.1921E-07
 1.0000E-03 4.9392E-01  7.5151E-02 -3.6508E-07  5.9605E-08
 1.0000E-03 4.9667E-01  7.5292E-02  2.9802E-07  9.6858E-08
 1.0000E-03 4.9944E-01  7.5325E-02 -1.6391E-07 -2.8312E-07
 1.0000E-03 5.0225E-01  7.5221E-02  2.9802E-08 -2.9057E-07
 1.0000E-03 5.0508E-01  7.4959E-02  2.9057E-07  1.4901E-08
 1.0000E-03 5.0795E-01  7.4530E-02  5.1782E-07  5.2154E-08
 1.0000E-03 5.1086E-01  7.3924E-02 -6.7055E-07 -1.1921E-07
 1.0000E-03 5.1379E-01  7.3144E-02  9.6858E-08 -1.6391E-07
 1.0000E-03 5.1676E-01  7.2203E-02  5.2154E-08  7.4506E-08
 1.0000E-03 5.1977E-01  7.1114E-02 -1.8254E-07  3.0547E-07
 1.0000E-03 5.2281E-01  6.9903E-02 -6.7800E-07 -8.9407E-08
 1.0000E-03 5.2588E-01  6.8596E-02 -3.1665E-07 -2.6077E-07
 1.0000E-03 5.2899E-01  6.7214E-02  1.0021E-06  5.2154E-08
 1.0000E-03 5.3214E-01  6.5787E-02 -2.9802E-08  1.1176E-07
 1.0000E-03 5.3533E-01  6.4335E-02 -1.0058E-07 -1.6391E-07
 1.0000E-03 5.3855E-01  6.2875E-02  1.0058E-07 -7.4506E-09
 1.0000E-03 5.4182E-01  6.1425E-02  7.4506E-09 -3.7253E-08
 1.0000E-03 5.4512E-01  5.9998E-02  2.0489E-08 -1.8626E-07
 1.0000E-03 5.4847E-01  5.8609E-02 -5.7928E-07  6.3330E-08
 1.0000E-03 5.5185E-01  5.7273E-02  2.4401E-07 -3.7253E-08
 1.0000E-03 5.5528E-01  5.5999E-02 -3.0175E-07  2.2352E-08
 1.0000E-03 5.5875E-01  5.4795E-02 -9.6112E-07  4.1351E-07
 1.0000E-03 5.6226E-01  5.3662E-02  4.1910E-07  2.6450E-07
 1.0000E-03 5.6582E-01  5.2593E-02  3.2596E-07 -2.3469E-07
 1.0000E-03 5.6943E-01  5.1582E-02 -9.5926E-08 -3.1665E-07
 1.0000E-03 5.7308E-01  5.0615E-02  1.5460E-06 -1.2666E-07
 1.0000E-03 5.7677E-01  4.9681E-02  1.0319E-06 -1.5274E-07
 1.0000E-03 5.8052E-01  4.8770E-02 -7.6555E-07 -1.0803E-07
 1.0000E-03 5.8431E-01  4.7884E-02 -1.3039E-08 -1.4603E-06
 1.0000E-03 5.8816E-01  4.7030E-02 -3.7253E-08  4.8429E-07
 1.0000E-03 5.9205E-01  4.6216E-02 -7.5810E-07  1.1511E-06
 1.0000E-03 5.9600E-01  4.5445E-02  1.5926E-07 -1.2666E-06
 1.0000E-03 6.0000E-01  4.4714E-02 -1.2564E-06 -8.5682E-08
