 DDSCAT --- DDSCAT 7.3.3 [22.01.20]   
 TARGET --->TARGSPHER  spherical target with explicit spacing                 
 GPFAFT --- method of solution 
 FLTRCD --- prescription for polarizabilities
 FROM_FILE --- shape 
    4169 = NAT0 = number of dipoles
 ../../diel/Pena-Rioux_dielectric_26Au_74Ag                  
 ../../diel/Pena-Rioux_dielectric_65Au_35Ag                  
 ../../diel/Au_evap                                          
   0.000   0.000 = beta_min, beta_max ;  NBETA = 1
   0.000   0.000 = theta_min, theta_max; NTHETA= 1
   0.000   0.000 = phi_min, phi_max   ;   NPHI = 1
 0.5000 = ETASCA (param. controlling # of scatt. dirs used to calculate <cos> etc.
 Results averaged over    1 target orientations
                   and  2 incident polarizations
   aeff       wave       Q_ext     Q_abs      Q_sca     g(1)=<cos>  <cos^2>    Q_bk       Nsca
 4.0000E-02 3.0000E-01 2.5984E+00 1.7915E+00 8.0695E-01  2.4777E-01 4.1396E-01 4.2279E-02   408
 4.0000E-02 3.0101E-01 2.5913E+00 1.7911E+00 8.0014E-01  2.4601E-01 4.1378E-01 4.2285E-02   408
 4.0000E-02 3.0203E-01 2.5843E+00 1.7908E+00 7.9352E-01  2.4420E-01 4.1360E-01 4.2297E-02   408
 4.0000E-02 3.0305E-01 2.5774E+00 1.7905E+00 7.8693E-01  2.4241E-01 4.1342E-01 4.2300E-02   408
 4.0000E-02 3.0408E-01 2.5704E+00 1.7901E+00 7.8031E-01  2.4063E-01 4.1325E-01 4.2295E-02   408
 4.0000E-02 3.0512E-01 2.5635E+00 1.7898E+00 7.7369E-01  2.3885E-01 4.1307E-01 4.2283E-02   408
 4.0000E-02 3.0616E-01 2.5565E+00 1.7894E+00 7.6706E-01  2.3707E-01 4.1290E-01 4.2263E-02   408
 4.0000E-02 3.0722E-01 2.5494E+00 1.7890E+00 7.6044E-01  2.3531E-01 4.1273E-01 4.2237E-02   408
 4.0000E-02 3.0828E-01 2.5426E+00 1.7887E+00 7.5395E-01  2.3354E-01 4.1256E-01 4.2210E-02   408
 4.0000E-02 3.0934E-01 2.5363E+00 1.7885E+00 7.4782E-01  2.3175E-01 4.1239E-01 4.2201E-02   408
 4.0000E-02 3.1042E-01 2.5299E+00 1.7883E+00 7.4170E-01  2.2997E-01 4.1222E-01 4.2187E-02   408
 4.0000E-02 3.1150E-01 2.5234E+00 1.7880E+00 7.3544E-01  2.2824E-01 4.1206E-01 4.2154E-02   408
 4.0000E-02 3.1259E-01 2.5168E+00 1.7877E+00 7.2915E-01  2.2653E-01 4.1190E-01 4.2112E-02   408
 4.0000E-02 3.1368E-01 2.5102E+00 1.7873E+00 7.2289E-01  2.2482E-01 4.1175E-01 4.2064E-02   408
 4.0000E-02 3.1479E-01 2.5036E+00 1.7870E+00 7.1661E-01  2.2322E-01 4.1174E-01 4.2011E-02   362
 4.0000E-02 3.1590E-01 2.4970E+00 1.7866E+00 7.1038E-01  2.2151E-01 4.1159E-01 4.1953E-02   362
 4.0000E-02 3.1702E-01 2.4903E+00 1.7862E+00 7.0415E-01  2.1980E-01 4.1143E-01 4.1890E-02   363
 4.0000E-02 3.1815E-01 2.4832E+00 1.7856E+00 6.9766E-01  2.1811E-01 4.1128E-01 4.1804E-02   363
 4.0000E-02 3.1929E-01 2.4759E+00 1.7848E+00 6.9109E-01  2.1643E-01 4.1114E-01 4.1706E-02   363
 4.0000E-02 3.2043E-01 2.4685E+00 1.7841E+00 6.8449E-01  2.1474E-01 4.1099E-01 4.1598E-02   363
 4.0000E-02 3.2158E-01 2.4615E+00 1.7833E+00 6.7818E-01  2.1296E-01 4.1084E-01 4.1509E-02   363
 4.0000E-02 3.2274E-01 2.4542E+00 1.7824E+00 6.7179E-01  2.1119E-01 4.1069E-01 4.1407E-02   363
 4.0000E-02 3.2391E-01 2.4468E+00 1.7815E+00 6.6536E-01  2.0944E-01 4.1055E-01 4.1295E-02   363
 4.0000E-02 3.2509E-01 2.4393E+00 1.7804E+00 6.5886E-01  2.0770E-01 4.1041E-01 4.1171E-02   363
 4.0000E-02 3.2628E-01 2.4315E+00 1.7792E+00 6.5232E-01  2.0597E-01 4.1027E-01 4.1038E-02   363
 4.0000E-02 3.2747E-01 2.4228E+00 1.7776E+00 6.4526E-01  2.0431E-01 4.1014E-01 4.0857E-02   363
 4.0000E-02 3.2868E-01 2.4142E+00 1.7759E+00 6.3834E-01  2.0264E-01 4.1001E-01 4.0679E-02   363
 4.0000E-02 3.2989E-01 2.4057E+00 1.7742E+00 6.3157E-01  2.0097E-01 4.0988E-01 4.0504E-02   363
 4.0000E-02 3.3111E-01 2.3974E+00 1.7724E+00 6.2498E-01  1.9931E-01 4.0975E-01 4.0334E-02   363
 4.0000E-02 3.3234E-01 2.3888E+00 1.7705E+00 6.1830E-01  1.9769E-01 4.0963E-01 4.0152E-02   363
 4.0000E-02 3.3358E-01 2.3803E+00 1.7686E+00 6.1169E-01  1.9611E-01 4.0951E-01 3.9965E-02   363
 4.0000E-02 3.3483E-01 2.3718E+00 1.7666E+00 6.0525E-01  1.9452E-01 4.0939E-01 3.9786E-02   363
 4.0000E-02 3.3609E-01 2.3641E+00 1.7649E+00 5.9930E-01  1.9292E-01 4.0926E-01 3.9636E-02   363
 4.0000E-02 3.3736E-01 2.3575E+00 1.7635E+00 5.9403E-01  1.9129E-01 4.0914E-01 3.9529E-02   363
 4.0000E-02 3.3864E-01 2.3514E+00 1.7623E+00 5.8917E-01  1.8964E-01 4.0902E-01 3.9448E-02   363
 4.0000E-02 3.3992E-01 2.3460E+00 1.7613E+00 5.8472E-01  1.8797E-01 4.0889E-01 3.9394E-02   363
 4.0000E-02 3.4122E-01 2.3411E+00 1.7605E+00 5.8069E-01  1.8627E-01 4.0876E-01 3.9369E-02   363
 4.0000E-02 3.4253E-01 2.3370E+00 1.7599E+00 5.7709E-01  1.8455E-01 4.0864E-01 3.9372E-02   363
 4.0000E-02 3.4385E-01 2.3331E+00 1.7594E+00 5.7374E-01  1.8281E-01 4.0851E-01 3.9393E-02   363
 4.0000E-02 3.4517E-01 2.3303E+00 1.7593E+00 5.7104E-01  1.8103E-01 4.0838E-01 3.9461E-02   363
 4.0000E-02 3.4651E-01 2.3287E+00 1.7596E+00 5.6902E-01  1.7921E-01 4.0824E-01 3.9579E-02   363
 4.0000E-02 3.4786E-01 2.3280E+00 1.7604E+00 5.6757E-01  1.7735E-01 4.0811E-01 3.9738E-02   363
 4.0000E-02 3.4922E-01 2.3283E+00 1.7616E+00 5.6669E-01  1.7546E-01 4.0797E-01 3.9941E-02   363
 4.0000E-02 3.5059E-01 2.3296E+00 1.7632E+00 5.6640E-01  1.7354E-01 4.0783E-01 4.0188E-02   363
 4.0000E-02 3.5197E-01 2.3320E+00 1.7653E+00 5.6671E-01  1.7158E-01 4.0769E-01 4.0482E-02   363
 4.0000E-02 3.5336E-01 2.3354E+00 1.7678E+00 5.6766E-01  1.6959E-01 4.0754E-01 4.0825E-02   363
 4.0000E-02 3.5476E-01 2.3405E+00 1.7710E+00 5.6948E-01  1.6756E-01 4.0740E-01 4.1236E-02   363
 4.0000E-02 3.5618E-01 2.3473E+00 1.7750E+00 5.7226E-01  1.6550E-01 4.0725E-01 4.1721E-02   363
 4.0000E-02 3.5760E-01 2.3551E+00 1.7795E+00 5.7561E-01  1.6341E-01 4.0710E-01 4.2254E-02   363
 4.0000E-02 3.5904E-01 2.3640E+00 1.7845E+00 5.7957E-01  1.6130E-01 4.0695E-01 4.2837E-02   363
 4.0000E-02 3.6048E-01 2.3741E+00 1.7900E+00 5.8415E-01  1.5918E-01 4.0680E-01 4.3474E-02   363
 4.0000E-02 3.6194E-01 2.3853E+00 1.7960E+00 5.8939E-01  1.5703E-01 4.0665E-01 4.4167E-02   363
 4.0000E-02 3.6341E-01 2.3978E+00 1.8025E+00 5.9530E-01  1.5487E-01 4.0650E-01 4.4919E-02   363
 4.0000E-02 3.6490E-01 2.4114E+00 1.8096E+00 6.0182E-01  1.5270E-01 4.0635E-01 4.5725E-02   363
 4.0000E-02 3.6639E-01 2.4261E+00 1.8171E+00 6.0899E-01  1.5051E-01 4.0620E-01 4.6589E-02   363
 4.0000E-02 3.6790E-01 2.4421E+00 1.8253E+00 6.1680E-01  1.4831E-01 4.0605E-01 4.7513E-02   363
 4.0000E-02 3.6942E-01 2.4594E+00 1.8341E+00 6.2528E-01  1.4610E-01 4.0590E-01 4.8499E-02   363
 4.0000E-02 3.7095E-01 2.4777E+00 1.8433E+00 6.3433E-01  1.4389E-01 4.0575E-01 4.9541E-02   363
 4.0000E-02 3.7250E-01 2.4970E+00 1.8530E+00 6.4396E-01  1.4167E-01 4.0560E-01 5.0641E-02   363
 4.0000E-02 3.7406E-01 2.5173E+00 1.8631E+00 6.5413E-01  1.3942E-01 4.0546E-01 5.1798E-02   363
 4.0000E-02 3.7563E-01 2.5385E+00 1.8737E+00 6.6480E-01  1.3719E-01 4.0531E-01 5.3007E-02   363
 4.0000E-02 3.7722E-01 2.5608E+00 1.8847E+00 6.7602E-01  1.3494E-01 4.0517E-01 5.4276E-02   363
 4.0000E-02 3.7881E-01 2.5841E+00 1.8962E+00 6.8784E-01  1.3269E-01 4.0503E-01 5.5609E-02   363
 4.0000E-02 3.8043E-01 2.6085E+00 1.9083E+00 7.0030E-01  1.3043E-01 4.0489E-01 5.7009E-02   363
 4.0000E-02 3.8205E-01 2.6336E+00 1.9206E+00 7.1308E-01  1.2816E-01 4.0475E-01 5.8456E-02   363
 4.0000E-02 3.8369E-01 2.6588E+00 1.9329E+00 7.2587E-01  1.2589E-01 4.0462E-01 5.9920E-02   363
 4.0000E-02 3.8534E-01 2.6851E+00 1.9458E+00 7.3931E-01  1.2361E-01 4.0449E-01 6.1457E-02   363
 4.0000E-02 3.8701E-01 2.7125E+00 1.9591E+00 7.5342E-01  1.2132E-01 4.0436E-01 6.3071E-02   363
 4.0000E-02 3.8870E-01 2.7412E+00 1.9730E+00 7.6822E-01  1.1903E-01 4.0423E-01 6.4764E-02   363
 4.0000E-02 3.9039E-01 2.7713E+00 1.9874E+00 7.8387E-01  1.1679E-01 4.0428E-01 6.6553E-02   323
 4.0000E-02 3.9211E-01 2.8027E+00 2.0024E+00 8.0026E-01  1.1446E-01 4.0415E-01 6.8426E-02   323
 4.0000E-02 3.9383E-01 2.8354E+00 2.0180E+00 8.1742E-01  1.1213E-01 4.0403E-01 7.0391E-02   323
 4.0000E-02 3.9558E-01 2.8696E+00 2.0341E+00 8.3552E-01  1.0979E-01 4.0391E-01 7.2462E-02   323
 4.0000E-02 3.9733E-01 2.9055E+00 2.0509E+00 8.5458E-01  1.0743E-01 4.0379E-01 7.4646E-02   323
 4.0000E-02 3.9911E-01 2.9442E+00 2.0688E+00 8.7539E-01  1.0506E-01 4.0367E-01 7.7008E-02   323
 4.0000E-02 4.0090E-01 2.9848E+00 2.0875E+00 8.9735E-01  1.0267E-01 4.0355E-01 7.9504E-02   323
 4.0000E-02 4.0270E-01 3.0274E+00 2.1069E+00 9.2051E-01  1.0029E-01 4.0344E-01 8.2140E-02   323
 4.0000E-02 4.0452E-01 3.0722E+00 2.1272E+00 9.4497E-01  9.7890E-02 4.0333E-01 8.4927E-02   323
 4.0000E-02 4.0636E-01 3.1193E+00 2.1484E+00 9.7088E-01  9.5486E-02 4.0322E-01 8.7879E-02   323
 4.0000E-02 4.0822E-01 3.1689E+00 2.1707E+00 9.9823E-01  9.3075E-02 4.0311E-01 9.1003E-02   323
 4.0000E-02 4.1009E-01 3.2211E+00 2.1939E+00 1.0271E+00  9.0662E-02 4.0301E-01 9.4308E-02   323
 4.0000E-02 4.1198E-01 3.2759E+00 2.2183E+00 1.0576E+00  8.8243E-02 4.0290E-01 9.7804E-02   323
 4.0000E-02 4.1389E-01 3.3332E+00 2.2437E+00 1.0895E+00  8.5825E-02 4.0280E-01 1.0147E-01   323
 4.0000E-02 4.1581E-01 3.3926E+00 2.2701E+00 1.1225E+00  8.3410E-02 4.0271E-01 1.0529E-01   323
 4.0000E-02 4.1776E-01 3.4549E+00 2.2978E+00 1.1572E+00  8.0994E-02 4.0261E-01 1.0931E-01   323
 4.0000E-02 4.1972E-01 3.5201E+00 2.3267E+00 1.1935E+00  7.8586E-02 4.0252E-01 1.1354E-01   323
 4.0000E-02 4.2170E-01 3.5880E+00 2.3568E+00 1.2312E+00  7.6188E-02 4.0243E-01 1.1795E-01   323
 4.0000E-02 4.2370E-01 3.6581E+00 2.3879E+00 1.2701E+00  7.3805E-02 4.0235E-01 1.2253E-01   323
 4.0000E-02 4.2571E-01 3.7301E+00 2.4201E+00 1.3100E+00  7.1445E-02 4.0227E-01 1.2725E-01   323
 4.0000E-02 4.2775E-01 3.8036E+00 2.4529E+00 1.3507E+00  6.9106E-02 4.0219E-01 1.3209E-01   323
 4.0000E-02 4.2981E-01 3.8783E+00 2.4864E+00 1.3919E+00  6.6797E-02 4.0212E-01 1.3704E-01   323
 4.0000E-02 4.3188E-01 3.9549E+00 2.5205E+00 1.4344E+00  6.4510E-02 4.0204E-01 1.4217E-01   323
 4.0000E-02 4.3398E-01 4.0328E+00 2.5551E+00 1.4777E+00  6.2251E-02 4.0198E-01 1.4742E-01   323
 4.0000E-02 4.3610E-01 4.1112E+00 2.5899E+00 1.5214E+00  6.0026E-02 4.0192E-01 1.5276E-01   323
 4.0000E-02 4.3824E-01 4.1901E+00 2.6249E+00 1.5652E+00  5.7839E-02 4.0186E-01 1.5816E-01   323
 4.0000E-02 4.4039E-01 4.2694E+00 2.6600E+00 1.6094E+00  5.5692E-02 4.0180E-01 1.6365E-01   323
 4.0000E-02 4.4257E-01 4.3493E+00 2.6954E+00 1.6540E+00  5.3589E-02 4.0176E-01 1.6920E-01   323
 4.0000E-02 4.4478E-01 4.4298E+00 2.7309E+00 1.6989E+00  5.1533E-02 4.0171E-01 1.7484E-01   323
 4.0000E-02 4.4700E-01 4.5109E+00 2.7667E+00 1.7442E+00  4.9528E-02 4.0167E-01 1.8054E-01   323
 4.0000E-02 4.4925E-01 4.5926E+00 2.8026E+00 1.7900E+00  4.7574E-02 4.0163E-01 1.8631E-01   323
 4.0000E-02 4.5152E-01 4.6734E+00 2.8384E+00 1.8350E+00  4.5678E-02 4.0160E-01 1.9204E-01   323
 4.0000E-02 4.5381E-01 4.7515E+00 2.8737E+00 1.8778E+00  4.3845E-02 4.0157E-01 1.9754E-01   323
 4.0000E-02 4.5612E-01 4.8308E+00 2.9094E+00 1.9214E+00  4.2062E-02 4.0155E-01 2.0315E-01   323
 4.0000E-02 4.5846E-01 4.9111E+00 2.9452E+00 1.9658E+00  4.0325E-02 4.0152E-01 2.0886E-01   323
 4.0000E-02 4.6082E-01 4.9919E+00 2.9812E+00 2.0108E+00  3.8640E-02 4.0150E-01 2.1464E-01   323
 4.0000E-02 4.6321E-01 5.0730E+00 3.0170E+00 2.0560E+00  3.7007E-02 4.0148E-01 2.2046E-01   323
 4.0000E-02 4.6563E-01 5.1537E+00 3.0525E+00 2.1012E+00  3.5426E-02 4.0146E-01 2.2628E-01   323
 4.0000E-02 4.6806E-01 5.2334E+00 3.0874E+00 2.1460E+00  3.3900E-02 4.0145E-01 2.3206E-01   323
 4.0000E-02 4.7053E-01 5.3113E+00 3.1214E+00 2.1899E+00  3.2431E-02 4.0143E-01 2.3773E-01   323
 4.0000E-02 4.7302E-01 5.3877E+00 3.1544E+00 2.2333E+00  3.1023E-02 4.0142E-01 2.4335E-01   323
 4.0000E-02 4.7553E-01 5.4620E+00 3.1863E+00 2.2757E+00  2.9677E-02 4.0141E-01 2.4884E-01   323
 4.0000E-02 4.7807E-01 5.5327E+00 3.2165E+00 2.3162E+00  2.8390E-02 4.0139E-01 2.5411E-01   323
 4.0000E-02 4.8065E-01 5.5994E+00 3.2448E+00 2.3546E+00  2.7161E-02 4.0138E-01 2.5912E-01   323
 4.0000E-02 4.8324E-01 5.6616E+00 3.2711E+00 2.3906E+00  2.5988E-02 4.0137E-01 2.6386E-01   323
 4.0000E-02 4.8587E-01 5.7195E+00 3.2951E+00 2.4244E+00  2.4868E-02 4.0136E-01 2.6833E-01   323
 4.0000E-02 4.8852E-01 5.7730E+00 3.3168E+00 2.4563E+00  2.3798E-02 4.0135E-01 2.7257E-01   323
 4.0000E-02 4.9121E-01 5.8230E+00 3.3362E+00 2.4868E+00  2.2773E-02 4.0134E-01 2.7664E-01   323
 4.0000E-02 4.9392E-01 5.8702E+00 3.3535E+00 2.5168E+00  2.1787E-02 4.0133E-01 2.8063E-01   323
 4.0000E-02 4.9667E-01 5.9208E+00 3.3693E+00 2.5515E+00  2.0828E-02 4.0132E-01 2.8515E-01   323
 4.0000E-02 4.9944E-01 5.9835E+00 3.3844E+00 2.5991E+00  1.9864E-02 4.0131E-01 2.9113E-01   323
 4.0000E-02 5.0225E-01 6.0471E+00 3.3965E+00 2.6507E+00  1.8899E-02 4.0129E-01 2.9758E-01   323
 4.0000E-02 5.0508E-01 6.1115E+00 3.4047E+00 2.7069E+00  1.7922E-02 4.0128E-01 3.0460E-01   323
 4.0000E-02 5.0795E-01 6.1760E+00 3.4079E+00 2.7682E+00  1.6926E-02 4.0127E-01 3.1225E-01   324
 4.0000E-02 5.1086E-01 6.2391E+00 3.4044E+00 2.8347E+00  1.5904E-02 4.0125E-01 3.2055E-01   324
 4.0000E-02 5.1379E-01 6.2980E+00 3.3921E+00 2.9059E+00  1.4890E-02 4.0144E-01 3.2945E-01   285
 4.0000E-02 5.1676E-01 6.3493E+00 3.3686E+00 2.9807E+00  1.3810E-02 4.0143E-01 3.3881E-01   285
 4.0000E-02 5.1977E-01 6.3877E+00 3.3308E+00 3.0568E+00  1.2703E-02 4.0142E-01 3.4841E-01   285
 4.0000E-02 5.2281E-01 6.3782E+00 3.2726E+00 3.1055E+00  1.1593E-02 4.0142E-01 3.5492E-01   285
 4.0000E-02 5.2588E-01 6.3234E+00 3.1968E+00 3.1266E+00  1.0508E-02 4.0141E-01 3.5825E-01   285
 4.0000E-02 5.2899E-01 6.2371E+00 3.1057E+00 3.1314E+00  9.4472E-03 4.0141E-01 3.5969E-01   285
 4.0000E-02 5.3214E-01 6.1180E+00 3.0000E+00 3.1180E+00  8.4096E-03 4.0140E-01 3.5900E-01   285
 4.0000E-02 5.3533E-01 5.9660E+00 2.8811E+00 3.0849E+00  7.3935E-03 4.0140E-01 3.5601E-01   285
 4.0000E-02 5.3855E-01 5.7829E+00 2.7510E+00 3.0318E+00  6.3957E-03 4.0140E-01 3.5066E-01   285
 4.0000E-02 5.4182E-01 5.5719E+00 2.6127E+00 2.9592E+00  5.4132E-03 4.0139E-01 3.4299E-01   285
 4.0000E-02 5.4512E-01 5.3379E+00 2.4694E+00 2.8685E+00  4.4431E-03 4.0139E-01 3.3317E-01   285
 4.0000E-02 5.4847E-01 5.0868E+00 2.3248E+00 2.7620E+00  3.4821E-03 4.0138E-01 3.2145E-01   285
 4.0000E-02 5.5185E-01 4.8358E+00 2.1840E+00 2.6518E+00  2.5523E-03 4.0138E-01 3.0922E-01   285
 4.0000E-02 5.5528E-01 4.5804E+00 2.0464E+00 2.5340E+00  1.6258E-03 4.0137E-01 2.9605E-01   285
 4.0000E-02 5.5875E-01 4.3250E+00 1.9142E+00 2.4109E+00  7.0000E-04 4.0136E-01 2.8220E-01   285
 4.0000E-02 5.6226E-01 4.0743E+00 1.7894E+00 2.2849E+00 -2.3058E-04 4.0136E-01 2.6796E-01   285
 4.0000E-02 5.6582E-01 3.8324E+00 1.6738E+00 2.1586E+00 -1.1657E-03 4.0135E-01 2.5363E-01   285
 4.0000E-02 5.6943E-01 3.6028E+00 1.5684E+00 2.0344E+00 -2.1046E-03 4.0134E-01 2.3949E-01   285
 4.0000E-02 5.7308E-01 3.3877E+00 1.4736E+00 1.9142E+00 -3.0487E-03 4.0133E-01 2.2577E-01   285
 4.0000E-02 5.7677E-01 3.1887E+00 1.3890E+00 1.7997E+00 -3.9935E-03 4.0132E-01 2.1268E-01   285
 4.0000E-02 5.8052E-01 3.0058E+00 1.3139E+00 1.6919E+00 -4.9372E-03 4.0131E-01 2.0033E-01   285
 4.0000E-02 5.8431E-01 2.8370E+00 1.2466E+00 1.5904E+00 -5.8873E-03 4.0131E-01 1.8869E-01   285
 4.0000E-02 5.8816E-01 2.6808E+00 1.1853E+00 1.4956E+00 -6.8397E-03 4.0130E-01 1.7779E-01   285
 4.0000E-02 5.9205E-01 2.5354E+00 1.1281E+00 1.4072E+00 -7.7897E-03 4.0130E-01 1.6762E-01   285
 4.0000E-02 5.9600E-01 2.3991E+00 1.0753E+00 1.3238E+00 -8.7375E-03 4.0129E-01 1.5800E-01   285
 4.0000E-02 6.0000E-01 2.2730E+00 1.0284E+00 1.2446E+00 -9.6850E-03 4.0128E-01 1.4884E-01   285
