 DDSCAT --- DDSCAT 7.3.3 [22.01.20]   
 TARGET --->TARGSPHER  spherical target with explicit spacing                 
 GPFAFT --- method of solution 
 FLTRCD --- prescription for polarizabilities
 FROM_FILE --- shape 
    4169 = NAT0 = number of dipoles
 ../../diel/Pena-Rioux_dielectric_26Au_74Ag                  
 ../../diel/Pena-Rioux_dielectric_65Au_35Ag                  
 ../../diel/Au_evap                                          
   0.000   0.000 = beta_min, beta_max ;  NBETA = 1
   0.000   0.000 = theta_min, theta_max; NTHETA= 1
   0.000   0.000 = phi_min, phi_max   ;   NPHI = 1
 Results averaged over    1 target orientations
                   and  2 incident polarizations
   aeff       wave       Q_pha       Q_pol       Q_cpol
 4.0000E-02 3.0000E-01 -5.2214E-03 -5.9605E-06  6.0536E-08
 4.0000E-02 3.0101E-01 -4.2148E-03  8.3447E-06 -4.6566E-09
 4.0000E-02 3.0203E-01 -3.9406E-03  5.0068E-06 -2.1420E-08
 4.0000E-02 3.0305E-01 -3.8293E-03  4.2915E-06 -2.7008E-08
 4.0000E-02 3.0408E-01 -3.9123E-03 -9.0599E-06 -1.9092E-08
 4.0000E-02 3.0512E-01 -4.1844E-03 -5.2452E-06  4.3772E-08
 4.0000E-02 3.0616E-01 -4.6518E-03 -9.5367E-06  1.0245E-08
 4.0000E-02 3.0722E-01 -5.3206E-03 -6.9141E-06 -1.8626E-09
 4.0000E-02 3.0828E-01 -6.1693E-03  3.0994E-06 -1.0710E-08
 4.0000E-02 3.0934E-01 -7.0894E-03  2.8610E-06 -4.0978E-08
 4.0000E-02 3.1042E-01 -8.1589E-03  9.5367E-07 -3.3528E-08
 4.0000E-02 3.1150E-01 -8.8090E-03  4.5300E-06  1.9558E-08
 4.0000E-02 3.1259E-01 -9.4459E-03 -1.4305E-06 -6.6124E-08
 4.0000E-02 3.1368E-01 -1.0267E-02  7.1526E-06  1.2107E-08
 4.0000E-02 3.1479E-01 -1.1316E-02  2.1458E-06 -3.4459E-08
 4.0000E-02 3.1590E-01 -1.2579E-02  7.1526E-06  2.1420E-08
 4.0000E-02 3.1702E-01 -1.4063E-02 -2.3842E-07 -8.3819E-09
 4.0000E-02 3.1815E-01 -1.5404E-02  2.6226E-06  2.8871E-08
 4.0000E-02 3.1929E-01 -1.6978E-02 -2.1458E-06 -4.2841E-08
 4.0000E-02 3.2043E-01 -1.8900E-02 -4.7684E-07  4.0978E-08
 4.0000E-02 3.2158E-01 -2.2395E-02 -2.3842E-06  2.9802E-08
 4.0000E-02 3.2274E-01 -2.6141E-02  9.5367E-07 -6.1467E-08
 4.0000E-02 3.2391E-01 -3.0149E-02  3.8147E-06 -3.9116E-08
 4.0000E-02 3.2509E-01 -3.4425E-02  2.3842E-06 -9.6858E-08
 4.0000E-02 3.2628E-01 -3.8978E-02  1.6689E-06 -3.7253E-09
 4.0000E-02 3.2747E-01 -4.4324E-02  7.6294E-06 -1.1176E-07
 4.0000E-02 3.2868E-01 -5.0091E-02  7.1526E-07 -4.4703E-08
 4.0000E-02 3.2989E-01 -5.6268E-02  4.0531E-06 -4.8429E-08
 4.0000E-02 3.3111E-01 -6.2867E-02 -2.1458E-06  1.9372E-07
 4.0000E-02 3.3234E-01 -6.9166E-02 -7.1526E-07 -2.6077E-07
 4.0000E-02 3.3358E-01 -7.5455E-02  4.7684E-06 -4.4703E-08
 4.0000E-02 3.3483E-01 -8.2058E-02  9.5367E-07 -2.0862E-07
 4.0000E-02 3.3609E-01 -8.9124E-02  8.1062E-06  9.6858E-08
 4.0000E-02 3.3736E-01 -9.6568E-02  2.3842E-07  5.9605E-08
 4.0000E-02 3.3864E-01 -1.0420E-01 -1.6689E-06 -8.9407E-08
 4.0000E-02 3.3992E-01 -1.1203E-01 -6.9141E-06  5.2154E-08
 4.0000E-02 3.4122E-01 -1.2005E-01  2.3842E-07 -1.8626E-07
 4.0000E-02 3.4253E-01 -1.2825E-01 -4.0531E-06 -2.5332E-07
 4.0000E-02 3.4385E-01 -1.3658E-01  1.6689E-06 -3.8743E-07
 4.0000E-02 3.4517E-01 -1.4516E-01 -8.5831E-06  1.1921E-07
 4.0000E-02 3.4651E-01 -1.5380E-01 -2.3842E-06 -8.9407E-08
 4.0000E-02 3.4786E-01 -1.6263E-01 -4.7684E-07  2.3842E-07
 4.0000E-02 3.4922E-01 -1.7163E-01  0.0000E+00  1.7881E-07
 4.0000E-02 3.5059E-01 -1.8082E-01 -1.6689E-06  1.7881E-07
 4.0000E-02 3.5197E-01 -1.9021E-01 -7.3910E-06  1.1921E-07
 4.0000E-02 3.5336E-01 -1.9979E-01 -1.4305E-06  2.8312E-07
 4.0000E-02 3.5476E-01 -2.0968E-01 -7.1526E-07 -2.9802E-08
 4.0000E-02 3.5618E-01 -2.1995E-01 -7.1526E-07  2.9802E-08
 4.0000E-02 3.5760E-01 -2.3033E-01 -3.5763E-06  4.4703E-08
 4.0000E-02 3.5904E-01 -2.4081E-01 -4.7684E-07  2.6822E-07
 4.0000E-02 3.6048E-01 -2.5141E-01 -4.0531E-06  5.9605E-08
 4.0000E-02 3.6194E-01 -2.6214E-01  1.2159E-05  5.9605E-08
 4.0000E-02 3.6341E-01 -2.7295E-01  7.8678E-06 -9.2387E-07
 4.0000E-02 3.6490E-01 -2.8379E-01  1.6689E-06  6.8545E-07
 4.0000E-02 3.6639E-01 -2.9469E-01  7.6294E-06 -2.6822E-07
 4.0000E-02 3.6790E-01 -3.0564E-01  3.8147E-06 -2.9802E-08
 4.0000E-02 3.6942E-01 -3.1652E-01 -2.8610E-06  2.3842E-07
 4.0000E-02 3.7095E-01 -3.2740E-01 -2.1458E-06 -3.2783E-07
 4.0000E-02 3.7250E-01 -3.3824E-01 -7.1526E-07  6.2585E-07
 4.0000E-02 3.7406E-01 -3.4900E-01  9.5367E-07 -1.4901E-07
 4.0000E-02 3.7563E-01 -3.5969E-01 -1.4305E-06 -4.7684E-07
 4.0000E-02 3.7722E-01 -3.7033E-01  5.0068E-06  4.1723E-07
 4.0000E-02 3.7881E-01 -3.8089E-01  1.4305E-06 -8.3447E-07
 4.0000E-02 3.8043E-01 -3.9138E-01  2.6226E-06  3.2783E-07
 4.0000E-02 3.8205E-01 -4.0161E-01 -1.3351E-05 -1.7881E-07
 4.0000E-02 3.8369E-01 -4.1148E-01  2.3842E-06 -1.1921E-06
 4.0000E-02 3.8534E-01 -4.2134E-01  1.5497E-05  3.6061E-06
 4.0000E-02 3.8701E-01 -4.3118E-01 -8.1062E-06 -3.8743E-07
 4.0000E-02 3.8870E-01 -4.4095E-01 -2.6226E-06 -2.7716E-06
 4.0000E-02 3.9039E-01 -4.5069E-01  8.1062E-06  1.1921E-07
 4.0000E-02 3.9211E-01 -4.6036E-01  6.9141E-06  7.9572E-06
 4.0000E-02 3.9383E-01 -4.6995E-01  2.3842E-07  1.7285E-06
 4.0000E-02 3.9558E-01 -4.7949E-01 -3.5763E-06 -3.1292E-06
 4.0000E-02 3.9733E-01 -4.8893E-01  3.8147E-06  6.2585E-07
 4.0000E-02 3.9911E-01 -4.9861E-01 -4.0531E-06 -1.0729E-06
 4.0000E-02 4.0090E-01 -5.0815E-01  8.3447E-06  9.5367E-07
 4.0000E-02 4.0270E-01 -5.1752E-01  1.3828E-05 -1.4365E-05
 4.0000E-02 4.0452E-01 -5.2665E-01  2.1458E-06  0.0000E+00
 4.0000E-02 4.0636E-01 -5.3548E-01  4.2915E-06  2.1458E-06
 4.0000E-02 4.0822E-01 -5.4388E-01  3.2902E-05 -1.0729E-06
 4.0000E-02 4.1009E-01 -5.5181E-01  1.7881E-05  2.7418E-06
 4.0000E-02 4.1198E-01 -5.5914E-01  2.0504E-05 -7.6890E-06
 4.0000E-02 4.1389E-01 -5.6554E-01 -1.6689E-06 -1.4901E-06
 4.0000E-02 4.1581E-01 -5.7068E-01  7.3910E-06 -4.0531E-06
 4.0000E-02 4.1776E-01 -5.7473E-01 -3.3140E-05  1.8775E-05
 4.0000E-02 4.1972E-01 -5.7752E-01 -1.3351E-05  2.2054E-06
 4.0000E-02 4.2170E-01 -5.7885E-01 -2.3842E-07 -1.1861E-05
 4.0000E-02 4.2370E-01 -5.7853E-01 -7.8678E-06 -5.5432E-06
 4.0000E-02 4.2571E-01 -5.7643E-01  1.2875E-05  1.7881E-07
 4.0000E-02 4.2775E-01 -5.7251E-01  3.8147E-06 -6.7949E-06
 4.0000E-02 4.2981E-01 -5.6680E-01 -9.0599E-06 -5.8413E-06
 4.0000E-02 4.3188E-01 -5.5975E-01  4.7684E-06 -2.2054E-06
 4.0000E-02 4.3398E-01 -5.5119E-01 -2.8610E-06 -5.3048E-06
 4.0000E-02 4.3610E-01 -5.4100E-01  0.0000E+00 -1.0133E-06
 4.0000E-02 4.3824E-01 -5.2915E-01  2.8610E-05  2.9802E-06
 4.0000E-02 4.4039E-01 -5.1576E-01 -2.0504E-05 -4.4107E-06
 4.0000E-02 4.4257E-01 -5.0077E-01  9.5367E-06 -2.3246E-06
 4.0000E-02 4.4478E-01 -4.8411E-01  1.9073E-06 -1.6093E-06
 4.0000E-02 4.4700E-01 -4.6574E-01 -4.2915E-06 -1.9670E-06
 4.0000E-02 4.4925E-01 -4.4558E-01 -1.5259E-05  4.7684E-07
 4.0000E-02 4.5152E-01 -4.2343E-01  1.3351E-05 -3.3081E-06
 4.0000E-02 4.5381E-01 -3.9897E-01  1.0490E-05  1.0073E-05
 4.0000E-02 4.5612E-01 -3.7227E-01  9.0599E-06  2.1756E-06
 4.0000E-02 4.5846E-01 -3.4311E-01 -1.0967E-05  2.9504E-06
 4.0000E-02 4.6082E-01 -3.1124E-01  2.3842E-06 -2.9802E-08
 4.0000E-02 4.6321E-01 -2.7644E-01  0.0000E+00 -8.9407E-08
 4.0000E-02 4.6563E-01 -2.3858E-01  1.7643E-05 -2.4587E-06
 4.0000E-02 4.6806E-01 -1.9751E-01  9.5367E-07 -5.2005E-06
 4.0000E-02 4.7053E-01 -1.5313E-01  8.5831E-06  7.7486E-07
 4.0000E-02 4.7302E-01 -1.0685E-01  3.3379E-06 -3.1516E-06
 4.0000E-02 4.7553E-01 -5.7844E-02  7.1526E-06 -3.3267E-06
 4.0000E-02 4.7807E-01 -5.5198E-03  4.2915E-06 -5.1130E-07
 4.0000E-02 4.8065E-01  4.9796E-02  9.5367E-06 -2.2091E-06
 4.0000E-02 4.8324E-01  1.0772E-01 -1.8597E-05  7.8976E-07
 4.0000E-02 4.8587E-01  1.6778E-01 -2.3842E-06 -1.9521E-06
 4.0000E-02 4.8852E-01  2.2956E-01  1.8120E-05  2.6822E-07
 4.0000E-02 4.9121E-01  2.9267E-01 -1.8597E-05 -3.4273E-06
 4.0000E-02 4.9392E-01  3.5680E-01 -8.1062E-06  2.2650E-06
 4.0000E-02 4.9667E-01  4.2207E-01  2.8610E-06 -1.0431E-06
 4.0000E-02 4.9944E-01  4.9010E-01 -1.8120E-05  1.9968E-06
 4.0000E-02 5.0225E-01  5.6180E-01 -7.6294E-06 -8.3447E-07
 4.0000E-02 5.0508E-01  6.3840E-01  8.5831E-06  2.5630E-06
 4.0000E-02 5.0795E-01  7.2123E-01 -3.4332E-05  2.3246E-06
 4.0000E-02 5.1086E-01  8.1178E-01  7.1526E-06 -9.5367E-07
 4.0000E-02 5.1379E-01  9.1158E-01  0.0000E+00 -2.3246E-06
 4.0000E-02 5.1676E-01  1.0220E+00  1.0014E-05 -3.8147E-06
 4.0000E-02 5.1977E-01  1.1442E+00 -2.3842E-06 -4.8876E-06
 4.0000E-02 5.2281E-01  1.2765E+00 -1.7643E-05 -4.1723E-06
 4.0000E-02 5.2588E-01  1.4121E+00  1.9073E-06  5.1260E-06
 4.0000E-02 5.2899E-01  1.5482E+00  8.1062E-06  7.8678E-06
 4.0000E-02 5.3214E-01  1.6820E+00  4.7207E-05  3.3379E-06
 4.0000E-02 5.3533E-01  1.8103E+00 -4.2915E-06  2.7418E-06
 4.0000E-02 5.3855E-01  1.9298E+00 -1.5736E-05 -2.0981E-05
 4.0000E-02 5.4182E-01  2.0378E+00  6.6757E-06 -1.0252E-05
 4.0000E-02 5.4512E-01  2.1315E+00 -4.7684E-07 -1.7405E-05
 4.0000E-02 5.4847E-01  2.2092E+00 -5.7220E-06  2.3842E-06
 4.0000E-02 5.5185E-01  2.2725E+00  9.5367E-06  1.9073E-06
 4.0000E-02 5.5528E-01  2.3211E+00  4.2915E-06  3.3379E-06
 4.0000E-02 5.5875E-01  2.3552E+00 -7.6294E-06  2.1458E-06
 4.0000E-02 5.6226E-01  2.3755E+00  9.5367E-06  0.0000E+00
 4.0000E-02 5.6582E-01  2.3831E+00  0.0000E+00  5.4836E-06
 4.0000E-02 5.6943E-01  2.3798E+00  5.4836E-06 -2.0742E-05
 4.0000E-02 5.7308E-01  2.3673E+00 -1.4544E-05  4.0531E-06
 4.0000E-02 5.7677E-01  2.3477E+00  2.7895E-05  6.6757E-06
 4.0000E-02 5.8052E-01  2.3230E+00  3.1471E-05  4.0531E-06
 4.0000E-02 5.8431E-01  2.2942E+00 -1.5497E-05  1.4782E-05
 4.0000E-02 5.8816E-01  2.2630E+00  7.4625E-05  6.1989E-06
 4.0000E-02 5.9205E-01  2.2305E+00  6.4373E-05  3.6716E-05
 4.0000E-02 5.9600E-01  2.1962E+00 -6.2943E-05  1.7166E-05
 4.0000E-02 6.0000E-01  2.1594E+00 -3.0994E-06 -5.4121E-05
