 DDSCAT --- DDSCAT 7.3.3 [22.01.20]   
 TARGET --->TARGSPHER  spherical target with explicit spacing                 
 GPFAFT --- method of solution 
 FLTRCD --- prescription for polarizabilities
 FROM_FILE --- shape 
    4169 = NAT0 = number of dipoles
 ../../diel/Pena-Rioux_dielectric_26Au_74Ag                  
 ../../diel/Pena-Rioux_dielectric_34Au_66Ag                  
 ../../diel/Pena-Rioux_dielectric_85Au_15Ag                  
   0.000   0.000 = beta_min, beta_max ;  NBETA = 1
   0.000   0.000 = theta_min, theta_max; NTHETA= 1
   0.000   0.000 = phi_min, phi_max   ;   NPHI = 1
 0.5000 = ETASCA (param. controlling # of scatt. dirs used to calculate <cos> etc.
 Results averaged over    1 target orientations
                   and  2 incident polarizations
   aeff       wave       Q_ext     Q_abs      Q_sca     g(1)=<cos>  <cos^2>    Q_bk       Nsca
 4.0000E-02 3.0000E-01 2.5578E+00 1.7761E+00 7.8168E-01  2.4781E-01 4.1419E-01 4.1049E-02   408
 4.0000E-02 3.0101E-01 2.5502E+00 1.7754E+00 7.7472E-01  2.4608E-01 4.1401E-01 4.1030E-02   408
 4.0000E-02 3.0203E-01 2.5424E+00 1.7747E+00 7.6772E-01  2.4436E-01 4.1383E-01 4.1001E-02   408
 4.0000E-02 3.0305E-01 2.5346E+00 1.7740E+00 7.6068E-01  2.4265E-01 4.1366E-01 4.0962E-02   408
 4.0000E-02 3.0408E-01 2.5267E+00 1.7731E+00 7.5360E-01  2.4095E-01 4.1349E-01 4.0913E-02   408
 4.0000E-02 3.0512E-01 2.5187E+00 1.7723E+00 7.4648E-01  2.3925E-01 4.1332E-01 4.0854E-02   408
 4.0000E-02 3.0616E-01 2.5107E+00 1.7714E+00 7.3932E-01  2.3757E-01 4.1315E-01 4.0785E-02   408
 4.0000E-02 3.0722E-01 2.5025E+00 1.7704E+00 7.3214E-01  2.3590E-01 4.1299E-01 4.0706E-02   408
 4.0000E-02 3.0828E-01 2.4944E+00 1.7694E+00 7.2503E-01  2.3422E-01 4.1283E-01 4.0625E-02   408
 4.0000E-02 3.0934E-01 2.4867E+00 1.7685E+00 7.1822E-01  2.3253E-01 4.1266E-01 4.0557E-02   408
 4.0000E-02 3.1042E-01 2.4789E+00 1.7675E+00 7.1139E-01  2.3084E-01 4.1250E-01 4.0482E-02   408
 4.0000E-02 3.1150E-01 2.4710E+00 1.7665E+00 7.0453E-01  2.2915E-01 4.1234E-01 4.0398E-02   408
 4.0000E-02 3.1259E-01 2.4631E+00 1.7654E+00 6.9764E-01  2.2747E-01 4.1218E-01 4.0306E-02   408
 4.0000E-02 3.1368E-01 2.4550E+00 1.7643E+00 6.9072E-01  2.2579E-01 4.1203E-01 4.0205E-02   408
 4.0000E-02 3.1479E-01 2.4468E+00 1.7631E+00 6.8377E-01  2.2421E-01 4.1203E-01 4.0096E-02   362
 4.0000E-02 3.1590E-01 2.4386E+00 1.7618E+00 6.7681E-01  2.2254E-01 4.1187E-01 3.9979E-02   362
 4.0000E-02 3.1702E-01 2.4302E+00 1.7604E+00 6.6982E-01  2.2087E-01 4.1172E-01 3.9855E-02   363
 4.0000E-02 3.1815E-01 2.4213E+00 1.7588E+00 6.6253E-01  2.1922E-01 4.1158E-01 3.9704E-02   363
 4.0000E-02 3.1929E-01 2.4121E+00 1.7569E+00 6.5514E-01  2.1758E-01 4.1143E-01 3.9540E-02   363
 4.0000E-02 3.2043E-01 2.4027E+00 1.7550E+00 6.4769E-01  2.1594E-01 4.1129E-01 3.9364E-02   363
 4.0000E-02 3.2158E-01 2.3932E+00 1.7530E+00 6.4019E-01  2.1430E-01 4.1115E-01 3.9178E-02   363
 4.0000E-02 3.2274E-01 2.3834E+00 1.7508E+00 6.3264E-01  2.1267E-01 4.1101E-01 3.8982E-02   363
 4.0000E-02 3.2391E-01 2.3735E+00 1.7485E+00 6.2505E-01  2.1104E-01 4.1088E-01 3.8775E-02   363
 4.0000E-02 3.2509E-01 2.3634E+00 1.7460E+00 6.1741E-01  2.0942E-01 4.1074E-01 3.8559E-02   363
 4.0000E-02 3.2628E-01 2.3531E+00 1.7434E+00 6.0975E-01  2.0780E-01 4.1061E-01 3.8333E-02   363
 4.0000E-02 3.2747E-01 2.3418E+00 1.7402E+00 6.0161E-01  2.0621E-01 4.1049E-01 3.8065E-02   363
 4.0000E-02 3.2868E-01 2.3307E+00 1.7370E+00 5.9362E-01  2.0462E-01 4.1036E-01 3.7800E-02   363
 4.0000E-02 3.2989E-01 2.3197E+00 1.7339E+00 5.8582E-01  2.0301E-01 4.1023E-01 3.7543E-02   363
 4.0000E-02 3.3111E-01 2.3089E+00 1.7306E+00 5.7824E-01  2.0138E-01 4.1010E-01 3.7293E-02   363
 4.0000E-02 3.3234E-01 2.2983E+00 1.7274E+00 5.7087E-01  1.9974E-01 4.0998E-01 3.7052E-02   363
 4.0000E-02 3.3358E-01 2.2879E+00 1.7242E+00 5.6373E-01  1.9809E-01 4.0985E-01 3.6822E-02   363
 4.0000E-02 3.3483E-01 2.2777E+00 1.7209E+00 5.5684E-01  1.9641E-01 4.0972E-01 3.6602E-02   363
 4.0000E-02 3.3609E-01 2.2684E+00 1.7179E+00 5.5049E-01  1.9469E-01 4.0959E-01 3.6418E-02   363
 4.0000E-02 3.3736E-01 2.2602E+00 1.7153E+00 5.4489E-01  1.9291E-01 4.0946E-01 3.6283E-02   363
 4.0000E-02 3.3864E-01 2.2527E+00 1.7129E+00 5.3981E-01  1.9109E-01 4.0932E-01 3.6181E-02   363
 4.0000E-02 3.3992E-01 2.2461E+00 1.7108E+00 5.3525E-01  1.8924E-01 4.0918E-01 3.6114E-02   363
 4.0000E-02 3.4122E-01 2.2402E+00 1.7090E+00 5.3123E-01  1.8736E-01 4.0904E-01 3.6083E-02   363
 4.0000E-02 3.4253E-01 2.2352E+00 1.7074E+00 5.2777E-01  1.8543E-01 4.0889E-01 3.6089E-02   363
 4.0000E-02 3.4385E-01 2.2311E+00 1.7062E+00 5.2488E-01  1.8347E-01 4.0875E-01 3.6135E-02   363
 4.0000E-02 3.4517E-01 2.2281E+00 1.7054E+00 5.2271E-01  1.8147E-01 4.0860E-01 3.6232E-02   363
 4.0000E-02 3.4651E-01 2.2264E+00 1.7051E+00 5.2127E-01  1.7943E-01 4.0845E-01 3.6382E-02   363
 4.0000E-02 3.4786E-01 2.2258E+00 1.7053E+00 5.2045E-01  1.7737E-01 4.0829E-01 3.6576E-02   363
 4.0000E-02 3.4922E-01 2.2261E+00 1.7059E+00 5.2025E-01  1.7528E-01 4.0814E-01 3.6815E-02   363
 4.0000E-02 3.5059E-01 2.2276E+00 1.7070E+00 5.2068E-01  1.7317E-01 4.0798E-01 3.7102E-02   363
 4.0000E-02 3.5197E-01 2.2302E+00 1.7085E+00 5.2179E-01  1.7104E-01 4.0783E-01 3.7440E-02   363
 4.0000E-02 3.5336E-01 2.2340E+00 1.7105E+00 5.2356E-01  1.6888E-01 4.0767E-01 3.7829E-02   363
 4.0000E-02 3.5476E-01 2.2391E+00 1.7130E+00 5.2604E-01  1.6672E-01 4.0751E-01 3.8272E-02   363
 4.0000E-02 3.5618E-01 2.2452E+00 1.7161E+00 5.2912E-01  1.6455E-01 4.0736E-01 3.8762E-02   363
 4.0000E-02 3.5760E-01 2.2525E+00 1.7197E+00 5.3281E-01  1.6237E-01 4.0720E-01 3.9302E-02   363
 4.0000E-02 3.5904E-01 2.2609E+00 1.7238E+00 5.3714E-01  1.6019E-01 4.0704E-01 3.9893E-02   363
 4.0000E-02 3.6048E-01 2.2705E+00 1.7284E+00 5.4213E-01  1.5800E-01 4.0689E-01 4.0539E-02   363
 4.0000E-02 3.6194E-01 2.2814E+00 1.7336E+00 5.4780E-01  1.5580E-01 4.0673E-01 4.1242E-02   363
 4.0000E-02 3.6341E-01 2.2935E+00 1.7394E+00 5.5417E-01  1.5361E-01 4.0658E-01 4.2004E-02   363
 4.0000E-02 3.6490E-01 2.3068E+00 1.7457E+00 5.6111E-01  1.5141E-01 4.0642E-01 4.2817E-02   363
 4.0000E-02 3.6639E-01 2.3211E+00 1.7525E+00 5.6866E-01  1.4922E-01 4.0627E-01 4.3684E-02   363
 4.0000E-02 3.6790E-01 2.3367E+00 1.7598E+00 5.7686E-01  1.4703E-01 4.0612E-01 4.4610E-02   363
 4.0000E-02 3.6942E-01 2.3535E+00 1.7678E+00 5.8571E-01  1.4484E-01 4.0597E-01 4.5596E-02   363
 4.0000E-02 3.7095E-01 2.3715E+00 1.7763E+00 5.9527E-01  1.4264E-01 4.0582E-01 4.6647E-02   363
 4.0000E-02 3.7250E-01 2.3909E+00 1.7854E+00 6.0557E-01  1.4045E-01 4.0567E-01 4.7767E-02   363
 4.0000E-02 3.7406E-01 2.4115E+00 1.7950E+00 6.1648E-01  1.3825E-01 4.0552E-01 4.8949E-02   363
 4.0000E-02 3.7563E-01 2.4333E+00 1.8052E+00 6.2805E-01  1.3606E-01 4.0538E-01 5.0196E-02   363
 4.0000E-02 3.7722E-01 2.4563E+00 1.8160E+00 6.4032E-01  1.3386E-01 4.0523E-01 5.1514E-02   363
 4.0000E-02 3.7881E-01 2.4808E+00 1.8274E+00 6.5334E-01  1.3166E-01 4.0509E-01 5.2907E-02   363
 4.0000E-02 3.8043E-01 2.5066E+00 1.8394E+00 6.6721E-01  1.2945E-01 4.0495E-01 5.4384E-02   363
 4.0000E-02 3.8205E-01 2.5339E+00 1.8521E+00 6.8182E-01  1.2724E-01 4.0481E-01 5.5942E-02   363
 4.0000E-02 3.8369E-01 2.5625E+00 1.8653E+00 6.9716E-01  1.2502E-01 4.0467E-01 5.7579E-02   363
 4.0000E-02 3.8534E-01 2.5925E+00 1.8792E+00 7.1332E-01  1.2280E-01 4.0454E-01 5.9303E-02   363
 4.0000E-02 3.8701E-01 2.6240E+00 1.8936E+00 7.3036E-01  1.2057E-01 4.0440E-01 6.1122E-02   363
 4.0000E-02 3.8870E-01 2.6571E+00 1.9088E+00 7.4832E-01  1.1833E-01 4.0427E-01 6.3043E-02   363
 4.0000E-02 3.9039E-01 2.6919E+00 1.9247E+00 7.6726E-01  1.1615E-01 4.0431E-01 6.5071E-02   323
 4.0000E-02 3.9211E-01 2.7283E+00 1.9412E+00 7.8711E-01  1.1389E-01 4.0418E-01 6.7205E-02   323
 4.0000E-02 3.9383E-01 2.7663E+00 1.9583E+00 8.0796E-01  1.1162E-01 4.0405E-01 6.9452E-02   323
 4.0000E-02 3.9558E-01 2.8062E+00 1.9762E+00 8.2993E-01  1.0933E-01 4.0393E-01 7.1826E-02   323
 4.0000E-02 3.9733E-01 2.8479E+00 1.9949E+00 8.5307E-01  1.0703E-01 4.0380E-01 7.4333E-02   323
 4.0000E-02 3.9911E-01 2.8918E+00 2.0143E+00 8.7746E-01  1.0472E-01 4.0368E-01 7.6986E-02   323
 4.0000E-02 4.0090E-01 2.9377E+00 2.0346E+00 9.0312E-01  1.0239E-01 4.0356E-01 7.9788E-02   323
 4.0000E-02 4.0270E-01 2.9858E+00 2.0557E+00 9.3016E-01  1.0005E-01 4.0345E-01 8.2749E-02   323
 4.0000E-02 4.0452E-01 3.0363E+00 2.0776E+00 9.5869E-01  9.7699E-02 4.0333E-01 8.5885E-02   323
 4.0000E-02 4.0636E-01 3.0893E+00 2.1005E+00 9.8884E-01  9.5325E-02 4.0322E-01 8.9212E-02   323
 4.0000E-02 4.0822E-01 3.1450E+00 2.1244E+00 1.0207E+00  9.2934E-02 4.0311E-01 9.2743E-02   323
 4.0000E-02 4.1009E-01 3.2036E+00 2.1493E+00 1.0543E+00  9.0524E-02 4.0300E-01 9.6488E-02   323
 4.0000E-02 4.1198E-01 3.2651E+00 2.1752E+00 1.0899E+00  8.8097E-02 4.0289E-01 1.0047E-01   323
 4.0000E-02 4.1389E-01 3.3299E+00 2.2024E+00 1.1275E+00  8.5649E-02 4.0279E-01 1.0469E-01   323
 4.0000E-02 4.1581E-01 3.3981E+00 2.2308E+00 1.1673E+00  8.3185E-02 4.0269E-01 1.0918E-01   323
 4.0000E-02 4.1776E-01 3.4697E+00 2.2605E+00 1.2092E+00  8.0704E-02 4.0259E-01 1.1394E-01   323
 4.0000E-02 4.1972E-01 3.5446E+00 2.2914E+00 1.2532E+00  7.8212E-02 4.0250E-01 1.1896E-01   323
 4.0000E-02 4.2170E-01 3.6229E+00 2.3237E+00 1.2992E+00  7.5718E-02 4.0240E-01 1.2425E-01   323
 4.0000E-02 4.2370E-01 3.7043E+00 2.3572E+00 1.3471E+00  7.3229E-02 4.0231E-01 1.2978E-01   323
 4.0000E-02 4.2571E-01 3.7885E+00 2.3919E+00 1.3966E+00  7.0751E-02 4.0223E-01 1.3553E-01   323
 4.0000E-02 4.2775E-01 3.8749E+00 2.4276E+00 1.4473E+00  6.8294E-02 4.0215E-01 1.4146E-01   323
 4.0000E-02 4.2981E-01 3.9631E+00 2.4641E+00 1.4990E+00  6.5864E-02 4.0207E-01 1.4757E-01   323
 4.0000E-02 4.3188E-01 4.0529E+00 2.5012E+00 1.5516E+00  6.3463E-02 4.0199E-01 1.5383E-01   323
 4.0000E-02 4.3398E-01 4.1438E+00 2.5388E+00 1.6050E+00  6.1093E-02 4.0192E-01 1.6022E-01   323
 4.0000E-02 4.3610E-01 4.2356E+00 2.5767E+00 1.6589E+00  5.8755E-02 4.0186E-01 1.6674E-01   323
 4.0000E-02 4.3824E-01 4.3284E+00 2.6148E+00 1.7136E+00  5.6457E-02 4.0180E-01 1.7340E-01   323
 4.0000E-02 4.4039E-01 4.4223E+00 2.6531E+00 1.7692E+00  5.4201E-02 4.0174E-01 1.8021E-01   323
 4.0000E-02 4.4257E-01 4.5174E+00 2.6918E+00 1.8256E+00  5.1998E-02 4.0169E-01 1.8716E-01   323
 4.0000E-02 4.4478E-01 4.6135E+00 2.7306E+00 1.8829E+00  4.9857E-02 4.0164E-01 1.9424E-01   323
 4.0000E-02 4.4700E-01 4.7110E+00 2.7698E+00 1.9412E+00  4.7790E-02 4.0160E-01 2.0146E-01   323
 4.0000E-02 4.4925E-01 4.8097E+00 2.8093E+00 2.0004E+00  4.5805E-02 4.0156E-01 2.0880E-01   323
 4.0000E-02 4.5152E-01 4.9096E+00 2.8492E+00 2.0604E+00  4.3906E-02 4.0152E-01 2.1623E-01   323
 4.0000E-02 4.5381E-01 5.0104E+00 2.8893E+00 2.1211E+00  4.2099E-02 4.0149E-01 2.2374E-01   323
 4.0000E-02 4.5612E-01 5.1123E+00 2.9296E+00 2.1827E+00  4.0381E-02 4.0146E-01 2.3136E-01   323
 4.0000E-02 4.5846E-01 5.2154E+00 2.9701E+00 2.2453E+00  3.8744E-02 4.0144E-01 2.3908E-01   323
 4.0000E-02 4.6082E-01 5.3195E+00 3.0104E+00 2.3091E+00  3.7182E-02 4.0141E-01 2.4692E-01   323
 4.0000E-02 4.6321E-01 5.4250E+00 3.0506E+00 2.3744E+00  3.5685E-02 4.0139E-01 2.5495E-01   323
 4.0000E-02 4.6563E-01 5.5324E+00 3.0904E+00 2.4420E+00  3.4236E-02 4.0137E-01 2.6323E-01   323
 4.0000E-02 4.6806E-01 5.6419E+00 3.1298E+00 2.5121E+00  3.2822E-02 4.0135E-01 2.7182E-01   323
 4.0000E-02 4.7053E-01 5.7539E+00 3.1683E+00 2.5856E+00  3.1431E-02 4.0133E-01 2.8081E-01   323
 4.0000E-02 4.7302E-01 5.8690E+00 3.2059E+00 2.6632E+00  3.0050E-02 4.0131E-01 2.9031E-01   323
 4.0000E-02 4.7553E-01 5.9873E+00 3.2420E+00 2.7453E+00  2.8663E-02 4.0129E-01 3.0037E-01   323
 4.0000E-02 4.7807E-01 6.1085E+00 3.2762E+00 2.8323E+00  2.7268E-02 4.0127E-01 3.1105E-01   323
 4.0000E-02 4.8065E-01 6.2324E+00 3.3078E+00 2.9246E+00  2.5859E-02 4.0125E-01 3.2240E-01   323
 4.0000E-02 4.8324E-01 6.3584E+00 3.3362E+00 3.0222E+00  2.4434E-02 4.0124E-01 3.3443E-01   323
 4.0000E-02 4.8587E-01 6.4843E+00 3.3602E+00 3.1241E+00  2.3002E-02 4.0122E-01 3.4704E-01   323
 4.0000E-02 4.8852E-01 6.6084E+00 3.3787E+00 3.2296E+00  2.1571E-02 4.0121E-01 3.6014E-01   323
 4.0000E-02 4.9121E-01 6.7279E+00 3.3904E+00 3.3376E+00  2.0149E-02 4.0121E-01 3.7358E-01   323
 4.0000E-02 4.9392E-01 6.8385E+00 3.3935E+00 3.4450E+00  1.8753E-02 4.0120E-01 3.8703E-01   323
 4.0000E-02 4.9667E-01 6.9356E+00 3.3863E+00 3.5493E+00  1.7393E-02 4.0119E-01 4.0015E-01   323
 4.0000E-02 4.9944E-01 7.0137E+00 3.3668E+00 3.6469E+00  1.6074E-02 4.0119E-01 4.1255E-01   323
 4.0000E-02 5.0225E-01 7.0663E+00 3.3333E+00 3.7330E+00  1.4804E-02 4.0119E-01 4.2363E-01   323
 4.0000E-02 5.0508E-01 7.0872E+00 3.2842E+00 3.8029E+00  1.3585E-02 4.0119E-01 4.3285E-01   323
 4.0000E-02 5.0795E-01 7.0706E+00 3.2187E+00 3.8520E+00  1.2412E-02 4.0119E-01 4.3966E-01   324
 4.0000E-02 5.1086E-01 7.0121E+00 3.1365E+00 3.8756E+00  1.1283E-02 4.0119E-01 4.4352E-01   324
 4.0000E-02 5.1379E-01 6.9100E+00 3.0387E+00 3.8713E+00  1.0230E-02 4.0139E-01 4.4411E-01   285
 4.0000E-02 5.1676E-01 6.7646E+00 2.9271E+00 3.8375E+00  9.1742E-03 4.0139E-01 4.4126E-01   285
 4.0000E-02 5.1977E-01 6.5787E+00 2.8044E+00 3.7743E+00  8.1482E-03 4.0139E-01 4.3496E-01   285
 4.0000E-02 5.2281E-01 6.3583E+00 2.6738E+00 3.6846E+00  7.1485E-03 4.0138E-01 4.2551E-01   285
 4.0000E-02 5.2588E-01 6.1097E+00 2.5385E+00 3.5712E+00  6.1677E-03 4.0138E-01 4.1325E-01   285
 4.0000E-02 5.2899E-01 5.8401E+00 2.4021E+00 3.4380E+00  5.2014E-03 4.0138E-01 3.9862E-01   285
 4.0000E-02 5.3214E-01 5.5576E+00 2.2677E+00 3.2899E+00  4.2428E-03 4.0137E-01 3.8218E-01   285
 4.0000E-02 5.3533E-01 5.2696E+00 2.1383E+00 3.1313E+00  3.2864E-03 4.0136E-01 3.6443E-01   285
 4.0000E-02 5.3855E-01 4.9834E+00 2.0166E+00 2.9668E+00  2.3315E-03 4.0135E-01 3.4593E-01   285
 4.0000E-02 5.4182E-01 4.7054E+00 1.9042E+00 2.8012E+00  1.3785E-03 4.0134E-01 3.2724E-01   285
 4.0000E-02 5.4512E-01 4.4406E+00 1.8022E+00 2.6384E+00  4.2928E-04 4.0133E-01 3.0880E-01   285
 4.0000E-02 5.4847E-01 4.1922E+00 1.7103E+00 2.4818E+00 -5.1722E-04 4.0132E-01 2.9102E-01   285
 4.0000E-02 5.5185E-01 3.9612E+00 1.6277E+00 2.3335E+00 -1.4600E-03 4.0131E-01 2.7414E-01   285
 4.0000E-02 5.5528E-01 3.7477E+00 1.5531E+00 2.1945E+00 -2.3948E-03 4.0130E-01 2.5831E-01   285
 4.0000E-02 5.5875E-01 3.5498E+00 1.4850E+00 2.0648E+00 -3.3223E-03 4.0129E-01 2.4350E-01   285
 4.0000E-02 5.6226E-01 3.3658E+00 1.4221E+00 1.9437E+00 -4.2431E-03 4.0129E-01 2.2965E-01   285
 4.0000E-02 5.6582E-01 3.1941E+00 1.3638E+00 1.8303E+00 -5.1572E-03 4.0128E-01 2.1667E-01   285
 4.0000E-02 5.6943E-01 3.0334E+00 1.3099E+00 1.7235E+00 -6.0664E-03 4.0128E-01 2.0441E-01   285
 4.0000E-02 5.7308E-01 2.8834E+00 1.2607E+00 1.6227E+00 -6.9703E-03 4.0127E-01 1.9282E-01   285
 4.0000E-02 5.7677E-01 2.7445E+00 1.2171E+00 1.5274E+00 -7.8678E-03 4.0126E-01 1.8183E-01   285
 4.0000E-02 5.8052E-01 2.6176E+00 1.1798E+00 1.4378E+00 -8.7552E-03 4.0125E-01 1.7148E-01   285
 4.0000E-02 5.8431E-01 2.5034E+00 1.1490E+00 1.3544E+00 -9.6271E-03 4.0124E-01 1.6182E-01   285
 4.0000E-02 5.8816E-01 2.4017E+00 1.1243E+00 1.2774E+00 -1.0478E-02 4.0123E-01 1.5289E-01   285
 4.0000E-02 5.9205E-01 2.3118E+00 1.1053E+00 1.2065E+00 -1.1301E-02 4.0122E-01 1.4465E-01   285
 4.0000E-02 5.9600E-01 2.2338E+00 1.0922E+00 1.1415E+00 -1.2090E-02 4.0121E-01 1.3709E-01   285
 4.0000E-02 6.0000E-01 2.1688E+00 1.0858E+00 1.0830E+00 -1.2833E-02 4.0120E-01 1.3027E-01   285
