 DDSCAT --- DDSCAT 7.3.3 [22.01.20]   
 TARGET --->TARGSPHER  spherical target with explicit spacing                 
 GPFAFT --- method of solution 
 GKDLDR --- prescription for polarizabilities
 FROM_FILE --- shape 
   33401 = NAT0 = number of dipoles
 ../diel/Pena26Au74Ag                                        
 ../diel/Au_evap                                             
   0.000   0.000 = beta_min, beta_max ;  NBETA = 1
   0.000   0.000 = theta_min, theta_max; NTHETA= 1
   0.000   0.000 = phi_min, phi_max   ;   NPHI = 1
 Results averaged over    1 target orientations
                   and  1 incident polarizations
   aeff       wave      Q_pha
 1.0000E-03 3.0000E-01  1.7383E-02
 1.0000E-03 3.0151E-01  1.6944E-02
 1.0000E-03 3.0302E-01  1.6495E-02
 1.0000E-03 3.0452E-01  1.6038E-02
 1.0000E-03 3.0603E-01  1.5573E-02
 1.0000E-03 3.0754E-01  1.5099E-02
 1.0000E-03 3.0905E-01  1.4645E-02
 1.0000E-03 3.1055E-01  1.4201E-02
 1.0000E-03 3.1206E-01  1.3759E-02
 1.0000E-03 3.1357E-01  1.3313E-02
 1.0000E-03 3.1508E-01  1.2860E-02
 1.0000E-03 3.1658E-01  1.2401E-02
 1.0000E-03 3.1809E-01  1.1945E-02
 1.0000E-03 3.1960E-01  1.1477E-02
 1.0000E-03 3.2111E-01  1.0986E-02
 1.0000E-03 3.2261E-01  1.0469E-02
 1.0000E-03 3.2412E-01  9.9337E-03
 1.0000E-03 3.2563E-01  9.3783E-03
 1.0000E-03 3.2714E-01  8.7656E-03
 1.0000E-03 3.2864E-01  8.1010E-03
 1.0000E-03 3.3015E-01  7.4154E-03
 1.0000E-03 3.3166E-01  6.7080E-03
 1.0000E-03 3.3317E-01  5.9832E-03
 1.0000E-03 3.3467E-01  5.2334E-03
 1.0000E-03 3.3618E-01  4.4592E-03
 1.0000E-03 3.3769E-01  3.6758E-03
 1.0000E-03 3.3920E-01  2.8836E-03
 1.0000E-03 3.4070E-01  2.0808E-03
 1.0000E-03 3.4221E-01  1.2649E-03
 1.0000E-03 3.4372E-01  4.3319E-04
 1.0000E-03 3.4523E-01 -4.0426E-04
 1.0000E-03 3.4673E-01 -1.2300E-03
 1.0000E-03 3.4824E-01 -2.0594E-03
 1.0000E-03 3.4975E-01 -2.8944E-03
 1.0000E-03 3.5126E-01 -3.7365E-03
 1.0000E-03 3.5276E-01 -4.5875E-03
 1.0000E-03 3.5427E-01 -5.4458E-03
 1.0000E-03 3.5578E-01 -6.3052E-03
 1.0000E-03 3.5729E-01 -7.1703E-03
 1.0000E-03 3.5879E-01 -8.0421E-03
 1.0000E-03 3.6030E-01 -8.9217E-03
 1.0000E-03 3.6181E-01 -9.8102E-03
 1.0000E-03 3.6332E-01 -1.0707E-02
 1.0000E-03 3.6482E-01 -1.1606E-02
 1.0000E-03 3.6633E-01 -1.2512E-02
 1.0000E-03 3.6784E-01 -1.3424E-02
 1.0000E-03 3.6935E-01 -1.4340E-02
 1.0000E-03 3.7085E-01 -1.5262E-02
 1.0000E-03 3.7236E-01 -1.6187E-02
 1.0000E-03 3.7387E-01 -1.7107E-02
 1.0000E-03 3.7538E-01 -1.8027E-02
 1.0000E-03 3.7688E-01 -1.8943E-02
 1.0000E-03 3.7839E-01 -1.9852E-02
 1.0000E-03 3.7990E-01 -2.0747E-02
 1.0000E-03 3.8141E-01 -2.1623E-02
 1.0000E-03 3.8291E-01 -2.2471E-02
 1.0000E-03 3.8442E-01 -2.3288E-02
 1.0000E-03 3.8593E-01 -2.4066E-02
 1.0000E-03 3.8744E-01 -2.4792E-02
 1.0000E-03 3.8894E-01 -2.5451E-02
 1.0000E-03 3.9045E-01 -2.6024E-02
 1.0000E-03 3.9196E-01 -2.6497E-02
 1.0000E-03 3.9347E-01 -2.6851E-02
 1.0000E-03 3.9497E-01 -2.7059E-02
 1.0000E-03 3.9648E-01 -2.7087E-02
 1.0000E-03 3.9799E-01 -2.6899E-02
 1.0000E-03 3.9950E-01 -2.6451E-02
 1.0000E-03 4.0101E-01 -2.5705E-02
 1.0000E-03 4.0251E-01 -2.4607E-02
 1.0000E-03 4.0402E-01 -2.3097E-02
 1.0000E-03 4.0553E-01 -2.1107E-02
 1.0000E-03 4.0704E-01 -1.8565E-02
 1.0000E-03 4.0854E-01 -1.5398E-02
 1.0000E-03 4.1005E-01 -1.1551E-02
 1.0000E-03 4.1156E-01 -6.9608E-03
 1.0000E-03 4.1307E-01 -1.5781E-03
 1.0000E-03 4.1457E-01  4.6212E-03
 1.0000E-03 4.1608E-01  1.1633E-02
 1.0000E-03 4.1759E-01  1.9414E-02
 1.0000E-03 4.1910E-01  2.7873E-02
 1.0000E-03 4.2060E-01  3.6857E-02
 1.0000E-03 4.2211E-01  4.6181E-02
 1.0000E-03 4.2362E-01  5.5625E-02
 1.0000E-03 4.2513E-01  6.4946E-02
 1.0000E-03 4.2663E-01  7.3902E-02
 1.0000E-03 4.2814E-01  8.2267E-02
 1.0000E-03 4.2965E-01  8.9849E-02
 1.0000E-03 4.3116E-01  9.6522E-02
 1.0000E-03 4.3266E-01  1.0222E-01
 1.0000E-03 4.3417E-01  1.0690E-01
 1.0000E-03 4.3568E-01  1.1061E-01
 1.0000E-03 4.3719E-01  1.1338E-01
 1.0000E-03 4.3869E-01  1.1532E-01
 1.0000E-03 4.4020E-01  1.1654E-01
 1.0000E-03 4.4171E-01  1.1713E-01
 1.0000E-03 4.4322E-01  1.1720E-01
 1.0000E-03 4.4472E-01  1.1683E-01
 1.0000E-03 4.4623E-01  1.1611E-01
 1.0000E-03 4.4774E-01  1.1511E-01
 1.0000E-03 4.4925E-01  1.1391E-01
 1.0000E-03 4.5075E-01  1.1255E-01
 1.0000E-03 4.5226E-01  1.1106E-01
 1.0000E-03 4.5377E-01  1.0949E-01
 1.0000E-03 4.5528E-01  1.0787E-01
 1.0000E-03 4.5678E-01  1.0622E-01
 1.0000E-03 4.5829E-01  1.0455E-01
 1.0000E-03 4.5980E-01  1.0289E-01
 1.0000E-03 4.6131E-01  1.0125E-01
 1.0000E-03 4.6281E-01  9.9617E-02
 1.0000E-03 4.6432E-01  9.8015E-02
 1.0000E-03 4.6583E-01  9.6446E-02
 1.0000E-03 4.6734E-01  9.4910E-02
 1.0000E-03 4.6884E-01  9.3410E-02
 1.0000E-03 4.7035E-01  9.1949E-02
 1.0000E-03 4.7186E-01  9.0526E-02
 1.0000E-03 4.7337E-01  8.9141E-02
 1.0000E-03 4.7487E-01  8.7797E-02
 1.0000E-03 4.7638E-01  8.6494E-02
 1.0000E-03 4.7789E-01  8.5228E-02
 1.0000E-03 4.7940E-01  8.4003E-02
 1.0000E-03 4.8090E-01  8.2815E-02
 1.0000E-03 4.8241E-01  8.1666E-02
 1.0000E-03 4.8392E-01  8.0553E-02
 1.0000E-03 4.8543E-01  7.9476E-02
 1.0000E-03 4.8693E-01  7.8436E-02
 1.0000E-03 4.8844E-01  7.7430E-02
 1.0000E-03 4.8995E-01  7.6457E-02
 1.0000E-03 4.9146E-01  7.5518E-02
 1.0000E-03 4.9296E-01  7.4611E-02
 1.0000E-03 4.9447E-01  7.3735E-02
 1.0000E-03 4.9598E-01  7.2892E-02
 1.0000E-03 4.9749E-01  7.2102E-02
 1.0000E-03 4.9900E-01  7.1340E-02
 1.0000E-03 5.0050E-01  7.0607E-02
 1.0000E-03 5.0201E-01  6.9901E-02
 1.0000E-03 5.0352E-01  6.9221E-02
 1.0000E-03 5.0503E-01  6.8565E-02
 1.0000E-03 5.0653E-01  6.7933E-02
 1.0000E-03 5.0804E-01  6.7323E-02
 1.0000E-03 5.0955E-01  6.6734E-02
 1.0000E-03 5.1106E-01  6.6164E-02
 1.0000E-03 5.1256E-01  6.5613E-02
 1.0000E-03 5.1407E-01  6.5078E-02
 1.0000E-03 5.1558E-01  6.4557E-02
 1.0000E-03 5.1709E-01  6.4051E-02
 1.0000E-03 5.1859E-01  6.3556E-02
 1.0000E-03 5.2010E-01  6.3072E-02
 1.0000E-03 5.2161E-01  6.2579E-02
 1.0000E-03 5.2312E-01  6.2074E-02
 1.0000E-03 5.2462E-01  6.1575E-02
 1.0000E-03 5.2613E-01  6.1083E-02
 1.0000E-03 5.2764E-01  6.0596E-02
 1.0000E-03 5.2915E-01  6.0114E-02
 1.0000E-03 5.3065E-01  5.9638E-02
 1.0000E-03 5.3216E-01  5.9167E-02
 1.0000E-03 5.3367E-01  5.8703E-02
 1.0000E-03 5.3518E-01  5.8242E-02
 1.0000E-03 5.3668E-01  5.7789E-02
 1.0000E-03 5.3819E-01  5.7341E-02
 1.0000E-03 5.3970E-01  5.6899E-02
 1.0000E-03 5.4121E-01  5.6462E-02
 1.0000E-03 5.4271E-01  5.6032E-02
 1.0000E-03 5.4422E-01  5.5608E-02
 1.0000E-03 5.4573E-01  5.5189E-02
 1.0000E-03 5.4724E-01  5.4776E-02
 1.0000E-03 5.4874E-01  5.4369E-02
 1.0000E-03 5.5025E-01  5.3973E-02
 1.0000E-03 5.5176E-01  5.3583E-02
 1.0000E-03 5.5327E-01  5.3199E-02
 1.0000E-03 5.5477E-01  5.2821E-02
 1.0000E-03 5.5628E-01  5.2448E-02
 1.0000E-03 5.5779E-01  5.2081E-02
 1.0000E-03 5.5930E-01  5.1719E-02
 1.0000E-03 5.6080E-01  5.1363E-02
 1.0000E-03 5.6231E-01  5.1012E-02
 1.0000E-03 5.6382E-01  5.0665E-02
 1.0000E-03 5.6533E-01  5.0323E-02
 1.0000E-03 5.6683E-01  4.9986E-02
 1.0000E-03 5.6834E-01  4.9653E-02
 1.0000E-03 5.6985E-01  4.9323E-02
 1.0000E-03 5.7136E-01  4.8998E-02
 1.0000E-03 5.7286E-01  4.8676E-02
 1.0000E-03 5.7437E-01  4.8357E-02
 1.0000E-03 5.7588E-01  4.8042E-02
 1.0000E-03 5.7739E-01  4.7729E-02
 1.0000E-03 5.7889E-01  4.7421E-02
 1.0000E-03 5.8040E-01  4.7115E-02
 1.0000E-03 5.8191E-01  4.6812E-02
 1.0000E-03 5.8342E-01  4.6511E-02
 1.0000E-03 5.8492E-01  4.6214E-02
 1.0000E-03 5.8643E-01  4.5920E-02
 1.0000E-03 5.8794E-01  4.5630E-02
 1.0000E-03 5.8945E-01  4.5344E-02
 1.0000E-03 5.9095E-01  4.5062E-02
 1.0000E-03 5.9246E-01  4.4784E-02
 1.0000E-03 5.9397E-01  4.4509E-02
 1.0000E-03 5.9548E-01  4.4240E-02
 1.0000E-03 5.9698E-01  4.3974E-02
 1.0000E-03 5.9849E-01  4.3713E-02
 1.0000E-03 6.0000E-01  4.3456E-02
