 DDSCAT --- DDSCAT 7.3.3 [22.01.20]   
 TARGET --->TARGSPHER  spherical target with explicit spacing                 
 GPFAFT --- method of solution 
 FLTRCD --- prescription for polarizabilities
 FROM_FILE --- shape 
    4169 = NAT0 = number of dipoles
 ../../diel/Pena-Rioux_dielectric_26Au_74Ag                  
 ../../diel/Pena-Rioux_dielectric_52Au_48Ag                  
 ../../diel/Pena-Rioux_dielectric_85Au_15Ag                  
   0.000   0.000 = beta_min, beta_max ;  NBETA = 1
   0.000   0.000 = theta_min, theta_max; NTHETA= 1
   0.000   0.000 = phi_min, phi_max   ;   NPHI = 1
 0.5000 = ETASCA (param. controlling # of scatt. dirs used to calculate <cos> etc.
 Results averaged over    1 target orientations
                   and  2 incident polarizations
   aeff       wave       Q_ext     Q_abs      Q_sca     g(1)=<cos>  <cos^2>    Q_bk       Nsca
 4.0000E-02 3.0000E-01 2.5698E+00 1.7803E+00 7.8952E-01  2.4741E-01 4.1410E-01 4.1489E-02   408
 4.0000E-02 3.0101E-01 2.5624E+00 1.7798E+00 7.8267E-01  2.4568E-01 4.1392E-01 4.1480E-02   408
 4.0000E-02 3.0203E-01 2.5550E+00 1.7792E+00 7.7577E-01  2.4395E-01 4.1374E-01 4.1461E-02   408
 4.0000E-02 3.0305E-01 2.5474E+00 1.7786E+00 7.6884E-01  2.4224E-01 4.1356E-01 4.1432E-02   408
 4.0000E-02 3.0408E-01 2.5398E+00 1.7779E+00 7.6187E-01  2.4054E-01 4.1339E-01 4.1393E-02   408
 4.0000E-02 3.0512E-01 2.5321E+00 1.7772E+00 7.5487E-01  2.3884E-01 4.1322E-01 4.1344E-02   408
 4.0000E-02 3.0616E-01 2.5243E+00 1.7765E+00 7.4783E-01  2.3716E-01 4.1306E-01 4.1285E-02   408
 4.0000E-02 3.0722E-01 2.5164E+00 1.7757E+00 7.4075E-01  2.3549E-01 4.1289E-01 4.1216E-02   408
 4.0000E-02 3.0828E-01 2.5086E+00 1.7748E+00 7.3378E-01  2.3380E-01 4.1273E-01 4.1148E-02   408
 4.0000E-02 3.0934E-01 2.5012E+00 1.7741E+00 7.2711E-01  2.3211E-01 4.1257E-01 4.1092E-02   408
 4.0000E-02 3.1042E-01 2.4937E+00 1.7734E+00 7.2039E-01  2.3042E-01 4.1241E-01 4.1027E-02   408
 4.0000E-02 3.1150E-01 2.4862E+00 1.7725E+00 7.1367E-01  2.2875E-01 4.1225E-01 4.0952E-02   408
 4.0000E-02 3.1259E-01 2.4785E+00 1.7717E+00 7.0688E-01  2.2707E-01 4.1209E-01 4.0870E-02   408
 4.0000E-02 3.1368E-01 2.4708E+00 1.7707E+00 7.0007E-01  2.2540E-01 4.1194E-01 4.0779E-02   408
 4.0000E-02 3.1479E-01 2.4629E+00 1.7697E+00 6.9322E-01  2.2384E-01 4.1194E-01 4.0679E-02   362
 4.0000E-02 3.1590E-01 2.4550E+00 1.7686E+00 6.8636E-01  2.2217E-01 4.1179E-01 4.0571E-02   362
 4.0000E-02 3.1702E-01 2.4469E+00 1.7675E+00 6.7946E-01  2.2052E-01 4.1164E-01 4.0455E-02   363
 4.0000E-02 3.1815E-01 2.4383E+00 1.7660E+00 6.7223E-01  2.1888E-01 4.1149E-01 4.0312E-02   363
 4.0000E-02 3.1929E-01 2.4293E+00 1.7644E+00 6.6490E-01  2.1725E-01 4.1135E-01 4.0153E-02   363
 4.0000E-02 3.2043E-01 2.4202E+00 1.7627E+00 6.5749E-01  2.1563E-01 4.1121E-01 3.9982E-02   363
 4.0000E-02 3.2158E-01 2.4109E+00 1.7609E+00 6.5001E-01  2.1402E-01 4.1107E-01 3.9800E-02   363
 4.0000E-02 3.2274E-01 2.4014E+00 1.7589E+00 6.4247E-01  2.1241E-01 4.1094E-01 3.9606E-02   363
 4.0000E-02 3.2391E-01 2.3916E+00 1.7568E+00 6.3487E-01  2.1081E-01 4.1080E-01 3.9401E-02   363
 4.0000E-02 3.2509E-01 2.3817E+00 1.7545E+00 6.2723E-01  2.0921E-01 4.1067E-01 3.9185E-02   363
 4.0000E-02 3.2628E-01 2.3716E+00 1.7521E+00 6.1952E-01  2.0762E-01 4.1054E-01 3.8958E-02   363
 4.0000E-02 3.2747E-01 2.3604E+00 1.7491E+00 6.1127E-01  2.0607E-01 4.1042E-01 3.8685E-02   363
 4.0000E-02 3.2868E-01 2.3493E+00 1.7461E+00 6.0318E-01  2.0450E-01 4.1030E-01 3.8415E-02   363
 4.0000E-02 3.2989E-01 2.3383E+00 1.7431E+00 5.9526E-01  2.0293E-01 4.1017E-01 3.8150E-02   363
 4.0000E-02 3.3111E-01 2.3275E+00 1.7400E+00 5.8754E-01  2.0134E-01 4.1005E-01 3.7893E-02   363
 4.0000E-02 3.3234E-01 2.3169E+00 1.7369E+00 5.8002E-01  1.9973E-01 4.0993E-01 3.7643E-02   363
 4.0000E-02 3.3358E-01 2.3065E+00 1.7338E+00 5.7273E-01  1.9811E-01 4.0980E-01 3.7403E-02   363
 4.0000E-02 3.3483E-01 2.2963E+00 1.7307E+00 5.6564E-01  1.9647E-01 4.0968E-01 3.7173E-02   363
 4.0000E-02 3.3609E-01 2.2869E+00 1.7278E+00 5.5910E-01  1.9477E-01 4.0955E-01 3.6977E-02   363
 4.0000E-02 3.3736E-01 2.2786E+00 1.7253E+00 5.5332E-01  1.9302E-01 4.0942E-01 3.6832E-02   363
 4.0000E-02 3.3864E-01 2.2711E+00 1.7230E+00 5.4804E-01  1.9123E-01 4.0929E-01 3.6719E-02   363
 4.0000E-02 3.3992E-01 2.2643E+00 1.7210E+00 5.4330E-01  1.8940E-01 4.0915E-01 3.6641E-02   363
 4.0000E-02 3.4122E-01 2.2584E+00 1.7193E+00 5.3909E-01  1.8754E-01 4.0901E-01 3.6599E-02   363
 4.0000E-02 3.4253E-01 2.2533E+00 1.7178E+00 5.3545E-01  1.8563E-01 4.0887E-01 3.6596E-02   363
 4.0000E-02 3.4385E-01 2.2491E+00 1.7167E+00 5.3239E-01  1.8369E-01 4.0872E-01 3.6632E-02   363
 4.0000E-02 3.4517E-01 2.2460E+00 1.7160E+00 5.3003E-01  1.8170E-01 4.0858E-01 3.6720E-02   363
 4.0000E-02 3.4651E-01 2.2444E+00 1.7159E+00 5.2847E-01  1.7967E-01 4.0843E-01 3.6864E-02   363
 4.0000E-02 3.4786E-01 2.2437E+00 1.7162E+00 5.2751E-01  1.7761E-01 4.0827E-01 3.7053E-02   363
 4.0000E-02 3.4922E-01 2.2442E+00 1.7170E+00 5.2721E-01  1.7553E-01 4.0812E-01 3.7289E-02   363
 4.0000E-02 3.5059E-01 2.2457E+00 1.7182E+00 5.2756E-01  1.7342E-01 4.0797E-01 3.7573E-02   363
 4.0000E-02 3.5197E-01 2.2484E+00 1.7199E+00 5.2857E-01  1.7128E-01 4.0781E-01 3.7908E-02   363
 4.0000E-02 3.5336E-01 2.2523E+00 1.7221E+00 5.3029E-01  1.6913E-01 4.0765E-01 3.8298E-02   363
 4.0000E-02 3.5476E-01 2.2576E+00 1.7249E+00 5.3275E-01  1.6696E-01 4.0750E-01 3.8744E-02   363
 4.0000E-02 3.5618E-01 2.2641E+00 1.7282E+00 5.3583E-01  1.6478E-01 4.0734E-01 3.9239E-02   363
 4.0000E-02 3.5760E-01 2.2716E+00 1.7321E+00 5.3953E-01  1.6260E-01 4.0718E-01 3.9784E-02   363
 4.0000E-02 3.5904E-01 2.2804E+00 1.7365E+00 5.4388E-01  1.6041E-01 4.0703E-01 4.0381E-02   363
 4.0000E-02 3.6048E-01 2.2903E+00 1.7415E+00 5.4888E-01  1.5821E-01 4.0687E-01 4.1034E-02   363
 4.0000E-02 3.6194E-01 2.3016E+00 1.7470E+00 5.5460E-01  1.5601E-01 4.0671E-01 4.1745E-02   363
 4.0000E-02 3.6341E-01 2.3142E+00 1.7532E+00 5.6101E-01  1.5380E-01 4.0656E-01 4.2517E-02   363
 4.0000E-02 3.6490E-01 2.3279E+00 1.7599E+00 5.6800E-01  1.5160E-01 4.0641E-01 4.3339E-02   363
 4.0000E-02 3.6639E-01 2.3427E+00 1.7671E+00 5.7558E-01  1.4940E-01 4.0625E-01 4.4215E-02   363
 4.0000E-02 3.6790E-01 2.3587E+00 1.7749E+00 5.8378E-01  1.4720E-01 4.0610E-01 4.5147E-02   363
 4.0000E-02 3.6942E-01 2.3758E+00 1.7832E+00 5.9262E-01  1.4499E-01 4.0595E-01 4.6139E-02   363
 4.0000E-02 3.7095E-01 2.3943E+00 1.7922E+00 6.0214E-01  1.4279E-01 4.0580E-01 4.7194E-02   363
 4.0000E-02 3.7250E-01 2.4141E+00 1.8018E+00 6.1234E-01  1.4059E-01 4.0565E-01 4.8314E-02   363
 4.0000E-02 3.7406E-01 2.4349E+00 1.8118E+00 6.2309E-01  1.3839E-01 4.0551E-01 4.9490E-02   363
 4.0000E-02 3.7563E-01 2.4568E+00 1.8224E+00 6.3443E-01  1.3618E-01 4.0536E-01 5.0726E-02   363
 4.0000E-02 3.7722E-01 2.4800E+00 1.8335E+00 6.4647E-01  1.3397E-01 4.0522E-01 5.2032E-02   363
 4.0000E-02 3.7881E-01 2.5043E+00 1.8452E+00 6.5913E-01  1.3176E-01 4.0508E-01 5.3404E-02   363
 4.0000E-02 3.8043E-01 2.5300E+00 1.8575E+00 6.7250E-01  1.2955E-01 4.0494E-01 5.4850E-02   363
 4.0000E-02 3.8205E-01 2.5570E+00 1.8704E+00 6.8656E-01  1.2733E-01 4.0480E-01 5.6369E-02   363
 4.0000E-02 3.8369E-01 2.5850E+00 1.8838E+00 7.0122E-01  1.2511E-01 4.0466E-01 5.7957E-02   363
 4.0000E-02 3.8534E-01 2.6143E+00 1.8977E+00 7.1660E-01  1.2289E-01 4.0453E-01 5.9624E-02   363
 4.0000E-02 3.8701E-01 2.6449E+00 1.9122E+00 7.3274E-01  1.2066E-01 4.0439E-01 6.1374E-02   363
 4.0000E-02 3.8870E-01 2.6769E+00 1.9272E+00 7.4967E-01  1.1841E-01 4.0426E-01 6.3216E-02   363
 4.0000E-02 3.9039E-01 2.7104E+00 1.9430E+00 7.6744E-01  1.1624E-01 4.0430E-01 6.5150E-02   323
 4.0000E-02 3.9211E-01 2.7452E+00 1.9592E+00 7.8597E-01  1.1397E-01 4.0418E-01 6.7176E-02   323
 4.0000E-02 3.9383E-01 2.7814E+00 1.9760E+00 8.0539E-01  1.1170E-01 4.0405E-01 6.9304E-02   323
 4.0000E-02 3.9558E-01 2.8192E+00 1.9935E+00 8.2577E-01  1.0941E-01 4.0392E-01 7.1545E-02   323
 4.0000E-02 3.9733E-01 2.8587E+00 2.0115E+00 8.4719E-01  1.0711E-01 4.0380E-01 7.3906E-02   323
 4.0000E-02 3.9911E-01 2.9001E+00 2.0304E+00 8.6968E-01  1.0480E-01 4.0368E-01 7.6393E-02   323
 4.0000E-02 4.0090E-01 2.9432E+00 2.0499E+00 8.9331E-01  1.0248E-01 4.0356E-01 7.9010E-02   323
 4.0000E-02 4.0270E-01 2.9882E+00 2.0701E+00 9.1815E-01  1.0015E-01 4.0345E-01 8.1772E-02   323
 4.0000E-02 4.0452E-01 3.0354E+00 2.0911E+00 9.4431E-01  9.7810E-02 4.0333E-01 8.4688E-02   323
 4.0000E-02 4.0636E-01 3.0849E+00 2.1130E+00 9.7187E-01  9.5457E-02 4.0322E-01 8.7771E-02   323
 4.0000E-02 4.0822E-01 3.1368E+00 2.1358E+00 1.0009E+00  9.3094E-02 4.0311E-01 9.1031E-02   323
 4.0000E-02 4.1009E-01 3.1912E+00 2.1596E+00 1.0316E+00  9.0722E-02 4.0301E-01 9.4477E-02   323
 4.0000E-02 4.1198E-01 3.2483E+00 2.1844E+00 1.0640E+00  8.8338E-02 4.0290E-01 9.8129E-02   323
 4.0000E-02 4.1389E-01 3.3083E+00 2.2102E+00 1.0981E+00  8.5946E-02 4.0280E-01 1.0200E-01   323
 4.0000E-02 4.1581E-01 3.3712E+00 2.2372E+00 1.1341E+00  8.3545E-02 4.0270E-01 1.0609E-01   323
 4.0000E-02 4.1776E-01 3.4372E+00 2.2653E+00 1.1719E+00  8.1138E-02 4.0261E-01 1.1040E-01   323
 4.0000E-02 4.1972E-01 3.5061E+00 2.2945E+00 1.2116E+00  7.8725E-02 4.0251E-01 1.1495E-01   323
 4.0000E-02 4.2170E-01 3.5780E+00 2.3250E+00 1.2530E+00  7.6314E-02 4.0242E-01 1.1973E-01   323
 4.0000E-02 4.2370E-01 3.6527E+00 2.3565E+00 1.2962E+00  7.3909E-02 4.0234E-01 1.2473E-01   323
 4.0000E-02 4.2571E-01 3.7300E+00 2.3890E+00 1.3409E+00  7.1514E-02 4.0225E-01 1.2994E-01   323
 4.0000E-02 4.2775E-01 3.8095E+00 2.4225E+00 1.3870E+00  6.9132E-02 4.0217E-01 1.3534E-01   323
 4.0000E-02 4.2981E-01 3.8912E+00 2.4567E+00 1.4345E+00  6.6769E-02 4.0210E-01 1.4094E-01   323
 4.0000E-02 4.3188E-01 3.9750E+00 2.4917E+00 1.4833E+00  6.4429E-02 4.0202E-01 1.4674E-01   323
 4.0000E-02 4.3398E-01 4.0608E+00 2.5274E+00 1.5334E+00  6.2112E-02 4.0195E-01 1.5273E-01   323
 4.0000E-02 4.3610E-01 4.1485E+00 2.5636E+00 1.5850E+00  5.9821E-02 4.0189E-01 1.5892E-01   323
 4.0000E-02 4.3824E-01 4.2384E+00 2.6004E+00 1.6380E+00  5.7566E-02 4.0183E-01 1.6532E-01   323
 4.0000E-02 4.4039E-01 4.3305E+00 2.6379E+00 1.6927E+00  5.5346E-02 4.0177E-01 1.7194E-01   323
 4.0000E-02 4.4257E-01 4.4249E+00 2.6760E+00 1.7489E+00  5.3171E-02 4.0172E-01 1.7878E-01   323
 4.0000E-02 4.4478E-01 4.5215E+00 2.7147E+00 1.8068E+00  5.1047E-02 4.0167E-01 1.8583E-01   323
 4.0000E-02 4.4700E-01 4.6204E+00 2.7541E+00 1.8663E+00  4.8984E-02 4.0163E-01 1.9309E-01   323
 4.0000E-02 4.4925E-01 4.7215E+00 2.7941E+00 1.9273E+00  4.6988E-02 4.0159E-01 2.0055E-01   323
 4.0000E-02 4.5152E-01 4.8245E+00 2.8347E+00 1.9898E+00  4.5064E-02 4.0155E-01 2.0818E-01   323
 4.0000E-02 4.5381E-01 4.9292E+00 2.8758E+00 2.0534E+00  4.3215E-02 4.0152E-01 2.1596E-01   323
 4.0000E-02 4.5612E-01 5.0356E+00 2.9171E+00 2.1184E+00  4.1443E-02 4.0149E-01 2.2390E-01   323
 4.0000E-02 4.5846E-01 5.1434E+00 2.9587E+00 2.1847E+00  3.9743E-02 4.0146E-01 2.3200E-01   323
 4.0000E-02 4.6082E-01 5.2527E+00 3.0003E+00 2.2524E+00  3.8110E-02 4.0143E-01 2.4026E-01   323
 4.0000E-02 4.6321E-01 5.3635E+00 3.0418E+00 2.3216E+00  3.6540E-02 4.0141E-01 2.4871E-01   323
 4.0000E-02 4.6563E-01 5.4761E+00 3.0830E+00 2.3931E+00  3.5018E-02 4.0138E-01 2.5743E-01   323
 4.0000E-02 4.6806E-01 5.5908E+00 3.1237E+00 2.4672E+00  3.3532E-02 4.0136E-01 2.6646E-01   323
 4.0000E-02 4.7053E-01 5.7078E+00 3.1636E+00 2.5443E+00  3.2072E-02 4.0134E-01 2.7587E-01   323
 4.0000E-02 4.7302E-01 5.8277E+00 3.2024E+00 2.6253E+00  3.0627E-02 4.0132E-01 2.8576E-01   323
 4.0000E-02 4.7553E-01 5.9505E+00 3.2398E+00 2.7107E+00  2.9183E-02 4.0130E-01 2.9620E-01   323
 4.0000E-02 4.7807E-01 6.0760E+00 3.2753E+00 2.8007E+00  2.7735E-02 4.0128E-01 3.0722E-01   323
 4.0000E-02 4.8065E-01 6.2039E+00 3.3082E+00 2.8957E+00  2.6279E-02 4.0126E-01 3.1889E-01   323
 4.0000E-02 4.8324E-01 6.3336E+00 3.3378E+00 2.9958E+00  2.4814E-02 4.0124E-01 3.3121E-01   323
 4.0000E-02 4.8587E-01 6.4630E+00 3.3631E+00 3.1000E+00  2.3347E-02 4.0123E-01 3.4408E-01   323
 4.0000E-02 4.8852E-01 6.5903E+00 3.3828E+00 3.2075E+00  2.1885E-02 4.0122E-01 3.5742E-01   323
 4.0000E-02 4.9121E-01 6.7129E+00 3.3956E+00 3.3173E+00  2.0438E-02 4.0121E-01 3.7107E-01   323
 4.0000E-02 4.9392E-01 6.8262E+00 3.3998E+00 3.4264E+00  1.9020E-02 4.0120E-01 3.8470E-01   323
 4.0000E-02 4.9667E-01 6.9257E+00 3.3937E+00 3.5320E+00  1.7642E-02 4.0120E-01 3.9799E-01   323
 4.0000E-02 4.9944E-01 7.0062E+00 3.3753E+00 3.6310E+00  1.6309E-02 4.0120E-01 4.1053E-01   323
 4.0000E-02 5.0225E-01 7.0608E+00 3.3427E+00 3.7181E+00  1.5027E-02 4.0119E-01 4.2173E-01   323
 4.0000E-02 5.0508E-01 7.0836E+00 3.2947E+00 3.7890E+00  1.3798E-02 4.0119E-01 4.3106E-01   323
 4.0000E-02 5.0795E-01 7.0689E+00 3.2299E+00 3.8390E+00  1.2618E-02 4.0119E-01 4.3797E-01   324
 4.0000E-02 5.1086E-01 7.0120E+00 3.1485E+00 3.8635E+00  1.1483E-02 4.0119E-01 4.4194E-01   324
 4.0000E-02 5.1379E-01 6.9114E+00 3.0513E+00 3.8601E+00  1.0424E-02 4.0139E-01 4.4264E-01   285
 4.0000E-02 5.1676E-01 6.7674E+00 2.9401E+00 3.8273E+00  9.3631E-03 4.0139E-01 4.3991E-01   285
 4.0000E-02 5.1977E-01 6.5829E+00 2.8176E+00 3.7652E+00  8.3325E-03 4.0139E-01 4.3373E-01   285
 4.0000E-02 5.2281E-01 6.3636E+00 2.6871E+00 3.6766E+00  7.3273E-03 4.0139E-01 4.2441E-01   285
 4.0000E-02 5.2588E-01 6.1159E+00 2.5516E+00 3.5642E+00  6.3415E-03 4.0138E-01 4.1228E-01   285
 4.0000E-02 5.2899E-01 5.8469E+00 2.4149E+00 3.4320E+00  5.3699E-03 4.0138E-01 3.9777E-01   285
 4.0000E-02 5.3214E-01 5.5648E+00 2.2799E+00 3.2849E+00  4.4057E-03 4.0137E-01 3.8145E-01   285
 4.0000E-02 5.3533E-01 5.2768E+00 2.1498E+00 3.1271E+00  3.4434E-03 4.0136E-01 3.6382E-01   285
 4.0000E-02 5.3855E-01 4.9905E+00 2.0272E+00 2.9633E+00  2.4834E-03 4.0135E-01 3.4541E-01   285
 4.0000E-02 5.4182E-01 4.7121E+00 1.9139E+00 2.7982E+00  1.5240E-03 4.0134E-01 3.2678E-01   285
 4.0000E-02 5.4512E-01 4.4467E+00 1.8109E+00 2.6359E+00  5.6867E-04 4.0133E-01 3.0841E-01   285
 4.0000E-02 5.4847E-01 4.1976E+00 1.7180E+00 2.4796E+00 -3.8438E-04 4.0132E-01 2.9066E-01   285
 4.0000E-02 5.5185E-01 3.9660E+00 1.6345E+00 2.3315E+00 -1.3326E-03 4.0131E-01 2.7382E-01   285
 4.0000E-02 5.5528E-01 3.7517E+00 1.5591E+00 2.1926E+00 -2.2740E-03 4.0130E-01 2.5801E-01   285
 4.0000E-02 5.5875E-01 3.5531E+00 1.4902E+00 2.0630E+00 -3.2078E-03 4.0129E-01 2.4322E-01   285
 4.0000E-02 5.6226E-01 3.3684E+00 1.4266E+00 1.9419E+00 -4.1347E-03 4.0129E-01 2.2939E-01   285
 4.0000E-02 5.6582E-01 3.1961E+00 1.3676E+00 1.8285E+00 -5.0550E-03 4.0128E-01 2.1641E-01   285
 4.0000E-02 5.6943E-01 3.0348E+00 1.3130E+00 1.7218E+00 -5.9695E-03 4.0128E-01 2.0416E-01   285
 4.0000E-02 5.7308E-01 2.8843E+00 1.2633E+00 1.6210E+00 -6.8792E-03 4.0127E-01 1.9258E-01   285
 4.0000E-02 5.7677E-01 2.7449E+00 1.2191E+00 1.5257E+00 -7.7823E-03 4.0126E-01 1.8160E-01   285
 4.0000E-02 5.8052E-01 2.6175E+00 1.1813E+00 1.4362E+00 -8.6756E-03 4.0125E-01 1.7126E-01   285
 4.0000E-02 5.8431E-01 2.5028E+00 1.1501E+00 1.3528E+00 -9.5528E-03 4.0124E-01 1.6160E-01   285
 4.0000E-02 5.8816E-01 2.4007E+00 1.1250E+00 1.2757E+00 -1.0409E-02 4.0123E-01 1.5267E-01   285
 4.0000E-02 5.9205E-01 2.3104E+00 1.1055E+00 1.2049E+00 -1.1239E-02 4.0122E-01 1.4444E-01   285
 4.0000E-02 5.9600E-01 2.2319E+00 1.0919E+00 1.1400E+00 -1.2033E-02 4.0121E-01 1.3689E-01   285
 4.0000E-02 6.0000E-01 2.1663E+00 1.0848E+00 1.0814E+00 -1.2783E-02 4.0120E-01 1.3007E-01   285
