 DDSCAT --- DDSCAT 7.3.3 [22.01.20]   
 TARGET --->TARGSPHER  spherical target with explicit spacing                 
 GPFAFT --- method of solution 
 FLTRCD --- prescription for polarizabilities
 FROM_FILE --- shape 
    4169 = NAT0 = number of dipoles
 ../../diel/Pena-Rioux_dielectric_26Au_74Ag                  
 ../../diel/Pena-Rioux_dielectric_52Au_48Ag                  
 ../../diel/Pena-Rioux_dielectric_85Au_15Ag                  
   0.000   0.000 = beta_min, beta_max ;  NBETA = 1
   0.000   0.000 = theta_min, theta_max; NTHETA= 1
   0.000   0.000 = phi_min, phi_max   ;   NPHI = 1
 Results averaged over    1 target orientations
                   and  2 incident polarizations
   aeff       wave       Q_pha       Q_pol       Q_cpol
 4.0000E-02 3.0000E-01 -1.5922E-02 -2.3842E-06  1.1176E-08
 4.0000E-02 3.0101E-01 -1.4646E-02 -2.8610E-06 -2.6077E-08
 4.0000E-02 3.0203E-01 -1.3523E-02 -2.6226E-06  2.6077E-08
 4.0000E-02 3.0305E-01 -1.2559E-02 -1.4305E-06 -9.8720E-08
 4.0000E-02 3.0408E-01 -1.1759E-02 -1.6689E-06 -9.3132E-08
 4.0000E-02 3.0512E-01 -1.1129E-02  3.0994E-06 -6.4261E-08
 4.0000E-02 3.0616E-01 -1.0674E-02  1.6689E-06 -6.5193E-08
 4.0000E-02 3.0722E-01 -1.0402E-02 -2.3842E-07 -1.3970E-07
 4.0000E-02 3.0828E-01 -1.0253E-02 -4.2915E-06  2.7008E-08
 4.0000E-02 3.0934E-01 -1.0176E-02 -2.8610E-06 -9.3132E-08
 4.0000E-02 3.1042E-01 -1.0237E-02  0.0000E+00  8.3819E-09
 4.0000E-02 3.1150E-01 -1.0431E-02 -5.0068E-06 -6.5193E-08
 4.0000E-02 3.1259E-01 -1.0779E-02  0.0000E+00 -2.3283E-08
 4.0000E-02 3.1368E-01 -1.1279E-02 -2.8610E-06  1.8626E-08
 4.0000E-02 3.1479E-01 -1.1934E-02  0.0000E+00 -7.8231E-08
 4.0000E-02 3.1590E-01 -1.2746E-02 -4.5300E-06  4.7497E-08
 4.0000E-02 3.1702E-01 -1.3723E-02 -3.5763E-06  1.8626E-09
 4.0000E-02 3.1815E-01 -1.4497E-02 -6.9141E-06  5.3085E-08
 4.0000E-02 3.1929E-01 -1.5461E-02 -7.6294E-06  1.6764E-08
 4.0000E-02 3.2043E-01 -1.6694E-02  3.8147E-06 -1.8626E-09
 4.0000E-02 3.2158E-01 -1.8204E-02 -5.4836E-06  2.9802E-08
 4.0000E-02 3.2274E-01 -1.9999E-02  4.7684E-06 -4.2841E-08
 4.0000E-02 3.2391E-01 -2.2089E-02 -2.3842E-07  2.9802E-08
 4.0000E-02 3.2509E-01 -2.4483E-02  5.0068E-06  2.0489E-08
 4.0000E-02 3.2628E-01 -2.7191E-02 -6.9141E-06 -8.5682E-08
 4.0000E-02 3.2747E-01 -3.0764E-02 -6.6757E-06 -3.1665E-08
 4.0000E-02 3.2868E-01 -3.4814E-02 -5.7220E-06  1.4901E-08
 4.0000E-02 3.2989E-01 -3.9333E-02 -4.2915E-06 -7.0781E-08
 4.0000E-02 3.3111E-01 -4.4334E-02 -5.2452E-06 -1.0058E-07
 4.0000E-02 3.3234E-01 -4.9833E-02  1.4305E-06 -1.4901E-08
 4.0000E-02 3.3358E-01 -5.5844E-02 -3.8147E-06 -6.7055E-08
 4.0000E-02 3.3483E-01 -6.2381E-02 -4.0531E-06 -1.3784E-07
 4.0000E-02 3.3609E-01 -6.9656E-02  4.2915E-06  0.0000E+00
 4.0000E-02 3.3736E-01 -7.7585E-02 -4.7684E-06 -1.0431E-07
 4.0000E-02 3.3864E-01 -8.5938E-02  3.5763E-06 -2.9802E-08
 4.0000E-02 3.3992E-01 -9.4725E-02  2.1458E-06 -1.3411E-07
 4.0000E-02 3.4122E-01 -1.0396E-01 -7.1526E-07 -2.1607E-07
 4.0000E-02 3.4253E-01 -1.1366E-01 -1.9073E-06 -8.1956E-08
 4.0000E-02 3.4385E-01 -1.2383E-01  2.3842E-06 -5.2154E-08
 4.0000E-02 3.4517E-01 -1.3440E-01  5.2452E-06 -3.5763E-07
 4.0000E-02 3.4651E-01 -1.4514E-01  1.1921E-06 -2.3842E-07
 4.0000E-02 3.4786E-01 -1.5613E-01  9.5367E-07 -2.6822E-07
 4.0000E-02 3.4922E-01 -1.6736E-01 -4.5300E-06 -2.9802E-08
 4.0000E-02 3.5059E-01 -1.7884E-01 -4.7684E-07  1.7881E-07
 4.0000E-02 3.5197E-01 -1.9058E-01 -3.8147E-06  2.0862E-07
 4.0000E-02 3.5336E-01 -2.0260E-01 -4.7684E-06  1.3411E-07
 4.0000E-02 3.5476E-01 -2.1471E-01  1.9073E-06  0.0000E+00
 4.0000E-02 3.5618E-01 -2.2686E-01  2.3842E-06  1.0431E-07
 4.0000E-02 3.5760E-01 -2.3911E-01 -1.4305E-06  1.9372E-07
 4.0000E-02 3.5904E-01 -2.5144E-01  3.5763E-06  7.7486E-07
 4.0000E-02 3.6048E-01 -2.6387E-01  2.1458E-06  4.4703E-07
 4.0000E-02 3.6194E-01 -2.7639E-01 -1.9073E-06 -2.0862E-07
 4.0000E-02 3.6341E-01 -2.8894E-01  1.4305E-06 -5.3644E-07
 4.0000E-02 3.6490E-01 -3.0139E-01 -1.9073E-06 -3.5763E-07
 4.0000E-02 3.6639E-01 -3.1383E-01  4.7684E-06  3.8743E-07
 4.0000E-02 3.6790E-01 -3.2626E-01  2.3842E-06  2.9802E-07
 4.0000E-02 3.6942E-01 -3.3868E-01 -9.2983E-06  8.0466E-07
 4.0000E-02 3.7095E-01 -3.5107E-01  2.3842E-07 -1.7881E-07
 4.0000E-02 3.7250E-01 -3.6339E-01 -1.1921E-06 -3.5763E-07
 4.0000E-02 3.7406E-01 -3.7558E-01  1.1921E-06 -2.9802E-08
 4.0000E-02 3.7563E-01 -3.8771E-01  7.1526E-07  1.1921E-07
 4.0000E-02 3.7722E-01 -3.9980E-01 -1.1921E-06 -2.3842E-07
 4.0000E-02 3.7881E-01 -4.1179E-01 -1.6689E-06  1.1325E-06
 4.0000E-02 3.8043E-01 -4.2369E-01  3.0994E-06 -8.9407E-08
 4.0000E-02 3.8205E-01 -4.3547E-01 -2.8610E-06  0.0000E+00
 4.0000E-02 3.8369E-01 -4.4715E-01 -1.0014E-05 -5.9605E-08
 4.0000E-02 3.8534E-01 -4.5877E-01 -4.5300E-06  1.4305E-06
 4.0000E-02 3.8701E-01 -4.7029E-01 -1.9073E-06 -3.1590E-06
 4.0000E-02 3.8870E-01 -4.8172E-01 -3.8147E-06 -9.1791E-06
 4.0000E-02 3.9039E-01 -4.9301E-01  9.5367E-07 -1.8179E-06
 4.0000E-02 3.9211E-01 -5.0420E-01  1.0490E-05  1.9073E-06
 4.0000E-02 3.9383E-01 -5.1533E-01 -1.7166E-05 -3.5763E-07
 4.0000E-02 3.9558E-01 -5.2636E-01 -4.2915E-06 -5.2452E-06
 4.0000E-02 3.9733E-01 -5.3728E-01 -2.6226E-06  7.1526E-07
 4.0000E-02 3.9911E-01 -5.4804E-01 -5.0068E-06  6.5565E-07
 4.0000E-02 4.0090E-01 -5.5865E-01 -3.3379E-06 -4.1723E-07
 4.0000E-02 4.0270E-01 -5.6916E-01 -1.0014E-05  7.7486E-07
 4.0000E-02 4.0452E-01 -5.7947E-01 -1.2159E-05  5.0664E-06
 4.0000E-02 4.0636E-01 -5.8953E-01  3.8147E-06 -1.1921E-06
 4.0000E-02 4.0822E-01 -5.9926E-01 -9.0599E-06 -2.9802E-06
 4.0000E-02 4.1009E-01 -6.0862E-01 -1.9073E-06 -8.3447E-07
 4.0000E-02 4.1198E-01 -6.1756E-01 -2.1458E-06 -1.3709E-06
 4.0000E-02 4.1389E-01 -6.2594E-01 -2.1458E-05 -1.5318E-05
 4.0000E-02 4.1581E-01 -6.3359E-01 -2.9325E-05  8.0466E-06
 4.0000E-02 4.1776E-01 -6.4034E-01  1.9073E-06  7.1526E-07
 4.0000E-02 4.1972E-01 -6.4608E-01  1.0014E-05  4.1723E-07
 4.0000E-02 4.2170E-01 -6.5062E-01  7.6294E-06 -2.9802E-07
 4.0000E-02 4.2370E-01 -6.5379E-01 -5.4836E-06 -1.0729E-06
 4.0000E-02 4.2571E-01 -6.5548E-01 -8.3447E-06  2.8014E-06
 4.0000E-02 4.2775E-01 -6.5564E-01  5.4836E-06  2.9802E-07
 4.0000E-02 4.2981E-01 -6.5424E-01  1.2875E-05  5.1856E-06
 4.0000E-02 4.3188E-01 -6.5126E-01 -9.7752E-06  2.5034E-06
 4.0000E-02 4.3398E-01 -6.4668E-01  3.3379E-06 -2.3842E-06
 4.0000E-02 4.3610E-01 -6.4048E-01 -1.4305E-06 -1.7881E-07
 4.0000E-02 4.3824E-01 -6.3273E-01 -3.3379E-06 -5.3644E-07
 4.0000E-02 4.4039E-01 -6.2322E-01 -1.0490E-05 -1.2517E-06
 4.0000E-02 4.4257E-01 -6.1182E-01 -1.4305E-06  1.7881E-07
 4.0000E-02 4.4478E-01 -5.9840E-01  3.8147E-06 -1.7285E-06
 4.0000E-02 4.4700E-01 -5.8287E-01 -1.5259E-05  4.6492E-06
 4.0000E-02 4.4925E-01 -5.6494E-01  2.8610E-06  2.3842E-07
 4.0000E-02 4.5152E-01 -5.4452E-01 -2.3842E-06 -6.5565E-07
 4.0000E-02 4.5381E-01 -5.2150E-01 -4.7684E-07 -1.3113E-06
 4.0000E-02 4.5612E-01 -4.9580E-01  7.6294E-06 -6.5565E-07
 4.0000E-02 4.5846E-01 -4.6730E-01  7.1526E-06 -1.8179E-06
 4.0000E-02 4.6082E-01 -4.3597E-01 -2.8610E-06 -2.3246E-06
 4.0000E-02 4.6321E-01 -4.0182E-01  2.8610E-06 -4.2021E-06
 4.0000E-02 4.6563E-01 -3.6462E-01  1.9073E-06 -1.7881E-06
 4.0000E-02 4.6806E-01 -3.2411E-01 -5.2452E-06 -7.8976E-06
 4.0000E-02 4.7053E-01 -2.8005E-01  9.5367E-07  1.2219E-06
 4.0000E-02 4.7302E-01 -2.3201E-01 -9.5367E-07 -1.0282E-06
 4.0000E-02 4.7553E-01 -1.7915E-01  0.0000E+00 -3.5912E-06
 4.0000E-02 4.7807E-01 -1.2079E-01 -1.7643E-05 -2.0713E-06
 4.0000E-02 4.8065E-01 -5.6062E-02 -7.6294E-06  1.9372E-07
 4.0000E-02 4.8324E-01  1.6225E-02 -2.7657E-05  3.1851E-07
 4.0000E-02 4.8587E-01  9.7133E-02  4.7684E-06 -1.1399E-06
 4.0000E-02 4.8852E-01  1.8772E-01 -4.1962E-05 -4.3809E-06
 4.0000E-02 4.9121E-01  2.8917E-01 -7.1526E-06 -3.3379E-06
 4.0000E-02 4.9392E-01  4.0236E-01  1.0014E-05  2.5928E-06
 4.0000E-02 4.9667E-01  5.2763E-01  1.0967E-05 -2.9206E-06
 4.0000E-02 4.9944E-01  6.6518E-01 -1.2398E-05  1.0431E-05
 4.0000E-02 5.0225E-01  8.1429E-01  1.7166E-05  3.1590E-06
 4.0000E-02 5.0508E-01  9.7288E-01 -2.1935E-05 -1.7285E-06
 4.0000E-02 5.0795E-01  1.1385E+00  2.3842E-06  1.6689E-06
 4.0000E-02 5.1086E-01  1.3074E+00 -2.6226E-05 -4.1723E-06
 4.0000E-02 5.1379E-01  1.4749E+00 -5.2452E-06 -1.4305E-06
 4.0000E-02 5.1676E-01  1.6368E+00  6.6757E-06 -2.5034E-06
 4.0000E-02 5.1977E-01  1.7885E+00  7.1526E-06  8.9407E-06
 4.0000E-02 5.2281E-01  1.9263E+00 -1.4305E-05 -1.1206E-05
 4.0000E-02 5.2588E-01  2.0476E+00  4.2915E-06 -7.1526E-06
 4.0000E-02 5.2899E-01  2.1505E+00 -4.7684E-06 -8.5831E-06
 4.0000E-02 5.3214E-01  2.2341E+00 -1.0967E-05  1.4305E-06
 4.0000E-02 5.3533E-01  2.2984E+00  4.3392E-05 -7.6294E-06
 4.0000E-02 5.3855E-01  2.3440E+00 -3.2902E-05  1.4305E-05
 4.0000E-02 5.4182E-01  2.3727E+00 -1.5736E-05  9.5367E-07
 4.0000E-02 5.4512E-01  2.3869E+00  4.7684E-07 -1.4305E-06
 4.0000E-02 5.4847E-01  2.3892E+00  2.7180E-05  2.6226E-05
 4.0000E-02 5.5185E-01  2.3824E+00 -5.5790E-05  5.9605E-06
 4.0000E-02 5.5528E-01  2.3689E+00  2.5749E-05  1.3351E-05
 4.0000E-02 5.5875E-01  2.3507E+00  1.2755E-04  3.0994E-05
 4.0000E-02 5.6226E-01  2.3287E+00  8.5831E-06 -3.1948E-05
 4.0000E-02 5.6582E-01  2.3037E+00  3.4809E-05  1.0729E-05
 4.0000E-02 5.6943E-01  2.2759E+00  3.1471E-05  1.2159E-05
 4.0000E-02 5.7308E-01  2.2453E+00 -3.2663E-05 -6.6757E-06
 4.0000E-02 5.7677E-01  2.2119E+00  2.8849E-05 -3.5763E-05
 4.0000E-02 5.8052E-01  2.1763E+00 -7.7963E-05 -3.3140E-05
 4.0000E-02 5.8431E-01  2.1391E+00  7.0572E-05 -2.5511E-05
 4.0000E-02 5.8816E-01  2.1016E+00 -3.9339E-05  7.1526E-05
 4.0000E-02 5.9205E-01  2.0641E+00  5.3883E-05 -8.5831E-06
 4.0000E-02 5.9600E-01  2.0272E+00 -7.1526E-07  1.5974E-05
 4.0000E-02 6.0000E-01  1.9915E+00  8.4162E-05 -8.8215E-06
