 DDSCAT --- DDSCAT 7.3.3 [22.01.20]   
 TARGET --->TARGSPHER  spherical target with explicit spacing                 
 GPFAFT --- method of solution 
 GKDLDR --- prescription for polarizabilities
 FROM_FILE --- shape 
   31103 = NAT0 = number of dipoles
 ../diel/Pena26Au74Ag                                        
 ../diel/Au_evap                                             
   0.000   0.000 = beta_min, beta_max ;  NBETA = 1
   0.000   0.000 = theta_min, theta_max; NTHETA= 1
   0.000   0.000 = phi_min, phi_max   ;   NPHI = 1
 0.5000 = ETASCA (param. controlling # of scatt. dirs used to calculate <cos> etc.
 Results averaged over    1 target orientations
                   and  2 incident polarizations
   aeff       wave       Q_ext     Q_abs      Q_sca     g(1)=<cos>  <cos^2>    Q_bk       Nsca
 2.4619E-01 3.0000E-01 2.5586E+00 1.0701E+00 1.4885E+00  7.7119E-01 8.0223E-01 2.5032E-02  2596
 2.4619E-01 3.0101E-01 2.5596E+00 1.0718E+00 1.4879E+00  7.7123E-01 8.0211E-01 2.5132E-02  2598
 2.4619E-01 3.0203E-01 2.5607E+00 1.0731E+00 1.4876E+00  7.7117E-01 8.0192E-01 2.5227E-02  2598
 2.4619E-01 3.0305E-01 2.5617E+00 1.0744E+00 1.4873E+00  7.7111E-01 8.0174E-01 2.5301E-02  2598
 2.4619E-01 3.0408E-01 2.5627E+00 1.0758E+00 1.4869E+00  7.7105E-01 8.0154E-01 2.5352E-02  2599
 2.4619E-01 3.0512E-01 2.5637E+00 1.0771E+00 1.4866E+00  7.7103E-01 8.0139E-01 2.5379E-02  2490
 2.4619E-01 3.0616E-01 2.5646E+00 1.0784E+00 1.4862E+00  7.7097E-01 8.0120E-01 2.5380E-02  2490
 2.4619E-01 3.0722E-01 2.5656E+00 1.0797E+00 1.4858E+00  7.7092E-01 8.0101E-01 2.5353E-02  2491
 2.4619E-01 3.0828E-01 2.5665E+00 1.0810E+00 1.4854E+00  7.7086E-01 8.0081E-01 2.5299E-02  2491
 2.4619E-01 3.0934E-01 2.5674E+00 1.0823E+00 1.4851E+00  7.7080E-01 8.0061E-01 2.5218E-02  2492
 2.4619E-01 3.1042E-01 2.5683E+00 1.0836E+00 1.4847E+00  7.7074E-01 8.0041E-01 2.5109E-02  2494
 2.4619E-01 3.1150E-01 2.5692E+00 1.0852E+00 1.4841E+00  7.7076E-01 8.0026E-01 2.4963E-02  2496
 2.4619E-01 3.1259E-01 2.5701E+00 1.0868E+00 1.4833E+00  7.7081E-01 8.0013E-01 2.4788E-02  2496
 2.4619E-01 3.1368E-01 2.5710E+00 1.0884E+00 1.4826E+00  7.7085E-01 8.0000E-01 2.4586E-02  2496
 2.4619E-01 3.1479E-01 2.5719E+00 1.0900E+00 1.4819E+00  7.7093E-01 7.9989E-01 2.4363E-02  2387
 2.4619E-01 3.1590E-01 2.5727E+00 1.0916E+00 1.4811E+00  7.7097E-01 7.9975E-01 2.4117E-02  2387
 2.4619E-01 3.1702E-01 2.5735E+00 1.0931E+00 1.4804E+00  7.7100E-01 7.9960E-01 2.3854E-02  2387
 2.4619E-01 3.1815E-01 2.5743E+00 1.0947E+00 1.4797E+00  7.7102E-01 7.9944E-01 2.3577E-02  2388
 2.4619E-01 3.1929E-01 2.5751E+00 1.0961E+00 1.4789E+00  7.7104E-01 7.9927E-01 2.3288E-02  2388
 2.4619E-01 3.2043E-01 2.5758E+00 1.0976E+00 1.4782E+00  7.7104E-01 7.9910E-01 2.2991E-02  2389
 2.4619E-01 3.2158E-01 2.5764E+00 1.0984E+00 1.4780E+00  7.7087E-01 7.9880E-01 2.2716E-02  2390
 2.4619E-01 3.2274E-01 2.5770E+00 1.0992E+00 1.4778E+00  7.7072E-01 7.9850E-01 2.2439E-02  2390
 2.4619E-01 3.2391E-01 2.5775E+00 1.1000E+00 1.4775E+00  7.7062E-01 7.9825E-01 2.2163E-02  2287
 2.4619E-01 3.2509E-01 2.5780E+00 1.1009E+00 1.4771E+00  7.7051E-01 7.9797E-01 2.1892E-02  2288
 2.4619E-01 3.2628E-01 2.5784E+00 1.1018E+00 1.4767E+00  7.7040E-01 7.9769E-01 2.1629E-02  2288
 2.4619E-01 3.2747E-01 2.5788E+00 1.1027E+00 1.4761E+00  7.7034E-01 7.9744E-01 2.1374E-02  2288
 2.4619E-01 3.2868E-01 2.5790E+00 1.1037E+00 1.4753E+00  7.7031E-01 7.9721E-01 2.1133E-02  2289
 2.4619E-01 3.2989E-01 2.5792E+00 1.1046E+00 1.4746E+00  7.7029E-01 7.9698E-01 2.0909E-02  2291
 2.4619E-01 3.3111E-01 2.5793E+00 1.1056E+00 1.4737E+00  7.7031E-01 7.9676E-01 2.0705E-02  2292
 2.4619E-01 3.3234E-01 2.5793E+00 1.1070E+00 1.4723E+00  7.7048E-01 7.9665E-01 2.0499E-02  2292
 2.4619E-01 3.3358E-01 2.5793E+00 1.1087E+00 1.4706E+00  7.7076E-01 7.9660E-01 2.0304E-02  2292
 2.4619E-01 3.3483E-01 2.5791E+00 1.1104E+00 1.4687E+00  7.7111E-01 7.9661E-01 2.0132E-02  2189
 2.4619E-01 3.3609E-01 2.5789E+00 1.1122E+00 1.4667E+00  7.7147E-01 7.9660E-01 1.9983E-02  2190
 2.4619E-01 3.3736E-01 2.5787E+00 1.1141E+00 1.4647E+00  7.7186E-01 7.9660E-01 1.9859E-02  2190
 2.4619E-01 3.3864E-01 2.5784E+00 1.1159E+00 1.4625E+00  7.7229E-01 7.9663E-01 1.9759E-02  2192
 2.4619E-01 3.3992E-01 2.5781E+00 1.1179E+00 1.4603E+00  7.7275E-01 7.9667E-01 1.9683E-02  2193
 2.4619E-01 3.4122E-01 2.5778E+00 1.1199E+00 1.4580E+00  7.7324E-01 7.9672E-01 1.9629E-02  2193
 2.4619E-01 3.4253E-01 2.5775E+00 1.1219E+00 1.4556E+00  7.7376E-01 7.9679E-01 1.9595E-02  2194
 2.4619E-01 3.4385E-01 2.5771E+00 1.1242E+00 1.4529E+00  7.7440E-01 7.9692E-01 1.9567E-02  2194
 2.4619E-01 3.4517E-01 2.5767E+00 1.1263E+00 1.4504E+00  7.7505E-01 7.9706E-01 1.9564E-02  2093
 2.4619E-01 3.4651E-01 2.5764E+00 1.1284E+00 1.4481E+00  7.7561E-01 7.9713E-01 1.9586E-02  2093
 2.4619E-01 3.4786E-01 2.5762E+00 1.1303E+00 1.4459E+00  7.7613E-01 7.9717E-01 1.9628E-02  2094
 2.4619E-01 3.4922E-01 2.5761E+00 1.1322E+00 1.4439E+00  7.7661E-01 7.9718E-01 1.9688E-02  2096
 2.4619E-01 3.5059E-01 2.5762E+00 1.1340E+00 1.4422E+00  7.7704E-01 7.9716E-01 1.9764E-02  2098
 2.4619E-01 3.5197E-01 2.5763E+00 1.1357E+00 1.4406E+00  7.7742E-01 7.9710E-01 1.9851E-02  2098
 2.4619E-01 3.5336E-01 2.5766E+00 1.1374E+00 1.4392E+00  7.7776E-01 7.9700E-01 1.9948E-02  2098
 2.4619E-01 3.5476E-01 2.5771E+00 1.1387E+00 1.4385E+00  7.7792E-01 7.9680E-01 2.0071E-02  2099
 2.4619E-01 3.5618E-01 2.5781E+00 1.1396E+00 1.4385E+00  7.7790E-01 7.9649E-01 2.0226E-02  1999
 2.4619E-01 3.5760E-01 2.5792E+00 1.1404E+00 1.4388E+00  7.7778E-01 7.9610E-01 2.0385E-02  2000
 2.4619E-01 3.5904E-01 2.5804E+00 1.1411E+00 1.4392E+00  7.7759E-01 7.9567E-01 2.0545E-02  2001
 2.4619E-01 3.6048E-01 2.5817E+00 1.1418E+00 1.4400E+00  7.7734E-01 7.9520E-01 2.0705E-02  2001
 2.4619E-01 3.6194E-01 2.5833E+00 1.1423E+00 1.4410E+00  7.7702E-01 7.9468E-01 2.0863E-02  2002
 2.4619E-01 3.6341E-01 2.5850E+00 1.1427E+00 1.4423E+00  7.7662E-01 7.9411E-01 2.1019E-02  2003
 2.4619E-01 3.6490E-01 2.5869E+00 1.1430E+00 1.4439E+00  7.7614E-01 7.9349E-01 2.1172E-02  2004
 2.4619E-01 3.6639E-01 2.5889E+00 1.1432E+00 1.4457E+00  7.7558E-01 7.9282E-01 2.1320E-02  2004
 2.4619E-01 3.6790E-01 2.5911E+00 1.1433E+00 1.4478E+00  7.7494E-01 7.9209E-01 2.1463E-02  2005
 2.4619E-01 3.6942E-01 2.5936E+00 1.1434E+00 1.4502E+00  7.7426E-01 7.9137E-01 2.1601E-02  1908
 2.4619E-01 3.7095E-01 2.5961E+00 1.1434E+00 1.4527E+00  7.7351E-01 7.9058E-01 2.1721E-02  1909
 2.4619E-01 3.7250E-01 2.5987E+00 1.1434E+00 1.4553E+00  7.7274E-01 7.8978E-01 2.1821E-02  1909
 2.4619E-01 3.7406E-01 2.6014E+00 1.1434E+00 1.4580E+00  7.7194E-01 7.8896E-01 2.1902E-02  1910
 2.4619E-01 3.7563E-01 2.6042E+00 1.1435E+00 1.4608E+00  7.7112E-01 7.8813E-01 2.1960E-02  1911
 2.4619E-01 3.7722E-01 2.6070E+00 1.1435E+00 1.4636E+00  7.7028E-01 7.8728E-01 2.1997E-02  1911
 2.4619E-01 3.7881E-01 2.6100E+00 1.1435E+00 1.4665E+00  7.6942E-01 7.8642E-01 2.2013E-02  1911
 2.4619E-01 3.8043E-01 2.6130E+00 1.1435E+00 1.4695E+00  7.6855E-01 7.8555E-01 2.2007E-02  1912
 2.4619E-01 3.8205E-01 2.6159E+00 1.1437E+00 1.4722E+00  7.6779E-01 7.8476E-01 2.1961E-02  1816
 2.4619E-01 3.8369E-01 2.6186E+00 1.1443E+00 1.4744E+00  7.6717E-01 7.8403E-01 2.1854E-02  1816
 2.4619E-01 3.8534E-01 2.6214E+00 1.1448E+00 1.4766E+00  7.6652E-01 7.8328E-01 2.1729E-02  1817
 2.4619E-01 3.8701E-01 2.6243E+00 1.1454E+00 1.4789E+00  7.6585E-01 7.8251E-01 2.1587E-02  1817
 2.4619E-01 3.8870E-01 2.6272E+00 1.1459E+00 1.4813E+00  7.6516E-01 7.8173E-01 2.1431E-02  1818
 2.4619E-01 3.9039E-01 2.6302E+00 1.1464E+00 1.4838E+00  7.6444E-01 7.8093E-01 2.1262E-02  1818
 2.4619E-01 3.9211E-01 2.6333E+00 1.1469E+00 1.4864E+00  7.6371E-01 7.8011E-01 2.1084E-02  1818
 2.4619E-01 3.9383E-01 2.6364E+00 1.1474E+00 1.4890E+00  7.6296E-01 7.7928E-01 2.0900E-02  1818
 2.4619E-01 3.9558E-01 2.6396E+00 1.1479E+00 1.4917E+00  7.6218E-01 7.7843E-01 2.0713E-02  1818
 2.4619E-01 3.9733E-01 2.6428E+00 1.1483E+00 1.4945E+00  7.6144E-01 7.7762E-01 2.0526E-02  1730
 2.4619E-01 3.9911E-01 2.6464E+00 1.1484E+00 1.4980E+00  7.6043E-01 7.7663E-01 2.0381E-02  1730
 2.4619E-01 4.0090E-01 2.6501E+00 1.1485E+00 1.5016E+00  7.5937E-01 7.7561E-01 2.0250E-02  1730
 2.4619E-01 4.0270E-01 2.6539E+00 1.1485E+00 1.5054E+00  7.5828E-01 7.7457E-01 2.0134E-02  1730
 2.4619E-01 4.0452E-01 2.6577E+00 1.1484E+00 1.5094E+00  7.5715E-01 7.7350E-01 2.0038E-02  1730
 2.4619E-01 4.0636E-01 2.6617E+00 1.1483E+00 1.5134E+00  7.5598E-01 7.7241E-01 1.9964E-02  1731
 2.4619E-01 4.0822E-01 2.6658E+00 1.1482E+00 1.5176E+00  7.5477E-01 7.7129E-01 1.9918E-02  1732
 2.4619E-01 4.1009E-01 2.6699E+00 1.1480E+00 1.5219E+00  7.5352E-01 7.7016E-01 1.9904E-02  1732
 2.4619E-01 4.1198E-01 2.6742E+00 1.1478E+00 1.5264E+00  7.5229E-01 7.6904E-01 1.9924E-02  1644
 2.4619E-01 4.1389E-01 2.6784E+00 1.1477E+00 1.5307E+00  7.5104E-01 7.6791E-01 1.9971E-02  1645
 2.4619E-01 4.1581E-01 2.6825E+00 1.1478E+00 1.5347E+00  7.4990E-01 7.6682E-01 2.0033E-02  1646
 2.4619E-01 4.1776E-01 2.6868E+00 1.1479E+00 1.5389E+00  7.4869E-01 7.6570E-01 2.0145E-02  1646
 2.4619E-01 4.1972E-01 2.6911E+00 1.1479E+00 1.5433E+00  7.4743E-01 7.6455E-01 2.0310E-02  1646
 2.4619E-01 4.2170E-01 2.6956E+00 1.1477E+00 1.5478E+00  7.4610E-01 7.6337E-01 2.0532E-02  1646
 2.4619E-01 4.2370E-01 2.7001E+00 1.1475E+00 1.5526E+00  7.4471E-01 7.6215E-01 2.0812E-02  1646
 2.4619E-01 4.2571E-01 2.7048E+00 1.1472E+00 1.5576E+00  7.4326E-01 7.6089E-01 2.1152E-02  1646
 2.4619E-01 4.2775E-01 2.7095E+00 1.1467E+00 1.5628E+00  7.4180E-01 7.5966E-01 2.1554E-02  1560
 2.4619E-01 4.2981E-01 2.7144E+00 1.1462E+00 1.5683E+00  7.4022E-01 7.5834E-01 2.2019E-02  1561
 2.4619E-01 4.3188E-01 2.7196E+00 1.1451E+00 1.5746E+00  7.3837E-01 7.5687E-01 2.2585E-02  1561
 2.4619E-01 4.3398E-01 2.7250E+00 1.1436E+00 1.5814E+00  7.3636E-01 7.5533E-01 2.3231E-02  1561
 2.4619E-01 4.3610E-01 2.7304E+00 1.1421E+00 1.5883E+00  7.3432E-01 7.5376E-01 2.3932E-02  1562
 2.4619E-01 4.3824E-01 2.7359E+00 1.1405E+00 1.5954E+00  7.3223E-01 7.5217E-01 2.4687E-02  1562
 2.4619E-01 4.4039E-01 2.7415E+00 1.1389E+00 1.6026E+00  7.3010E-01 7.5057E-01 2.5490E-02  1563
 2.4619E-01 4.4257E-01 2.7471E+00 1.1371E+00 1.6100E+00  7.2793E-01 7.4895E-01 2.6338E-02  1564
 2.4619E-01 4.4478E-01 2.7527E+00 1.1352E+00 1.6175E+00  7.2572E-01 7.4730E-01 2.7226E-02  1564
 2.4619E-01 4.4700E-01 2.7583E+00 1.1333E+00 1.6250E+00  7.2354E-01 7.4570E-01 2.8148E-02  1478
 2.4619E-01 4.4925E-01 2.7640E+00 1.1313E+00 1.6327E+00  7.2125E-01 7.4403E-01 2.9100E-02  1479
 2.4619E-01 4.5152E-01 2.7693E+00 1.1295E+00 1.6398E+00  7.1913E-01 7.4244E-01 3.0022E-02  1480
 2.4619E-01 4.5381E-01 2.7738E+00 1.1287E+00 1.6451E+00  7.1747E-01 7.4109E-01 3.0834E-02  1480
 2.4619E-01 4.5612E-01 2.7784E+00 1.1275E+00 1.6509E+00  7.1565E-01 7.3967E-01 3.1673E-02  1480
 2.4619E-01 4.5846E-01 2.7833E+00 1.1260E+00 1.6573E+00  7.1367E-01 7.3817E-01 3.2533E-02  1481
 2.4619E-01 4.6082E-01 2.7885E+00 1.1243E+00 1.6642E+00  7.1153E-01 7.3660E-01 3.3411E-02  1481
 2.4619E-01 4.6321E-01 2.7938E+00 1.1221E+00 1.6717E+00  7.0922E-01 7.3495E-01 3.4303E-02  1481
 2.4619E-01 4.6563E-01 2.7994E+00 1.1196E+00 1.6798E+00  7.0681E-01 7.3327E-01 3.5204E-02  1396
 2.4619E-01 4.6806E-01 2.8053E+00 1.1168E+00 1.6885E+00  7.0415E-01 7.3146E-01 3.6114E-02  1396
 2.4619E-01 4.7053E-01 2.8114E+00 1.1136E+00 1.6979E+00  7.0133E-01 7.2957E-01 3.7028E-02  1397
 2.4619E-01 4.7302E-01 2.8178E+00 1.1090E+00 1.7088E+00  6.9802E-01 7.2744E-01 3.8018E-02  1398
 2.4619E-01 4.7553E-01 2.8247E+00 1.1034E+00 1.7214E+00  6.9429E-01 7.2510E-01 3.9084E-02  1399
 2.4619E-01 4.7807E-01 2.8324E+00 1.0973E+00 1.7352E+00  6.9032E-01 7.2266E-01 4.0194E-02  1399
 2.4619E-01 4.8065E-01 2.8409E+00 1.0907E+00 1.7502E+00  6.8611E-01 7.2011E-01 4.1347E-02  1399
 2.4619E-01 4.8324E-01 2.8503E+00 1.0837E+00 1.7666E+00  6.8168E-01 7.1746E-01 4.2541E-02  1400
 2.4619E-01 4.8587E-01 2.8606E+00 1.0763E+00 1.7844E+00  6.7705E-01 7.1472E-01 4.3781E-02  1401
 2.4619E-01 4.8852E-01 2.8720E+00 1.0683E+00 1.8037E+00  6.7230E-01 7.1195E-01 4.5067E-02  1319
 2.4619E-01 4.9121E-01 2.8846E+00 1.0600E+00 1.8246E+00  6.6730E-01 7.0904E-01 4.6407E-02  1319
 2.4619E-01 4.9392E-01 2.8985E+00 1.0511E+00 1.8473E+00  6.6213E-01 7.0604E-01 4.7813E-02  1320
 2.4619E-01 4.9667E-01 2.9151E+00 1.0412E+00 1.8739E+00  6.5651E-01 7.0282E-01 4.9459E-02  1320
 2.4619E-01 4.9944E-01 2.9367E+00 1.0297E+00 1.9070E+00  6.5018E-01 6.9925E-01 5.1564E-02  1320
 2.4619E-01 5.0225E-01 2.9599E+00 1.0184E+00 1.9415E+00  6.4407E-01 6.9578E-01 5.3688E-02  1320
 2.4619E-01 5.0508E-01 2.9849E+00 1.0075E+00 1.9774E+00  6.3817E-01 6.9239E-01 5.5831E-02  1322
 2.4619E-01 5.0795E-01 3.0117E+00 9.9696E-01 2.0148E+00  6.3250E-01 6.8909E-01 5.7984E-02  1322
 2.4619E-01 5.1086E-01 3.0406E+00 9.8671E-01 2.0539E+00  6.2714E-01 6.8594E-01 6.0124E-02  1244
 2.4619E-01 5.1379E-01 3.0714E+00 9.7680E-01 2.0946E+00  6.2193E-01 6.8279E-01 6.2214E-02  1244
 2.4619E-01 5.1676E-01 3.1043E+00 9.6718E-01 2.1371E+00  6.1695E-01 6.7972E-01 6.4201E-02  1244
 2.4619E-01 5.1977E-01 3.1390E+00 9.5779E-01 2.1813E+00  6.1222E-01 6.7671E-01 6.6002E-02  1244
 2.4619E-01 5.2281E-01 3.1710E+00 9.5199E-01 2.2190E+00  6.0857E-01 6.7420E-01 6.6707E-02  1245
 2.4619E-01 5.2588E-01 3.2002E+00 9.4826E-01 2.2520E+00  6.0558E-01 6.7199E-01 6.6376E-02  1245
 2.4619E-01 5.2899E-01 3.2287E+00 9.4439E-01 2.2844E+00  6.0269E-01 6.6979E-01 6.5346E-02  1245
 2.4619E-01 5.3214E-01 3.2563E+00 9.4015E-01 2.3162E+00  5.9986E-01 6.6758E-01 6.3542E-02  1245
 2.4619E-01 5.3533E-01 3.2826E+00 9.3535E-01 2.3473E+00  5.9706E-01 6.6532E-01 6.0942E-02  1245
 2.4619E-01 5.3855E-01 3.3074E+00 9.2979E-01 2.3776E+00  5.9433E-01 6.6306E-01 5.7586E-02  1168
 2.4619E-01 5.4182E-01 3.3303E+00 9.2333E-01 2.4069E+00  5.9149E-01 6.6063E-01 5.3595E-02  1168
 2.4619E-01 5.4512E-01 3.3510E+00 9.1585E-01 2.4351E+00  5.8864E-01 6.5808E-01 4.9171E-02  1169
 2.4619E-01 5.4847E-01 3.3692E+00 9.0731E-01 2.4619E+00  5.8579E-01 6.5542E-01 4.4586E-02  1169
 2.4619E-01 5.5185E-01 3.3865E+00 8.9694E-01 2.4895E+00  5.8283E-01 6.5259E-01 4.0342E-02  1170
 2.4619E-01 5.5528E-01 3.4021E+00 8.8521E-01 2.5169E+00  5.7988E-01 6.4963E-01 3.6588E-02  1170
 2.4619E-01 5.5875E-01 3.4161E+00 8.7225E-01 2.5438E+00  5.7700E-01 6.4656E-01 3.3693E-02  1170
 2.4619E-01 5.6226E-01 3.4289E+00 8.5832E-01 2.5706E+00  5.7425E-01 6.4344E-01 3.2044E-02  1170
 2.4619E-01 5.6582E-01 3.4412E+00 8.4384E-01 2.5974E+00  5.7179E-01 6.4041E-01 3.1997E-02  1095
