 DDSCAT --- DDSCAT 7.3.3 [22.01.20]   
 TARGET --->TARGSPHER  spherical target with explicit spacing                 
 GPFAFT --- method of solution 
 FLTRCD --- prescription for polarizabilities
 FROM_FILE --- shape 
    4169 = NAT0 = number of dipoles
 ../../diel/Pena-Rioux_dielectric_26Au_74Ag                  
 ../../diel/Pena-Rioux_dielectric_52Au_48Ag                  
 ../../diel/Pena-Rioux_dielectric_85Au_15Ag                  
 ../../diel/Au_evap                                          
   0.000   0.000 = beta_min, beta_max ;  NBETA = 1
   0.000   0.000 = theta_min, theta_max; NTHETA= 1
   0.000   0.000 = phi_min, phi_max   ;   NPHI = 1
 0.5000 = ETASCA (param. controlling # of scatt. dirs used to calculate <cos> etc.
 Results averaged over    1 target orientations
                   and  2 incident polarizations
   aeff       wave       Q_ext     Q_abs      Q_sca     g(1)=<cos>  <cos^2>    Q_bk       Nsca
 8.0000E-02 3.0000E-01 2.7756E+00 1.5471E+00 1.2285E+00  6.4878E-01 6.1634E-01 2.7607E-02   656
 8.0000E-02 3.0101E-01 2.7721E+00 1.5486E+00 1.2236E+00  6.4831E-01 6.1520E-01 2.7520E-02   656
 8.0000E-02 3.0203E-01 2.7686E+00 1.5500E+00 1.2186E+00  6.4781E-01 6.1404E-01 2.7423E-02   656
 8.0000E-02 3.0305E-01 2.7649E+00 1.5514E+00 1.2136E+00  6.4731E-01 6.1287E-01 2.7305E-02   656
 8.0000E-02 3.0408E-01 2.7611E+00 1.5527E+00 1.2084E+00  6.4682E-01 6.1169E-01 2.7168E-02   656
 8.0000E-02 3.0512E-01 2.7572E+00 1.5540E+00 1.2032E+00  6.4634E-01 6.1049E-01 2.7010E-02   656
 8.0000E-02 3.0616E-01 2.7531E+00 1.5553E+00 1.1978E+00  6.4585E-01 6.0929E-01 2.6833E-02   656
 8.0000E-02 3.0722E-01 2.7489E+00 1.5565E+00 1.1924E+00  6.4537E-01 6.0807E-01 2.6636E-02   656
 8.0000E-02 3.0828E-01 2.7446E+00 1.5577E+00 1.1869E+00  6.4490E-01 6.0684E-01 2.6423E-02   656
 8.0000E-02 3.0934E-01 2.7404E+00 1.5589E+00 1.1815E+00  6.4440E-01 6.0559E-01 2.6201E-02   656
 8.0000E-02 3.1042E-01 2.7362E+00 1.5601E+00 1.1761E+00  6.4389E-01 6.0433E-01 2.5963E-02   656
 8.0000E-02 3.1150E-01 2.7317E+00 1.5612E+00 1.1705E+00  6.4342E-01 6.0306E-01 2.5698E-02   656
 8.0000E-02 3.1259E-01 2.7270E+00 1.5623E+00 1.1648E+00  6.4296E-01 6.0178E-01 2.5415E-02   656
 8.0000E-02 3.1368E-01 2.7223E+00 1.5633E+00 1.1590E+00  6.4248E-01 6.0049E-01 2.5117E-02   656
 8.0000E-02 3.1479E-01 2.7174E+00 1.5643E+00 1.1531E+00  6.4200E-01 5.9918E-01 2.4805E-02   656
 8.0000E-02 3.1590E-01 2.7124E+00 1.5652E+00 1.1472E+00  6.4150E-01 5.9785E-01 2.4479E-02   656
 8.0000E-02 3.1702E-01 2.7072E+00 1.5660E+00 1.1412E+00  6.4099E-01 5.9651E-01 2.4141E-02   656
 8.0000E-02 3.1815E-01 2.7018E+00 1.5668E+00 1.1350E+00  6.4048E-01 5.9516E-01 2.3784E-02   656
 8.0000E-02 3.1929E-01 2.6961E+00 1.5674E+00 1.1287E+00  6.3996E-01 5.9379E-01 2.3415E-02   656
 8.0000E-02 3.2043E-01 2.6903E+00 1.5680E+00 1.1223E+00  6.3941E-01 5.9241E-01 2.3037E-02   656
 8.0000E-02 3.2158E-01 2.6845E+00 1.5684E+00 1.1161E+00  6.3877E-01 5.9099E-01 2.2670E-02   657
 8.0000E-02 3.2274E-01 2.6785E+00 1.5687E+00 1.1098E+00  6.3810E-01 5.8956E-01 2.2293E-02   657
 8.0000E-02 3.2391E-01 2.6723E+00 1.5689E+00 1.1034E+00  6.3750E-01 5.8822E-01 2.1907E-02   602
 8.0000E-02 3.2509E-01 2.6659E+00 1.5689E+00 1.0970E+00  6.3679E-01 5.8675E-01 2.1513E-02   602
 8.0000E-02 3.2628E-01 2.6593E+00 1.5689E+00 1.0904E+00  6.3605E-01 5.8526E-01 2.1111E-02   602
 8.0000E-02 3.2747E-01 2.6519E+00 1.5685E+00 1.0834E+00  6.3531E-01 5.8376E-01 2.0686E-02   602
 8.0000E-02 3.2868E-01 2.6445E+00 1.5680E+00 1.0765E+00  6.3452E-01 5.8224E-01 2.0264E-02   602
 8.0000E-02 3.2989E-01 2.6370E+00 1.5673E+00 1.0698E+00  6.3367E-01 5.8069E-01 1.9846E-02   602
 8.0000E-02 3.3111E-01 2.6296E+00 1.5664E+00 1.0632E+00  6.3276E-01 5.7912E-01 1.9434E-02   602
 8.0000E-02 3.3234E-01 2.6221E+00 1.5654E+00 1.0567E+00  6.3182E-01 5.7752E-01 1.9016E-02   603
 8.0000E-02 3.3358E-01 2.6146E+00 1.5643E+00 1.0503E+00  6.3084E-01 5.7590E-01 1.8599E-02   603
 8.0000E-02 3.3483E-01 2.6071E+00 1.5629E+00 1.0441E+00  6.2979E-01 5.7426E-01 1.8190E-02   603
 8.0000E-02 3.3609E-01 2.6000E+00 1.5614E+00 1.0386E+00  6.2861E-01 5.7257E-01 1.7803E-02   603
 8.0000E-02 3.3736E-01 2.5936E+00 1.5598E+00 1.0338E+00  6.2731E-01 5.7084E-01 1.7447E-02   604
 8.0000E-02 3.3864E-01 2.5878E+00 1.5581E+00 1.0296E+00  6.2590E-01 5.6907E-01 1.7111E-02   604
 8.0000E-02 3.3992E-01 2.5824E+00 1.5563E+00 1.0261E+00  6.2439E-01 5.6728E-01 1.6796E-02   604
 8.0000E-02 3.4122E-01 2.5776E+00 1.5545E+00 1.0231E+00  6.2276E-01 5.6545E-01 1.6505E-02   604
 8.0000E-02 3.4253E-01 2.5733E+00 1.5525E+00 1.0208E+00  6.2101E-01 5.6359E-01 1.6238E-02   604
 8.0000E-02 3.4385E-01 2.5696E+00 1.5504E+00 1.0192E+00  6.1913E-01 5.6169E-01 1.5995E-02   604
 8.0000E-02 3.4517E-01 2.5668E+00 1.5483E+00 1.0185E+00  6.1712E-01 5.5977E-01 1.5786E-02   604
 8.0000E-02 3.4651E-01 2.5650E+00 1.5463E+00 1.0188E+00  6.1498E-01 5.5781E-01 1.5612E-02   605
 8.0000E-02 3.4786E-01 2.5640E+00 1.5443E+00 1.0197E+00  6.1272E-01 5.5584E-01 1.5466E-02   605
 8.0000E-02 3.4922E-01 2.5638E+00 1.5423E+00 1.0215E+00  6.1034E-01 5.5385E-01 1.5349E-02   605
 8.0000E-02 3.5059E-01 2.5645E+00 1.5404E+00 1.0241E+00  6.0785E-01 5.5184E-01 1.5262E-02   605
 8.0000E-02 3.5197E-01 2.5660E+00 1.5385E+00 1.0275E+00  6.0524E-01 5.4981E-01 1.5205E-02   605
 8.0000E-02 3.5336E-01 2.5684E+00 1.5367E+00 1.0317E+00  6.0252E-01 5.4777E-01 1.5179E-02   606
 8.0000E-02 3.5476E-01 2.5719E+00 1.5350E+00 1.0368E+00  5.9970E-01 5.4573E-01 1.5185E-02   606
 8.0000E-02 3.5618E-01 2.5762E+00 1.5335E+00 1.0427E+00  5.9681E-01 5.4370E-01 1.5220E-02   606
 8.0000E-02 3.5760E-01 2.5814E+00 1.5321E+00 1.0493E+00  5.9393E-01 5.4178E-01 1.5280E-02   551
 8.0000E-02 3.5904E-01 2.5873E+00 1.5307E+00 1.0566E+00  5.9088E-01 5.3973E-01 1.5365E-02   551
 8.0000E-02 3.6048E-01 2.5940E+00 1.5295E+00 1.0645E+00  5.8775E-01 5.3769E-01 1.5475E-02   551
 8.0000E-02 3.6194E-01 2.6016E+00 1.5283E+00 1.0732E+00  5.8455E-01 5.3565E-01 1.5610E-02   551
 8.0000E-02 3.6341E-01 2.6100E+00 1.5273E+00 1.0826E+00  5.8130E-01 5.3361E-01 1.5768E-02   551
 8.0000E-02 3.6490E-01 2.6190E+00 1.5264E+00 1.0926E+00  5.7800E-01 5.3158E-01 1.5944E-02   551
 8.0000E-02 3.6639E-01 2.6287E+00 1.5257E+00 1.1031E+00  5.7465E-01 5.2955E-01 1.6139E-02   551
 8.0000E-02 3.6790E-01 2.6391E+00 1.5250E+00 1.1141E+00  5.7127E-01 5.2753E-01 1.6354E-02   551
 8.0000E-02 3.6942E-01 2.6502E+00 1.5244E+00 1.1258E+00  5.6785E-01 5.2552E-01 1.6587E-02   551
 8.0000E-02 3.7095E-01 2.6620E+00 1.5239E+00 1.1380E+00  5.6439E-01 5.2352E-01 1.6837E-02   551
 8.0000E-02 3.7250E-01 2.6744E+00 1.5236E+00 1.1508E+00  5.6090E-01 5.2152E-01 1.7105E-02   551
 8.0000E-02 3.7406E-01 2.6873E+00 1.5233E+00 1.1640E+00  5.5738E-01 5.1953E-01 1.7384E-02   552
 8.0000E-02 3.7563E-01 2.7007E+00 1.5230E+00 1.1777E+00  5.5383E-01 5.1755E-01 1.7679E-02   552
 8.0000E-02 3.7722E-01 2.7147E+00 1.5228E+00 1.1919E+00  5.5026E-01 5.1557E-01 1.7990E-02   552
 8.0000E-02 3.7881E-01 2.7293E+00 1.5227E+00 1.2066E+00  5.4666E-01 5.1360E-01 1.8315E-02   552
 8.0000E-02 3.8043E-01 2.7445E+00 1.5227E+00 1.2218E+00  5.4304E-01 5.1164E-01 1.8655E-02   552
 8.0000E-02 3.8205E-01 2.7602E+00 1.5227E+00 1.2375E+00  5.3940E-01 5.0968E-01 1.9006E-02   552
 8.0000E-02 3.8369E-01 2.7761E+00 1.5226E+00 1.2535E+00  5.3573E-01 5.0772E-01 1.9367E-02   552
 8.0000E-02 3.8534E-01 2.7927E+00 1.5226E+00 1.2702E+00  5.3204E-01 5.0577E-01 1.9747E-02   552
 8.0000E-02 3.8701E-01 2.8100E+00 1.5226E+00 1.2874E+00  5.2831E-01 5.0382E-01 2.0147E-02   552
 8.0000E-02 3.8870E-01 2.8279E+00 1.5226E+00 1.3053E+00  5.2457E-01 5.0189E-01 2.0566E-02   552
 8.0000E-02 3.9039E-01 2.8465E+00 1.5226E+00 1.3239E+00  5.2080E-01 4.9996E-01 2.1004E-02   552
 8.0000E-02 3.9211E-01 2.8657E+00 1.5226E+00 1.3432E+00  5.1701E-01 4.9804E-01 2.1466E-02   552
 8.0000E-02 3.9383E-01 2.8858E+00 1.5226E+00 1.3632E+00  5.1319E-01 4.9613E-01 2.1953E-02   552
 8.0000E-02 3.9558E-01 2.9068E+00 1.5226E+00 1.3842E+00  5.0935E-01 4.9422E-01 2.2467E-02   552
 8.0000E-02 3.9733E-01 2.9288E+00 1.5227E+00 1.4061E+00  5.0550E-01 4.9233E-01 2.3008E-02   552
 8.0000E-02 3.9911E-01 2.9519E+00 1.5229E+00 1.4290E+00  5.0165E-01 4.9046E-01 2.3578E-02   552
 8.0000E-02 4.0090E-01 2.9762E+00 1.5231E+00 1.4531E+00  4.9791E-01 4.8873E-01 2.4184E-02   499
 8.0000E-02 4.0270E-01 3.0019E+00 1.5234E+00 1.4785E+00  4.9405E-01 4.8689E-01 2.4820E-02   499
 8.0000E-02 4.0452E-01 3.0290E+00 1.5239E+00 1.5050E+00  4.9023E-01 4.8507E-01 2.5482E-02   499
 8.0000E-02 4.0636E-01 3.0575E+00 1.5247E+00 1.5329E+00  4.8643E-01 4.8326E-01 2.6167E-02   499
 8.0000E-02 4.0822E-01 3.0876E+00 1.5256E+00 1.5620E+00  4.8269E-01 4.8147E-01 2.6874E-02   499
 8.0000E-02 4.1009E-01 3.1196E+00 1.5269E+00 1.5927E+00  4.7899E-01 4.7970E-01 2.7605E-02   499
 8.0000E-02 4.1198E-01 3.1535E+00 1.5286E+00 1.6250E+00  4.7537E-01 4.7796E-01 2.8349E-02   499
 8.0000E-02 4.1389E-01 3.1893E+00 1.5307E+00 1.6586E+00  4.7184E-01 4.7622E-01 2.9095E-02   499
 8.0000E-02 4.1581E-01 3.2269E+00 1.5333E+00 1.6936E+00  4.6840E-01 4.7451E-01 2.9840E-02   500
 8.0000E-02 4.1776E-01 3.2665E+00 1.5363E+00 1.7302E+00  4.6505E-01 4.7281E-01 3.0584E-02   500
 8.0000E-02 4.1972E-01 3.3084E+00 1.5400E+00 1.7684E+00  4.6183E-01 4.7113E-01 3.1313E-02   501
 8.0000E-02 4.2170E-01 3.3523E+00 1.5444E+00 1.8079E+00  4.5874E-01 4.6947E-01 3.2015E-02   501
 8.0000E-02 4.2370E-01 3.3983E+00 1.5494E+00 1.8489E+00  4.5577E-01 4.6781E-01 3.2682E-02   501
 8.0000E-02 4.2571E-01 3.4464E+00 1.5551E+00 1.8913E+00  4.5294E-01 4.6616E-01 3.3306E-02   501
 8.0000E-02 4.2775E-01 3.4967E+00 1.5615E+00 1.9352E+00  4.5024E-01 4.6451E-01 3.3873E-02   501
 8.0000E-02 4.2981E-01 3.5491E+00 1.5686E+00 1.9806E+00  4.4769E-01 4.6285E-01 3.4356E-02   501
 8.0000E-02 4.3188E-01 3.6037E+00 1.5763E+00 2.0274E+00  4.4528E-01 4.6117E-01 3.4741E-02   501
 8.0000E-02 4.3398E-01 3.6604E+00 1.5847E+00 2.0757E+00  4.4301E-01 4.5946E-01 3.5011E-02   501
 8.0000E-02 4.3610E-01 3.7195E+00 1.5938E+00 2.1257E+00  4.4086E-01 4.5770E-01 3.5144E-02   501
 8.0000E-02 4.3824E-01 3.7803E+00 1.6034E+00 2.1769E+00  4.3883E-01 4.5589E-01 3.5103E-02   501
 8.0000E-02 4.4039E-01 3.8430E+00 1.6135E+00 2.2295E+00  4.3688E-01 4.5400E-01 3.4878E-02   501
 8.0000E-02 4.4257E-01 3.9073E+00 1.6239E+00 2.2834E+00  4.3500E-01 4.5202E-01 3.4446E-02   501
 8.0000E-02 4.4478E-01 3.9730E+00 1.6346E+00 2.3384E+00  4.3316E-01 4.4995E-01 3.3789E-02   501
 8.0000E-02 4.4700E-01 4.0395E+00 1.6455E+00 2.3940E+00  4.3134E-01 4.4779E-01 3.2885E-02   501
 8.0000E-02 4.4925E-01 4.1066E+00 1.6566E+00 2.4501E+00  4.2952E-01 4.4553E-01 3.1731E-02   501
 8.0000E-02 4.5152E-01 4.1739E+00 1.6676E+00 2.5063E+00  4.2768E-01 4.4317E-01 3.0324E-02   501
 8.0000E-02 4.5381E-01 4.2409E+00 1.6786E+00 2.5623E+00  4.2579E-01 4.4071E-01 2.8667E-02   501
 8.0000E-02 4.5612E-01 4.3074E+00 1.6897E+00 2.6177E+00  4.2400E-01 4.3832E-01 2.6772E-02   452
 8.0000E-02 4.5846E-01 4.3729E+00 1.7008E+00 2.6721E+00  4.2201E-01 4.3574E-01 2.4689E-02   452
 8.0000E-02 4.6082E-01 4.4369E+00 1.7118E+00 2.7251E+00  4.1992E-01 4.3311E-01 2.2468E-02   452
 8.0000E-02 4.6321E-01 4.4987E+00 1.7226E+00 2.7761E+00  4.1767E-01 4.3046E-01 2.0186E-02   452
 8.0000E-02 4.6563E-01 4.5576E+00 1.7329E+00 2.8247E+00  4.1520E-01 4.2779E-01 1.7943E-02   452
 8.0000E-02 4.6806E-01 4.6129E+00 1.7423E+00 2.8706E+00  4.1244E-01 4.2512E-01 1.5847E-02   452
 8.0000E-02 4.7053E-01 4.6638E+00 1.7504E+00 2.9134E+00  4.0932E-01 4.2247E-01 1.4009E-02   452
 8.0000E-02 4.7302E-01 4.7091E+00 1.7569E+00 2.9522E+00  4.0575E-01 4.1984E-01 1.2547E-02   452
 8.0000E-02 4.7553E-01 4.7483E+00 1.7612E+00 2.9871E+00  4.0169E-01 4.1726E-01 1.1574E-02   452
 8.0000E-02 4.7807E-01 4.7812E+00 1.7632E+00 3.0179E+00  3.9710E-01 4.1475E-01 1.1183E-02   452
 8.0000E-02 4.8065E-01 4.8074E+00 1.7627E+00 3.0447E+00  3.9197E-01 4.1233E-01 1.1437E-02   452
 8.0000E-02 4.8324E-01 4.8271E+00 1.7595E+00 3.0676E+00  3.8630E-01 4.0999E-01 1.2377E-02   452
 8.0000E-02 4.8587E-01 4.8407E+00 1.7536E+00 3.0870E+00  3.8013E-01 4.0777E-01 1.4016E-02   452
 8.0000E-02 4.8852E-01 4.8486E+00 1.7452E+00 3.1034E+00  3.7348E-01 4.0567E-01 1.6346E-02   452
 8.0000E-02 4.9121E-01 4.8516E+00 1.7345E+00 3.1170E+00  3.6641E-01 4.0368E-01 1.9340E-02   452
 8.0000E-02 4.9392E-01 4.8503E+00 1.7216E+00 3.1287E+00  3.5897E-01 4.0183E-01 2.2961E-02   452
 8.0000E-02 4.9667E-01 4.8459E+00 1.7070E+00 3.1388E+00  3.5125E-01 4.0012E-01 2.7144E-02   452
 8.0000E-02 4.9944E-01 4.8404E+00 1.6917E+00 3.1487E+00  3.4349E-01 3.9860E-01 3.1741E-02   452
 8.0000E-02 5.0225E-01 4.8337E+00 1.6751E+00 3.1586E+00  3.3557E-01 3.9719E-01 3.6749E-02   452
 8.0000E-02 5.0508E-01 4.8261E+00 1.6573E+00 3.1688E+00  3.2750E-01 3.9586E-01 4.2147E-02   452
 8.0000E-02 5.0795E-01 4.8178E+00 1.6383E+00 3.1795E+00  3.1931E-01 3.9463E-01 4.7915E-02   452
 8.0000E-02 5.1086E-01 4.8090E+00 1.6181E+00 3.1909E+00  3.1102E-01 3.9347E-01 5.4036E-02   452
 8.0000E-02 5.1379E-01 4.8001E+00 1.5967E+00 3.2034E+00  3.0264E-01 3.9240E-01 6.0505E-02   453
 8.0000E-02 5.1676E-01 4.7917E+00 1.5740E+00 3.2177E+00  2.9418E-01 3.9139E-01 6.7332E-02   453
 8.0000E-02 5.1977E-01 4.7840E+00 1.5495E+00 3.2345E+00  2.8562E-01 3.9044E-01 7.4560E-02   453
 8.0000E-02 5.2281E-01 4.7729E+00 1.5198E+00 3.2531E+00  2.7636E-01 3.8945E-01 8.2682E-02   453
 8.0000E-02 5.2588E-01 4.7563E+00 1.4852E+00 3.2711E+00  2.6635E-01 3.8847E-01 9.1750E-02   453
 8.0000E-02 5.2899E-01 4.7356E+00 1.4475E+00 3.2882E+00  2.5599E-01 3.8770E-01 1.0153E-01   407
 8.0000E-02 5.3214E-01 4.7108E+00 1.4070E+00 3.3038E+00  2.4508E-01 3.8687E-01 1.1197E-01   407
 8.0000E-02 5.3533E-01 4.6817E+00 1.3644E+00 3.3174E+00  2.3378E-01 3.8614E-01 1.2300E-01   407
 8.0000E-02 5.3855E-01 4.6485E+00 1.3202E+00 3.3282E+00  2.2217E-01 3.8550E-01 1.3449E-01   407
 8.0000E-02 5.4182E-01 4.6116E+00 1.2753E+00 3.3363E+00  2.1036E-01 3.8497E-01 1.4632E-01   407
 8.0000E-02 5.4512E-01 4.5720E+00 1.2304E+00 3.3415E+00  1.9843E-01 3.8455E-01 1.5836E-01   407
 8.0000E-02 5.4847E-01 4.5307E+00 1.1864E+00 3.3444E+00  1.8649E-01 3.8425E-01 1.7051E-01   408
 8.0000E-02 5.5185E-01 4.4912E+00 1.1449E+00 3.3464E+00  1.7486E-01 3.8410E-01 1.8252E-01   408
 8.0000E-02 5.5528E-01 4.4532E+00 1.1053E+00 3.3479E+00  1.6347E-01 3.8407E-01 1.9445E-01   408
 8.0000E-02 5.5875E-01 4.4175E+00 1.0680E+00 3.3495E+00  1.5240E-01 3.8416E-01 2.0624E-01   408
 8.0000E-02 5.6226E-01 4.3845E+00 1.0337E+00 3.3509E+00  1.4175E-01 3.8436E-01 2.1772E-01   408
 8.0000E-02 5.6582E-01 4.3543E+00 1.0029E+00 3.3514E+00  1.3162E-01 3.8465E-01 2.2873E-01   408
 8.0000E-02 5.6943E-01 4.3268E+00 9.7625E-01 3.3505E+00  1.2207E-01 3.8502E-01 2.3909E-01   408
 8.0000E-02 5.7308E-01 4.3012E+00 9.5425E-01 3.3470E+00  1.1315E-01 3.8543E-01 2.4861E-01   408
 8.0000E-02 5.7677E-01 4.2768E+00 9.3751E-01 3.3393E+00  1.0490E-01 3.8587E-01 2.5708E-01   408
 8.0000E-02 5.8052E-01 4.2526E+00 9.2665E-01 3.3260E+00  9.7293E-02 3.8632E-01 2.6438E-01   408
 8.0000E-02 5.8431E-01 4.2276E+00 9.2204E-01 3.3056E+00  9.0311E-02 3.8676E-01 2.7038E-01   408
 8.0000E-02 5.8816E-01 4.2024E+00 9.2360E-01 3.2788E+00  8.3930E-02 3.8720E-01 2.7515E-01   408
 8.0000E-02 5.9205E-01 4.1783E+00 9.3065E-01 3.2476E+00  7.8119E-02 3.8762E-01 2.7889E-01   408
 8.0000E-02 5.9600E-01 4.1556E+00 9.4224E-01 3.2134E+00  7.2807E-02 3.8804E-01 2.8180E-01   408
 8.0000E-02 6.0000E-01 4.1351E+00 9.5753E-01 3.1776E+00  6.7909E-02 3.8845E-01 2.8413E-01   408
