 DDSCAT --- DDSCAT 7.3.3 [22.01.20]   
 TARGET --- Cyl.w.caps, NAT=  27008 NFAC= 248 NLAY=  97 cyl.asp.ratio= 5.4587 
 GPFAFT --- method of solution 
 GKDLDR --- prescription for polarizabilities
 CYLNDRCAP --- shape 
   27008 = NAT0 = number of dipoles
 ../diel/Ag_evap                                             
   0.000   0.000 = beta_min, beta_max ;  NBETA = 1
   0.000   0.000 = theta_min, theta_max; NTHETA= 1
   0.000   0.000 = phi_min, phi_max   ;   NPHI = 1
 0.5000 = ETASCA (param. controlling # of scatt. dirs used to calculate <cos> etc.
 Results averaged over    1 target orientations
                   and  1 incident polarizations
   aeff       wave       Q_ext     Q_abs      Q_sca     g(1)=<cos>  <cos^2>    Q_bk       Nsca
 1.0000E-03 5.0000E-01 2.0979E-03 2.0977E-03 2.5876E-07  9.0308E-04 4.0245E-01 3.0771E-08   184
 1.0000E-03 5.0202E-01 2.0166E-03 2.0164E-03 2.5180E-07  8.9595E-04 4.0245E-01 2.9944E-08   184
 1.0000E-03 5.0404E-01 1.9491E-03 1.9488E-03 2.4487E-07  8.8870E-04 4.0245E-01 2.9120E-08   184
 1.0000E-03 5.0606E-01 1.9145E-03 1.9143E-03 2.3814E-07  8.8263E-04 4.0245E-01 2.8320E-08   184
 1.0000E-03 5.0808E-01 1.9011E-03 1.9008E-03 2.3174E-07  8.7661E-04 4.0245E-01 2.7560E-08   184
 1.0000E-03 5.1010E-01 1.8996E-03 1.8993E-03 2.2562E-07  8.7052E-04 4.0245E-01 2.6833E-08   184
 1.0000E-03 5.1212E-01 1.9223E-03 1.9220E-03 2.1987E-07  8.6364E-04 4.0245E-01 2.6149E-08   184
 1.0000E-03 5.1414E-01 1.9370E-03 1.9368E-03 2.1466E-07  8.5603E-04 4.0245E-01 2.5531E-08   184
 1.0000E-03 5.1616E-01 1.8805E-03 1.8803E-03 2.0977E-07  8.4993E-04 4.0245E-01 2.4949E-08   184
 1.0000E-03 5.1818E-01 1.7776E-03 1.7774E-03 2.0472E-07  8.4381E-04 4.0245E-01 2.4350E-08   184
 1.0000E-03 5.2020E-01 1.6840E-03 1.6838E-03 1.9959E-07  8.3762E-04 4.0245E-01 2.3739E-08   184
 1.0000E-03 5.2222E-01 1.6147E-03 1.6145E-03 1.9439E-07  8.3154E-04 4.0246E-01 2.3121E-08   184
 1.0000E-03 5.2424E-01 1.5677E-03 1.5675E-03 1.8926E-07  8.2603E-04 4.0246E-01 2.2512E-08   184
 1.0000E-03 5.2626E-01 1.5391E-03 1.5389E-03 1.8433E-07  8.2102E-04 4.0246E-01 2.1925E-08   184
 1.0000E-03 5.2828E-01 1.5180E-03 1.5178E-03 1.7960E-07  8.1593E-04 4.0246E-01 2.1363E-08   184
 1.0000E-03 5.3030E-01 1.4995E-03 1.4993E-03 1.7505E-07  8.0945E-04 4.0246E-01 2.0822E-08   184
 1.0000E-03 5.3232E-01 1.4859E-03 1.4857E-03 1.7064E-07  8.0418E-04 4.0246E-01 2.0298E-08   184
 1.0000E-03 5.3434E-01 1.4784E-03 1.4782E-03 1.6637E-07  7.9878E-04 4.0246E-01 1.9790E-08   184
 1.0000E-03 5.3636E-01 1.4781E-03 1.4780E-03 1.6222E-07  7.9320E-04 4.0246E-01 1.9298E-08   184
 1.0000E-03 5.3838E-01 1.4910E-03 1.4909E-03 1.5820E-07  7.8858E-04 4.0246E-01 1.8819E-08   184
 1.0000E-03 5.4040E-01 1.5184E-03 1.5182E-03 1.5432E-07  7.8296E-04 4.0246E-01 1.8358E-08   184
 1.0000E-03 5.4242E-01 1.5547E-03 1.5545E-03 1.5059E-07  7.7782E-04 4.0246E-01 1.7915E-08   184
 1.0000E-03 5.4444E-01 1.6012E-03 1.6010E-03 1.4695E-07  7.7257E-04 4.0246E-01 1.7482E-08   184
 1.0000E-03 5.4646E-01 1.6744E-03 1.6742E-03 1.4338E-07  7.6727E-04 4.0246E-01 1.7058E-08   184
 1.0000E-03 5.4848E-01 1.7980E-03 1.7978E-03 1.3993E-07  7.6270E-04 4.0246E-01 1.6648E-08   184
 1.0000E-03 5.5051E-01 1.9561E-03 1.9560E-03 1.3679E-07  7.5790E-04 4.0246E-01 1.6274E-08   184
 1.0000E-03 5.5253E-01 2.1858E-03 2.1856E-03 1.3403E-07  7.5296E-04 4.0246E-01 1.5946E-08   184
 1.0000E-03 5.5455E-01 2.4660E-03 2.4659E-03 1.3196E-07  7.4874E-04 4.0246E-01 1.5700E-08   184
 1.0000E-03 5.5657E-01 2.6917E-03 2.6915E-03 1.3080E-07  7.4336E-04 4.0247E-01 1.5562E-08   184
 1.0000E-03 5.5859E-01 2.7014E-03 2.7012E-03 1.3019E-07  7.3753E-04 4.0247E-01 1.5490E-08   184
 1.0000E-03 5.6061E-01 2.4638E-03 2.4636E-03 1.2923E-07  7.3261E-04 4.0247E-01 1.5375E-08   184
 1.0000E-03 5.6263E-01 2.1269E-03 2.1267E-03 1.2743E-07  7.2824E-04 4.0247E-01 1.5162E-08   184
 1.0000E-03 5.6465E-01 1.8276E-03 1.8275E-03 1.2501E-07  7.2410E-04 4.0247E-01 1.4874E-08   184
 1.0000E-03 5.6667E-01 1.6100E-03 1.6099E-03 1.2233E-07  7.1976E-04 4.0247E-01 1.4556E-08   184
 1.0000E-03 5.6869E-01 1.4677E-03 1.4676E-03 1.1964E-07  7.1612E-04 4.0247E-01 1.4236E-08   184
 1.0000E-03 5.7071E-01 1.3829E-03 1.3828E-03 1.1706E-07  7.1169E-04 4.0247E-01 1.3929E-08   184
 1.0000E-03 5.7273E-01 1.3358E-03 1.3356E-03 1.1466E-07  7.0777E-04 4.0247E-01 1.3643E-08   184
 1.0000E-03 5.7475E-01 1.2981E-03 1.2979E-03 1.1247E-07  7.0281E-04 4.0247E-01 1.3383E-08   184
 1.0000E-03 5.7677E-01 1.2366E-03 1.2365E-03 1.1044E-07  6.9900E-04 4.0247E-01 1.3142E-08   184
 1.0000E-03 5.7879E-01 1.1437E-03 1.1436E-03 1.0842E-07  6.9466E-04 4.0247E-01 1.2901E-08   184
 1.0000E-03 5.8081E-01 1.0429E-03 1.0428E-03 1.0633E-07  6.9115E-04 4.0247E-01 1.2653E-08   184
 1.0000E-03 5.8283E-01 9.5634E-04 9.5622E-04 1.0419E-07  6.8733E-04 4.0247E-01 1.2398E-08   184
 1.0000E-03 5.8485E-01 8.9238E-04 8.9225E-04 1.0201E-07  6.8384E-04 4.0247E-01 1.2139E-08   184
 1.0000E-03 5.8687E-01 8.4510E-04 8.4499E-04 9.9882E-08  6.7943E-04 4.0247E-01 1.1886E-08   184
 1.0000E-03 5.8889E-01 8.1122E-04 8.1111E-04 9.7812E-08  6.7574E-04 4.0247E-01 1.1640E-08   184
 1.0000E-03 5.9091E-01 7.8678E-04 7.8668E-04 9.5803E-08  6.7187E-04 4.0247E-01 1.1401E-08   184
 1.0000E-03 5.9293E-01 7.7019E-04 7.7008E-04 9.3849E-08  6.6837E-04 4.0247E-01 1.1168E-08   184
 1.0000E-03 5.9495E-01 7.6203E-04 7.6193E-04 9.1949E-08  6.6419E-04 4.0247E-01 1.0942E-08   184
 1.0000E-03 5.9697E-01 7.6369E-04 7.6359E-04 9.0103E-08  6.5970E-04 4.0247E-01 1.0723E-08   184
 1.0000E-03 5.9899E-01 7.7615E-04 7.7604E-04 8.8321E-08  6.5675E-04 4.0248E-01 1.0511E-08   184
 1.0000E-03 6.0101E-01 7.9844E-04 7.9834E-04 8.6617E-08  6.5314E-04 4.0248E-01 1.0308E-08   184
 1.0000E-03 6.0303E-01 8.2622E-04 8.2612E-04 8.5007E-08  6.4879E-04 4.0248E-01 1.0117E-08   184
 1.0000E-03 6.0505E-01 8.4894E-04 8.4884E-04 8.3499E-08  6.4448E-04 4.0248E-01 9.9374E-09   184
 1.0000E-03 6.0707E-01 8.5208E-04 8.5198E-04 8.2063E-08  6.4207E-04 4.0248E-01 9.7667E-09   184
 1.0000E-03 6.0909E-01 8.3374E-04 8.3363E-04 8.0633E-08  6.3798E-04 4.0248E-01 9.5967E-09   184
 1.0000E-03 6.1111E-01 8.0958E-04 8.0949E-04 7.9174E-08  6.3401E-04 4.0248E-01 9.4231E-09   184
 1.0000E-03 6.1313E-01 7.9391E-04 7.9381E-04 7.7703E-08  6.3117E-04 4.0248E-01 9.2481E-09   184
 1.0000E-03 6.1515E-01 7.9126E-04 7.9116E-04 7.6250E-08  6.2762E-04 4.0248E-01 9.0753E-09   184
 1.0000E-03 6.1717E-01 7.9928E-04 7.9920E-04 7.4839E-08  6.2435E-04 4.0248E-01 8.9075E-09   184
 1.0000E-03 6.1919E-01 8.1098E-04 8.1089E-04 7.3492E-08  6.2126E-04 4.0248E-01 8.7471E-09   184
 1.0000E-03 6.2121E-01 8.3055E-04 8.3046E-04 7.2195E-08  6.1829E-04 4.0248E-01 8.5930E-09   184
 1.0000E-03 6.2323E-01 8.5532E-04 8.5522E-04 7.0964E-08  6.1472E-04 4.0248E-01 8.4464E-09   184
 1.0000E-03 6.2525E-01 8.7557E-04 8.7548E-04 6.9809E-08  6.1154E-04 4.0248E-01 8.3091E-09   184
 1.0000E-03 6.2727E-01 8.7699E-04 8.7690E-04 6.8708E-08  6.0826E-04 4.0248E-01 8.1781E-09   184
 1.0000E-03 6.2929E-01 8.5651E-04 8.5643E-04 6.7608E-08  6.0456E-04 4.0248E-01 8.0472E-09   184
 1.0000E-03 6.3131E-01 8.2670E-04 8.2661E-04 6.6476E-08  6.0216E-04 4.0248E-01 7.9126E-09   184
 1.0000E-03 6.3333E-01 8.0045E-04 8.0036E-04 6.5320E-08  5.9873E-04 4.0248E-01 7.7751E-09   184
 1.0000E-03 6.3535E-01 7.8316E-04 7.8307E-04 6.4157E-08  5.9572E-04 4.0248E-01 7.6367E-09   184
 1.0000E-03 6.3737E-01 7.7641E-04 7.7633E-04 6.2999E-08  5.9308E-04 4.0248E-01 7.4989E-09   184
 1.0000E-03 6.3939E-01 7.8105E-04 7.8096E-04 6.1857E-08  5.9027E-04 4.0248E-01 7.3630E-09   184
 1.0000E-03 6.4141E-01 7.9597E-04 7.9588E-04 6.0741E-08  5.8643E-04 4.0248E-01 7.2303E-09   184
 1.0000E-03 6.4343E-01 8.1692E-04 8.1683E-04 5.9656E-08  5.8390E-04 4.0248E-01 7.1012E-09   184
 1.0000E-03 6.4545E-01 8.4002E-04 8.3993E-04 5.8591E-08  5.8074E-04 4.0248E-01 6.9746E-09   184
 1.0000E-03 6.4747E-01 8.6675E-04 8.6666E-04 5.7531E-08  5.7822E-04 4.0248E-01 6.8484E-09   184
 1.0000E-03 6.4949E-01 9.0473E-04 9.0463E-04 5.6467E-08  5.7571E-04 4.0248E-01 6.7218E-09   184
 1.0000E-03 6.5152E-01 9.6369E-04 9.6359E-04 5.5403E-08  5.7324E-04 4.0248E-01 6.5953E-09   184
 1.0000E-03 6.5354E-01 1.0525E-03 1.0524E-03 5.4360E-08  5.7090E-04 4.0249E-01 6.4710E-09   184
 1.0000E-03 6.5556E-01 1.1799E-03 1.1798E-03 5.3366E-08  5.6868E-04 4.0249E-01 6.3527E-09   184
 1.0000E-03 6.5758E-01 1.3521E-03 1.3520E-03 5.2481E-08  5.6615E-04 4.0249E-01 6.2476E-09   184
 1.0000E-03 6.5960E-01 1.5493E-03 1.5491E-03 5.1804E-08  5.6336E-04 4.0249E-01 6.1670E-09   184
 1.0000E-03 6.6162E-01 1.6957E-03 1.6955E-03 5.1375E-08  5.5995E-04 4.0249E-01 6.1160E-09   184
 1.0000E-03 6.6364E-01 1.7079E-03 1.7078E-03 5.0953E-08  5.5764E-04 4.0249E-01 6.0657E-09   184
 1.0000E-03 6.6566E-01 1.6541E-03 1.6539E-03 5.0272E-08  5.5485E-04 4.0249E-01 5.9848E-09   184
 1.0000E-03 6.6768E-01 1.6522E-03 1.6521E-03 4.9352E-08  5.5134E-04 4.0249E-01 5.8754E-09   184
 1.0000E-03 6.6970E-01 1.7664E-03 1.7662E-03 4.8346E-08  5.4918E-04 4.0249E-01 5.7557E-09   184
 1.0000E-03 6.7172E-01 2.0348E-03 2.0346E-03 4.7419E-08  5.4735E-04 4.0249E-01 5.6452E-09   184
 1.0000E-03 6.7374E-01 2.4831E-03 2.4828E-03 4.6835E-08  5.4523E-04 4.0249E-01 5.5758E-09   184
 1.0000E-03 6.7576E-01 3.0218E-03 3.0215E-03 4.7018E-08  5.4236E-04 4.0249E-01 5.5977E-09   184
 1.0000E-03 6.7778E-01 3.2963E-03 3.2960E-03 4.8092E-08  5.3849E-04 4.0249E-01 5.7255E-09   184
 1.0000E-03 6.7980E-01 2.9965E-03 2.9962E-03 4.9148E-08  5.3486E-04 4.0249E-01 5.8514E-09   184
 1.0000E-03 6.8182E-01 2.3832E-03 2.3829E-03 4.9285E-08  5.3258E-04 4.0249E-01 5.8677E-09   184
 1.0000E-03 6.8384E-01 1.8264E-03 1.8262E-03 4.8670E-08  5.2949E-04 4.0249E-01 5.7945E-09   184
 1.0000E-03 6.8586E-01 1.4248E-03 1.4246E-03 4.7751E-08  5.2681E-04 4.0249E-01 5.6851E-09   184
 1.0000E-03 6.8788E-01 1.1472E-03 1.1471E-03 4.6761E-08  5.2482E-04 4.0249E-01 5.5673E-09   184
 1.0000E-03 6.8990E-01 9.5362E-04 9.5350E-04 4.5787E-08  5.2267E-04 4.0249E-01 5.4513E-09   184
 1.0000E-03 6.9192E-01 8.1184E-04 8.1174E-04 4.4850E-08  5.2041E-04 4.0249E-01 5.3398E-09   184
 1.0000E-03 6.9394E-01 7.0549E-04 7.0540E-04 4.3943E-08  5.1930E-04 4.0249E-01 5.2318E-09   184
 1.0000E-03 6.9596E-01 6.2943E-04 6.2934E-04 4.3064E-08  5.1635E-04 4.0249E-01 5.1272E-09   184
 1.0000E-03 6.9798E-01 5.7853E-04 5.7845E-04 4.2219E-08  5.1458E-04 4.0249E-01 5.0267E-09   184
 1.0000E-03 7.0000E-01 5.4653E-04 5.4646E-04 4.1410E-08  5.1261E-04 4.0249E-01 4.9304E-09   184
