 DDSCAT --- DDSCAT 7.3.3 [22.01.20]   
 TARGET --->TARGSPHER  spherical target with explicit spacing                 
 PBCGS2 --- method of solution 
 GKDLDR --- prescription for polarizabilities
 FROM_FILE --- shape 
   33401 = NAT0 = number of dipoles
 ../diel/25Au75Ag_Rioux_dielec                               
 ../diel/50Au50Ag_Rioux_dielec                               
 ../diel/Au_evap                                             
  wave(um)   f(cm-1)     Re(m)     Im(m)     Re(eps)   Im(eps)
 3.0000E-01 3.3333E+04 1.167E+00 9.224E-01  5.117E-01 2.154E+00
 3.0151E-01 3.3167E+04 1.171E+00 9.171E-01  5.308E-01 2.148E+00
 3.0302E-01 3.3002E+04 1.175E+00 9.115E-01  5.503E-01 2.142E+00
 3.0452E-01 3.2838E+04 1.179E+00 9.054E-01  5.703E-01 2.135E+00
 3.0603E-01 3.2677E+04 1.183E+00 8.989E-01  5.907E-01 2.126E+00
 3.0754E-01 3.2516E+04 1.186E+00 8.920E-01  6.117E-01 2.116E+00
 3.0905E-01 3.2358E+04 1.190E+00 8.846E-01  6.331E-01 2.105E+00
 3.1055E-01 3.2201E+04 1.193E+00 8.768E-01  6.550E-01 2.093E+00
 3.1206E-01 3.2045E+04 1.197E+00 8.686E-01  6.774E-01 2.079E+00
 3.1357E-01 3.1891E+04 1.200E+00 8.598E-01  7.003E-01 2.063E+00
 3.1508E-01 3.1738E+04 1.203E+00 8.505E-01  7.237E-01 2.046E+00
 3.1658E-01 3.1587E+04 1.206E+00 8.407E-01  7.476E-01 2.028E+00
 3.1809E-01 3.1438E+04 1.209E+00 8.304E-01  7.720E-01 2.008E+00
 3.1960E-01 3.1289E+04 1.212E+00 8.194E-01  7.969E-01 1.986E+00
 3.2111E-01 3.1142E+04 1.214E+00 8.078E-01  8.224E-01 1.962E+00
 3.2261E-01 3.0997E+04 1.217E+00 7.955E-01  8.485E-01 1.936E+00
 3.2412E-01 3.0853E+04 1.220E+00 7.825E-01  8.752E-01 1.909E+00
 3.2563E-01 3.0710E+04 1.222E+00 7.688E-01  9.026E-01 1.879E+00
 3.2714E-01 3.0568E+04 1.225E+00 7.542E-01  9.306E-01 1.847E+00
 3.2864E-01 3.0428E+04 1.227E+00 7.386E-01  9.595E-01 1.812E+00
 3.3015E-01 3.0289E+04 1.229E+00 7.221E-01  9.892E-01 1.775E+00
 3.3166E-01 3.0152E+04 1.231E+00 7.045E-01  1.020E+00 1.735E+00
 3.3317E-01 3.0015E+04 1.233E+00 6.857E-01  1.051E+00 1.692E+00
 3.3467E-01 2.9880E+04 1.236E+00 6.655E-01  1.084E+00 1.645E+00
 3.3618E-01 2.9746E+04 1.238E+00 6.438E-01  1.117E+00 1.594E+00
 3.3769E-01 2.9613E+04 1.240E+00 6.204E-01  1.152E+00 1.538E+00
 3.3920E-01 2.9481E+04 1.242E+00 5.950E-01  1.188E+00 1.478E+00
 3.4070E-01 2.9351E+04 1.243E+00 5.675E-01  1.224E+00 1.411E+00
 3.4221E-01 2.9222E+04 1.245E+00 5.375E-01  1.261E+00 1.338E+00
 3.4372E-01 2.9094E+04 1.246E+00 5.046E-01  1.298E+00 1.258E+00
 3.4523E-01 2.8967E+04 1.247E+00 4.685E-01  1.336E+00 1.168E+00
 3.4673E-01 2.8841E+04 1.247E+00 4.286E-01  1.372E+00 1.069E+00
 3.4824E-01 2.8716E+04 1.246E+00 3.847E-01  1.406E+00 9.590E-01
 3.4975E-01 2.8592E+04 1.244E+00 3.359E-01  1.435E+00 8.359E-01
 3.5126E-01 2.8469E+04 1.240E+00 2.808E-01  1.459E+00 6.965E-01
 3.5276E-01 2.8348E+04 1.234E+00 2.197E-01  1.474E+00 5.421E-01
 3.5427E-01 2.8227E+04 1.224E+00 1.566E-01  1.474E+00 3.833E-01
 3.5578E-01 2.8107E+04 1.210E+00 7.673E-02  1.459E+00 1.857E-01
 3.5729E-01 2.7989E+04 1.192E+00 2.961E-02  1.419E+00 7.058E-02
 3.5879E-01 2.7871E+04 1.168E+00 6.348E-02  1.359E+00 1.482E-01
 3.6030E-01 2.7755E+04 1.138E+00 1.546E-01  1.271E+00 3.517E-01
 3.6181E-01 2.7639E+04 1.102E+00 2.664E-01  1.144E+00 5.871E-01
 3.6332E-01 2.7524E+04 1.061E+00 3.662E-01  9.914E-01 7.770E-01
 3.6482E-01 2.7410E+04 1.015E+00 4.688E-01  8.097E-01 9.514E-01
 3.6633E-01 2.7298E+04 9.642E-01 5.727E-01  6.017E-01 1.104E+00
 3.6784E-01 2.7186E+04 9.102E-01 6.757E-01  3.718E-01 1.230E+00
 3.6935E-01 2.7075E+04 8.531E-01 7.767E-01  1.245E-01 1.325E+00
 3.7085E-01 2.6965E+04 7.936E-01 8.729E-01 -1.322E-01 1.386E+00
 3.7236E-01 2.6856E+04 7.318E-01 9.639E-01 -3.936E-01 1.411E+00
 3.7387E-01 2.6747E+04 6.684E-01 1.047E+00 -6.497E-01 1.400E+00
 3.7538E-01 2.6640E+04 6.039E-01 1.123E+00 -8.955E-01 1.356E+00
 3.7688E-01 2.6533E+04 5.391E-01 1.189E+00 -1.122E+00 1.282E+00
 3.7839E-01 2.6428E+04 4.751E-01 1.246E+00 -1.327E+00 1.184E+00
 3.7990E-01 2.6323E+04 4.127E-01 1.294E+00 -1.503E+00 1.068E+00
 3.8141E-01 2.6219E+04 3.533E-01 1.333E+00 -1.653E+00 9.423E-01
 3.8291E-01 2.6115E+04 2.975E-01 1.365E+00 -1.775E+00 8.122E-01
 3.8442E-01 2.6013E+04 2.462E-01 1.391E+00 -1.874E+00 6.848E-01
 3.8593E-01 2.5911E+04 1.994E-01 1.411E+00 -1.950E+00 5.624E-01
 3.8744E-01 2.5811E+04 1.575E-01 1.426E+00 -2.010E+00 4.493E-01
 3.8894E-01 2.5711E+04 1.201E-01 1.439E+00 -2.056E+00 3.455E-01
 3.9045E-01 2.5611E+04 8.635E-02 1.449E+00 -2.092E+00 2.502E-01
 3.9196E-01 2.5513E+04 5.740E-02 1.457E+00 -2.120E+00 1.673E-01
 3.9347E-01 2.5415E+04 3.240E-02 1.464E+00 -2.143E+00 9.487E-02
 3.9497E-01 2.5318E+04 1.446E-02 1.471E+00 -2.162E+00 4.252E-02
 3.9648E-01 2.5222E+04 7.915E-03 1.476E+00 -2.180E+00 2.337E-02
 3.9799E-01 2.5126E+04 2.055E-02 1.482E+00 -2.196E+00 6.092E-02
 3.9950E-01 2.5031E+04 3.908E-02 1.488E+00 -2.211E+00 1.163E-01
 4.0101E-01 2.4937E+04 5.364E-02 1.493E+00 -2.227E+00 1.602E-01
 4.0251E-01 2.4844E+04 6.491E-02 1.499E+00 -2.243E+00 1.946E-01
 4.0402E-01 2.4751E+04 7.467E-02 1.505E+00 -2.259E+00 2.248E-01
 4.0553E-01 2.4659E+04 8.326E-02 1.511E+00 -2.276E+00 2.516E-01
 4.0704E-01 2.4568E+04 9.069E-02 1.517E+00 -2.295E+00 2.753E-01
 4.0854E-01 2.4477E+04 9.722E-02 1.524E+00 -2.314E+00 2.964E-01
 4.1005E-01 2.4387E+04 1.029E-01 1.531E+00 -2.334E+00 3.151E-01
 4.1156E-01 2.4298E+04 1.078E-01 1.538E+00 -2.355E+00 3.318E-01
 4.1307E-01 2.4209E+04 1.122E-01 1.546E+00 -2.377E+00 3.468E-01
 4.1457E-01 2.4121E+04 1.159E-01 1.553E+00 -2.399E+00 3.601E-01
 4.1608E-01 2.4034E+04 1.192E-01 1.561E+00 -2.423E+00 3.722E-01
 4.1759E-01 2.3947E+04 1.220E-01 1.569E+00 -2.448E+00 3.830E-01
 4.1910E-01 2.3861E+04 1.245E-01 1.578E+00 -2.473E+00 3.928E-01
 4.2060E-01 2.3775E+04 1.266E-01 1.586E+00 -2.500E+00 4.016E-01
 4.2211E-01 2.3690E+04 1.284E-01 1.595E+00 -2.527E+00 4.096E-01
 4.2362E-01 2.3606E+04 1.300E-01 1.604E+00 -2.555E+00 4.170E-01
 4.2513E-01 2.3522E+04 1.313E-01 1.613E+00 -2.583E+00 4.236E-01
 4.2663E-01 2.3439E+04 1.325E-01 1.622E+00 -2.612E+00 4.297E-01
 4.2814E-01 2.3357E+04 1.335E-01 1.631E+00 -2.642E+00 4.353E-01
 4.2965E-01 2.3275E+04 1.343E-01 1.640E+00 -2.672E+00 4.405E-01
 4.3116E-01 2.3193E+04 1.349E-01 1.650E+00 -2.703E+00 4.452E-01
 4.3266E-01 2.3113E+04 1.355E-01 1.659E+00 -2.735E+00 4.496E-01
 4.3417E-01 2.3032E+04 1.359E-01 1.669E+00 -2.767E+00 4.537E-01
 4.3568E-01 2.2953E+04 1.363E-01 1.679E+00 -2.799E+00 4.575E-01
 4.3719E-01 2.2874E+04 1.365E-01 1.688E+00 -2.832E+00 4.611E-01
 4.3869E-01 2.2795E+04 1.367E-01 1.698E+00 -2.866E+00 4.645E-01
 4.4020E-01 2.2717E+04 1.369E-01 1.708E+00 -2.900E+00 4.676E-01
 4.4171E-01 2.2639E+04 1.369E-01 1.718E+00 -2.934E+00 4.706E-01
 4.4322E-01 2.2562E+04 1.370E-01 1.728E+00 -2.969E+00 4.735E-01
 4.4472E-01 2.2486E+04 1.369E-01 1.738E+00 -3.004E+00 4.762E-01
 4.4623E-01 2.2410E+04 1.369E-01 1.749E+00 -3.039E+00 4.787E-01
 4.4774E-01 2.2334E+04 1.368E-01 1.759E+00 -3.075E+00 4.812E-01
 4.4925E-01 2.2260E+04 1.367E-01 1.769E+00 -3.111E+00 4.836E-01
 4.5075E-01 2.2185E+04 1.365E-01 1.779E+00 -3.147E+00 4.859E-01
 4.5226E-01 2.2111E+04 1.364E-01 1.790E+00 -3.184E+00 4.881E-01
 4.5377E-01 2.2038E+04 1.362E-01 1.800E+00 -3.221E+00 4.903E-01
 4.5528E-01 2.1965E+04 1.360E-01 1.810E+00 -3.258E+00 4.924E-01
 4.5678E-01 2.1892E+04 1.358E-01 1.820E+00 -3.296E+00 4.945E-01
 4.5829E-01 2.1820E+04 1.356E-01 1.831E+00 -3.334E+00 4.965E-01
 4.5980E-01 2.1749E+04 1.354E-01 1.841E+00 -3.372E+00 4.985E-01
 4.6131E-01 2.1678E+04 1.352E-01 1.852E+00 -3.410E+00 5.005E-01
 4.6281E-01 2.1607E+04 1.349E-01 1.862E+00 -3.449E+00 5.024E-01
 4.6432E-01 2.1537E+04 1.347E-01 1.872E+00 -3.487E+00 5.044E-01
 4.6583E-01 2.1467E+04 1.345E-01 1.883E+00 -3.527E+00 5.063E-01
 4.6734E-01 2.1398E+04 1.342E-01 1.893E+00 -3.566E+00 5.082E-01
 4.6884E-01 2.1329E+04 1.340E-01 1.904E+00 -3.605E+00 5.101E-01
 4.7035E-01 2.1261E+04 1.338E-01 1.914E+00 -3.645E+00 5.121E-01
 4.7186E-01 2.1193E+04 1.335E-01 1.924E+00 -3.685E+00 5.140E-01
 4.7337E-01 2.1125E+04 1.333E-01 1.935E+00 -3.725E+00 5.159E-01
 4.7487E-01 2.1058E+04 1.331E-01 1.945E+00 -3.766E+00 5.178E-01
 4.7638E-01 2.0992E+04 1.329E-01 1.955E+00 -3.806E+00 5.197E-01
 4.7789E-01 2.0925E+04 1.327E-01 1.966E+00 -3.847E+00 5.217E-01
 4.7940E-01 2.0860E+04 1.325E-01 1.976E+00 -3.888E+00 5.236E-01
 4.8090E-01 2.0794E+04 1.323E-01 1.987E+00 -3.929E+00 5.256E-01
 4.8241E-01 2.0729E+04 1.321E-01 1.997E+00 -3.970E+00 5.276E-01
 4.8392E-01 2.0665E+04 1.319E-01 2.007E+00 -4.012E+00 5.296E-01
 4.8543E-01 2.0600E+04 1.317E-01 2.018E+00 -4.053E+00 5.316E-01
 4.8693E-01 2.0537E+04 1.316E-01 2.028E+00 -4.095E+00 5.337E-01
 4.8844E-01 2.0473E+04 1.314E-01 2.038E+00 -4.137E+00 5.357E-01
 4.8995E-01 2.0410E+04 1.313E-01 2.049E+00 -4.179E+00 5.378E-01
 4.9146E-01 2.0348E+04 1.311E-01 2.059E+00 -4.222E+00 5.399E-01
 4.9296E-01 2.0285E+04 1.310E-01 2.069E+00 -4.264E+00 5.420E-01
 4.9447E-01 2.0224E+04 1.308E-01 2.079E+00 -4.307E+00 5.442E-01
 4.9598E-01 2.0162E+04 1.307E-01 2.090E+00 -4.350E+00 5.464E-01
 4.9749E-01 2.0101E+04 1.306E-01 2.100E+00 -4.393E+00 5.486E-01
 4.9900E-01 2.0040E+04 1.305E-01 2.110E+00 -4.436E+00 5.508E-01
 5.0050E-01 1.9980E+04 1.304E-01 2.120E+00 -4.479E+00 5.530E-01
 5.0201E-01 1.9920E+04 1.303E-01 2.131E+00 -4.523E+00 5.553E-01
 5.0352E-01 1.9860E+04 1.302E-01 2.141E+00 -4.566E+00 5.576E-01
 5.0503E-01 1.9801E+04 1.302E-01 2.151E+00 -4.610E+00 5.600E-01
 5.0653E-01 1.9742E+04 1.301E-01 2.161E+00 -4.654E+00 5.623E-01
 5.0804E-01 1.9683E+04 1.300E-01 2.171E+00 -4.698E+00 5.647E-01
 5.0955E-01 1.9625E+04 1.300E-01 2.182E+00 -4.742E+00 5.671E-01
 5.1106E-01 1.9567E+04 1.299E-01 2.192E+00 -4.787E+00 5.696E-01
 5.1256E-01 1.9510E+04 1.299E-01 2.202E+00 -4.831E+00 5.721E-01
 5.1407E-01 1.9453E+04 1.299E-01 2.212E+00 -4.876E+00 5.746E-01
 5.1558E-01 1.9396E+04 1.299E-01 2.222E+00 -4.921E+00 5.771E-01
 5.1709E-01 1.9339E+04 1.298E-01 2.232E+00 -4.966E+00 5.797E-01
 5.1859E-01 1.9283E+04 1.298E-01 2.242E+00 -5.011E+00 5.822E-01
 5.2010E-01 1.9227E+04 1.298E-01 2.252E+00 -5.056E+00 5.849E-01
 5.2161E-01 1.9171E+04 1.298E-01 2.262E+00 -5.101E+00 5.875E-01
 5.2312E-01 1.9116E+04 1.299E-01 2.272E+00 -5.147E+00 5.902E-01
 5.2462E-01 1.9061E+04 1.299E-01 2.282E+00 -5.192E+00 5.929E-01
 5.2613E-01 1.9007E+04 1.299E-01 2.292E+00 -5.238E+00 5.956E-01
 5.2764E-01 1.8952E+04 1.300E-01 2.302E+00 -5.284E+00 5.984E-01
 5.2915E-01 1.8898E+04 1.300E-01 2.312E+00 -5.330E+00 6.012E-01
 5.3065E-01 1.8845E+04 1.301E-01 2.322E+00 -5.376E+00 6.040E-01
 5.3216E-01 1.8791E+04 1.301E-01 2.332E+00 -5.423E+00 6.069E-01
 5.3367E-01 1.8738E+04 1.302E-01 2.342E+00 -5.469E+00 6.098E-01
 5.3518E-01 1.8685E+04 1.302E-01 2.352E+00 -5.516E+00 6.127E-01
 5.3668E-01 1.8633E+04 1.303E-01 2.362E+00 -5.563E+00 6.157E-01
 5.3819E-01 1.8581E+04 1.304E-01 2.372E+00 -5.609E+00 6.187E-01
 5.3970E-01 1.8529E+04 1.305E-01 2.382E+00 -5.656E+00 6.217E-01
 5.4121E-01 1.8477E+04 1.306E-01 2.392E+00 -5.704E+00 6.247E-01
 5.4271E-01 1.8426E+04 1.307E-01 2.402E+00 -5.751E+00 6.278E-01
 5.4422E-01 1.8375E+04 1.308E-01 2.411E+00 -5.798E+00 6.309E-01
 5.4573E-01 1.8324E+04 1.309E-01 2.421E+00 -5.846E+00 6.340E-01
 5.4724E-01 1.8274E+04 1.310E-01 2.431E+00 -5.893E+00 6.372E-01
 5.4874E-01 1.8223E+04 1.312E-01 2.441E+00 -5.941E+00 6.404E-01
 5.5025E-01 1.8174E+04 1.313E-01 2.451E+00 -5.989E+00 6.436E-01
 5.5176E-01 1.8124E+04 1.314E-01 2.461E+00 -6.037E+00 6.468E-01
 5.5327E-01 1.8074E+04 1.316E-01 2.470E+00 -6.085E+00 6.501E-01
 5.5477E-01 1.8025E+04 1.317E-01 2.480E+00 -6.134E+00 6.534E-01
 5.5628E-01 1.7977E+04 1.319E-01 2.490E+00 -6.182E+00 6.568E-01
 5.5779E-01 1.7928E+04 1.321E-01 2.500E+00 -6.231E+00 6.602E-01
 5.5930E-01 1.7880E+04 1.322E-01 2.509E+00 -6.279E+00 6.636E-01
 5.6080E-01 1.7832E+04 1.324E-01 2.519E+00 -6.328E+00 6.670E-01
 5.6231E-01 1.7784E+04 1.326E-01 2.529E+00 -6.377E+00 6.705E-01
 5.6382E-01 1.7736E+04 1.328E-01 2.538E+00 -6.426E+00 6.740E-01
 5.6533E-01 1.7689E+04 1.329E-01 2.548E+00 -6.475E+00 6.775E-01
 5.6683E-01 1.7642E+04 1.331E-01 2.558E+00 -6.525E+00 6.810E-01
 5.6834E-01 1.7595E+04 1.333E-01 2.567E+00 -6.574E+00 6.846E-01
 5.6985E-01 1.7548E+04 1.335E-01 2.577E+00 -6.624E+00 6.882E-01
 5.7136E-01 1.7502E+04 1.337E-01 2.587E+00 -6.673E+00 6.919E-01
 5.7286E-01 1.7456E+04 1.339E-01 2.596E+00 -6.723E+00 6.956E-01
 5.7437E-01 1.7410E+04 1.342E-01 2.606E+00 -6.773E+00 6.993E-01
 5.7588E-01 1.7365E+04 1.344E-01 2.616E+00 -6.823E+00 7.030E-01
 5.7739E-01 1.7319E+04 1.346E-01 2.625E+00 -6.873E+00 7.068E-01
 5.7889E-01 1.7274E+04 1.348E-01 2.635E+00 -6.924E+00 7.106E-01
 5.8040E-01 1.7229E+04 1.351E-01 2.644E+00 -6.974E+00 7.144E-01
 5.8191E-01 1.7185E+04 1.353E-01 2.654E+00 -7.025E+00 7.182E-01
 5.8342E-01 1.7140E+04 1.356E-01 2.663E+00 -7.076E+00 7.221E-01
 5.8492E-01 1.7096E+04 1.358E-01 2.673E+00 -7.126E+00 7.260E-01
 5.8643E-01 1.7052E+04 1.361E-01 2.683E+00 -7.177E+00 7.300E-01
 5.8794E-01 1.7009E+04 1.363E-01 2.692E+00 -7.228E+00 7.339E-01
 5.8945E-01 1.6965E+04 1.366E-01 2.702E+00 -7.280E+00 7.379E-01
 5.9095E-01 1.6922E+04 1.368E-01 2.711E+00 -7.331E+00 7.420E-01
 5.9246E-01 1.6879E+04 1.371E-01 2.721E+00 -7.383E+00 7.460E-01
 5.9397E-01 1.6836E+04 1.374E-01 2.730E+00 -7.434E+00 7.501E-01
 5.9548E-01 1.6793E+04 1.377E-01 2.739E+00 -7.486E+00 7.543E-01
 5.9698E-01 1.6751E+04 1.379E-01 2.749E+00 -7.538E+00 7.584E-01
 5.9849E-01 1.6709E+04 1.382E-01 2.758E+00 -7.590E+00 7.626E-01
 6.0000E-01 1.6667E+04 1.385E-01 2.768E+00 -7.642E+00 7.668E-01
