 DDSCAT --- DDSCAT 7.3.3 [22.01.20]   
 TARGET --->TARGSPHER  spherical target with explicit spacing                 
 GPFAFT --- method of solution 
 GKDLDR --- prescription for polarizabilities
 FROM_FILE --- shape 
   33401 = NAT0 = number of dipoles
 ../diel/25Au75Ag_Rioux_dielec                               
 ../diel/50Au50Ag_Rioux_dielec                               
 ../diel/Au_evap                                             
   0.000   0.000 = beta_min, beta_max ;  NBETA = 1
   0.000   0.000 = theta_min, theta_max; NTHETA= 1
   0.000   0.000 = phi_min, phi_max   ;   NPHI = 1
 0.5000 = ETASCA (param. controlling # of scatt. dirs used to calculate <cos> etc.
 Results averaged over    1 target orientations
                   and  1 incident polarizations
   aeff       wave       Q_ext     Q_abs      Q_sca     g(1)=<cos>  <cos^2>    Q_bk       Nsca
 1.0000E-03 3.0000E-01 7.3160E-02 7.3160E-02 9.2725E-07  2.6757E-04 4.0217E-01 1.1052E-07   214
 1.0000E-03 3.0151E-01 7.2331E-02 7.2331E-02 8.9984E-07  2.6649E-04 4.0217E-01 1.0725E-07   214
 1.0000E-03 3.0302E-01 7.1530E-02 7.1530E-02 8.7312E-07  2.6640E-04 4.0217E-01 1.0406E-07   214
 1.0000E-03 3.0452E-01 7.0730E-02 7.0729E-02 8.4684E-07  2.6529E-04 4.0217E-01 1.0093E-07   214
 1.0000E-03 3.0603E-01 6.9929E-02 6.9928E-02 8.2099E-07  2.6466E-04 4.0217E-01 9.7853E-08   214
 1.0000E-03 3.0754E-01 6.9126E-02 6.9126E-02 7.9555E-07  2.6389E-04 4.0217E-01 9.4820E-08   214
 1.0000E-03 3.0905E-01 6.8323E-02 6.8322E-02 7.7052E-07  2.6355E-04 4.0217E-01 9.1836E-08   214
 1.0000E-03 3.1055E-01 6.7516E-02 6.7515E-02 7.4586E-07  2.6290E-04 4.0217E-01 8.8897E-08   214
 1.0000E-03 3.1206E-01 6.6669E-02 6.6668E-02 7.2138E-07  2.6227E-04 4.0217E-01 8.5980E-08   214
 1.0000E-03 3.1357E-01 6.5818E-02 6.5818E-02 6.9728E-07  2.6156E-04 4.0217E-01 8.3108E-08   214
 1.0000E-03 3.1508E-01 6.4965E-02 6.4964E-02 6.7354E-07  2.6139E-04 4.0217E-01 8.0278E-08   214
 1.0000E-03 3.1658E-01 6.4110E-02 6.4109E-02 6.5015E-07  2.6115E-04 4.0217E-01 7.7491E-08   214
 1.0000E-03 3.1809E-01 6.3250E-02 6.3249E-02 6.2708E-07  2.6066E-04 4.0217E-01 7.4741E-08   214
 1.0000E-03 3.1960E-01 6.2382E-02 6.2382E-02 6.0431E-07  2.5978E-04 4.0217E-01 7.2028E-08   214
 1.0000E-03 3.2111E-01 6.1533E-02 6.1532E-02 5.8190E-07  2.6007E-04 4.0217E-01 6.9356E-08   214
 1.0000E-03 3.2261E-01 6.0695E-02 6.0694E-02 5.5978E-07  2.5905E-04 4.0217E-01 6.6720E-08   214
 1.0000E-03 3.2412E-01 5.9834E-02 5.9833E-02 5.3783E-07  2.5884E-04 4.0217E-01 6.4104E-08   214
 1.0000E-03 3.2563E-01 5.8946E-02 5.8945E-02 5.1599E-07  2.5868E-04 4.0217E-01 6.1501E-08   214
 1.0000E-03 3.2714E-01 5.8028E-02 5.8028E-02 4.9429E-07  2.5762E-04 4.0217E-01 5.8915E-08   214
 1.0000E-03 3.2864E-01 5.7076E-02 5.7076E-02 4.7264E-07  2.5770E-04 4.0217E-01 5.6335E-08   214
 1.0000E-03 3.3015E-01 5.6088E-02 5.6088E-02 4.5108E-07  2.5697E-04 4.0217E-01 5.3765E-08   214
 1.0000E-03 3.3166E-01 5.5052E-02 5.5051E-02 4.2953E-07  2.5705E-04 4.0217E-01 5.1196E-08   214
 1.0000E-03 3.3317E-01 5.3934E-02 5.3934E-02 4.0790E-07  2.5674E-04 4.0217E-01 4.8619E-08   214
 1.0000E-03 3.3467E-01 5.2764E-02 5.2764E-02 3.8632E-07  2.5682E-04 4.0217E-01 4.6046E-08   214
 1.0000E-03 3.3618E-01 5.1531E-02 5.1531E-02 3.6469E-07  2.5724E-04 4.0217E-01 4.3467E-08   214
 1.0000E-03 3.3769E-01 5.0233E-02 5.0232E-02 3.4306E-07  2.5674E-04 4.0217E-01 4.0890E-08   214
 1.0000E-03 3.3920E-01 4.8854E-02 4.8853E-02 3.2129E-07  2.5697E-04 4.0217E-01 3.8295E-08   214
 1.0000E-03 3.4070E-01 4.7391E-02 4.7391E-02 2.9946E-07  2.5746E-04 4.0217E-01 3.5693E-08   214
 1.0000E-03 3.4221E-01 4.5828E-02 4.5828E-02 2.7744E-07  2.5774E-04 4.0217E-01 3.3068E-08   214
 1.0000E-03 3.4372E-01 4.4148E-02 4.4147E-02 2.5519E-07  2.5811E-04 4.0217E-01 3.0416E-08   214
 1.0000E-03 3.4523E-01 4.2347E-02 4.2347E-02 2.3279E-07  2.5912E-04 4.0217E-01 2.7746E-08   214
 1.0000E-03 3.4673E-01 4.0407E-02 4.0407E-02 2.1014E-07  2.6052E-04 4.0217E-01 2.5047E-08   214
 1.0000E-03 3.4824E-01 3.8314E-02 3.8314E-02 1.8737E-07  2.6123E-04 4.0217E-01 2.2332E-08   214
 1.0000E-03 3.4975E-01 3.6039E-02 3.6039E-02 1.6436E-07  2.6275E-04 4.0217E-01 1.9590E-08   214
 1.0000E-03 3.5126E-01 3.3507E-02 3.3506E-02 1.4087E-07  2.6457E-04 4.0217E-01 1.6791E-08   214
 1.0000E-03 3.5276E-01 3.0733E-02 3.0733E-02 1.1744E-07  2.6755E-04 4.0217E-01 1.3997E-08   214
 1.0000E-03 3.5427E-01 2.7886E-02 2.7886E-02 9.5598E-08  2.7087E-04 4.0217E-01 1.1394E-08   214
 1.0000E-03 3.5578E-01 2.4275E-02 2.4275E-02 7.1570E-08  2.7696E-04 4.0217E-01 8.5300E-09   214
 1.0000E-03 3.5729E-01 2.2211E-02 2.2211E-02 5.8055E-08  2.8205E-04 4.0217E-01 6.9193E-09   214
 1.0000E-03 3.5879E-01 2.4121E-02 2.4121E-02 6.4206E-08  2.7993E-04 4.0217E-01 7.6524E-09   214
 1.0000E-03 3.6030E-01 2.8827E-02 2.8827E-02 8.6427E-08  2.7205E-04 4.0217E-01 1.0301E-08   214
 1.0000E-03 3.6181E-01 3.4550E-02 3.4550E-02 1.1910E-07  2.6339E-04 4.0217E-01 1.4196E-08   214
 1.0000E-03 3.6332E-01 3.9855E-02 3.9855E-02 1.5349E-07  2.5616E-04 4.0217E-01 1.8295E-08   214
 1.0000E-03 3.6482E-01 4.5510E-02 4.5510E-02 1.9512E-07  2.4975E-04 4.0217E-01 2.3257E-08   214
 1.0000E-03 3.6633E-01 5.1550E-02 5.1550E-02 2.4522E-07  2.4230E-04 4.0217E-01 2.9229E-08   214
 1.0000E-03 3.6784E-01 5.7997E-02 5.7997E-02 3.0505E-07  2.3628E-04 4.0217E-01 3.6360E-08   214
 1.0000E-03 3.6935E-01 6.4941E-02 6.4940E-02 3.7680E-07  2.2991E-04 4.0217E-01 4.4913E-08   214
 1.0000E-03 3.7085E-01 7.2372E-02 7.2372E-02 4.6187E-07  2.2462E-04 4.0217E-01 5.5054E-08   214
 1.0000E-03 3.7236E-01 8.0425E-02 8.0424E-02 5.6366E-07  2.1855E-04 4.0217E-01 6.7190E-08   214
 1.0000E-03 3.7387E-01 8.9086E-02 8.9085E-02 6.8410E-07  2.1390E-04 4.0217E-01 8.1547E-08   214
 1.0000E-03 3.7538E-01 9.8495E-02 9.8493E-02 8.2776E-07  2.0889E-04 4.0217E-01 9.8673E-08   214
 1.0000E-03 3.7688E-01 1.0866E-01 1.0866E-01 9.9772E-07  2.3324E-04 4.0254E-01 1.1891E-07   184
 1.0000E-03 3.7839E-01 1.1968E-01 1.1968E-01 1.1989E-06  2.2888E-04 4.0254E-01 1.4288E-07   184
 1.0000E-03 3.7990E-01 1.3158E-01 1.3158E-01 1.4353E-06  2.2541E-04 4.0254E-01 1.7106E-07   184
 1.0000E-03 3.8141E-01 1.4437E-01 1.4437E-01 1.7117E-06  2.2155E-04 4.0254E-01 2.0401E-07   184
 1.0000E-03 3.8291E-01 1.5800E-01 1.5799E-01 2.0304E-06  2.1821E-04 4.0254E-01 2.4199E-07   184
 1.0000E-03 3.8442E-01 1.7242E-01 1.7242E-01 2.3953E-06  2.1552E-04 4.0254E-01 2.8549E-07   184
 1.0000E-03 3.8593E-01 1.8767E-01 1.8766E-01 2.8108E-06  2.1303E-04 4.0253E-01 3.3501E-07   184
 1.0000E-03 3.8744E-01 2.0356E-01 2.0355E-01 3.2765E-06  2.1090E-04 4.0254E-01 3.9051E-07   184
 1.0000E-03 3.8894E-01 2.2010E-01 2.2009E-01 3.7960E-06  2.0907E-04 4.0254E-01 4.5244E-07   184
 1.0000E-03 3.9045E-01 2.3748E-01 2.3748E-01 4.3805E-06  2.0722E-04 4.0254E-01 5.2211E-07   184
 1.0000E-03 3.9196E-01 2.5494E-01 2.5494E-01 5.0071E-06  2.0543E-04 4.0253E-01 5.9678E-07   184
 1.0000E-03 3.9347E-01 2.7251E-01 2.7250E-01 5.6771E-06  2.0432E-04 4.0254E-01 6.7665E-07   184
 1.0000E-03 3.9497E-01 2.8692E-01 2.8691E-01 6.2556E-06  2.0335E-04 4.0253E-01 7.4560E-07   184
 1.0000E-03 3.9648E-01 2.9184E-01 2.9183E-01 6.4473E-06  2.0226E-04 4.0254E-01 7.6845E-07   184
 1.0000E-03 3.9799E-01 2.8021E-01 2.8020E-01 5.9377E-06  2.0295E-04 4.0254E-01 7.0770E-07   184
 1.0000E-03 3.9950E-01 2.6470E-01 2.6470E-01 5.3028E-06  2.0309E-04 4.0253E-01 6.3202E-07   184
 1.0000E-03 4.0101E-01 2.5301E-01 2.5300E-01 4.8495E-06  2.0344E-04 4.0253E-01 5.7801E-07   184
 1.0000E-03 4.0251E-01 2.4377E-01 2.4376E-01 4.5079E-06  2.0326E-04 4.0254E-01 5.3729E-07   184
 1.0000E-03 4.0402E-01 2.3538E-01 2.3538E-01 4.2116E-06  2.0265E-04 4.0254E-01 5.0197E-07   184
 1.0000E-03 4.0553E-01 2.2734E-01 2.2734E-01 3.9398E-06  2.0225E-04 4.0253E-01 4.6958E-07   184
 1.0000E-03 4.0704E-01 2.1937E-01 2.1936E-01 3.6816E-06  2.0226E-04 4.0254E-01 4.3881E-07   184
 1.0000E-03 4.0854E-01 2.1101E-01 2.1101E-01 3.4224E-06  2.0189E-04 4.0254E-01 4.0791E-07   184
 1.0000E-03 4.1005E-01 2.0177E-01 2.0177E-01 3.1440E-06  2.0178E-04 4.0254E-01 3.7473E-07   184
 1.0000E-03 4.1156E-01 1.8988E-01 1.8987E-01 2.8016E-06  2.0170E-04 4.0254E-01 3.3392E-07   184
 1.0000E-03 4.1307E-01 1.7739E-01 1.7739E-01 2.4465E-06  2.0134E-04 4.0254E-01 2.9160E-07   184
 1.0000E-03 4.1457E-01 1.6536E-01 1.6536E-01 2.0900E-06  2.0234E-04 4.0253E-01 2.4910E-07   184
 1.0000E-03 4.1608E-01 1.5452E-01 1.5452E-01 1.7543E-06  2.0302E-04 4.0254E-01 2.0909E-07   184
 1.0000E-03 4.1759E-01 1.4990E-01 1.4990E-01 1.5505E-06  2.0528E-04 4.0254E-01 1.8480E-07   184
 1.0000E-03 4.1910E-01 1.7243E-01 1.7243E-01 1.9936E-06  2.0552E-04 4.0254E-01 2.3761E-07   184
 1.0000E-03 4.2060E-01 2.0031E-01 2.0031E-01 2.6896E-06  2.0304E-04 4.0254E-01 3.2056E-07   184
 1.0000E-03 4.2211E-01 2.1688E-01 2.1687E-01 3.1773E-06  2.0167E-04 4.0254E-01 3.7870E-07   184
 1.0000E-03 4.2362E-01 2.2691E-01 2.2691E-01 3.5283E-06  2.0092E-04 4.0254E-01 4.2053E-07   184
 1.0000E-03 4.2513E-01 2.3224E-01 2.3224E-01 3.7750E-06  1.9989E-04 4.0253E-01 4.4994E-07   184
 1.0000E-03 4.2663E-01 2.3397E-01 2.3397E-01 3.9373E-06  1.9919E-04 4.0253E-01 4.6929E-07   184
 1.0000E-03 4.2814E-01 2.3317E-01 2.3316E-01 4.0365E-06  1.9804E-04 4.0254E-01 4.8111E-07   184
 1.0000E-03 4.2965E-01 2.3044E-01 2.3044E-01 4.0863E-06  1.9732E-04 4.0253E-01 4.8704E-07   184
 1.0000E-03 4.3116E-01 2.2639E-01 2.2639E-01 4.1009E-06  1.9662E-04 4.0254E-01 4.8880E-07   184
 1.0000E-03 4.3266E-01 2.2138E-01 2.2137E-01 4.0890E-06  1.9568E-04 4.0253E-01 4.8738E-07   184
 1.0000E-03 4.3417E-01 2.1563E-01 2.1563E-01 4.0550E-06  1.9537E-04 4.0254E-01 4.8333E-07   184
 1.0000E-03 4.3568E-01 2.0941E-01 2.0941E-01 4.0048E-06  1.9553E-04 4.0253E-01 4.7733E-07   184
 1.0000E-03 4.3719E-01 2.0285E-01 2.0285E-01 3.9415E-06  1.9370E-04 4.0254E-01 4.6979E-07   184
 1.0000E-03 4.3869E-01 1.9611E-01 1.9610E-01 3.8691E-06  1.9318E-04 4.0254E-01 4.6117E-07   184
 1.0000E-03 4.4020E-01 1.8926E-01 1.8925E-01 3.7892E-06  1.9300E-04 4.0253E-01 4.5165E-07   184
 1.0000E-03 4.4171E-01 1.8239E-01 1.8239E-01 3.7041E-06  1.9242E-04 4.0254E-01 4.4149E-07   184
 1.0000E-03 4.4322E-01 1.7558E-01 1.7557E-01 3.6150E-06  1.9172E-04 4.0253E-01 4.3088E-07   184
 1.0000E-03 4.4472E-01 1.6885E-01 1.6885E-01 3.5230E-06  1.9126E-04 4.0253E-01 4.1991E-07   184
 1.0000E-03 4.4623E-01 1.6227E-01 1.6227E-01 3.4294E-06  1.9052E-04 4.0254E-01 4.0876E-07   184
 1.0000E-03 4.4774E-01 1.5585E-01 1.5585E-01 3.3345E-06  1.9001E-04 4.0254E-01 3.9745E-07   184
 1.0000E-03 4.4925E-01 1.4963E-01 1.4962E-01 3.2394E-06  1.8953E-04 4.0254E-01 3.8612E-07   184
 1.0000E-03 4.5075E-01 1.4361E-01 1.4361E-01 3.1443E-06  1.8933E-04 4.0254E-01 3.7478E-07   184
 1.0000E-03 4.5226E-01 1.3786E-01 1.3786E-01 3.0483E-06  1.8866E-04 4.0254E-01 3.6333E-07   184
 1.0000E-03 4.5377E-01 1.3232E-01 1.3232E-01 2.9576E-06  1.8838E-04 4.0253E-01 3.5253E-07   184
 1.0000E-03 4.5528E-01 1.2703E-01 1.2703E-01 2.8621E-06  1.8796E-04 4.0253E-01 3.4114E-07   184
 1.0000E-03 4.5678E-01 1.2213E-01 1.2213E-01 2.7555E-06  1.8724E-04 4.0253E-01 3.2843E-07   184
 1.0000E-03 4.5829E-01 1.1765E-01 1.1765E-01 2.6442E-06  1.8728E-04 4.0254E-01 3.1517E-07   184
 1.0000E-03 4.5980E-01 1.1354E-01 1.1354E-01 2.5355E-06  1.8662E-04 4.0254E-01 3.0222E-07   184
 1.0000E-03 4.6131E-01 1.0970E-01 1.0969E-01 2.4343E-06  1.8647E-04 4.0254E-01 2.9015E-07   184
 1.0000E-03 4.6281E-01 1.0610E-01 1.0610E-01 2.3391E-06  1.8648E-04 4.0253E-01 2.7881E-07   184
 1.0000E-03 4.6432E-01 1.0270E-01 1.0270E-01 2.2510E-06  1.8556E-04 4.0254E-01 2.6830E-07   184
 1.0000E-03 4.6583E-01 9.9487E-02 9.9485E-02 2.1685E-06  1.8583E-04 4.0254E-01 2.5847E-07   184
 1.0000E-03 4.6734E-01 9.6437E-02 9.6435E-02 2.0911E-06  1.8558E-04 4.0254E-01 2.4924E-07   184
 1.0000E-03 4.6884E-01 9.3536E-02 9.3535E-02 2.0182E-06  1.8542E-04 4.0253E-01 2.4056E-07   184
 1.0000E-03 4.7035E-01 9.0777E-02 9.0775E-02 1.9495E-06  1.8468E-04 4.0253E-01 2.3237E-07   184
 1.0000E-03 4.7186E-01 8.8163E-02 8.8161E-02 1.8851E-06  1.8474E-04 4.0253E-01 2.2469E-07   184
 1.0000E-03 4.7337E-01 8.5703E-02 8.5701E-02 1.8250E-06  1.8435E-04 4.0254E-01 2.1753E-07   184
 1.0000E-03 4.7487E-01 8.3344E-02 8.3343E-02 1.7679E-06  1.8421E-04 4.0254E-01 2.1073E-07   184
 1.0000E-03 4.7638E-01 8.1080E-02 8.1079E-02 1.7138E-06  1.8368E-04 4.0253E-01 2.0427E-07   184
 1.0000E-03 4.7789E-01 7.8908E-02 7.8906E-02 1.6623E-06  1.8335E-04 4.0254E-01 1.9814E-07   184
 1.0000E-03 4.7940E-01 7.6819E-02 7.6817E-02 1.6133E-06  1.8335E-04 4.0254E-01 1.9230E-07   184
 1.0000E-03 4.8090E-01 7.4811E-02 7.4809E-02 1.5667E-06  1.8285E-04 4.0254E-01 1.8675E-07   184
 1.0000E-03 4.8241E-01 7.2878E-02 7.2875E-02 1.5223E-06  1.8281E-04 4.0253E-01 1.8145E-07   184
 1.0000E-03 4.8392E-01 7.1015E-02 7.1013E-02 1.4800E-06  1.8243E-04 4.0253E-01 1.7641E-07   184
 1.0000E-03 4.8543E-01 6.9220E-02 6.9218E-02 1.4397E-06  1.8186E-04 4.0253E-01 1.7160E-07   184
 1.0000E-03 4.8693E-01 6.7487E-02 6.7485E-02 1.4013E-06  1.8195E-04 4.0254E-01 1.6702E-07   184
 1.0000E-03 4.8844E-01 6.5813E-02 6.5812E-02 1.3646E-06  1.8149E-04 4.0253E-01 1.6266E-07   184
 1.0000E-03 4.8995E-01 6.4195E-02 6.4193E-02 1.3297E-06  1.8133E-04 4.0253E-01 1.5849E-07   184
 1.0000E-03 4.9146E-01 6.2627E-02 6.2626E-02 1.2963E-06  1.8107E-04 4.0253E-01 1.5451E-07   184
 1.0000E-03 4.9296E-01 6.1105E-02 6.1104E-02 1.2645E-06  1.8043E-04 4.0254E-01 1.5072E-07   184
 1.0000E-03 4.9447E-01 5.9627E-02 5.9626E-02 1.2341E-06  1.8041E-04 4.0254E-01 1.4710E-07   184
 1.0000E-03 4.9598E-01 5.8183E-02 5.8182E-02 1.2052E-06  1.8022E-04 4.0254E-01 1.4365E-07   184
 1.0000E-03 4.9749E-01 5.6694E-02 5.6693E-02 1.1789E-06  1.8032E-04 4.0253E-01 1.4052E-07   184
 1.0000E-03 4.9900E-01 5.5225E-02 5.5223E-02 1.1536E-06  1.7960E-04 4.0254E-01 1.3750E-07   184
 1.0000E-03 5.0050E-01 5.3771E-02 5.3771E-02 1.1290E-06  1.7934E-04 4.0254E-01 1.3457E-07   184
 1.0000E-03 5.0201E-01 5.2331E-02 5.2330E-02 1.1051E-06  1.7890E-04 4.0253E-01 1.3173E-07   184
 1.0000E-03 5.0352E-01 5.0902E-02 5.0901E-02 1.0819E-06  1.7834E-04 4.0253E-01 1.2896E-07   184
 1.0000E-03 5.0503E-01 4.9483E-02 4.9481E-02 1.0593E-06  1.7887E-04 4.0253E-01 1.2626E-07   184
 1.0000E-03 5.0653E-01 4.8072E-02 4.8071E-02 1.0372E-06  1.7843E-04 4.0253E-01 1.2362E-07   184
 1.0000E-03 5.0804E-01 4.6670E-02 4.6669E-02 1.0155E-06  1.7831E-04 4.0253E-01 1.2104E-07   184
 1.0000E-03 5.0955E-01 4.5277E-02 4.5275E-02 9.9421E-07  1.7777E-04 4.0253E-01 1.1850E-07   184
 1.0000E-03 5.1106E-01 4.3892E-02 4.3891E-02 9.7330E-07  1.7757E-04 4.0253E-01 1.1601E-07   184
 1.0000E-03 5.1256E-01 4.2517E-02 4.2516E-02 9.5274E-07  1.7758E-04 4.0253E-01 1.1356E-07   184
 1.0000E-03 5.1407E-01 4.1153E-02 4.1152E-02 9.3248E-07  1.7717E-04 4.0254E-01 1.1115E-07   184
 1.0000E-03 5.1558E-01 3.9802E-02 3.9801E-02 9.1250E-07  1.7725E-04 4.0253E-01 1.0877E-07   184
 1.0000E-03 5.1709E-01 3.8466E-02 3.8465E-02 8.9279E-07  1.7610E-04 4.0253E-01 1.0642E-07   184
 1.0000E-03 5.1859E-01 3.7146E-02 3.7145E-02 8.7334E-07  1.7610E-04 4.0253E-01 1.0410E-07   184
 1.0000E-03 5.2010E-01 3.5844E-02 3.5843E-02 8.5415E-07  1.7537E-04 4.0253E-01 1.0181E-07   184
 1.0000E-03 5.2161E-01 3.4594E-02 3.4593E-02 8.3432E-07  1.7547E-04 4.0253E-01 9.9446E-08   184
 1.0000E-03 5.2312E-01 3.3415E-02 3.3414E-02 8.1394E-07  1.7553E-04 4.0253E-01 9.7018E-08   184
 1.0000E-03 5.2462E-01 3.2279E-02 3.2278E-02 7.9407E-07  1.7530E-04 4.0253E-01 9.4650E-08   184
 1.0000E-03 5.2613E-01 3.1183E-02 3.1183E-02 7.7470E-07  1.7449E-04 4.0254E-01 9.2341E-08   184
 1.0000E-03 5.2764E-01 3.0128E-02 3.0128E-02 7.5583E-07  1.7483E-04 4.0253E-01 9.0092E-08   184
 1.0000E-03 5.2915E-01 2.9113E-02 2.9112E-02 7.3744E-07  1.7382E-04 4.0253E-01 8.7900E-08   184
 1.0000E-03 5.3065E-01 2.8136E-02 2.8135E-02 7.1954E-07  1.7405E-04 4.0253E-01 8.5765E-08   184
 1.0000E-03 5.3216E-01 2.7196E-02 2.7195E-02 7.0211E-07  1.7326E-04 4.0254E-01 8.3689E-08   184
 1.0000E-03 5.3367E-01 2.6292E-02 2.6292E-02 6.8515E-07  1.7333E-04 4.0253E-01 8.1668E-08   184
 1.0000E-03 5.3518E-01 2.5425E-02 2.5424E-02 6.6865E-07  1.7289E-04 4.0253E-01 7.9700E-08   184
 1.0000E-03 5.3668E-01 2.4592E-02 2.4591E-02 6.5260E-07  1.7236E-04 4.0253E-01 7.7786E-08   184
 1.0000E-03 5.3819E-01 2.3792E-02 2.3791E-02 6.3699E-07  1.7214E-04 4.0254E-01 7.5927E-08   184
 1.0000E-03 5.3970E-01 2.3024E-02 2.3024E-02 6.2182E-07  1.7175E-04 4.0253E-01 7.4119E-08   184
 1.0000E-03 5.4121E-01 2.2288E-02 2.2288E-02 6.0707E-07  1.7189E-04 4.0253E-01 7.2360E-08   184
 1.0000E-03 5.4271E-01 2.1583E-02 2.1582E-02 5.9273E-07  1.7112E-04 4.0253E-01 7.0652E-08   184
 1.0000E-03 5.4422E-01 2.0906E-02 2.0906E-02 5.7880E-07  1.7045E-04 4.0253E-01 6.8991E-08   184
 1.0000E-03 5.4573E-01 2.0258E-02 2.0258E-02 5.6526E-07  1.7078E-04 4.0253E-01 6.7377E-08   184
 1.0000E-03 5.4724E-01 1.9637E-02 1.9637E-02 5.5211E-07  1.6990E-04 4.0253E-01 6.5810E-08   184
 1.0000E-03 5.4874E-01 1.9043E-02 1.9042E-02 5.3935E-07  1.7025E-04 4.0253E-01 6.4289E-08   184
 1.0000E-03 5.5025E-01 1.8476E-02 1.8476E-02 5.2720E-07  1.6986E-04 4.0253E-01 6.2840E-08   184
 1.0000E-03 5.5176E-01 1.7931E-02 1.7931E-02 5.1540E-07  1.6914E-04 4.0253E-01 6.1434E-08   184
 1.0000E-03 5.5327E-01 1.7408E-02 1.7407E-02 5.0395E-07  1.6866E-04 4.0253E-01 6.0069E-08   184
 1.0000E-03 5.5477E-01 1.6904E-02 1.6904E-02 4.9284E-07  1.6860E-04 4.0253E-01 5.8745E-08   184
 1.0000E-03 5.5628E-01 1.6420E-02 1.6419E-02 4.8205E-07  1.6843E-04 4.0253E-01 5.7459E-08   184
 1.0000E-03 5.5779E-01 1.5954E-02 1.5954E-02 4.7158E-07  1.6787E-04 4.0253E-01 5.6211E-08   184
 1.0000E-03 5.5930E-01 1.5506E-02 1.5506E-02 4.6141E-07  1.6711E-04 4.0253E-01 5.5000E-08   184
 1.0000E-03 5.6080E-01 1.5076E-02 1.5075E-02 4.5154E-07  1.6746E-04 4.0253E-01 5.3823E-08   184
 1.0000E-03 5.6231E-01 1.4661E-02 1.4661E-02 4.4196E-07  1.6773E-04 4.0253E-01 5.2680E-08   184
 1.0000E-03 5.6382E-01 1.4262E-02 1.4262E-02 4.3265E-07  1.6725E-04 4.0253E-01 5.1572E-08   184
 1.0000E-03 5.6533E-01 1.3878E-02 1.3877E-02 4.2362E-07  1.6673E-04 4.0253E-01 5.0494E-08   184
 1.0000E-03 5.6683E-01 1.3507E-02 1.3507E-02 4.1484E-07  1.6607E-04 4.0253E-01 4.9448E-08   184
 1.0000E-03 5.6834E-01 1.3150E-02 1.3150E-02 4.0631E-07  1.6632E-04 4.0253E-01 4.8431E-08   184
 1.0000E-03 5.6985E-01 1.2806E-02 1.2805E-02 3.9802E-07  1.6565E-04 4.0253E-01 4.7443E-08   184
 1.0000E-03 5.7136E-01 1.2473E-02 1.2473E-02 3.8997E-07  1.6541E-04 4.0253E-01 4.6483E-08   184
 1.0000E-03 5.7286E-01 1.2152E-02 1.2152E-02 3.8213E-07  1.6514E-04 4.0253E-01 4.5550E-08   184
 1.0000E-03 5.7437E-01 1.1842E-02 1.1842E-02 3.7452E-07  1.6517E-04 4.0253E-01 4.4642E-08   184
 1.0000E-03 5.7588E-01 1.1542E-02 1.1542E-02 3.6711E-07  1.6473E-04 4.0254E-01 4.3759E-08   184
 1.0000E-03 5.7739E-01 1.1252E-02 1.1251E-02 3.5990E-07  1.6448E-04 4.0253E-01 4.2900E-08   184
 1.0000E-03 5.7889E-01 1.0970E-02 1.0970E-02 3.5289E-07  1.6423E-04 4.0253E-01 4.2064E-08   184
 1.0000E-03 5.8040E-01 1.0698E-02 1.0698E-02 3.4606E-07  1.6405E-04 4.0253E-01 4.1250E-08   184
 1.0000E-03 5.8191E-01 1.0434E-02 1.0434E-02 3.3940E-07  1.6418E-04 4.0253E-01 4.0456E-08   184
 1.0000E-03 5.8342E-01 1.0177E-02 1.0176E-02 3.3287E-07  1.6358E-04 4.0253E-01 3.9678E-08   184
 1.0000E-03 5.8492E-01 9.9268E-03 9.9265E-03 3.2650E-07  1.6322E-04 4.0253E-01 3.8918E-08   184
 1.0000E-03 5.8643E-01 9.6842E-03 9.6839E-03 3.2029E-07  1.6280E-04 4.0253E-01 3.8179E-08   184
 1.0000E-03 5.8794E-01 9.4487E-03 9.4485E-03 3.1424E-07  1.6261E-04 4.0253E-01 3.7458E-08   184
 1.0000E-03 5.8945E-01 9.2205E-03 9.2202E-03 3.0834E-07  1.6209E-04 4.0253E-01 3.6755E-08   184
 1.0000E-03 5.9095E-01 8.9991E-03 8.9988E-03 3.0259E-07  1.6175E-04 4.0253E-01 3.6068E-08   184
 1.0000E-03 5.9246E-01 8.7847E-03 8.7844E-03 2.9697E-07  1.6178E-04 4.0253E-01 3.5399E-08   184
 1.0000E-03 5.9397E-01 8.5771E-03 8.5768E-03 2.9149E-07  1.6145E-04 4.0253E-01 3.4745E-08   184
 1.0000E-03 5.9548E-01 8.3763E-03 8.3761E-03 2.8614E-07  1.6168E-04 4.0253E-01 3.4108E-08   184
 1.0000E-03 5.9698E-01 8.1822E-03 8.1820E-03 2.8092E-07  1.6140E-04 4.0253E-01 3.3486E-08   184
 1.0000E-03 5.9849E-01 7.9948E-03 7.9946E-03 2.7582E-07  1.6097E-04 4.0253E-01 3.2878E-08   184
 1.0000E-03 6.0000E-01 7.8140E-03 7.8138E-03 2.7085E-07  1.6102E-04 4.0253E-01 3.2285E-08   184
