 DDSCAT --- DDSCAT 7.3.3 [22.01.20]   
 TARGET --->TARGSPHER  spherical target with explicit spacing                 
 GPFAFT --- method of solution 
 GKDLDR --- prescription for polarizabilities
 FROM_FILE --- shape 
    4169 = NAT0 = number of dipoles
 ../../diel/Pena-Rioux_dielectric_26Au_74Ag                  
 ../../diel/Pena-Rioux_dielectric_52Au_48Ag                  
 ../../diel/Pena-Rioux_dielectric_76Au_24Ag                  
 ../../diel/Pena-Rioux_dielectric_92Au_8Ag                   
   0.000   0.000 = beta_min, beta_max ;  NBETA = 1
   0.000   0.000 = theta_min, theta_max; NTHETA= 1
   0.000   0.000 = phi_min, phi_max   ;   NPHI = 1
 Results averaged over    1 target orientations
                   and  2 incident polarizations
   aeff       wave       Q_pha       Q_pol       Q_cpol
 4.0000E-02 3.0000E-01 -3.9555E-02 -8.8215E-06 -1.6764E-07
 4.0000E-02 3.0101E-01 -3.8311E-02 -7.1526E-07  9.6858E-08
 4.0000E-02 3.0203E-01 -3.7243E-02 -4.7684E-07  1.5274E-07
 4.0000E-02 3.0305E-01 -3.6357E-02 -3.5763E-06 -1.8626E-08
 4.0000E-02 3.0408E-01 -3.5659E-02  4.0531E-06 -9.3132E-08
 4.0000E-02 3.0512E-01 -3.5154E-02 -7.1526E-07 -4.8429E-08
 4.0000E-02 3.0616E-01 -3.4849E-02  0.0000E+00  9.3132E-08
 4.0000E-02 3.0722E-01 -3.4751E-02  4.0531E-06  5.5879E-08
 4.0000E-02 3.0828E-01 -3.4837E-02 -4.7684E-07  7.4506E-08
 4.0000E-02 3.0934E-01 -3.5013E-02 -1.9073E-06  5.5879E-08
 4.0000E-02 3.1042E-01 -3.5363E-02  9.5367E-07  2.6077E-08
 4.0000E-02 3.1150E-01 -3.5892E-02 -2.6226E-06 -6.7055E-08
 4.0000E-02 3.1259E-01 -3.6605E-02 -4.0531E-06  1.2666E-07
 4.0000E-02 3.1368E-01 -3.7507E-02 -1.6689E-06 -5.2154E-08
 4.0000E-02 3.1479E-01 -3.8604E-02  5.4836E-06  5.5879E-08
 4.0000E-02 3.1590E-01 -3.9902E-02  2.1458E-06 -2.6077E-08
 4.0000E-02 3.1702E-01 -4.1406E-02 -1.6689E-06 -7.4506E-09
 4.0000E-02 3.1815E-01 -4.2758E-02  4.2915E-06 -1.8626E-08
 4.0000E-02 3.1929E-01 -4.4349E-02 -4.5300E-06  3.7253E-09
 4.0000E-02 3.2043E-01 -4.6258E-02  1.4305E-06 -2.2352E-08
 4.0000E-02 3.2158E-01 -4.8495E-02 -1.1921E-06  2.2352E-08
 4.0000E-02 3.2274E-01 -5.1071E-02 -7.3910E-06  6.7055E-08
 4.0000E-02 3.2391E-01 -5.3997E-02 -2.1458E-06  7.4506E-09
 4.0000E-02 3.2509E-01 -5.7283E-02 -1.1921E-06  0.0000E+00
 4.0000E-02 3.2628E-01 -6.0942E-02 -1.6689E-06 -2.2352E-08
 4.0000E-02 3.2747E-01 -6.5590E-02  4.5300E-06 -3.7253E-08
 4.0000E-02 3.2868E-01 -7.0768E-02 -5.9605E-06 -2.2352E-08
 4.0000E-02 3.2989E-01 -7.6465E-02  4.7684E-07  0.0000E+00
 4.0000E-02 3.3111E-01 -8.2697E-02 -2.3842E-07 -1.8626E-07
 4.0000E-02 3.3234E-01 -8.9481E-02 -1.1921E-06 -6.7055E-08
 4.0000E-02 3.3358E-01 -9.6835E-02  1.9073E-06 -8.1956E-08
 4.0000E-02 3.3483E-01 -1.0477E-01 -9.5367E-07 -1.3411E-07
 4.0000E-02 3.3609E-01 -1.1352E-01  2.1458E-06  3.7253E-08
 4.0000E-02 3.3736E-01 -1.2294E-01  4.7684E-06  1.3411E-07
 4.0000E-02 3.3864E-01 -1.3280E-01 -4.7684E-07  2.0862E-07
 4.0000E-02 3.3992E-01 -1.4312E-01 -9.5367E-07  2.5332E-07
 4.0000E-02 3.4122E-01 -1.5389E-01 -9.5367E-07 -7.4506E-08
 4.0000E-02 3.4253E-01 -1.6515E-01  0.0000E+00 -1.6391E-07
 4.0000E-02 3.4385E-01 -1.7689E-01  3.5763E-06 -5.9605E-08
 4.0000E-02 3.4517E-01 -1.8899E-01  2.1458E-06 -1.0431E-07
 4.0000E-02 3.4651E-01 -2.0119E-01  1.6689E-06 -8.9407E-08
 4.0000E-02 3.4786E-01 -2.1361E-01 -7.6294E-06 -1.1921E-07
 4.0000E-02 3.4922E-01 -2.2626E-01  2.8610E-06 -1.1921E-07
 4.0000E-02 3.5059E-01 -2.3915E-01  5.0068E-06  0.0000E+00
 4.0000E-02 3.5197E-01 -2.5229E-01  0.0000E+00 -8.9407E-08
 4.0000E-02 3.5336E-01 -2.6568E-01 -5.7220E-06 -2.3842E-07
 4.0000E-02 3.5476E-01 -2.7912E-01  1.6689E-06 -3.5763E-07
 4.0000E-02 3.5618E-01 -2.9260E-01  1.6689E-06 -1.0729E-06
 4.0000E-02 3.5760E-01 -3.0618E-01  7.1526E-07  1.7881E-07
 4.0000E-02 3.5904E-01 -3.1984E-01  1.6689E-06 -1.1921E-07
 4.0000E-02 3.6048E-01 -3.3363E-01  3.0994E-06  0.0000E+00
 4.0000E-02 3.6194E-01 -3.4754E-01 -1.4305E-06  5.9605E-07
 4.0000E-02 3.6341E-01 -3.6150E-01  1.4305E-06 -8.9407E-07
 4.0000E-02 3.6490E-01 -3.7544E-01 -7.1526E-07 -5.0664E-07
 4.0000E-02 3.6639E-01 -3.8944E-01 -4.0531E-06 -5.9605E-08
 4.0000E-02 3.6790E-01 -4.0350E-01  1.4305E-06 -3.5763E-07
 4.0000E-02 3.6942E-01 -4.1762E-01 -6.9141E-06  2.6822E-07
 4.0000E-02 3.7095E-01 -4.3181E-01  2.6226E-06  0.0000E+00
 4.0000E-02 3.7250E-01 -4.4601E-01  2.6226E-06 -2.9802E-07
 4.0000E-02 3.7406E-01 -4.6023E-01 -4.7684E-06 -8.9407E-08
 4.0000E-02 3.7563E-01 -4.7452E-01  7.1526E-06  1.2815E-06
 4.0000E-02 3.7722E-01 -4.8887E-01 -4.7684E-06 -6.5565E-07
 4.0000E-02 3.7881E-01 -5.0329E-01 -3.8147E-06 -1.4305E-06
 4.0000E-02 3.8043E-01 -5.1779E-01  3.0994E-06  1.1921E-07
 4.0000E-02 3.8205E-01 -5.3229E-01 -2.6226E-06 -8.9407E-07
 4.0000E-02 3.8369E-01 -5.4689E-01  0.0000E+00 -1.2517E-06
 4.0000E-02 3.8534E-01 -5.6161E-01 -1.6689E-06 -5.9605E-08
 4.0000E-02 3.8701E-01 -5.7644E-01  7.3910E-06  1.1921E-07
 4.0000E-02 3.8870E-01 -5.9137E-01 -3.0994E-06 -1.3709E-06
 4.0000E-02 3.9039E-01 -6.0636E-01 -4.0531E-06 -1.0729E-06
 4.0000E-02 3.9211E-01 -6.2155E-01  2.6226E-06  2.9802E-07
 4.0000E-02 3.9383E-01 -6.3689E-01  4.0531E-06  5.3644E-07
 4.0000E-02 3.9558E-01 -6.5236E-01  2.8610E-06 -2.9802E-07
 4.0000E-02 3.9733E-01 -6.6795E-01  9.0599E-06  2.9802E-06
 4.0000E-02 3.9911E-01 -6.8362E-01 -4.5300E-06 -1.8477E-06
 4.0000E-02 4.0090E-01 -6.9952E-01 -3.8147E-06 -2.3842E-07
 4.0000E-02 4.0270E-01 -7.1552E-01 -7.1526E-07  4.1723E-07
 4.0000E-02 4.0452E-01 -7.3155E-01 -9.5367E-07 -4.7684E-07
 4.0000E-02 4.0636E-01 -7.4755E-01  2.1458E-06  0.0000E+00
 4.0000E-02 4.0822E-01 -7.6348E-01 -5.9605E-06  1.7881E-07
 4.0000E-02 4.1009E-01 -7.7938E-01 -5.0068E-06 -5.9605E-08
 4.0000E-02 4.1198E-01 -7.9500E-01 -3.3379E-06 -2.5630E-06
 4.0000E-02 4.1389E-01 -8.1025E-01  2.3842E-06  6.5565E-07
 4.0000E-02 4.1581E-01 -8.2504E-01  8.1062E-06  1.2517E-06
 4.0000E-02 4.1776E-01 -8.3926E-01 -4.7684E-07 -5.9605E-07
 4.0000E-02 4.1972E-01 -8.5262E-01 -5.7220E-06 -1.7285E-06
 4.0000E-02 4.2170E-01 -8.6492E-01  5.4836E-06 -1.0729E-06
 4.0000E-02 4.2370E-01 -8.7599E-01  9.7752E-06  5.3644E-07
 4.0000E-02 4.2571E-01 -8.8561E-01  5.9605E-06 -5.9605E-07
 4.0000E-02 4.2775E-01 -8.9345E-01  4.2915E-06  3.2187E-06
 4.0000E-02 4.2981E-01 -8.9907E-01  8.1062E-06  5.4836E-06
 4.0000E-02 4.3188E-01 -9.0226E-01 -1.4305E-06  2.2054E-06
 4.0000E-02 4.3398E-01 -9.0266E-01  9.5367E-07  4.2915E-06
 4.0000E-02 4.3610E-01 -8.9986E-01 -4.2915E-06 -2.9802E-06
 4.0000E-02 4.3824E-01 -8.9323E-01 -2.3842E-06  3.6359E-06
 4.0000E-02 4.4039E-01 -8.8257E-01  7.6294E-06  7.7486E-07
 4.0000E-02 4.4257E-01 -8.6737E-01 -9.5367E-06 -1.8477E-06
 4.0000E-02 4.4478E-01 -8.4706E-01  4.7684E-06 -2.6822E-06
 4.0000E-02 4.4700E-01 -8.2111E-01  1.2875E-05 -4.1723E-07
 4.0000E-02 4.4925E-01 -7.8919E-01 -5.2452E-06 -4.6492E-06
 4.0000E-02 4.5152E-01 -7.5070E-01  1.2875E-05  4.7684E-07
 4.0000E-02 4.5381E-01 -7.0500E-01  4.7684E-07 -1.9073E-06
 4.0000E-02 4.5612E-01 -6.5178E-01 -2.3842E-06  1.8477E-06
 4.0000E-02 4.5846E-01 -5.9083E-01 -2.8610E-06 -1.4305E-06
 4.0000E-02 4.6082E-01 -5.2182E-01  1.3828E-05  8.3447E-07
 4.0000E-02 4.6321E-01 -4.4460E-01 -4.2915E-06  9.3579E-06
 4.0000E-02 4.6563E-01 -3.5953E-01 -2.0027E-05  8.9407E-07
 4.0000E-02 4.6806E-01 -2.6698E-01 -1.9073E-05  3.0696E-06
 4.0000E-02 4.7053E-01 -1.6743E-01 -1.7166E-05  6.7055E-07
 4.0000E-02 4.7302E-01 -6.1571E-02 -1.0014E-05 -6.0350E-07
 4.0000E-02 4.7553E-01  4.9765E-02  2.0981E-05  5.7258E-06
 4.0000E-02 4.7807E-01  1.6598E-01  2.7180E-05 -3.1739E-06
 4.0000E-02 4.8065E-01  2.8641E-01 -2.5272E-05  7.2420E-06
 4.0000E-02 4.8324E-01  4.1021E-01 -1.1444E-05  3.5167E-06
 4.0000E-02 4.8587E-01  5.3646E-01 -1.0014E-05  1.3113E-06
 4.0000E-02 4.8852E-01  6.6386E-01  1.9073E-06  8.3447E-07
 4.0000E-02 4.9121E-01  7.9075E-01  0.0000E+00 -1.1921E-06
 4.0000E-02 4.9392E-01  9.1560E-01  7.1526E-06 -5.3644E-06
 4.0000E-02 4.9667E-01  1.0369E+00  1.4782E-05  2.7418E-06
 4.0000E-02 4.9944E-01  1.1535E+00  1.4305E-05 -2.3842E-06
 4.0000E-02 5.0225E-01  1.2646E+00 -3.8147E-06 -2.1458E-06
 4.0000E-02 5.0508E-01  1.3701E+00  1.9550E-05  2.5034E-06
 4.0000E-02 5.0795E-01  1.4698E+00 -2.7657E-05 -4.8876E-06
 4.0000E-02 5.1086E-01  1.5642E+00  3.0518E-05  7.2718E-06
 4.0000E-02 5.1379E-01  1.6531E+00 -2.8133E-05 -1.7881E-06
 4.0000E-02 5.1676E-01  1.7368E+00 -2.6703E-05  2.1100E-05
 4.0000E-02 5.1977E-01  1.8150E+00  3.8147E-06 -1.2398E-05
 4.0000E-02 5.2281E-01  1.8879E+00  3.0994E-05  6.4373E-06
 4.0000E-02 5.2588E-01  1.9561E+00 -1.9073E-06 -3.8743E-05
 4.0000E-02 5.2899E-01  2.0203E+00 -9.0599E-05  6.4373E-06
 4.0000E-02 5.3214E-01  2.0814E+00  7.7724E-05  2.0266E-05
 4.0000E-02 5.3533E-01  2.1400E+00  0.0000E+00 -2.1458E-05
 4.0000E-02 5.3855E-01  2.1958E+00  3.9101E-05 -1.3113E-05
 4.0000E-02 5.4182E-01  2.2478E+00  7.1526E-06 -4.2915E-06
 4.0000E-02 5.4512E-01  2.2943E+00 -1.1921E-05 -6.1989E-06
 4.0000E-02 5.4847E-01  2.3335E+00 -3.0518E-05 -7.1526E-07
 4.0000E-02 5.5185E-01  2.3639E+00  1.3161E-04 -2.2173E-05
 4.0000E-02 5.5528E-01  2.3848E+00 -5.1498E-05  3.6240E-05
 4.0000E-02 5.5875E-01  2.3961E+00  1.1921E-06  5.2452E-06
 4.0000E-02 5.6226E-01  2.3984E+00  1.7405E-05  2.5034E-05
 4.0000E-02 5.6582E-01  2.3923E+00  2.3842E-06 -1.4782E-05
 4.0000E-02 5.6943E-01  2.3794E+00 -4.2915E-06  1.4782E-05
 4.0000E-02 5.7308E-01  2.3612E+00  3.6955E-05 -4.6253E-05
 4.0000E-02 5.7677E-01  2.3393E+00 -3.5763E-06  1.4782E-05
 4.0000E-02 5.8052E-01  2.3146E+00 -5.4836E-05 -1.5497E-05
 4.0000E-02 5.8431E-01  2.2877E+00  6.9141E-06 -4.7684E-07
 4.0000E-02 5.8816E-01  2.2587E+00 -7.8678E-06  2.1935E-05
 4.0000E-02 5.9205E-01  2.2277E+00 -4.5300E-06 -4.5300E-06
 4.0000E-02 5.9600E-01  2.1951E+00 -1.1683E-05  5.7220E-06
 4.0000E-02 6.0000E-01  2.1617E+00  5.3406E-05  1.2398E-05
