 DDSCAT --- DDSCAT 7.3.3 [22.01.20]   
 TARGET --->TARGSPHER  spherical target with explicit spacing                 
 GPFAFT --- method of solution 
 GKDLDR --- prescription for polarizabilities
 FROM_FILE --- shape 
    4169 = NAT0 = number of dipoles
 ../../diel/Pena-Rioux_dielectric_26Au_74Ag                  
 ../../diel/Pena-Rioux_dielectric_34Au_66Ag                  
 ../../diel/Pena-Rioux_dielectric_85Au_15Ag                  
 ../../diel/Au_evap                                          
   0.000   0.000 = beta_min, beta_max ;  NBETA = 1
   0.000   0.000 = theta_min, theta_max; NTHETA= 1
   0.000   0.000 = phi_min, phi_max   ;   NPHI = 1
 Results averaged over    1 target orientations
                   and  2 incident polarizations
   aeff       wave       Q_pha       Q_pol       Q_cpol
 4.0000E-02 3.0000E-01 -5.1153E-02 -1.6689E-06  7.4506E-08
 4.0000E-02 3.0101E-01 -5.0269E-02  5.0068E-06  1.4901E-08
 4.0000E-02 3.0203E-01 -4.9724E-02 -2.3842E-06  5.2154E-08
 4.0000E-02 3.0305E-01 -4.9396E-02 -4.2915E-06 -9.6858E-08
 4.0000E-02 3.0408E-01 -4.9292E-02  3.3379E-06  1.1176E-08
 4.0000E-02 3.0512E-01 -4.9419E-02 -2.8610E-06  6.3330E-08
 4.0000E-02 3.0616E-01 -4.9784E-02 -2.1458E-06 -2.6077E-08
 4.0000E-02 3.0722E-01 -5.0393E-02  1.4305E-06  1.8626E-08
 4.0000E-02 3.0828E-01 -5.1241E-02 -5.2452E-06  6.3330E-08
 4.0000E-02 3.0934E-01 -5.2266E-02 -6.4373E-06 -3.3528E-08
 4.0000E-02 3.1042E-01 -5.3504E-02 -2.6226E-06  1.1176E-07
 4.0000E-02 3.1150E-01 -5.4834E-02 -1.9073E-06  2.9802E-08
 4.0000E-02 3.1259E-01 -5.6354E-02 -2.8610E-06  4.0978E-08
 4.0000E-02 3.1368E-01 -5.8119E-02 -1.9073E-06 -1.8626E-08
 4.0000E-02 3.1479E-01 -6.0135E-02  4.5300E-06  1.1176E-08
 4.0000E-02 3.1590E-01 -6.2411E-02 -2.6226E-06  1.8626E-08
 4.0000E-02 3.1702E-01 -6.4954E-02  1.9073E-06  1.4901E-08
 4.0000E-02 3.1815E-01 -6.7464E-02  1.1921E-06  1.0431E-07
 4.0000E-02 3.1929E-01 -7.0251E-02 -1.1921E-06 -2.0117E-07
 4.0000E-02 3.2043E-01 -7.3392E-02  0.0000E+00 -1.0431E-07
 4.0000E-02 3.2158E-01 -7.7156E-02  3.3379E-06  2.9802E-08
 4.0000E-02 3.2274E-01 -8.1269E-02 -2.3842E-07 -8.9407E-08
 4.0000E-02 3.2391E-01 -8.5743E-02  1.4305E-06 -7.4506E-08
 4.0000E-02 3.2509E-01 -9.0588E-02  2.3842E-06  1.4156E-07
 4.0000E-02 3.2628E-01 -9.5818E-02  3.3379E-06  0.0000E+00
 4.0000E-02 3.2747E-01 -1.0196E-01  1.6689E-06  6.7055E-08
 4.0000E-02 3.2868E-01 -1.0858E-01 -1.4305E-06 -1.1176E-07
 4.0000E-02 3.2989E-01 -1.1569E-01  1.1921E-06 -1.4901E-08
 4.0000E-02 3.3111E-01 -1.2329E-01 -2.3842E-07  0.0000E+00
 4.0000E-02 3.3234E-01 -1.3125E-01  3.8147E-06  1.1921E-07
 4.0000E-02 3.3358E-01 -1.3964E-01 -2.1458E-06 -5.9605E-08
 4.0000E-02 3.3483E-01 -1.4855E-01  9.5367E-07 -2.0862E-07
 4.0000E-02 3.3609E-01 -1.5810E-01 -4.0531E-06 -2.3842E-07
 4.0000E-02 3.3736E-01 -1.6817E-01 -2.3842E-06  7.4506E-08
 4.0000E-02 3.3864E-01 -1.7861E-01 -3.8147E-06  3.1292E-07
 4.0000E-02 3.3992E-01 -1.8942E-01 -3.0994E-06  2.9802E-08
 4.0000E-02 3.4122E-01 -2.0061E-01  0.0000E+00  3.1292E-07
 4.0000E-02 3.4253E-01 -2.1221E-01 -9.5367E-07 -1.1921E-07
 4.0000E-02 3.4385E-01 -2.2421E-01 -3.3379E-06  2.5332E-07
 4.0000E-02 3.4517E-01 -2.3648E-01  3.0994E-06 -5.9605E-08
 4.0000E-02 3.4651E-01 -2.4884E-01 -2.1458E-06 -8.9407E-08
 4.0000E-02 3.4786E-01 -2.6144E-01 -2.6226E-06 -8.9407E-08
 4.0000E-02 3.4922E-01 -2.7431E-01  1.1921E-06 -2.6822E-07
 4.0000E-02 3.5059E-01 -2.8744E-01  3.3379E-06 -8.6427E-07
 4.0000E-02 3.5197E-01 -3.0086E-01 -7.1526E-07 -8.6427E-07
 4.0000E-02 3.5336E-01 -3.1457E-01 -9.5367E-07 -1.2517E-06
 4.0000E-02 3.5476E-01 -3.2847E-01 -2.3842E-07  2.9802E-07
 4.0000E-02 3.5618E-01 -3.4261E-01  7.1526E-07 -5.0664E-07
 4.0000E-02 3.5760E-01 -3.5700E-01 -2.3842E-07  5.9605E-08
 4.0000E-02 3.5904E-01 -3.7166E-01  4.7684E-06 -2.0862E-07
 4.0000E-02 3.6048E-01 -3.8659E-01  3.8147E-06 -1.0133E-06
 4.0000E-02 3.6194E-01 -4.0182E-01  0.0000E+00 -4.7684E-07
 4.0000E-02 3.6341E-01 -4.1740E-01  3.5763E-06  2.9802E-07
 4.0000E-02 3.6490E-01 -4.3332E-01  7.6294E-06  2.0862E-07
 4.0000E-02 3.6639E-01 -4.4954E-01 -6.4373E-06 -2.0862E-07
 4.0000E-02 3.6790E-01 -4.6607E-01  3.3379E-06 -2.6822E-07
 4.0000E-02 3.6942E-01 -4.8291E-01  7.3910E-06 -2.3842E-07
 4.0000E-02 3.7095E-01 -5.0009E-01 -4.2915E-06 -1.6689E-06
 4.0000E-02 3.7250E-01 -5.1765E-01 -7.1526E-07 -2.9802E-07
 4.0000E-02 3.7406E-01 -5.3555E-01  1.6689E-06  3.5763E-07
 4.0000E-02 3.7563E-01 -5.5371E-01  7.1526E-07 -8.9407E-07
 4.0000E-02 3.7722E-01 -5.7218E-01 -9.7752E-06  2.3842E-07
 4.0000E-02 3.7881E-01 -5.9094E-01 -5.2452E-06  1.2517E-06
 4.0000E-02 3.8043E-01 -6.1000E-01 -9.5367E-07  5.9605E-08
 4.0000E-02 3.8205E-01 -6.2927E-01  2.6226E-06 -2.3842E-07
 4.0000E-02 3.8369E-01 -6.4867E-01  0.0000E+00  2.0862E-06
 4.0000E-02 3.8534E-01 -6.6824E-01  5.2452E-06 -1.1921E-07
 4.0000E-02 3.8701E-01 -6.8796E-01 -5.0068E-06  2.9802E-07
 4.0000E-02 3.8870E-01 -7.0782E-01  4.7684E-07  1.0133E-06
 4.0000E-02 3.9039E-01 -7.2780E-01  2.1458E-06  1.7881E-07
 4.0000E-02 3.9211E-01 -7.4766E-01 -2.6226E-06  1.1921E-07
 4.0000E-02 3.9383E-01 -7.6749E-01 -3.3379E-06  1.4305E-06
 4.0000E-02 3.9558E-01 -7.8722E-01  4.7684E-06  7.1526E-07
 4.0000E-02 3.9733E-01 -8.0676E-01  4.2915E-06 -1.9670E-06
 4.0000E-02 3.9911E-01 -8.2606E-01  5.7220E-06 -1.3709E-06
 4.0000E-02 4.0090E-01 -8.4496E-01  8.3447E-06 -1.6689E-06
 4.0000E-02 4.0270E-01 -8.6339E-01  3.0994E-06 -5.9605E-08
 4.0000E-02 4.0452E-01 -8.8124E-01 -5.7220E-06 -4.1723E-07
 4.0000E-02 4.0636E-01 -8.9836E-01  2.1458E-06  1.0729E-06
 4.0000E-02 4.0822E-01 -9.1459E-01  3.8147E-06 -2.6226E-06
 4.0000E-02 4.1009E-01 -9.2976E-01  6.6757E-06 -5.0068E-06
 4.0000E-02 4.1198E-01 -9.4376E-01  3.5763E-06 -8.3447E-07
 4.0000E-02 4.1389E-01 -9.5638E-01 -9.0599E-06 -3.2187E-06
 4.0000E-02 4.1581E-01 -9.6737E-01  0.0000E+00  2.1458E-06
 4.0000E-02 4.1776E-01 -9.7654E-01 -1.0252E-05 -2.2054E-06
 4.0000E-02 4.1972E-01 -9.8374E-01  3.3379E-06  1.9073E-06
 4.0000E-02 4.2170E-01 -9.8878E-01 -1.1921E-05  5.9605E-07
 4.0000E-02 4.2370E-01 -9.9143E-01 -1.0490E-05 -1.5497E-06
 4.0000E-02 4.2571E-01 -9.9147E-01  6.1989E-06  2.6226E-06
 4.0000E-02 4.2775E-01 -9.8868E-01 -4.2915E-06  0.0000E+00
 4.0000E-02 4.2981E-01 -9.8297E-01 -9.0599E-06 -7.7486E-07
 4.0000E-02 4.3188E-01 -9.7411E-01  7.1526E-06  3.5763E-06
 4.0000E-02 4.3398E-01 -9.6184E-01  1.1921E-05 -1.1325E-06
 4.0000E-02 4.3610E-01 -9.4583E-01  4.7684E-06 -4.7684E-07
 4.0000E-02 4.3824E-01 -9.2579E-01  1.9073E-06 -7.7486E-07
 4.0000E-02 4.4039E-01 -9.0143E-01  1.1444E-05 -2.0862E-06
 4.0000E-02 4.4257E-01 -8.7222E-01 -1.2875E-05 -1.4901E-06
 4.0000E-02 4.4478E-01 -8.3761E-01  4.7684E-06 -1.4901E-06
 4.0000E-02 4.4700E-01 -7.9719E-01 -3.3379E-06  1.3113E-06
 4.0000E-02 4.4925E-01 -7.5054E-01  4.2915E-06  3.7551E-06
 4.0000E-02 4.5152E-01 -6.9720E-01  2.8610E-06  5.9605E-08
 4.0000E-02 4.5381E-01 -6.3680E-01  3.8147E-06  1.7285E-06
 4.0000E-02 4.5612E-01 -5.6910E-01  3.8147E-06 -2.2054E-06
 4.0000E-02 4.5846E-01 -4.9403E-01  1.9550E-05 -2.0862E-07
 4.0000E-02 4.6082E-01 -4.1157E-01  4.7684E-07 -1.5497E-06
 4.0000E-02 4.6321E-01 -3.2189E-01 -7.1526E-06 -2.0862E-07
 4.0000E-02 4.6563E-01 -2.2535E-01  1.9073E-06  2.6822E-07
 4.0000E-02 4.6806E-01 -1.2238E-01 -1.5259E-05  3.0547E-07
 4.0000E-02 4.7053E-01 -1.3511E-02  4.7684E-07 -1.0710E-05
 4.0000E-02 4.7302E-01  1.0079E-01  3.9577E-05 -8.6427E-06
 4.0000E-02 4.7553E-01  2.1958E-01  1.6689E-05  1.3381E-05
 4.0000E-02 4.7807E-01  3.4196E-01 -1.5736E-05 -4.7088E-06
 4.0000E-02 4.8065E-01  4.6705E-01  6.1989E-06  2.1458E-06
 4.0000E-02 4.8324E-01  5.9383E-01  7.6294E-06 -3.4571E-06
 4.0000E-02 4.8587E-01  7.2117E-01 -1.5736E-05  5.9605E-06
 4.0000E-02 4.8852E-01  8.4759E-01  1.7166E-05 -1.3709E-06
 4.0000E-02 4.9121E-01  9.7140E-01 -6.6757E-06 -3.3975E-06
 4.0000E-02 4.9392E-01  1.0909E+00 -1.3351E-05 -1.1921E-06
 4.0000E-02 4.9667E-01  1.2038E+00 -2.5749E-05  5.6028E-06
 4.0000E-02 4.9944E-01  1.3079E+00 -2.8610E-06  1.7881E-06
 4.0000E-02 5.0225E-01  1.4046E+00  0.0000E+00 -4.5300E-06
 4.0000E-02 5.0508E-01  1.4936E+00  1.0014E-05  2.1458E-06
 4.0000E-02 5.0795E-01  1.5748E+00 -1.3828E-05  5.9605E-07
 4.0000E-02 5.1086E-01  1.6485E+00  1.9550E-05  1.6689E-05
 4.0000E-02 5.1379E-01  1.7152E+00  2.9564E-05 -9.1791E-06
 4.0000E-02 5.1676E-01  1.7756E+00 -1.7643E-05  8.5831E-06
 4.0000E-02 5.1977E-01  1.8310E+00  1.8120E-05 -7.3910E-06
 4.0000E-02 5.2281E-01  1.8859E+00  4.2915E-06 -1.6928E-05
 4.0000E-02 5.2588E-01  1.9396E+00 -9.5367E-07  1.0967E-05
 4.0000E-02 5.2899E-01  1.9905E+00  2.9087E-05  3.5763E-07
 4.0000E-02 5.3214E-01  2.0392E+00 -1.6689E-05 -7.1526E-06
 4.0000E-02 5.3533E-01  2.0862E+00  1.8120E-05 -1.8835E-05
 4.0000E-02 5.3855E-01  2.1314E+00 -1.3828E-05 -1.6212E-05
 4.0000E-02 5.4182E-01  2.1747E+00  3.5286E-05  1.1921E-05
 4.0000E-02 5.4512E-01  2.2152E+00  3.0041E-05 -6.9141E-06
 4.0000E-02 5.4847E-01  2.2518E+00 -3.3855E-05  1.8835E-05
 4.0000E-02 5.5185E-01  2.2826E+00  2.3365E-05 -1.8835E-05
 4.0000E-02 5.5528E-01  2.3077E+00  5.1022E-05 -1.4067E-05
 4.0000E-02 5.5875E-01  2.3266E+00  9.5367E-07  4.5300E-06
 4.0000E-02 5.6226E-01  2.3386E+00 -2.2888E-05 -3.2663E-05
 4.0000E-02 5.6582E-01  2.3431E+00 -3.9101E-05 -1.3828E-05
 4.0000E-02 5.6943E-01  2.3403E+00  6.1512E-05 -5.7220E-06
 4.0000E-02 5.7308E-01  2.3307E+00  3.1948E-05  1.6689E-06
 4.0000E-02 5.7677E-01  2.3155E+00 -3.6716E-05 -8.5831E-06
 4.0000E-02 5.8052E-01  2.2962E+00 -2.5034E-05 -1.6928E-05
 4.0000E-02 5.8431E-01  2.2741E+00  8.9884E-05  2.3842E-05
 4.0000E-02 5.8816E-01  2.2502E+00 -2.3842E-06  1.7405E-05
 4.0000E-02 5.9205E-01  2.2248E+00  2.3603E-05 -1.2636E-05
 4.0000E-02 5.9600E-01  2.1977E+00  3.8147E-06 -2.6226E-06
 4.0000E-02 6.0000E-01  2.1694E+00 -6.4373E-06 -4.2915E-05
