 DDSCAT --- DDSCAT 7.3.3 [22.01.20]   
 TARGET --->TARGSPHER  spherical target with explicit spacing                 
 GPFAFT --- method of solution 
 FLTRCD --- prescription for polarizabilities
 FROM_FILE --- shape 
    4169 = NAT0 = number of dipoles
 ../../diel/Pena-Rioux_dielectric_26Au_74Ag                  
 ../../diel/Pena-Rioux_dielectric_65Au_35Ag                  
 ../../diel/Pena-Rioux_dielectric_85Au_15Ag                  
 ../../diel/Pena-Rioux_dielectric_92Au_8Ag                   
   0.000   0.000 = beta_min, beta_max ;  NBETA = 1
   0.000   0.000 = theta_min, theta_max; NTHETA= 1
   0.000   0.000 = phi_min, phi_max   ;   NPHI = 1
 0.5000 = ETASCA (param. controlling # of scatt. dirs used to calculate <cos> etc.
 Results averaged over    1 target orientations
                   and  2 incident polarizations
   aeff       wave       Q_ext     Q_abs      Q_sca     g(1)=<cos>  <cos^2>    Q_bk       Nsca
 8.0000E-02 3.0000E-01 2.7966E+00 1.5498E+00 1.2469E+00  6.4616E-01 6.1569E-01 2.8775E-02   656
 8.0000E-02 3.0101E-01 2.7936E+00 1.5514E+00 1.2423E+00  6.4566E-01 6.1455E-01 2.8711E-02   656
 8.0000E-02 3.0203E-01 2.7905E+00 1.5530E+00 1.2375E+00  6.4516E-01 6.1340E-01 2.8625E-02   656
 8.0000E-02 3.0305E-01 2.7873E+00 1.5546E+00 1.2327E+00  6.4468E-01 6.1224E-01 2.8519E-02   656
 8.0000E-02 3.0408E-01 2.7839E+00 1.5561E+00 1.2278E+00  6.4421E-01 6.1107E-01 2.8390E-02   656
 8.0000E-02 3.0512E-01 2.7804E+00 1.5577E+00 1.2227E+00  6.4374E-01 6.0989E-01 2.8239E-02   656
 8.0000E-02 3.0616E-01 2.7767E+00 1.5592E+00 1.2175E+00  6.4328E-01 6.0870E-01 2.8068E-02   656
 8.0000E-02 3.0722E-01 2.7729E+00 1.5607E+00 1.2122E+00  6.4283E-01 6.0749E-01 2.7875E-02   656
 8.0000E-02 3.0828E-01 2.7690E+00 1.5621E+00 1.2069E+00  6.4239E-01 6.0628E-01 2.7664E-02   656
 8.0000E-02 3.0934E-01 2.7653E+00 1.5636E+00 1.2017E+00  6.4193E-01 6.0505E-01 2.7444E-02   656
 8.0000E-02 3.1042E-01 2.7614E+00 1.5650E+00 1.1964E+00  6.4147E-01 6.0381E-01 2.7205E-02   656
 8.0000E-02 3.1150E-01 2.7574E+00 1.5664E+00 1.1910E+00  6.4102E-01 6.0256E-01 2.6947E-02   656
 8.0000E-02 3.1259E-01 2.7533E+00 1.5677E+00 1.1856E+00  6.4057E-01 6.0130E-01 2.6670E-02   656
 8.0000E-02 3.1368E-01 2.7490E+00 1.5690E+00 1.1800E+00  6.4012E-01 6.0002E-01 2.6376E-02   656
 8.0000E-02 3.1479E-01 2.7446E+00 1.5703E+00 1.1743E+00  6.3968E-01 5.9874E-01 2.6063E-02   656
 8.0000E-02 3.1590E-01 2.7401E+00 1.5715E+00 1.1685E+00  6.3924E-01 5.9745E-01 2.5734E-02   656
 8.0000E-02 3.1702E-01 2.7354E+00 1.5727E+00 1.1627E+00  6.3880E-01 5.9614E-01 2.5388E-02   656
 8.0000E-02 3.1815E-01 2.7304E+00 1.5739E+00 1.1565E+00  6.3837E-01 5.9483E-01 2.5020E-02   656
 8.0000E-02 3.1929E-01 2.7252E+00 1.5750E+00 1.1502E+00  6.3795E-01 5.9351E-01 2.4635E-02   656
 8.0000E-02 3.2043E-01 2.7197E+00 1.5760E+00 1.1437E+00  6.3752E-01 5.9218E-01 2.4234E-02   656
 8.0000E-02 3.2158E-01 2.7141E+00 1.5770E+00 1.1371E+00  6.3709E-01 5.9083E-01 2.3817E-02   657
 8.0000E-02 3.2274E-01 2.7082E+00 1.5778E+00 1.1304E+00  6.3666E-01 5.8948E-01 2.3387E-02   657
 8.0000E-02 3.2391E-01 2.7021E+00 1.5786E+00 1.1235E+00  6.3631E-01 5.8823E-01 2.2943E-02   602
 8.0000E-02 3.2509E-01 2.6957E+00 1.5792E+00 1.1165E+00  6.3587E-01 5.8685E-01 2.2487E-02   602
 8.0000E-02 3.2628E-01 2.6891E+00 1.5798E+00 1.1093E+00  6.3542E-01 5.8546E-01 2.2019E-02   602
 8.0000E-02 3.2747E-01 2.6816E+00 1.5801E+00 1.1015E+00  6.3501E-01 5.8408E-01 2.1518E-02   602
 8.0000E-02 3.2868E-01 2.6740E+00 1.5803E+00 1.0937E+00  6.3458E-01 5.8268E-01 2.1016E-02   602
 8.0000E-02 3.2989E-01 2.6663E+00 1.5803E+00 1.0860E+00  6.3410E-01 5.8126E-01 2.0514E-02   602
 8.0000E-02 3.3111E-01 2.6586E+00 1.5802E+00 1.0783E+00  6.3358E-01 5.7981E-01 2.0015E-02   602
 8.0000E-02 3.3234E-01 2.6508E+00 1.5800E+00 1.0708E+00  6.3301E-01 5.7835E-01 1.9519E-02   603
 8.0000E-02 3.3358E-01 2.6429E+00 1.5795E+00 1.0634E+00  6.3238E-01 5.7686E-01 1.9028E-02   603
 8.0000E-02 3.3483E-01 2.6351E+00 1.5789E+00 1.0562E+00  6.3170E-01 5.7535E-01 1.8544E-02   603
 8.0000E-02 3.3609E-01 2.6275E+00 1.5781E+00 1.0494E+00  6.3091E-01 5.7379E-01 1.8077E-02   603
 8.0000E-02 3.3736E-01 2.6205E+00 1.5772E+00 1.0433E+00  6.2999E-01 5.7219E-01 1.7639E-02   604
 8.0000E-02 3.3864E-01 2.6139E+00 1.5761E+00 1.0378E+00  6.2896E-01 5.7055E-01 1.7223E-02   604
 8.0000E-02 3.3992E-01 2.6077E+00 1.5749E+00 1.0329E+00  6.2781E-01 5.6887E-01 1.6830E-02   604
 8.0000E-02 3.4122E-01 2.6021E+00 1.5736E+00 1.0285E+00  6.2653E-01 5.6715E-01 1.6462E-02   604
 8.0000E-02 3.4253E-01 2.5970E+00 1.5721E+00 1.0249E+00  6.2513E-01 5.6539E-01 1.6119E-02   604
 8.0000E-02 3.4385E-01 2.5925E+00 1.5706E+00 1.0219E+00  6.2358E-01 5.6359E-01 1.5804E-02   604
 8.0000E-02 3.4517E-01 2.5888E+00 1.5690E+00 1.0199E+00  6.2187E-01 5.6174E-01 1.5525E-02   604
 8.0000E-02 3.4651E-01 2.5862E+00 1.5674E+00 1.0188E+00  6.1999E-01 5.5985E-01 1.5288E-02   605
 8.0000E-02 3.4786E-01 2.5843E+00 1.5658E+00 1.0186E+00  6.1797E-01 5.5794E-01 1.5078E-02   605
 8.0000E-02 3.4922E-01 2.5833E+00 1.5642E+00 1.0192E+00  6.1581E-01 5.5599E-01 1.4902E-02   605
 8.0000E-02 3.5059E-01 2.5831E+00 1.5626E+00 1.0206E+00  6.1352E-01 5.5401E-01 1.4757E-02   605
 8.0000E-02 3.5197E-01 2.5838E+00 1.5610E+00 1.0229E+00  6.1108E-01 5.5200E-01 1.4644E-02   605
 8.0000E-02 3.5336E-01 2.5855E+00 1.5594E+00 1.0261E+00  6.0851E-01 5.4997E-01 1.4566E-02   606
 8.0000E-02 3.5476E-01 2.5882E+00 1.5580E+00 1.0302E+00  6.0582E-01 5.4793E-01 1.4521E-02   606
 8.0000E-02 3.5618E-01 2.5917E+00 1.5567E+00 1.0351E+00  6.0303E-01 5.4589E-01 1.4503E-02   606
 8.0000E-02 3.5760E-01 2.5961E+00 1.5555E+00 1.0407E+00  6.0025E-01 5.4395E-01 1.4509E-02   551
 8.0000E-02 3.5904E-01 2.6014E+00 1.5544E+00 1.0470E+00  5.9728E-01 5.4188E-01 1.4545E-02   551
 8.0000E-02 3.6048E-01 2.6076E+00 1.5534E+00 1.0542E+00  5.9422E-01 5.3982E-01 1.4607E-02   551
 8.0000E-02 3.6194E-01 2.6146E+00 1.5525E+00 1.0621E+00  5.9108E-01 5.3775E-01 1.4696E-02   551
 8.0000E-02 3.6341E-01 2.6226E+00 1.5518E+00 1.0709E+00  5.8787E-01 5.3568E-01 1.4811E-02   551
 8.0000E-02 3.6490E-01 2.6313E+00 1.5513E+00 1.0801E+00  5.8462E-01 5.3362E-01 1.4940E-02   551
 8.0000E-02 3.6639E-01 2.6407E+00 1.5508E+00 1.0899E+00  5.8133E-01 5.3157E-01 1.5088E-02   551
 8.0000E-02 3.6790E-01 2.6509E+00 1.5506E+00 1.1003E+00  5.7799E-01 5.2952E-01 1.5254E-02   551
 8.0000E-02 3.6942E-01 2.6618E+00 1.5504E+00 1.1114E+00  5.7461E-01 5.2747E-01 1.5438E-02   551
 8.0000E-02 3.7095E-01 2.6735E+00 1.5505E+00 1.1230E+00  5.7119E-01 5.2544E-01 1.5639E-02   551
 8.0000E-02 3.7250E-01 2.6859E+00 1.5507E+00 1.1352E+00  5.6776E-01 5.2342E-01 1.5855E-02   551
 8.0000E-02 3.7406E-01 2.6989E+00 1.5511E+00 1.1478E+00  5.6430E-01 5.2140E-01 1.6079E-02   552
 8.0000E-02 3.7563E-01 2.7124E+00 1.5515E+00 1.1609E+00  5.6083E-01 5.1939E-01 1.6316E-02   552
 8.0000E-02 3.7722E-01 2.7265E+00 1.5521E+00 1.1744E+00  5.5734E-01 5.1740E-01 1.6562E-02   552
 8.0000E-02 3.7881E-01 2.7413E+00 1.5529E+00 1.1885E+00  5.5384E-01 5.1541E-01 1.6818E-02   552
 8.0000E-02 3.8043E-01 2.7567E+00 1.5538E+00 1.2030E+00  5.5032E-01 5.1342E-01 1.7083E-02   552
 8.0000E-02 3.8205E-01 2.7727E+00 1.5548E+00 1.2179E+00  5.4681E-01 5.1146E-01 1.7355E-02   552
 8.0000E-02 3.8369E-01 2.7891E+00 1.5559E+00 1.2332E+00  5.4329E-01 5.0949E-01 1.7631E-02   552
 8.0000E-02 3.8534E-01 2.8061E+00 1.5572E+00 1.2489E+00  5.3976E-01 5.0754E-01 1.7915E-02   552
 8.0000E-02 3.8701E-01 2.8236E+00 1.5585E+00 1.2651E+00  5.3622E-01 5.0559E-01 1.8204E-02   552
 8.0000E-02 3.8870E-01 2.8416E+00 1.5600E+00 1.2817E+00  5.3268E-01 5.0365E-01 1.8501E-02   552
 8.0000E-02 3.9039E-01 2.8603E+00 1.5615E+00 1.2988E+00  5.2913E-01 5.0171E-01 1.8802E-02   552
 8.0000E-02 3.9211E-01 2.8793E+00 1.5632E+00 1.3162E+00  5.2559E-01 4.9979E-01 1.9105E-02   552
 8.0000E-02 3.9383E-01 2.8989E+00 1.5648E+00 1.3341E+00  5.2202E-01 4.9787E-01 1.9420E-02   552
 8.0000E-02 3.9558E-01 2.9191E+00 1.5666E+00 1.3525E+00  5.1844E-01 4.9595E-01 1.9741E-02   552
 8.0000E-02 3.9733E-01 2.9398E+00 1.5684E+00 1.3715E+00  5.1485E-01 4.9403E-01 2.0072E-02   552
 8.0000E-02 3.9911E-01 2.9612E+00 1.5702E+00 1.3910E+00  5.1124E-01 4.9212E-01 2.0412E-02   552
 8.0000E-02 4.0090E-01 2.9831E+00 1.5721E+00 1.4110E+00  5.0774E-01 4.9035E-01 2.0760E-02   499
 8.0000E-02 4.0270E-01 3.0057E+00 1.5740E+00 1.4317E+00  5.0410E-01 4.8844E-01 2.1121E-02   499
 8.0000E-02 4.0452E-01 3.0291E+00 1.5760E+00 1.4531E+00  5.0045E-01 4.8655E-01 2.1495E-02   499
 8.0000E-02 4.0636E-01 3.0534E+00 1.5780E+00 1.4753E+00  4.9678E-01 4.8465E-01 2.1884E-02   499
 8.0000E-02 4.0822E-01 3.0785E+00 1.5801E+00 1.4984E+00  4.9310E-01 4.8276E-01 2.2283E-02   499
 8.0000E-02 4.1009E-01 3.1044E+00 1.5822E+00 1.5222E+00  4.8940E-01 4.8087E-01 2.2695E-02   499
 8.0000E-02 4.1198E-01 3.1315E+00 1.5844E+00 1.5471E+00  4.8571E-01 4.7898E-01 2.3120E-02   499
 8.0000E-02 4.1389E-01 3.1598E+00 1.5868E+00 1.5730E+00  4.8202E-01 4.7710E-01 2.3551E-02   499
 8.0000E-02 4.1581E-01 3.1892E+00 1.5893E+00 1.5999E+00  4.7835E-01 4.7522E-01 2.3984E-02   500
 8.0000E-02 4.1776E-01 3.2199E+00 1.5921E+00 1.6277E+00  4.7472E-01 4.7335E-01 2.4410E-02   500
 8.0000E-02 4.1972E-01 3.2518E+00 1.5951E+00 1.6568E+00  4.7112E-01 4.7149E-01 2.4839E-02   501
 8.0000E-02 4.2170E-01 3.2852E+00 1.5984E+00 1.6868E+00  4.6757E-01 4.6963E-01 2.5250E-02   501
 8.0000E-02 4.2370E-01 3.3198E+00 1.6021E+00 1.7177E+00  4.6409E-01 4.6779E-01 2.5637E-02   501
 8.0000E-02 4.2571E-01 3.3556E+00 1.6061E+00 1.7496E+00  4.6070E-01 4.6595E-01 2.5993E-02   501
 8.0000E-02 4.2775E-01 3.3928E+00 1.6104E+00 1.7824E+00  4.5739E-01 4.6413E-01 2.6317E-02   501
 8.0000E-02 4.2981E-01 3.4315E+00 1.6152E+00 1.8164E+00  4.5417E-01 4.6232E-01 2.6604E-02   501
 8.0000E-02 4.3188E-01 3.4716E+00 1.6204E+00 1.8512E+00  4.5105E-01 4.6052E-01 2.6847E-02   501
 8.0000E-02 4.3398E-01 3.5131E+00 1.6259E+00 1.8872E+00  4.4801E-01 4.5873E-01 2.7047E-02   501
 8.0000E-02 4.3610E-01 3.5560E+00 1.6318E+00 1.9242E+00  4.4506E-01 4.5694E-01 2.7208E-02   501
 8.0000E-02 4.3824E-01 3.6007E+00 1.6382E+00 1.9626E+00  4.4219E-01 4.5516E-01 2.7324E-02   501
 8.0000E-02 4.4039E-01 3.6470E+00 1.6449E+00 2.0021E+00  4.3941E-01 4.5339E-01 2.7387E-02   501
 8.0000E-02 4.4257E-01 3.6951E+00 1.6520E+00 2.0430E+00  4.3672E-01 4.5162E-01 2.7392E-02   501
 8.0000E-02 4.4478E-01 3.7451E+00 1.6596E+00 2.0855E+00  4.3412E-01 4.4985E-01 2.7335E-02   501
 8.0000E-02 4.4700E-01 3.7973E+00 1.6677E+00 2.1297E+00  4.3162E-01 4.4807E-01 2.7196E-02   501
 8.0000E-02 4.4925E-01 3.8517E+00 1.6763E+00 2.1754E+00  4.2923E-01 4.4627E-01 2.6959E-02   501
 8.0000E-02 4.5152E-01 3.9083E+00 1.6854E+00 2.2228E+00  4.2693E-01 4.4445E-01 2.6611E-02   501
 8.0000E-02 4.5381E-01 3.9672E+00 1.6951E+00 2.2721E+00  4.2472E-01 4.4260E-01 2.6137E-02   501
 8.0000E-02 4.5612E-01 4.0284E+00 1.7053E+00 2.3231E+00  4.2274E-01 4.4083E-01 2.5519E-02   452
 8.0000E-02 4.5846E-01 4.0914E+00 1.7159E+00 2.3755E+00  4.2066E-01 4.3888E-01 2.4754E-02   452
 8.0000E-02 4.6082E-01 4.1559E+00 1.7269E+00 2.4290E+00  4.1859E-01 4.3686E-01 2.3844E-02   452
 8.0000E-02 4.6321E-01 4.2215E+00 1.7379E+00 2.4836E+00  4.1648E-01 4.3477E-01 2.2805E-02   452
 8.0000E-02 4.6563E-01 4.2874E+00 1.7488E+00 2.5385E+00  4.1428E-01 4.3262E-01 2.1664E-02   452
 8.0000E-02 4.6806E-01 4.3526E+00 1.7594E+00 2.5932E+00  4.1191E-01 4.3040E-01 2.0478E-02   452
 8.0000E-02 4.7053E-01 4.4162E+00 1.7692E+00 2.6471E+00  4.0931E-01 4.2812E-01 1.9310E-02   452
 8.0000E-02 4.7302E-01 4.4774E+00 1.7778E+00 2.6996E+00  4.0640E-01 4.2579E-01 1.8246E-02   452
 8.0000E-02 4.7553E-01 4.5349E+00 1.7849E+00 2.7500E+00  4.0312E-01 4.2345E-01 1.7383E-02   452
 8.0000E-02 4.7807E-01 4.5881E+00 1.7903E+00 2.7978E+00  3.9942E-01 4.2111E-01 1.6816E-02   452
 8.0000E-02 4.8065E-01 4.6365E+00 1.7936E+00 2.8429E+00  3.9528E-01 4.1880E-01 1.6625E-02   452
 8.0000E-02 4.8324E-01 4.6798E+00 1.7948E+00 2.8851E+00  3.9071E-01 4.1654E-01 1.6871E-02   452
 8.0000E-02 4.8587E-01 4.7186E+00 1.7940E+00 2.9246E+00  3.8577E-01 4.1436E-01 1.7574E-02   452
 8.0000E-02 4.8852E-01 4.7535E+00 1.7914E+00 2.9621E+00  3.8051E-01 4.1228E-01 1.8728E-02   452
 8.0000E-02 4.9121E-01 4.7854E+00 1.7873E+00 2.9981E+00  3.7503E-01 4.1030E-01 2.0295E-02   452
 8.0000E-02 4.9392E-01 4.8155E+00 1.7820E+00 3.0335E+00  3.6941E-01 4.0842E-01 2.2225E-02   452
 8.0000E-02 4.9667E-01 4.8446E+00 1.7756E+00 3.0690E+00  3.6368E-01 4.0661E-01 2.4485E-02   452
 8.0000E-02 4.9944E-01 4.8732E+00 1.7680E+00 3.1052E+00  3.5786E-01 4.0487E-01 2.7068E-02   452
 8.0000E-02 5.0225E-01 4.9013E+00 1.7587E+00 3.1426E+00  3.5188E-01 4.0315E-01 3.0021E-02   452
 8.0000E-02 5.0508E-01 4.9281E+00 1.7470E+00 3.1811E+00  3.4561E-01 4.0145E-01 3.3452E-02   452
 8.0000E-02 5.0795E-01 4.9526E+00 1.7319E+00 3.2207E+00  3.3892E-01 3.9974E-01 3.7516E-02   452
 8.0000E-02 5.1086E-01 4.9730E+00 1.7124E+00 3.2606E+00  3.3161E-01 3.9803E-01 4.2402E-02   452
 8.0000E-02 5.1379E-01 4.9876E+00 1.6875E+00 3.3001E+00  3.2351E-01 3.9632E-01 4.8300E-02   453
 8.0000E-02 5.1676E-01 4.9947E+00 1.6566E+00 3.3380E+00  3.1453E-01 3.9464E-01 5.5346E-02   453
 8.0000E-02 5.1977E-01 4.9929E+00 1.6196E+00 3.3734E+00  3.0462E-01 3.9300E-01 6.3605E-02   453
 8.0000E-02 5.2281E-01 4.9818E+00 1.5767E+00 3.4050E+00  2.9381E-01 3.9142E-01 7.3053E-02   453
 8.0000E-02 5.2588E-01 4.9607E+00 1.5287E+00 3.4320E+00  2.8218E-01 3.8994E-01 8.3601E-02   453
 8.0000E-02 5.2899E-01 4.9298E+00 1.4763E+00 3.4535E+00  2.6994E-01 3.8869E-01 9.5139E-02   407
 8.0000E-02 5.3214E-01 4.8893E+00 1.4206E+00 3.4688E+00  2.5693E-01 3.8742E-01 1.0751E-01   407
 8.0000E-02 5.3533E-01 4.8402E+00 1.3626E+00 3.4777E+00  2.4341E-01 3.8630E-01 1.2055E-01   407
 8.0000E-02 5.3855E-01 4.7841E+00 1.3038E+00 3.4803E+00  2.2952E-01 3.8533E-01 1.3408E-01   407
 8.0000E-02 5.4182E-01 4.7231E+00 1.2456E+00 3.4775E+00  2.1544E-01 3.8455E-01 1.4790E-01   407
 8.0000E-02 5.4512E-01 4.6597E+00 1.1892E+00 3.4705E+00  2.0135E-01 3.8396E-01 1.6182E-01   407
 8.0000E-02 5.4847E-01 4.5964E+00 1.1360E+00 3.4604E+00  1.8747E-01 3.8359E-01 1.7561E-01   408
 8.0000E-02 5.5185E-01 4.5359E+00 1.0873E+00 3.4486E+00  1.7405E-01 3.8342E-01 1.8902E-01   408
 8.0000E-02 5.5528E-01 4.4798E+00 1.0442E+00 3.4356E+00  1.6131E-01 3.8344E-01 2.0178E-01   408
 8.0000E-02 5.5875E-01 4.4289E+00 1.0070E+00 3.4219E+00  1.4939E-01 3.8360E-01 2.1371E-01   408
 8.0000E-02 5.6226E-01 4.3826E+00 9.7579E-01 3.4069E+00  1.3833E-01 3.8387E-01 2.2467E-01   408
 8.0000E-02 5.6582E-01 4.3403E+00 9.5050E-01 3.3898E+00  1.2811E-01 3.8421E-01 2.3458E-01   408
 8.0000E-02 5.6943E-01 4.3009E+00 9.3110E-01 3.3698E+00  1.1868E-01 3.8459E-01 2.4337E-01   408
 8.0000E-02 5.7308E-01 4.2634E+00 9.1760E-01 3.3458E+00  1.0999E-01 3.8500E-01 2.5101E-01   408
 8.0000E-02 5.7677E-01 4.2274E+00 9.1009E-01 3.3173E+00  1.0200E-01 3.8542E-01 2.5746E-01   408
 8.0000E-02 5.8052E-01 4.1930E+00 9.0850E-01 3.2845E+00  9.4671E-02 3.8585E-01 2.6279E-01   408
 8.0000E-02 5.8431E-01 4.1606E+00 9.1248E-01 3.2481E+00  8.7984E-02 3.8628E-01 2.6707E-01   408
 8.0000E-02 5.8816E-01 4.1304E+00 9.2154E-01 3.2089E+00  8.1902E-02 3.8671E-01 2.7037E-01   408
 8.0000E-02 5.9205E-01 4.1020E+00 9.3548E-01 3.1665E+00  7.6378E-02 3.8714E-01 2.7274E-01   408
 8.0000E-02 5.9600E-01 4.0753E+00 9.5392E-01 3.1213E+00  7.1334E-02 3.8755E-01 2.7433E-01   408
 8.0000E-02 6.0000E-01 4.0520E+00 9.7586E-01 3.0761E+00  6.6684E-02 3.8796E-01 2.7555E-01   408
