 DDSCAT --- DDSCAT 7.3.3 [22.01.20]   
 TARGET --->TARGSPHER  spherical target with explicit spacing                 
 GPFAFT --- method of solution 
 FLTRCD --- prescription for polarizabilities
 FROM_FILE --- shape 
    4169 = NAT0 = number of dipoles
 ../../diel/Pena-Rioux_dielectric_26Au_74Ag                  
 ../../diel/Pena-Rioux_dielectric_34Au_66Ag                  
 ../../diel/Pena-Rioux_dielectric_85Au_15Ag                  
 ../../diel/Pena-Rioux_dielectric_92Au_8Ag                   
   0.000   0.000 = beta_min, beta_max ;  NBETA = 1
   0.000   0.000 = theta_min, theta_max; NTHETA= 1
   0.000   0.000 = phi_min, phi_max   ;   NPHI = 1
 0.5000 = ETASCA (param. controlling # of scatt. dirs used to calculate <cos> etc.
 Results averaged over    1 target orientations
                   and  2 incident polarizations
   aeff       wave       Q_ext     Q_abs      Q_sca     g(1)=<cos>  <cos^2>    Q_bk       Nsca
 1.0000E-03 3.0000E-01 8.3318E-02 8.3317E-02 1.0798E-06  2.5984E-04 4.0217E-01 1.2870E-07   214
 1.0000E-03 3.0101E-01 8.2821E-02 8.2820E-02 1.0575E-06  2.5970E-04 4.0217E-01 1.2605E-07   214
 1.0000E-03 3.0203E-01 8.2338E-02 8.2337E-02 1.0358E-06  2.5898E-04 4.0217E-01 1.2346E-07   214
 1.0000E-03 3.0305E-01 8.1870E-02 8.1869E-02 1.0146E-06  2.5869E-04 4.0217E-01 1.2093E-07   214
 1.0000E-03 3.0408E-01 8.1418E-02 8.1416E-02 9.9387E-07  2.5840E-04 4.0217E-01 1.1846E-07   214
 1.0000E-03 3.0512E-01 8.0979E-02 8.0978E-02 9.7366E-07  2.5768E-04 4.0217E-01 1.1605E-07   214
 1.0000E-03 3.0616E-01 8.0555E-02 8.0554E-02 9.5393E-07  2.5727E-04 4.0217E-01 1.1370E-07   214
 1.0000E-03 3.0722E-01 8.0146E-02 8.0145E-02 9.3468E-07  2.5663E-04 4.0217E-01 1.1141E-07   214
 1.0000E-03 3.0828E-01 7.9754E-02 7.9753E-02 9.1602E-07  2.5604E-04 4.0217E-01 1.0918E-07   214
 1.0000E-03 3.0934E-01 7.9384E-02 7.9384E-02 8.9821E-07  2.5567E-04 4.0217E-01 1.0706E-07   214
 1.0000E-03 3.1042E-01 7.9027E-02 7.9026E-02 8.8082E-07  2.5508E-04 4.0217E-01 1.0499E-07   214
 1.0000E-03 3.1150E-01 7.8681E-02 7.8680E-02 8.6383E-07  2.5450E-04 4.0217E-01 1.0296E-07   214
 1.0000E-03 3.1259E-01 7.8347E-02 7.8346E-02 8.4724E-07  2.5403E-04 4.0217E-01 1.0098E-07   214
 1.0000E-03 3.1368E-01 7.8025E-02 7.8024E-02 8.3104E-07  2.5331E-04 4.0217E-01 9.9052E-08   214
 1.0000E-03 3.1479E-01 7.7714E-02 7.7713E-02 8.1522E-07  2.5270E-04 4.0217E-01 9.7167E-08   214
 1.0000E-03 3.1590E-01 7.7415E-02 7.7414E-02 7.9979E-07  2.5225E-04 4.0217E-01 9.5328E-08   214
 1.0000E-03 3.1702E-01 7.7128E-02 7.7127E-02 7.8472E-07  2.5147E-04 4.0217E-01 9.3532E-08   214
 1.0000E-03 3.1815E-01 7.6810E-02 7.6809E-02 7.6930E-07  2.5094E-04 4.0217E-01 9.1694E-08   214
 1.0000E-03 3.1929E-01 7.6501E-02 7.6500E-02 7.5419E-07  2.5015E-04 4.0217E-01 8.9893E-08   214
 1.0000E-03 3.2043E-01 7.6209E-02 7.6209E-02 7.3952E-07  2.4940E-04 4.0217E-01 8.8145E-08   214
 1.0000E-03 3.2158E-01 7.5935E-02 7.5934E-02 7.2529E-07  2.4857E-04 4.0217E-01 8.6449E-08   214
 1.0000E-03 3.2274E-01 7.5678E-02 7.5677E-02 7.1149E-07  2.4807E-04 4.0217E-01 8.4805E-08   214
 1.0000E-03 3.2391E-01 7.5438E-02 7.5437E-02 6.9813E-07  2.4728E-04 4.0217E-01 8.3212E-08   214
 1.0000E-03 3.2509E-01 7.5214E-02 7.5214E-02 6.8518E-07  2.4681E-04 4.0217E-01 8.1669E-08   214
 1.0000E-03 3.2628E-01 7.5008E-02 7.5007E-02 6.7266E-07  2.4606E-04 4.0217E-01 8.0177E-08   214
 1.0000E-03 3.2747E-01 7.4834E-02 7.4833E-02 6.6052E-07  2.4522E-04 4.0217E-01 7.8730E-08   214
 1.0000E-03 3.2868E-01 7.4695E-02 7.4695E-02 6.4914E-07  2.4466E-04 4.0217E-01 7.7373E-08   214
 1.0000E-03 3.2989E-01 7.4592E-02 7.4591E-02 6.3854E-07  2.4372E-04 4.0217E-01 7.6110E-08   214
 1.0000E-03 3.3111E-01 7.4525E-02 7.4524E-02 6.2873E-07  2.4296E-04 4.0217E-01 7.4941E-08   214
 1.0000E-03 3.3234E-01 7.4495E-02 7.4494E-02 6.1970E-07  2.4202E-04 4.0217E-01 7.3865E-08   214
 1.0000E-03 3.3358E-01 7.4503E-02 7.4502E-02 6.1147E-07  2.4127E-04 4.0217E-01 7.2884E-08   214
 1.0000E-03 3.3483E-01 7.4550E-02 7.4549E-02 6.0405E-07  2.4059E-04 4.0217E-01 7.1999E-08   214
 1.0000E-03 3.3609E-01 7.4671E-02 7.4670E-02 5.9801E-07  2.3936E-04 4.0217E-01 7.1280E-08   214
 1.0000E-03 3.3736E-01 7.4873E-02 7.4873E-02 5.9351E-07  2.3858E-04 4.0217E-01 7.0744E-08   214
 1.0000E-03 3.3864E-01 7.5123E-02 7.5123E-02 5.9000E-07  2.3780E-04 4.0217E-01 7.0325E-08   214
 1.0000E-03 3.3992E-01 7.5423E-02 7.5423E-02 5.8750E-07  2.3671E-04 4.0217E-01 7.0028E-08   214
 1.0000E-03 3.4122E-01 7.5776E-02 7.5775E-02 5.8606E-07  2.3538E-04 4.0217E-01 6.9856E-08   214
 1.0000E-03 3.4253E-01 7.6184E-02 7.6184E-02 5.8569E-07  2.3459E-04 4.0217E-01 6.9812E-08   214
 1.0000E-03 3.4385E-01 7.6651E-02 7.6651E-02 5.8645E-07  2.3349E-04 4.0217E-01 6.9903E-08   214
 1.0000E-03 3.4517E-01 7.7178E-02 7.7178E-02 5.8840E-07  2.3268E-04 4.0217E-01 7.0135E-08   214
 1.0000E-03 3.4651E-01 7.7755E-02 7.7755E-02 5.9137E-07  2.3117E-04 4.0217E-01 7.0489E-08   214
 1.0000E-03 3.4786E-01 7.8383E-02 7.8382E-02 5.9534E-07  2.3028E-04 4.0217E-01 7.0963E-08   214
 1.0000E-03 3.4922E-01 7.9064E-02 7.9063E-02 6.0036E-07  2.2903E-04 4.0217E-01 7.1562E-08   214
 1.0000E-03 3.5059E-01 7.9802E-02 7.9801E-02 6.0648E-07  2.2782E-04 4.0217E-01 7.2292E-08   214
 1.0000E-03 3.5197E-01 8.0602E-02 8.0601E-02 6.1377E-07  2.2672E-04 4.0217E-01 7.3161E-08   214
 1.0000E-03 3.5336E-01 8.1468E-02 8.1467E-02 6.2231E-07  2.2574E-04 4.0217E-01 7.4178E-08   214
 1.0000E-03 3.5476E-01 8.2385E-02 8.2385E-02 6.3186E-07  2.2448E-04 4.0217E-01 7.5317E-08   214
 1.0000E-03 3.5618E-01 8.3356E-02 8.3355E-02 6.4245E-07  2.2324E-04 4.0217E-01 7.6580E-08   214
 1.0000E-03 3.5760E-01 8.4389E-02 8.4388E-02 6.5425E-07  2.2196E-04 4.0217E-01 7.7987E-08   214
 1.0000E-03 3.5904E-01 8.5489E-02 8.5489E-02 6.6735E-07  2.2098E-04 4.0217E-01 7.9548E-08   214
 1.0000E-03 3.6048E-01 8.6663E-02 8.6663E-02 6.8184E-07  2.1971E-04 4.0217E-01 8.1276E-08   214
 1.0000E-03 3.6194E-01 8.7917E-02 8.7916E-02 6.9784E-07  2.1854E-04 4.0217E-01 8.3183E-08   214
 1.0000E-03 3.6341E-01 8.9253E-02 8.9252E-02 7.1542E-07  2.1700E-04 4.0217E-01 8.5279E-08   214
 1.0000E-03 3.6490E-01 9.0668E-02 9.0667E-02 7.3457E-07  2.1603E-04 4.0217E-01 8.7561E-08   214
 1.0000E-03 3.6639E-01 9.2173E-02 9.2173E-02 7.5547E-07  2.1472E-04 4.0217E-01 9.0054E-08   214
 1.0000E-03 3.6790E-01 9.3779E-02 9.3778E-02 7.7834E-07  2.1362E-04 4.0217E-01 9.2780E-08   214
 1.0000E-03 3.6942E-01 9.5495E-02 9.5494E-02 8.0334E-07  2.1234E-04 4.0217E-01 9.5760E-08   214
 1.0000E-03 3.7095E-01 9.7330E-02 9.7329E-02 8.3070E-07  2.1123E-04 4.0217E-01 9.9022E-08   214
 1.0000E-03 3.7250E-01 9.9300E-02 9.9299E-02 8.6072E-07  2.1003E-04 4.0217E-01 1.0260E-07   214
 1.0000E-03 3.7406E-01 1.0142E-01 1.0142E-01 8.9365E-07  2.0871E-04 4.0217E-01 1.0653E-07   214
 1.0000E-03 3.7563E-01 1.0368E-01 1.0368E-01 9.2956E-07  2.0732E-04 4.0217E-01 1.1081E-07   214
 1.0000E-03 3.7722E-01 1.0611E-01 1.0610E-01 9.6899E-07  2.3460E-04 4.0254E-01 1.1548E-07   184
 1.0000E-03 3.7881E-01 1.0871E-01 1.0871E-01 1.0119E-06  2.3322E-04 4.0254E-01 1.2060E-07   184
 1.0000E-03 3.8043E-01 1.1151E-01 1.1151E-01 1.0590E-06  2.3200E-04 4.0254E-01 1.2621E-07   184
 1.0000E-03 3.8205E-01 1.1454E-01 1.1454E-01 1.1106E-06  2.3080E-04 4.0254E-01 1.3237E-07   184
 1.0000E-03 3.8369E-01 1.1778E-01 1.1778E-01 1.1670E-06  2.2948E-04 4.0254E-01 1.3909E-07   184
 1.0000E-03 3.8534E-01 1.2127E-01 1.2127E-01 1.2287E-06  2.2831E-04 4.0254E-01 1.4644E-07   184
 1.0000E-03 3.8701E-01 1.2503E-01 1.2503E-01 1.2963E-06  2.2702E-04 4.0254E-01 1.5449E-07   184
 1.0000E-03 3.8870E-01 1.2908E-01 1.2908E-01 1.3704E-06  2.2565E-04 4.0254E-01 1.6333E-07   184
 1.0000E-03 3.9039E-01 1.3345E-01 1.3345E-01 1.4519E-06  2.2425E-04 4.0254E-01 1.7305E-07   184
 1.0000E-03 3.9211E-01 1.3815E-01 1.3815E-01 1.5411E-06  2.2284E-04 4.0254E-01 1.8367E-07   184
 1.0000E-03 3.9383E-01 1.4321E-01 1.4321E-01 1.6387E-06  2.2171E-04 4.0254E-01 1.9531E-07   184
 1.0000E-03 3.9558E-01 1.4865E-01 1.4865E-01 1.7459E-06  2.2037E-04 4.0254E-01 2.0808E-07   184
 1.0000E-03 3.9733E-01 1.5451E-01 1.5451E-01 1.8635E-06  2.1921E-04 4.0254E-01 2.2210E-07   184
 1.0000E-03 3.9911E-01 1.6082E-01 1.6082E-01 1.9928E-06  2.1798E-04 4.0254E-01 2.3751E-07   184
 1.0000E-03 4.0090E-01 1.6759E-01 1.6758E-01 2.1343E-06  2.1663E-04 4.0254E-01 2.5438E-07   184
 1.0000E-03 4.0270E-01 1.7481E-01 1.7481E-01 2.2890E-06  2.1494E-04 4.0254E-01 2.7281E-07   184
 1.0000E-03 4.0452E-01 1.8251E-01 1.8251E-01 2.4579E-06  2.1364E-04 4.0254E-01 2.9294E-07   184
 1.0000E-03 4.0636E-01 1.9068E-01 1.9068E-01 2.6418E-06  2.1247E-04 4.0254E-01 3.1487E-07   184
 1.0000E-03 4.0822E-01 1.9930E-01 1.9929E-01 2.8413E-06  2.1127E-04 4.0254E-01 3.3865E-07   184
 1.0000E-03 4.1009E-01 2.0829E-01 2.0828E-01 3.0562E-06  2.0962E-04 4.0254E-01 3.6425E-07   184
 1.0000E-03 4.1198E-01 2.1756E-01 2.1755E-01 3.2858E-06  2.0851E-04 4.0254E-01 3.9162E-07   184
 1.0000E-03 4.1389E-01 2.2697E-01 2.2697E-01 3.5289E-06  2.0718E-04 4.0254E-01 4.2060E-07   184
 1.0000E-03 4.1581E-01 2.3635E-01 2.3635E-01 3.7831E-06  2.0589E-04 4.0254E-01 4.5090E-07   184
 1.0000E-03 4.1776E-01 2.4544E-01 2.4544E-01 4.0444E-06  2.0468E-04 4.0254E-01 4.8204E-07   184
 1.0000E-03 4.1972E-01 2.5392E-01 2.5392E-01 4.3075E-06  2.0328E-04 4.0253E-01 5.1341E-07   184
 1.0000E-03 4.2170E-01 2.6142E-01 2.6142E-01 4.5654E-06  2.0190E-04 4.0254E-01 5.4414E-07   184
 1.0000E-03 4.2370E-01 2.6750E-01 2.6750E-01 4.8088E-06  2.0089E-04 4.0254E-01 5.7316E-07   184
 1.0000E-03 4.2571E-01 2.7170E-01 2.7169E-01 5.0269E-06  1.9978E-04 4.0253E-01 5.9915E-07   184
 1.0000E-03 4.2775E-01 2.7353E-01 2.7352E-01 5.2074E-06  1.9843E-04 4.0254E-01 6.2067E-07   184
 1.0000E-03 4.2981E-01 2.7262E-01 2.7262E-01 5.3387E-06  1.9771E-04 4.0253E-01 6.3632E-07   184
 1.0000E-03 4.3188E-01 2.6873E-01 2.6873E-01 5.4103E-06  1.9657E-04 4.0253E-01 6.4486E-07   184
 1.0000E-03 4.3398E-01 2.6179E-01 2.6179E-01 5.4147E-06  1.9582E-04 4.0254E-01 6.4538E-07   184
 1.0000E-03 4.3610E-01 2.5198E-01 2.5198E-01 5.3488E-06  1.9477E-04 4.0254E-01 6.3753E-07   184
 1.0000E-03 4.3824E-01 2.3975E-01 2.3974E-01 5.2157E-06  1.9387E-04 4.0254E-01 6.2166E-07   184
 1.0000E-03 4.4039E-01 2.2575E-01 2.2574E-01 5.0254E-06  1.9286E-04 4.0253E-01 5.9899E-07   184
 1.0000E-03 4.4257E-01 2.1066E-01 2.1066E-01 4.7899E-06  1.9228E-04 4.0254E-01 5.7091E-07   184
 1.0000E-03 4.4478E-01 1.9517E-01 1.9517E-01 4.5227E-06  1.9155E-04 4.0254E-01 5.3907E-07   184
 1.0000E-03 4.4700E-01 1.7993E-01 1.7992E-01 4.2389E-06  1.9098E-04 4.0253E-01 5.0525E-07   184
 1.0000E-03 4.4925E-01 1.6538E-01 1.6537E-01 3.9516E-06  1.9009E-04 4.0254E-01 4.7100E-07   184
 1.0000E-03 4.5152E-01 1.5181E-01 1.5181E-01 3.6698E-06  1.8966E-04 4.0254E-01 4.3741E-07   184
 1.0000E-03 4.5381E-01 1.3939E-01 1.3939E-01 3.4000E-06  1.8912E-04 4.0253E-01 4.0525E-07   184
 1.0000E-03 4.5612E-01 1.2819E-01 1.2819E-01 3.1470E-06  1.8844E-04 4.0254E-01 3.7510E-07   184
 1.0000E-03 4.5846E-01 1.1817E-01 1.1817E-01 2.9132E-06  1.8767E-04 4.0253E-01 3.4723E-07   184
 1.0000E-03 4.6082E-01 1.0925E-01 1.0925E-01 2.6987E-06  1.8696E-04 4.0253E-01 3.2167E-07   184
 1.0000E-03 4.6321E-01 1.0135E-01 1.0135E-01 2.5032E-06  1.8635E-04 4.0253E-01 2.9836E-07   184
 1.0000E-03 4.6563E-01 9.4363E-02 9.4361E-02 2.3260E-06  1.8570E-04 4.0254E-01 2.7725E-07   184
 1.0000E-03 4.6806E-01 8.8167E-02 8.8165E-02 2.1657E-06  1.8508E-04 4.0254E-01 2.5814E-07   184
 1.0000E-03 4.7053E-01 8.2675E-02 8.2673E-02 2.0208E-06  1.8439E-04 4.0253E-01 2.4086E-07   184
 1.0000E-03 4.7302E-01 7.7803E-02 7.7801E-02 1.8898E-06  1.8384E-04 4.0253E-01 2.2525E-07   184
 1.0000E-03 4.7553E-01 7.3460E-02 7.3458E-02 1.7715E-06  1.8312E-04 4.0253E-01 2.1115E-07   184
 1.0000E-03 4.7807E-01 6.9576E-02 6.9574E-02 1.6644E-06  1.8271E-04 4.0254E-01 1.9839E-07   184
 1.0000E-03 4.8065E-01 6.6096E-02 6.6094E-02 1.5676E-06  1.8208E-04 4.0253E-01 1.8685E-07   184
 1.0000E-03 4.8324E-01 6.2963E-02 6.2961E-02 1.4800E-06  1.8157E-04 4.0253E-01 1.7641E-07   184
 1.0000E-03 4.8587E-01 6.0116E-02 6.0114E-02 1.4007E-06  1.8108E-04 4.0254E-01 1.6696E-07   184
 1.0000E-03 4.8852E-01 5.7509E-02 5.7508E-02 1.3289E-06  1.8034E-04 4.0253E-01 1.5840E-07   184
 1.0000E-03 4.9121E-01 5.5094E-02 5.5093E-02 1.2639E-06  1.7992E-04 4.0253E-01 1.5064E-07   184
 1.0000E-03 4.9392E-01 5.2812E-02 5.2811E-02 1.2046E-06  1.7948E-04 4.0254E-01 1.4359E-07   184
 1.0000E-03 4.9667E-01 5.0619E-02 5.0618E-02 1.1505E-06  1.7909E-04 4.0254E-01 1.3713E-07   184
 1.0000E-03 4.9944E-01 4.8469E-02 4.8468E-02 1.1007E-06  1.7826E-04 4.0253E-01 1.3120E-07   184
 1.0000E-03 5.0225E-01 4.6316E-02 4.6315E-02 1.0543E-06  1.7807E-04 4.0253E-01 1.2567E-07   184
 1.0000E-03 5.0508E-01 4.4133E-02 4.4132E-02 1.0106E-06  1.7750E-04 4.0254E-01 1.2045E-07   184
 1.0000E-03 5.0795E-01 4.1897E-02 4.1896E-02 9.6870E-07  1.7713E-04 4.0253E-01 1.1546E-07   184
 1.0000E-03 5.1086E-01 3.9600E-02 3.9599E-02 9.2795E-07  1.7677E-04 4.0253E-01 1.1061E-07   184
 1.0000E-03 5.1379E-01 3.7261E-02 3.7261E-02 8.8776E-07  1.7616E-04 4.0253E-01 1.0582E-07   184
 1.0000E-03 5.1676E-01 3.4910E-02 3.4910E-02 8.4776E-07  1.7554E-04 4.0253E-01 1.0105E-07   184
 1.0000E-03 5.1977E-01 3.2593E-02 3.2592E-02 8.0781E-07  1.7483E-04 4.0253E-01 9.6288E-08   184
 1.0000E-03 5.2281E-01 3.0371E-02 3.0370E-02 7.6808E-07  1.7454E-04 4.0253E-01 9.1553E-08   184
 1.0000E-03 5.2588E-01 2.8292E-02 2.8291E-02 7.2892E-07  1.7373E-04 4.0253E-01 8.6884E-08   184
 1.0000E-03 5.2899E-01 2.6395E-02 2.6395E-02 6.9077E-07  1.7307E-04 4.0253E-01 8.2337E-08   184
 1.0000E-03 5.3214E-01 2.4703E-02 2.4702E-02 6.5414E-07  1.7251E-04 4.0253E-01 7.7971E-08   184
 1.0000E-03 5.3533E-01 2.3213E-02 2.3213E-02 6.1938E-07  1.7181E-04 4.0253E-01 7.3828E-08   184
 1.0000E-03 5.3855E-01 2.1905E-02 2.1905E-02 5.8675E-07  1.7117E-04 4.0253E-01 6.9938E-08   184
 1.0000E-03 5.4182E-01 2.0747E-02 2.0747E-02 5.5627E-07  1.7064E-04 4.0253E-01 6.6306E-08   184
 1.0000E-03 5.4512E-01 1.9707E-02 1.9707E-02 5.2781E-07  1.6967E-04 4.0253E-01 6.2913E-08   184
 1.0000E-03 5.4847E-01 1.8763E-02 1.8762E-02 5.0116E-07  1.6919E-04 4.0253E-01 5.9737E-08   184
 1.0000E-03 5.5185E-01 1.7897E-02 1.7897E-02 4.7613E-07  1.6832E-04 4.0253E-01 5.6753E-08   184
 1.0000E-03 5.5528E-01 1.7105E-02 1.7105E-02 4.5253E-07  1.6767E-04 4.0253E-01 5.3941E-08   184
 1.0000E-03 5.5875E-01 1.6381E-02 1.6380E-02 4.3026E-07  1.6677E-04 4.0253E-01 5.1286E-08   184
 1.0000E-03 5.6226E-01 1.5722E-02 1.5721E-02 4.0917E-07  1.6612E-04 4.0253E-01 4.8773E-08   184
 1.0000E-03 5.6582E-01 1.5134E-02 1.5134E-02 3.8917E-07  1.6560E-04 4.0253E-01 4.6389E-08   184
 1.0000E-03 5.6943E-01 1.4625E-02 1.4624E-02 3.7023E-07  1.6472E-04 4.0253E-01 4.4131E-08   184
 1.0000E-03 5.7308E-01 1.4202E-02 1.4201E-02 3.5236E-07  1.6415E-04 4.0253E-01 4.2001E-08   184
 1.0000E-03 5.7677E-01 1.3864E-02 1.3863E-02 3.3561E-07  1.6329E-04 4.0253E-01 4.0004E-08   184
 1.0000E-03 5.8052E-01 1.3604E-02 1.3604E-02 3.1998E-07  1.6263E-04 4.0253E-01 3.8141E-08   184
 1.0000E-03 5.8431E-01 1.3413E-02 1.3412E-02 3.0543E-07  1.6209E-04 4.0253E-01 3.6407E-08   184
 1.0000E-03 5.8816E-01 1.3286E-02 1.3286E-02 2.9192E-07  1.6147E-04 4.0253E-01 3.4796E-08   184
 1.0000E-03 5.9205E-01 1.3228E-02 1.3228E-02 2.7942E-07  1.6085E-04 4.0253E-01 3.3307E-08   184
 1.0000E-03 5.9600E-01 1.3243E-02 1.3242E-02 2.6803E-07  1.5995E-04 4.0253E-01 3.1949E-08   184
 1.0000E-03 6.0000E-01 1.3317E-02 1.3316E-02 2.5785E-07  1.5921E-04 4.0253E-01 3.0736E-08   184
