 DDSCAT --- DDSCAT 7.3.3 [22.01.20]   
 TARGET --->TARGSPHER  spherical target with explicit spacing                 
 GPFAFT --- method of solution 
 FLTRCD --- prescription for polarizabilities
 FROM_FILE --- shape 
    4169 = NAT0 = number of dipoles
 ../../diel/Pena-Rioux_dielectric_26Au_74Ag                  
 ../../diel/Pena-Rioux_dielectric_34Au_66Ag                  
 ../../diel/Pena-Rioux_dielectric_65Au_35Ag                  
 ../../diel/Pena-Rioux_dielectric_76Au_24Ag                  
   0.000   0.000 = beta_min, beta_max ;  NBETA = 1
   0.000   0.000 = theta_min, theta_max; NTHETA= 1
   0.000   0.000 = phi_min, phi_max   ;   NPHI = 1
 Results averaged over    1 target orientations
                   and  2 incident polarizations
   aeff       wave       Q_pha       Q_pol       Q_cpol
 1.0000E-03 3.0000E-01  1.7947E-02  1.4156E-07 -1.4901E-08
 1.0000E-03 3.0101E-01  1.7715E-02  5.9605E-08 -2.7940E-08
 1.0000E-03 3.0203E-01  1.7476E-02 -7.4506E-08 -2.7940E-08
 1.0000E-03 3.0305E-01  1.7230E-02  5.9605E-08 -1.4901E-08
 1.0000E-03 3.0408E-01  1.6977E-02  2.0117E-07  2.6077E-08
 1.0000E-03 3.0512E-01  1.6717E-02  2.4587E-07 -5.5879E-09
 1.0000E-03 3.0616E-01  1.6449E-02  8.1956E-08  2.6077E-08
 1.0000E-03 3.0722E-01  1.6173E-02 -5.2154E-08  2.6077E-08
 1.0000E-03 3.0828E-01  1.5892E-02  5.2154E-08 -2.4214E-08
 1.0000E-03 3.0934E-01  1.5619E-02  1.1176E-07 -2.6077E-08
 1.0000E-03 3.1042E-01  1.5339E-02 -1.7881E-07  2.5146E-08
 1.0000E-03 3.1150E-01  1.5052E-02 -4.4703E-08  3.5390E-08
 1.0000E-03 3.1259E-01  1.4759E-02 -3.5018E-07 -1.6764E-08
 1.0000E-03 3.1368E-01  1.4458E-02 -1.0431E-07  1.2107E-08
 1.0000E-03 3.1479E-01  1.4149E-02  1.8626E-07 -1.9558E-08
 1.0000E-03 3.1590E-01  1.3833E-02  1.6391E-07  1.3039E-08
 1.0000E-03 3.1702E-01  1.3508E-02  1.4901E-08 -8.3819E-09
 1.0000E-03 3.1815E-01  1.3177E-02 -9.6858E-08 -9.3132E-10
 1.0000E-03 3.1929E-01  1.2835E-02 -1.6391E-07 -6.5193E-09
 1.0000E-03 3.2043E-01  1.2481E-02 -1.4901E-08  2.7940E-09
 1.0000E-03 3.2158E-01  1.2114E-02  5.9605E-08  0.0000E+00
 1.0000E-03 3.2274E-01  1.1735E-02 -2.2352E-08 -9.3132E-10
 1.0000E-03 3.2391E-01  1.1343E-02 -1.6391E-07 -6.5193E-09
 1.0000E-03 3.2509E-01  1.0936E-02 -5.9605E-08  4.6566E-09
 1.0000E-03 3.2628E-01  1.0515E-02 -2.9802E-08  2.4214E-08
 1.0000E-03 3.2747E-01  1.0045E-02  3.7253E-08  1.8626E-09
 1.0000E-03 3.2868E-01  9.5620E-03  1.1921E-07 -7.4506E-09
 1.0000E-03 3.2989E-01  9.0661E-03  1.1176E-07  1.0245E-08
 1.0000E-03 3.3111E-01  8.5566E-03 -1.5646E-07 -4.6566E-09
 1.0000E-03 3.3234E-01  8.0326E-03  5.9605E-08 -1.7695E-08
 1.0000E-03 3.3358E-01  7.4927E-03  1.7136E-07 -1.1642E-08
 1.0000E-03 3.3483E-01  6.9360E-03  1.4901E-08 -1.3970E-08
 1.0000E-03 3.3609E-01  6.3663E-03 -7.4506E-09  4.1910E-09
 1.0000E-03 3.3736E-01  5.7931E-03  5.2154E-08  9.3132E-10
 1.0000E-03 3.3864E-01  5.2137E-03 -2.3097E-07  3.7253E-09
 1.0000E-03 3.3992E-01  4.6271E-03 -2.0117E-07 -7.4506E-09
 1.0000E-03 3.4122E-01  4.0323E-03  1.3411E-07 -6.9849E-09
 1.0000E-03 3.4253E-01  3.4284E-03  8.9407E-08  1.1642E-09
 1.0000E-03 3.4385E-01  2.8142E-03  2.9802E-08 -3.7253E-09
 1.0000E-03 3.4517E-01  2.1990E-03 -4.4703E-08 -5.1223E-09
 1.0000E-03 3.4651E-01  1.5929E-03 -8.9407E-08 -8.1491E-10
 1.0000E-03 3.4786E-01  9.8348E-04  3.7253E-08 -5.8208E-10
 1.0000E-03 3.4922E-01  3.7030E-04 -3.7253E-08 -1.7171E-09
 1.0000E-03 3.5059E-01 -2.4727E-04 -8.9407E-08 -2.8522E-09
 1.0000E-03 3.5197E-01 -8.6985E-04 -8.1956E-08  2.7940E-09
 1.0000E-03 3.5336E-01 -1.4980E-03  2.9802E-08  2.3283E-09
 1.0000E-03 3.5476E-01 -2.1274E-03  7.4506E-09 -3.7253E-09
 1.0000E-03 3.5618E-01 -2.7600E-03  7.4506E-08 -3.2596E-09
 1.0000E-03 3.5760E-01 -3.3985E-03 -1.1176E-07  3.7253E-09
 1.0000E-03 3.5904E-01 -4.0432E-03 -2.9802E-08 -1.3970E-09
 1.0000E-03 3.6048E-01 -4.6945E-03 -6.7055E-08 -7.4506E-09
 1.0000E-03 3.6194E-01 -5.3531E-03 -4.4703E-08  6.0536E-09
 1.0000E-03 3.6341E-01 -6.0210E-03  5.9605E-08 -1.3039E-08
 1.0000E-03 3.6490E-01 -6.7001E-03 -2.2352E-08  2.1420E-08
 1.0000E-03 3.6639E-01 -7.3871E-03 -4.4703E-08 -1.9092E-08
 1.0000E-03 3.6790E-01 -8.0822E-03  0.0000E+00  1.0245E-08
 1.0000E-03 3.6942E-01 -8.7862E-03 -6.7055E-08  8.3819E-09
 1.0000E-03 3.7095E-01 -9.4978E-03  6.7055E-08 -6.5193E-09
 1.0000E-03 3.7250E-01 -1.0218E-02 -7.4506E-08  1.4901E-08
 1.0000E-03 3.7406E-01 -1.0943E-02  7.4506E-08 -9.3132E-10
 1.0000E-03 3.7563E-01 -1.1671E-02  2.3097E-07 -9.3132E-10
 1.0000E-03 3.7722E-01 -1.2400E-02  8.1956E-08  1.6764E-08
 1.0000E-03 3.7881E-01 -1.3127E-02 -1.4156E-07  2.7008E-08
 1.0000E-03 3.8043E-01 -1.3851E-02  1.5646E-07  5.5879E-09
 1.0000E-03 3.8205E-01 -1.4561E-02  1.9372E-07  2.1420E-08
 1.0000E-03 3.8369E-01 -1.5251E-02 -1.4156E-07 -7.4506E-09
 1.0000E-03 3.8534E-01 -1.5918E-02 -3.7253E-08 -2.7940E-08
 1.0000E-03 3.8701E-01 -1.6554E-02 -1.1921E-07 -1.6764E-08
 1.0000E-03 3.8870E-01 -1.7147E-02 -8.9407E-08  6.7055E-08
 1.0000E-03 3.9039E-01 -1.7686E-02 -3.1292E-07  5.9605E-08
 1.0000E-03 3.9211E-01 -1.8148E-02  5.0664E-07 -1.5832E-07
 1.0000E-03 3.9383E-01 -1.8524E-02 -2.5332E-07 -1.3039E-08
 1.0000E-03 3.9558E-01 -1.8791E-02 -2.2352E-07 -5.7742E-08
 1.0000E-03 3.9733E-01 -1.8921E-02 -2.5332E-07 -2.0489E-08
 1.0000E-03 3.9911E-01 -1.8877E-02  1.3411E-07  1.4529E-07
 1.0000E-03 4.0090E-01 -1.8625E-02  1.4901E-08  1.0058E-07
 1.0000E-03 4.0270E-01 -1.8123E-02 -3.7253E-07 -1.4901E-08
 1.0000E-03 4.0452E-01 -1.7318E-02 -2.8312E-07  1.8626E-09
 1.0000E-03 4.0636E-01 -1.6145E-02  5.0664E-07 -7.2643E-08
 1.0000E-03 4.0822E-01 -1.4532E-02 -3.7253E-07 -1.4901E-08
 1.0000E-03 4.1009E-01 -1.2410E-02 -1.1921E-07 -1.0338E-07
 1.0000E-03 4.1198E-01 -9.7050E-03  2.6822E-07  3.6322E-08
 1.0000E-03 4.1389E-01 -6.3297E-03 -2.3842E-07 -3.2596E-09
 1.0000E-03 4.1581E-01 -2.2042E-03 -1.6391E-07 -2.7474E-08
 1.0000E-03 4.1776E-01  2.7423E-03  6.4075E-07 -2.7940E-09
 1.0000E-03 4.1972E-01  8.5467E-03  6.5565E-07 -6.2399E-08
 1.0000E-03 4.2170E-01  1.5217E-02 -1.7881E-07 -4.6566E-08
 1.0000E-03 4.2370E-01  2.2724E-02  1.7881E-07 -1.7881E-07
 1.0000E-03 4.2571E-01  3.0975E-02 -4.1723E-07  1.4901E-07
 1.0000E-03 4.2775E-01  3.9805E-02  1.7881E-07  6.0722E-07
 1.0000E-03 4.2981E-01  4.8953E-02  9.8348E-07 -4.0233E-07
 1.0000E-03 4.3188E-01  5.8107E-02  4.4703E-07 -2.6077E-08
 1.0000E-03 4.3398E-01  6.6924E-02  6.5565E-07  1.4901E-07
 1.0000E-03 4.3610E-01  7.5060E-02 -3.5763E-07 -9.6858E-07
 1.0000E-03 4.3824E-01  8.2203E-02  1.1474E-06  3.7253E-08
 1.0000E-03 4.4039E-01  8.8174E-02 -4.9174E-07 -2.5332E-07
 1.0000E-03 4.4257E-01  9.2880E-02 -1.9372E-07 -2.4587E-07
 1.0000E-03 4.4478E-01  9.6333E-02  3.5763E-07  4.4703E-08
 1.0000E-03 4.4700E-01  9.8635E-02  6.4075E-07  2.2352E-07
 1.0000E-03 4.4925E-01  9.9962E-02  3.2783E-07 -1.1176E-07
 1.0000E-03 4.5152E-01  1.0049E-01 -1.0729E-06  1.7136E-07
 1.0000E-03 4.5381E-01  1.0038E-01  5.9605E-07  3.3528E-07
 1.0000E-03 4.5612E-01  9.9816E-02 -7.4506E-08  2.9057E-07
 1.0000E-03 4.5846E-01  9.8929E-02  1.1921E-07  4.5449E-07
 1.0000E-03 4.6082E-01  9.7815E-02 -2.3097E-07  1.9372E-07
 1.0000E-03 4.6321E-01  9.6550E-02 -5.1409E-07  3.7253E-07
 1.0000E-03 4.6563E-01  9.5191E-02  3.7998E-07 -1.8626E-07
 1.0000E-03 4.6806E-01  9.3773E-02 -6.4075E-07  5.2154E-08
 1.0000E-03 4.7053E-01  9.2318E-02  8.3447E-07  1.8626E-07
 1.0000E-03 4.7302E-01  9.0843E-02  6.7055E-08 -3.6508E-07
 1.0000E-03 4.7553E-01  8.9363E-02 -2.3842E-07 -2.9802E-07
 1.0000E-03 4.7807E-01  8.7885E-02 -2.9802E-07 -2.5332E-07
 1.0000E-03 4.8065E-01  8.6419E-02 -4.7684E-07 -2.5332E-07
 1.0000E-03 4.8324E-01  8.4971E-02  4.2468E-07  2.9057E-07
 1.0000E-03 4.8587E-01  8.3539E-02 -3.1292E-07  2.3842E-07
 1.0000E-03 4.8852E-01  8.2123E-02  3.9116E-07  0.0000E+00
 1.0000E-03 4.9121E-01  8.0715E-02  0.0000E+00 -7.4506E-08
 1.0000E-03 4.9392E-01  7.9304E-02 -5.6997E-07  0.0000E+00
 1.0000E-03 4.9667E-01  7.7880E-02 -5.4762E-07 -4.4703E-08
 1.0000E-03 4.9944E-01  7.6433E-02  1.1176E-07  1.1921E-07
 1.0000E-03 5.0225E-01  7.4958E-02 -2.1607E-07  7.4506E-09
 1.0000E-03 5.0508E-01  7.3457E-02  1.1921E-07  8.9407E-08
 1.0000E-03 5.0795E-01  7.1935E-02 -2.9802E-08  1.4901E-08
 1.0000E-03 5.1086E-01  7.0402E-02 -3.5390E-07 -2.4587E-07
 1.0000E-03 5.1379E-01  6.8872E-02 -4.9360E-07  2.9802E-07
 1.0000E-03 5.1676E-01  6.7358E-02 -5.4948E-07  2.0862E-07
 1.0000E-03 5.1977E-01  6.5872E-02 -1.2107E-07 -1.4901E-08
 1.0000E-03 5.2281E-01  6.4428E-02  7.6368E-07  8.9407E-08
 1.0000E-03 5.2588E-01  6.3034E-02 -5.5134E-07 -2.9802E-07
 1.0000E-03 5.2899E-01  6.1699E-02  1.4156E-07 -1.4901E-07
 1.0000E-03 5.3214E-01  6.0427E-02  6.6310E-07 -3.7625E-07
 1.0000E-03 5.3533E-01  5.9217E-02  9.1456E-07 -5.9605E-08
 1.0000E-03 5.3855E-01  5.8067E-02  3.4086E-07  1.4529E-07
 1.0000E-03 5.4182E-01  5.6966E-02 -5.1036E-07  1.8626E-07
 1.0000E-03 5.4512E-01  5.5908E-02 -4.4331E-07  2.0862E-07
 1.0000E-03 5.4847E-01  5.4888E-02  1.6876E-06  5.2154E-07
 1.0000E-03 5.5185E-01  5.3899E-02  1.8440E-07 -2.6450E-07
 1.0000E-03 5.5528E-01  5.2937E-02  1.4678E-06 -2.5705E-07
 1.0000E-03 5.5875E-01  5.2002E-02 -1.3225E-07  6.4075E-07
 1.0000E-03 5.6226E-01  5.1092E-02  3.7439E-07 -1.2666E-07
 1.0000E-03 5.6582E-01  5.0207E-02 -4.3400E-07  8.4564E-07
 1.0000E-03 5.6943E-01  4.9352E-02 -3.6135E-07 -2.1607E-07
 1.0000E-03 5.7308E-01  4.8528E-02  7.7300E-08  2.9057E-07
 1.0000E-03 5.7677E-01  4.7739E-02 -8.6613E-08 -9.3132E-08
 1.0000E-03 5.8052E-01  4.6983E-02 -6.2399E-08 -1.9744E-07
 1.0000E-03 5.8431E-01  4.6264E-02  2.1420E-08 -4.6566E-07
 1.0000E-03 5.8816E-01  4.5588E-02  1.7649E-06  4.9546E-07
 1.0000E-03 5.9205E-01  4.4969E-02  3.5763E-07  3.3528E-08
 1.0000E-03 5.9600E-01  4.4420E-02  3.2410E-07  1.4901E-07
 1.0000E-03 6.0000E-01  4.3956E-02 -9.5833E-07 -1.0431E-07
