 DDSCAT --- DDSCAT 6.1 [06.11.28] 
 TARGET ---Truncated cube                                                     
 GPFAFT --- method of solution 
 LATTDR --- prescription for polarizabilities
 FRMFIL --- shape 
 180999 = NAT0 = number of dipoles
 TABLES --- source of dielectric function
 CO2cubic.txt                                                
 CO2cubic.txt                                                
 CO2cubic.txt                                                
 wave(um)   f(cm-1)     Re(m)     Im(m)    Re(eps)   Im(eps)
4.1660E+00 2.4004E+03 8.060E-01 2.345E-02 6.491E-01 3.780E-02
4.1663E+00 2.4002E+03 8.040E-01 2.368E-02 6.458E-01 3.808E-02
4.1667E+00 2.4000E+03 8.020E-01 2.391E-02 6.426E-01 3.835E-02
4.1670E+00 2.3998E+03 7.999E-01 2.415E-02 6.393E-01 3.864E-02
4.1674E+00 2.3996E+03 7.978E-01 2.439E-02 6.359E-01 3.892E-02
4.1677E+00 2.3994E+03 7.958E-01 2.463E-02 6.326E-01 3.921E-02
4.1681E+00 2.3992E+03 7.937E-01 2.488E-02 6.293E-01 3.950E-02
4.1684E+00 2.3990E+03 7.915E-01 2.514E-02 6.259E-01 3.979E-02
4.1688E+00 2.3988E+03 7.894E-01 2.539E-02 6.225E-01 4.009E-02
4.1691E+00 2.3986E+03 7.872E-01 2.565E-02 6.191E-01 4.039E-02
4.1695E+00 2.3984E+03 7.851E-01 2.592E-02 6.156E-01 4.069E-02
4.1698E+00 2.3982E+03 7.828E-01 2.619E-02 6.121E-01 4.100E-02
4.1702E+00 2.3980E+03 7.806E-01 2.646E-02 6.086E-01 4.131E-02
4.1705E+00 2.3978E+03 7.783E-01 2.674E-02 6.051E-01 4.162E-02
4.1709E+00 2.3976E+03 7.761E-01 2.702E-02 6.015E-01 4.194E-02
4.1712E+00 2.3974E+03 7.738E-01 2.731E-02 5.980E-01 4.226E-02
4.1716E+00 2.3972E+03 7.714E-01 2.760E-02 5.943E-01 4.259E-02
4.1719E+00 2.3970E+03 7.691E-01 2.790E-02 5.907E-01 4.292E-02
4.1723E+00 2.3968E+03 7.667E-01 2.820E-02 5.870E-01 4.325E-02
4.1726E+00 2.3966E+03 7.643E-01 2.851E-02 5.833E-01 4.358E-02
4.1730E+00 2.3964E+03 7.619E-01 2.882E-02 5.797E-01 4.392E-02
4.1733E+00 2.3962E+03 7.594E-01 2.915E-02 5.758E-01 4.427E-02
4.1737E+00 2.3960E+03 7.569E-01 2.947E-02 5.721E-01 4.461E-02
4.1740E+00 2.3958E+03 7.544E-01 2.980E-02 5.683E-01 4.496E-02
4.1744E+00 2.3956E+03 7.519E-01 3.014E-02 5.644E-01 4.532E-02
4.1747E+00 2.3954E+03 7.493E-01 3.048E-02 5.606E-01 4.568E-02
4.1751E+00 2.3952E+03 7.468E-01 3.083E-02 5.567E-01 4.604E-02
4.1754E+00 2.3950E+03 7.442E-01 3.118E-02 5.528E-01 4.641E-02
4.1758E+00 2.3948E+03 7.415E-01 3.155E-02 5.488E-01 4.679E-02
4.1761E+00 2.3946E+03 7.388E-01 3.192E-02 5.448E-01 4.717E-02
4.1765E+00 2.3944E+03 7.361E-01 3.230E-02 5.408E-01 4.755E-02
4.1768E+00 2.3942E+03 7.333E-01 3.268E-02 5.367E-01 4.794E-02
4.1772E+00 2.3940E+03 7.306E-01 3.307E-02 5.326E-01 4.832E-02
4.1775E+00 2.3938E+03 7.278E-01 3.347E-02 5.285E-01 4.872E-02
4.1779E+00 2.3936E+03 7.249E-01 3.388E-02 5.244E-01 4.912E-02
4.1782E+00 2.3934E+03 7.221E-01 3.429E-02 5.202E-01 4.952E-02
4.1786E+00 2.3932E+03 7.192E-01 3.471E-02 5.160E-01 4.993E-02
4.1789E+00 2.3930E+03 7.162E-01 3.516E-02 5.117E-01 5.036E-02
4.1793E+00 2.3928E+03 7.132E-01 3.560E-02 5.074E-01 5.078E-02
4.1796E+00 2.3926E+03 7.102E-01 3.605E-02 5.031E-01 5.120E-02
4.1799E+00 2.3924E+03 7.072E-01 3.651E-02 4.988E-01 5.163E-02
4.1803E+00 2.3922E+03 7.041E-01 3.698E-02 4.944E-01 5.207E-02
4.1806E+00 2.3920E+03 7.010E-01 3.746E-02 4.899E-01 5.251E-02
4.1810E+00 2.3918E+03 6.978E-01 3.795E-02 4.855E-01 5.296E-02
4.1813E+00 2.3916E+03 6.946E-01 3.845E-02 4.810E-01 5.341E-02
4.1817E+00 2.3914E+03 6.914E-01 3.896E-02 4.765E-01 5.387E-02
4.1820E+00 2.3912E+03 6.881E-01 3.948E-02 4.719E-01 5.433E-02
4.1824E+00 2.3910E+03 6.847E-01 4.002E-02 4.673E-01 5.480E-02
4.1827E+00 2.3908E+03 6.814E-01 4.057E-02 4.626E-01 5.528E-02
4.1831E+00 2.3906E+03 6.779E-01 4.113E-02 4.579E-01 5.576E-02
4.1834E+00 2.3904E+03 6.745E-01 4.170E-02 4.532E-01 5.625E-02
4.1838E+00 2.3902E+03 6.710E-01 4.229E-02 4.484E-01 5.675E-02
4.1841E+00 2.3900E+03 6.674E-01 4.289E-02 4.436E-01 5.725E-02
4.1845E+00 2.3898E+03 6.638E-01 4.351E-02 4.387E-01 5.776E-02
4.1848E+00 2.3896E+03 6.601E-01 4.414E-02 4.338E-01 5.828E-02
4.1852E+00 2.3894E+03 6.564E-01 4.479E-02 4.289E-01 5.880E-02
4.1855E+00 2.3892E+03 6.526E-01 4.545E-02 4.239E-01 5.933E-02
4.1859E+00 2.3890E+03 6.488E-01 4.614E-02 4.188E-01 5.987E-02
4.1862E+00 2.3888E+03 6.449E-01 4.684E-02 4.138E-01 6.041E-02
4.1866E+00 2.3886E+03 6.410E-01 4.755E-02 4.086E-01 6.097E-02
4.1869E+00 2.3884E+03 6.370E-01 4.829E-02 4.035E-01 6.152E-02
4.1873E+00 2.3882E+03 6.330E-01 4.905E-02 3.982E-01 6.209E-02
4.1876E+00 2.3880E+03 6.288E-01 4.983E-02 3.930E-01 6.267E-02
4.1880E+00 2.3878E+03 6.248E-01 5.061E-02 3.878E-01 6.323E-02
4.1883E+00 2.3876E+03 6.205E-01 5.143E-02 3.824E-01 6.383E-02
4.1887E+00 2.3874E+03 6.162E-01 5.227E-02 3.770E-01 6.443E-02
4.1890E+00 2.3872E+03 6.119E-01 5.314E-02 3.715E-01 6.503E-02
4.1894E+00 2.3870E+03 6.074E-01 5.404E-02 3.660E-01 6.565E-02
4.1897E+00 2.3868E+03 6.029E-01 5.497E-02 3.605E-01 6.628E-02
4.1901E+00 2.3866E+03 5.983E-01 5.592E-02 3.548E-01 6.691E-02
4.1904E+00 2.3864E+03 5.936E-01 5.690E-02 3.492E-01 6.755E-02
4.1908E+00 2.3862E+03 5.889E-01 5.791E-02 3.434E-01 6.821E-02
4.1911E+00 2.3860E+03 5.840E-01 5.896E-02 3.376E-01 6.887E-02
4.1915E+00 2.3858E+03 5.793E-01 6.001E-02 3.320E-01 6.952E-02
4.1918E+00 2.3856E+03 5.743E-01 6.112E-02 3.261E-01 7.020E-02
4.1922E+00 2.3854E+03 5.692E-01 6.228E-02 3.201E-01 7.090E-02
4.1925E+00 2.3852E+03 5.640E-01 6.347E-02 3.141E-01 7.160E-02
4.1928E+00 2.3850E+03 5.588E-01 6.470E-02 3.080E-01 7.231E-02
4.1932E+00 2.3848E+03 5.534E-01 6.598E-02 3.019E-01 7.303E-02
4.1935E+00 2.3846E+03 5.481E-01 6.728E-02 2.959E-01 7.375E-02
4.1939E+00 2.3844E+03 5.425E-01 6.866E-02 2.896E-01 7.449E-02
4.1942E+00 2.3842E+03 5.368E-01 7.008E-02 2.833E-01 7.525E-02
4.1946E+00 2.3840E+03 5.311E-01 7.157E-02 2.769E-01 7.602E-02
4.1949E+00 2.3838E+03 5.252E-01 7.311E-02 2.705E-01 7.679E-02
4.1953E+00 2.3836E+03 5.192E-01 7.471E-02 2.640E-01 7.758E-02
4.1956E+00 2.3834E+03 5.132E-01 7.635E-02 2.576E-01 7.837E-02
4.1960E+00 2.3832E+03 5.069E-01 7.810E-02 2.509E-01 7.918E-02
4.1963E+00 2.3830E+03 5.006E-01 7.991E-02 2.442E-01 8.001E-02
4.1967E+00 2.3828E+03 4.941E-01 8.181E-02 2.375E-01 8.085E-02
4.1970E+00 2.3826E+03 4.876E-01 8.376E-02 2.308E-01 8.168E-02
4.1974E+00 2.3824E+03 4.808E-01 8.585E-02 2.238E-01 8.256E-02
4.1977E+00 2.3822E+03 4.739E-01 8.804E-02 2.168E-01 8.344E-02
4.1981E+00 2.3820E+03 4.669E-01 9.030E-02 2.098E-01 8.432E-02
4.1984E+00 2.3818E+03 4.598E-01 9.267E-02 2.028E-01 8.522E-02
4.1988E+00 2.3816E+03 4.524E-01 9.522E-02 1.956E-01 8.615E-02
4.1991E+00 2.3814E+03 4.448E-01 9.790E-02 1.883E-01 8.709E-02
4.1995E+00 2.3813E+03 4.372E-01 1.007E-01 1.810E-01 8.803E-02
4.1998E+00 2.3811E+03 4.294E-01 1.036E-01 1.737E-01 8.898E-02
4.2002E+00 2.3809E+03 4.213E-01 1.068E-01 1.661E-01 8.998E-02
4.2005E+00 2.3807E+03 4.132E-01 1.101E-01 1.586E-01 9.096E-02
4.2009E+00 2.3805E+03 4.047E-01 1.136E-01 1.509E-01 9.198E-02
4.2012E+00 2.3803E+03 3.962E-01 1.174E-01 1.432E-01 9.301E-02
4.2016E+00 2.3801E+03 3.874E-01 1.214E-01 1.353E-01 9.407E-02
4.2019E+00 2.3799E+03 3.785E-01 1.256E-01 1.275E-01 9.512E-02
4.2023E+00 2.3797E+03 3.694E-01 1.302E-01 1.195E-01 9.620E-02
4.2026E+00 2.3795E+03 3.600E-01 1.351E-01 1.113E-01 9.731E-02
4.2030E+00 2.3793E+03 3.507E-01 1.403E-01 1.033E-01 9.842E-02
4.2033E+00 2.3791E+03 3.411E-01 1.459E-01 9.503E-02 9.955E-02
4.2037E+00 2.3789E+03 3.312E-01 1.521E-01 8.659E-02 1.007E-01
4.2040E+00 2.3787E+03 3.215E-01 1.585E-01 7.826E-02 1.019E-01
4.2044E+00 2.3785E+03 3.115E-01 1.655E-01 6.969E-02 1.031E-01
4.2047E+00 2.3783E+03 3.015E-01 1.730E-01 6.095E-02 1.043E-01
4.2051E+00 2.3781E+03 2.917E-01 1.809E-01 5.234E-02 1.055E-01
4.2054E+00 2.3779E+03 2.817E-01 1.896E-01 4.343E-02 1.068E-01
4.2058E+00 2.3777E+03 2.722E-01 1.986E-01 3.465E-02 1.081E-01
4.2061E+00 2.3775E+03 2.625E-01 2.084E-01 2.551E-02 1.094E-01
4.2064E+00 2.3773E+03 2.532E-01 2.187E-01 1.624E-02 1.108E-01
4.2068E+00 2.3771E+03 2.444E-01 2.293E-01 7.139E-03 1.121E-01
4.2071E+00 2.3769E+03 2.358E-01 2.407E-01-2.348E-03 1.135E-01
4.2075E+00 2.3767E+03 2.276E-01 2.524E-01-1.192E-02 1.149E-01
4.2078E+00 2.3765E+03 2.201E-01 2.643E-01-2.140E-02 1.163E-01
4.2082E+00 2.3763E+03 2.129E-01 2.766E-01-3.119E-02 1.178E-01
4.2085E+00 2.3761E+03 2.064E-01 2.889E-01-4.090E-02 1.193E-01
4.2089E+00 2.3759E+03 2.001E-01 3.018E-01-5.102E-02 1.208E-01
4.2092E+00 2.3757E+03 1.946E-01 3.143E-01-6.091E-02 1.223E-01
4.2096E+00 2.3755E+03 1.893E-01 3.273E-01-7.128E-02 1.239E-01
4.2099E+00 2.3753E+03 1.845E-01 3.401E-01-8.164E-02 1.255E-01
4.2103E+00 2.3751E+03 1.801E-01 3.529E-01-9.205E-02 1.271E-01
4.2106E+00 2.3749E+03 1.761E-01 3.656E-01-1.027E-01 1.288E-01
4.2110E+00 2.3747E+03 1.725E-01 3.783E-01-1.134E-01 1.305E-01
4.2113E+00 2.3745E+03 1.691E-01 3.910E-01-1.242E-01 1.322E-01
4.2117E+00 2.3743E+03 1.660E-01 4.035E-01-1.353E-01 1.340E-01
4.2120E+00 2.3742E+03 1.632E-01 4.160E-01-1.464E-01 1.358E-01
4.2124E+00 2.3740E+03 1.606E-01 4.284E-01-1.577E-01 1.376E-01
4.2127E+00 2.3738E+03 1.582E-01 4.409E-01-1.694E-01 1.395E-01
4.2131E+00 2.3736E+03 1.561E-01 4.529E-01-1.808E-01 1.414E-01
4.2134E+00 2.3734E+03 1.541E-01 4.653E-01-1.928E-01 1.434E-01
4.2138E+00 2.3732E+03 1.523E-01 4.772E-01-2.045E-01 1.454E-01
4.2141E+00 2.3730E+03 1.507E-01 4.891E-01-2.165E-01 1.474E-01
4.2145E+00 2.3728E+03 1.491E-01 5.011E-01-2.289E-01 1.495E-01
4.2148E+00 2.3726E+03 1.478E-01 5.128E-01-2.412E-01 1.516E-01
4.2152E+00 2.3724E+03 1.465E-01 5.247E-01-2.539E-01 1.538E-01
4.2155E+00 2.3722E+03 1.454E-01 5.364E-01-2.665E-01 1.559E-01
4.2159E+00 2.3720E+03 1.443E-01 5.482E-01-2.797E-01 1.582E-01
4.2162E+00 2.3718E+03 1.434E-01 5.596E-01-2.926E-01 1.605E-01
4.2166E+00 2.3716E+03 1.426E-01 5.714E-01-3.062E-01 1.629E-01
4.2169E+00 2.3714E+03 1.418E-01 5.828E-01-3.195E-01 1.653E-01
4.2173E+00 2.3712E+03 1.411E-01 5.944E-01-3.334E-01 1.678E-01
4.2176E+00 2.3710E+03 1.406E-01 6.057E-01-3.472E-01 1.703E-01
4.2180E+00 2.3708E+03 1.400E-01 6.170E-01-3.611E-01 1.728E-01
4.2183E+00 2.3706E+03 1.396E-01 6.286E-01-3.757E-01 1.755E-01
4.2187E+00 2.3704E+03 1.392E-01 6.399E-01-3.900E-01 1.782E-01
4.2190E+00 2.3702E+03 1.389E-01 6.513E-01-4.049E-01 1.809E-01
4.2194E+00 2.3700E+03 1.387E-01 6.626E-01-4.198E-01 1.838E-01
4.2197E+00 2.3698E+03 1.385E-01 6.738E-01-4.348E-01 1.866E-01
4.2200E+00 2.3696E+03 1.383E-01 6.854E-01-4.506E-01 1.896E-01
4.2204E+00 2.3694E+03 1.382E-01 6.966E-01-4.661E-01 1.926E-01
4.2207E+00 2.3692E+03 1.382E-01 7.079E-01-4.820E-01 1.957E-01
4.2211E+00 2.3691E+03 1.382E-01 7.193E-01-4.983E-01 1.989E-01
4.2214E+00 2.3689E+03 1.383E-01 7.305E-01-5.145E-01 2.021E-01
4.2218E+00 2.3687E+03 1.384E-01 7.421E-01-5.315E-01 2.055E-01
4.2221E+00 2.3685E+03 1.386E-01 7.533E-01-5.483E-01 2.088E-01
4.2225E+00 2.3683E+03 1.388E-01 7.646E-01-5.653E-01 2.123E-01
4.2228E+00 2.3681E+03 1.391E-01 7.762E-01-5.832E-01 2.160E-01
4.2232E+00 2.3679E+03 1.394E-01 7.875E-01-6.008E-01 2.196E-01
4.2235E+00 2.3677E+03 1.398E-01 7.989E-01-6.187E-01 2.233E-01
4.2239E+00 2.3675E+03 1.402E-01 8.106E-01-6.374E-01 2.272E-01
4.2242E+00 2.3673E+03 1.406E-01 8.220E-01-6.560E-01 2.312E-01
4.2246E+00 2.3671E+03 1.411E-01 8.335E-01-6.748E-01 2.352E-01
4.2249E+00 2.3669E+03 1.416E-01 8.450E-01-6.939E-01 2.393E-01
4.2253E+00 2.3667E+03 1.422E-01 8.569E-01-7.140E-01 2.437E-01
4.2256E+00 2.3665E+03 1.428E-01 8.685E-01-7.338E-01 2.480E-01
4.2260E+00 2.3663E+03 1.435E-01 8.801E-01-7.540E-01 2.525E-01
4.2263E+00 2.3661E+03 1.442E-01 8.921E-01-7.750E-01 2.572E-01
4.2267E+00 2.3659E+03 1.449E-01 9.039E-01-7.961E-01 2.620E-01
4.2270E+00 2.3657E+03 1.457E-01 9.158E-01-8.174E-01 2.668E-01
4.2274E+00 2.3655E+03 1.465E-01 9.276E-01-8.390E-01 2.718E-01
4.2277E+00 2.3653E+03 1.474E-01 9.400E-01-8.618E-01 2.771E-01
4.2281E+00 2.3651E+03 1.483E-01 9.520E-01-8.843E-01 2.824E-01
4.2284E+00 2.3650E+03 1.493E-01 9.641E-01-9.072E-01 2.878E-01
4.2288E+00 2.3648E+03 1.503E-01 9.763E-01-9.305E-01 2.934E-01
4.2291E+00 2.3646E+03 1.513E-01 9.887E-01-9.546E-01 2.992E-01
4.2295E+00 2.3644E+03 1.524E-01 1.001E+00-9.793E-01 3.053E-01
4.2298E+00 2.3642E+03 1.536E-01 1.014E+00-1.004E+00 3.114E-01
4.2302E+00 2.3640E+03 1.548E-01 1.026E+00-1.029E+00 3.177E-01
4.2305E+00 2.3638E+03 1.560E-01 1.039E+00-1.055E+00 3.241E-01
4.2309E+00 2.3636E+03 1.573E-01 1.052E+00-1.082E+00 3.310E-01
4.2312E+00 2.3634E+03 1.587E-01 1.065E+00-1.109E+00 3.379E-01
4.2316E+00 2.3632E+03 1.601E-01 1.078E+00-1.136E+00 3.450E-01
4.2319E+00 2.3630E+03 1.615E-01 1.091E+00-1.164E+00 3.524E-01
4.2323E+00 2.3628E+03 1.630E-01 1.104E+00-1.192E+00 3.600E-01
4.2326E+00 2.3626E+03 1.646E-01 1.117E+00-1.221E+00 3.678E-01
4.2329E+00 2.3624E+03 1.663E-01 1.131E+00-1.252E+00 3.761E-01
4.2333E+00 2.3622E+03 1.679E-01 1.145E+00-1.282E+00 3.845E-01
4.2336E+00 2.3620E+03 1.697E-01 1.158E+00-1.313E+00 3.931E-01
4.2340E+00 2.3618E+03 1.715E-01 1.172E+00-1.345E+00 4.020E-01
4.2343E+00 2.3616E+03 1.734E-01 1.186E+00-1.377E+00 4.112E-01
4.2347E+00 2.3614E+03 1.753E-01 1.200E+00-1.410E+00 4.208E-01
4.2350E+00 2.3613E+03 1.773E-01 1.215E+00-1.444E+00 4.308E-01
4.2354E+00 2.3611E+03 1.794E-01 1.229E+00-1.479E+00 4.412E-01
4.2357E+00 2.3609E+03 1.816E-01 1.244E+00-1.514E+00 4.518E-01
4.2361E+00 2.3607E+03 1.838E-01 1.259E+00-1.551E+00 4.628E-01
4.2364E+00 2.3605E+03 1.862E-01 1.274E+00-1.588E+00 4.742E-01
4.2368E+00 2.3603E+03 1.886E-01 1.289E+00-1.625E+00 4.860E-01
4.2371E+00 2.3601E+03 1.910E-01 1.304E+00-1.664E+00 4.983E-01
4.2375E+00 2.3599E+03 1.936E-01 1.320E+00-1.704E+00 5.110E-01
4.2378E+00 2.3597E+03 1.963E-01 1.335E+00-1.745E+00 5.242E-01
4.2382E+00 2.3595E+03 1.991E-01 1.351E+00-1.786E+00 5.380E-01
4.2385E+00 2.3593E+03 2.019E-01 1.367E+00-1.829E+00 5.522E-01
4.2389E+00 2.3591E+03 2.050E-01 1.384E+00-1.874E+00 5.675E-01
4.2392E+00 2.3589E+03 2.081E-01 1.401E+00-1.919E+00 5.830E-01
4.2396E+00 2.3587E+03 2.113E-01 1.418E+00-1.965E+00 5.991E-01
4.2399E+00 2.3585E+03 2.146E-01 1.435E+00-2.012E+00 6.159E-01
4.2403E+00 2.3583E+03 2.181E-01 1.452E+00-2.061E+00 6.333E-01
4.2406E+00 2.3581E+03 2.217E-01 1.470E+00-2.111E+00 6.516E-01
4.2410E+00 2.3580E+03 2.254E-01 1.488E+00-2.162E+00 6.706E-01
4.2413E+00 2.3578E+03 2.293E-01 1.506E+00-2.214E+00 6.905E-01
4.2417E+00 2.3576E+03 2.333E-01 1.524E+00-2.268E+00 7.112E-01
4.2420E+00 2.3574E+03 2.375E-01 1.543E+00-2.324E+00 7.328E-01
4.2424E+00 2.3572E+03 2.418E-01 1.562E+00-2.381E+00 7.555E-01
4.2427E+00 2.3570E+03 2.464E-01 1.581E+00-2.440E+00 7.792E-01
4.2431E+00 2.3568E+03 2.511E-01 1.601E+00-2.500E+00 8.041E-01
4.2434E+00 2.3566E+03 2.560E-01 1.621E+00-2.563E+00 8.301E-01
4.2438E+00 2.3564E+03 2.611E-01 1.642E+00-2.627E+00 8.574E-01
4.2441E+00 2.3562E+03 2.665E-01 1.663E+00-2.693E+00 8.860E-01
4.2445E+00 2.3560E+03 2.720E-01 1.684E+00-2.761E+00 9.161E-01
4.2448E+00 2.3558E+03 2.779E-01 1.705E+00-2.831E+00 9.477E-01
4.2452E+00 2.3556E+03 2.839E-01 1.727E+00-2.904E+00 9.810E-01
4.2455E+00 2.3554E+03 2.903E-01 1.750E+00-2.978E+00 1.016E+00
4.2459E+00 2.3552E+03 2.969E-01 1.773E+00-3.055E+00 1.053E+00
4.2462E+00 2.3550E+03 3.039E-01 1.796E+00-3.135E+00 1.092E+00
4.2465E+00 2.3549E+03 3.110E-01 1.820E+00-3.216E+00 1.132E+00
4.2469E+00 2.3547E+03 3.185E-01 1.844E+00-3.300E+00 1.175E+00
4.2472E+00 2.3545E+03 3.265E-01 1.869E+00-3.387E+00 1.221E+00
4.2476E+00 2.3543E+03 3.349E-01 1.895E+00-3.478E+00 1.269E+00
4.2479E+00 2.3541E+03 3.437E-01 1.921E+00-3.572E+00 1.320E+00
4.2483E+00 2.3539E+03 3.529E-01 1.948E+00-3.669E+00 1.375E+00
4.2486E+00 2.3537E+03 3.626E-01 1.975E+00-3.769E+00 1.432E+00
4.2490E+00 2.3535E+03 3.729E-01 2.003E+00-3.874E+00 1.494E+00
4.2493E+00 2.3533E+03 3.836E-01 2.032E+00-3.981E+00 1.559E+00
4.2497E+00 2.3531E+03 3.950E-01 2.061E+00-4.093E+00 1.629E+00
4.2500E+00 2.3529E+03 4.071E-01 2.092E+00-4.209E+00 1.703E+00
4.2504E+00 2.3527E+03 4.193E-01 2.122E+00-4.325E+00 1.779E+00
4.2507E+00 2.3525E+03 4.328E-01 2.153E+00-4.450E+00 1.864E+00
4.2511E+00 2.3523E+03 4.470E-01 2.186E+00-4.579E+00 1.954E+00
4.2514E+00 2.3521E+03 4.621E-01 2.220E+00-4.713E+00 2.051E+00
4.2518E+00 2.3520E+03 4.781E-01 2.254E+00-4.853E+00 2.155E+00
4.2521E+00 2.3518E+03 4.951E-01 2.290E+00-4.997E+00 2.267E+00
4.2525E+00 2.3516E+03 5.133E-01 2.326E+00-5.147E+00 2.388E+00
4.2528E+00 2.3514E+03 5.319E-01 2.362E+00-5.298E+00 2.513E+00
4.2532E+00 2.3512E+03 5.525E-01 2.401E+00-5.459E+00 2.653E+00
4.2535E+00 2.3510E+03 5.745E-01 2.440E+00-5.626E+00 2.804E+00
4.2539E+00 2.3508E+03 5.981E-01 2.481E+00-5.799E+00 2.968E+00
4.2542E+00 2.3506E+03 6.233E-01 2.523E+00-5.979E+00 3.146E+00
4.2546E+00 2.3504E+03 6.504E-01 2.567E+00-6.164E+00 3.339E+00
4.2549E+00 2.3502E+03 6.786E-01 2.610E+00-6.350E+00 3.542E+00
4.2553E+00 2.3500E+03 7.100E-01 2.656E+00-6.548E+00 3.771E+00
4.2556E+00 2.3498E+03 7.438E-01 2.703E+00-6.751E+00 4.020E+00
4.2560E+00 2.3496E+03 7.803E-01 2.751E+00-6.959E+00 4.293E+00
4.2563E+00 2.3495E+03 8.192E-01 2.800E+00-7.169E+00 4.588E+00
4.2567E+00 2.3493E+03 8.614E-01 2.850E+00-7.381E+00 4.910E+00
4.2570E+00 2.3491E+03 9.078E-01 2.902E+00-7.599E+00 5.269E+00
4.2574E+00 2.3489E+03 9.583E-01 2.955E+00-7.817E+00 5.664E+00
4.2577E+00 2.3487E+03 1.013E+00 3.009E+00-8.031E+00 6.098E+00
4.2581E+00 2.3485E+03 1.072E+00 3.063E+00-8.235E+00 6.565E+00
4.2584E+00 2.3483E+03 1.137E+00 3.119E+00-8.435E+00 7.092E+00
4.2588E+00 2.3481E+03 1.209E+00 3.175E+00-8.618E+00 7.673E+00
4.2591E+00 2.3479E+03 1.285E+00 3.229E+00-8.775E+00 8.297E+00
4.2595E+00 2.3477E+03 1.370E+00 3.283E+00-8.904E+00 8.996E+00
4.2598E+00 2.3475E+03 1.463E+00 3.337E+00-8.991E+00 9.765E+00
4.2601E+00 2.3473E+03 1.566E+00 3.387E+00-9.021E+00 1.061E+01
4.2605E+00 2.3471E+03 1.674E+00 3.432E+00-8.980E+00 1.149E+01
4.2608E+00 2.3470E+03 1.795E+00 3.474E+00-8.847E+00 1.247E+01
4.2612E+00 2.3468E+03 1.926E+00 3.508E+00-8.600E+00 1.351E+01
4.2615E+00 2.3466E+03 2.066E+00 3.534E+00-8.220E+00 1.460E+01
4.2619E+00 2.3464E+03 2.213E+00 3.547E+00-7.686E+00 1.570E+01
4.2622E+00 2.3462E+03 2.372E+00 3.548E+00-6.959E+00 1.683E+01
4.2626E+00 2.3460E+03 2.538E+00 3.532E+00-6.034E+00 1.792E+01
4.2629E+00 2.3458E+03 2.703E+00 3.498E+00-4.928E+00 1.891E+01
4.2633E+00 2.3456E+03 2.874E+00 3.443E+00-3.595E+00 1.979E+01
4.2636E+00 2.3454E+03 3.038E+00 3.369E+00-2.121E+00 2.047E+01
4.2640E+00 2.3452E+03 3.198E+00 3.272E+00-4.811E-01 2.093E+01
4.2643E+00 2.3450E+03 3.347E+00 3.155E+00 1.244E+00 2.112E+01
4.2647E+00 2.3448E+03 3.478E+00 3.024E+00 2.953E+00 2.103E+01
4.2650E+00 2.3446E+03 3.591E+00 2.878E+00 4.616E+00 2.067E+01
4.2654E+00 2.3445E+03 3.686E+00 2.720E+00 6.185E+00 2.005E+01
4.2657E+00 2.3443E+03 3.756E+00 2.563E+00 7.540E+00 1.926E+01
4.2661E+00 2.3441E+03 3.809E+00 2.400E+00 8.750E+00 1.828E+01
4.2664E+00 2.3439E+03 3.842E+00 2.241E+00 9.744E+00 1.722E+01
4.2668E+00 2.3437E+03 3.858E+00 2.089E+00 1.052E+01 1.612E+01
4.2671E+00 2.3435E+03 3.860E+00 1.942E+00 1.113E+01 1.499E+01
4.2675E+00 2.3433E+03 3.850E+00 1.807E+00 1.156E+01 1.391E+01
4.2678E+00 2.3431E+03 3.830E+00 1.677E+00 1.185E+01 1.285E+01
4.2682E+00 2.3429E+03 3.802E+00 1.558E+00 1.203E+01 1.184E+01
4.2685E+00 2.3427E+03 3.769E+00 1.451E+00 1.210E+01 1.094E+01
4.2689E+00 2.3425E+03 3.730E+00 1.349E+00 1.209E+01 1.007E+01
4.2692E+00 2.3424E+03 3.690E+00 1.260E+00 1.203E+01 9.296E+00
4.2696E+00 2.3422E+03 3.646E+00 1.175E+00 1.191E+01 8.566E+00
4.2699E+00 2.3420E+03 3.602E+00 1.098E+00 1.177E+01 7.909E+00
4.2703E+00 2.3418E+03 3.557E+00 1.029E+00 1.159E+01 7.317E+00
4.2706E+00 2.3416E+03 3.511E+00 9.641E-01 1.140E+01 6.771E+00
4.2710E+00 2.3414E+03 3.467E+00 9.064E-01 1.120E+01 6.285E+00
4.2713E+00 2.3412E+03 3.422E+00 8.522E-01 1.099E+01 5.833E+00
4.2717E+00 2.3410E+03 3.380E+00 8.039E-01 1.078E+01 5.433E+00
4.2720E+00 2.3408E+03 3.336E+00 7.581E-01 1.056E+01 5.059E+00
4.2724E+00 2.3406E+03 3.296E+00 7.174E-01 1.035E+01 4.729E+00
4.2727E+00 2.3404E+03 3.255E+00 6.785E-01 1.013E+01 4.417E+00
4.2731E+00 2.3402E+03 3.216E+00 6.439E-01 9.929E+00 4.142E+00
4.2734E+00 2.3401E+03 3.177E+00 6.108E-01 9.723E+00 3.881E+00
4.2737E+00 2.3399E+03 3.141E+00 5.811E-01 9.529E+00 3.651E+00
4.2741E+00 2.3397E+03 3.105E+00 5.527E-01 9.334E+00 3.432E+00
4.2744E+00 2.3395E+03 3.071E+00 5.271E-01 9.151E+00 3.237E+00
4.2748E+00 2.3393E+03 3.037E+00 5.026E-01 8.969E+00 3.052E+00
4.2751E+00 2.3391E+03 3.005E+00 4.803E-01 8.798E+00 2.887E+00
4.2755E+00 2.3389E+03 2.973E+00 4.590E-01 8.627E+00 2.729E+00
4.2758E+00 2.3387E+03 2.943E+00 4.397E-01 8.468E+00 2.588E+00
4.2762E+00 2.3385E+03 2.914E+00 4.213E-01 8.312E+00 2.455E+00
4.2765E+00 2.3383E+03 2.885E+00 4.040E-01 8.161E+00 2.331E+00
4.2769E+00 2.3381E+03 2.858E+00 3.878E-01 8.016E+00 2.216E+00
4.2772E+00 2.3380E+03 2.831E+00 3.726E-01 7.875E+00 2.110E+00
4.2776E+00 2.3378E+03 2.806E+00 3.585E-01 7.743E+00 2.012E+00
4.2779E+00 2.3376E+03 2.780E+00 3.448E-01 7.610E+00 1.917E+00
4.2783E+00 2.3374E+03 2.756E+00 3.323E-01 7.487E+00 1.832E+00
4.2786E+00 2.3372E+03 2.732E+00 3.201E-01 7.364E+00 1.750E+00
4.2790E+00 2.3370E+03 2.710E+00 3.090E-01 7.249E+00 1.675E+00
4.2793E+00 2.3368E+03 2.688E+00 2.983E-01 7.137E+00 1.604E+00
4.2797E+00 2.3366E+03 2.666E+00 2.880E-01 7.027E+00 1.536E+00
4.2800E+00 2.3364E+03 2.646E+00 2.786E-01 6.924E+00 1.474E+00
4.2804E+00 2.3362E+03 2.626E+00 2.694E-01 6.822E+00 1.415E+00
4.2807E+00 2.3361E+03 2.606E+00 2.607E-01 6.724E+00 1.359E+00
4.2811E+00 2.3359E+03 2.587E+00 2.525E-01 6.631E+00 1.307E+00
4.2814E+00 2.3357E+03 2.569E+00 2.446E-01 6.538E+00 1.257E+00
4.2818E+00 2.3355E+03 2.551E+00 2.372E-01 6.450E+00 1.210E+00
4.2821E+00 2.3353E+03 2.534E+00 2.301E-01 6.366E+00 1.166E+00
4.2825E+00 2.3351E+03 2.516E+00 2.232E-01 6.281E+00 1.123E+00
4.2828E+00 2.3349E+03 2.500E+00 2.168E-01 6.202E+00 1.084E+00
4.2832E+00 2.3347E+03 2.484E+00 2.106E-01 6.125E+00 1.046E+00
4.2835E+00 2.3345E+03 2.468E+00 2.046E-01 6.049E+00 1.010E+00
4.2839E+00 2.3343E+03 2.453E+00 1.990E-01 5.977E+00 9.762E-01
4.2842E+00 2.3342E+03 2.438E+00 1.935E-01 5.905E+00 9.435E-01
4.2846E+00 2.3340E+03 2.423E+00 1.883E-01 5.836E+00 9.125E-01
4.2849E+00 2.3338E+03 2.409E+00 1.834E-01 5.771E+00 8.836E-01
4.2853E+00 2.3336E+03 2.395E+00 1.785E-01 5.705E+00 8.552E-01
4.2856E+00 2.3334E+03 2.382E+00 1.740E-01 5.643E+00 8.287E-01
4.2860E+00 2.3332E+03 2.369E+00 1.696E-01 5.582E+00 8.034E-01
4.2863E+00 2.3330E+03 2.356E+00 1.654E-01 5.523E+00 7.791E-01
4.2866E+00 2.3328E+03 2.343E+00 1.612E-01 5.465E+00 7.555E-01
4.2870E+00 2.3326E+03 2.331E+00 1.573E-01 5.409E+00 7.335E-01
4.2873E+00 2.3324E+03 2.319E+00 1.536E-01 5.355E+00 7.124E-01
4.2877E+00 2.3323E+03 2.307E+00 1.499E-01 5.302E+00 6.919E-01
4.2880E+00 2.3321E+03 2.296E+00 1.464E-01 5.250E+00 6.723E-01
4.2884E+00 2.3319E+03 2.285E+00 1.431E-01 5.200E+00 6.537E-01
4.2887E+00 2.3317E+03 2.274E+00 1.398E-01 5.151E+00 6.359E-01
4.2891E+00 2.3315E+03 2.263E+00 1.366E-01 5.103E+00 6.184E-01
4.2894E+00 2.3313E+03 2.253E+00 1.336E-01 5.057E+00 6.020E-01
4.2898E+00 2.3311E+03 2.242E+00 1.307E-01 5.012E+00 5.862E-01
4.2901E+00 2.3309E+03 2.232E+00 1.279E-01 4.967E+00 5.709E-01
4.2905E+00 2.3307E+03 2.223E+00 1.251E-01 4.924E+00 5.563E-01
4.2908E+00 2.3305E+03 2.213E+00 1.225E-01 4.882E+00 5.420E-01
4.2912E+00 2.3304E+03 2.203E+00 1.199E-01 4.841E+00 5.285E-01
4.2915E+00 2.3302E+03 2.194E+00 1.175E-01 4.801E+00 5.155E-01
4.2919E+00 2.3300E+03 2.185E+00 1.151E-01 4.762E+00 5.030E-01
4.2922E+00 2.3298E+03 2.176E+00 1.127E-01 4.723E+00 4.906E-01
4.2926E+00 2.3296E+03 2.168E+00 1.105E-01 4.686E+00 4.789E-01
4.2929E+00 2.3294E+03 2.159E+00 1.083E-01 4.650E+00 4.677E-01
4.2933E+00 2.3292E+03 2.151E+00 1.062E-01 4.614E+00 4.568E-01
4.2936E+00 2.3290E+03 2.142E+00 1.041E-01 4.579E+00 4.462E-01
4.2940E+00 2.3288E+03 2.134E+00 1.022E-01 4.545E+00 4.361E-01
4.2943E+00 2.3287E+03 2.127E+00 1.002E-01 4.512E+00 4.262E-01
4.2947E+00 2.3285E+03 2.119E+00 9.833E-02 4.479E+00 4.166E-01
4.2950E+00 2.3283E+03 2.111E+00 9.652E-02 4.447E+00 4.075E-01
4.2954E+00 2.3281E+03 2.104E+00 9.476E-02 4.416E+00 3.987E-01
4.2957E+00 2.3279E+03 2.096E+00 9.305E-02 4.386E+00 3.901E-01
4.2961E+00 2.3277E+03 2.089E+00 9.138E-02 4.356E+00 3.818E-01
4.2964E+00 2.3275E+03 2.082E+00 8.975E-02 4.326E+00 3.737E-01
4.2968E+00 2.3273E+03 2.075E+00 8.814E-02 4.297E+00 3.658E-01
4.2971E+00 2.3271E+03 2.068E+00 8.661E-02 4.269E+00 3.582E-01
4.2975E+00 2.3270E+03 2.061E+00 8.512E-02 4.242E+00 3.509E-01
4.2978E+00 2.3268E+03 2.055E+00 8.367E-02 4.215E+00 3.438E-01
4.2982E+00 2.3266E+03 2.048E+00 8.226E-02 4.188E+00 3.370E-01
4.2985E+00 2.3264E+03 2.042E+00 8.088E-02 4.162E+00 3.303E-01
4.2989E+00 2.3262E+03 2.035E+00 7.954E-02 4.137E+00 3.238E-01
4.2992E+00 2.3260E+03 2.029E+00 7.823E-02 4.112E+00 3.175E-01
4.2996E+00 2.3258E+03 2.023E+00 7.695E-02 4.087E+00 3.114E-01
4.2999E+00 2.3256E+03 2.017E+00 7.570E-02 4.063E+00 3.054E-01
4.3002E+00 2.3254E+03 2.011E+00 7.448E-02 4.040E+00 2.996E-01
4.3006E+00 2.3253E+03 2.005E+00 7.330E-02 4.016E+00 2.940E-01
4.3009E+00 2.3251E+03 2.000E+00 7.214E-02 3.994E+00 2.885E-01
4.3013E+00 2.3249E+03 1.994E+00 7.101E-02 3.971E+00 2.832E-01
4.3016E+00 2.3247E+03 1.988E+00 6.991E-02 3.949E+00 2.780E-01
4.3020E+00 2.3245E+03 1.983E+00 6.884E-02 3.928E+00 2.730E-01
4.3023E+00 2.3243E+03 1.978E+00 6.779E-02 3.906E+00 2.681E-01
4.3027E+00 2.3241E+03 1.972E+00 6.677E-02 3.886E+00 2.634E-01
4.3030E+00 2.3239E+03 1.967E+00 6.577E-02 3.865E+00 2.587E-01
4.3034E+00 2.3238E+03 1.962E+00 6.479E-02 3.845E+00 2.542E-01
4.3037E+00 2.3236E+03 1.957E+00 6.384E-02 3.825E+00 2.498E-01
4.3041E+00 2.3234E+03 1.952E+00 6.290E-02 3.806E+00 2.456E-01
4.3044E+00 2.3232E+03 1.947E+00 6.199E-02 3.787E+00 2.414E-01
4.3048E+00 2.3230E+03 1.942E+00 6.110E-02 3.768E+00 2.373E-01
4.3051E+00 2.3228E+03 1.937E+00 6.022E-02 3.750E+00 2.333E-01
4.3055E+00 2.3226E+03 1.933E+00 5.937E-02 3.731E+00 2.295E-01
4.3058E+00 2.3224E+03 1.928E+00 5.854E-02 3.714E+00 2.257E-01
4.3062E+00 2.3222E+03 1.923E+00 5.772E-02 3.696E+00 2.220E-01
4.3065E+00 2.3221E+03 1.919E+00 5.692E-02 3.679E+00 2.185E-01
4.3069E+00 2.3219E+03 1.914E+00 5.614E-02 3.662E+00 2.150E-01
4.3072E+00 2.3217E+03 1.910E+00 5.538E-02 3.645E+00 2.115E-01
4.3076E+00 2.3215E+03 1.906E+00 5.463E-02 3.628E+00 2.082E-01
4.3079E+00 2.3213E+03 1.901E+00 5.389E-02 3.612E+00 2.049E-01
4.3083E+00 2.3211E+03 1.897E+00 5.317E-02 3.596E+00 2.017E-01
4.3086E+00 2.3209E+03 1.893E+00 5.247E-02 3.580E+00 1.986E-01
4.3090E+00 2.3207E+03 1.889E+00 5.178E-02 3.565E+00 1.956E-01
4.3093E+00 2.3206E+03 1.885E+00 5.111E-02 3.550E+00 1.927E-01
4.3097E+00 2.3204E+03 1.881E+00 5.044E-02 3.535E+00 1.897E-01
4.3100E+00 2.3202E+03 1.877E+00 4.979E-02 3.520E+00 1.869E-01
4.3104E+00 2.3200E+03 1.873E+00 4.915E-02 3.505E+00 1.841E-01
4.3107E+00 2.3198E+03 1.869E+00 4.854E-02 3.491E+00 1.815E-01
4.3111E+00 2.3196E+03 1.865E+00 4.793E-02 3.477E+00 1.788E-01
4.3114E+00 2.3194E+03 1.861E+00 4.732E-02 3.463E+00 1.762E-01
4.3118E+00 2.3192E+03 1.858E+00 4.674E-02 3.449E+00 1.737E-01
4.3121E+00 2.3191E+03 1.854E+00 4.616E-02 3.435E+00 1.712E-01
4.3125E+00 2.3189E+03 1.850E+00 4.560E-02 3.422E+00 1.688E-01
4.3128E+00 2.3187E+03 1.847E+00 4.504E-02 3.409E+00 1.664E-01
4.3132E+00 2.3185E+03 1.843E+00 4.449E-02 3.396E+00 1.640E-01
4.3135E+00 2.3183E+03 1.840E+00 4.397E-02 3.383E+00 1.618E-01
4.3138E+00 2.3181E+03 1.836E+00 4.344E-02 3.371E+00 1.595E-01
4.3142E+00 2.3179E+03 1.833E+00 4.292E-02 3.358E+00 1.573E-01
4.3145E+00 2.3177E+03 1.830E+00 4.242E-02 3.346E+00 1.552E-01
4.3149E+00 2.3176E+03 1.826E+00 4.192E-02 3.334E+00 1.531E-01
4.3152E+00 2.3174E+03 1.823E+00 4.143E-02 3.322E+00 1.511E-01
4.3156E+00 2.3172E+03 1.820E+00 4.095E-02 3.310E+00 1.490E-01
4.3159E+00 2.3170E+03 1.817E+00 4.049E-02 3.298E+00 1.471E-01
4.3163E+00 2.3168E+03 1.813E+00 4.002E-02 3.287E+00 1.451E-01
4.3166E+00 2.3166E+03 1.810E+00 3.956E-02 3.275E+00 1.432E-01
4.3170E+00 2.3164E+03 1.807E+00 3.912E-02 3.264E+00 1.414E-01
4.3173E+00 2.3162E+03 1.804E+00 3.869E-02 3.253E+00 1.396E-01
4.3177E+00 2.3161E+03 1.801E+00 3.825E-02 3.242E+00 1.378E-01
4.3180E+00 2.3159E+03 1.798E+00 3.783E-02 3.231E+00 1.360E-01
4.3184E+00 2.3157E+03 1.795E+00 3.741E-02 3.221E+00 1.343E-01
4.3187E+00 2.3155E+03 1.792E+00 3.700E-02 3.210E+00 1.326E-01
4.3191E+00 2.3153E+03 1.789E+00 3.659E-02 3.200E+00 1.309E-01
4.3194E+00 2.3151E+03 1.786E+00 3.621E-02 3.190E+00 1.294E-01
4.3198E+00 2.3149E+03 1.783E+00 3.581E-02 3.179E+00 1.277E-01
4.3201E+00 2.3147E+03 1.781E+00 3.543E-02 3.169E+00 1.262E-01
4.3205E+00 2.3146E+03 1.778E+00 3.506E-02 3.160E+00 1.247E-01
4.3208E+00 2.3144E+03 1.775E+00 3.468E-02 3.150E+00 1.231E-01
4.3212E+00 2.3142E+03 1.772E+00 3.432E-02 3.140E+00 1.217E-01
4.3215E+00 2.3140E+03 1.770E+00 3.396E-02 3.131E+00 1.202E-01
4.3219E+00 2.3138E+03 1.767E+00 3.361E-02 3.121E+00 1.188E-01
4.3222E+00 2.3136E+03 1.764E+00 3.327E-02 3.112E+00 1.174E-01
4.3226E+00 2.3134E+03 1.762E+00 3.292E-02 3.103E+00 1.160E-01
4.3229E+00 2.3133E+03 1.759E+00 3.259E-02 3.094E+00 1.147E-01
4.3233E+00 2.3131E+03 1.757E+00 3.225E-02 3.085E+00 1.133E-01
4.3236E+00 2.3129E+03 1.754E+00 3.193E-02 3.076E+00 1.120E-01
4.3240E+00 2.3127E+03 1.752E+00 3.161E-02 3.067E+00 1.107E-01
4.3243E+00 2.3125E+03 1.749E+00 3.129E-02 3.058E+00 1.095E-01
4.3247E+00 2.3123E+03 1.747E+00 3.098E-02 3.050E+00 1.082E-01
4.3250E+00 2.3121E+03 1.744E+00 3.068E-02 3.041E+00 1.070E-01
4.3254E+00 2.3119E+03 1.742E+00 3.038E-02 3.033E+00 1.058E-01
4.3257E+00 2.3118E+03 1.739E+00 3.008E-02 3.025E+00 1.046E-01
4.3261E+00 2.3116E+03 1.737E+00 2.979E-02 3.017E+00 1.035E-01
4.3264E+00 2.3114E+03 1.735E+00 2.950E-02 3.008E+00 1.023E-01
4.3267E+00 2.3112E+03 1.732E+00 2.922E-02 3.000E+00 1.012E-01
4.3271E+00 2.3110E+03 1.730E+00 2.893E-02 2.992E+00 1.001E-01
4.3274E+00 2.3108E+03 1.728E+00 2.866E-02 2.985E+00 9.905E-02
4.3278E+00 2.3106E+03 1.726E+00 2.839E-02 2.977E+00 9.797E-02
4.3281E+00 2.3105E+03 1.723E+00 2.812E-02 2.969E+00 9.693E-02
4.3285E+00 2.3103E+03 1.721E+00 2.786E-02 2.962E+00 9.589E-02
4.3288E+00 2.3101E+03 1.719E+00 2.760E-02 2.954E+00 9.489E-02
4.3292E+00 2.3099E+03 1.717E+00 2.734E-02 2.947E+00 9.388E-02
4.3295E+00 2.3097E+03 1.715E+00 2.709E-02 2.939E+00 9.291E-02
4.3299E+00 2.3095E+03 1.713E+00 2.684E-02 2.932E+00 9.192E-02
4.3302E+00 2.3093E+03 1.710E+00 2.660E-02 2.925E+00 9.099E-02
4.3306E+00 2.3092E+03 1.708E+00 2.635E-02 2.918E+00 9.003E-02
4.3309E+00 2.3090E+03 1.706E+00 2.612E-02 2.911E+00 8.912E-02
4.3313E+00 2.3088E+03 1.704E+00 2.588E-02 2.904E+00 8.820E-02
4.3316E+00 2.3086E+03 1.702E+00 2.565E-02 2.897E+00 8.732E-02
4.3320E+00 2.3084E+03 1.700E+00 2.542E-02 2.890E+00 8.642E-02
4.3323E+00 2.3082E+03 1.698E+00 2.519E-02 2.883E+00 8.556E-02
4.3327E+00 2.3080E+03 1.696E+00 2.497E-02 2.877E+00 8.472E-02
4.3330E+00 2.3079E+03 1.694E+00 2.475E-02 2.870E+00 8.386E-02
4.3334E+00 2.3077E+03 1.692E+00 2.454E-02 2.863E+00 8.305E-02
4.3337E+00 2.3075E+03 1.690E+00 2.432E-02 2.857E+00 8.221E-02
4.3341E+00 2.3073E+03 1.689E+00 2.411E-02 2.851E+00 8.142E-02
4.3344E+00 2.3071E+03 1.687E+00 2.390E-02 2.844E+00 8.063E-02
4.3348E+00 2.3069E+03 1.685E+00 2.369E-02 2.838E+00 7.984E-02
4.3351E+00 2.3067E+03 1.683E+00 2.349E-02 2.832E+00 7.908E-02
4.3355E+00 2.3066E+03 1.681E+00 2.329E-02 2.825E+00 7.832E-02
4.3358E+00 2.3064E+03 1.679E+00 2.310E-02 2.819E+00 7.757E-02
4.3362E+00 2.3062E+03 1.677E+00 2.290E-02 2.813E+00 7.684E-02
4.3365E+00 2.3060E+03 1.676E+00 2.271E-02 2.807E+00 7.610E-02
4.3369E+00 2.3058E+03 1.674E+00 2.252E-02 2.801E+00 7.539E-02
4.3372E+00 2.3056E+03 1.672E+00 2.233E-02 2.795E+00 7.469E-02
4.3376E+00 2.3054E+03 1.670E+00 2.215E-02 2.790E+00 7.398E-02
4.3379E+00 2.3053E+03 1.669E+00 2.197E-02 2.784E+00 7.330E-02
4.3383E+00 2.3051E+03 1.667E+00 2.179E-02 2.778E+00 7.263E-02
4.3386E+00 2.3049E+03 1.665E+00 2.161E-02 2.772E+00 7.195E-02
4.3390E+00 2.3047E+03 1.664E+00 2.143E-02 2.767E+00 7.130E-02
4.3393E+00 2.3045E+03 1.662E+00 2.126E-02 2.761E+00 7.066E-02
4.3397E+00 2.3043E+03 1.660E+00 2.108E-02 2.756E+00 7.000E-02
4.3400E+00 2.3041E+03 1.659E+00 2.092E-02 2.750E+00 6.938E-02
