 DDSCAT --- DDSCAT 7.3.3 [22.01.20]   
 TARGET --->TARGSPHER  spherical target with explicit spacing                 
 GPFAFT --- method of solution 
 FLTRCD --- prescription for polarizabilities
 FROM_FILE --- shape 
    4169 = NAT0 = number of dipoles
 ../../diel/Pena-Rioux_dielectric_26Au_74Ag                  
 ../../diel/Pena-Rioux_dielectric_34Au_66Ag                  
 ../../diel/Au_evap                                          
   0.000   0.000 = beta_min, beta_max ;  NBETA = 1
   0.000   0.000 = theta_min, theta_max; NTHETA= 1
   0.000   0.000 = phi_min, phi_max   ;   NPHI = 1
 Results averaged over    1 target orientations
                   and  2 incident polarizations
   aeff       wave       Q_pha       Q_pol       Q_cpol
 4.0000E-02 3.0000E-01 -8.0522E-03 -1.6689E-06  4.7497E-08
 4.0000E-02 3.0101E-01 -7.0983E-03 -9.5367E-07 -5.8673E-08
 4.0000E-02 3.0203E-01 -6.8877E-03  4.0531E-06 -1.3039E-08
 4.0000E-02 3.0305E-01 -6.8632E-03 -4.7684E-06 -8.2422E-08
 4.0000E-02 3.0408E-01 -7.0315E-03 -2.1458E-06  1.4901E-08
 4.0000E-02 3.0512E-01 -7.3760E-03 -6.6757E-06  2.7940E-08
 4.0000E-02 3.0616E-01 -7.9419E-03  3.3379E-06 -1.1176E-08
 4.0000E-02 3.0722E-01 -8.7185E-03 -2.1458E-06 -2.7940E-09
 4.0000E-02 3.0828E-01 -9.6861E-03 -8.5831E-06 -5.1223E-08
 4.0000E-02 3.0934E-01 -1.0744E-02 -6.9141E-06 -2.0489E-08
 4.0000E-02 3.1042E-01 -1.1964E-02 -1.6689E-06 -2.0489E-08
 4.0000E-02 3.1150E-01 -1.2777E-02  1.6689E-06  6.9849E-08
 4.0000E-02 3.1259E-01 -1.3579E-02 -4.2915E-06 -5.0291E-08
 4.0000E-02 3.1368E-01 -1.4612E-02 -2.8610E-06 -9.3132E-09
 4.0000E-02 3.1479E-01 -1.5867E-02 -6.9141E-06 -3.7253E-09
 4.0000E-02 3.1590E-01 -1.7353E-02 -2.3842E-07 -1.6764E-08
 4.0000E-02 3.1702E-01 -1.9076E-02  2.3842E-07  3.7253E-08
 4.0000E-02 3.1815E-01 -2.0694E-02  3.8147E-06  5.0291E-08
 4.0000E-02 3.1929E-01 -2.2563E-02 -5.9605E-06 -1.8626E-08
 4.0000E-02 3.2043E-01 -2.4793E-02 -5.9605E-06  1.4901E-08
 4.0000E-02 3.2158E-01 -2.8608E-02  2.3842E-06 -3.3528E-08
 4.0000E-02 3.2274E-01 -3.2689E-02 -5.9605E-06 -3.3528E-08
 4.0000E-02 3.2391E-01 -3.7045E-02  2.1458E-06 -5.9605E-08
 4.0000E-02 3.2509E-01 -4.1684E-02  5.2452E-06 -1.1548E-07
 4.0000E-02 3.2628E-01 -4.6615E-02 -2.3842E-06 -2.9802E-08
 4.0000E-02 3.2747E-01 -5.2358E-02  4.7684E-07 -3.7253E-08
 4.0000E-02 3.2868E-01 -5.8525E-02 -2.6226E-06 -4.4703E-08
 4.0000E-02 3.2989E-01 -6.5103E-02  0.0000E+00 -7.4506E-09
 4.0000E-02 3.3111E-01 -7.2105E-02 -1.1921E-06  6.7055E-08
 4.0000E-02 3.3234E-01 -7.8817E-02 -2.3842E-07 -2.9802E-08
 4.0000E-02 3.3358E-01 -8.5526E-02  5.0068E-06 -8.1956E-08
 4.0000E-02 3.3483E-01 -9.2555E-02  0.0000E+00  5.2154E-08
 4.0000E-02 3.3609E-01 -1.0004E-01 -5.2452E-06 -5.9605E-08
 4.0000E-02 3.3736E-01 -1.0787E-01 -4.7684E-07 -1.3411E-07
 4.0000E-02 3.3864E-01 -1.1589E-01 -1.9073E-06  9.6858E-08
 4.0000E-02 3.3992E-01 -1.2409E-01 -9.5367E-07 -7.4506E-09
 4.0000E-02 3.4122E-01 -1.3248E-01 -1.9073E-06  1.3411E-07
 4.0000E-02 3.4253E-01 -1.4105E-01  4.2915E-06 -5.2154E-07
 4.0000E-02 3.4385E-01 -1.4974E-01  2.1458E-06 -1.4901E-07
 4.0000E-02 3.4517E-01 -1.5866E-01 -7.1526E-07  1.4901E-07
 4.0000E-02 3.4651E-01 -1.6761E-01 -7.1526E-07 -2.5332E-07
 4.0000E-02 3.4786E-01 -1.7675E-01 -1.6689E-06  2.3842E-07
 4.0000E-02 3.4922E-01 -1.8606E-01  0.0000E+00 -8.9407E-08
 4.0000E-02 3.5059E-01 -1.9555E-01 -3.0994E-06 -2.6822E-07
 4.0000E-02 3.5197E-01 -2.0523E-01  4.5300E-06 -2.9802E-08
 4.0000E-02 3.5336E-01 -2.1511E-01  1.9073E-06 -7.4506E-08
 4.0000E-02 3.5476E-01 -2.2529E-01 -3.3379E-06  2.9802E-08
 4.0000E-02 3.5618E-01 -2.3585E-01 -4.0531E-06  1.9372E-07
 4.0000E-02 3.5760E-01 -2.4654E-01 -2.3842E-06  0.0000E+00
 4.0000E-02 3.5904E-01 -2.5737E-01  1.9073E-06  3.8743E-07
 4.0000E-02 3.6048E-01 -2.6834E-01 -4.5300E-06 -1.4901E-07
 4.0000E-02 3.6194E-01 -2.7945E-01 -2.3842E-07 -6.8545E-07
 4.0000E-02 3.6341E-01 -2.9070E-01 -5.0068E-06  6.2585E-07
 4.0000E-02 3.6490E-01 -3.0205E-01  2.3842E-07  0.0000E+00
 4.0000E-02 3.6639E-01 -3.1351E-01  7.1526E-06  1.4901E-07
 4.0000E-02 3.6790E-01 -3.2508E-01 -4.2915E-06 -1.4901E-07
 4.0000E-02 3.6942E-01 -3.3664E-01  6.6757E-06 -4.4703E-07
 4.0000E-02 3.7095E-01 -3.4826E-01  3.8147E-06  7.4506E-07
 4.0000E-02 3.7250E-01 -3.5994E-01 -7.3910E-06  5.9605E-08
 4.0000E-02 3.7406E-01 -3.7162E-01 -7.3910E-06 -6.5565E-07
 4.0000E-02 3.7563E-01 -3.8331E-01 -3.3379E-06 -3.8743E-07
 4.0000E-02 3.7722E-01 -3.9505E-01 -1.6689E-06  5.9605E-08
 4.0000E-02 3.7881E-01 -4.0678E-01  9.5367E-07  0.0000E+00
 4.0000E-02 3.8043E-01 -4.1852E-01 -4.0531E-06  1.4901E-07
 4.0000E-02 3.8205E-01 -4.3011E-01  2.6226E-06 -2.9802E-07
 4.0000E-02 3.8369E-01 -4.4143E-01  4.5300E-06  0.0000E+00
 4.0000E-02 3.8534E-01 -4.5282E-01 -1.9073E-06  5.3644E-07
 4.0000E-02 3.8701E-01 -4.6424E-01 -5.0068E-06 -2.3842E-06
 4.0000E-02 3.8870E-01 -4.7570E-01  1.3351E-05 -3.1292E-06
 4.0000E-02 3.9039E-01 -4.8718E-01  3.4332E-05 -1.9580E-05
 4.0000E-02 3.9211E-01 -4.9862E-01  1.7643E-05 -1.6600E-05
 4.0000E-02 3.9383E-01 -5.1008E-01 -9.5367E-07  2.4438E-06
 4.0000E-02 3.9558E-01 -5.2149E-01  6.9141E-06 -4.4703E-06
 4.0000E-02 3.9733E-01 -5.3284E-01 -2.1458E-06  1.2517E-06
 4.0000E-02 3.9911E-01 -5.4446E-01  7.1526E-07 -1.9670E-06
 4.0000E-02 4.0090E-01 -5.5595E-01 -7.3910E-06 -4.7684E-07
 4.0000E-02 4.0270E-01 -5.6728E-01  3.0994E-06 -6.9141E-06
 4.0000E-02 4.0452E-01 -5.7838E-01 -4.5300E-06  5.9605E-08
 4.0000E-02 4.0636E-01 -5.8917E-01 -1.3113E-05  1.4901E-06
 4.0000E-02 4.0822E-01 -5.9957E-01  7.1526E-07 -1.3113E-06
 4.0000E-02 4.1009E-01 -6.0948E-01  6.4373E-06  5.3644E-07
 4.0000E-02 4.1198E-01 -6.1876E-01  4.2915E-06 -2.3842E-07
 4.0000E-02 4.1389E-01 -6.2709E-01  1.1444E-05  4.5896E-06
 4.0000E-02 4.1581E-01 -6.3415E-01  3.5763E-06 -4.7684E-07
 4.0000E-02 4.1776E-01 -6.3997E-01 -1.0490E-05 -2.3842E-07
 4.0000E-02 4.1972E-01 -6.4434E-01 -9.2983E-06 -1.3709E-06
 4.0000E-02 4.2170E-01 -6.4695E-01  1.4544E-05 -1.8477E-06
 4.0000E-02 4.2370E-01 -6.4750E-01 -6.9141E-06  1.6153E-05
 4.0000E-02 4.2571E-01 -6.4570E-01 -3.8147E-06  1.3113E-06
 4.0000E-02 4.2775E-01 -6.4134E-01 -3.8147E-06  3.6359E-06
 4.0000E-02 4.2981E-01 -6.3434E-01  9.2983E-06  3.6359E-06
 4.0000E-02 4.3188E-01 -6.2513E-01 -4.7684E-07  9.5367E-07
 4.0000E-02 4.3398E-01 -6.1355E-01 -6.1989E-06  2.5034E-06
 4.0000E-02 4.3610E-01 -5.9950E-01  4.2915E-06  1.1325E-06
 4.0000E-02 4.3824E-01 -5.8309E-01 -1.7166E-05  3.2783E-06
 4.0000E-02 4.4039E-01 -5.6454E-01  0.0000E+00 -2.0862E-06
 4.0000E-02 4.4257E-01 -5.4387E-01  9.5367E-07 -1.6689E-06
 4.0000E-02 4.4478E-01 -5.2105E-01 -5.7220E-06 -5.3644E-07
 4.0000E-02 4.4700E-01 -4.9615E-01 -7.1526E-06  5.6624E-07
 4.0000E-02 4.4925E-01 -4.6918E-01 -2.1458E-05  6.2585E-07
 4.0000E-02 4.5152E-01 -4.3990E-01  7.1526E-06 -2.0862E-07
 4.0000E-02 4.5381E-01 -4.0807E-01 -3.8147E-06  1.9968E-06
 4.0000E-02 4.5612E-01 -3.7394E-01  1.5736E-05  5.6624E-07
 4.0000E-02 4.5846E-01 -3.3741E-01 -8.5831E-06 -3.3975E-06
 4.0000E-02 4.6082E-01 -2.9832E-01  3.3379E-06  6.5565E-07
 4.0000E-02 4.6321E-01 -2.5653E-01  1.1444E-05 -2.8014E-06
 4.0000E-02 4.6563E-01 -2.1203E-01  6.6757E-06  1.3411E-07
 4.0000E-02 4.6806E-01 -1.6477E-01 -5.7220E-06 -2.5332E-07
 4.0000E-02 4.7053E-01 -1.1477E-01 -7.1526E-06  1.9521E-06
 4.0000E-02 4.7302E-01 -6.3484E-02  2.8610E-06 -4.2468E-07
 4.0000E-02 4.7553E-01 -1.0170E-02  5.2452E-06  5.0291E-07
 4.0000E-02 4.7807E-01  4.5702E-02  6.6757E-06 -6.1840E-07
 4.0000E-02 4.8065E-01  1.0372E-01  3.3379E-06  1.5721E-06
 4.0000E-02 4.8324E-01  1.6345E-01  7.1526E-06 -1.2070E-06
 4.0000E-02 4.8587E-01  2.2446E-01  2.8610E-06 -1.0133E-06
 4.0000E-02 4.8852E-01  2.8634E-01  7.6294E-06 -1.7285E-06
 4.0000E-02 4.9121E-01  3.4873E-01 -1.4305E-05 -1.9670E-06
 4.0000E-02 4.9392E-01  4.1145E-01  0.0000E+00  2.1458E-06
 4.0000E-02 4.9667E-01  4.7465E-01 -9.0599E-06 -8.0466E-07
 4.0000E-02 4.9944E-01  5.4001E-01  5.7220E-06  2.7418E-06
 4.0000E-02 5.0225E-01  6.0874E-01 -1.3351E-05  1.7881E-07
 4.0000E-02 5.0508E-01  6.8218E-01  6.6757E-06  1.1921E-06
 4.0000E-02 5.0795E-01  7.6176E-01 -5.7220E-06 -3.0994E-06
 4.0000E-02 5.1086E-01  8.4904E-01 -6.6757E-06  3.3975E-06
 4.0000E-02 5.1379E-01  9.4561E-01 -1.4782E-05 -1.7881E-07
 4.0000E-02 5.1676E-01  1.0529E+00  1.7166E-05 -6.3181E-06
 4.0000E-02 5.1977E-01  1.1720E+00 -9.5367E-07  3.3379E-06
 4.0000E-02 5.2281E-01  1.3016E+00 -7.6294E-06  2.3842E-07
 4.0000E-02 5.2588E-01  1.4346E+00 -1.9073E-06 -2.9802E-06
 4.0000E-02 5.2899E-01  1.5684E+00 -8.5831E-06 -3.5763E-06
 4.0000E-02 5.3214E-01  1.7000E+00  1.1444E-05  2.3842E-06
 4.0000E-02 5.3533E-01  1.8264E+00 -3.3855E-05 -2.7418E-06
 4.0000E-02 5.3855E-01  1.9441E+00 -2.3365E-05  0.0000E+00
 4.0000E-02 5.4182E-01  2.0503E+00  0.0000E+00  7.3910E-06
 4.0000E-02 5.4512E-01  2.1424E+00  1.5736E-05 -1.3113E-05
 4.0000E-02 5.4847E-01  2.2187E+00  2.5272E-05 -8.3447E-06
 4.0000E-02 5.5185E-01  2.2806E+00 -1.1444E-05 -1.1921E-06
 4.0000E-02 5.5528E-01  2.3279E+00  1.4305E-06 -7.1526E-06
 4.0000E-02 5.5875E-01  2.3609E+00 -1.2875E-05  5.9605E-06
 4.0000E-02 5.6226E-01  2.3802E+00 -1.8597E-05 -1.9073E-06
 4.0000E-02 5.6582E-01  2.3870E+00 -1.8835E-05  9.2983E-06
 4.0000E-02 5.6943E-01  2.3830E+00 -2.7418E-05 -1.1921E-06
 4.0000E-02 5.7308E-01  2.3699E+00  7.1526E-07  2.3127E-05
 4.0000E-02 5.7677E-01  2.3499E+00  2.2888E-05  0.0000E+00
 4.0000E-02 5.8052E-01  2.3250E+00  5.0068E-06 -5.2452E-06
 4.0000E-02 5.8431E-01  2.2960E+00 -1.2636E-05  2.1458E-06
 4.0000E-02 5.8816E-01  2.2648E+00  6.1989E-06  3.9577E-05
 4.0000E-02 5.9205E-01  2.2322E+00 -4.2200E-05 -1.4305E-06
 4.0000E-02 5.9600E-01  2.1978E+00  8.8215E-06  2.6226E-06
 4.0000E-02 6.0000E-01  2.1609E+00  5.9366E-05  4.0531E-05
