 DDSCAT --- DDSCAT 7.3.3 [22.01.20]   
 TARGET --->TARGSPHER  spherical target with explicit spacing                 
 GPFAFT --- method of solution 
 FLTRCD --- prescription for polarizabilities
 FROM_FILE --- shape 
    4169 = NAT0 = number of dipoles
 ../../diel/Pena-Rioux_dielectric_26Au_74Ag                  
 ../../diel/Pena-Rioux_dielectric_34Au_66Ag                  
 ../../diel/Au_evap                                          
   0.000   0.000 = beta_min, beta_max ;  NBETA = 1
   0.000   0.000 = theta_min, theta_max; NTHETA= 1
   0.000   0.000 = phi_min, phi_max   ;   NPHI = 1
 0.5000 = ETASCA (param. controlling # of scatt. dirs used to calculate <cos> etc.
 Results averaged over    1 target orientations
                   and  2 incident polarizations
   aeff       wave       Q_ext     Q_abs      Q_sca     g(1)=<cos>  <cos^2>    Q_bk       Nsca
 4.0000E-02 3.0000E-01 2.5796E+00 1.7852E+00 7.9440E-01  2.4846E-01 4.1413E-01 4.1566E-02   408
 4.0000E-02 3.0101E-01 2.5720E+00 1.7846E+00 7.8742E-01  2.4671E-01 4.1395E-01 4.1556E-02   408
 4.0000E-02 3.0203E-01 2.5647E+00 1.7841E+00 7.8064E-01  2.4491E-01 4.1376E-01 4.1552E-02   408
 4.0000E-02 3.0305E-01 2.5574E+00 1.7835E+00 7.7386E-01  2.4312E-01 4.1359E-01 4.1540E-02   408
 4.0000E-02 3.0408E-01 2.5500E+00 1.7830E+00 7.6705E-01  2.4134E-01 4.1341E-01 4.1519E-02   408
 4.0000E-02 3.0512E-01 2.5426E+00 1.7823E+00 7.6030E-01  2.3955E-01 4.1323E-01 4.1494E-02   408
 4.0000E-02 3.0616E-01 2.5352E+00 1.7817E+00 7.5351E-01  2.3778E-01 4.1306E-01 4.1459E-02   408
 4.0000E-02 3.0722E-01 2.5278E+00 1.7811E+00 7.4672E-01  2.3601E-01 4.1289E-01 4.1416E-02   408
 4.0000E-02 3.0828E-01 2.5205E+00 1.7805E+00 7.4005E-01  2.3424E-01 4.1272E-01 4.1373E-02   408
 4.0000E-02 3.0934E-01 2.5137E+00 1.7800E+00 7.3373E-01  2.3245E-01 4.1255E-01 4.1348E-02   408
 4.0000E-02 3.1042E-01 2.5069E+00 1.7795E+00 7.2742E-01  2.3066E-01 4.1238E-01 4.1317E-02   408
 4.0000E-02 3.1150E-01 2.4999E+00 1.7789E+00 7.2098E-01  2.2893E-01 4.1222E-01 4.1266E-02   408
 4.0000E-02 3.1259E-01 2.4928E+00 1.7783E+00 7.1451E-01  2.2723E-01 4.1206E-01 4.1206E-02   408
 4.0000E-02 3.1368E-01 2.4857E+00 1.7777E+00 7.0804E-01  2.2551E-01 4.1190E-01 4.1141E-02   408
 4.0000E-02 3.1479E-01 2.4786E+00 1.7770E+00 7.0160E-01  2.2390E-01 4.1190E-01 4.1072E-02   362
 4.0000E-02 3.1590E-01 2.4715E+00 1.7763E+00 6.9518E-01  2.2218E-01 4.1174E-01 4.0997E-02   362
 4.0000E-02 3.1702E-01 2.4644E+00 1.7756E+00 6.8880E-01  2.2047E-01 4.1159E-01 4.0919E-02   363
 4.0000E-02 3.1815E-01 2.4568E+00 1.7747E+00 6.8216E-01  2.1876E-01 4.1143E-01 4.0819E-02   363
 4.0000E-02 3.1929E-01 2.4491E+00 1.7736E+00 6.7547E-01  2.1706E-01 4.1129E-01 4.0708E-02   363
 4.0000E-02 3.2043E-01 2.4413E+00 1.7725E+00 6.6877E-01  2.1536E-01 4.1114E-01 4.0589E-02   363
 4.0000E-02 3.2158E-01 2.4339E+00 1.7714E+00 6.6242E-01  2.1355E-01 4.1098E-01 4.0493E-02   363
 4.0000E-02 3.2274E-01 2.4263E+00 1.7703E+00 6.5603E-01  2.1175E-01 4.1083E-01 4.0386E-02   363
 4.0000E-02 3.2391E-01 2.4186E+00 1.7690E+00 6.4959E-01  2.0997E-01 4.1068E-01 4.0270E-02   363
 4.0000E-02 3.2509E-01 2.4108E+00 1.7677E+00 6.4313E-01  2.0820E-01 4.1054E-01 4.0144E-02   363
 4.0000E-02 3.2628E-01 2.4028E+00 1.7662E+00 6.3664E-01  2.0644E-01 4.1039E-01 4.0009E-02   363
 4.0000E-02 3.2747E-01 2.3940E+00 1.7643E+00 6.2971E-01  2.0473E-01 4.1026E-01 3.9834E-02   363
 4.0000E-02 3.2868E-01 2.3852E+00 1.7623E+00 6.2294E-01  2.0302E-01 4.1012E-01 3.9662E-02   363
 4.0000E-02 3.2989E-01 2.3767E+00 1.7603E+00 6.1635E-01  2.0132E-01 4.0999E-01 3.9495E-02   363
 4.0000E-02 3.3111E-01 2.3683E+00 1.7584E+00 6.0995E-01  1.9961E-01 4.0986E-01 3.9335E-02   363
 4.0000E-02 3.3234E-01 2.3597E+00 1.7562E+00 6.0348E-01  1.9796E-01 4.0973E-01 3.9162E-02   363
 4.0000E-02 3.3358E-01 2.3511E+00 1.7540E+00 5.9707E-01  1.9634E-01 4.0960E-01 3.8987E-02   363
 4.0000E-02 3.3483E-01 2.3427E+00 1.7518E+00 5.9087E-01  1.9472E-01 4.0948E-01 3.8819E-02   363
 4.0000E-02 3.3609E-01 2.3350E+00 1.7498E+00 5.8518E-01  1.9308E-01 4.0935E-01 3.8683E-02   363
 4.0000E-02 3.3736E-01 2.3284E+00 1.7483E+00 5.8017E-01  1.9140E-01 4.0922E-01 3.8592E-02   363
 4.0000E-02 3.3864E-01 2.3225E+00 1.7469E+00 5.7559E-01  1.8971E-01 4.0910E-01 3.8526E-02   363
 4.0000E-02 3.3992E-01 2.3171E+00 1.7457E+00 5.7142E-01  1.8800E-01 4.0897E-01 3.8488E-02   363
 4.0000E-02 3.4122E-01 2.3124E+00 1.7447E+00 5.6766E-01  1.8627E-01 4.0883E-01 3.8477E-02   363
 4.0000E-02 3.4253E-01 2.3083E+00 1.7440E+00 5.6434E-01  1.8452E-01 4.0870E-01 3.8496E-02   363
 4.0000E-02 3.4385E-01 2.3045E+00 1.7433E+00 5.6128E-01  1.8275E-01 4.0857E-01 3.8533E-02   363
 4.0000E-02 3.4517E-01 2.3018E+00 1.7430E+00 5.5887E-01  1.8095E-01 4.0843E-01 3.8616E-02   363
 4.0000E-02 3.4651E-01 2.3003E+00 1.7432E+00 5.5709E-01  1.7909E-01 4.0830E-01 3.8749E-02   363
 4.0000E-02 3.4786E-01 2.2996E+00 1.7438E+00 5.5586E-01  1.7721E-01 4.0816E-01 3.8920E-02   363
 4.0000E-02 3.4922E-01 2.2999E+00 1.7447E+00 5.5519E-01  1.7530E-01 4.0802E-01 3.9132E-02   363
 4.0000E-02 3.5059E-01 2.3012E+00 1.7461E+00 5.5509E-01  1.7336E-01 4.0787E-01 3.9388E-02   363
 4.0000E-02 3.5197E-01 2.3035E+00 1.7480E+00 5.5559E-01  1.7139E-01 4.0773E-01 3.9689E-02   363
 4.0000E-02 3.5336E-01 2.3069E+00 1.7502E+00 5.5669E-01  1.6939E-01 4.0758E-01 4.0038E-02   363
 4.0000E-02 3.5476E-01 2.3118E+00 1.7532E+00 5.5860E-01  1.6736E-01 4.0744E-01 4.0450E-02   363
 4.0000E-02 3.5618E-01 2.3184E+00 1.7569E+00 5.6145E-01  1.6530E-01 4.0729E-01 4.0933E-02   363
 4.0000E-02 3.5760E-01 2.3259E+00 1.7611E+00 5.6486E-01  1.6322E-01 4.0714E-01 4.1462E-02   363
 4.0000E-02 3.5904E-01 2.3345E+00 1.7657E+00 5.6885E-01  1.6113E-01 4.0699E-01 4.2040E-02   363
 4.0000E-02 3.6048E-01 2.3442E+00 1.7708E+00 5.7344E-01  1.5901E-01 4.0684E-01 4.2669E-02   363
 4.0000E-02 3.6194E-01 2.3550E+00 1.7764E+00 5.7867E-01  1.5688E-01 4.0668E-01 4.3353E-02   363
 4.0000E-02 3.6341E-01 2.3670E+00 1.7825E+00 5.8453E-01  1.5473E-01 4.0653E-01 4.4092E-02   363
 4.0000E-02 3.6490E-01 2.3800E+00 1.7890E+00 5.9100E-01  1.5257E-01 4.0638E-01 4.4886E-02   363
 4.0000E-02 3.6639E-01 2.3942E+00 1.7961E+00 5.9811E-01  1.5039E-01 4.0623E-01 4.5736E-02   363
 4.0000E-02 3.6790E-01 2.4096E+00 1.8038E+00 6.0588E-01  1.4821E-01 4.0608E-01 4.6646E-02   363
 4.0000E-02 3.6942E-01 2.4263E+00 1.8120E+00 6.1433E-01  1.4602E-01 4.0594E-01 4.7619E-02   363
 4.0000E-02 3.7095E-01 2.4440E+00 1.8206E+00 6.2336E-01  1.4382E-01 4.0579E-01 4.8648E-02   363
 4.0000E-02 3.7250E-01 2.4627E+00 1.8298E+00 6.3299E-01  1.4161E-01 4.0564E-01 4.9738E-02   363
 4.0000E-02 3.7406E-01 2.4825E+00 1.8393E+00 6.4320E-01  1.3939E-01 4.0550E-01 5.0886E-02   363
 4.0000E-02 3.7563E-01 2.5033E+00 1.8494E+00 6.5400E-01  1.3717E-01 4.0535E-01 5.2093E-02   363
 4.0000E-02 3.7722E-01 2.5253E+00 1.8598E+00 6.6545E-01  1.3493E-01 4.0521E-01 5.3369E-02   363
 4.0000E-02 3.7881E-01 2.5483E+00 1.8708E+00 6.7753E-01  1.3268E-01 4.0507E-01 5.4710E-02   363
 4.0000E-02 3.8043E-01 2.5726E+00 1.8823E+00 6.9032E-01  1.3043E-01 4.0493E-01 5.6127E-02   363
 4.0000E-02 3.8205E-01 2.5977E+00 1.8941E+00 7.0356E-01  1.2816E-01 4.0479E-01 5.7599E-02   363
 4.0000E-02 3.8369E-01 2.6230E+00 1.9061E+00 7.1693E-01  1.2589E-01 4.0465E-01 5.9102E-02   363
 4.0000E-02 3.8534E-01 2.6496E+00 1.9185E+00 7.3111E-01  1.2361E-01 4.0452E-01 6.0690E-02   363
 4.0000E-02 3.8701E-01 2.6776E+00 1.9315E+00 7.4608E-01  1.2132E-01 4.0439E-01 6.2366E-02   363
 4.0000E-02 3.8870E-01 2.7071E+00 1.9452E+00 7.6194E-01  1.1901E-01 4.0426E-01 6.4137E-02   363
 4.0000E-02 3.9039E-01 2.7382E+00 1.9595E+00 7.7873E-01  1.1677E-01 4.0430E-01 6.6011E-02   323
 4.0000E-02 3.9211E-01 2.7708E+00 1.9744E+00 7.9642E-01  1.1445E-01 4.0417E-01 6.7988E-02   323
 4.0000E-02 3.9383E-01 2.8051E+00 1.9899E+00 8.1518E-01  1.1210E-01 4.0405E-01 7.0080E-02   323
 4.0000E-02 3.9558E-01 2.8412E+00 2.0062E+00 8.3496E-01  1.0975E-01 4.0392E-01 7.2291E-02   323
 4.0000E-02 3.9733E-01 2.8792E+00 2.0233E+00 8.5588E-01  1.0739E-01 4.0380E-01 7.4630E-02   323
 4.0000E-02 3.9911E-01 2.9203E+00 2.0415E+00 8.7881E-01  1.0501E-01 4.0368E-01 7.7173E-02   323
 4.0000E-02 4.0090E-01 2.9637E+00 2.0606E+00 9.0306E-01  1.0263E-01 4.0356E-01 7.9869E-02   323
 4.0000E-02 4.0270E-01 3.0094E+00 2.0806E+00 9.2881E-01  1.0023E-01 4.0345E-01 8.2733E-02   323
 4.0000E-02 4.0452E-01 3.0577E+00 2.1016E+00 9.5609E-01  9.7824E-02 4.0333E-01 8.5774E-02   323
 4.0000E-02 4.0636E-01 3.1087E+00 2.1236E+00 9.8511E-01  9.5405E-02 4.0322E-01 8.9013E-02   323
 4.0000E-02 4.0822E-01 3.1627E+00 2.1467E+00 1.0159E+00  9.2967E-02 4.0311E-01 9.2464E-02   323
 4.0000E-02 4.1009E-01 3.2197E+00 2.1710E+00 1.0487E+00  9.0515E-02 4.0301E-01 9.6141E-02   323
 4.0000E-02 4.1198E-01 3.2799E+00 2.1965E+00 1.0834E+00  8.8049E-02 4.0290E-01 1.0005E-01   323
 4.0000E-02 4.1389E-01 3.3432E+00 2.2232E+00 1.1200E+00  8.5567E-02 4.0280E-01 1.0420E-01   323
 4.0000E-02 4.1581E-01 3.4094E+00 2.2511E+00 1.1582E+00  8.3070E-02 4.0270E-01 1.0856E-01   323
 4.0000E-02 4.1776E-01 3.4793E+00 2.2805E+00 1.1988E+00  8.0559E-02 4.0261E-01 1.1320E-01   323
 4.0000E-02 4.1972E-01 3.5530E+00 2.3114E+00 1.2416E+00  7.8042E-02 4.0251E-01 1.1811E-01   323
 4.0000E-02 4.2170E-01 3.6303E+00 2.3438E+00 1.2864E+00  7.5523E-02 4.0242E-01 1.2329E-01   323
 4.0000E-02 4.2370E-01 3.7108E+00 2.3777E+00 1.3331E+00  7.3015E-02 4.0234E-01 1.2871E-01   323
 4.0000E-02 4.2571E-01 3.7941E+00 2.4128E+00 1.3813E+00  7.0526E-02 4.0225E-01 1.3434E-01   323
 4.0000E-02 4.2775E-01 3.8797E+00 2.4492E+00 1.4305E+00  6.8062E-02 4.0217E-01 1.4014E-01   323
 4.0000E-02 4.2981E-01 3.9668E+00 2.4864E+00 1.4804E+00  6.5633E-02 4.0209E-01 1.4605E-01   323
 4.0000E-02 4.3188E-01 4.0559E+00 2.5244E+00 1.5315E+00  6.3236E-02 4.0202E-01 1.5214E-01   323
 4.0000E-02 4.3398E-01 4.1458E+00 2.5628E+00 1.5830E+00  6.0873E-02 4.0195E-01 1.5834E-01   323
 4.0000E-02 4.3610E-01 4.2356E+00 2.6012E+00 1.6344E+00  5.8545E-02 4.0188E-01 1.6458E-01   323
 4.0000E-02 4.3824E-01 4.3249E+00 2.6396E+00 1.6853E+00  5.6255E-02 4.0182E-01 1.7084E-01   323
 4.0000E-02 4.4039E-01 4.4136E+00 2.6778E+00 1.7358E+00  5.4003E-02 4.0176E-01 1.7712E-01   323
 4.0000E-02 4.4257E-01 4.5018E+00 2.7157E+00 1.7861E+00  5.1790E-02 4.0171E-01 1.8342E-01   323
 4.0000E-02 4.4478E-01 4.5893E+00 2.7533E+00 1.8360E+00  4.9623E-02 4.0166E-01 1.8974E-01   323
 4.0000E-02 4.4700E-01 4.6761E+00 2.7906E+00 1.8855E+00  4.7512E-02 4.0162E-01 1.9605E-01   323
 4.0000E-02 4.4925E-01 4.7622E+00 2.8276E+00 1.9346E+00  4.5459E-02 4.0158E-01 2.0236E-01   323
 4.0000E-02 4.5152E-01 4.8461E+00 2.8641E+00 1.9820E+00  4.3478E-02 4.0155E-01 2.0851E-01   323
 4.0000E-02 4.5381E-01 4.9257E+00 2.8997E+00 2.0259E+00  4.1579E-02 4.0152E-01 2.1430E-01   323
 4.0000E-02 4.5612E-01 5.0047E+00 2.9352E+00 2.0696E+00  3.9754E-02 4.0149E-01 2.2007E-01   323
 4.0000E-02 4.5846E-01 5.0832E+00 2.9704E+00 2.1129E+00  3.8006E-02 4.0147E-01 2.2580E-01   323
 4.0000E-02 4.6082E-01 5.1607E+00 3.0052E+00 2.1556E+00  3.6337E-02 4.0145E-01 2.3145E-01   323
 4.0000E-02 4.6321E-01 5.2368E+00 3.0395E+00 2.1973E+00  3.4749E-02 4.0143E-01 2.3699E-01   323
 4.0000E-02 4.6563E-01 5.3109E+00 3.0730E+00 2.2379E+00  3.3241E-02 4.0142E-01 2.4237E-01   323
 4.0000E-02 4.6806E-01 5.3826E+00 3.1057E+00 2.2770E+00  3.1810E-02 4.0140E-01 2.4757E-01   323
 4.0000E-02 4.7053E-01 5.4513E+00 3.1371E+00 2.3141E+00  3.0453E-02 4.0139E-01 2.5254E-01   323
 4.0000E-02 4.7302E-01 5.5172E+00 3.1673E+00 2.3499E+00  2.9175E-02 4.0138E-01 2.5731E-01   323
 4.0000E-02 4.7553E-01 5.5800E+00 3.1961E+00 2.3840E+00  2.7968E-02 4.0137E-01 2.6186E-01   323
 4.0000E-02 4.7807E-01 5.6386E+00 3.2230E+00 2.4155E+00  2.6822E-02 4.0137E-01 2.6610E-01   323
 4.0000E-02 4.8065E-01 5.6924E+00 3.2480E+00 2.4444E+00  2.5731E-02 4.0136E-01 2.7001E-01   323
 4.0000E-02 4.8324E-01 5.7416E+00 3.2709E+00 2.4707E+00  2.4692E-02 4.0135E-01 2.7362E-01   323
 4.0000E-02 4.8587E-01 5.7863E+00 3.2915E+00 2.4948E+00  2.3697E-02 4.0134E-01 2.7696E-01   323
 4.0000E-02 4.8852E-01 5.8271E+00 3.3100E+00 2.5172E+00  2.2743E-02 4.0133E-01 2.8007E-01   323
 4.0000E-02 4.9121E-01 5.8649E+00 3.3264E+00 2.5385E+00  2.1824E-02 4.0132E-01 2.8306E-01   323
 4.0000E-02 4.9392E-01 5.9007E+00 3.3409E+00 2.5598E+00  2.0936E-02 4.0132E-01 2.8603E-01   323
 4.0000E-02 4.9667E-01 5.9408E+00 3.3543E+00 2.5865E+00  2.0065E-02 4.0131E-01 2.8959E-01   323
 4.0000E-02 4.9944E-01 5.9943E+00 3.3674E+00 2.6270E+00  1.9178E-02 4.0129E-01 2.9472E-01   323
 4.0000E-02 5.0225E-01 6.0500E+00 3.3778E+00 2.6722E+00  1.8283E-02 4.0128E-01 3.0043E-01   323
 4.0000E-02 5.0508E-01 6.1076E+00 3.3847E+00 2.7230E+00  1.7366E-02 4.0127E-01 3.0680E-01   323
 4.0000E-02 5.0795E-01 6.1665E+00 3.3868E+00 2.7797E+00  1.6422E-02 4.0126E-01 3.1390E-01   324
 4.0000E-02 5.1086E-01 6.2250E+00 3.3825E+00 2.8425E+00  1.5445E-02 4.0125E-01 3.2175E-01   324
 4.0000E-02 5.1379E-01 6.2804E+00 3.3698E+00 2.9107E+00  1.4471E-02 4.0144E-01 3.3028E-01   285
 4.0000E-02 5.1676E-01 6.3289E+00 3.3459E+00 2.9830E+00  1.3421E-02 4.0143E-01 3.3936E-01   285
 4.0000E-02 5.1977E-01 6.3654E+00 3.3079E+00 3.0575E+00  1.2341E-02 4.0142E-01 3.4875E-01   285
 4.0000E-02 5.2281E-01 6.3546E+00 3.2495E+00 3.1051E+00  1.1248E-02 4.0141E-01 3.5513E-01   285
 4.0000E-02 5.2588E-01 6.2991E+00 3.1736E+00 3.1256E+00  1.0177E-02 4.0141E-01 3.5838E-01   285
 4.0000E-02 5.2899E-01 6.2126E+00 3.0825E+00 3.1301E+00  9.1264E-03 4.0140E-01 3.5978E-01   285
 4.0000E-02 5.3214E-01 6.0934E+00 2.9770E+00 3.1165E+00  8.0984E-03 4.0140E-01 3.5907E-01   285
 4.0000E-02 5.3533E-01 5.9417E+00 2.8583E+00 3.0834E+00  7.0900E-03 4.0140E-01 3.5607E-01   285
 4.0000E-02 5.3855E-01 5.7589E+00 2.7286E+00 3.0303E+00  6.1000E-03 4.0139E-01 3.5071E-01   285
 4.0000E-02 5.4182E-01 5.5485E+00 2.5909E+00 2.9576E+00  5.1245E-03 4.0139E-01 3.4303E-01   285
 4.0000E-02 5.4512E-01 5.3152E+00 2.4483E+00 2.8669E+00  4.1620E-03 4.0138E-01 3.3319E-01   285
 4.0000E-02 5.4847E-01 5.0650E+00 2.3046E+00 2.7604E+00  3.2083E-03 4.0138E-01 3.2146E-01   285
 4.0000E-02 5.5185E-01 4.8151E+00 2.1650E+00 2.6501E+00  2.2867E-03 4.0137E-01 3.0921E-01   285
 4.0000E-02 5.5528E-01 4.5610E+00 2.0286E+00 2.5324E+00  1.3694E-03 4.0137E-01 2.9603E-01   285
 4.0000E-02 5.5875E-01 4.3071E+00 1.8977E+00 2.4093E+00  4.5164E-04 4.0136E-01 2.8217E-01   285
 4.0000E-02 5.6226E-01 4.0579E+00 1.7744E+00 2.2835E+00 -4.6953E-04 4.0135E-01 2.6794E-01   285
 4.0000E-02 5.6582E-01 3.8176E+00 1.6602E+00 2.1574E+00 -1.3962E-03 4.0135E-01 2.5362E-01   285
 4.0000E-02 5.6943E-01 3.5896E+00 1.5562E+00 2.0334E+00 -2.3266E-03 4.0134E-01 2.3949E-01   285
 4.0000E-02 5.7308E-01 3.3763E+00 1.4628E+00 1.9135E+00 -3.2612E-03 4.0133E-01 2.2579E-01   285
 4.0000E-02 5.7677E-01 3.1788E+00 1.3795E+00 1.7993E+00 -4.1978E-03 4.0132E-01 2.1273E-01   285
 4.0000E-02 5.8052E-01 2.9974E+00 1.3055E+00 1.6919E+00 -5.1316E-03 4.0131E-01 2.0041E-01   285
 4.0000E-02 5.8431E-01 2.8300E+00 1.2393E+00 1.5907E+00 -6.0728E-03 4.0131E-01 1.8879E-01   285
 4.0000E-02 5.8816E-01 2.6749E+00 1.1788E+00 1.4962E+00 -7.0176E-03 4.0130E-01 1.7793E-01   285
 4.0000E-02 5.9205E-01 2.5304E+00 1.1224E+00 1.4080E+00 -7.9579E-03 4.0130E-01 1.6778E-01   285
 4.0000E-02 5.9600E-01 2.3951E+00 1.0704E+00 1.3247E+00 -8.8975E-03 4.0129E-01 1.5817E-01   285
 4.0000E-02 6.0000E-01 2.2699E+00 1.0242E+00 1.2457E+00 -9.8355E-03 4.0128E-01 1.4902E-01   285
