 DDSCAT --- DDSCAT 7.3.3 [22.01.20]   
 TARGET --->TARGSPHER  spherical target with explicit spacing                 
 GPFAFT --- method of solution 
 GKDLDR --- prescription for polarizabilities
 FROM_FILE --- shape 
    4169 = NAT0 = number of dipoles
 ../../diel/Pena-Rioux_dielectric_26Au_74Ag                  
 ../../diel/Pena-Rioux_dielectric_52Au_48Ag                  
 ../../diel/Pena-Rioux_dielectric_76Au_24Ag                  
   0.000   0.000 = beta_min, beta_max ;  NBETA = 1
   0.000   0.000 = theta_min, theta_max; NTHETA= 1
   0.000   0.000 = phi_min, phi_max   ;   NPHI = 1
 0.5000 = ETASCA (param. controlling # of scatt. dirs used to calculate <cos> etc.
 Results averaged over    1 target orientations
                   and  2 incident polarizations
   aeff       wave       Q_ext     Q_abs      Q_sca     g(1)=<cos>  <cos^2>    Q_bk       Nsca
 4.0000E-02 3.0000E-01 2.5576E+00 1.7836E+00 7.7400E-01  2.5322E-01 4.1473E-01 3.9398E-02   408
 4.0000E-02 3.0101E-01 2.5499E+00 1.7828E+00 7.6706E-01  2.5144E-01 4.1453E-01 3.9391E-02   408
 4.0000E-02 3.0203E-01 2.5420E+00 1.7819E+00 7.6009E-01  2.4968E-01 4.1434E-01 3.9374E-02   408
 4.0000E-02 3.0305E-01 2.5340E+00 1.7810E+00 7.5308E-01  2.4792E-01 4.1415E-01 3.9348E-02   408
 4.0000E-02 3.0408E-01 2.5260E+00 1.7800E+00 7.4602E-01  2.4616E-01 4.1396E-01 3.9312E-02   408
 4.0000E-02 3.0512E-01 2.5178E+00 1.7789E+00 7.3894E-01  2.4441E-01 4.1378E-01 3.9267E-02   408
 4.0000E-02 3.0616E-01 2.5096E+00 1.7777E+00 7.3182E-01  2.4267E-01 4.1359E-01 3.9213E-02   408
 4.0000E-02 3.0722E-01 2.5012E+00 1.7765E+00 7.2466E-01  2.4094E-01 4.1341E-01 3.9149E-02   408
 4.0000E-02 3.0828E-01 2.4929E+00 1.7753E+00 7.1758E-01  2.3920E-01 4.1323E-01 3.9083E-02   408
 4.0000E-02 3.0934E-01 2.4850E+00 1.7742E+00 7.1083E-01  2.3744E-01 4.1306E-01 3.9032E-02   408
 4.0000E-02 3.1042E-01 2.4771E+00 1.7730E+00 7.0404E-01  2.3569E-01 4.1288E-01 3.8973E-02   408
 4.0000E-02 3.1150E-01 2.4690E+00 1.7718E+00 6.9722E-01  2.3393E-01 4.1270E-01 3.8905E-02   408
 4.0000E-02 3.1259E-01 2.4609E+00 1.7705E+00 6.9038E-01  2.3218E-01 4.1253E-01 3.8830E-02   408
 4.0000E-02 3.1368E-01 2.4526E+00 1.7691E+00 6.8350E-01  2.3044E-01 4.1236E-01 3.8746E-02   408
 4.0000E-02 3.1479E-01 2.4442E+00 1.7676E+00 6.7659E-01  2.2880E-01 4.1234E-01 3.8654E-02   362
 4.0000E-02 3.1590E-01 2.4357E+00 1.7660E+00 6.6967E-01  2.2705E-01 4.1217E-01 3.8554E-02   362
 4.0000E-02 3.1702E-01 2.4271E+00 1.7644E+00 6.6271E-01  2.2531E-01 4.1201E-01 3.8447E-02   363
 4.0000E-02 3.1815E-01 2.4179E+00 1.7624E+00 6.5544E-01  2.2359E-01 4.1185E-01 3.8313E-02   363
 4.0000E-02 3.1929E-01 2.4084E+00 1.7603E+00 6.4806E-01  2.2187E-01 4.1169E-01 3.8165E-02   363
 4.0000E-02 3.2043E-01 2.3986E+00 1.7580E+00 6.4061E-01  2.2016E-01 4.1153E-01 3.8005E-02   363
 4.0000E-02 3.2158E-01 2.3887E+00 1.7556E+00 6.3310E-01  2.1845E-01 4.1138E-01 3.7834E-02   363
 4.0000E-02 3.2274E-01 2.3786E+00 1.7531E+00 6.2552E-01  2.1675E-01 4.1122E-01 3.7652E-02   363
 4.0000E-02 3.2391E-01 2.3682E+00 1.7503E+00 6.1789E-01  2.1505E-01 4.1107E-01 3.7460E-02   363
 4.0000E-02 3.2509E-01 2.3577E+00 1.7475E+00 6.1022E-01  2.1335E-01 4.1093E-01 3.7257E-02   363
 4.0000E-02 3.2628E-01 2.3469E+00 1.7444E+00 6.0250E-01  2.1165E-01 4.1078E-01 3.7044E-02   363
 4.0000E-02 3.2747E-01 2.3349E+00 1.7407E+00 5.9425E-01  2.0999E-01 4.1064E-01 3.6786E-02   363
 4.0000E-02 3.2868E-01 2.3231E+00 1.7370E+00 5.8615E-01  2.0831E-01 4.1050E-01 3.6531E-02   363
 4.0000E-02 3.2989E-01 2.3114E+00 1.7332E+00 5.7824E-01  2.0663E-01 4.1036E-01 3.6281E-02   363
 4.0000E-02 3.3111E-01 2.2999E+00 1.7294E+00 5.7054E-01  2.0492E-01 4.1022E-01 3.6040E-02   363
 4.0000E-02 3.3234E-01 2.2886E+00 1.7255E+00 5.6305E-01  2.0320E-01 4.1008E-01 3.5806E-02   363
 4.0000E-02 3.3358E-01 2.2774E+00 1.7216E+00 5.5578E-01  2.0146E-01 4.0994E-01 3.5581E-02   363
 4.0000E-02 3.3483E-01 2.2664E+00 1.7177E+00 5.4875E-01  1.9970E-01 4.0980E-01 3.5367E-02   363
 4.0000E-02 3.3609E-01 2.2562E+00 1.7139E+00 5.4229E-01  1.9790E-01 4.0965E-01 3.5187E-02   363
 4.0000E-02 3.3736E-01 2.2472E+00 1.7106E+00 5.3659E-01  1.9603E-01 4.0950E-01 3.5058E-02   363
 4.0000E-02 3.3864E-01 2.2390E+00 1.7076E+00 5.3142E-01  1.9413E-01 4.0935E-01 3.4961E-02   363
 4.0000E-02 3.3992E-01 2.2316E+00 1.7048E+00 5.2680E-01  1.9220E-01 4.0920E-01 3.4899E-02   363
 4.0000E-02 3.4122E-01 2.2250E+00 1.7023E+00 5.2273E-01  1.9023E-01 4.0905E-01 3.4873E-02   363
 4.0000E-02 3.4253E-01 2.2193E+00 1.7000E+00 5.1924E-01  1.8822E-01 4.0889E-01 3.4886E-02   363
 4.0000E-02 3.4385E-01 2.2144E+00 1.6981E+00 5.1635E-01  1.8618E-01 4.0873E-01 3.4938E-02   363
 4.0000E-02 3.4517E-01 2.2108E+00 1.6966E+00 5.1419E-01  1.8411E-01 4.0857E-01 3.5042E-02   363
 4.0000E-02 3.4651E-01 2.2086E+00 1.6958E+00 5.1285E-01  1.8200E-01 4.0841E-01 3.5201E-02   363
 4.0000E-02 3.4786E-01 2.2075E+00 1.6954E+00 5.1212E-01  1.7987E-01 4.0825E-01 3.5405E-02   363
 4.0000E-02 3.4922E-01 2.2074E+00 1.6954E+00 5.1205E-01  1.7772E-01 4.0808E-01 3.5655E-02   363
 4.0000E-02 3.5059E-01 2.2086E+00 1.6959E+00 5.1265E-01  1.7555E-01 4.0792E-01 3.5954E-02   363
 4.0000E-02 3.5197E-01 2.2109E+00 1.6969E+00 5.1395E-01  1.7336E-01 4.0775E-01 3.6304E-02   363
 4.0000E-02 3.5336E-01 2.2144E+00 1.6985E+00 5.1596E-01  1.7116E-01 4.0759E-01 3.6709E-02   363
 4.0000E-02 3.5476E-01 2.2194E+00 1.7007E+00 5.1872E-01  1.6895E-01 4.0742E-01 3.7168E-02   363
 4.0000E-02 3.5618E-01 2.2255E+00 1.7034E+00 5.2211E-01  1.6675E-01 4.0726E-01 3.7676E-02   363
 4.0000E-02 3.5760E-01 2.2328E+00 1.7066E+00 5.2614E-01  1.6454E-01 4.0710E-01 3.8235E-02   363
 4.0000E-02 3.5904E-01 2.2412E+00 1.7104E+00 5.3080E-01  1.6233E-01 4.0694E-01 3.8844E-02   363
 4.0000E-02 3.6048E-01 2.2509E+00 1.7147E+00 5.3618E-01  1.6012E-01 4.0678E-01 3.9511E-02   363
 4.0000E-02 3.6194E-01 2.2620E+00 1.7197E+00 5.4227E-01  1.5791E-01 4.0662E-01 4.0237E-02   363
 4.0000E-02 3.6341E-01 2.2744E+00 1.7253E+00 5.4909E-01  1.5571E-01 4.0646E-01 4.1023E-02   363
 4.0000E-02 3.6490E-01 2.2880E+00 1.7315E+00 5.5651E-01  1.5350E-01 4.0630E-01 4.1863E-02   363
 4.0000E-02 3.6639E-01 2.3027E+00 1.7382E+00 5.6456E-01  1.5130E-01 4.0614E-01 4.2757E-02   363
 4.0000E-02 3.6790E-01 2.3187E+00 1.7455E+00 5.7326E-01  1.4911E-01 4.0599E-01 4.3711E-02   363
 4.0000E-02 3.6942E-01 2.3360E+00 1.7533E+00 5.8266E-01  1.4691E-01 4.0583E-01 4.4726E-02   363
 4.0000E-02 3.7095E-01 2.3546E+00 1.7618E+00 5.9279E-01  1.4472E-01 4.0568E-01 4.5809E-02   363
 4.0000E-02 3.7250E-01 2.3746E+00 1.7709E+00 6.0365E-01  1.4252E-01 4.0553E-01 4.6960E-02   363
 4.0000E-02 3.7406E-01 2.3957E+00 1.7806E+00 6.1510E-01  1.4033E-01 4.0538E-01 4.8172E-02   363
 4.0000E-02 3.7563E-01 2.4181E+00 1.7909E+00 6.2723E-01  1.3814E-01 4.0524E-01 4.9449E-02   363
 4.0000E-02 3.7722E-01 2.4418E+00 1.8017E+00 6.4006E-01  1.3595E-01 4.0509E-01 5.0796E-02   363
 4.0000E-02 3.7881E-01 2.4669E+00 1.8132E+00 6.5366E-01  1.3376E-01 4.0495E-01 5.2221E-02   363
 4.0000E-02 3.8043E-01 2.4934E+00 1.8253E+00 6.6806E-01  1.3156E-01 4.0481E-01 5.3726E-02   363
 4.0000E-02 3.8205E-01 2.5213E+00 1.8381E+00 6.8320E-01  1.2936E-01 4.0467E-01 5.5310E-02   363
 4.0000E-02 3.8369E-01 2.5505E+00 1.8515E+00 6.9905E-01  1.2716E-01 4.0453E-01 5.6970E-02   363
 4.0000E-02 3.8534E-01 2.5811E+00 1.8654E+00 7.1569E-01  1.2496E-01 4.0439E-01 5.8715E-02   363
 4.0000E-02 3.8701E-01 2.6132E+00 1.8801E+00 7.3317E-01  1.2275E-01 4.0426E-01 6.0551E-02   363
 4.0000E-02 3.8870E-01 2.6469E+00 1.8954E+00 7.5153E-01  1.2053E-01 4.0413E-01 6.2485E-02   363
 4.0000E-02 3.9039E-01 2.6822E+00 1.9114E+00 7.7085E-01  1.1838E-01 4.0417E-01 6.4522E-02   323
 4.0000E-02 3.9211E-01 2.7190E+00 1.9280E+00 7.9099E-01  1.1615E-01 4.0404E-01 6.6654E-02   323
 4.0000E-02 3.9383E-01 2.7574E+00 1.9453E+00 8.1210E-01  1.1392E-01 4.0391E-01 6.8896E-02   323
 4.0000E-02 3.9558E-01 2.7975E+00 1.9633E+00 8.3426E-01  1.1167E-01 4.0379E-01 7.1257E-02   323
 4.0000E-02 3.9733E-01 2.8395E+00 1.9820E+00 8.5749E-01  1.0941E-01 4.0367E-01 7.3742E-02   323
 4.0000E-02 3.9911E-01 2.8834E+00 2.0015E+00 8.8185E-01  1.0714E-01 4.0355E-01 7.6358E-02   323
 4.0000E-02 4.0090E-01 2.9291E+00 2.0218E+00 9.0734E-01  1.0486E-01 4.0343E-01 7.9107E-02   323
 4.0000E-02 4.0270E-01 2.9768E+00 2.0428E+00 9.3409E-01  1.0257E-01 4.0331E-01 8.2004E-02   323
 4.0000E-02 4.0452E-01 3.0267E+00 2.0646E+00 9.6218E-01  1.0027E-01 4.0320E-01 8.5058E-02   323
 4.0000E-02 4.0636E-01 3.0789E+00 2.0872E+00 9.9167E-01  9.7961E-02 4.0308E-01 8.8279E-02   323
 4.0000E-02 4.0822E-01 3.1333E+00 2.1107E+00 1.0226E+00  9.5634E-02 4.0298E-01 9.1675E-02   323
 4.0000E-02 4.1009E-01 3.1901E+00 2.1351E+00 1.0551E+00  9.3293E-02 4.0287E-01 9.5258E-02   323
 4.0000E-02 4.1198E-01 3.2496E+00 2.1603E+00 1.0893E+00  9.0941E-02 4.0276E-01 9.9043E-02   323
 4.0000E-02 4.1389E-01 3.3117E+00 2.1866E+00 1.1252E+00  8.8576E-02 4.0266E-01 1.0304E-01   323
 4.0000E-02 4.1581E-01 3.3767E+00 2.2138E+00 1.1630E+00  8.6200E-02 4.0256E-01 1.0727E-01   323
 4.0000E-02 4.1776E-01 3.4446E+00 2.2420E+00 1.2026E+00  8.3810E-02 4.0246E-01 1.1173E-01   323
 4.0000E-02 4.1972E-01 3.5156E+00 2.2712E+00 1.2444E+00  8.1412E-02 4.0237E-01 1.1645E-01   323
 4.0000E-02 4.2170E-01 3.5898E+00 2.3015E+00 1.2883E+00  7.9008E-02 4.0228E-01 1.2143E-01   323
 4.0000E-02 4.2370E-01 3.6673E+00 2.3330E+00 1.3344E+00  7.6600E-02 4.0219E-01 1.2669E-01   323
 4.0000E-02 4.2571E-01 3.7482E+00 2.3655E+00 1.3826E+00  7.4193E-02 4.0210E-01 1.3222E-01   323
 4.0000E-02 4.2775E-01 3.8324E+00 2.3992E+00 1.4332E+00  7.1790E-02 4.0202E-01 1.3805E-01   323
 4.0000E-02 4.2981E-01 3.9201E+00 2.4341E+00 1.4861E+00  6.9399E-02 4.0194E-01 1.4417E-01   323
 4.0000E-02 4.3188E-01 4.0112E+00 2.4700E+00 1.5411E+00  6.7027E-02 4.0186E-01 1.5058E-01   323
 4.0000E-02 4.3398E-01 4.1054E+00 2.5070E+00 1.5983E+00  6.4678E-02 4.0179E-01 1.5726E-01   323
 4.0000E-02 4.3610E-01 4.2027E+00 2.5451E+00 1.6576E+00  6.2361E-02 4.0172E-01 1.6421E-01   323
 4.0000E-02 4.3824E-01 4.3029E+00 2.5841E+00 1.7189E+00  6.0086E-02 4.0165E-01 1.7143E-01   323
 4.0000E-02 4.4039E-01 4.4060E+00 2.6239E+00 1.7821E+00  5.7852E-02 4.0159E-01 1.7891E-01   323
 4.0000E-02 4.4257E-01 4.5118E+00 2.6645E+00 1.8473E+00  5.5663E-02 4.0153E-01 1.8664E-01   323
 4.0000E-02 4.4478E-01 4.6203E+00 2.7058E+00 1.9144E+00  5.3522E-02 4.0148E-01 1.9464E-01   323
 4.0000E-02 4.4700E-01 4.7316E+00 2.7477E+00 1.9839E+00  5.1431E-02 4.0143E-01 2.0293E-01   323
 4.0000E-02 4.4925E-01 4.8458E+00 2.7901E+00 2.0557E+00  4.9384E-02 4.0138E-01 2.1153E-01   323
 4.0000E-02 4.5152E-01 4.9632E+00 2.8330E+00 2.1302E+00  4.7376E-02 4.0133E-01 2.2047E-01   323
 4.0000E-02 4.5381E-01 5.0839E+00 2.8761E+00 2.2078E+00  4.5407E-02 4.0129E-01 2.2979E-01   323
 4.0000E-02 4.5612E-01 5.2084E+00 2.9195E+00 2.2889E+00  4.3464E-02 4.0124E-01 2.3956E-01   323
 4.0000E-02 4.5846E-01 5.3369E+00 2.9630E+00 2.3739E+00  4.1540E-02 4.0120E-01 2.4983E-01   323
 4.0000E-02 4.6082E-01 5.4696E+00 3.0064E+00 2.4632E+00  3.9628E-02 4.0117E-01 2.6065E-01   323
 4.0000E-02 4.6321E-01 5.6067E+00 3.0494E+00 2.5573E+00  3.7723E-02 4.0113E-01 2.7207E-01   323
 4.0000E-02 4.6563E-01 5.7482E+00 3.0918E+00 2.6565E+00  3.5815E-02 4.0110E-01 2.8415E-01   323
 4.0000E-02 4.6806E-01 5.8935E+00 3.1331E+00 2.7605E+00  3.3907E-02 4.0107E-01 2.9688E-01   323
 4.0000E-02 4.7053E-01 6.0420E+00 3.1728E+00 2.8692E+00  3.1998E-02 4.0104E-01 3.1025E-01   323
 4.0000E-02 4.7302E-01 6.1927E+00 3.2103E+00 2.9824E+00  3.0092E-02 4.0102E-01 3.2423E-01   323
 4.0000E-02 4.7553E-01 6.3435E+00 3.2449E+00 3.0986E+00  2.8195E-02 4.0100E-01 3.3866E-01   323
 4.0000E-02 4.7807E-01 6.4920E+00 3.2755E+00 3.2165E+00  2.6323E-02 4.0098E-01 3.5338E-01   323
 4.0000E-02 4.8065E-01 6.6356E+00 3.3013E+00 3.3343E+00  2.4484E-02 4.0097E-01 3.6819E-01   323
 4.0000E-02 4.8324E-01 6.7706E+00 3.3211E+00 3.4495E+00  2.2693E-02 4.0095E-01 3.8279E-01   323
 4.0000E-02 4.8587E-01 6.8929E+00 3.3338E+00 3.5591E+00  2.0966E-02 4.0095E-01 3.9680E-01   323
 4.0000E-02 4.8852E-01 6.9987E+00 3.3384E+00 3.6604E+00  1.9313E-02 4.0094E-01 4.0989E-01   323
 4.0000E-02 4.9121E-01 7.0836E+00 3.3336E+00 3.7500E+00  1.7741E-02 4.0094E-01 4.2167E-01   323
 4.0000E-02 4.9392E-01 7.1434E+00 3.3188E+00 3.8246E+00  1.6258E-02 4.0094E-01 4.3170E-01   323
 4.0000E-02 4.9667E-01 7.1748E+00 3.2932E+00 3.8816E+00  1.4863E-02 4.0094E-01 4.3967E-01   323
 4.0000E-02 4.9944E-01 7.1748E+00 3.2566E+00 3.9183E+00  1.3551E-02 4.0094E-01 4.4527E-01   323
 4.0000E-02 5.0225E-01 7.1420E+00 3.2091E+00 3.9329E+00  1.2318E-02 4.0095E-01 4.4826E-01   323
 4.0000E-02 5.0508E-01 7.0764E+00 3.1515E+00 3.9250E+00  1.1156E-02 4.0095E-01 4.4859E-01   323
 4.0000E-02 5.0795E-01 6.9794E+00 3.0847E+00 3.8948E+00  1.0055E-02 4.0096E-01 4.4627E-01   324
 4.0000E-02 5.1086E-01 6.8540E+00 3.0103E+00 3.8437E+00  9.0087E-03 4.0096E-01 4.4147E-01   324
 4.0000E-02 5.1379E-01 6.7049E+00 2.9299E+00 3.7749E+00  8.0398E-03 4.0117E-01 4.3456E-01   285
 4.0000E-02 5.1676E-01 6.5366E+00 2.8450E+00 3.6916E+00  7.0711E-03 4.0118E-01 4.2588E-01   285
 4.0000E-02 5.1977E-01 6.3543E+00 2.7571E+00 3.5972E+00  6.1305E-03 4.0119E-01 4.1585E-01   285
 4.0000E-02 5.2281E-01 6.1627E+00 2.6670E+00 3.4956E+00  5.2113E-03 4.0119E-01 4.0493E-01   285
 4.0000E-02 5.2588E-01 5.9653E+00 2.5755E+00 3.3898E+00  4.3105E-03 4.0120E-01 3.9345E-01   285
 4.0000E-02 5.2899E-01 5.7646E+00 2.4825E+00 3.2821E+00  3.4258E-03 4.0121E-01 3.8169E-01   285
 4.0000E-02 5.3214E-01 5.5618E+00 2.3878E+00 3.1740E+00  2.5545E-03 4.0121E-01 3.6983E-01   285
 4.0000E-02 5.3533E-01 5.3571E+00 2.2910E+00 3.0661E+00  1.6961E-03 4.0122E-01 3.5792E-01   285
 4.0000E-02 5.3855E-01 5.1498E+00 2.1918E+00 2.9580E+00  8.4862E-04 4.0122E-01 3.4595E-01   285
 4.0000E-02 5.4182E-01 4.9394E+00 2.0902E+00 2.8492E+00  8.6046E-06 4.0123E-01 3.3383E-01   285
 4.0000E-02 5.4512E-01 4.7255E+00 1.9866E+00 2.7389E+00 -8.2651E-04 4.0123E-01 3.2148E-01   285
 4.0000E-02 5.4847E-01 4.5088E+00 1.8822E+00 2.6266E+00 -1.6594E-03 4.0123E-01 3.0884E-01   285
 4.0000E-02 5.5185E-01 4.2906E+00 1.7783E+00 2.5123E+00 -2.4926E-03 4.0123E-01 2.9592E-01   285
 4.0000E-02 5.5528E-01 4.0729E+00 1.6764E+00 2.3965E+00 -3.3279E-03 4.0123E-01 2.8277E-01   285
 4.0000E-02 5.5875E-01 3.8583E+00 1.5781E+00 2.2802E+00 -4.1679E-03 4.0122E-01 2.6951E-01   285
 4.0000E-02 5.6226E-01 3.6491E+00 1.4846E+00 2.1646E+00 -5.0125E-03 4.0122E-01 2.5627E-01   285
 4.0000E-02 5.6582E-01 3.4475E+00 1.3968E+00 2.0507E+00 -5.8612E-03 4.0121E-01 2.4320E-01   285
 4.0000E-02 5.6943E-01 3.2553E+00 1.3154E+00 1.9399E+00 -6.7136E-03 4.0120E-01 2.3045E-01   285
 4.0000E-02 5.7308E-01 3.0736E+00 1.2404E+00 1.8332E+00 -7.5696E-03 4.0119E-01 2.1814E-01   285
 4.0000E-02 5.7677E-01 2.9028E+00 1.1714E+00 1.7314E+00 -8.4311E-03 4.0118E-01 2.0638E-01   285
 4.0000E-02 5.8052E-01 2.7428E+00 1.1080E+00 1.6348E+00 -9.2993E-03 4.0117E-01 1.9520E-01   285
 4.0000E-02 5.8431E-01 2.5926E+00 1.0493E+00 1.5433E+00 -1.0175E-02 4.0116E-01 1.8460E-01   285
 4.0000E-02 5.8816E-01 2.4521E+00 9.9528E-01 1.4568E+00 -1.1060E-02 4.0115E-01 1.7456E-01   285
 4.0000E-02 5.9205E-01 2.3210E+00 9.4600E-01 1.3750E+00 -1.1950E-02 4.0115E-01 1.6506E-01   285
 4.0000E-02 5.9600E-01 2.1994E+00 9.0149E-01 1.2979E+00 -1.2843E-02 4.0114E-01 1.5609E-01   285
 4.0000E-02 6.0000E-01 2.0875E+00 8.6169E-01 1.2258E+00 -1.3735E-02 4.0114E-01 1.4769E-01   285
