 DDSCAT --- DDSCAT 7.3.3 [22.01.20]   
 TARGET --->TARGSPHER  spherical target with explicit spacing                 
 GPFAFT --- method of solution 
 GKDLDR --- prescription for polarizabilities
 FROM_FILE --- shape 
    4169 = NAT0 = number of dipoles
 ../../diel/Pena-Rioux_dielectric_26Au_74Ag                  
 ../../diel/Pena-Rioux_dielectric_52Au_48Ag                  
 ../../diel/Pena-Rioux_dielectric_76Au_24Ag                  
   0.000   0.000 = beta_min, beta_max ;  NBETA = 1
   0.000   0.000 = theta_min, theta_max; NTHETA= 1
   0.000   0.000 = phi_min, phi_max   ;   NPHI = 1
 Results averaged over    1 target orientations
                   and  2 incident polarizations
   aeff       wave       Q_pha       Q_pol       Q_cpol
 4.0000E-02 3.0000E-01 -3.4196E-02 -4.7684E-07 -5.9605E-08
 4.0000E-02 3.0101E-01 -3.2855E-02  5.9605E-06  1.8626E-08
 4.0000E-02 3.0203E-01 -3.1676E-02 -1.1921E-06  0.0000E+00
 4.0000E-02 3.0305E-01 -3.0664E-02  1.1921E-06 -5.5879E-08
 4.0000E-02 3.0408E-01 -2.9825E-02 -5.0068E-06 -5.5879E-09
 4.0000E-02 3.0512E-01 -2.9165E-02  4.7684E-07  6.5193E-08
 4.0000E-02 3.0616E-01 -2.8688E-02  1.1921E-06  6.1467E-08
 4.0000E-02 3.0722E-01 -2.8400E-02  0.0000E+00 -5.0291E-08
 4.0000E-02 3.0828E-01 -2.8279E-02  4.5300E-06  6.3330E-08
 4.0000E-02 3.0934E-01 -2.8222E-02 -5.0068E-06 -2.7940E-08
 4.0000E-02 3.1042E-01 -2.8313E-02 -1.1921E-06 -3.5390E-08
 4.0000E-02 3.1150E-01 -2.8557E-02 -3.5763E-06 -1.4529E-07
 4.0000E-02 3.1259E-01 -2.8958E-02 -7.1526E-06  0.0000E+00
 4.0000E-02 3.1368E-01 -2.9520E-02 -4.7684E-07  9.3132E-09
 4.0000E-02 3.1479E-01 -3.0247E-02 -4.7684E-06  7.6368E-08
 4.0000E-02 3.1590E-01 -3.1145E-02  3.0994E-06 -1.0617E-07
 4.0000E-02 3.1702E-01 -3.2218E-02  7.1526E-07 -1.7136E-07
 4.0000E-02 3.1815E-01 -3.3085E-02  4.0531E-06  3.3528E-08
 4.0000E-02 3.1929E-01 -3.4153E-02  4.7684E-07  1.4901E-07
 4.0000E-02 3.2043E-01 -3.5505E-02 -7.3910E-06 -7.0781E-08
 4.0000E-02 3.2158E-01 -3.7147E-02 -4.0531E-06  8.9407E-08
 4.0000E-02 3.2274E-01 -3.9090E-02  2.6226E-06  4.8429E-08
 4.0000E-02 3.2391E-01 -4.1343E-02  1.9073E-06  1.0431E-07
 4.0000E-02 3.2509E-01 -4.3915E-02 -3.3379E-06 -7.4506E-09
 4.0000E-02 3.2628E-01 -4.6817E-02  2.1458E-06 -4.0978E-08
 4.0000E-02 3.2747E-01 -5.0610E-02 -1.6689E-06 -7.8231E-08
 4.0000E-02 3.2868E-01 -5.4905E-02 -2.1458E-06 -5.5879E-08
 4.0000E-02 3.2989E-01 -5.9691E-02  1.1921E-06  2.9802E-08
 4.0000E-02 3.3111E-01 -6.4984E-02  4.0531E-06  2.9802E-08
 4.0000E-02 3.3234E-01 -7.0800E-02 -4.2915E-06  2.4587E-07
 4.0000E-02 3.3358E-01 -7.7154E-02  4.5300E-06 -1.9372E-07
 4.0000E-02 3.3483E-01 -8.4063E-02 -5.7220E-06  1.1176E-07
 4.0000E-02 3.3609E-01 -9.1750E-02 -1.6689E-06 -1.0431E-07
 4.0000E-02 3.3736E-01 -1.0013E-01 -1.6689E-06 -8.1956E-08
 4.0000E-02 3.3864E-01 -1.0896E-01  4.2915E-06  2.3097E-07
 4.0000E-02 3.3992E-01 -1.1825E-01  1.6689E-06 -6.7055E-08
 4.0000E-02 3.4122E-01 -1.2802E-01  1.6689E-06 -1.4901E-08
 4.0000E-02 3.4253E-01 -1.3827E-01 -1.4305E-06  1.6391E-07
 4.0000E-02 3.4385E-01 -1.4903E-01 -7.1526E-07  5.9605E-08
 4.0000E-02 3.4517E-01 -1.6021E-01  4.7684E-07  1.1921E-07
 4.0000E-02 3.4651E-01 -1.7158E-01 -1.9073E-06  2.0862E-07
 4.0000E-02 3.4786E-01 -1.8322E-01 -3.3379E-06 -5.6624E-07
 4.0000E-02 3.4922E-01 -1.9512E-01 -2.3842E-06  0.0000E+00
 4.0000E-02 3.5059E-01 -2.0730E-01  1.1921E-06  2.0862E-07
 4.0000E-02 3.5197E-01 -2.1977E-01 -2.3842E-06  2.0862E-07
 4.0000E-02 3.5336E-01 -2.3253E-01  1.9073E-06 -1.4901E-08
 4.0000E-02 3.5476E-01 -2.4541E-01  2.1458E-06 -4.4703E-08
 4.0000E-02 3.5618E-01 -2.5835E-01 -2.6226E-06 -1.7881E-07
 4.0000E-02 3.5760E-01 -2.7141E-01 -7.3910E-06  7.4506E-07
 4.0000E-02 3.5904E-01 -2.8457E-01 -2.3842E-06 -2.3842E-07
 4.0000E-02 3.6048E-01 -2.9787E-01  3.8147E-06 -9.2387E-07
 4.0000E-02 3.6194E-01 -3.1130E-01 -2.8610E-06  4.1723E-07
 4.0000E-02 3.6341E-01 -3.2480E-01 -6.4373E-06 -4.1723E-07
 4.0000E-02 3.6490E-01 -3.3823E-01 -1.1921E-06  2.3842E-07
 4.0000E-02 3.6639E-01 -3.5169E-01 -6.9141E-06  2.0862E-07
 4.0000E-02 3.6790E-01 -3.6517E-01  3.0994E-06  4.4703E-07
 4.0000E-02 3.6942E-01 -3.7868E-01 -2.1458E-06  8.6427E-07
 4.0000E-02 3.7095E-01 -3.9222E-01 -1.1444E-05 -3.5763E-07
 4.0000E-02 3.7250E-01 -4.0572E-01 -1.9073E-06 -5.3644E-07
 4.0000E-02 3.7406E-01 -4.1914E-01 -7.6294E-06  1.4901E-07
 4.0000E-02 3.7563E-01 -4.3253E-01 -3.8147E-06  2.9802E-07
 4.0000E-02 3.7722E-01 -4.4590E-01  1.1921E-06  3.8743E-07
 4.0000E-02 3.7881E-01 -4.5923E-01 -9.7752E-06  2.0325E-05
 4.0000E-02 3.8043E-01 -4.7250E-01 -3.3379E-06 -8.9407E-07
 4.0000E-02 3.8205E-01 -4.8566E-01 -7.1526E-07  3.8743E-07
 4.0000E-02 3.8369E-01 -4.9875E-01  0.0000E+00 -3.8743E-07
 4.0000E-02 3.8534E-01 -5.1177E-01  3.0994E-06 -9.5367E-07
 4.0000E-02 3.8701E-01 -5.2472E-01 -4.7684E-07 -1.0133E-06
 4.0000E-02 3.8870E-01 -5.3755E-01 -5.2452E-06  1.0133E-06
 4.0000E-02 3.9039E-01 -5.5025E-01  1.1921E-06  7.1526E-07
 4.0000E-02 3.9211E-01 -5.6282E-01  7.6294E-06 -2.9802E-07
 4.0000E-02 3.9383E-01 -5.7529E-01 -5.4836E-06 -9.5367E-07
 4.0000E-02 3.9558E-01 -5.8764E-01 -5.4836E-06  7.1526E-07
 4.0000E-02 3.9733E-01 -5.9982E-01 -4.0531E-06  5.9605E-08
 4.0000E-02 3.9911E-01 -6.1178E-01 -4.7684E-07  5.9605E-08
 4.0000E-02 4.0090E-01 -6.2354E-01 -3.3379E-06 -7.1526E-07
 4.0000E-02 4.0270E-01 -6.3514E-01  3.0994E-06  1.5497E-06
 4.0000E-02 4.0452E-01 -6.4649E-01 -3.0994E-06  1.0729E-06
 4.0000E-02 4.0636E-01 -6.5755E-01 -2.3842E-07  7.7486E-07
 4.0000E-02 4.0822E-01 -6.6824E-01 -4.0531E-06 -3.5763E-07
 4.0000E-02 4.1009E-01 -6.7859E-01 -4.2915E-06  3.5763E-06
 4.0000E-02 4.1198E-01 -6.8856E-01  2.3842E-06 -2.9802E-07
 4.0000E-02 4.1389E-01 -6.9804E-01 -1.9073E-06 -9.5367E-07
 4.0000E-02 4.1581E-01 -7.0694E-01 -8.5831E-06  1.4901E-06
 4.0000E-02 4.1776E-01 -7.1516E-01  6.1989E-06 -6.3181E-06
 4.0000E-02 4.1972E-01 -7.2272E-01  4.7684E-06  2.1458E-06
 4.0000E-02 4.2170E-01 -7.2940E-01  9.0599E-06  7.1526E-07
 4.0000E-02 4.2370E-01 -7.3507E-01  9.5367E-06 -2.6226E-06
 4.0000E-02 4.2571E-01 -7.3958E-01 -6.1989E-06 -4.0531E-06
 4.0000E-02 4.2775E-01 -7.4281E-01  1.0490E-05 -1.0729E-06
 4.0000E-02 4.2981E-01 -7.4459E-01 -4.2915E-06  2.9802E-07
 4.0000E-02 4.3188E-01 -7.4470E-01 -1.0014E-05  1.4901E-06
 4.0000E-02 4.3398E-01 -7.4302E-01  5.2452E-06 -1.6093E-06
 4.0000E-02 4.3610E-01 -7.3944E-01 -1.8120E-05 -2.0266E-06
 4.0000E-02 4.3824E-01 -7.3381E-01  9.5367E-07 -2.9206E-06
 4.0000E-02 4.4039E-01 -7.2606E-01 -2.8610E-06 -1.7881E-07
 4.0000E-02 4.4257E-01 -7.1613E-01  6.6757E-06 -3.2187E-06
 4.0000E-02 4.4478E-01 -7.0398E-01 -1.4782E-05  1.2517E-06
 4.0000E-02 4.4700E-01 -6.8954E-01 -1.1444E-05 -3.5763E-07
 4.0000E-02 4.4925E-01 -6.7266E-01  1.0967E-05 -2.3842E-07
 4.0000E-02 4.5152E-01 -6.5324E-01  3.8147E-06  1.7881E-06
 4.0000E-02 4.5381E-01 -6.3112E-01  5.2452E-06  2.9802E-06
 4.0000E-02 4.5612E-01 -6.0598E-01 -1.1921E-05  1.1921E-07
 4.0000E-02 4.5846E-01 -5.7741E-01 -1.8120E-05  1.4305E-06
 4.0000E-02 4.6082E-01 -5.4501E-01  1.9073E-06 -1.7285E-06
 4.0000E-02 4.6321E-01 -5.0822E-01  5.7220E-06 -2.5630E-06
 4.0000E-02 4.6563E-01 -4.6617E-01 -4.7684E-07  0.0000E+00
 4.0000E-02 4.6806E-01 -4.1815E-01  0.0000E+00  9.2387E-07
 4.0000E-02 4.7053E-01 -3.6327E-01 -6.6757E-06  7.7486E-07
 4.0000E-02 4.7302E-01 -3.0052E-01 -1.8597E-05 -1.9968E-06
 4.0000E-02 4.7553E-01 -2.2888E-01 -4.7684E-06  3.2932E-06
 4.0000E-02 4.7807E-01 -1.4767E-01  4.7684E-07 -9.9838E-07
 4.0000E-02 4.8065E-01 -5.6103E-02  2.0981E-05  1.0133E-06
 4.0000E-02 4.8324E-01  4.6330E-02 -1.6689E-05  5.7369E-07
 4.0000E-02 4.8587E-01  1.5944E-01  2.9564E-05  4.7386E-06
 4.0000E-02 4.8852E-01  2.8297E-01  3.8147E-06 -4.9770E-06
 4.0000E-02 4.9121E-01  4.1622E-01  1.0967E-05 -5.4240E-06
 4.0000E-02 4.9392E-01  5.5752E-01 -2.1935E-05 -1.7881E-07
 4.0000E-02 4.9667E-01  7.0505E-01  3.0994E-05 -6.7353E-06
 4.0000E-02 4.9944E-01  8.5651E-01  1.8120E-05  4.7684E-07
 4.0000E-02 5.0225E-01  1.0090E+00  1.0490E-05  7.2718E-06
 4.0000E-02 5.0508E-01  1.1594E+00 -5.2452E-06 -8.5831E-06
 4.0000E-02 5.0795E-01  1.3050E+00 -1.3828E-05 -5.0068E-06
 4.0000E-02 5.1086E-01  1.4430E+00  4.7684E-07 -2.5034E-06
 4.0000E-02 5.1379E-01  1.5715E+00  1.8597E-05  9.5367E-07
 4.0000E-02 5.1676E-01  1.6891E+00  1.7643E-05  6.3181E-06
 4.0000E-02 5.1977E-01  1.7955E+00  1.5736E-05 -3.5763E-07
 4.0000E-02 5.2281E-01  1.8910E+00  1.0967E-05 -1.2040E-05
 4.0000E-02 5.2588E-01  1.9763E+00 -3.1471E-05  2.9802E-06
 4.0000E-02 5.2899E-01  2.0525E+00 -2.3842E-06  2.8610E-06
 4.0000E-02 5.3214E-01  2.1209E+00 -1.2398E-05 -1.4544E-05
 4.0000E-02 5.3533E-01  2.1824E+00  8.1062E-06  1.0490E-05
 4.0000E-02 5.3855E-01  2.2375E+00  2.3365E-05 -3.8147E-06
 4.0000E-02 5.4182E-01  2.2862E+00 -4.2915E-06  1.9073E-06
 4.0000E-02 5.4512E-01  2.3281E+00 -3.3379E-06  4.7684E-07
 4.0000E-02 5.4847E-01  2.3625E+00 -9.5367E-07 -5.4836E-06
 4.0000E-02 5.5185E-01  2.3888E+00  6.1989E-06  4.7684E-06
 4.0000E-02 5.5528E-01  2.4067E+00  1.4305E-06 -2.8610E-06
 4.0000E-02 5.5875E-01  2.4161E+00  3.0994E-06  1.9073E-06
 4.0000E-02 5.6226E-01  2.4174E+00 -7.1526E-07 -6.6757E-06
 4.0000E-02 5.6582E-01  2.4112E+00  9.5367E-06 -1.4544E-05
 4.0000E-02 5.6943E-01  2.3984E+00  6.4373E-05  1.1206E-05
 4.0000E-02 5.7308E-01  2.3802E+00 -2.3127E-05 -2.1458E-05
 4.0000E-02 5.7677E-01  2.3578E+00  2.4080E-05  5.4836E-06
 4.0000E-02 5.8052E-01  2.3320E+00  1.8597E-05 -1.0729E-05
 4.0000E-02 5.8431E-01  2.3036E+00 -3.3379E-06  1.1683E-05
 4.0000E-02 5.8816E-01  2.2730E+00  3.9101E-05  1.1444E-05
 4.0000E-02 5.9205E-01  2.2405E+00  1.0729E-05 -2.4080E-05
 4.0000E-02 5.9600E-01  2.2067E+00  3.7432E-05  9.2983E-06
 4.0000E-02 6.0000E-01  2.1721E+00 -2.4796E-05 -3.2663E-05
