 DDSCAT --- DDSCAT 7.3.3 [22.01.20]   
 TARGET --->TARGSPHER  spherical target with explicit spacing                 
 GPFAFT --- method of solution 
 GKDLDR --- prescription for polarizabilities
 FROM_FILE --- shape 
   33401 = NAT0 = number of dipoles
 ../diel/Pena26Au74Ag                                        
 ../diel/Pena65Au35Ag                                        
   0.000   0.000 = beta_min, beta_max ;  NBETA = 1
   0.000   0.000 = theta_min, theta_max; NTHETA= 1
   0.000   0.000 = phi_min, phi_max   ;   NPHI = 1
 0.5000 = ETASCA (param. controlling # of scatt. dirs used to calculate <cos> etc.
 Results averaged over    1 target orientations
                   and  1 incident polarizations
   aeff       wave       Q_ext     Q_abs      Q_sca     g(1)=<cos>  <cos^2>    Q_bk       Nsca
 1.0000E-03 3.0000E-01 8.5100E-02 8.5099E-02 1.1596E-06  2.5711E-04 4.0217E-01 1.3821E-07   214
 1.0000E-03 3.0151E-01 8.4439E-02 8.4438E-02 1.1269E-06  2.5672E-04 4.0217E-01 1.3432E-07   214
 1.0000E-03 3.0302E-01 8.3816E-02 8.3815E-02 1.0957E-06  2.5622E-04 4.0217E-01 1.3060E-07   214
 1.0000E-03 3.0452E-01 8.3231E-02 8.3229E-02 1.0660E-06  2.5517E-04 4.0217E-01 1.2705E-07   214
 1.0000E-03 3.0603E-01 8.2681E-02 8.2681E-02 1.0375E-06  2.5453E-04 4.0217E-01 1.2366E-07   214
 1.0000E-03 3.0754E-01 8.2168E-02 8.2166E-02 1.0104E-06  2.5427E-04 4.0217E-01 1.2043E-07   214
 1.0000E-03 3.0905E-01 8.1695E-02 8.1694E-02 9.8496E-07  2.5324E-04 4.0217E-01 1.1740E-07   214
 1.0000E-03 3.1055E-01 8.1251E-02 8.1250E-02 9.6075E-07  2.5309E-04 4.0217E-01 1.1451E-07   214
 1.0000E-03 3.1206E-01 8.0826E-02 8.0825E-02 9.3742E-07  2.5293E-04 4.0217E-01 1.1173E-07   214
 1.0000E-03 3.1357E-01 8.0422E-02 8.0421E-02 9.1491E-07  2.5091E-04 4.0217E-01 1.0905E-07   214
 1.0000E-03 3.1508E-01 8.0038E-02 8.0037E-02 8.9319E-07  2.5015E-04 4.0217E-01 1.0646E-07   214
 1.0000E-03 3.1658E-01 7.9673E-02 7.9673E-02 8.7225E-07  2.4936E-04 4.0217E-01 1.0397E-07   214
 1.0000E-03 3.1809E-01 7.9276E-02 7.9275E-02 8.5110E-07  2.4926E-04 4.0217E-01 1.0144E-07   214
 1.0000E-03 3.1960E-01 7.8871E-02 7.8870E-02 8.3014E-07  2.4872E-04 4.0217E-01 9.8945E-08   214
 1.0000E-03 3.2111E-01 7.8494E-02 7.8493E-02 8.0995E-07  2.4826E-04 4.0217E-01 9.6539E-08   214
 1.0000E-03 3.2261E-01 7.8143E-02 7.8143E-02 7.9050E-07  2.4731E-04 4.0217E-01 9.4222E-08   214
 1.0000E-03 3.2412E-01 7.7819E-02 7.7818E-02 7.7178E-07  2.4677E-04 4.0217E-01 9.1990E-08   214
 1.0000E-03 3.2563E-01 7.7520E-02 7.7519E-02 7.5375E-07  2.4632E-04 4.0217E-01 8.9842E-08   214
 1.0000E-03 3.2714E-01 7.7250E-02 7.7249E-02 7.3616E-07  2.4526E-04 4.0217E-01 8.7747E-08   214
 1.0000E-03 3.2864E-01 7.7038E-02 7.7037E-02 7.1957E-07  2.4408E-04 4.0217E-01 8.5768E-08   214
 1.0000E-03 3.3015E-01 7.6881E-02 7.6881E-02 7.0428E-07  2.4374E-04 4.0217E-01 8.3946E-08   214
 1.0000E-03 3.3166E-01 7.6782E-02 7.6782E-02 6.9026E-07  2.4301E-04 4.0217E-01 8.2275E-08   214
 1.0000E-03 3.3317E-01 7.6740E-02 7.6739E-02 6.7748E-07  2.4188E-04 4.0217E-01 8.0752E-08   214
 1.0000E-03 3.3467E-01 7.6753E-02 7.6752E-02 6.6590E-07  2.4112E-04 4.0217E-01 7.9372E-08   214
 1.0000E-03 3.3618E-01 7.6866E-02 7.6865E-02 6.5625E-07  2.4101E-04 4.0217E-01 7.8221E-08   214
 1.0000E-03 3.3769E-01 7.7095E-02 7.7094E-02 6.4887E-07  2.3843E-04 4.0217E-01 7.7343E-08   214
 1.0000E-03 3.3920E-01 7.7394E-02 7.7394E-02 6.4302E-07  2.3839E-04 4.0217E-01 7.6645E-08   214
 1.0000E-03 3.4070E-01 7.7767E-02 7.7767E-02 6.3871E-07  2.3754E-04 4.0217E-01 7.6132E-08   214
 1.0000E-03 3.4221E-01 7.8216E-02 7.8215E-02 6.3595E-07  2.3604E-04 4.0217E-01 7.5802E-08   214
 1.0000E-03 3.4372E-01 7.8743E-02 7.8743E-02 6.3476E-07  2.3504E-04 4.0217E-01 7.5661E-08   214
 1.0000E-03 3.4523E-01 7.9357E-02 7.9357E-02 6.3531E-07  2.3351E-04 4.0217E-01 7.5727E-08   214
 1.0000E-03 3.4673E-01 8.0050E-02 8.0049E-02 6.3753E-07  2.3227E-04 4.0217E-01 7.5991E-08   214
 1.0000E-03 3.4824E-01 8.0808E-02 8.0808E-02 6.4114E-07  2.3090E-04 4.0217E-01 7.6422E-08   214
 1.0000E-03 3.4975E-01 8.1638E-02 8.1637E-02 6.4619E-07  2.2956E-04 4.0217E-01 7.7024E-08   214
 1.0000E-03 3.5126E-01 8.2543E-02 8.2543E-02 6.5274E-07  2.2829E-04 4.0217E-01 7.7806E-08   214
 1.0000E-03 3.5276E-01 8.3528E-02 8.3528E-02 6.6085E-07  2.2742E-04 4.0217E-01 7.8773E-08   214
 1.0000E-03 3.5427E-01 8.4594E-02 8.4593E-02 6.7054E-07  2.2585E-04 4.0217E-01 7.9928E-08   214
 1.0000E-03 3.5578E-01 8.5722E-02 8.5721E-02 6.8153E-07  2.2473E-04 4.0217E-01 8.1238E-08   214
 1.0000E-03 3.5729E-01 8.6913E-02 8.6914E-02 6.9381E-07  2.2306E-04 4.0217E-01 8.2702E-08   214
 1.0000E-03 3.5879E-01 8.8176E-02 8.8175E-02 7.0747E-07  2.2193E-04 4.0217E-01 8.4330E-08   214
 1.0000E-03 3.6030E-01 8.9512E-02 8.9511E-02 7.2258E-07  2.2041E-04 4.0217E-01 8.6132E-08   214
 1.0000E-03 3.6181E-01 9.0928E-02 9.0927E-02 7.3923E-07  2.1970E-04 4.0217E-01 8.8116E-08   214
 1.0000E-03 3.6332E-01 9.2425E-02 9.2424E-02 7.5743E-07  2.1855E-04 4.0217E-01 9.0287E-08   214
 1.0000E-03 3.6482E-01 9.3982E-02 9.3981E-02 7.7688E-07  2.1649E-04 4.0217E-01 9.2606E-08   214
 1.0000E-03 3.6633E-01 9.5608E-02 9.5607E-02 7.9768E-07  2.1555E-04 4.0217E-01 9.5086E-08   214
 1.0000E-03 3.6784E-01 9.7307E-02 9.7306E-02 8.1992E-07  2.1430E-04 4.0217E-01 9.7737E-08   214
 1.0000E-03 3.6935E-01 9.9083E-02 9.9083E-02 8.4370E-07  2.1304E-04 4.0217E-01 1.0057E-07   214
 1.0000E-03 3.7085E-01 1.0094E-01 1.0094E-01 8.6911E-07  2.1096E-04 4.0217E-01 1.0360E-07   214
 1.0000E-03 3.7236E-01 1.0289E-01 1.0289E-01 8.9620E-07  2.1011E-04 4.0217E-01 1.0683E-07   214
 1.0000E-03 3.7387E-01 1.0490E-01 1.0490E-01 9.2467E-07  2.0906E-04 4.0217E-01 1.1022E-07   214
 1.0000E-03 3.7538E-01 1.0699E-01 1.0699E-01 9.5470E-07  2.0796E-04 4.0217E-01 1.1380E-07   214
 1.0000E-03 3.7688E-01 1.0916E-01 1.0916E-01 9.8661E-07  2.3503E-04 4.0254E-01 1.1758E-07   184
 1.0000E-03 3.7839E-01 1.1141E-01 1.1141E-01 1.0201E-06  2.3377E-04 4.0254E-01 1.2157E-07   184
 1.0000E-03 3.7990E-01 1.1376E-01 1.1376E-01 1.0554E-06  2.3248E-04 4.0254E-01 1.2578E-07   184
 1.0000E-03 3.8141E-01 1.1619E-01 1.1619E-01 1.0926E-06  2.3142E-04 4.0254E-01 1.3022E-07   184
 1.0000E-03 3.8291E-01 1.1870E-01 1.1870E-01 1.1315E-06  2.3011E-04 4.0254E-01 1.3485E-07   184
 1.0000E-03 3.8442E-01 1.2130E-01 1.2130E-01 1.1723E-06  2.2865E-04 4.0254E-01 1.3971E-07   184
 1.0000E-03 3.8593E-01 1.2398E-01 1.2398E-01 1.2151E-06  2.2814E-04 4.0254E-01 1.4481E-07   184
 1.0000E-03 3.8744E-01 1.2676E-01 1.2676E-01 1.2599E-06  2.2672E-04 4.0253E-01 1.5016E-07   184
 1.0000E-03 3.8894E-01 1.2962E-01 1.2962E-01 1.3069E-06  2.2538E-04 4.0254E-01 1.5576E-07   184
 1.0000E-03 3.9045E-01 1.3258E-01 1.3258E-01 1.3561E-06  2.2333E-04 4.0254E-01 1.6162E-07   184
 1.0000E-03 3.9196E-01 1.3562E-01 1.3561E-01 1.4072E-06  2.2252E-04 4.0254E-01 1.6772E-07   184
 1.0000E-03 3.9347E-01 1.3874E-01 1.3874E-01 1.4607E-06  2.2111E-04 4.0253E-01 1.7409E-07   184
 1.0000E-03 3.9497E-01 1.4195E-01 1.4195E-01 1.5165E-06  2.2043E-04 4.0254E-01 1.8074E-07   184
 1.0000E-03 3.9648E-01 1.4525E-01 1.4524E-01 1.5747E-06  2.1961E-04 4.0253E-01 1.8767E-07   184
 1.0000E-03 3.9799E-01 1.4862E-01 1.4862E-01 1.6352E-06  2.1877E-04 4.0254E-01 1.9490E-07   184
 1.0000E-03 3.9950E-01 1.5207E-01 1.5207E-01 1.6982E-06  2.1754E-04 4.0254E-01 2.0240E-07   184
 1.0000E-03 4.0101E-01 1.5558E-01 1.5558E-01 1.7632E-06  2.1686E-04 4.0253E-01 2.1015E-07   184
 1.0000E-03 4.0251E-01 1.5916E-01 1.5916E-01 1.8309E-06  2.1509E-04 4.0254E-01 2.1822E-07   184
 1.0000E-03 4.0402E-01 1.6281E-01 1.6281E-01 1.9011E-06  2.1431E-04 4.0254E-01 2.2658E-07   184
 1.0000E-03 4.0553E-01 1.6650E-01 1.6650E-01 1.9737E-06  2.1311E-04 4.0254E-01 2.3524E-07   184
 1.0000E-03 4.0704E-01 1.7023E-01 1.7023E-01 2.0485E-06  2.1182E-04 4.0254E-01 2.4416E-07   184
 1.0000E-03 4.0854E-01 1.7397E-01 1.7397E-01 2.1254E-06  2.1060E-04 4.0254E-01 2.5332E-07   184
 1.0000E-03 4.1005E-01 1.7772E-01 1.7772E-01 2.2045E-06  2.1002E-04 4.0254E-01 2.6274E-07   184
 1.0000E-03 4.1156E-01 1.8148E-01 1.8147E-01 2.2857E-06  2.0948E-04 4.0254E-01 2.7242E-07   184
 1.0000E-03 4.1307E-01 1.8520E-01 1.8520E-01 2.3686E-06  2.0872E-04 4.0254E-01 2.8231E-07   184
 1.0000E-03 4.1457E-01 1.8886E-01 1.8886E-01 2.4529E-06  2.0817E-04 4.0254E-01 2.9236E-07   184
 1.0000E-03 4.1608E-01 1.9244E-01 1.9243E-01 2.5382E-06  2.0760E-04 4.0253E-01 3.0251E-07   184
 1.0000E-03 4.1759E-01 1.9588E-01 1.9588E-01 2.6237E-06  2.0606E-04 4.0254E-01 3.1271E-07   184
 1.0000E-03 4.1910E-01 1.9921E-01 1.9921E-01 2.7102E-06  2.0538E-04 4.0254E-01 3.2302E-07   184
 1.0000E-03 4.2060E-01 2.0236E-01 2.0235E-01 2.7963E-06  2.0454E-04 4.0254E-01 3.3327E-07   184
 1.0000E-03 4.2211E-01 2.0527E-01 2.0527E-01 2.8811E-06  2.0366E-04 4.0253E-01 3.4339E-07   184
 1.0000E-03 4.2362E-01 2.0791E-01 2.0791E-01 2.9640E-06  2.0224E-04 4.0254E-01 3.5328E-07   184
 1.0000E-03 4.2513E-01 2.1024E-01 2.1024E-01 3.0443E-06  2.0235E-04 4.0254E-01 3.6285E-07   184
 1.0000E-03 4.2663E-01 2.1223E-01 2.1223E-01 3.1213E-06  2.0159E-04 4.0254E-01 3.7202E-07   184
 1.0000E-03 4.2814E-01 2.1384E-01 2.1384E-01 3.1947E-06  2.0090E-04 4.0254E-01 3.8077E-07   184
 1.0000E-03 4.2965E-01 2.1503E-01 2.1503E-01 3.2631E-06  1.9996E-04 4.0254E-01 3.8893E-07   184
 1.0000E-03 4.3116E-01 2.1577E-01 2.1576E-01 3.3258E-06  1.9845E-04 4.0254E-01 3.9640E-07   184
 1.0000E-03 4.3266E-01 2.1603E-01 2.1602E-01 3.3822E-06  1.9848E-04 4.0254E-01 4.0312E-07   184
 1.0000E-03 4.3417E-01 2.1579E-01 2.1579E-01 3.4318E-06  1.9804E-04 4.0253E-01 4.0904E-07   184
 1.0000E-03 4.3568E-01 2.1506E-01 2.1506E-01 3.4744E-06  1.9687E-04 4.0254E-01 4.1411E-07   184
 1.0000E-03 4.3719E-01 2.1381E-01 2.1381E-01 3.5090E-06  1.9629E-04 4.0253E-01 4.1825E-07   184
 1.0000E-03 4.3869E-01 2.1202E-01 2.1202E-01 3.5353E-06  1.9587E-04 4.0253E-01 4.2137E-07   184
 1.0000E-03 4.4020E-01 2.0973E-01 2.0972E-01 3.5531E-06  1.9570E-04 4.0253E-01 4.2350E-07   184
 1.0000E-03 4.4171E-01 2.0693E-01 2.0692E-01 3.5623E-06  1.9525E-04 4.0254E-01 4.2460E-07   184
 1.0000E-03 4.4322E-01 2.0364E-01 2.0364E-01 3.5630E-06  1.9447E-04 4.0254E-01 4.2468E-07   184
 1.0000E-03 4.4472E-01 1.9989E-01 1.9988E-01 3.5552E-06  1.9392E-04 4.0254E-01 4.2375E-07   184
 1.0000E-03 4.4623E-01 1.9568E-01 1.9568E-01 3.5385E-06  1.9351E-04 4.0253E-01 4.2176E-07   184
 1.0000E-03 4.4774E-01 1.9105E-01 1.9105E-01 3.5131E-06  1.9300E-04 4.0253E-01 4.1873E-07   184
 1.0000E-03 4.4925E-01 1.8604E-01 1.8604E-01 3.4792E-06  1.9235E-04 4.0254E-01 4.1469E-07   184
 1.0000E-03 4.5075E-01 1.8069E-01 1.8069E-01 3.4374E-06  1.9203E-04 4.0253E-01 4.0970E-07   184
 1.0000E-03 4.5226E-01 1.7504E-01 1.7504E-01 3.3878E-06  1.9151E-04 4.0253E-01 4.0380E-07   184
 1.0000E-03 4.5377E-01 1.6914E-01 1.6914E-01 3.3312E-06  1.9108E-04 4.0253E-01 3.9705E-07   184
 1.0000E-03 4.5528E-01 1.6303E-01 1.6302E-01 3.2677E-06  1.9038E-04 4.0254E-01 3.8949E-07   184
 1.0000E-03 4.5678E-01 1.5677E-01 1.5677E-01 3.1982E-06  1.8979E-04 4.0254E-01 3.8119E-07   184
 1.0000E-03 4.5829E-01 1.5042E-01 1.5042E-01 3.1234E-06  1.8929E-04 4.0254E-01 3.7228E-07   184
 1.0000E-03 4.5980E-01 1.4403E-01 1.4403E-01 3.0441E-06  1.8883E-04 4.0253E-01 3.6283E-07   184
 1.0000E-03 4.6131E-01 1.3765E-01 1.3765E-01 2.9611E-06  1.8838E-04 4.0253E-01 3.5294E-07   184
 1.0000E-03 4.6281E-01 1.3132E-01 1.3132E-01 2.8752E-06  1.8786E-04 4.0253E-01 3.4270E-07   184
 1.0000E-03 4.6432E-01 1.2509E-01 1.2508E-01 2.7871E-06  1.8751E-04 4.0253E-01 3.3220E-07   184
 1.0000E-03 4.6583E-01 1.1899E-01 1.1899E-01 2.6977E-06  1.8687E-04 4.0253E-01 3.2155E-07   184
 1.0000E-03 4.6734E-01 1.1308E-01 1.1307E-01 2.6079E-06  1.8682E-04 4.0253E-01 3.1084E-07   184
 1.0000E-03 4.6884E-01 1.0736E-01 1.0735E-01 2.5181E-06  1.8627E-04 4.0253E-01 3.0015E-07   184
 1.0000E-03 4.7035E-01 1.0186E-01 1.0185E-01 2.4291E-06  1.8554E-04 4.0254E-01 2.8954E-07   184
 1.0000E-03 4.7186E-01 9.6587E-02 9.6585E-02 2.3413E-06  1.8550E-04 4.0253E-01 2.7907E-07   184
 1.0000E-03 4.7337E-01 9.1562E-02 9.1561E-02 2.2551E-06  1.8450E-04 4.0253E-01 2.6880E-07   184
 1.0000E-03 4.7487E-01 8.6796E-02 8.6794E-02 2.1711E-06  1.8479E-04 4.0253E-01 2.5877E-07   184
 1.0000E-03 4.7638E-01 8.2285E-02 8.2282E-02 2.0895E-06  1.8401E-04 4.0253E-01 2.4905E-07   184
 1.0000E-03 4.7789E-01 7.8025E-02 7.8023E-02 2.0105E-06  1.8302E-04 4.0253E-01 2.3964E-07   184
 1.0000E-03 4.7940E-01 7.4010E-02 7.4008E-02 1.9343E-06  1.8316E-04 4.0253E-01 2.3055E-07   184
 1.0000E-03 4.8090E-01 7.0233E-02 7.0231E-02 1.8609E-06  1.8192E-04 4.0253E-01 2.2181E-07   184
 1.0000E-03 4.8241E-01 6.6685E-02 6.6684E-02 1.7905E-06  1.8235E-04 4.0253E-01 2.1341E-07   184
 1.0000E-03 4.8392E-01 6.3360E-02 6.3359E-02 1.7231E-06  1.8147E-04 4.0253E-01 2.0538E-07   184
 1.0000E-03 4.8543E-01 6.0241E-02 6.0240E-02 1.6586E-06  1.8122E-04 4.0253E-01 1.9769E-07   184
 1.0000E-03 4.8693E-01 5.7317E-02 5.7315E-02 1.5971E-06  1.8103E-04 4.0253E-01 1.9036E-07   184
 1.0000E-03 4.8844E-01 5.4574E-02 5.4573E-02 1.5383E-06  1.8061E-04 4.0254E-01 1.8336E-07   184
 1.0000E-03 4.8995E-01 5.2003E-02 5.2002E-02 1.4822E-06  1.7987E-04 4.0254E-01 1.7667E-07   184
 1.0000E-03 4.9146E-01 4.9593E-02 4.9591E-02 1.4287E-06  1.7905E-04 4.0253E-01 1.7030E-07   184
 1.0000E-03 4.9296E-01 4.7332E-02 4.7331E-02 1.3778E-06  1.7942E-04 4.0253E-01 1.6423E-07   184
 1.0000E-03 4.9447E-01 4.5209E-02 4.5208E-02 1.3292E-06  1.7833E-04 4.0253E-01 1.5844E-07   184
 1.0000E-03 4.9598E-01 4.3216E-02 4.3214E-02 1.2829E-06  1.7795E-04 4.0253E-01 1.5292E-07   184
 1.0000E-03 4.9749E-01 4.1343E-02 4.1342E-02 1.2388E-06  1.7768E-04 4.0253E-01 1.4766E-07   184
 1.0000E-03 4.9900E-01 3.9584E-02 3.9583E-02 1.1967E-06  1.7773E-04 4.0254E-01 1.4264E-07   184
 1.0000E-03 5.0050E-01 3.7930E-02 3.7929E-02 1.1565E-06  1.7684E-04 4.0253E-01 1.3785E-07   184
 1.0000E-03 5.0201E-01 3.6375E-02 3.6374E-02 1.1182E-06  1.7647E-04 4.0253E-01 1.3329E-07   184
 1.0000E-03 5.0352E-01 3.4911E-02 3.4910E-02 1.0817E-06  1.7602E-04 4.0253E-01 1.2893E-07   184
 1.0000E-03 5.0503E-01 3.3532E-02 3.3531E-02 1.0468E-06  1.7540E-04 4.0253E-01 1.2478E-07   184
 1.0000E-03 5.0653E-01 3.2233E-02 3.2232E-02 1.0135E-06  1.7548E-04 4.0253E-01 1.2081E-07   184
 1.0000E-03 5.0804E-01 3.1008E-02 3.1008E-02 9.8175E-07  1.7504E-04 4.0254E-01 1.1702E-07   184
 1.0000E-03 5.0955E-01 2.9854E-02 2.9853E-02 9.5137E-07  1.7492E-04 4.0253E-01 1.1340E-07   184
 1.0000E-03 5.1106E-01 2.8763E-02 2.8762E-02 9.2234E-07  1.7394E-04 4.0253E-01 1.0994E-07   184
 1.0000E-03 5.1256E-01 2.7731E-02 2.7730E-02 8.9458E-07  1.7391E-04 4.0253E-01 1.0663E-07   184
 1.0000E-03 5.1407E-01 2.6755E-02 2.6754E-02 8.6802E-07  1.7352E-04 4.0253E-01 1.0346E-07   184
 1.0000E-03 5.1558E-01 2.5830E-02 2.5830E-02 8.4259E-07  1.7290E-04 4.0253E-01 1.0043E-07   184
 1.0000E-03 5.1709E-01 2.4956E-02 2.4954E-02 8.1824E-07  1.7264E-04 4.0253E-01 9.7531E-08   184
 1.0000E-03 5.1859E-01 2.4126E-02 2.4125E-02 7.9490E-07  1.7197E-04 4.0253E-01 9.4748E-08   184
 1.0000E-03 5.2010E-01 2.3339E-02 2.3338E-02 7.7253E-07  1.7192E-04 4.0253E-01 9.2082E-08   184
 1.0000E-03 5.2161E-01 2.2591E-02 2.2590E-02 7.5107E-07  1.7174E-04 4.0253E-01 8.9525E-08   184
 1.0000E-03 5.2312E-01 2.1881E-02 2.1880E-02 7.3047E-07  1.7030E-04 4.0253E-01 8.7070E-08   184
 1.0000E-03 5.2462E-01 2.1205E-02 2.1205E-02 7.1070E-07  1.7071E-04 4.0253E-01 8.4712E-08   184
 1.0000E-03 5.2613E-01 2.0564E-02 2.0563E-02 6.9170E-07  1.7037E-04 4.0253E-01 8.2448E-08   184
 1.0000E-03 5.2764E-01 1.9954E-02 1.9953E-02 6.7344E-07  1.6968E-04 4.0253E-01 8.0271E-08   184
 1.0000E-03 5.2915E-01 1.9373E-02 1.9372E-02 6.5589E-07  1.6996E-04 4.0253E-01 7.8180E-08   184
 1.0000E-03 5.3065E-01 1.8820E-02 1.8819E-02 6.3901E-07  1.6953E-04 4.0253E-01 7.6166E-08   184
 1.0000E-03 5.3216E-01 1.8293E-02 1.8292E-02 6.2277E-07  1.6926E-04 4.0253E-01 7.4232E-08   184
 1.0000E-03 5.3367E-01 1.7790E-02 1.7789E-02 6.0714E-07  1.6844E-04 4.0254E-01 7.2370E-08   184
 1.0000E-03 5.3518E-01 1.7311E-02 1.7310E-02 5.9210E-07  1.6815E-04 4.0253E-01 7.0576E-08   184
 1.0000E-03 5.3668E-01 1.6853E-02 1.6852E-02 5.7761E-07  1.6784E-04 4.0253E-01 6.8850E-08   184
 1.0000E-03 5.3819E-01 1.6414E-02 1.6414E-02 5.6366E-07  1.6801E-04 4.0253E-01 6.7187E-08   184
 1.0000E-03 5.3970E-01 1.5994E-02 1.5994E-02 5.5021E-07  1.6730E-04 4.0253E-01 6.5584E-08   184
 1.0000E-03 5.4121E-01 1.5592E-02 1.5591E-02 5.3724E-07  1.6657E-04 4.0253E-01 6.4038E-08   184
 1.0000E-03 5.4271E-01 1.5205E-02 1.5204E-02 5.2472E-07  1.6708E-04 4.0253E-01 6.2545E-08   184
 1.0000E-03 5.4422E-01 1.4833E-02 1.4832E-02 5.1264E-07  1.6613E-04 4.0254E-01 6.1106E-08   184
 1.0000E-03 5.4573E-01 1.4475E-02 1.4474E-02 5.0096E-07  1.6619E-04 4.0253E-01 5.9714E-08   184
 1.0000E-03 5.4724E-01 1.4130E-02 1.4129E-02 4.8968E-07  1.6539E-04 4.0253E-01 5.8370E-08   184
 1.0000E-03 5.4874E-01 1.3797E-02 1.3797E-02 4.7877E-07  1.6583E-04 4.0253E-01 5.7069E-08   184
 1.0000E-03 5.5025E-01 1.3476E-02 1.3476E-02 4.6821E-07  1.6470E-04 4.0253E-01 5.5809E-08   184
 1.0000E-03 5.5176E-01 1.3166E-02 1.3166E-02 4.5798E-07  1.6468E-04 4.0253E-01 5.4591E-08   184
 1.0000E-03 5.5327E-01 1.2867E-02 1.2867E-02 4.4808E-07  1.6440E-04 4.0253E-01 5.3410E-08   184
 1.0000E-03 5.5477E-01 1.2579E-02 1.2578E-02 4.3848E-07  1.6361E-04 4.0253E-01 5.2266E-08   184
 1.0000E-03 5.5628E-01 1.2300E-02 1.2300E-02 4.2917E-07  1.6376E-04 4.0253E-01 5.1157E-08   184
 1.0000E-03 5.5779E-01 1.2031E-02 1.2031E-02 4.2014E-07  1.6373E-04 4.0253E-01 5.0080E-08   184
 1.0000E-03 5.5930E-01 1.1772E-02 1.1771E-02 4.1139E-07  1.6315E-04 4.0253E-01 4.9037E-08   184
 1.0000E-03 5.6080E-01 1.1522E-02 1.1521E-02 4.0289E-07  1.6238E-04 4.0253E-01 4.8023E-08   184
 1.0000E-03 5.6231E-01 1.1280E-02 1.1280E-02 3.9464E-07  1.6263E-04 4.0253E-01 4.7041E-08   184
 1.0000E-03 5.6382E-01 1.1047E-02 1.1047E-02 3.8663E-07  1.6236E-04 4.0253E-01 4.6086E-08   184
 1.0000E-03 5.6533E-01 1.0822E-02 1.0822E-02 3.7886E-07  1.6196E-04 4.0253E-01 4.5159E-08   184
 1.0000E-03 5.6683E-01 1.0605E-02 1.0605E-02 3.7131E-07  1.6174E-04 4.0253E-01 4.4260E-08   184
 1.0000E-03 5.6834E-01 1.0396E-02 1.0395E-02 3.6397E-07  1.6086E-04 4.0253E-01 4.3385E-08   184
 1.0000E-03 5.6985E-01 1.0193E-02 1.0193E-02 3.5684E-07  1.6084E-04 4.0253E-01 4.2536E-08   184
 1.0000E-03 5.7136E-01 9.9970E-03 9.9967E-03 3.4992E-07  1.6048E-04 4.0253E-01 4.1710E-08   184
 DDSCAT --- DDSCAT 7.3.3 [22.01.20]   
 TARGET --->TARGSPHER  spherical target with explicit spacing                 
 GPFAFT --- method of solution 
 GKDLDR --- prescription for polarizabilities
 FROM_FILE --- shape 
   33401 = NAT0 = number of dipoles
 ../diel/Pena26Au74Ag                                        
 ../diel/Pena65Au35Ag                                        
   0.000   0.000 = beta_min, beta_max ;  NBETA = 1
   0.000   0.000 = theta_min, theta_max; NTHETA= 1
   0.000   0.000 = phi_min, phi_max   ;   NPHI = 1
 0.5000 = ETASCA (param. controlling # of scatt. dirs used to calculate <cos> etc.
 Results averaged over    1 target orientations
                   and  1 incident polarizations
   aeff       wave       Q_ext     Q_abs      Q_sca     g(1)=<cos>  <cos^2>    Q_bk       Nsca
 1.0000E-03 3.0000E-01 8.5100E-02 8.5099E-02 1.1596E-06  2.5711E-04 4.0217E-01 1.3821E-07   214
 1.0000E-03 3.0151E-01 8.4439E-02 8.4438E-02 1.1269E-06  2.5672E-04 4.0217E-01 1.3432E-07   214
 1.0000E-03 3.0302E-01 8.3816E-02 8.3815E-02 1.0957E-06  2.5622E-04 4.0217E-01 1.3060E-07   214
 1.0000E-03 3.0452E-01 8.3231E-02 8.3229E-02 1.0660E-06  2.5517E-04 4.0217E-01 1.2705E-07   214
 1.0000E-03 3.0603E-01 8.2681E-02 8.2681E-02 1.0375E-06  2.5453E-04 4.0217E-01 1.2366E-07   214
 1.0000E-03 3.0754E-01 8.2168E-02 8.2166E-02 1.0104E-06  2.5427E-04 4.0217E-01 1.2043E-07   214
 1.0000E-03 3.0905E-01 8.1695E-02 8.1694E-02 9.8496E-07  2.5324E-04 4.0217E-01 1.1740E-07   214
 1.0000E-03 3.1055E-01 8.1251E-02 8.1250E-02 9.6075E-07  2.5309E-04 4.0217E-01 1.1451E-07   214
 1.0000E-03 3.1206E-01 8.0826E-02 8.0825E-02 9.3742E-07  2.5293E-04 4.0217E-01 1.1173E-07   214
 1.0000E-03 3.1357E-01 8.0422E-02 8.0421E-02 9.1491E-07  2.5091E-04 4.0217E-01 1.0905E-07   214
 1.0000E-03 3.1508E-01 8.0038E-02 8.0037E-02 8.9319E-07  2.5015E-04 4.0217E-01 1.0646E-07   214
 1.0000E-03 3.1658E-01 7.9673E-02 7.9673E-02 8.7225E-07  2.4936E-04 4.0217E-01 1.0397E-07   214
 1.0000E-03 3.1809E-01 7.9276E-02 7.9275E-02 8.5110E-07  2.4926E-04 4.0217E-01 1.0144E-07   214
 1.0000E-03 3.1960E-01 7.8871E-02 7.8870E-02 8.3014E-07  2.4872E-04 4.0217E-01 9.8945E-08   214
 1.0000E-03 3.2111E-01 7.8494E-02 7.8493E-02 8.0995E-07  2.4826E-04 4.0217E-01 9.6539E-08   214
 1.0000E-03 3.2261E-01 7.8143E-02 7.8143E-02 7.9050E-07  2.4731E-04 4.0217E-01 9.4222E-08   214
 1.0000E-03 3.2412E-01 7.7819E-02 7.7818E-02 7.7178E-07  2.4677E-04 4.0217E-01 9.1990E-08   214
 1.0000E-03 3.2563E-01 7.7520E-02 7.7519E-02 7.5375E-07  2.4632E-04 4.0217E-01 8.9842E-08   214
 1.0000E-03 3.2714E-01 7.7250E-02 7.7249E-02 7.3616E-07  2.4526E-04 4.0217E-01 8.7747E-08   214
 1.0000E-03 3.2864E-01 7.7038E-02 7.7037E-02 7.1957E-07  2.4408E-04 4.0217E-01 8.5768E-08   214
 1.0000E-03 3.3015E-01 7.6881E-02 7.6881E-02 7.0428E-07  2.4374E-04 4.0217E-01 8.3946E-08   214
 1.0000E-03 3.3166E-01 7.6782E-02 7.6782E-02 6.9026E-07  2.4301E-04 4.0217E-01 8.2275E-08   214
 1.0000E-03 3.3317E-01 7.6740E-02 7.6739E-02 6.7748E-07  2.4188E-04 4.0217E-01 8.0752E-08   214
 1.0000E-03 3.3467E-01 7.6753E-02 7.6752E-02 6.6590E-07  2.4112E-04 4.0217E-01 7.9372E-08   214
 1.0000E-03 3.3618E-01 7.6866E-02 7.6865E-02 6.5625E-07  2.4101E-04 4.0217E-01 7.8221E-08   214
 1.0000E-03 3.3769E-01 7.7095E-02 7.7094E-02 6.4887E-07  2.3843E-04 4.0217E-01 7.7343E-08   214
 1.0000E-03 3.3920E-01 7.7394E-02 7.7394E-02 6.4302E-07  2.3839E-04 4.0217E-01 7.6645E-08   214
 1.0000E-03 3.4070E-01 7.7767E-02 7.7767E-02 6.3871E-07  2.3754E-04 4.0217E-01 7.6132E-08   214
 1.0000E-03 3.4221E-01 7.8216E-02 7.8215E-02 6.3595E-07  2.3604E-04 4.0217E-01 7.5802E-08   214
 1.0000E-03 3.4372E-01 7.8743E-02 7.8743E-02 6.3476E-07  2.3504E-04 4.0217E-01 7.5661E-08   214
 1.0000E-03 3.4523E-01 7.9357E-02 7.9357E-02 6.3531E-07  2.3351E-04 4.0217E-01 7.5727E-08   214
 1.0000E-03 3.4673E-01 8.0050E-02 8.0049E-02 6.3753E-07  2.3227E-04 4.0217E-01 7.5991E-08   214
 1.0000E-03 3.4824E-01 8.0808E-02 8.0808E-02 6.4114E-07  2.3090E-04 4.0217E-01 7.6422E-08   214
 1.0000E-03 3.4975E-01 8.1638E-02 8.1637E-02 6.4619E-07  2.2956E-04 4.0217E-01 7.7024E-08   214
 1.0000E-03 3.5126E-01 8.2543E-02 8.2543E-02 6.5274E-07  2.2829E-04 4.0217E-01 7.7806E-08   214
 1.0000E-03 3.5276E-01 8.3528E-02 8.3528E-02 6.6085E-07  2.2742E-04 4.0217E-01 7.8773E-08   214
 1.0000E-03 3.5427E-01 8.4594E-02 8.4593E-02 6.7054E-07  2.2585E-04 4.0217E-01 7.9928E-08   214
 1.0000E-03 3.5578E-01 8.5722E-02 8.5721E-02 6.8153E-07  2.2473E-04 4.0217E-01 8.1238E-08   214
 1.0000E-03 3.5729E-01 8.6913E-02 8.6914E-02 6.9381E-07  2.2306E-04 4.0217E-01 8.2702E-08   214
 1.0000E-03 3.5879E-01 8.8176E-02 8.8175E-02 7.0747E-07  2.2193E-04 4.0217E-01 8.4330E-08   214
 1.0000E-03 3.6030E-01 8.9512E-02 8.9511E-02 7.2258E-07  2.2041E-04 4.0217E-01 8.6132E-08   214
 1.0000E-03 3.6181E-01 9.0928E-02 9.0927E-02 7.3923E-07  2.1970E-04 4.0217E-01 8.8116E-08   214
 1.0000E-03 3.6332E-01 9.2425E-02 9.2424E-02 7.5743E-07  2.1855E-04 4.0217E-01 9.0287E-08   214
 1.0000E-03 3.6482E-01 9.3982E-02 9.3981E-02 7.7688E-07  2.1649E-04 4.0217E-01 9.2606E-08   214
 1.0000E-03 3.6633E-01 9.5608E-02 9.5607E-02 7.9768E-07  2.1555E-04 4.0217E-01 9.5086E-08   214
 1.0000E-03 3.6784E-01 9.7307E-02 9.7306E-02 8.1992E-07  2.1430E-04 4.0217E-01 9.7737E-08   214
 1.0000E-03 3.6935E-01 9.9083E-02 9.9083E-02 8.4370E-07  2.1304E-04 4.0217E-01 1.0057E-07   214
 1.0000E-03 3.7085E-01 1.0094E-01 1.0094E-01 8.6911E-07  2.1096E-04 4.0217E-01 1.0360E-07   214
 1.0000E-03 3.7236E-01 1.0289E-01 1.0289E-01 8.9620E-07  2.1011E-04 4.0217E-01 1.0683E-07   214
 1.0000E-03 3.7387E-01 1.0490E-01 1.0490E-01 9.2467E-07  2.0906E-04 4.0217E-01 1.1022E-07   214
 1.0000E-03 3.7538E-01 1.0699E-01 1.0699E-01 9.5470E-07  2.0796E-04 4.0217E-01 1.1380E-07   214
 1.0000E-03 3.7688E-01 1.0916E-01 1.0916E-01 9.8661E-07  2.3503E-04 4.0254E-01 1.1758E-07   184
 1.0000E-03 3.7839E-01 1.1141E-01 1.1141E-01 1.0201E-06  2.3377E-04 4.0254E-01 1.2157E-07   184
 1.0000E-03 3.7990E-01 1.1376E-01 1.1376E-01 1.0554E-06  2.3248E-04 4.0254E-01 1.2578E-07   184
 1.0000E-03 3.8141E-01 1.1619E-01 1.1619E-01 1.0926E-06  2.3142E-04 4.0254E-01 1.3022E-07   184
 1.0000E-03 3.8291E-01 1.1870E-01 1.1870E-01 1.1315E-06  2.3011E-04 4.0254E-01 1.3485E-07   184
 1.0000E-03 3.8442E-01 1.2130E-01 1.2130E-01 1.1723E-06  2.2865E-04 4.0254E-01 1.3971E-07   184
 1.0000E-03 3.8593E-01 1.2398E-01 1.2398E-01 1.2151E-06  2.2814E-04 4.0254E-01 1.4481E-07   184
 1.0000E-03 3.8744E-01 1.2676E-01 1.2676E-01 1.2599E-06  2.2672E-04 4.0253E-01 1.5016E-07   184
 1.0000E-03 3.8894E-01 1.2962E-01 1.2962E-01 1.3069E-06  2.2538E-04 4.0254E-01 1.5576E-07   184
 1.0000E-03 3.9045E-01 1.3258E-01 1.3258E-01 1.3561E-06  2.2333E-04 4.0254E-01 1.6162E-07   184
 1.0000E-03 3.9196E-01 1.3562E-01 1.3561E-01 1.4072E-06  2.2252E-04 4.0254E-01 1.6772E-07   184
 1.0000E-03 3.9347E-01 1.3874E-01 1.3874E-01 1.4607E-06  2.2111E-04 4.0253E-01 1.7409E-07   184
 1.0000E-03 3.9497E-01 1.4195E-01 1.4195E-01 1.5165E-06  2.2043E-04 4.0254E-01 1.8074E-07   184
 1.0000E-03 3.9648E-01 1.4525E-01 1.4524E-01 1.5747E-06  2.1961E-04 4.0253E-01 1.8767E-07   184
 1.0000E-03 3.9799E-01 1.4862E-01 1.4862E-01 1.6352E-06  2.1877E-04 4.0254E-01 1.9490E-07   184
 1.0000E-03 3.9950E-01 1.5207E-01 1.5207E-01 1.6982E-06  2.1754E-04 4.0254E-01 2.0240E-07   184
 1.0000E-03 4.0101E-01 1.5558E-01 1.5558E-01 1.7632E-06  2.1686E-04 4.0253E-01 2.1015E-07   184
 1.0000E-03 4.0251E-01 1.5916E-01 1.5916E-01 1.8309E-06  2.1509E-04 4.0254E-01 2.1822E-07   184
 1.0000E-03 4.0402E-01 1.6281E-01 1.6281E-01 1.9011E-06  2.1431E-04 4.0254E-01 2.2658E-07   184
 1.0000E-03 4.0553E-01 1.6650E-01 1.6650E-01 1.9737E-06  2.1311E-04 4.0254E-01 2.3524E-07   184
 1.0000E-03 4.0704E-01 1.7023E-01 1.7023E-01 2.0485E-06  2.1182E-04 4.0254E-01 2.4416E-07   184
 1.0000E-03 4.0854E-01 1.7397E-01 1.7397E-01 2.1254E-06  2.1060E-04 4.0254E-01 2.5332E-07   184
 1.0000E-03 4.1005E-01 1.7772E-01 1.7772E-01 2.2045E-06  2.1002E-04 4.0254E-01 2.6274E-07   184
 1.0000E-03 4.1156E-01 1.8148E-01 1.8147E-01 2.2857E-06  2.0948E-04 4.0254E-01 2.7242E-07   184
 1.0000E-03 4.1307E-01 1.8520E-01 1.8520E-01 2.3686E-06  2.0872E-04 4.0254E-01 2.8231E-07   184
 1.0000E-03 4.1457E-01 1.8886E-01 1.8886E-01 2.4529E-06  2.0817E-04 4.0254E-01 2.9236E-07   184
 1.0000E-03 4.1608E-01 1.9244E-01 1.9243E-01 2.5382E-06  2.0760E-04 4.0253E-01 3.0251E-07   184
 1.0000E-03 4.1759E-01 1.9588E-01 1.9588E-01 2.6237E-06  2.0606E-04 4.0254E-01 3.1271E-07   184
 1.0000E-03 4.1910E-01 1.9921E-01 1.9921E-01 2.7102E-06  2.0538E-04 4.0254E-01 3.2302E-07   184
 1.0000E-03 4.2060E-01 2.0236E-01 2.0235E-01 2.7963E-06  2.0454E-04 4.0254E-01 3.3327E-07   184
 1.0000E-03 4.2211E-01 2.0527E-01 2.0527E-01 2.8811E-06  2.0366E-04 4.0253E-01 3.4339E-07   184
 1.0000E-03 4.2362E-01 2.0791E-01 2.0791E-01 2.9640E-06  2.0224E-04 4.0254E-01 3.5328E-07   184
 1.0000E-03 4.2513E-01 2.1024E-01 2.1024E-01 3.0443E-06  2.0235E-04 4.0254E-01 3.6285E-07   184
 1.0000E-03 4.2663E-01 2.1223E-01 2.1223E-01 3.1213E-06  2.0159E-04 4.0254E-01 3.7202E-07   184
 1.0000E-03 4.2814E-01 2.1384E-01 2.1384E-01 3.1947E-06  2.0090E-04 4.0254E-01 3.8077E-07   184
 1.0000E-03 4.2965E-01 2.1503E-01 2.1503E-01 3.2631E-06  1.9996E-04 4.0254E-01 3.8893E-07   184
 1.0000E-03 4.3116E-01 2.1577E-01 2.1576E-01 3.3258E-06  1.9845E-04 4.0254E-01 3.9640E-07   184
 1.0000E-03 4.3266E-01 2.1603E-01 2.1602E-01 3.3822E-06  1.9848E-04 4.0254E-01 4.0312E-07   184
 1.0000E-03 4.3417E-01 2.1579E-01 2.1579E-01 3.4318E-06  1.9804E-04 4.0253E-01 4.0904E-07   184
 1.0000E-03 4.3568E-01 2.1506E-01 2.1506E-01 3.4744E-06  1.9687E-04 4.0254E-01 4.1411E-07   184
 1.0000E-03 4.3719E-01 2.1381E-01 2.1381E-01 3.5090E-06  1.9629E-04 4.0253E-01 4.1825E-07   184
 1.0000E-03 4.3869E-01 2.1202E-01 2.1202E-01 3.5353E-06  1.9587E-04 4.0253E-01 4.2137E-07   184
 1.0000E-03 4.4020E-01 2.0973E-01 2.0972E-01 3.5531E-06  1.9570E-04 4.0253E-01 4.2350E-07   184
 1.0000E-03 4.4171E-01 2.0693E-01 2.0692E-01 3.5623E-06  1.9525E-04 4.0254E-01 4.2460E-07   184
 1.0000E-03 4.4322E-01 2.0364E-01 2.0364E-01 3.5630E-06  1.9447E-04 4.0254E-01 4.2468E-07   184
 1.0000E-03 4.4472E-01 1.9989E-01 1.9988E-01 3.5552E-06  1.9392E-04 4.0254E-01 4.2375E-07   184
 1.0000E-03 4.4623E-01 1.9568E-01 1.9568E-01 3.5385E-06  1.9351E-04 4.0253E-01 4.2176E-07   184
 1.0000E-03 4.4774E-01 1.9105E-01 1.9105E-01 3.5131E-06  1.9300E-04 4.0253E-01 4.1873E-07   184
 1.0000E-03 4.4925E-01 1.8604E-01 1.8604E-01 3.4792E-06  1.9235E-04 4.0254E-01 4.1469E-07   184
 1.0000E-03 4.5075E-01 1.8069E-01 1.8069E-01 3.4374E-06  1.9203E-04 4.0253E-01 4.0970E-07   184
 1.0000E-03 4.5226E-01 1.7504E-01 1.7504E-01 3.3878E-06  1.9151E-04 4.0253E-01 4.0380E-07   184
 1.0000E-03 4.5377E-01 1.6914E-01 1.6914E-01 3.3312E-06  1.9108E-04 4.0253E-01 3.9705E-07   184
 1.0000E-03 4.5528E-01 1.6303E-01 1.6302E-01 3.2677E-06  1.9038E-04 4.0254E-01 3.8949E-07   184
 1.0000E-03 4.5678E-01 1.5677E-01 1.5677E-01 3.1982E-06  1.8979E-04 4.0254E-01 3.8119E-07   184
 1.0000E-03 4.5829E-01 1.5042E-01 1.5042E-01 3.1234E-06  1.8929E-04 4.0254E-01 3.7228E-07   184
 1.0000E-03 4.5980E-01 1.4403E-01 1.4403E-01 3.0441E-06  1.8883E-04 4.0253E-01 3.6283E-07   184
 1.0000E-03 4.6131E-01 1.3765E-01 1.3765E-01 2.9611E-06  1.8838E-04 4.0253E-01 3.5294E-07   184
 1.0000E-03 4.6281E-01 1.3132E-01 1.3132E-01 2.8752E-06  1.8786E-04 4.0253E-01 3.4270E-07   184
 1.0000E-03 4.6432E-01 1.2509E-01 1.2508E-01 2.7871E-06  1.8751E-04 4.0253E-01 3.3220E-07   184
 1.0000E-03 4.6583E-01 1.1899E-01 1.1899E-01 2.6977E-06  1.8687E-04 4.0253E-01 3.2155E-07   184
 1.0000E-03 4.6734E-01 1.1308E-01 1.1307E-01 2.6079E-06  1.8682E-04 4.0253E-01 3.1084E-07   184
 1.0000E-03 4.6884E-01 1.0736E-01 1.0735E-01 2.5181E-06  1.8627E-04 4.0253E-01 3.0015E-07   184
 1.0000E-03 4.7035E-01 1.0186E-01 1.0185E-01 2.4291E-06  1.8554E-04 4.0254E-01 2.8954E-07   184
 1.0000E-03 4.7186E-01 9.6587E-02 9.6585E-02 2.3413E-06  1.8550E-04 4.0253E-01 2.7907E-07   184
 1.0000E-03 4.7337E-01 9.1562E-02 9.1561E-02 2.2551E-06  1.8450E-04 4.0253E-01 2.6880E-07   184
 1.0000E-03 4.7487E-01 8.6796E-02 8.6794E-02 2.1711E-06  1.8479E-04 4.0253E-01 2.5877E-07   184
 1.0000E-03 4.7638E-01 8.2285E-02 8.2282E-02 2.0895E-06  1.8401E-04 4.0253E-01 2.4905E-07   184
 1.0000E-03 4.7789E-01 7.8025E-02 7.8023E-02 2.0105E-06  1.8302E-04 4.0253E-01 2.3964E-07   184
 1.0000E-03 4.7940E-01 7.4010E-02 7.4008E-02 1.9343E-06  1.8316E-04 4.0253E-01 2.3055E-07   184
 1.0000E-03 4.8090E-01 7.0233E-02 7.0231E-02 1.8609E-06  1.8192E-04 4.0253E-01 2.2181E-07   184
 1.0000E-03 4.8241E-01 6.6685E-02 6.6684E-02 1.7905E-06  1.8235E-04 4.0253E-01 2.1341E-07   184
 1.0000E-03 4.8392E-01 6.3360E-02 6.3359E-02 1.7231E-06  1.8147E-04 4.0253E-01 2.0538E-07   184
 1.0000E-03 4.8543E-01 6.0241E-02 6.0240E-02 1.6586E-06  1.8122E-04 4.0253E-01 1.9769E-07   184
 1.0000E-03 4.8693E-01 5.7317E-02 5.7315E-02 1.5971E-06  1.8103E-04 4.0253E-01 1.9036E-07   184
 1.0000E-03 4.8844E-01 5.4574E-02 5.4573E-02 1.5383E-06  1.8061E-04 4.0254E-01 1.8336E-07   184
 1.0000E-03 4.8995E-01 5.2003E-02 5.2002E-02 1.4822E-06  1.7987E-04 4.0254E-01 1.7667E-07   184
 1.0000E-03 4.9146E-01 4.9593E-02 4.9591E-02 1.4287E-06  1.7905E-04 4.0253E-01 1.7030E-07   184
 1.0000E-03 4.9296E-01 4.7332E-02 4.7331E-02 1.3778E-06  1.7942E-04 4.0253E-01 1.6423E-07   184
 1.0000E-03 4.9447E-01 4.5209E-02 4.5208E-02 1.3292E-06  1.7833E-04 4.0253E-01 1.5844E-07   184
 1.0000E-03 4.9598E-01 4.3216E-02 4.3214E-02 1.2829E-06  1.7795E-04 4.0253E-01 1.5292E-07   184
 1.0000E-03 4.9749E-01 4.1343E-02 4.1342E-02 1.2388E-06  1.7768E-04 4.0253E-01 1.4766E-07   184
 1.0000E-03 4.9900E-01 3.9584E-02 3.9583E-02 1.1967E-06  1.7773E-04 4.0254E-01 1.4264E-07   184
 1.0000E-03 5.0050E-01 3.7930E-02 3.7929E-02 1.1565E-06  1.7684E-04 4.0253E-01 1.3785E-07   184
 1.0000E-03 5.0201E-01 3.6375E-02 3.6374E-02 1.1182E-06  1.7647E-04 4.0253E-01 1.3329E-07   184
 1.0000E-03 5.0352E-01 3.4911E-02 3.4910E-02 1.0817E-06  1.7602E-04 4.0253E-01 1.2893E-07   184
 1.0000E-03 5.0503E-01 3.3532E-02 3.3531E-02 1.0468E-06  1.7540E-04 4.0253E-01 1.2478E-07   184
 1.0000E-03 5.0653E-01 3.2233E-02 3.2232E-02 1.0135E-06  1.7548E-04 4.0253E-01 1.2081E-07   184
 1.0000E-03 5.0804E-01 3.1008E-02 3.1008E-02 9.8175E-07  1.7504E-04 4.0254E-01 1.1702E-07   184
 1.0000E-03 5.0955E-01 2.9854E-02 2.9853E-02 9.5137E-07  1.7492E-04 4.0253E-01 1.1340E-07   184
 1.0000E-03 5.1106E-01 2.8763E-02 2.8762E-02 9.2234E-07  1.7394E-04 4.0253E-01 1.0994E-07   184
 1.0000E-03 5.1256E-01 2.7731E-02 2.7730E-02 8.9458E-07  1.7391E-04 4.0253E-01 1.0663E-07   184
 1.0000E-03 5.1407E-01 2.6755E-02 2.6754E-02 8.6802E-07  1.7352E-04 4.0253E-01 1.0346E-07   184
 1.0000E-03 5.1558E-01 2.5830E-02 2.5830E-02 8.4259E-07  1.7290E-04 4.0253E-01 1.0043E-07   184
 1.0000E-03 5.1709E-01 2.4956E-02 2.4954E-02 8.1824E-07  1.7264E-04 4.0253E-01 9.7531E-08   184
 1.0000E-03 5.1859E-01 2.4126E-02 2.4125E-02 7.9490E-07  1.7197E-04 4.0253E-01 9.4748E-08   184
 1.0000E-03 5.2010E-01 2.3339E-02 2.3338E-02 7.7253E-07  1.7192E-04 4.0253E-01 9.2082E-08   184
 1.0000E-03 5.2161E-01 2.2591E-02 2.2590E-02 7.5107E-07  1.7174E-04 4.0253E-01 8.9525E-08   184
 1.0000E-03 5.2312E-01 2.1881E-02 2.1880E-02 7.3047E-07  1.7030E-04 4.0253E-01 8.7070E-08   184
 1.0000E-03 5.2462E-01 2.1205E-02 2.1205E-02 7.1070E-07  1.7071E-04 4.0253E-01 8.4712E-08   184
 1.0000E-03 5.2613E-01 2.0564E-02 2.0563E-02 6.9170E-07  1.7037E-04 4.0253E-01 8.2448E-08   184
 1.0000E-03 5.2764E-01 1.9954E-02 1.9953E-02 6.7344E-07  1.6968E-04 4.0253E-01 8.0271E-08   184
 1.0000E-03 5.2915E-01 1.9373E-02 1.9372E-02 6.5589E-07  1.6996E-04 4.0253E-01 7.8180E-08   184
 1.0000E-03 5.3065E-01 1.8820E-02 1.8819E-02 6.3901E-07  1.6953E-04 4.0253E-01 7.6166E-08   184
 1.0000E-03 5.3216E-01 1.8293E-02 1.8292E-02 6.2277E-07  1.6926E-04 4.0253E-01 7.4232E-08   184
 1.0000E-03 5.3367E-01 1.7790E-02 1.7789E-02 6.0714E-07  1.6844E-04 4.0254E-01 7.2370E-08   184
 1.0000E-03 5.3518E-01 1.7311E-02 1.7310E-02 5.9210E-07  1.6815E-04 4.0253E-01 7.0576E-08   184
 1.0000E-03 5.3668E-01 1.6853E-02 1.6852E-02 5.7761E-07  1.6784E-04 4.0253E-01 6.8850E-08   184
 1.0000E-03 5.3819E-01 1.6414E-02 1.6414E-02 5.6366E-07  1.6801E-04 4.0253E-01 6.7187E-08   184
 1.0000E-03 5.3970E-01 1.5994E-02 1.5994E-02 5.5021E-07  1.6730E-04 4.0253E-01 6.5584E-08   184
 1.0000E-03 5.4121E-01 1.5592E-02 1.5591E-02 5.3724E-07  1.6657E-04 4.0253E-01 6.4038E-08   184
 1.0000E-03 5.4271E-01 1.5205E-02 1.5204E-02 5.2472E-07  1.6708E-04 4.0253E-01 6.2545E-08   184
 1.0000E-03 5.4422E-01 1.4833E-02 1.4832E-02 5.1264E-07  1.6613E-04 4.0254E-01 6.1106E-08   184
 1.0000E-03 5.4573E-01 1.4475E-02 1.4474E-02 5.0096E-07  1.6619E-04 4.0253E-01 5.9714E-08   184
 1.0000E-03 5.4724E-01 1.4130E-02 1.4129E-02 4.8968E-07  1.6539E-04 4.0253E-01 5.8370E-08   184
 1.0000E-03 5.4874E-01 1.3797E-02 1.3797E-02 4.7877E-07  1.6583E-04 4.0253E-01 5.7069E-08   184
 1.0000E-03 5.5025E-01 1.3476E-02 1.3476E-02 4.6821E-07  1.6470E-04 4.0253E-01 5.5809E-08   184
 1.0000E-03 5.5176E-01 1.3166E-02 1.3166E-02 4.5798E-07  1.6468E-04 4.0253E-01 5.4591E-08   184
 1.0000E-03 5.5327E-01 1.2867E-02 1.2867E-02 4.4808E-07  1.6440E-04 4.0253E-01 5.3410E-08   184
 1.0000E-03 5.5477E-01 1.2579E-02 1.2578E-02 4.3848E-07  1.6361E-04 4.0253E-01 5.2266E-08   184
 1.0000E-03 5.5628E-01 1.2300E-02 1.2300E-02 4.2917E-07  1.6376E-04 4.0253E-01 5.1157E-08   184
 1.0000E-03 5.5779E-01 1.2031E-02 1.2031E-02 4.2014E-07  1.6373E-04 4.0253E-01 5.0080E-08   184
 1.0000E-03 5.5930E-01 1.1772E-02 1.1771E-02 4.1139E-07  1.6315E-04 4.0253E-01 4.9037E-08   184
 1.0000E-03 5.6080E-01 1.1522E-02 1.1521E-02 4.0289E-07  1.6238E-04 4.0253E-01 4.8023E-08   184
 1.0000E-03 5.6231E-01 1.1280E-02 1.1280E-02 3.9464E-07  1.6263E-04 4.0253E-01 4.7041E-08   184
 1.0000E-03 5.6382E-01 1.1047E-02 1.1047E-02 3.8663E-07  1.6236E-04 4.0253E-01 4.6086E-08   184
 1.0000E-03 5.6533E-01 1.0822E-02 1.0822E-02 3.7886E-07  1.6196E-04 4.0253E-01 4.5159E-08   184
 1.0000E-03 5.6683E-01 1.0605E-02 1.0605E-02 3.7131E-07  1.6174E-04 4.0253E-01 4.4260E-08   184
 1.0000E-03 5.6834E-01 1.0396E-02 1.0395E-02 3.6397E-07  1.6086E-04 4.0253E-01 4.3385E-08   184
 1.0000E-03 5.6985E-01 1.0193E-02 1.0193E-02 3.5684E-07  1.6084E-04 4.0253E-01 4.2536E-08   184
 1.0000E-03 5.7136E-01 9.9970E-03 9.9967E-03 3.4992E-07  1.6048E-04 4.0253E-01 4.1710E-08   184
