 DDSCAT --- DDSCAT 7.3.3 [22.01.20]   
 TARGET --->TARGSPHER  spherical target with explicit spacing                 
 GPFAFT --- method of solution 
 FLTRCD --- prescription for polarizabilities
 FROM_FILE --- shape 
    4169 = NAT0 = number of dipoles
 ../../diel/Pena-Rioux_dielectric_26Au_74Ag                  
 ../../diel/Pena-Rioux_dielectric_34Au_66Ag                  
 ../../diel/Pena-Rioux_dielectric_52Au_48Ag                  
 ../../diel/Pena-Rioux_dielectric_85Au_15Ag                  
   0.000   0.000 = beta_min, beta_max ;  NBETA = 1
   0.000   0.000 = theta_min, theta_max; NTHETA= 1
   0.000   0.000 = phi_min, phi_max   ;   NPHI = 1
 0.5000 = ETASCA (param. controlling # of scatt. dirs used to calculate <cos> etc.
 Results averaged over    1 target orientations
                   and  2 incident polarizations
   aeff       wave       Q_ext     Q_abs      Q_sca     g(1)=<cos>  <cos^2>    Q_bk       Nsca
 8.0000E-02 3.0000E-01 2.7205E+00 1.5324E+00 1.1881E+00  6.5211E-01 6.1648E-01 2.5644E-02   656
 8.0000E-02 3.0101E-01 2.7160E+00 1.5336E+00 1.1824E+00  6.5171E-01 6.1532E-01 2.5498E-02   656
 8.0000E-02 3.0203E-01 2.7113E+00 1.5347E+00 1.1766E+00  6.5131E-01 6.1415E-01 2.5333E-02   656
 8.0000E-02 3.0305E-01 2.7065E+00 1.5357E+00 1.1708E+00  6.5090E-01 6.1295E-01 2.5150E-02   656
 8.0000E-02 3.0408E-01 2.7014E+00 1.5367E+00 1.1648E+00  6.5049E-01 6.1174E-01 2.4949E-02   656
 8.0000E-02 3.0512E-01 2.6962E+00 1.5375E+00 1.1587E+00  6.5006E-01 6.1051E-01 2.4731E-02   656
 8.0000E-02 3.0616E-01 2.6907E+00 1.5383E+00 1.1525E+00  6.4964E-01 6.0926E-01 2.4494E-02   656
 8.0000E-02 3.0722E-01 2.6851E+00 1.5389E+00 1.1461E+00  6.4920E-01 6.0800E-01 2.4239E-02   656
 8.0000E-02 3.0828E-01 2.6793E+00 1.5395E+00 1.1398E+00  6.4875E-01 6.0671E-01 2.3970E-02   656
 8.0000E-02 3.0934E-01 2.6735E+00 1.5400E+00 1.1336E+00  6.4826E-01 6.0539E-01 2.3694E-02   656
 8.0000E-02 3.1042E-01 2.6677E+00 1.5404E+00 1.1273E+00  6.4775E-01 6.0404E-01 2.3407E-02   656
 8.0000E-02 3.1150E-01 2.6617E+00 1.5406E+00 1.1210E+00  6.4720E-01 6.0267E-01 2.3109E-02   656
 8.0000E-02 3.1259E-01 2.6555E+00 1.5408E+00 1.1148E+00  6.4663E-01 6.0128E-01 2.2800E-02   656
 8.0000E-02 3.1368E-01 2.6493E+00 1.5408E+00 1.1084E+00  6.4602E-01 5.9986E-01 2.2482E-02   656
 8.0000E-02 3.1479E-01 2.6429E+00 1.5408E+00 1.1021E+00  6.4538E-01 5.9841E-01 2.2154E-02   656
 8.0000E-02 3.1590E-01 2.6363E+00 1.5406E+00 1.0957E+00  6.4470E-01 5.9694E-01 2.1818E-02   656
 8.0000E-02 3.1702E-01 2.6296E+00 1.5402E+00 1.0894E+00  6.4398E-01 5.9544E-01 2.1474E-02   656
 8.0000E-02 3.1815E-01 2.6227E+00 1.5398E+00 1.0829E+00  6.4322E-01 5.9391E-01 2.1123E-02   656
 8.0000E-02 3.1929E-01 2.6156E+00 1.5392E+00 1.0764E+00  6.4240E-01 5.9235E-01 2.0768E-02   656
 8.0000E-02 3.2043E-01 2.6084E+00 1.5384E+00 1.0700E+00  6.4153E-01 5.9076E-01 2.0409E-02   656
 8.0000E-02 3.2158E-01 2.6011E+00 1.5375E+00 1.0636E+00  6.4060E-01 5.8915E-01 2.0049E-02   657
 8.0000E-02 3.2274E-01 2.5936E+00 1.5364E+00 1.0572E+00  6.3962E-01 5.8751E-01 1.9688E-02   657
 8.0000E-02 3.2391E-01 2.5860E+00 1.5352E+00 1.0508E+00  6.3866E-01 5.8595E-01 1.9326E-02   602
 8.0000E-02 3.2509E-01 2.5783E+00 1.5338E+00 1.0445E+00  6.3755E-01 5.8425E-01 1.8966E-02   602
 8.0000E-02 3.2628E-01 2.5705E+00 1.5322E+00 1.0383E+00  6.3637E-01 5.8253E-01 1.8608E-02   602
 8.0000E-02 3.2747E-01 2.5622E+00 1.5303E+00 1.0319E+00  6.3513E-01 5.8077E-01 1.8248E-02   602
 8.0000E-02 3.2868E-01 2.5540E+00 1.5283E+00 1.0257E+00  6.3380E-01 5.7900E-01 1.7898E-02   602
 8.0000E-02 3.2989E-01 2.5459E+00 1.5260E+00 1.0199E+00  6.3239E-01 5.7719E-01 1.7561E-02   602
 8.0000E-02 3.3111E-01 2.5380E+00 1.5236E+00 1.0143E+00  6.3089E-01 5.7536E-01 1.7237E-02   602
 8.0000E-02 3.3234E-01 2.5302E+00 1.5211E+00 1.0091E+00  6.2930E-01 5.7351E-01 1.6928E-02   603
 8.0000E-02 3.3358E-01 2.5226E+00 1.5183E+00 1.0043E+00  6.2760E-01 5.7163E-01 1.6636E-02   603
 8.0000E-02 3.3483E-01 2.5153E+00 1.5154E+00 9.9990E-01  6.2581E-01 5.6972E-01 1.6362E-02   603
 8.0000E-02 3.3609E-01 2.5086E+00 1.5124E+00 9.9626E-01  6.2388E-01 5.6779E-01 1.6119E-02   603
 8.0000E-02 3.3736E-01 2.5028E+00 1.5093E+00 9.9355E-01  6.2182E-01 5.6583E-01 1.5910E-02   604
 8.0000E-02 3.3864E-01 2.4976E+00 1.5061E+00 9.9149E-01  6.1966E-01 5.6385E-01 1.5726E-02   604
 8.0000E-02 3.3992E-01 2.4930E+00 1.5029E+00 9.9014E-01  6.1738E-01 5.6186E-01 1.5569E-02   604
 8.0000E-02 3.4122E-01 2.4891E+00 1.4996E+00 9.8952E-01  6.1499E-01 5.5985E-01 1.5441E-02   604
 8.0000E-02 3.4253E-01 2.4859E+00 1.4963E+00 9.8967E-01  6.1249E-01 5.5782E-01 1.5341E-02   604
 8.0000E-02 3.4385E-01 2.4835E+00 1.4928E+00 9.9065E-01  6.0988E-01 5.5578E-01 1.5273E-02   604
 8.0000E-02 3.4517E-01 2.4819E+00 1.4895E+00 9.9250E-01  6.0715E-01 5.5373E-01 1.5237E-02   604
 8.0000E-02 3.4651E-01 2.4813E+00 1.4862E+00 9.9514E-01  6.0434E-01 5.5168E-01 1.5229E-02   605
 8.0000E-02 3.4786E-01 2.4814E+00 1.4829E+00 9.9854E-01  6.0144E-01 5.4962E-01 1.5249E-02   605
 8.0000E-02 3.4922E-01 2.4824E+00 1.4796E+00 1.0027E+00  5.9845E-01 5.4756E-01 1.5298E-02   605
 8.0000E-02 3.5059E-01 2.4841E+00 1.4764E+00 1.0077E+00  5.9536E-01 5.4549E-01 1.5377E-02   605
 8.0000E-02 3.5197E-01 2.4866E+00 1.4731E+00 1.0135E+00  5.9217E-01 5.4342E-01 1.5488E-02   605
 8.0000E-02 3.5336E-01 2.4900E+00 1.4699E+00 1.0201E+00  5.8889E-01 5.4136E-01 1.5631E-02   606
 8.0000E-02 3.5476E-01 2.4940E+00 1.4667E+00 1.0274E+00  5.8555E-01 5.3929E-01 1.5798E-02   606
 8.0000E-02 3.5618E-01 2.4988E+00 1.4635E+00 1.0353E+00  5.8214E-01 5.3723E-01 1.5992E-02   606
 8.0000E-02 3.5760E-01 2.5043E+00 1.4602E+00 1.0440E+00  5.7875E-01 5.3528E-01 1.6217E-02   551
 8.0000E-02 3.5904E-01 2.5105E+00 1.4570E+00 1.0535E+00  5.7517E-01 5.3322E-01 1.6474E-02   551
 8.0000E-02 3.6048E-01 2.5176E+00 1.4538E+00 1.0638E+00  5.7153E-01 5.3117E-01 1.6763E-02   551
 8.0000E-02 3.6194E-01 2.5255E+00 1.4507E+00 1.0749E+00  5.6781E-01 5.2913E-01 1.7086E-02   551
 8.0000E-02 3.6341E-01 2.5342E+00 1.4474E+00 1.0868E+00  5.6402E-01 5.2708E-01 1.7444E-02   551
 8.0000E-02 3.6490E-01 2.5436E+00 1.4441E+00 1.0995E+00  5.6015E-01 5.2504E-01 1.7838E-02   551
 8.0000E-02 3.6639E-01 2.5538E+00 1.4409E+00 1.1130E+00  5.5622E-01 5.2302E-01 1.8270E-02   551
 8.0000E-02 3.6790E-01 2.5650E+00 1.4376E+00 1.1274E+00  5.5224E-01 5.2100E-01 1.8740E-02   551
 8.0000E-02 3.6942E-01 2.5771E+00 1.4344E+00 1.1428E+00  5.4820E-01 5.1900E-01 1.9250E-02   551
 8.0000E-02 3.7095E-01 2.5902E+00 1.4312E+00 1.1590E+00  5.4413E-01 5.1703E-01 1.9801E-02   551
 8.0000E-02 3.7250E-01 2.6044E+00 1.4280E+00 1.1763E+00  5.4001E-01 5.1507E-01 2.0397E-02   551
 8.0000E-02 3.7406E-01 2.6197E+00 1.4250E+00 1.1947E+00  5.3586E-01 5.1313E-01 2.1043E-02   552
 8.0000E-02 3.7563E-01 2.6361E+00 1.4220E+00 1.2141E+00  5.3170E-01 5.1122E-01 2.1731E-02   552
 8.0000E-02 3.7722E-01 2.6537E+00 1.4193E+00 1.2345E+00  5.2753E-01 5.0934E-01 2.2464E-02   552
 8.0000E-02 3.7881E-01 2.6725E+00 1.4166E+00 1.2560E+00  5.2337E-01 5.0748E-01 2.3241E-02   552
 8.0000E-02 3.8043E-01 2.6926E+00 1.4141E+00 1.2785E+00  5.1921E-01 5.0566E-01 2.4065E-02   552
 8.0000E-02 3.8205E-01 2.7141E+00 1.4119E+00 1.3022E+00  5.1509E-01 5.0387E-01 2.4936E-02   552
 8.0000E-02 3.8369E-01 2.7369E+00 1.4100E+00 1.3269E+00  5.1101E-01 5.0212E-01 2.5847E-02   552
 8.0000E-02 3.8534E-01 2.7610E+00 1.4083E+00 1.3527E+00  5.0699E-01 5.0040E-01 2.6800E-02   552
 8.0000E-02 3.8701E-01 2.7866E+00 1.4070E+00 1.3796E+00  5.0301E-01 4.9872E-01 2.7795E-02   552
 8.0000E-02 3.8870E-01 2.8136E+00 1.4060E+00 1.4077E+00  4.9910E-01 4.9707E-01 2.8833E-02   552
 8.0000E-02 3.9039E-01 2.8422E+00 1.4053E+00 1.4369E+00  4.9526E-01 4.9546E-01 2.9914E-02   552
 8.0000E-02 3.9211E-01 2.8723E+00 1.4051E+00 1.4672E+00  4.9150E-01 4.9388E-01 3.1025E-02   552
 8.0000E-02 3.9383E-01 2.9039E+00 1.4053E+00 1.4986E+00  4.8783E-01 4.9234E-01 3.2172E-02   552
 8.0000E-02 3.9558E-01 2.9371E+00 1.4060E+00 1.5311E+00  4.8426E-01 4.9082E-01 3.3350E-02   552
 8.0000E-02 3.9733E-01 2.9719E+00 1.4072E+00 1.5648E+00  4.8079E-01 4.8934E-01 3.4559E-02   552
 8.0000E-02 3.9911E-01 3.0085E+00 1.4089E+00 1.5997E+00  4.7743E-01 4.8788E-01 3.5795E-02   552
 8.0000E-02 4.0090E-01 3.0468E+00 1.4111E+00 1.6357E+00  4.7429E-01 4.8658E-01 3.7051E-02   499
 8.0000E-02 4.0270E-01 3.0869E+00 1.4139E+00 1.6729E+00  4.7116E-01 4.8517E-01 3.8318E-02   499
 8.0000E-02 4.0452E-01 3.1286E+00 1.4174E+00 1.7113E+00  4.6816E-01 4.8378E-01 3.9592E-02   499
 8.0000E-02 4.0636E-01 3.1723E+00 1.4214E+00 1.7509E+00  4.6530E-01 4.8239E-01 4.0859E-02   499
 8.0000E-02 4.0822E-01 3.2179E+00 1.4262E+00 1.7917E+00  4.6258E-01 4.8101E-01 4.2108E-02   499
 8.0000E-02 4.1009E-01 3.2654E+00 1.4316E+00 1.8338E+00  4.6002E-01 4.7963E-01 4.3323E-02   499
 8.0000E-02 4.1198E-01 3.3149E+00 1.4378E+00 1.8771E+00  4.5763E-01 4.7825E-01 4.4485E-02   499
 8.0000E-02 4.1389E-01 3.3664E+00 1.4447E+00 1.9217E+00  4.5541E-01 4.7684E-01 4.5570E-02   499
 8.0000E-02 4.1581E-01 3.4199E+00 1.4523E+00 1.9676E+00  4.5337E-01 4.7542E-01 4.6559E-02   500
 8.0000E-02 4.1776E-01 3.4756E+00 1.4608E+00 2.0148E+00  4.5151E-01 4.7395E-01 4.7425E-02   500
 8.0000E-02 4.1972E-01 3.5334E+00 1.4701E+00 2.0634E+00  4.4984E-01 4.7244E-01 4.8139E-02   501
 8.0000E-02 4.2170E-01 3.5934E+00 1.4801E+00 2.1133E+00  4.4835E-01 4.7088E-01 4.8678E-02   501
 8.0000E-02 4.2370E-01 3.6554E+00 1.4908E+00 2.1647E+00  4.4702E-01 4.6923E-01 4.9014E-02   501
 8.0000E-02 4.2571E-01 3.7195E+00 1.5022E+00 2.2173E+00  4.4583E-01 4.6751E-01 4.9124E-02   501
 8.0000E-02 4.2775E-01 3.7854E+00 1.5142E+00 2.2712E+00  4.4475E-01 4.6569E-01 4.8982E-02   501
 8.0000E-02 4.2981E-01 3.8528E+00 1.5267E+00 2.3262E+00  4.4375E-01 4.6376E-01 4.8568E-02   501
 8.0000E-02 4.3188E-01 3.9213E+00 1.5394E+00 2.3819E+00  4.4277E-01 4.6171E-01 4.7869E-02   501
 8.0000E-02 4.3398E-01 3.9904E+00 1.5522E+00 2.4382E+00  4.4179E-01 4.5954E-01 4.6873E-02   501
 8.0000E-02 4.3610E-01 4.0596E+00 1.5650E+00 2.4946E+00  4.4076E-01 4.5725E-01 4.5571E-02   501
 8.0000E-02 4.3824E-01 4.1284E+00 1.5776E+00 2.5508E+00  4.3966E-01 4.5484E-01 4.3969E-02   501
 8.0000E-02 4.4039E-01 4.1962E+00 1.5899E+00 2.6063E+00  4.3845E-01 4.5232E-01 4.2078E-02   501
 8.0000E-02 4.4257E-01 4.2626E+00 1.6017E+00 2.6609E+00  4.3711E-01 4.4972E-01 3.9927E-02   501
 8.0000E-02 4.4478E-01 4.3273E+00 1.6131E+00 2.7142E+00  4.3563E-01 4.4704E-01 3.7539E-02   501
 8.0000E-02 4.4700E-01 4.3899E+00 1.6240E+00 2.7659E+00  4.3400E-01 4.4432E-01 3.4956E-02   501
 8.0000E-02 4.4925E-01 4.4503E+00 1.6344E+00 2.8159E+00  4.3221E-01 4.4156E-01 3.2238E-02   501
 8.0000E-02 4.5152E-01 4.5082E+00 1.6443E+00 2.8638E+00  4.3025E-01 4.3880E-01 2.9435E-02   501
 8.0000E-02 4.5381E-01 4.5635E+00 1.6538E+00 2.9097E+00  4.2811E-01 4.3605E-01 2.6610E-02   501
 8.0000E-02 4.5612E-01 4.6159E+00 1.6627E+00 2.9532E+00  4.2591E-01 4.3346E-01 2.3829E-02   452
 8.0000E-02 4.5846E-01 4.6653E+00 1.6711E+00 2.9942E+00  4.2335E-01 4.3077E-01 2.1164E-02   452
 8.0000E-02 4.6082E-01 4.7114E+00 1.6789E+00 3.0325E+00  4.2056E-01 4.2813E-01 1.8683E-02   452
 8.0000E-02 4.6321E-01 4.7537E+00 1.6860E+00 3.0677E+00  4.1751E-01 4.2557E-01 1.6457E-02   452
 8.0000E-02 4.6563E-01 4.7923E+00 1.6924E+00 3.0999E+00  4.1422E-01 4.2309E-01 1.4543E-02   452
 8.0000E-02 4.6806E-01 4.8273E+00 1.6981E+00 3.1292E+00  4.1067E-01 4.2070E-01 1.2991E-02   452
 8.0000E-02 4.7053E-01 4.8590E+00 1.7030E+00 3.1560E+00  4.0691E-01 4.1842E-01 1.1819E-02   452
 8.0000E-02 4.7302E-01 4.8878E+00 1.7073E+00 3.1805E+00  4.0297E-01 4.1625E-01 1.1029E-02   452
 8.0000E-02 4.7553E-01 4.9145E+00 1.7109E+00 3.2036E+00  3.9889E-01 4.1417E-01 1.0604E-02   452
 8.0000E-02 4.7807E-01 4.9397E+00 1.7140E+00 3.2257E+00  3.9471E-01 4.1219E-01 1.0523E-02   452
 8.0000E-02 4.8065E-01 4.9637E+00 1.7164E+00 3.2472E+00  3.9041E-01 4.1029E-01 1.0774E-02   452
 8.0000E-02 4.8324E-01 4.9867E+00 1.7179E+00 3.2688E+00  3.8601E-01 4.0844E-01 1.1356E-02   452
 8.0000E-02 4.8587E-01 5.0089E+00 1.7181E+00 3.2908E+00  3.8144E-01 4.0664E-01 1.2291E-02   452
 8.0000E-02 4.8852E-01 5.0298E+00 1.7165E+00 3.3133E+00  3.7665E-01 4.0485E-01 1.3633E-02   452
 8.0000E-02 4.9121E-01 5.0491E+00 1.7124E+00 3.3367E+00  3.7152E-01 4.0308E-01 1.5466E-02   452
 8.0000E-02 4.9392E-01 5.0658E+00 1.7050E+00 3.3608E+00  3.6595E-01 4.0130E-01 1.7897E-02   452
 8.0000E-02 4.9667E-01 5.0790E+00 1.6937E+00 3.3853E+00  3.5980E-01 3.9953E-01 2.1056E-02   452
 8.0000E-02 4.9944E-01 5.0877E+00 1.6778E+00 3.4099E+00  3.5299E-01 3.9776E-01 2.5058E-02   452
 8.0000E-02 5.0225E-01 5.0909E+00 1.6569E+00 3.4340E+00  3.4543E-01 3.9602E-01 3.0000E-02   452
 8.0000E-02 5.0508E-01 5.0877E+00 1.6309E+00 3.4569E+00  3.3710E-01 3.9431E-01 3.5940E-02   452
 8.0000E-02 5.0795E-01 5.0776E+00 1.5999E+00 3.4777E+00  3.2800E-01 3.9265E-01 4.2882E-02   452
 8.0000E-02 5.1086E-01 5.0600E+00 1.5642E+00 3.4958E+00  3.1816E-01 3.9105E-01 5.0798E-02   452
 8.0000E-02 5.1379E-01 5.0345E+00 1.5244E+00 3.5101E+00  3.0763E-01 3.8952E-01 5.9622E-02   453
 8.0000E-02 5.1676E-01 5.0011E+00 1.4810E+00 3.5201E+00  2.9647E-01 3.8807E-01 6.9277E-02   453
 8.0000E-02 5.1977E-01 4.9595E+00 1.4345E+00 3.5250E+00  2.8472E-01 3.8670E-01 7.9668E-02   453
 8.0000E-02 5.2281E-01 4.9104E+00 1.3859E+00 3.5245E+00  2.7247E-01 3.8545E-01 9.0698E-02   453
 8.0000E-02 5.2588E-01 4.8547E+00 1.3359E+00 3.5188E+00  2.5979E-01 3.8431E-01 1.0227E-01   453
 8.0000E-02 5.2899E-01 4.7931E+00 1.2849E+00 3.5081E+00  2.4683E-01 3.8343E-01 1.1434E-01   407
 8.0000E-02 5.3214E-01 4.7272E+00 1.2339E+00 3.4933E+00  2.3341E-01 3.8258E-01 1.2684E-01   407
 8.0000E-02 5.3533E-01 4.6590E+00 1.1837E+00 3.4753E+00  2.1981E-01 3.8192E-01 1.3963E-01   407
 8.0000E-02 5.3855E-01 4.5910E+00 1.1356E+00 3.4553E+00  2.0619E-01 3.8147E-01 1.5254E-01   407
 8.0000E-02 5.4182E-01 4.5256E+00 1.0908E+00 3.4348E+00  1.9284E-01 3.8123E-01 1.6531E-01   407
 8.0000E-02 5.4512E-01 4.4645E+00 1.0501E+00 3.4145E+00  1.7996E-01 3.8118E-01 1.7772E-01   407
 8.0000E-02 5.4847E-01 4.4086E+00 1.0140E+00 3.3946E+00  1.6770E-01 3.8130E-01 1.8956E-01   408
 8.0000E-02 5.5185E-01 4.3578E+00 9.8268E-01 3.3751E+00  1.5615E-01 3.8155E-01 2.0069E-01   408
 8.0000E-02 5.5528E-01 4.3115E+00 9.5629E-01 3.3552E+00  1.4535E-01 3.8189E-01 2.1099E-01   408
 8.0000E-02 5.5875E-01 4.2689E+00 9.3479E-01 3.3341E+00  1.3528E-01 3.8228E-01 2.2039E-01   408
 8.0000E-02 5.6226E-01 4.2290E+00 9.1826E-01 3.3108E+00  1.2591E-01 3.8272E-01 2.2883E-01   408
 8.0000E-02 5.6582E-01 4.1913E+00 9.0689E-01 3.2844E+00  1.1721E-01 3.8317E-01 2.3626E-01   408
 8.0000E-02 5.6943E-01 4.1553E+00 9.0085E-01 3.2544E+00  1.0916E-01 3.8364E-01 2.4264E-01   408
 8.0000E-02 5.7308E-01 4.1214E+00 9.0020E-01 3.2212E+00  1.0175E-01 3.8413E-01 2.4802E-01   408
 8.0000E-02 5.7677E-01 4.0898E+00 9.0465E-01 3.1852E+00  9.4979E-02 3.8462E-01 2.5243E-01   408
 8.0000E-02 5.8052E-01 4.0603E+00 9.1397E-01 3.1463E+00  8.8804E-02 3.8510E-01 2.5591E-01   408
 8.0000E-02 5.8431E-01 4.0321E+00 9.2799E-01 3.1042E+00  8.3179E-02 3.8557E-01 2.5846E-01   408
 8.0000E-02 5.8816E-01 4.0054E+00 9.4621E-01 3.0592E+00  7.8024E-02 3.8603E-01 2.6025E-01   408
 8.0000E-02 5.9205E-01 3.9814E+00 9.6766E-01 3.0137E+00  7.3237E-02 3.8648E-01 2.6166E-01   408
 8.0000E-02 5.9600E-01 3.9633E+00 9.9054E-01 2.9727E+00  6.8717E-02 3.8696E-01 2.6329E-01   408
 8.0000E-02 6.0000E-01 3.9551E+00 1.0126E+00 2.9425E+00  6.4392E-02 3.8751E-01 2.6586E-01   408
