 DDSCAT --- DDSCAT 7.3.3 [22.01.20]   
 TARGET --->TARGSPHER  spherical target with explicit spacing                 
 GPFAFT --- method of solution 
 FLTRCD --- prescription for polarizabilities
 FROM_FILE --- shape 
    4169 = NAT0 = number of dipoles
 ../../diel/Pena-Rioux_dielectric_26Au_74Ag                  
 ../../diel/Pena-Rioux_dielectric_34Au_66Ag                  
 ../../diel/Pena-Rioux_dielectric_52Au_48Ag                  
 ../../diel/Pena-Rioux_dielectric_85Au_15Ag                  
   0.000   0.000 = beta_min, beta_max ;  NBETA = 1
   0.000   0.000 = theta_min, theta_max; NTHETA= 1
   0.000   0.000 = phi_min, phi_max   ;   NPHI = 1
 Results averaged over    1 target orientations
                   and  2 incident polarizations
   aeff       wave       Q_pha       Q_pol       Q_cpol
 8.0000E-02 3.0000E-01 -2.0049E-01  2.3842E-06 -1.6391E-07
 8.0000E-02 3.0101E-01 -1.9941E-01 -5.4836E-06  1.1921E-07
 8.0000E-02 3.0203E-01 -1.9844E-01 -7.1526E-07 -2.8312E-07
 8.0000E-02 3.0305E-01 -1.9760E-01  7.6294E-06  1.4901E-07
 8.0000E-02 3.0408E-01 -1.9688E-01 -3.3379E-06  1.7881E-07
 8.0000E-02 3.0512E-01 -1.9629E-01 -6.1989E-06 -2.2352E-07
 8.0000E-02 3.0616E-01 -1.9584E-01  2.3842E-07 -1.4901E-08
 8.0000E-02 3.0722E-01 -1.9553E-01 -1.4305E-06 -4.3213E-07
 8.0000E-02 3.0828E-01 -1.9537E-01  7.6294E-06 -4.0233E-07
 8.0000E-02 3.0934E-01 -1.9539E-01 -5.9605E-06  8.9407E-07
 8.0000E-02 3.1042E-01 -1.9556E-01 -1.9073E-06 -5.5134E-07
 8.0000E-02 3.1150E-01 -1.9589E-01 -8.3447E-06  3.5763E-07
 8.0000E-02 3.1259E-01 -1.9638E-01 -1.1921E-06 -1.4901E-07
 8.0000E-02 3.1368E-01 -1.9703E-01 -2.6226E-06 -5.9605E-08
 8.0000E-02 3.1479E-01 -1.9786E-01  0.0000E+00 -1.4901E-07
 8.0000E-02 3.1590E-01 -1.9887E-01 -6.1989E-06 -4.9174E-07
 8.0000E-02 3.1702E-01 -2.0008E-01 -5.9605E-06  1.7881E-07
 8.0000E-02 3.1815E-01 -2.0133E-01 -1.6689E-06 -1.4901E-07
 8.0000E-02 3.1929E-01 -2.0279E-01  1.4305E-06  5.9605E-08
 8.0000E-02 3.2043E-01 -2.0448E-01 -7.1526E-07  4.9174E-07
 8.0000E-02 3.2158E-01 -2.0641E-01 -9.2983E-06 -4.4703E-08
 8.0000E-02 3.2274E-01 -2.0861E-01 -2.3842E-07 -1.4901E-07
 8.0000E-02 3.2391E-01 -2.1107E-01  1.2398E-05 -7.4506E-08
 8.0000E-02 3.2509E-01 -2.1382E-01 -4.0531E-06 -4.0233E-07
 8.0000E-02 3.2628E-01 -2.1687E-01 -7.8678E-06  2.6822E-07
 8.0000E-02 3.2747E-01 -2.2048E-01 -4.7684E-07 -3.4273E-07
 8.0000E-02 3.2868E-01 -2.2446E-01  2.3842E-07  4.4703E-08
 8.0000E-02 3.2989E-01 -2.2881E-01  4.0531E-06  5.9605E-08
 8.0000E-02 3.3111E-01 -2.3356E-01  2.6226E-06 -4.4703E-08
 8.0000E-02 3.3234E-01 -2.3871E-01  5.2452E-06 -2.9802E-07
 8.0000E-02 3.3358E-01 -2.4429E-01 -1.9073E-06  2.6822E-07
 8.0000E-02 3.3483E-01 -2.5030E-01 -9.5367E-07 -8.9407E-08
 8.0000E-02 3.3609E-01 -2.5684E-01 -6.9141E-06  5.6624E-07
 8.0000E-02 3.3736E-01 -2.6383E-01 -7.1526E-07 -2.9802E-07
 8.0000E-02 3.3864E-01 -2.7116E-01 -2.3842E-06 -8.9407E-08
 8.0000E-02 3.3992E-01 -2.7883E-01  1.6689E-06 -3.8743E-07
 8.0000E-02 3.4122E-01 -2.8684E-01  4.2915E-06 -5.0664E-07
 8.0000E-02 3.4253E-01 -2.9519E-01 -5.9605E-06  1.1921E-07
 8.0000E-02 3.4385E-01 -3.0388E-01 -4.7684E-07 -3.5763E-07
 8.0000E-02 3.4517E-01 -3.1280E-01 -4.7684E-07 -8.3447E-07
 8.0000E-02 3.4651E-01 -3.2178E-01  3.8147E-06 -8.3447E-07
 8.0000E-02 3.4786E-01 -3.3095E-01  2.6226E-06 -5.9605E-08
 8.0000E-02 3.4922E-01 -3.4030E-01 -2.3842E-07  2.6822E-07
 8.0000E-02 3.5059E-01 -3.4983E-01 -2.3842E-07 -3.5763E-07
 8.0000E-02 3.5197E-01 -3.5952E-01  1.4305E-06 -8.6427E-07
 8.0000E-02 3.5336E-01 -3.6937E-01 -2.6226E-06 -2.9802E-08
 8.0000E-02 3.5476E-01 -3.7928E-01  2.1458E-06  1.7881E-07
 8.0000E-02 3.5618E-01 -3.8928E-01  6.9141E-06  8.3447E-07
 8.0000E-02 3.5760E-01 -3.9940E-01  2.3842E-06  2.6822E-07
 8.0000E-02 3.5904E-01 -4.0965E-01  2.3842E-07 -1.4901E-07
 8.0000E-02 3.6048E-01 -4.2001E-01 -4.7684E-07 -5.3644E-07
 8.0000E-02 3.6194E-01 -4.3050E-01  6.9141E-06  1.7881E-07
 8.0000E-02 3.6341E-01 -4.4113E-01 -2.3842E-07  3.2783E-07
 8.0000E-02 3.6490E-01 -4.5193E-01  6.9141E-06  1.7881E-07
 8.0000E-02 3.6639E-01 -4.6285E-01 -1.4305E-06  1.5497E-06
 8.0000E-02 3.6790E-01 -4.7388E-01 -5.2452E-06  1.1027E-06
 8.0000E-02 3.6942E-01 -4.8503E-01 -3.0994E-06  1.1921E-06
 8.0000E-02 3.7095E-01 -4.9630E-01 -2.3842E-07 -1.6689E-06
 8.0000E-02 3.7250E-01 -5.0771E-01 -4.2915E-06  1.0729E-06
 8.0000E-02 3.7406E-01 -5.1924E-01 -6.9141E-06 -7.1526E-07
 8.0000E-02 3.7563E-01 -5.3084E-01  7.1526E-07  3.0994E-06
 8.0000E-02 3.7722E-01 -5.4249E-01  7.3910E-06 -5.4240E-06
 8.0000E-02 3.7881E-01 -5.5420E-01  3.8147E-06  1.4305E-06
 8.0000E-02 3.8043E-01 -5.6595E-01 -6.1989E-06 -2.3842E-07
 8.0000E-02 3.8205E-01 -5.7770E-01 -9.5367E-07  2.2054E-06
 8.0000E-02 3.8369E-01 -5.8937E-01 -2.3842E-06  1.5497E-06
 8.0000E-02 3.8534E-01 -6.0100E-01  6.1989E-06  0.0000E+00
 8.0000E-02 3.8701E-01 -6.1256E-01 -6.1989E-06  7.1526E-07
 8.0000E-02 3.8870E-01 -6.2402E-01  1.2159E-05 -5.4836E-06
 8.0000E-02 3.9039E-01 -6.3539E-01 -2.1219E-05  1.9073E-06
 8.0000E-02 3.9211E-01 -6.4653E-01 -1.4305E-05 -4.9472E-06
 8.0000E-02 3.9383E-01 -6.5749E-01  7.1526E-07 -5.9605E-08
 8.0000E-02 3.9558E-01 -6.6823E-01 -4.2915E-06 -5.9605E-07
 8.0000E-02 3.9733E-01 -6.7872E-01 -5.4836E-06  4.1723E-07
 8.0000E-02 3.9911E-01 -6.8889E-01  1.9789E-05 -6.8545E-06
 8.0000E-02 4.0090E-01 -6.9872E-01 -5.2452E-06  2.6822E-06
 8.0000E-02 4.0270E-01 -7.0818E-01 -1.4305E-05  5.4240E-06
 8.0000E-02 4.0452E-01 -7.1719E-01  0.0000E+00 -2.9802E-07
 8.0000E-02 4.0636E-01 -7.2572E-01 -4.2915E-06  1.1921E-06
 8.0000E-02 4.0822E-01 -7.3370E-01 -1.6689E-06 -6.0201E-06
 8.0000E-02 4.1009E-01 -7.4107E-01  3.3379E-06 -4.5300E-06
 8.0000E-02 4.1198E-01 -7.4779E-01 -1.0252E-05  8.3447E-07
 8.0000E-02 4.1389E-01 -7.5376E-01  6.4373E-06 -7.0333E-06
 8.0000E-02 4.1581E-01 -7.5890E-01  9.0599E-06 -4.0531E-06
 8.0000E-02 4.1776E-01 -7.6308E-01 -3.5763E-06  1.4901E-06
 8.0000E-02 4.1972E-01 -7.6621E-01  3.5763E-06  3.4571E-06
 8.0000E-02 4.2170E-01 -7.6814E-01 -4.2915E-06 -2.3246E-06
 8.0000E-02 4.2370E-01 -7.6870E-01  1.0967E-05  3.4571E-06
 8.0000E-02 4.2571E-01 -7.6771E-01 -3.5763E-06  6.0201E-06
 8.0000E-02 4.2775E-01 -7.6493E-01  1.0490E-05 -6.4969E-06
 8.0000E-02 4.2981E-01 -7.6022E-01 -3.8147E-06  4.7684E-06
 8.0000E-02 4.3188E-01 -7.5344E-01  4.2915E-06  2.9206E-06
 8.0000E-02 4.3398E-01 -7.4446E-01  4.3631E-05 -4.4107E-06
 8.0000E-02 4.3610E-01 -7.3316E-01  2.1458E-05  2.1458E-06
 8.0000E-02 4.3824E-01 -7.1958E-01 -2.0981E-05  2.0206E-05
 8.0000E-02 4.4039E-01 -7.0379E-01 -3.0518E-05 -2.0504E-05
 8.0000E-02 4.4257E-01 -6.8587E-01  6.1989E-06  4.7088E-06
 8.0000E-02 4.4478E-01 -6.6591E-01  3.2425E-05 -1.3053E-05
 8.0000E-02 4.4700E-01 -6.4404E-01 -1.8120E-05 -1.8060E-05
 8.0000E-02 4.4925E-01 -6.2047E-01  3.3855E-05  3.3379E-06
 8.0000E-02 4.5152E-01 -5.9526E-01 -2.9564E-05 -7.0930E-06
 8.0000E-02 4.5381E-01 -5.6847E-01  9.0599E-06 -1.2338E-05
 8.0000E-02 4.5612E-01 -5.4023E-01  1.7643E-05  9.8944E-06
 8.0000E-02 4.5846E-01 -5.1065E-01 -4.6253E-05  1.4544E-05
 8.0000E-02 4.6082E-01 -4.7985E-01  5.0545E-05 -1.5110E-05
 8.0000E-02 4.6321E-01 -4.4802E-01 -2.4796E-05 -8.9407E-07
 8.0000E-02 4.6563E-01 -4.1549E-01 -4.7684E-07  7.4506E-07
 8.0000E-02 4.6806E-01 -3.8259E-01 -2.3842E-06  3.3975E-06
 8.0000E-02 4.7053E-01 -3.4956E-01  7.1526E-06  4.1723E-07
 8.0000E-02 4.7302E-01 -3.1660E-01 -1.4305E-06  5.9605E-07
 8.0000E-02 4.7553E-01 -2.8377E-01  1.4305E-06  8.2254E-06
 8.0000E-02 4.7807E-01 -2.5092E-01  2.3842E-05 -2.5332E-06
 8.0000E-02 4.8065E-01 -2.1789E-01  8.5831E-06 -9.9391E-06
 8.0000E-02 4.8324E-01 -1.8440E-01  1.8120E-05  8.4788E-06
 8.0000E-02 4.8587E-01 -1.5009E-01 -4.4346E-05  4.3809E-06
 8.0000E-02 4.8852E-01 -1.1466E-01 -1.4305E-05 -2.1175E-05
 8.0000E-02 4.9121E-01 -7.7862E-02 -6.7711E-05 -2.1882E-05
 8.0000E-02 4.9392E-01 -3.9394E-02  8.2970E-05 -1.5546E-05
 8.0000E-02 4.9667E-01  7.5258E-04 -5.2929E-05  3.6634E-05
 8.0000E-02 4.9944E-01  4.2507E-02  2.0981E-05 -7.9386E-06
 8.0000E-02 5.0225E-01  8.5631E-02 -2.2888E-05 -2.9728E-06
 8.0000E-02 5.0508E-01  1.2975E-01 -1.6689E-05 -1.1250E-05
 8.0000E-02 5.0795E-01  1.7439E-01  1.9073E-05 -6.8396E-06
 8.0000E-02 5.1086E-01  2.1910E-01 -1.8120E-05  1.6078E-05
 8.0000E-02 5.1379E-01  2.6328E-01  1.3828E-05  6.0797E-06
 8.0000E-02 5.1676E-01  3.0632E-01  1.2398E-05 -2.1458E-06
 8.0000E-02 5.1977E-01  3.4749E-01  2.5749E-05  2.5034E-06
 8.0000E-02 5.2281E-01  3.8598E-01  1.9073E-05  4.3780E-05
 8.0000E-02 5.2588E-01  4.2117E-01 -2.9087E-05 -1.4246E-05
 8.0000E-02 5.2899E-01  4.5242E-01 -6.6757E-06  1.0252E-05
 8.0000E-02 5.3214E-01  4.7909E-01 -2.8610E-05  1.1981E-05
 8.0000E-02 5.3533E-01  5.0064E-01  1.9073E-05  1.2517E-06
 8.0000E-02 5.3855E-01  5.1697E-01  7.1526E-06  1.2815E-05
 8.0000E-02 5.4182E-01  5.2862E-01 -5.1498E-05 -9.8348E-06
 8.0000E-02 5.4512E-01  5.3636E-01 -3.5286E-05 -1.8358E-05
 8.0000E-02 5.4847E-01  5.4120E-01 -2.0981E-05  3.2783E-06
 8.0000E-02 5.5185E-01  5.4404E-01  3.4809E-05  3.1590E-06
 8.0000E-02 5.5528E-01  5.4555E-01  6.6757E-06  1.3590E-05
 8.0000E-02 5.5875E-01  5.4614E-01 -3.0041E-05 -4.1127E-06
 8.0000E-02 5.6226E-01  5.4597E-01  8.5831E-06 -6.7949E-06
 8.0000E-02 5.6582E-01  5.4488E-01  8.1062E-06  5.0664E-06
 8.0000E-02 5.6943E-01  5.4265E-01 -2.9087E-05 -4.0412E-05
 8.0000E-02 5.7308E-01  5.3906E-01 -3.8147E-06 -2.5630E-05
 8.0000E-02 5.7677E-01  5.3412E-01 -2.8610E-06  6.8367E-05
 8.0000E-02 5.8052E-01  5.2789E-01  2.1935E-05 -6.2346E-05
 8.0000E-02 5.8431E-01  5.2006E-01  3.8147E-06  9.3579E-06
 8.0000E-02 5.8816E-01  5.0984E-01 -1.4782E-05  3.2842E-05
 8.0000E-02 5.9205E-01  4.9607E-01 -4.2915E-05  3.0518E-05
 8.0000E-02 5.9600E-01  4.7795E-01  3.1471E-05 -1.9968E-06
 8.0000E-02 6.0000E-01  4.5575E-01 -5.9843E-05 -2.0415E-05
