 DDSCAT --- DDSCAT 7.3.3 [22.01.20]   
 TARGET --->TARGSPHER  spherical target with explicit spacing                 
 GPFAFT --- method of solution 
 FLTRCD --- prescription for polarizabilities
 FROM_FILE --- shape 
    4169 = NAT0 = number of dipoles
 ../../diel/Pena-Rioux_dielectric_26Au_74Ag                  
 ../../diel/Pena-Rioux_dielectric_65Au_35Ag                  
 ../../diel/Pena-Rioux_dielectric_92Au_8Ag                   
 ../../diel/Au_evap                                          
   0.000   0.000 = beta_min, beta_max ;  NBETA = 1
   0.000   0.000 = theta_min, theta_max; NTHETA= 1
   0.000   0.000 = phi_min, phi_max   ;   NPHI = 1
 0.5000 = ETASCA (param. controlling # of scatt. dirs used to calculate <cos> etc.
 Results averaged over    1 target orientations
                   and  2 incident polarizations
   aeff       wave       Q_ext     Q_abs      Q_sca     g(1)=<cos>  <cos^2>    Q_bk       Nsca
 1.0000E-03 3.0000E-01 8.4997E-02 8.4996E-02 1.1648E-06  2.5952E-04 4.0217E-01 1.3884E-07   214
 1.0000E-03 3.0101E-01 8.4548E-02 8.4547E-02 1.1428E-06  2.5899E-04 4.0217E-01 1.3621E-07   214
 1.0000E-03 3.0203E-01 8.4125E-02 8.4124E-02 1.1215E-06  2.5844E-04 4.0217E-01 1.3367E-07   214
 1.0000E-03 3.0305E-01 8.3717E-02 8.3716E-02 1.1007E-06  2.5829E-04 4.0217E-01 1.3119E-07   214
 1.0000E-03 3.0408E-01 8.3323E-02 8.3322E-02 1.0804E-06  2.5791E-04 4.0217E-01 1.2878E-07   214
 1.0000E-03 3.0512E-01 8.2944E-02 8.2943E-02 1.0607E-06  2.5725E-04 4.0217E-01 1.2642E-07   214
 1.0000E-03 3.0616E-01 8.2580E-02 8.2579E-02 1.0414E-06  2.5695E-04 4.0217E-01 1.2412E-07   214
 1.0000E-03 3.0722E-01 8.2230E-02 8.2230E-02 1.0225E-06  2.5648E-04 4.0217E-01 1.2188E-07   214
 1.0000E-03 3.0828E-01 8.1898E-02 8.1897E-02 1.0043E-06  2.5584E-04 4.0217E-01 1.1970E-07   214
 1.0000E-03 3.0934E-01 8.1585E-02 8.1584E-02 9.8698E-07  2.5538E-04 4.0217E-01 1.1764E-07   214
 1.0000E-03 3.1042E-01 8.1281E-02 8.1280E-02 9.6997E-07  2.5510E-04 4.0217E-01 1.1561E-07   214
 1.0000E-03 3.1150E-01 8.0974E-02 8.0973E-02 9.5314E-07  2.5429E-04 4.0217E-01 1.1361E-07   214
 1.0000E-03 3.1259E-01 8.0674E-02 8.0673E-02 9.3660E-07  2.5394E-04 4.0217E-01 1.1163E-07   214
 1.0000E-03 3.1368E-01 8.0383E-02 8.0382E-02 9.2039E-07  2.5339E-04 4.0217E-01 1.0970E-07   214
 1.0000E-03 3.1479E-01 8.0101E-02 8.0100E-02 9.0449E-07  2.5295E-04 4.0217E-01 1.0781E-07   214
 1.0000E-03 3.1590E-01 7.9828E-02 7.9827E-02 8.8892E-07  2.5219E-04 4.0217E-01 1.0595E-07   214
 1.0000E-03 3.1702E-01 7.9566E-02 7.9565E-02 8.7365E-07  2.5176E-04 4.0217E-01 1.0413E-07   214
 1.0000E-03 3.1815E-01 7.9261E-02 7.9259E-02 8.5777E-07  2.5134E-04 4.0217E-01 1.0224E-07   214
 1.0000E-03 3.1929E-01 7.8960E-02 7.8959E-02 8.4206E-07  2.5079E-04 4.0217E-01 1.0037E-07   214
 1.0000E-03 3.2043E-01 7.8675E-02 7.8674E-02 8.2669E-07  2.5039E-04 4.0217E-01 9.8535E-08   214
 1.0000E-03 3.2158E-01 7.8426E-02 7.8425E-02 8.1192E-07  2.4961E-04 4.0217E-01 9.6775E-08   214
 1.0000E-03 3.2274E-01 7.8189E-02 7.8188E-02 7.9745E-07  2.4907E-04 4.0217E-01 9.5050E-08   214
 1.0000E-03 3.2391E-01 7.7964E-02 7.7963E-02 7.8326E-07  2.4863E-04 4.0217E-01 9.3359E-08   214
 1.0000E-03 3.2509E-01 7.7750E-02 7.7750E-02 7.6936E-07  2.4788E-04 4.0217E-01 9.1702E-08   214
 1.0000E-03 3.2628E-01 7.7549E-02 7.7548E-02 7.5574E-07  2.4723E-04 4.0217E-01 9.0078E-08   214
 1.0000E-03 3.2747E-01 7.7369E-02 7.7369E-02 7.4211E-07  2.4689E-04 4.0217E-01 8.8454E-08   214
 1.0000E-03 3.2868E-01 7.7222E-02 7.7221E-02 7.2914E-07  2.4618E-04 4.0217E-01 8.6909E-08   214
 1.0000E-03 3.2989E-01 7.7107E-02 7.7106E-02 7.1686E-07  2.4577E-04 4.0217E-01 8.5445E-08   214
 1.0000E-03 3.3111E-01 7.7025E-02 7.7024E-02 7.0526E-07  2.4506E-04 4.0217E-01 8.4063E-08   214
 1.0000E-03 3.3234E-01 7.6962E-02 7.6961E-02 6.9415E-07  2.4429E-04 4.0217E-01 8.2739E-08   214
 1.0000E-03 3.3358E-01 7.6926E-02 7.6925E-02 6.8363E-07  2.4337E-04 4.0217E-01 8.1485E-08   214
 1.0000E-03 3.3483E-01 7.6922E-02 7.6921E-02 6.7376E-07  2.4304E-04 4.0217E-01 8.0308E-08   214
 1.0000E-03 3.3609E-01 7.6987E-02 7.6986E-02 6.6514E-07  2.4197E-04 4.0217E-01 7.9281E-08   214
 1.0000E-03 3.3736E-01 7.7129E-02 7.7129E-02 6.5799E-07  2.4154E-04 4.0217E-01 7.8429E-08   214
 1.0000E-03 3.3864E-01 7.7317E-02 7.7316E-02 6.5178E-07  2.4051E-04 4.0217E-01 7.7689E-08   214
 1.0000E-03 3.3992E-01 7.7552E-02 7.7551E-02 6.4651E-07  2.3956E-04 4.0217E-01 7.7062E-08   214
 1.0000E-03 3.4122E-01 7.7836E-02 7.7835E-02 6.4222E-07  2.3872E-04 4.0217E-01 7.6550E-08   214
 1.0000E-03 3.4253E-01 7.8172E-02 7.8172E-02 6.3893E-07  2.3764E-04 4.0217E-01 7.6158E-08   214
 1.0000E-03 3.4385E-01 7.8559E-02 7.8559E-02 6.3661E-07  2.3664E-04 4.0217E-01 7.5881E-08   214
 1.0000E-03 3.4517E-01 7.9012E-02 7.9012E-02 6.3553E-07  2.3556E-04 4.0217E-01 7.5752E-08   214
 1.0000E-03 3.4651E-01 7.9526E-02 7.9525E-02 6.3566E-07  2.3438E-04 4.0217E-01 7.5768E-08   214
 1.0000E-03 3.4786E-01 8.0092E-02 8.0092E-02 6.3682E-07  2.3337E-04 4.0217E-01 7.5907E-08   214
 1.0000E-03 3.4922E-01 8.0715E-02 8.0715E-02 6.3906E-07  2.3215E-04 4.0217E-01 7.6174E-08   214
 1.0000E-03 3.5059E-01 8.1399E-02 8.1399E-02 6.4242E-07  2.3102E-04 4.0217E-01 7.6574E-08   214
 1.0000E-03 3.5197E-01 8.2148E-02 8.2148E-02 6.4696E-07  2.2985E-04 4.0217E-01 7.7117E-08   214
 1.0000E-03 3.5336E-01 8.2966E-02 8.2966E-02 6.5276E-07  2.2865E-04 4.0217E-01 7.7808E-08   214
 1.0000E-03 3.5476E-01 8.3856E-02 8.3856E-02 6.5986E-07  2.2747E-04 4.0217E-01 7.8654E-08   214
 1.0000E-03 3.5618E-01 8.4812E-02 8.4811E-02 6.6816E-07  2.2588E-04 4.0217E-01 7.9644E-08   214
 1.0000E-03 3.5760E-01 8.5827E-02 8.5827E-02 6.7757E-07  2.2482E-04 4.0217E-01 8.0766E-08   214
 1.0000E-03 3.5904E-01 8.6908E-02 8.6908E-02 6.8817E-07  2.2366E-04 4.0217E-01 8.2029E-08   214
 1.0000E-03 3.6048E-01 8.8060E-02 8.8059E-02 7.0002E-07  2.2225E-04 4.0217E-01 8.3443E-08   214
 1.0000E-03 3.6194E-01 8.9288E-02 8.9287E-02 7.1324E-07  2.2106E-04 4.0217E-01 8.5019E-08   214
 1.0000E-03 3.6341E-01 9.0593E-02 9.0592E-02 7.2783E-07  2.1974E-04 4.0217E-01 8.6758E-08   214
 1.0000E-03 3.6490E-01 9.1960E-02 9.1959E-02 7.4356E-07  2.1834E-04 4.0217E-01 8.8633E-08   214
 1.0000E-03 3.6639E-01 9.3397E-02 9.3396E-02 7.6055E-07  2.1722E-04 4.0217E-01 9.0659E-08   214
 1.0000E-03 3.6790E-01 9.4909E-02 9.4908E-02 7.7890E-07  2.1608E-04 4.0217E-01 9.2846E-08   214
 1.0000E-03 3.6942E-01 9.6500E-02 9.6499E-02 7.9867E-07  2.1465E-04 4.0217E-01 9.5204E-08   214
 1.0000E-03 3.7095E-01 9.8175E-02 9.8174E-02 8.1996E-07  2.1334E-04 4.0217E-01 9.7741E-08   214
 1.0000E-03 3.7250E-01 9.9936E-02 9.9935E-02 8.4280E-07  2.1205E-04 4.0217E-01 1.0046E-07   214
 1.0000E-03 3.7406E-01 1.0177E-01 1.0177E-01 8.6700E-07  2.1074E-04 4.0217E-01 1.0335E-07   214
 1.0000E-03 3.7563E-01 1.0369E-01 1.0368E-01 8.9270E-07  2.0944E-04 4.0217E-01 1.0641E-07   214
 1.0000E-03 3.7722E-01 1.0569E-01 1.0569E-01 9.2022E-07  2.3662E-04 4.0254E-01 1.0967E-07   184
 1.0000E-03 3.7881E-01 1.0778E-01 1.0778E-01 9.4932E-07  2.3525E-04 4.0254E-01 1.1314E-07   184
 1.0000E-03 3.8043E-01 1.0998E-01 1.0998E-01 9.8032E-07  2.3399E-04 4.0254E-01 1.1683E-07   184
 1.0000E-03 3.8205E-01 1.1227E-01 1.1227E-01 1.0131E-06  2.3262E-04 4.0254E-01 1.2074E-07   184
 1.0000E-03 3.8369E-01 1.1465E-01 1.1464E-01 1.0475E-06  2.3123E-04 4.0254E-01 1.2484E-07   184
 1.0000E-03 3.8534E-01 1.1712E-01 1.1712E-01 1.0840E-06  2.3006E-04 4.0254E-01 1.2920E-07   184
 1.0000E-03 3.8701E-01 1.1972E-01 1.1971E-01 1.1228E-06  2.2891E-04 4.0254E-01 1.3382E-07   184
 1.0000E-03 3.8870E-01 1.2243E-01 1.2243E-01 1.1640E-06  2.2781E-04 4.0254E-01 1.3873E-07   184
 1.0000E-03 3.9039E-01 1.2526E-01 1.2526E-01 1.2078E-06  2.2619E-04 4.0254E-01 1.4395E-07   184
 1.0000E-03 3.9211E-01 1.2821E-01 1.2821E-01 1.2540E-06  2.2492E-04 4.0254E-01 1.4946E-07   184
 1.0000E-03 3.9383E-01 1.3129E-01 1.3129E-01 1.3031E-06  2.2347E-04 4.0254E-01 1.5531E-07   184
 1.0000E-03 3.9558E-01 1.3451E-01 1.3451E-01 1.3553E-06  2.2249E-04 4.0254E-01 1.6153E-07   184
 1.0000E-03 3.9733E-01 1.3787E-01 1.3787E-01 1.4107E-06  2.2100E-04 4.0254E-01 1.6814E-07   184
 1.0000E-03 3.9911E-01 1.4138E-01 1.4137E-01 1.4698E-06  2.1977E-04 4.0254E-01 1.7518E-07   184
 1.0000E-03 4.0090E-01 1.4502E-01 1.4502E-01 1.5322E-06  2.1859E-04 4.0254E-01 1.8262E-07   184
 1.0000E-03 4.0270E-01 1.4880E-01 1.4880E-01 1.5986E-06  2.1720E-04 4.0254E-01 1.9053E-07   184
 1.0000E-03 4.0452E-01 1.5273E-01 1.5273E-01 1.6690E-06  2.1597E-04 4.0254E-01 1.9891E-07   184
 1.0000E-03 4.0636E-01 1.5680E-01 1.5680E-01 1.7434E-06  2.1460E-04 4.0254E-01 2.0779E-07   184
 1.0000E-03 4.0822E-01 1.6097E-01 1.6097E-01 1.8219E-06  2.1377E-04 4.0254E-01 2.1715E-07   184
 1.0000E-03 4.1009E-01 1.6525E-01 1.6525E-01 1.9046E-06  2.1273E-04 4.0254E-01 2.2700E-07   184
 1.0000E-03 4.1198E-01 1.6961E-01 1.6960E-01 1.9914E-06  2.1110E-04 4.0253E-01 2.3734E-07   184
 1.0000E-03 4.1389E-01 1.7399E-01 1.7399E-01 2.0817E-06  2.1014E-04 4.0254E-01 2.4812E-07   184
 1.0000E-03 4.1581E-01 1.7835E-01 1.7835E-01 2.1749E-06  2.0890E-04 4.0254E-01 2.5922E-07   184
 1.0000E-03 4.1776E-01 1.8260E-01 1.8260E-01 2.2700E-06  2.0766E-04 4.0254E-01 2.7056E-07   184
 1.0000E-03 4.1972E-01 1.8671E-01 1.8671E-01 2.3667E-06  2.0672E-04 4.0254E-01 2.8209E-07   184
 1.0000E-03 4.2170E-01 1.9054E-01 1.9053E-01 2.4627E-06  2.0564E-04 4.0254E-01 2.9352E-07   184
 1.0000E-03 4.2370E-01 1.9398E-01 1.9397E-01 2.5561E-06  2.0452E-04 4.0254E-01 3.0465E-07   184
 1.0000E-03 4.2571E-01 1.9692E-01 1.9692E-01 2.6449E-06  2.0338E-04 4.0254E-01 3.1524E-07   184
 1.0000E-03 4.2775E-01 1.9929E-01 1.9929E-01 2.7277E-06  2.0249E-04 4.0254E-01 3.2511E-07   184
 1.0000E-03 4.2981E-01 2.0099E-01 2.0098E-01 2.8026E-06  2.0152E-04 4.0254E-01 3.3404E-07   184
 1.0000E-03 4.3188E-01 2.0195E-01 2.0195E-01 2.8680E-06  2.0047E-04 4.0254E-01 3.4184E-07   184
 1.0000E-03 4.3398E-01 2.0214E-01 2.0214E-01 2.9230E-06  1.9959E-04 4.0254E-01 3.4839E-07   184
 1.0000E-03 4.3610E-01 2.0153E-01 2.0153E-01 2.9667E-06  1.9875E-04 4.0254E-01 3.5360E-07   184
 1.0000E-03 4.3824E-01 2.0009E-01 2.0008E-01 2.9981E-06  1.9762E-04 4.0253E-01 3.5735E-07   184
 1.0000E-03 4.4039E-01 1.9782E-01 1.9782E-01 3.0171E-06  1.9684E-04 4.0254E-01 3.5961E-07   184
 1.0000E-03 4.4257E-01 1.9476E-01 1.9476E-01 3.0236E-06  1.9621E-04 4.0254E-01 3.6038E-07   184
 1.0000E-03 4.4478E-01 1.9092E-01 1.9092E-01 3.0176E-06  1.9509E-04 4.0254E-01 3.5967E-07   184
 1.0000E-03 4.4700E-01 1.8632E-01 1.8632E-01 2.9990E-06  1.9470E-04 4.0254E-01 3.5745E-07   184
 1.0000E-03 4.4925E-01 1.8101E-01 1.8101E-01 2.9679E-06  1.9386E-04 4.0254E-01 3.5375E-07   184
 1.0000E-03 4.5152E-01 1.7502E-01 1.7502E-01 2.9245E-06  1.9312E-04 4.0253E-01 3.4858E-07   184
 1.0000E-03 4.5381E-01 1.6838E-01 1.6838E-01 2.8688E-06  1.9241E-04 4.0254E-01 3.4194E-07   184
 1.0000E-03 4.5612E-01 1.6118E-01 1.6117E-01 2.8010E-06  1.9160E-04 4.0254E-01 3.3386E-07   184
 1.0000E-03 4.5846E-01 1.5350E-01 1.5350E-01 2.7219E-06  1.9095E-04 4.0253E-01 3.2442E-07   184
 1.0000E-03 4.6082E-01 1.4547E-01 1.4547E-01 2.6321E-06  1.9033E-04 4.0253E-01 3.1373E-07   184
 1.0000E-03 4.6321E-01 1.3720E-01 1.3719E-01 2.5331E-06  1.8960E-04 4.0253E-01 3.0192E-07   184
 1.0000E-03 4.6563E-01 1.2883E-01 1.2883E-01 2.4262E-06  1.8896E-04 4.0253E-01 2.8919E-07   184
 1.0000E-03 4.6806E-01 1.2052E-01 1.2052E-01 2.3138E-06  1.8818E-04 4.0254E-01 2.7579E-07   184
 1.0000E-03 4.7053E-01 1.1241E-01 1.1241E-01 2.1979E-06  1.8769E-04 4.0253E-01 2.6198E-07   184
 1.0000E-03 4.7302E-01 1.0462E-01 1.0462E-01 2.0802E-06  1.8684E-04 4.0253E-01 2.4795E-07   184
 1.0000E-03 4.7553E-01 9.7261E-02 9.7259E-02 1.9633E-06  1.8613E-04 4.0253E-01 2.3401E-07   184
 1.0000E-03 4.7807E-01 9.0390E-02 9.0388E-02 1.8492E-06  1.8539E-04 4.0254E-01 2.2042E-07   184
 1.0000E-03 4.8065E-01 8.4041E-02 8.4039E-02 1.7393E-06  1.8474E-04 4.0253E-01 2.0731E-07   184
 1.0000E-03 4.8324E-01 7.8233E-02 7.8231E-02 1.6344E-06  1.8412E-04 4.0254E-01 1.9481E-07   184
 1.0000E-03 4.8587E-01 7.2964E-02 7.2963E-02 1.5355E-06  1.8346E-04 4.0253E-01 1.8302E-07   184
 1.0000E-03 4.8852E-01 6.8214E-02 6.8213E-02 1.4429E-06  1.8257E-04 4.0253E-01 1.7199E-07   184
 1.0000E-03 4.9121E-01 6.3955E-02 6.3954E-02 1.3568E-06  1.8209E-04 4.0253E-01 1.6172E-07   184
 1.0000E-03 4.9392E-01 6.0151E-02 6.0150E-02 1.2772E-06  1.8144E-04 4.0253E-01 1.5224E-07   184
 1.0000E-03 4.9667E-01 5.6787E-02 5.6786E-02 1.2046E-06  1.8089E-04 4.0254E-01 1.4358E-07   184
 1.0000E-03 4.9944E-01 5.3845E-02 5.3844E-02 1.1395E-06  1.8004E-04 4.0253E-01 1.3582E-07   184
 1.0000E-03 5.0225E-01 5.1187E-02 5.1186E-02 1.0799E-06  1.7964E-04 4.0253E-01 1.2872E-07   184
 1.0000E-03 5.0508E-01 4.8765E-02 4.8764E-02 1.0255E-06  1.7898E-04 4.0253E-01 1.2223E-07   184
 1.0000E-03 5.0795E-01 4.6536E-02 4.6536E-02 9.7568E-07  1.7838E-04 4.0253E-01 1.1630E-07   184
 1.0000E-03 5.1086E-01 4.4459E-02 4.4458E-02 9.3007E-07  1.7776E-04 4.0253E-01 1.1086E-07   184
 1.0000E-03 5.1379E-01 4.2494E-02 4.2493E-02 8.8822E-07  1.7725E-04 4.0253E-01 1.0587E-07   184
 1.0000E-03 5.1676E-01 4.0605E-02 4.0604E-02 8.4969E-07  1.7667E-04 4.0253E-01 1.0128E-07   184
 1.0000E-03 5.1977E-01 3.8752E-02 3.8751E-02 8.1407E-07  1.7631E-04 4.0253E-01 9.7034E-08   184
 1.0000E-03 5.2281E-01 3.6771E-02 3.6770E-02 7.7894E-07  1.7560E-04 4.0253E-01 9.2846E-08   184
 1.0000E-03 5.2588E-01 3.4735E-02 3.4734E-02 7.4407E-07  1.7494E-04 4.0253E-01 8.8690E-08   184
 1.0000E-03 5.2899E-01 3.2736E-02 3.2736E-02 7.1023E-07  1.7453E-04 4.0253E-01 8.4657E-08   184
 1.0000E-03 5.3214E-01 3.0788E-02 3.0788E-02 6.7724E-07  1.7397E-04 4.0253E-01 8.0725E-08   184
 1.0000E-03 5.3533E-01 2.8914E-02 2.8914E-02 6.4503E-07  1.7332E-04 4.0253E-01 7.6885E-08   184
 1.0000E-03 5.3855E-01 2.7140E-02 2.7139E-02 6.1363E-07  1.7257E-04 4.0253E-01 7.3142E-08   184
 1.0000E-03 5.4182E-01 2.5487E-02 2.5487E-02 5.8319E-07  1.7211E-04 4.0253E-01 6.9514E-08   184
 1.0000E-03 5.4512E-01 2.3974E-02 2.3973E-02 5.5388E-07  1.7154E-04 4.0253E-01 6.6021E-08   184
 1.0000E-03 5.4847E-01 2.2605E-02 2.2604E-02 5.2589E-07  1.7067E-04 4.0253E-01 6.2685E-08   184
 1.0000E-03 5.5185E-01 2.1402E-02 2.1402E-02 4.9981E-07  1.6995E-04 4.0253E-01 5.9575E-08   184
 1.0000E-03 5.5528E-01 2.0311E-02 2.0310E-02 4.7530E-07  1.6935E-04 4.0253E-01 5.6654E-08   184
 1.0000E-03 5.5875E-01 1.9311E-02 1.9310E-02 4.5224E-07  1.6877E-04 4.0253E-01 5.3906E-08   184
 1.0000E-03 5.6226E-01 1.8386E-02 1.8386E-02 4.3054E-07  1.6793E-04 4.0253E-01 5.1319E-08   184
 1.0000E-03 5.6582E-01 1.7526E-02 1.7525E-02 4.1005E-07  1.6732E-04 4.0253E-01 4.8876E-08   184
 1.0000E-03 5.6943E-01 1.6719E-02 1.6718E-02 3.9063E-07  1.6646E-04 4.0253E-01 4.6562E-08   184
 1.0000E-03 5.7308E-01 1.5964E-02 1.5964E-02 3.7216E-07  1.6575E-04 4.0253E-01 4.4361E-08   184
 1.0000E-03 5.7677E-01 1.5264E-02 1.5264E-02 3.5453E-07  1.6513E-04 4.0253E-01 4.2259E-08   184
 1.0000E-03 5.8052E-01 1.4629E-02 1.4628E-02 3.3767E-07  1.6452E-04 4.0253E-01 4.0249E-08   184
 1.0000E-03 5.8431E-01 1.4072E-02 1.4072E-02 3.2150E-07  1.6368E-04 4.0253E-01 3.8323E-08   184
 1.0000E-03 5.8816E-01 1.3609E-02 1.3608E-02 3.0615E-07  1.6284E-04 4.0253E-01 3.6493E-08   184
 1.0000E-03 5.9205E-01 1.3242E-02 1.3241E-02 2.9174E-07  1.6212E-04 4.0253E-01 3.4775E-08   184
 1.0000E-03 5.9600E-01 1.2968E-02 1.2968E-02 2.7833E-07  1.6157E-04 4.0253E-01 3.3176E-08   184
 1.0000E-03 6.0000E-01 1.2777E-02 1.2776E-02 2.6596E-07  1.6085E-04 4.0253E-01 3.1702E-08   184
