 DDSCAT --- DDSCAT 7.3.3 [22.01.20]   
 TARGET --->TARGSPHER  spherical target with explicit spacing                 
 GPFAFT --- method of solution 
 GKDLDR --- prescription for polarizabilities
 FROM_FILE --- shape 
    4169 = NAT0 = number of dipoles
 ../../diel/Pena-Rioux_dielectric_26Au_74Ag                  
 ../../diel/Pena-Rioux_dielectric_65Au_35Ag                  
 ../../diel/Pena-Rioux_dielectric_76Au_24Ag                  
 ../../diel/Pena-Rioux_dielectric_85Au_15Ag                  
   0.000   0.000 = beta_min, beta_max ;  NBETA = 1
   0.000   0.000 = theta_min, theta_max; NTHETA= 1
   0.000   0.000 = phi_min, phi_max   ;   NPHI = 1
 Results averaged over    1 target orientations
                   and  2 incident polarizations
   aeff       wave       Q_pha       Q_pol       Q_cpol
 4.0000E-02 3.0000E-01 -3.2683E-02 -7.3910E-06 -2.2352E-08
 4.0000E-02 3.0101E-01 -3.1334E-02  4.0531E-06 -1.8626E-08
 4.0000E-02 3.0203E-01 -3.0148E-02 -1.1921E-06  1.3225E-07
 4.0000E-02 3.0305E-01 -2.9129E-02  5.0068E-06 -1.4901E-08
 4.0000E-02 3.0408E-01 -2.8283E-02  0.0000E+00  1.1548E-07
 4.0000E-02 3.0512E-01 -2.7615E-02  5.2452E-06  2.9802E-08
 4.0000E-02 3.0616E-01 -2.7131E-02 -3.0994E-06  2.4214E-08
 4.0000E-02 3.0722E-01 -2.6837E-02  4.7684E-07  1.1362E-07
 4.0000E-02 3.0828E-01 -2.6709E-02 -9.5367E-07  4.6566E-08
 4.0000E-02 3.0934E-01 -2.6646E-02 -9.5367E-07  4.4703E-08
 4.0000E-02 3.1042E-01 -2.6731E-02 -5.0068E-06 -7.0781E-08
 4.0000E-02 3.1150E-01 -2.6969E-02 -4.7684E-06 -8.7544E-08
 4.0000E-02 3.1259E-01 -2.7365E-02 -2.1458E-06 -1.6205E-07
 4.0000E-02 3.1368E-01 -2.7923E-02  2.1458E-06 -7.8231E-08
 4.0000E-02 3.1479E-01 -2.8647E-02 -9.5367E-07  5.2154E-08
 4.0000E-02 3.1590E-01 -2.9542E-02  2.3842E-06  5.5879E-09
 4.0000E-02 3.1702E-01 -3.0614E-02  1.9073E-06 -7.2643E-08
 4.0000E-02 3.1815E-01 -3.1474E-02 -2.1458E-06  0.0000E+00
 4.0000E-02 3.1929E-01 -3.2537E-02  1.6689E-06 -8.9407E-08
 4.0000E-02 3.2043E-01 -3.3886E-02  1.1921E-06  7.4506E-09
 4.0000E-02 3.2158E-01 -3.5529E-02  5.2452E-06  1.4901E-08
 4.0000E-02 3.2274E-01 -3.7476E-02  0.0000E+00  3.7253E-09
 4.0000E-02 3.2391E-01 -3.9736E-02  7.1526E-06 -2.9802E-08
 4.0000E-02 3.2509E-01 -4.2318E-02  2.1458E-06  2.2352E-08
 4.0000E-02 3.2628E-01 -4.5234E-02 -7.1526E-06  7.0781E-08
 4.0000E-02 3.2747E-01 -4.9050E-02  2.8610E-06 -2.9802E-08
 4.0000E-02 3.2868E-01 -5.3376E-02 -9.5367E-06 -2.6077E-08
 4.0000E-02 3.2989E-01 -5.8202E-02  5.2452E-06 -6.7055E-08
 4.0000E-02 3.3111E-01 -6.3543E-02 -1.4305E-06  1.6391E-07
 4.0000E-02 3.3234E-01 -6.9416E-02  1.1921E-06 -5.9605E-08
 4.0000E-02 3.3358E-01 -7.5837E-02 -3.5763E-06  8.1956E-08
 4.0000E-02 3.3483E-01 -8.2824E-02  1.6689E-06 -1.7136E-07
 4.0000E-02 3.3609E-01 -9.0613E-02  0.0000E+00 -9.6858E-08
 4.0000E-02 3.3736E-01 -9.9117E-02  2.8610E-06  3.7253E-08
 4.0000E-02 3.3864E-01 -1.0808E-01  2.6226E-06  5.9605E-08
 4.0000E-02 3.3992E-01 -1.1751E-01  1.1921E-06  5.2154E-08
 4.0000E-02 3.4122E-01 -1.2743E-01  9.5367E-07 -3.1292E-07
 4.0000E-02 3.4253E-01 -1.3784E-01 -4.7684E-07 -1.3411E-07
 4.0000E-02 3.4385E-01 -1.4877E-01  9.5367E-07 -1.1921E-07
 4.0000E-02 3.4517E-01 -1.6012E-01 -4.7684E-07  3.7253E-07
 4.0000E-02 3.4651E-01 -1.7166E-01  4.7684E-07 -3.1292E-07
 4.0000E-02 3.4786E-01 -1.8346E-01  2.8610E-06  4.4703E-08
 4.0000E-02 3.4922E-01 -1.9552E-01 -6.4373E-06 -2.5332E-07
 4.0000E-02 3.5059E-01 -2.0787E-01 -5.4836E-06  1.9372E-07
 4.0000E-02 3.5197E-01 -2.2049E-01 -9.5367E-07 -1.4901E-07
 4.0000E-02 3.5336E-01 -2.3341E-01 -6.1989E-06  2.9802E-08
 4.0000E-02 3.5476E-01 -2.4642E-01  3.5763E-06  3.4273E-07
 4.0000E-02 3.5618E-01 -2.5947E-01 -2.3842E-07  5.3644E-07
 4.0000E-02 3.5760E-01 -2.7264E-01  2.6226E-06 -5.9605E-07
 4.0000E-02 3.5904E-01 -2.8592E-01  1.9073E-06  2.6822E-07
 4.0000E-02 3.6048E-01 -2.9931E-01  6.6757E-06  9.8348E-07
 4.0000E-02 3.6194E-01 -3.1282E-01  3.5763E-06 -3.2783E-07
 4.0000E-02 3.6341E-01 -3.2640E-01  9.5367E-07  2.9802E-07
 4.0000E-02 3.6490E-01 -3.3990E-01 -1.9073E-06 -5.9605E-08
 4.0000E-02 3.6639E-01 -3.5343E-01 -5.2452E-06  5.9605E-07
 4.0000E-02 3.6790E-01 -3.6698E-01  2.6226E-06 -5.6624E-07
 4.0000E-02 3.6942E-01 -3.8055E-01  2.8610E-06 -4.7684E-07
 4.0000E-02 3.7095E-01 -3.9414E-01  4.5300E-06  2.6822E-07
 4.0000E-02 3.7250E-01 -4.0770E-01 -1.1921E-06  5.6624E-07
 4.0000E-02 3.7406E-01 -4.2118E-01  5.9605E-06 -1.4901E-07
 4.0000E-02 3.7563E-01 -4.3463E-01 -3.0994E-06 -2.9802E-08
 4.0000E-02 3.7722E-01 -4.4806E-01  9.5367E-07 -2.3842E-07
 4.0000E-02 3.7881E-01 -4.6147E-01 -2.1458E-06  4.7684E-07
 4.0000E-02 3.8043E-01 -4.7480E-01  3.3379E-06 -1.3411E-06
 4.0000E-02 3.8205E-01 -4.8803E-01  4.0531E-06  1.9372E-06
 4.0000E-02 3.8369E-01 -5.0119E-01  4.7684E-07 -1.9073E-06
 4.0000E-02 3.8534E-01 -5.1430E-01 -7.1526E-07  1.5497E-06
 4.0000E-02 3.8701E-01 -5.2733E-01 -9.2983E-06  5.9605E-08
 4.0000E-02 3.8870E-01 -5.4026E-01  1.6689E-06 -5.9605E-08
 4.0000E-02 3.9039E-01 -5.5306E-01 -5.7220E-06 -6.5565E-07
 4.0000E-02 3.9211E-01 -5.6573E-01 -3.0994E-06  2.6822E-06
 4.0000E-02 3.9383E-01 -5.7832E-01 -5.7220E-06  1.7285E-06
 4.0000E-02 3.9558E-01 -5.9081E-01  4.2915E-06 -1.1921E-06
 4.0000E-02 3.9733E-01 -6.0315E-01 -1.4067E-05 -4.8876E-06
 4.0000E-02 3.9911E-01 -6.1531E-01  5.4836E-06 -7.7486E-07
 4.0000E-02 4.0090E-01 -6.2729E-01  3.8147E-06  2.9802E-07
 4.0000E-02 4.0270E-01 -6.3915E-01  2.3842E-06 -5.3644E-07
 4.0000E-02 4.0452E-01 -6.5084E-01 -1.1921E-06 -1.2517E-06
 4.0000E-02 4.0636E-01 -6.6230E-01 -1.6689E-06  2.9802E-07
 4.0000E-02 4.0822E-01 -6.7348E-01  5.4836E-06  8.9407E-07
 4.0000E-02 4.1009E-01 -6.8446E-01 -1.9073E-06  3.5763E-07
 4.0000E-02 4.1198E-01 -6.9517E-01  1.9073E-06  1.2517E-06
 4.0000E-02 4.1389E-01 -7.0551E-01  2.6226E-06  1.1325E-06
 4.0000E-02 4.1581E-01 -7.1539E-01 -5.0068E-06 -4.7684E-07
 4.0000E-02 4.1776E-01 -7.2473E-01 -1.1921E-06  1.7881E-06
 4.0000E-02 4.1972E-01 -7.3363E-01 -4.7684E-07 -2.9802E-07
 4.0000E-02 4.2170E-01 -7.4176E-01 -5.7220E-06  4.1723E-07
 4.0000E-02 4.2370E-01 -7.4900E-01 -1.4305E-06 -1.6093E-06
 4.0000E-02 4.2571E-01 -7.5524E-01  0.0000E+00 -1.0133E-06
 4.0000E-02 4.2775E-01 -7.6035E-01  4.7684E-06 -4.7684E-07
 4.0000E-02 4.2981E-01 -7.6409E-01  6.1989E-06 -7.1526E-07
 4.0000E-02 4.3188E-01 -7.6625E-01  6.6757E-06  1.4305E-06
 4.0000E-02 4.3398E-01 -7.6671E-01 -9.0599E-06  1.0133E-06
 4.0000E-02 4.3610E-01 -7.6535E-01  0.0000E+00  2.9802E-06
 4.0000E-02 4.3824E-01 -7.6180E-01 -3.3379E-06  7.1526E-07
 4.0000E-02 4.4039E-01 -7.5594E-01  1.4305E-06 -3.7551E-06
 4.0000E-02 4.4257E-01 -7.4761E-01  1.9073E-05 -1.3113E-06
 4.0000E-02 4.4478E-01 -7.3657E-01  7.6294E-06  1.7285E-06
 4.0000E-02 4.4700E-01 -7.2243E-01 -9.5367E-06 -8.9407E-07
 4.0000E-02 4.4925E-01 -7.0485E-01 -9.5367E-07 -2.9206E-06
 4.0000E-02 4.5152E-01 -6.8346E-01  0.0000E+00  1.0729E-06
 4.0000E-02 4.5381E-01 -6.5780E-01 -1.6689E-05  1.5497E-06
 4.0000E-02 4.5612E-01 -6.2728E-01  1.2398E-05  4.8876E-06
 4.0000E-02 4.5846E-01 -5.9144E-01  1.0014E-05 -2.0266E-06
 4.0000E-02 4.6082E-01 -5.4975E-01  4.2915E-06 -1.6093E-06
 4.0000E-02 4.6321E-01 -5.0162E-01  7.1526E-06 -8.3447E-07
 4.0000E-02 4.6563E-01 -4.4647E-01 -3.8147E-06  2.4438E-06
 4.0000E-02 4.6806E-01 -3.8399E-01 -1.2875E-05 -6.5565E-07
 4.0000E-02 4.7053E-01 -3.1372E-01  1.1444E-05 -1.6093E-06
 4.0000E-02 4.7302E-01 -2.3533E-01  2.8610E-06  2.4140E-06
 4.0000E-02 4.7553E-01 -1.4882E-01  4.2915E-05  2.0564E-06
 4.0000E-02 4.7807E-01 -5.4203E-02 -9.0599E-06 -6.6943E-06
 4.0000E-02 4.8065E-01  4.8536E-02  1.4782E-05  4.2282E-06
 4.0000E-02 4.8324E-01  1.5926E-01  6.6757E-06 -6.2287E-06
 4.0000E-02 4.8587E-01  2.7758E-01 -2.0027E-05  9.5069E-06
 4.0000E-02 4.8852E-01  4.0311E-01  2.8133E-05  1.4603E-06
 4.0000E-02 4.9121E-01  5.3500E-01  2.7180E-05 -1.1325E-06
 4.0000E-02 4.9392E-01  6.7171E-01 -3.3379E-06  9.5367E-06
 4.0000E-02 4.9667E-01  8.1140E-01  4.0531E-05  5.0664E-06
 4.0000E-02 4.9944E-01  9.5185E-01  2.5749E-05 -4.2915E-06
 4.0000E-02 5.0225E-01  1.0907E+00  2.0027E-05 -1.4186E-05
 4.0000E-02 5.0508E-01  1.2258E+00  1.0014E-05 -8.3447E-06
 4.0000E-02 5.0795E-01  1.3553E+00  7.6294E-06  6.0797E-06
 4.0000E-02 5.1086E-01  1.4776E+00  7.6294E-06 -1.2279E-05
 4.0000E-02 5.1379E-01  1.5918E+00 -7.6294E-06  6.5565E-06
 4.0000E-02 5.1676E-01  1.6971E+00  1.6212E-05  3.6955E-06
 4.0000E-02 5.1977E-01  1.7932E+00 -3.8147E-06  9.6560E-06
 4.0000E-02 5.2281E-01  1.8804E+00 -1.8597E-05 -3.0994E-06
 4.0000E-02 5.2588E-01  1.9597E+00  6.9618E-05 -4.6492E-06
 4.0000E-02 5.2899E-01  2.0322E+00  7.1526E-06 -7.3910E-06
 4.0000E-02 5.3214E-01  2.0991E+00  3.5286E-05  2.2650E-05
 4.0000E-02 5.3533E-01  2.1611E+00  4.2915E-06 -7.1526E-06
 4.0000E-02 5.3855E-01  2.2184E+00  0.0000E+00 -7.8678E-06
 4.0000E-02 5.4182E-01  2.2704E+00 -3.8624E-05 -1.0252E-05
 4.0000E-02 5.4512E-01  2.3159E+00  1.7643E-05 -2.6226E-06
 4.0000E-02 5.4847E-01  2.3535E+00 -2.1935E-05 -4.0531E-06
 4.0000E-02 5.5185E-01  2.3822E+00  1.8120E-05 -4.4107E-05
 4.0000E-02 5.5528E-01  2.4016E+00  2.8610E-06  7.3910E-06
 4.0000E-02 5.5875E-01  2.4117E+00 -3.4332E-05  2.8610E-06
 4.0000E-02 5.6226E-01  2.4131E+00  3.8147E-05 -5.7220E-06
 4.0000E-02 5.6582E-01  2.4065E+00 -8.3447E-06  2.5749E-05
 4.0000E-02 5.6943E-01  2.3932E+00 -1.6212E-05 -1.5497E-05
 4.0000E-02 5.7308E-01  2.3745E+00 -4.1485E-05  1.1683E-05
 4.0000E-02 5.7677E-01  2.3519E+00  1.8358E-05  9.0599E-06
 4.0000E-02 5.8052E-01  2.3263E+00 -4.6968E-05 -4.6253E-05
 4.0000E-02 5.8431E-01  2.2983E+00  5.6505E-05 -2.6941E-05
 4.0000E-02 5.8816E-01  2.2682E+00  2.2650E-05 -5.2691E-05
 4.0000E-02 5.9205E-01  2.2362E+00  1.4305E-05 -3.1710E-05
 4.0000E-02 5.9600E-01  2.2027E+00 -1.6689E-05  2.1696E-05
 4.0000E-02 6.0000E-01  2.1684E+00 -2.0027E-05 -2.3842E-05
