 DDSCAT --- DDSCAT 7.3.3 [22.01.20]   
 TARGET --->TARGSPHER  spherical target with explicit spacing                 
 GPFAFT --- method of solution 
 FLTRCD --- prescription for polarizabilities
 FROM_FILE --- shape 
    4169 = NAT0 = number of dipoles
 ../../diel/Pena-Rioux_dielectric_26Au_74Ag                  
 ../../diel/Pena-Rioux_dielectric_92Au_8Ag                   
 ../../diel/Au_evap                                          
   0.000   0.000 = beta_min, beta_max ;  NBETA = 1
   0.000   0.000 = theta_min, theta_max; NTHETA= 1
   0.000   0.000 = phi_min, phi_max   ;   NPHI = 1
 0.5000 = ETASCA (param. controlling # of scatt. dirs used to calculate <cos> etc.
 Results averaged over    1 target orientations
                   and  2 incident polarizations
   aeff       wave       Q_ext     Q_abs      Q_sca     g(1)=<cos>  <cos^2>    Q_bk       Nsca
 4.0000E-02 3.0000E-01 2.6083E+00 1.7948E+00 8.1348E-01  2.4754E-01 4.1388E-01 4.2637E-02   408
 4.0000E-02 3.0101E-01 2.6012E+00 1.7945E+00 8.0673E-01  2.4579E-01 4.1370E-01 4.2647E-02   408
 4.0000E-02 3.0203E-01 2.5944E+00 1.7943E+00 8.0015E-01  2.4399E-01 4.1352E-01 4.2663E-02   408
 4.0000E-02 3.0305E-01 2.5876E+00 1.7940E+00 7.9354E-01  2.4220E-01 4.1334E-01 4.2670E-02   408
 4.0000E-02 3.0408E-01 2.5807E+00 1.7938E+00 7.8696E-01  2.4042E-01 4.1317E-01 4.2670E-02   408
 4.0000E-02 3.0512E-01 2.5738E+00 1.7935E+00 7.8035E-01  2.3864E-01 4.1300E-01 4.2662E-02   408
 4.0000E-02 3.0616E-01 2.5670E+00 1.7932E+00 7.7375E-01  2.3687E-01 4.1283E-01 4.2647E-02   408
 4.0000E-02 3.0722E-01 2.5601E+00 1.7929E+00 7.6716E-01  2.3511E-01 4.1266E-01 4.2624E-02   408
 4.0000E-02 3.0828E-01 2.5533E+00 1.7927E+00 7.6068E-01  2.3334E-01 4.1249E-01 4.2602E-02   408
 4.0000E-02 3.0934E-01 2.5471E+00 1.7926E+00 7.5458E-01  2.3156E-01 4.1232E-01 4.2598E-02   408
 4.0000E-02 3.1042E-01 2.5409E+00 1.7924E+00 7.4849E-01  2.2977E-01 4.1215E-01 4.2587E-02   408
 4.0000E-02 3.1150E-01 2.5345E+00 1.7923E+00 7.4227E-01  2.2805E-01 4.1199E-01 4.2559E-02   408
 4.0000E-02 3.1259E-01 2.5281E+00 1.7920E+00 7.3604E-01  2.2634E-01 4.1183E-01 4.2523E-02   408
 4.0000E-02 3.1368E-01 2.5216E+00 1.7918E+00 7.2979E-01  2.2463E-01 4.1168E-01 4.2480E-02   408
 4.0000E-02 3.1479E-01 2.5151E+00 1.7916E+00 7.2355E-01  2.2303E-01 4.1167E-01 4.2432E-02   362
 4.0000E-02 3.1590E-01 2.5086E+00 1.7913E+00 7.1734E-01  2.2133E-01 4.1152E-01 4.2379E-02   362
 4.0000E-02 3.1702E-01 2.5021E+00 1.7910E+00 7.1114E-01  2.1963E-01 4.1137E-01 4.2320E-02   363
 4.0000E-02 3.1815E-01 2.4952E+00 1.7905E+00 7.0469E-01  2.1794E-01 4.1122E-01 4.2239E-02   363
 4.0000E-02 3.1929E-01 2.4881E+00 1.7899E+00 6.9816E-01  2.1626E-01 4.1107E-01 4.2145E-02   363
 4.0000E-02 3.2043E-01 2.4808E+00 1.7892E+00 6.9157E-01  2.1459E-01 4.1093E-01 4.2041E-02   363
 4.0000E-02 3.2158E-01 2.4739E+00 1.7886E+00 6.8525E-01  2.1281E-01 4.1078E-01 4.1954E-02   363
 4.0000E-02 3.2274E-01 2.4667E+00 1.7879E+00 6.7886E-01  2.1105E-01 4.1064E-01 4.1855E-02   363
 4.0000E-02 3.2391E-01 2.4594E+00 1.7870E+00 6.7242E-01  2.0931E-01 4.1049E-01 4.1744E-02   363
 4.0000E-02 3.2509E-01 2.4520E+00 1.7861E+00 6.6590E-01  2.0757E-01 4.1035E-01 4.1622E-02   363
 4.0000E-02 3.2628E-01 2.4444E+00 1.7850E+00 6.5934E-01  2.0586E-01 4.1021E-01 4.1489E-02   363
 4.0000E-02 3.2747E-01 2.4358E+00 1.7835E+00 6.5226E-01  2.0420E-01 4.1008E-01 4.1310E-02   363
 4.0000E-02 3.2868E-01 2.4273E+00 1.7820E+00 6.4530E-01  2.0254E-01 4.0996E-01 4.1130E-02   363
 4.0000E-02 3.2989E-01 2.4189E+00 1.7804E+00 6.3849E-01  2.0089E-01 4.0983E-01 4.0955E-02   363
 4.0000E-02 3.3111E-01 2.4106E+00 1.7788E+00 6.3184E-01  1.9924E-01 4.0970E-01 4.0784E-02   363
 4.0000E-02 3.3234E-01 2.4022E+00 1.7771E+00 6.2512E-01  1.9763E-01 4.0958E-01 4.0600E-02   363
 4.0000E-02 3.3358E-01 2.3937E+00 1.7752E+00 6.1845E-01  1.9606E-01 4.0946E-01 4.0412E-02   363
 4.0000E-02 3.3483E-01 2.3854E+00 1.7734E+00 6.1194E-01  1.9449E-01 4.0934E-01 4.0230E-02   363
 4.0000E-02 3.3609E-01 2.3778E+00 1.7718E+00 6.0595E-01  1.9291E-01 4.0922E-01 4.0078E-02   363
 4.0000E-02 3.3736E-01 2.3712E+00 1.7706E+00 6.0059E-01  1.9129E-01 4.0910E-01 3.9968E-02   363
 4.0000E-02 3.3864E-01 2.3652E+00 1.7695E+00 5.9565E-01  1.8965E-01 4.0898E-01 3.9884E-02   363
 4.0000E-02 3.3992E-01 2.3598E+00 1.7687E+00 5.9111E-01  1.8799E-01 4.0886E-01 3.9826E-02   363
 4.0000E-02 3.4122E-01 2.3550E+00 1.7680E+00 5.8699E-01  1.8631E-01 4.0873E-01 3.9796E-02   363
 4.0000E-02 3.4253E-01 2.3508E+00 1.7675E+00 5.8328E-01  1.8460E-01 4.0860E-01 3.9794E-02   363
 4.0000E-02 3.4385E-01 2.3469E+00 1.7671E+00 5.7983E-01  1.8288E-01 4.0848E-01 3.9810E-02   363
 4.0000E-02 3.4517E-01 2.3441E+00 1.7671E+00 5.7703E-01  1.8111E-01 4.0835E-01 3.9872E-02   363
 4.0000E-02 3.4651E-01 2.3425E+00 1.7676E+00 5.7489E-01  1.7930E-01 4.0822E-01 3.9984E-02   363
 4.0000E-02 3.4786E-01 2.3418E+00 1.7685E+00 5.7331E-01  1.7745E-01 4.0808E-01 4.0137E-02   363
 4.0000E-02 3.4922E-01 2.3421E+00 1.7698E+00 5.7231E-01  1.7557E-01 4.0794E-01 4.0334E-02   363
 4.0000E-02 3.5059E-01 2.3434E+00 1.7714E+00 5.7191E-01  1.7365E-01 4.0780E-01 4.0575E-02   363
 4.0000E-02 3.5197E-01 2.3457E+00 1.7736E+00 5.7210E-01  1.7170E-01 4.0766E-01 4.0863E-02   363
 4.0000E-02 3.5336E-01 2.3491E+00 1.7762E+00 5.7292E-01  1.6972E-01 4.0752E-01 4.1200E-02   363
 4.0000E-02 3.5476E-01 2.3541E+00 1.7795E+00 5.7462E-01  1.6769E-01 4.0738E-01 4.1606E-02   363
 4.0000E-02 3.5618E-01 2.3609E+00 1.7836E+00 5.7730E-01  1.6563E-01 4.0723E-01 4.2086E-02   363
 4.0000E-02 3.5760E-01 2.3687E+00 1.7882E+00 5.8055E-01  1.6354E-01 4.0708E-01 4.2616E-02   363
 4.0000E-02 3.5904E-01 2.3776E+00 1.7932E+00 5.8443E-01  1.6143E-01 4.0693E-01 4.3196E-02   363
 4.0000E-02 3.6048E-01 2.3877E+00 1.7988E+00 5.8892E-01  1.5930E-01 4.0678E-01 4.3830E-02   363
 4.0000E-02 3.6194E-01 2.3989E+00 1.8049E+00 5.9408E-01  1.5715E-01 4.0663E-01 4.4521E-02   363
 4.0000E-02 3.6341E-01 2.4114E+00 1.8115E+00 5.9991E-01  1.5498E-01 4.0648E-01 4.5271E-02   363
 4.0000E-02 3.6490E-01 2.4250E+00 1.8186E+00 6.0638E-01  1.5280E-01 4.0633E-01 4.6078E-02   363
 4.0000E-02 3.6639E-01 2.4398E+00 1.8263E+00 6.1348E-01  1.5060E-01 4.0618E-01 4.6941E-02   363
 4.0000E-02 3.6790E-01 2.4558E+00 1.8346E+00 6.2122E-01  1.4839E-01 4.0603E-01 4.7865E-02   363
 4.0000E-02 3.6942E-01 2.4732E+00 1.8435E+00 6.2968E-01  1.4618E-01 4.0588E-01 4.8853E-02   363
 4.0000E-02 3.7095E-01 2.4915E+00 1.8529E+00 6.3868E-01  1.4395E-01 4.0573E-01 4.9896E-02   363
 4.0000E-02 3.7250E-01 2.5110E+00 1.8627E+00 6.4826E-01  1.4172E-01 4.0559E-01 5.0998E-02   363
 4.0000E-02 3.7406E-01 2.5313E+00 1.8729E+00 6.5840E-01  1.3947E-01 4.0544E-01 5.2157E-02   363
 4.0000E-02 3.7563E-01 2.5527E+00 1.8836E+00 6.6904E-01  1.3722E-01 4.0530E-01 5.3369E-02   363
 4.0000E-02 3.7722E-01 2.5750E+00 1.8948E+00 6.8023E-01  1.3496E-01 4.0516E-01 5.4640E-02   363
 4.0000E-02 3.7881E-01 2.5984E+00 1.9064E+00 6.9201E-01  1.3270E-01 4.0502E-01 5.5975E-02   363
 4.0000E-02 3.8043E-01 2.6230E+00 1.9186E+00 7.0443E-01  1.3042E-01 4.0488E-01 5.7378E-02   363
 4.0000E-02 3.8205E-01 2.6482E+00 1.9311E+00 7.1718E-01  1.2815E-01 4.0474E-01 5.8825E-02   363
 4.0000E-02 3.8369E-01 2.6735E+00 1.9436E+00 7.2991E-01  1.2587E-01 4.0461E-01 6.0291E-02   363
 4.0000E-02 3.8534E-01 2.6998E+00 1.9566E+00 7.4327E-01  1.2359E-01 4.0448E-01 6.1827E-02   363
 4.0000E-02 3.8701E-01 2.7274E+00 1.9701E+00 7.5730E-01  1.2129E-01 4.0435E-01 6.3440E-02   363
 4.0000E-02 3.8870E-01 2.7562E+00 1.9841E+00 7.7208E-01  1.1898E-01 4.0422E-01 6.5137E-02   363
 4.0000E-02 3.9039E-01 2.7863E+00 1.9987E+00 7.8764E-01  1.1673E-01 4.0426E-01 6.6924E-02   323
 4.0000E-02 3.9211E-01 2.8178E+00 2.0139E+00 8.0398E-01  1.1440E-01 4.0414E-01 6.8799E-02   323
 4.0000E-02 3.9383E-01 2.8507E+00 2.0296E+00 8.2110E-01  1.1206E-01 4.0402E-01 7.0767E-02   323
 4.0000E-02 3.9558E-01 2.8850E+00 2.0459E+00 8.3911E-01  1.0970E-01 4.0390E-01 7.2837E-02   323
 4.0000E-02 3.9733E-01 2.9210E+00 2.0629E+00 8.5811E-01  1.0733E-01 4.0378E-01 7.5022E-02   323
 4.0000E-02 3.9911E-01 2.9597E+00 2.0809E+00 8.7881E-01  1.0494E-01 4.0366E-01 7.7386E-02   323
 4.0000E-02 4.0090E-01 3.0005E+00 2.0998E+00 9.0068E-01  1.0254E-01 4.0354E-01 7.9886E-02   323
 4.0000E-02 4.0270E-01 3.0432E+00 2.1194E+00 9.2381E-01  1.0013E-01 4.0343E-01 8.2527E-02   323
 4.0000E-02 4.0452E-01 3.0881E+00 2.1399E+00 9.4824E-01  9.7715E-02 4.0332E-01 8.5321E-02   323
 4.0000E-02 4.0636E-01 3.1354E+00 2.1613E+00 9.7408E-01  9.5290E-02 4.0321E-01 8.8279E-02   323
 4.0000E-02 4.0822E-01 3.1852E+00 2.1838E+00 1.0014E+00  9.2859E-02 4.0310E-01 9.1410E-02   323
 4.0000E-02 4.1009E-01 3.2375E+00 2.2073E+00 1.0303E+00  9.0425E-02 4.0299E-01 9.4725E-02   323
 4.0000E-02 4.1198E-01 3.2926E+00 2.2319E+00 1.0607E+00  8.7988E-02 4.0289E-01 9.8226E-02   323
 4.0000E-02 4.1389E-01 3.3501E+00 2.2575E+00 1.0925E+00  8.5549E-02 4.0279E-01 1.0190E-01   323
 4.0000E-02 4.1581E-01 3.4096E+00 2.2842E+00 1.1254E+00  8.3118E-02 4.0269E-01 1.0572E-01   323
 4.0000E-02 4.1776E-01 3.4720E+00 2.3122E+00 1.1599E+00  8.0689E-02 4.0260E-01 1.0974E-01   323
 4.0000E-02 4.1972E-01 3.5373E+00 2.3414E+00 1.1959E+00  7.8268E-02 4.0251E-01 1.1395E-01   323
 4.0000E-02 4.2170E-01 3.6049E+00 2.3717E+00 1.2332E+00  7.5858E-02 4.0242E-01 1.1833E-01   323
 4.0000E-02 4.2370E-01 3.6746E+00 2.4030E+00 1.2716E+00  7.3471E-02 4.0233E-01 1.2286E-01   323
 4.0000E-02 4.2571E-01 3.7459E+00 2.4352E+00 1.3107E+00  7.1106E-02 4.0225E-01 1.2752E-01   323
 4.0000E-02 4.2775E-01 3.8184E+00 2.4681E+00 1.3504E+00  6.8767E-02 4.0217E-01 1.3227E-01   323
 4.0000E-02 4.2981E-01 3.8916E+00 2.5014E+00 1.3902E+00  6.6458E-02 4.0210E-01 1.3709E-01   323
 4.0000E-02 4.3188E-01 3.9664E+00 2.5352E+00 1.4312E+00  6.4173E-02 4.0203E-01 1.4207E-01   323
 4.0000E-02 4.3398E-01 4.0420E+00 2.5692E+00 1.4727E+00  6.1918E-02 4.0196E-01 1.4715E-01   323
 4.0000E-02 4.3610E-01 4.1177E+00 2.6034E+00 1.5143E+00  5.9702E-02 4.0190E-01 1.5229E-01   323
 4.0000E-02 4.3824E-01 4.1933E+00 2.6376E+00 1.5557E+00  5.7534E-02 4.0184E-01 1.5744E-01   323
 4.0000E-02 4.4039E-01 4.2689E+00 2.6719E+00 1.5970E+00  5.5415E-02 4.0179E-01 1.6262E-01   323
 4.0000E-02 4.4257E-01 4.3446E+00 2.7063E+00 1.6382E+00  5.3356E-02 4.0174E-01 1.6782E-01   323
 4.0000E-02 4.4478E-01 4.4200E+00 2.7409E+00 1.6792E+00  5.1359E-02 4.0170E-01 1.7302E-01   323
 4.0000E-02 4.4700E-01 4.4950E+00 2.7754E+00 1.7196E+00  4.9433E-02 4.0166E-01 1.7817E-01   323
 4.0000E-02 4.4925E-01 4.5696E+00 2.8100E+00 1.7596E+00  4.7577E-02 4.0163E-01 1.8328E-01   323
 4.0000E-02 4.5152E-01 4.6420E+00 2.8442E+00 1.7978E+00  4.5797E-02 4.0160E-01 1.8821E-01   323
 4.0000E-02 4.5381E-01 4.7098E+00 2.8775E+00 1.8323E+00  4.4103E-02 4.0157E-01 1.9274E-01   323
 4.0000E-02 4.5612E-01 4.7772E+00 2.9108E+00 1.8664E+00  4.2471E-02 4.0155E-01 1.9722E-01   323
 4.0000E-02 4.5846E-01 4.8438E+00 2.9439E+00 1.9000E+00  4.0897E-02 4.0153E-01 2.0165E-01   323
 4.0000E-02 4.6082E-01 4.9094E+00 2.9767E+00 1.9328E+00  3.9377E-02 4.0151E-01 2.0598E-01   323
 4.0000E-02 4.6321E-01 4.9736E+00 3.0089E+00 1.9647E+00  3.7912E-02 4.0149E-01 2.1021E-01   323
 4.0000E-02 4.6563E-01 5.0364E+00 3.0407E+00 1.9958E+00  3.6495E-02 4.0147E-01 2.1436E-01   323
 4.0000E-02 4.6806E-01 5.0978E+00 3.0717E+00 2.0261E+00  3.5123E-02 4.0146E-01 2.1841E-01   323
 4.0000E-02 4.7053E-01 5.1576E+00 3.1020E+00 2.0556E+00  3.3793E-02 4.0144E-01 2.2237E-01   323
 4.0000E-02 4.7302E-01 5.2170E+00 3.1317E+00 2.0853E+00  3.2506E-02 4.0143E-01 2.2634E-01   323
 4.0000E-02 4.7553E-01 5.2764E+00 3.1608E+00 2.1155E+00  3.1257E-02 4.0142E-01 2.3036E-01   323
 4.0000E-02 4.7807E-01 5.3352E+00 3.1893E+00 2.1459E+00  3.0044E-02 4.0141E-01 2.3439E-01   323
 4.0000E-02 4.8065E-01 5.3940E+00 3.2171E+00 2.1769E+00  2.8866E-02 4.0139E-01 2.3849E-01   323
 4.0000E-02 4.8324E-01 5.4531E+00 3.2443E+00 2.2089E+00  2.7719E-02 4.0138E-01 2.4270E-01   323
 4.0000E-02 4.8587E-01 5.5129E+00 3.2706E+00 2.2423E+00  2.6602E-02 4.0137E-01 2.4706E-01   323
 4.0000E-02 4.8852E-01 5.5737E+00 3.2962E+00 2.2775E+00  2.5513E-02 4.0136E-01 2.5162E-01   323
 4.0000E-02 4.9121E-01 5.6358E+00 3.3208E+00 2.3150E+00  2.4449E-02 4.0136E-01 2.5643E-01   323
 4.0000E-02 4.9392E-01 5.6998E+00 3.3445E+00 2.3553E+00  2.3407E-02 4.0135E-01 2.6157E-01   323
 4.0000E-02 4.9667E-01 5.7707E+00 3.3676E+00 2.4031E+00  2.2375E-02 4.0134E-01 2.6755E-01   323
 4.0000E-02 4.9944E-01 5.8567E+00 3.3907E+00 2.4660E+00  2.1322E-02 4.0132E-01 2.7526E-01   323
 4.0000E-02 5.0225E-01 5.9447E+00 3.4108E+00 2.5340E+00  2.0261E-02 4.0131E-01 2.8358E-01   323
 4.0000E-02 5.0508E-01 6.0336E+00 3.4266E+00 2.6071E+00  1.9186E-02 4.0130E-01 2.9253E-01   323
 4.0000E-02 5.0795E-01 6.1219E+00 3.4367E+00 2.6852E+00  1.8093E-02 4.0128E-01 3.0210E-01   324
 4.0000E-02 5.1086E-01 6.2071E+00 3.4393E+00 2.7678E+00  1.6977E-02 4.0127E-01 3.1225E-01   324
 4.0000E-02 5.1379E-01 6.2860E+00 3.4321E+00 2.8538E+00  1.5879E-02 4.0146E-01 3.2285E-01   285
 4.0000E-02 5.1676E-01 6.3544E+00 3.4127E+00 2.9418E+00  1.4721E-02 4.0145E-01 3.3374E-01   285
 4.0000E-02 5.1977E-01 6.4073E+00 3.3780E+00 3.0293E+00  1.3549E-02 4.0144E-01 3.4466E-01   285
 4.0000E-02 5.2281E-01 6.4095E+00 3.3222E+00 3.0873E+00  1.2393E-02 4.0143E-01 3.5224E-01   285
 4.0000E-02 5.2588E-01 6.3641E+00 3.2479E+00 3.1162E+00  1.1274E-02 4.0142E-01 3.5648E-01   285
 4.0000E-02 5.2899E-01 6.2849E+00 3.1576E+00 3.1273E+00  1.0184E-02 4.0142E-01 3.5865E-01   285
 4.0000E-02 5.3214E-01 6.1708E+00 3.0519E+00 3.1189E+00  9.1225E-03 4.0141E-01 3.5856E-01   285
 4.0000E-02 5.3533E-01 6.0221E+00 2.9323E+00 3.0898E+00  8.0839E-03 4.0141E-01 3.5604E-01   285
 4.0000E-02 5.3855E-01 5.8407E+00 2.8010E+00 3.0398E+00  7.0662E-03 4.0140E-01 3.5106E-01   285
 4.0000E-02 5.4182E-01 5.6303E+00 2.6608E+00 2.9694E+00  6.0651E-03 4.0140E-01 3.4369E-01   285
 4.0000E-02 5.4512E-01 5.3956E+00 2.5152E+00 2.8803E+00  5.0757E-03 4.0139E-01 3.3408E-01   285
 4.0000E-02 5.4847E-01 5.1427E+00 2.3678E+00 2.7749E+00  4.0950E-03 4.0139E-01 3.2252E-01   285
 4.0000E-02 5.5185E-01 4.8891E+00 2.2238E+00 2.6653E+00  3.1425E-03 4.0138E-01 3.1039E-01   285
 4.0000E-02 5.5528E-01 4.6303E+00 2.0828E+00 2.5475E+00  2.1946E-03 4.0137E-01 2.9726E-01   285
 4.0000E-02 5.5875E-01 4.3710E+00 1.9471E+00 2.4240E+00  1.2464E-03 4.0137E-01 2.8339E-01   285
 4.0000E-02 5.6226E-01 4.1160E+00 1.8188E+00 2.2972E+00  2.9404E-04 4.0136E-01 2.6910E-01   285
 4.0000E-02 5.6582E-01 3.8697E+00 1.6998E+00 2.1699E+00 -6.6241E-04 4.0135E-01 2.5467E-01   285
 4.0000E-02 5.6943E-01 3.6356E+00 1.5912E+00 2.0443E+00 -1.6226E-03 4.0134E-01 2.4040E-01   285
 4.0000E-02 5.7308E-01 3.4163E+00 1.4936E+00 1.9227E+00 -2.5863E-03 4.0133E-01 2.2655E-01   285
 4.0000E-02 5.7677E-01 3.2133E+00 1.4066E+00 1.8068E+00 -3.5502E-03 4.0132E-01 2.1331E-01   285
 4.0000E-02 5.8052E-01 3.0269E+00 1.3293E+00 1.6976E+00 -4.5126E-03 4.0132E-01 2.0082E-01   285
 4.0000E-02 5.8431E-01 2.8551E+00 1.2605E+00 1.5947E+00 -5.4796E-03 4.0131E-01 1.8902E-01   285
 4.0000E-02 5.8816E-01 2.6966E+00 1.1979E+00 1.4987E+00 -6.4485E-03 4.0131E-01 1.7801E-01   285
 4.0000E-02 5.9205E-01 2.5491E+00 1.1398E+00 1.4093E+00 -7.4139E-03 4.0130E-01 1.6773E-01   285
 4.0000E-02 5.9600E-01 2.4112E+00 1.0861E+00 1.3251E+00 -8.3772E-03 4.0129E-01 1.5803E-01   285
 4.0000E-02 6.0000E-01 2.2832E+00 1.0381E+00 1.2451E+00 -9.3399E-03 4.0129E-01 1.4878E-01   285
