 DDSCAT --- DDSCAT 7.3.3 [22.01.20]   
 TARGET --->TARGSPHER  spherical target with explicit spacing                 
 GPFAFT --- method of solution 
 FLTRCD --- prescription for polarizabilities
 FROM_FILE --- shape 
    4169 = NAT0 = number of dipoles
 ../../diel/Pena-Rioux_dielectric_26Au_74Ag                  
 ../../diel/Pena-Rioux_dielectric_76Au_24Ag                  
 ../../diel/Pena-Rioux_dielectric_85Au_15Ag                  
 ../../diel/Au_evap                                          
   0.000   0.000 = beta_min, beta_max ;  NBETA = 1
   0.000   0.000 = theta_min, theta_max; NTHETA= 1
   0.000   0.000 = phi_min, phi_max   ;   NPHI = 1
 Results averaged over    1 target orientations
                   and  2 incident polarizations
   aeff       wave       Q_pha       Q_pol       Q_cpol
 4.0000E-02 3.0000E-01 -1.6604E-02 -1.4305E-06  7.2643E-08
 4.0000E-02 3.0101E-01 -1.5394E-02  4.2915E-06 -4.3772E-08
 4.0000E-02 3.0203E-01 -1.4471E-02  3.3379E-06  1.0617E-07
 4.0000E-02 3.0305E-01 -1.3708E-02  6.4373E-06 -6.4261E-08
 4.0000E-02 3.0408E-01 -1.3111E-02  3.0994E-06 -4.0047E-08
 4.0000E-02 3.0512E-01 -1.2686E-02 -2.3842E-07  6.7987E-08
 4.0000E-02 3.0616E-01 -1.2440E-02  3.8147E-06 -2.1420E-08
 4.0000E-02 3.0722E-01 -1.2378E-02 -2.3842E-06  2.7940E-09
 4.0000E-02 3.0828E-01 -1.2451E-02  9.5367E-07  1.0245E-08
 4.0000E-02 3.0934E-01 -1.2592E-02  3.5763E-06 -4.7497E-08
 4.0000E-02 3.1042E-01 -1.2869E-02 -7.1526E-07 -2.2352E-08
 4.0000E-02 3.1150E-01 -1.3146E-02  6.9141E-06  2.1420E-08
 4.0000E-02 3.1259E-01 -1.3533E-02 -5.4836E-06 -2.5146E-08
 4.0000E-02 3.1368E-01 -1.4079E-02  1.1921E-06  1.3970E-08
 4.0000E-02 3.1479E-01 -1.4788E-02  9.5367E-07 -1.8626E-08
 4.0000E-02 3.1590E-01 -1.5664E-02  4.0531E-06  2.2352E-08
 4.0000E-02 3.1702E-01 -1.6710E-02  3.0994E-06 -7.4506E-09
 4.0000E-02 3.1815E-01 -1.7552E-02  7.1526E-07  8.7544E-08
 4.0000E-02 3.1929E-01 -1.8587E-02  3.3379E-06 -2.0489E-08
 4.0000E-02 3.2043E-01 -1.9902E-02  7.1526E-07  7.4506E-09
 4.0000E-02 3.2158E-01 -2.1782E-02  0.0000E+00 -6.1467E-08
 4.0000E-02 3.2274E-01 -2.3934E-02 -2.3842E-07  2.2352E-08
 4.0000E-02 3.2391E-01 -2.6367E-02  6.6757E-06 -4.2841E-08
 4.0000E-02 3.2509E-01 -2.9088E-02 -2.6226E-06 -1.3411E-07
 4.0000E-02 3.2628E-01 -3.2109E-02 -1.1921E-06  1.4901E-08
 4.0000E-02 3.2747E-01 -3.5958E-02 -4.0531E-06 -7.0781E-08
 4.0000E-02 3.2868E-01 -4.0271E-02 -1.9073E-06 -5.9605E-08
 4.0000E-02 3.2989E-01 -4.5040E-02 -4.7684E-07  3.7253E-09
 4.0000E-02 3.3111E-01 -5.0278E-02 -1.6689E-06 -2.2352E-08
 4.0000E-02 3.3234E-01 -5.5837E-02  2.6226E-06  1.0058E-07
 4.0000E-02 3.3358E-01 -6.1793E-02  7.3910E-06 -1.5646E-07
 4.0000E-02 3.3483E-01 -6.8229E-02 -9.5367E-07 -1.1921E-07
 4.0000E-02 3.3609E-01 -7.5352E-02 -4.7684E-06 -1.4156E-07
 4.0000E-02 3.3736E-01 -8.3088E-02  9.5367E-07  0.0000E+00
 4.0000E-02 3.3864E-01 -9.1213E-02 -4.7684E-07  8.1956E-08
 4.0000E-02 3.3992E-01 -9.9739E-02 -4.0531E-06  0.0000E+00
 4.0000E-02 3.4122E-01 -1.0868E-01 -4.2915E-06 -7.4506E-08
 4.0000E-02 3.4253E-01 -1.1804E-01  2.3842E-07  0.0000E+00
 4.0000E-02 3.4385E-01 -1.2784E-01 -4.7684E-07 -4.4703E-08
 4.0000E-02 3.4517E-01 -1.3803E-01 -1.9073E-06 -1.1921E-07
 4.0000E-02 3.4651E-01 -1.4843E-01  1.1921E-06  5.9605E-08
 4.0000E-02 3.4786E-01 -1.5907E-01 -9.5367E-07  8.9407E-08
 4.0000E-02 3.4922E-01 -1.6998E-01  3.0994E-06  1.4901E-08
 4.0000E-02 3.5059E-01 -1.8114E-01  4.0531E-06 -2.9802E-08
 4.0000E-02 3.5197E-01 -1.9259E-01  4.7684E-07  4.6194E-07
 4.0000E-02 3.5336E-01 -2.0433E-01  0.0000E+00  1.6391E-07
 4.0000E-02 3.5476E-01 -2.1623E-01 -2.6226E-06 -1.7881E-07
 4.0000E-02 3.5618E-01 -2.2825E-01  2.3842E-07 -1.7881E-07
 4.0000E-02 3.5760E-01 -2.4038E-01  2.3842E-07  1.1921E-07
 4.0000E-02 3.5904E-01 -2.5262E-01 -3.8147E-06 -2.6822E-07
 4.0000E-02 3.6048E-01 -2.6499E-01  1.1921E-06  2.3842E-07
 4.0000E-02 3.6194E-01 -2.7749E-01 -1.9073E-06 -4.1723E-07
 4.0000E-02 3.6341E-01 -2.9005E-01  2.1458E-06 -4.4703E-07
 4.0000E-02 3.6490E-01 -3.0254E-01 -2.6226E-06  1.0431E-06
 4.0000E-02 3.6639E-01 -3.1505E-01  7.1526E-07 -5.3644E-07
 4.0000E-02 3.6790E-01 -3.2758E-01  5.9605E-06 -4.4703E-07
 4.0000E-02 3.6942E-01 -3.4009E-01  1.9073E-06  4.1723E-07
 4.0000E-02 3.7095E-01 -3.5260E-01 -3.5763E-06  2.0862E-07
 4.0000E-02 3.7250E-01 -3.6507E-01  4.7684E-06 -7.7486E-07
 4.0000E-02 3.7406E-01 -3.7742E-01 -7.1526E-06 -4.7684E-07
 4.0000E-02 3.7563E-01 -3.8976E-01 -4.5300E-06  9.2387E-07
 4.0000E-02 3.7722E-01 -4.0202E-01 -1.9073E-06 -2.0862E-07
 4.0000E-02 3.7881E-01 -4.1422E-01  0.0000E+00 -5.9605E-08
 4.0000E-02 3.8043E-01 -4.2635E-01  1.1921E-06 -8.3447E-07
 4.0000E-02 3.8205E-01 -4.3834E-01 -5.2452E-06 -8.9407E-08
 4.0000E-02 3.8369E-01 -4.5022E-01 -1.0490E-05  8.9407E-08
 4.0000E-02 3.8534E-01 -4.6204E-01 -3.3379E-06 -1.3113E-06
 4.0000E-02 3.8701E-01 -4.7380E-01  6.4373E-06  2.6822E-07
 4.0000E-02 3.8870E-01 -4.8545E-01  7.1526E-07 -1.3113E-06
 4.0000E-02 3.9039E-01 -4.9699E-01 -1.1206E-05 -4.1127E-06
 4.0000E-02 3.9211E-01 -5.0840E-01 -2.1458E-06 -5.2452E-06
 4.0000E-02 3.9383E-01 -5.1974E-01  2.3842E-07  1.7285E-06
 4.0000E-02 3.9558E-01 -5.3099E-01  7.3910E-06 -5.9605E-07
 4.0000E-02 3.9733E-01 -5.4210E-01 -1.6689E-05  8.1062E-06
 4.0000E-02 3.9911E-01 -5.5306E-01  1.4305E-05 -1.0908E-05
 4.0000E-02 4.0090E-01 -5.6383E-01 -1.4305E-06 -4.1723E-07
 4.0000E-02 4.0270E-01 -5.7446E-01 -5.4836E-06  2.9802E-07
 4.0000E-02 4.0452E-01 -5.8487E-01 -3.9101E-05  4.4107E-06
 4.0000E-02 4.0636E-01 -5.9500E-01  6.9141E-06  1.4901E-06
 4.0000E-02 4.0822E-01 -6.0473E-01 -9.5367E-07  9.5367E-07
 4.0000E-02 4.1009E-01 -6.1405E-01  1.4305E-06  7.7486E-07
 4.0000E-02 4.1198E-01 -6.2293E-01  2.8610E-06  5.4836E-06
 4.0000E-02 4.1389E-01 -6.3117E-01 -1.1921E-06 -5.9605E-08
 4.0000E-02 4.1581E-01 -6.3862E-01 -1.6689E-06  1.3113E-06
 4.0000E-02 4.1776E-01 -6.4511E-01 -3.3379E-06 -2.9802E-07
 4.0000E-02 4.1972E-01 -6.5063E-01 -3.0994E-06 -1.0729E-06
 4.0000E-02 4.2170E-01 -6.5493E-01 -7.3910E-06 -1.7941E-05
 4.0000E-02 4.2370E-01 -6.5788E-01 -1.0490E-05 -1.7285E-05
 4.0000E-02 4.2571E-01 -6.5936E-01 -1.1921E-06  4.6492E-06
 4.0000E-02 4.2775E-01 -6.5940E-01 -1.2398E-05  9.3579E-06
 4.0000E-02 4.2981E-01 -6.5801E-01  6.6757E-06 -5.1856E-06
 4.0000E-02 4.3188E-01 -6.5515E-01  7.3910E-06  4.4107E-06
 4.0000E-02 4.3398E-01 -6.5084E-01 -6.1989E-06 -7.1526E-07
 4.0000E-02 4.3610E-01 -6.4506E-01  4.2915E-06  5.3048E-06
 4.0000E-02 4.3824E-01 -6.3786E-01  5.2452E-06 -1.1921E-06
 4.0000E-02 4.4039E-01 -6.2905E-01 -6.1989E-06 -2.3842E-06
 4.0000E-02 4.4257E-01 -6.1857E-01  9.0599E-06 -4.1127E-06
 4.0000E-02 4.4478E-01 -6.0634E-01  1.0014E-05  1.6093E-06
 4.0000E-02 4.4700E-01 -5.9227E-01  1.0967E-05  4.1723E-07
 4.0000E-02 4.4925E-01 -5.7611E-01  3.3379E-06 -1.5497E-06
 4.0000E-02 4.5152E-01 -5.5770E-01  8.5831E-06  2.0862E-06
 4.0000E-02 4.5381E-01 -5.3684E-01  7.1526E-06 -4.1723E-07
 4.0000E-02 4.5612E-01 -5.1314E-01 -1.0490E-05 -1.7881E-06
 4.0000E-02 4.5846E-01 -4.8611E-01  1.9073E-06  0.0000E+00
 4.0000E-02 4.6082E-01 -4.5527E-01 -1.4305E-06 -8.0764E-06
 4.0000E-02 4.6321E-01 -4.1998E-01  4.7684E-07 -1.0133E-06
 4.0000E-02 4.6563E-01 -3.7923E-01 -5.2452E-06  2.8908E-06
 4.0000E-02 4.6806E-01 -3.3222E-01  9.5367E-07 -8.3447E-07
 4.0000E-02 4.7053E-01 -2.7798E-01  3.8147E-06 -1.1027E-06
 4.0000E-02 4.7302E-01 -2.1554E-01 -6.1989E-06 -2.2948E-06
 4.0000E-02 4.7553E-01 -1.4405E-01 -7.1526E-06 -1.6689E-06
 4.0000E-02 4.7807E-01 -6.3067E-02  7.1526E-06  2.1383E-06
 4.0000E-02 4.8065E-01  2.7872E-02 -4.2915E-06 -4.9919E-07
 4.0000E-02 4.8324E-01  1.2886E-01 -4.7684E-07 -1.0803E-05
 4.0000E-02 4.8587E-01  2.3912E-01 -1.9550E-05 -2.5779E-06
 4.0000E-02 4.8852E-01  3.5779E-01 -4.2915E-06  7.2420E-06
 4.0000E-02 4.9121E-01  4.8354E-01 -9.5367E-06 -8.0466E-07
 4.0000E-02 4.9392E-01  6.1411E-01 -4.1008E-05 -1.6093E-06
 4.0000E-02 4.9667E-01  7.4657E-01 -2.6226E-05 -8.5235E-06
 4.0000E-02 4.9944E-01  8.7766E-01  1.2398E-05 -9.3579E-06
 4.0000E-02 5.0225E-01  1.0069E+00  1.0967E-05  7.2718E-06
 4.0000E-02 5.0508E-01  1.1324E+00 -2.4319E-05 -1.0729E-06
 4.0000E-02 5.0795E-01  1.2523E+00  1.6689E-05  1.3113E-06
 4.0000E-02 5.1086E-01  1.3653E+00 -2.0504E-05  5.9605E-07
 4.0000E-02 5.1379E-01  1.4710E+00 -2.7657E-05 -1.5497E-05
 4.0000E-02 5.1676E-01  1.5695E+00 -2.2888E-05 -4.8876E-06
 4.0000E-02 5.1977E-01  1.6619E+00 -1.5259E-05  4.8876E-06
 4.0000E-02 5.2281E-01  1.7532E+00  1.9073E-06  0.0000E+00
 4.0000E-02 5.2588E-01  1.8414E+00  1.4305E-05  7.0333E-06
 4.0000E-02 5.2899E-01  1.9237E+00 -1.9073E-06  4.7684E-07
 4.0000E-02 5.3214E-01  1.9997E+00  2.8610E-06 -1.1921E-06
 4.0000E-02 5.3533E-01  2.0680E+00 -2.3842E-06  1.0490E-05
 4.0000E-02 5.3855E-01  2.1273E+00 -1.6689E-05 -3.8147E-06
 4.0000E-02 5.4182E-01  2.1765E+00  1.1444E-05 -3.8147E-06
 4.0000E-02 5.4512E-01  2.2148E+00 -1.6689E-05 -1.9073E-06
 4.0000E-02 5.4847E-01  2.2422E+00  2.2888E-05 -5.4836E-06
 4.0000E-02 5.5185E-01  2.2593E+00 -2.0981E-05 -1.6451E-05
 4.0000E-02 5.5528E-01  2.2682E+00  2.0266E-05  8.1062E-06
 4.0000E-02 5.5875E-01  2.2704E+00  1.6689E-06 -1.4067E-05
 4.0000E-02 5.6226E-01  2.2669E+00  1.5497E-05  7.3910E-06
 4.0000E-02 5.6582E-01  2.2589E+00 -4.5300E-06  2.8610E-06
 4.0000E-02 5.6943E-01  2.2471E+00  1.6689E-06 -5.4836E-06
 4.0000E-02 5.7308E-01  2.2317E+00  2.4796E-05  4.7684E-06
 4.0000E-02 5.7677E-01  2.2128E+00  3.2425E-05  1.9073E-06
 4.0000E-02 5.8052E-01  2.1901E+00 -2.1935E-05  2.3842E-06
 4.0000E-02 5.8431E-01  2.1631E+00  1.1206E-05  7.3910E-06
 4.0000E-02 5.8816E-01  2.1324E+00 -2.4557E-05 -1.6689E-06
 4.0000E-02 5.9205E-01  2.0990E+00  2.3842E-05  3.8862E-05
 4.0000E-02 5.9600E-01  2.0640E+00  1.8835E-05 -2.3842E-06
 4.0000E-02 6.0000E-01  2.0290E+00 -1.7166E-05 -1.0967E-05
