 DDSCAT --- DDSCAT 7.3.3 [22.01.20]   
 TARGET --->TARGSPHER  spherical target with explicit spacing                 
 GPFAFT --- method of solution 
 FLTRCD --- prescription for polarizabilities
 FROM_FILE --- shape 
    4169 = NAT0 = number of dipoles
 ../../diel/Pena-Rioux_dielectric_26Au_74Ag                  
 ../../diel/Pena-Rioux_dielectric_76Au_24Ag                  
 ../../diel/Pena-Rioux_dielectric_85Au_15Ag                  
 ../../diel/Au_evap                                          
   0.000   0.000 = beta_min, beta_max ;  NBETA = 1
   0.000   0.000 = theta_min, theta_max; NTHETA= 1
   0.000   0.000 = phi_min, phi_max   ;   NPHI = 1
 0.5000 = ETASCA (param. controlling # of scatt. dirs used to calculate <cos> etc.
 Results averaged over    1 target orientations
                   and  2 incident polarizations
   aeff       wave       Q_ext     Q_abs      Q_sca     g(1)=<cos>  <cos^2>    Q_bk       Nsca
 4.0000E-02 3.0000E-01 2.5721E+00 1.7815E+00 7.9065E-01  2.4750E-01 4.1411E-01 4.1518E-02   408
 4.0000E-02 3.0101E-01 2.5648E+00 1.7810E+00 7.8385E-01  2.4575E-01 4.1393E-01 4.1514E-02   408
 4.0000E-02 3.0203E-01 2.5575E+00 1.7805E+00 7.7706E-01  2.4401E-01 4.1375E-01 4.1502E-02   408
 4.0000E-02 3.0305E-01 2.5502E+00 1.7799E+00 7.7024E-01  2.4228E-01 4.1357E-01 4.1481E-02   408
 4.0000E-02 3.0408E-01 2.5427E+00 1.7793E+00 7.6341E-01  2.4056E-01 4.1340E-01 4.1450E-02   408
 4.0000E-02 3.0512E-01 2.5352E+00 1.7787E+00 7.5653E-01  2.3886E-01 4.1323E-01 4.1410E-02   408
 4.0000E-02 3.0616E-01 2.5277E+00 1.7781E+00 7.4963E-01  2.3716E-01 4.1306E-01 4.1360E-02   408
 4.0000E-02 3.0722E-01 2.5201E+00 1.7774E+00 7.4270E-01  2.3547E-01 4.1290E-01 4.1301E-02   408
 4.0000E-02 3.0828E-01 2.5126E+00 1.7767E+00 7.3590E-01  2.3378E-01 4.1273E-01 4.1243E-02   408
 4.0000E-02 3.0934E-01 2.5055E+00 1.7761E+00 7.2940E-01  2.3208E-01 4.1257E-01 4.1197E-02   408
 4.0000E-02 3.1042E-01 2.4984E+00 1.7755E+00 7.2287E-01  2.3038E-01 4.1241E-01 4.1144E-02   408
 4.0000E-02 3.1150E-01 2.4912E+00 1.7749E+00 7.1630E-01  2.2871E-01 4.1225E-01 4.1078E-02   408
 4.0000E-02 3.1259E-01 2.4838E+00 1.7741E+00 7.0966E-01  2.2703E-01 4.1209E-01 4.1006E-02   408
 4.0000E-02 3.1368E-01 2.4763E+00 1.7733E+00 7.0299E-01  2.2535E-01 4.1194E-01 4.0924E-02   408
 4.0000E-02 3.1479E-01 2.4688E+00 1.7725E+00 6.9631E-01  2.2379E-01 4.1194E-01 4.0835E-02   362
 4.0000E-02 3.1590E-01 2.4612E+00 1.7716E+00 6.8961E-01  2.2212E-01 4.1178E-01 4.0738E-02   362
 4.0000E-02 3.1702E-01 2.4535E+00 1.7706E+00 6.8290E-01  2.2046E-01 4.1163E-01 4.0634E-02   363
 4.0000E-02 3.1815E-01 2.4452E+00 1.7694E+00 6.7589E-01  2.1883E-01 4.1149E-01 4.0503E-02   363
 4.0000E-02 3.1929E-01 2.4367E+00 1.7680E+00 6.6875E-01  2.1720E-01 4.1135E-01 4.0357E-02   363
 4.0000E-02 3.2043E-01 2.4281E+00 1.7665E+00 6.6155E-01  2.1559E-01 4.1121E-01 4.0199E-02   363
 4.0000E-02 3.2158E-01 2.4194E+00 1.7650E+00 6.5440E-01  2.1397E-01 4.1107E-01 4.0036E-02   363
 4.0000E-02 3.2274E-01 2.4105E+00 1.7634E+00 6.4717E-01  2.1236E-01 4.1093E-01 3.9861E-02   363
 4.0000E-02 3.2391E-01 2.4015E+00 1.7616E+00 6.3988E-01  2.1077E-01 4.1080E-01 3.9675E-02   363
 4.0000E-02 3.2509E-01 2.3922E+00 1.7597E+00 6.3253E-01  2.0917E-01 4.1067E-01 3.9478E-02   363
 4.0000E-02 3.2628E-01 2.3827E+00 1.7576E+00 6.2511E-01  2.0759E-01 4.1054E-01 3.9269E-02   363
 4.0000E-02 3.2747E-01 2.3721E+00 1.7550E+00 6.1715E-01  2.0604E-01 4.1042E-01 3.9013E-02   363
 4.0000E-02 3.2868E-01 2.3616E+00 1.7523E+00 6.0931E-01  2.0449E-01 4.1030E-01 3.8758E-02   363
 4.0000E-02 3.2989E-01 2.3512E+00 1.7496E+00 6.0164E-01  2.0293E-01 4.1017E-01 3.8509E-02   363
 4.0000E-02 3.3111E-01 2.3410E+00 1.7469E+00 5.9413E-01  2.0135E-01 4.1005E-01 3.8266E-02   363
 4.0000E-02 3.3234E-01 2.3307E+00 1.7440E+00 5.8674E-01  1.9977E-01 4.0993E-01 3.8024E-02   363
 4.0000E-02 3.3358E-01 2.3205E+00 1.7410E+00 5.7949E-01  1.9816E-01 4.0981E-01 3.7789E-02   363
 4.0000E-02 3.3483E-01 2.3104E+00 1.7380E+00 5.7244E-01  1.9654E-01 4.0968E-01 3.7561E-02   363
 4.0000E-02 3.3609E-01 2.3010E+00 1.7352E+00 5.6588E-01  1.9488E-01 4.0956E-01 3.7365E-02   363
 4.0000E-02 3.3736E-01 2.2927E+00 1.7327E+00 5.6003E-01  1.9315E-01 4.0943E-01 3.7216E-02   363
 4.0000E-02 3.3864E-01 2.2850E+00 1.7304E+00 5.5465E-01  1.9139E-01 4.0930E-01 3.7098E-02   363
 4.0000E-02 3.3992E-01 2.2781E+00 1.7283E+00 5.4975E-01  1.8959E-01 4.0916E-01 3.7011E-02   363
 4.0000E-02 3.4122E-01 2.2718E+00 1.7265E+00 5.4537E-01  1.8775E-01 4.0902E-01 3.6959E-02   363
 4.0000E-02 3.4253E-01 2.2664E+00 1.7249E+00 5.4149E-01  1.8587E-01 4.0888E-01 3.6942E-02   363
 4.0000E-02 3.4385E-01 2.2616E+00 1.7235E+00 5.3812E-01  1.8395E-01 4.0874E-01 3.6959E-02   363
 4.0000E-02 3.4517E-01 2.2579E+00 1.7225E+00 5.3544E-01  1.8198E-01 4.0859E-01 3.7027E-02   363
 4.0000E-02 3.4651E-01 2.2555E+00 1.7220E+00 5.3352E-01  1.7997E-01 4.0845E-01 3.7150E-02   363
 4.0000E-02 3.4786E-01 2.2542E+00 1.7220E+00 5.3222E-01  1.7792E-01 4.0829E-01 3.7317E-02   363
 4.0000E-02 3.4922E-01 2.2540E+00 1.7224E+00 5.3155E-01  1.7585E-01 4.0814E-01 3.7530E-02   363
 4.0000E-02 3.5059E-01 2.2548E+00 1.7233E+00 5.3151E-01  1.7375E-01 4.0799E-01 3.7790E-02   363
 4.0000E-02 3.5197E-01 2.2568E+00 1.7246E+00 5.3217E-01  1.7162E-01 4.0783E-01 3.8102E-02   363
 4.0000E-02 3.5336E-01 2.2599E+00 1.7264E+00 5.3352E-01  1.6947E-01 4.0768E-01 3.8468E-02   363
 4.0000E-02 3.5476E-01 2.2646E+00 1.7289E+00 5.3566E-01  1.6730E-01 4.0752E-01 3.8893E-02   363
 4.0000E-02 3.5618E-01 2.2705E+00 1.7320E+00 5.3851E-01  1.6513E-01 4.0736E-01 3.9372E-02   363
 4.0000E-02 3.5760E-01 2.2777E+00 1.7357E+00 5.4200E-01  1.6295E-01 4.0721E-01 3.9902E-02   363
 4.0000E-02 3.5904E-01 2.2860E+00 1.7398E+00 5.4613E-01  1.6076E-01 4.0705E-01 4.0485E-02   363
 4.0000E-02 3.6048E-01 2.2955E+00 1.7446E+00 5.5095E-01  1.5857E-01 4.0689E-01 4.1125E-02   363
 4.0000E-02 3.6194E-01 2.3063E+00 1.7499E+00 5.5648E-01  1.5636E-01 4.0674E-01 4.1823E-02   363
 4.0000E-02 3.6341E-01 2.3185E+00 1.7558E+00 5.6273E-01  1.5415E-01 4.0658E-01 4.2583E-02   363
 4.0000E-02 3.6490E-01 2.3319E+00 1.7623E+00 5.6959E-01  1.5194E-01 4.0643E-01 4.3397E-02   363
 4.0000E-02 3.6639E-01 2.3464E+00 1.7694E+00 5.7707E-01  1.4974E-01 4.0627E-01 4.4265E-02   363
 4.0000E-02 3.6790E-01 2.3622E+00 1.7770E+00 5.8520E-01  1.4753E-01 4.0612E-01 4.5192E-02   363
 4.0000E-02 3.6942E-01 2.3792E+00 1.7852E+00 5.9401E-01  1.4532E-01 4.0597E-01 4.6181E-02   363
 4.0000E-02 3.7095E-01 2.3975E+00 1.7940E+00 6.0350E-01  1.4311E-01 4.0582E-01 4.7233E-02   363
 4.0000E-02 3.7250E-01 2.4171E+00 1.8034E+00 6.1367E-01  1.4090E-01 4.0567E-01 4.8352E-02   363
 4.0000E-02 3.7406E-01 2.4378E+00 1.8134E+00 6.2441E-01  1.3870E-01 4.0552E-01 4.9527E-02   363
 4.0000E-02 3.7563E-01 2.4596E+00 1.8238E+00 6.3583E-01  1.3647E-01 4.0538E-01 5.0768E-02   363
 4.0000E-02 3.7722E-01 2.4826E+00 1.8348E+00 6.4785E-01  1.3426E-01 4.0523E-01 5.2073E-02   363
 4.0000E-02 3.7881E-01 2.5069E+00 1.8463E+00 6.6057E-01  1.3204E-01 4.0509E-01 5.3449E-02   363
 4.0000E-02 3.8043E-01 2.5325E+00 1.8585E+00 6.7402E-01  1.2982E-01 4.0495E-01 5.4901E-02   363
 4.0000E-02 3.8205E-01 2.5594E+00 1.8713E+00 6.8812E-01  1.2760E-01 4.0481E-01 5.6422E-02   363
 4.0000E-02 3.8369E-01 2.5872E+00 1.8845E+00 7.0278E-01  1.2537E-01 4.0467E-01 5.8011E-02   363
 4.0000E-02 3.8534E-01 2.6163E+00 1.8982E+00 7.1816E-01  1.2313E-01 4.0453E-01 5.9678E-02   363
 4.0000E-02 3.8701E-01 2.6468E+00 1.9125E+00 7.3434E-01  1.2088E-01 4.0440E-01 6.1434E-02   363
 4.0000E-02 3.8870E-01 2.6787E+00 1.9274E+00 7.5134E-01  1.1863E-01 4.0427E-01 6.3280E-02   363
 4.0000E-02 3.9039E-01 2.7122E+00 1.9430E+00 7.6925E-01  1.1644E-01 4.0431E-01 6.5228E-02   323
 4.0000E-02 3.9211E-01 2.7471E+00 1.9591E+00 7.8793E-01  1.1417E-01 4.0418E-01 6.7266E-02   323
 4.0000E-02 3.9383E-01 2.7834E+00 1.9759E+00 8.0756E-01  1.1188E-01 4.0405E-01 6.9412E-02   323
 4.0000E-02 3.9558E-01 2.8215E+00 1.9933E+00 8.2815E-01  1.0959E-01 4.0392E-01 7.1671E-02   323
 4.0000E-02 3.9733E-01 2.8612E+00 2.0114E+00 8.4981E-01  1.0728E-01 4.0380E-01 7.4050E-02   323
 4.0000E-02 3.9911E-01 2.9030E+00 2.0304E+00 8.7269E-01  1.0497E-01 4.0368E-01 7.6569E-02   323
 4.0000E-02 4.0090E-01 2.9467E+00 2.0500E+00 8.9668E-01  1.0265E-01 4.0356E-01 7.9220E-02   323
 4.0000E-02 4.0270E-01 2.9924E+00 2.0705E+00 9.2193E-01  1.0032E-01 4.0344E-01 8.2015E-02   323
 4.0000E-02 4.0452E-01 3.0402E+00 2.0917E+00 9.4852E-01  9.7981E-02 4.0332E-01 8.4968E-02   323
 4.0000E-02 4.0636E-01 3.0904E+00 2.1139E+00 9.7656E-01  9.5633E-02 4.0321E-01 8.8089E-02   323
 4.0000E-02 4.0822E-01 3.1430E+00 2.1369E+00 1.0061E+00  9.3276E-02 4.0310E-01 9.1387E-02   323
 4.0000E-02 4.1009E-01 3.1980E+00 2.1609E+00 1.0371E+00  9.0911E-02 4.0299E-01 9.4867E-02   323
 4.0000E-02 4.1198E-01 3.2558E+00 2.1860E+00 1.0699E+00  8.8538E-02 4.0289E-01 9.8551E-02   323
 4.0000E-02 4.1389E-01 3.3164E+00 2.2120E+00 1.1043E+00  8.6157E-02 4.0278E-01 1.0244E-01   323
 4.0000E-02 4.1581E-01 3.3797E+00 2.2392E+00 1.1405E+00  8.3765E-02 4.0268E-01 1.0655E-01   323
 4.0000E-02 4.1776E-01 3.4460E+00 2.2675E+00 1.1785E+00  8.1368E-02 4.0259E-01 1.1088E-01   323
 4.0000E-02 4.1972E-01 3.5152E+00 2.2969E+00 1.2183E+00  7.8968E-02 4.0249E-01 1.1544E-01   323
 4.0000E-02 4.2170E-01 3.5873E+00 2.3274E+00 1.2599E+00  7.6568E-02 4.0240E-01 1.2022E-01   323
 4.0000E-02 4.2370E-01 3.6620E+00 2.3590E+00 1.3031E+00  7.4170E-02 4.0231E-01 1.2522E-01   323
 4.0000E-02 4.2571E-01 3.7392E+00 2.3915E+00 1.3477E+00  7.1782E-02 4.0222E-01 1.3042E-01   323
 4.0000E-02 4.2775E-01 3.8185E+00 2.4247E+00 1.3937E+00  6.9408E-02 4.0214E-01 1.3582E-01   323
 4.0000E-02 4.2981E-01 3.9000E+00 2.4588E+00 1.4412E+00  6.7045E-02 4.0207E-01 1.4143E-01   323
 4.0000E-02 4.3188E-01 3.9836E+00 2.4935E+00 1.4901E+00  6.4706E-02 4.0199E-01 1.4724E-01   323
 4.0000E-02 4.3398E-01 4.0693E+00 2.5289E+00 1.5404E+00  6.2392E-02 4.0192E-01 1.5326E-01   323
 4.0000E-02 4.3610E-01 4.1570E+00 2.5648E+00 1.5922E+00  6.0108E-02 4.0186E-01 1.5947E-01   323
 4.0000E-02 4.3824E-01 4.2470E+00 2.6014E+00 1.6457E+00  5.7859E-02 4.0180E-01 1.6593E-01   323
 4.0000E-02 4.4039E-01 4.3395E+00 2.6386E+00 1.7009E+00  5.5650E-02 4.0175E-01 1.7261E-01   323
 4.0000E-02 4.4257E-01 4.4344E+00 2.6764E+00 1.7580E+00  5.3486E-02 4.0170E-01 1.7953E-01   323
 4.0000E-02 4.4478E-01 4.5319E+00 2.7149E+00 1.8170E+00  5.1370E-02 4.0165E-01 1.8670E-01   323
 4.0000E-02 4.4700E-01 4.6323E+00 2.7541E+00 1.8783E+00  4.9303E-02 4.0161E-01 1.9416E-01   323
 4.0000E-02 4.4925E-01 4.7359E+00 2.7939E+00 1.9420E+00  4.7282E-02 4.0157E-01 2.0192E-01   323
 4.0000E-02 4.5152E-01 4.8427E+00 2.8342E+00 2.0085E+00  4.5297E-02 4.0153E-01 2.1002E-01   323
 4.0000E-02 4.5381E-01 4.9532E+00 2.8750E+00 2.0781E+00  4.3337E-02 4.0150E-01 2.1852E-01   323
 4.0000E-02 4.5612E-01 5.0679E+00 2.9164E+00 2.1515E+00  4.1410E-02 4.0147E-01 2.2748E-01   323
 4.0000E-02 4.5846E-01 5.1870E+00 2.9582E+00 2.2288E+00  3.9513E-02 4.0144E-01 2.3692E-01   323
 4.0000E-02 4.6082E-01 5.3107E+00 3.0002E+00 2.3105E+00  3.7639E-02 4.0141E-01 2.4690E-01   323
 4.0000E-02 4.6321E-01 5.4392E+00 3.0423E+00 2.3968E+00  3.5786E-02 4.0138E-01 2.5746E-01   323
 4.0000E-02 4.6563E-01 5.5722E+00 3.0842E+00 2.4881E+00  3.3948E-02 4.0136E-01 2.6863E-01   323
 4.0000E-02 4.6806E-01 5.7090E+00 3.1253E+00 2.5836E+00  3.2130E-02 4.0134E-01 2.8036E-01   323
 4.0000E-02 4.7053E-01 5.8485E+00 3.1652E+00 2.6833E+00  3.0334E-02 4.0132E-01 2.9262E-01   323
 4.0000E-02 4.7302E-01 5.9887E+00 3.2032E+00 2.7856E+00  2.8570E-02 4.0130E-01 3.0524E-01   323
 4.0000E-02 4.7553E-01 6.1271E+00 3.2383E+00 2.8888E+00  2.6849E-02 4.0129E-01 3.1803E-01   323
 4.0000E-02 4.7807E-01 6.2612E+00 3.2696E+00 2.9916E+00  2.5178E-02 4.0128E-01 3.3082E-01   323
 4.0000E-02 4.8065E-01 6.3879E+00 3.2961E+00 3.0918E+00  2.3565E-02 4.0127E-01 3.4336E-01   323
 4.0000E-02 4.8324E-01 6.5032E+00 3.3165E+00 3.1867E+00  2.2018E-02 4.0126E-01 3.5533E-01   323
 4.0000E-02 4.8587E-01 6.6032E+00 3.3298E+00 3.2734E+00  2.0547E-02 4.0125E-01 3.6637E-01   323
 4.0000E-02 4.8852E-01 6.6840E+00 3.3349E+00 3.3492E+00  1.9153E-02 4.0124E-01 3.7616E-01   323
 4.0000E-02 4.9121E-01 6.7424E+00 3.3310E+00 3.4114E+00  1.7835E-02 4.0124E-01 3.8439E-01   323
 4.0000E-02 4.9392E-01 6.7751E+00 3.3176E+00 3.4576E+00  1.6595E-02 4.0123E-01 3.9074E-01   323
 4.0000E-02 4.9667E-01 6.7818E+00 3.2949E+00 3.4869E+00  1.5437E-02 4.0123E-01 3.9512E-01   323
 4.0000E-02 4.9944E-01 6.7638E+00 3.2640E+00 3.4998E+00  1.4368E-02 4.0122E-01 3.9754E-01   323
 4.0000E-02 5.0225E-01 6.7202E+00 3.2244E+00 3.4958E+00  1.3355E-02 4.0121E-01 3.9798E-01   323
 4.0000E-02 5.0508E-01 6.6533E+00 3.1772E+00 3.4762E+00  1.2394E-02 4.0121E-01 3.9656E-01   323
 4.0000E-02 5.0795E-01 6.5654E+00 3.1231E+00 3.4422E+00  1.1475E-02 4.0120E-01 3.9345E-01   324
 4.0000E-02 5.1086E-01 6.4599E+00 3.0636E+00 3.3964E+00  1.0595E-02 4.0119E-01 3.8892E-01   324
 4.0000E-02 5.1379E-01 6.3415E+00 2.9996E+00 3.3419E+00  9.7819E-03 4.0138E-01 3.8335E-01   285
 4.0000E-02 5.1676E-01 6.2140E+00 2.9320E+00 3.2820E+00  8.9562E-03 4.0137E-01 3.7712E-01   285
 4.0000E-02 5.1977E-01 6.0810E+00 2.8610E+00 3.2200E+00  8.1481E-03 4.0136E-01 3.7061E-01   285
 4.0000E-02 5.2281E-01 5.9347E+00 2.7802E+00 3.1545E+00  7.3074E-03 4.0136E-01 3.6372E-01   285
 4.0000E-02 5.2588E-01 5.7729E+00 2.6907E+00 3.0822E+00  6.4425E-03 4.0135E-01 3.5605E-01   285
 4.0000E-02 5.2899E-01 5.5997E+00 2.5956E+00 3.0041E+00  5.5740E-03 4.0134E-01 3.4768E-01   285
 4.0000E-02 5.3214E-01 5.4149E+00 2.4952E+00 2.9196E+00  4.7029E-03 4.0134E-01 3.3853E-01   285
 4.0000E-02 5.3533E-01 5.2185E+00 2.3906E+00 2.8279E+00  3.8279E-03 4.0134E-01 3.2851E-01   285
 4.0000E-02 5.3855E-01 5.0121E+00 2.2834E+00 2.7287E+00  2.9474E-03 4.0133E-01 3.1758E-01   285
 4.0000E-02 5.4182E-01 4.7982E+00 2.1756E+00 2.6226E+00  2.0625E-03 4.0133E-01 3.0581E-01   285
 4.0000E-02 5.4512E-01 4.5805E+00 2.0695E+00 2.5110E+00  1.1716E-03 4.0133E-01 2.9334E-01   285
 4.0000E-02 5.4847E-01 4.3632E+00 1.9672E+00 2.3959E+00  2.7626E-04 4.0132E-01 2.8043E-01   285
 4.0000E-02 5.5185E-01 4.1544E+00 1.8725E+00 2.2819E+00 -6.0803E-04 4.0132E-01 2.6758E-01   285
 4.0000E-02 5.5528E-01 3.9535E+00 1.7834E+00 2.1701E+00 -1.4931E-03 4.0131E-01 2.5493E-01   285
 4.0000E-02 5.5875E-01 3.7613E+00 1.6997E+00 2.0616E+00 -2.3798E-03 4.0130E-01 2.4263E-01   285
 4.0000E-02 5.6226E-01 3.5783E+00 1.6210E+00 1.9572E+00 -3.2682E-03 4.0129E-01 2.3078E-01   285
 4.0000E-02 5.6582E-01 3.4042E+00 1.5468E+00 1.8574E+00 -4.1583E-03 4.0129E-01 2.1942E-01   285
 4.0000E-02 5.6943E-01 3.2381E+00 1.4763E+00 1.7618E+00 -5.0505E-03 4.0128E-01 2.0853E-01   285
 4.0000E-02 5.7308E-01 3.0794E+00 1.4092E+00 1.6702E+00 -5.9450E-03 4.0128E-01 1.9806E-01   285
 4.0000E-02 5.7677E-01 2.9275E+00 1.3456E+00 1.5819E+00 -6.8425E-03 4.0128E-01 1.8795E-01   285
 4.0000E-02 5.8052E-01 2.7827E+00 1.2863E+00 1.4964E+00 -7.7405E-03 4.0127E-01 1.7812E-01   285
 4.0000E-02 5.8431E-01 2.6457E+00 1.2325E+00 1.4132E+00 -8.6403E-03 4.0127E-01 1.6854E-01   285
 4.0000E-02 5.8816E-01 2.5189E+00 1.1857E+00 1.3332E+00 -9.5346E-03 4.0126E-01 1.5930E-01   285
 4.0000E-02 5.9205E-01 2.4041E+00 1.1466E+00 1.2575E+00 -1.0413E-02 4.0125E-01 1.5053E-01   285
 4.0000E-02 5.9600E-01 2.3024E+00 1.1155E+00 1.1869E+00 -1.1266E-02 4.0125E-01 1.4234E-01   285
 4.0000E-02 6.0000E-01 2.2138E+00 1.0917E+00 1.1221E+00 -1.2085E-02 4.0124E-01 1.3480E-01   285
