 DDSCAT --- DDSCAT 7.3.3 [22.01.20]   
 TARGET --->TARGSPHER  spherical target with explicit spacing                 
 GPFAFT --- method of solution 
 GKDLDR --- prescription for polarizabilities
 FROM_FILE --- shape 
    4169 = NAT0 = number of dipoles
 ../../diel/Pena-Rioux_dielectric_26Au_74Ag                  
 ../../diel/Pena-Rioux_dielectric_34Au_66Ag                  
 ../../diel/Pena-Rioux_dielectric_65Au_35Ag                  
 ../../diel/Au_evap                                          
   0.000   0.000 = beta_min, beta_max ;  NBETA = 1
   0.000   0.000 = theta_min, theta_max; NTHETA= 1
   0.000   0.000 = phi_min, phi_max   ;   NPHI = 1
 Results averaged over    1 target orientations
                   and  2 incident polarizations
   aeff       wave       Q_pha       Q_pol       Q_cpol
 4.0000E-02 3.0000E-01 -5.4134E-02 -1.1921E-06 -1.1176E-08
 4.0000E-02 3.0101E-01 -5.3273E-02 -4.2915E-06 -8.5682E-08
 4.0000E-02 3.0203E-01 -5.2754E-02 -2.3842E-07 -2.2352E-08
 4.0000E-02 3.0305E-01 -5.2453E-02 -4.7684E-07 -1.2293E-07
 4.0000E-02 3.0408E-01 -5.2378E-02  4.0531E-06 -6.7055E-08
 4.0000E-02 3.0512E-01 -5.2535E-02 -3.8147E-06  3.7253E-08
 4.0000E-02 3.0616E-01 -5.2932E-02  1.1921E-06 -1.8626E-08
 4.0000E-02 3.0722E-01 -5.3576E-02  2.1458E-06 -4.8429E-08
 4.0000E-02 3.0828E-01 -5.4460E-02 -5.0068E-06 -7.8231E-08
 4.0000E-02 3.0934E-01 -5.5522E-02 -1.1921E-06 -6.7055E-08
 4.0000E-02 3.1042E-01 -5.6802E-02 -3.8147E-06  2.9802E-08
 4.0000E-02 3.1150E-01 -5.8176E-02 -4.2915E-06  1.8626E-08
 4.0000E-02 3.1259E-01 -5.9744E-02 -7.1526E-07 -5.9605E-08
 4.0000E-02 3.1368E-01 -6.1558E-02 -5.9605E-06  0.0000E+00
 4.0000E-02 3.1479E-01 -6.3626E-02  3.3379E-06  0.0000E+00
 4.0000E-02 3.1590E-01 -6.5956E-02 -7.1526E-07 -4.4703E-08
 4.0000E-02 3.1702E-01 -6.8553E-02  0.0000E+00 -1.4901E-08
 4.0000E-02 3.1815E-01 -7.1129E-02 -1.9073E-06 -3.7253E-08
 4.0000E-02 3.1929E-01 -7.3981E-02  0.0000E+00  2.2352E-08
 4.0000E-02 3.2043E-01 -7.7190E-02 -7.3910E-06 -1.6391E-07
 4.0000E-02 3.2158E-01 -8.1021E-02 -3.3379E-06  1.6391E-07
 4.0000E-02 3.2274E-01 -8.5205E-02 -4.0531E-06  1.4901E-08
 4.0000E-02 3.2391E-01 -8.9752E-02 -3.0994E-06  2.2352E-08
 4.0000E-02 3.2509E-01 -9.4675E-02  1.9073E-06  1.4901E-08
 4.0000E-02 3.2628E-01 -9.9986E-02  1.4305E-06 -7.4506E-08
 4.0000E-02 3.2747E-01 -1.0622E-01  4.7684E-07  3.7253E-08
 4.0000E-02 3.2868E-01 -1.1294E-01 -4.7684E-07 -2.2352E-08
 4.0000E-02 3.2989E-01 -1.2014E-01 -2.1458E-06 -9.6858E-08
 4.0000E-02 3.3111E-01 -1.2784E-01  1.4305E-06 -2.9802E-08
 4.0000E-02 3.3234E-01 -1.3591E-01  0.0000E+00  1.6391E-07
 4.0000E-02 3.3358E-01 -1.4441E-01  0.0000E+00 -5.9605E-08
 4.0000E-02 3.3483E-01 -1.5344E-01  4.7684E-07  5.3644E-07
 4.0000E-02 3.3609E-01 -1.6312E-01 -2.3842E-07 -2.9802E-07
 4.0000E-02 3.3736E-01 -1.7332E-01 -2.3842E-06  8.9407E-08
 4.0000E-02 3.3864E-01 -1.8390E-01 -4.7684E-07 -5.9605E-08
 4.0000E-02 3.3992E-01 -1.9484E-01  0.0000E+00 -2.2352E-07
 4.0000E-02 3.4122E-01 -2.0618E-01  2.3842E-07 -1.4901E-07
 4.0000E-02 3.4253E-01 -2.1792E-01 -1.1921E-06  3.5763E-07
 4.0000E-02 3.4385E-01 -2.3007E-01 -7.1526E-07  1.3411E-07
 4.0000E-02 3.4517E-01 -2.4250E-01  2.3842E-07 -8.9407E-08
 4.0000E-02 3.4651E-01 -2.5499E-01  4.2915E-06  1.7881E-07
 4.0000E-02 3.4786E-01 -2.6774E-01  0.0000E+00 -2.9802E-08
 4.0000E-02 3.4922E-01 -2.8075E-01 -5.0068E-06 -6.2585E-07
 4.0000E-02 3.5059E-01 -2.9402E-01 -4.0531E-06  6.5565E-07
 4.0000E-02 3.5197E-01 -3.0758E-01  0.0000E+00 -1.1921E-07
 4.0000E-02 3.5336E-01 -3.2142E-01 -2.8610E-06 -2.3842E-07
 4.0000E-02 3.5476E-01 -3.3545E-01 -2.1458E-06 -9.2387E-07
 4.0000E-02 3.5618E-01 -3.4972E-01  1.4305E-06 -9.2387E-07
 4.0000E-02 3.5760E-01 -3.6423E-01  9.5367E-07 -1.7881E-07
 4.0000E-02 3.5904E-01 -3.7902E-01  2.3842E-06 -3.2783E-07
 4.0000E-02 3.6048E-01 -3.9408E-01  1.6689E-06 -1.1921E-07
 4.0000E-02 3.6194E-01 -4.0942E-01 -3.5763E-06  5.9605E-08
 4.0000E-02 3.6341E-01 -4.2511E-01 -4.7684E-07  3.8743E-07
 4.0000E-02 3.6490E-01 -4.4115E-01  4.7684E-07 -1.1921E-07
 4.0000E-02 3.6639E-01 -4.5748E-01 -4.7684E-07  8.9407E-08
 4.0000E-02 3.6790E-01 -4.7414E-01  5.9605E-06  1.7881E-07
 4.0000E-02 3.6942E-01 -4.9110E-01  0.0000E+00 -3.8743E-07
 4.0000E-02 3.7095E-01 -5.0841E-01  4.2915E-06  1.1921E-07
 4.0000E-02 3.7250E-01 -5.2610E-01  4.7684E-07  4.7684E-07
 4.0000E-02 3.7406E-01 -5.4414E-01  4.2915E-06 -2.9802E-07
 4.0000E-02 3.7563E-01 -5.6245E-01 -5.2452E-06  1.0729E-06
 4.0000E-02 3.7722E-01 -5.8106E-01  6.9141E-06 -1.0133E-06
 4.0000E-02 3.7881E-01 -5.9999E-01  4.7684E-06  2.8014E-06
 4.0000E-02 3.8043E-01 -6.1923E-01 -4.7684E-07  5.9605E-08
 4.0000E-02 3.8205E-01 -6.3870E-01  3.0994E-06 -4.1723E-07
 4.0000E-02 3.8369E-01 -6.5831E-01  2.8610E-06  8.3447E-07
 4.0000E-02 3.8534E-01 -6.7812E-01 -4.7684E-07  7.1526E-07
 4.0000E-02 3.8701E-01 -6.9811E-01  2.3842E-07 -4.1723E-07
 4.0000E-02 3.8870E-01 -7.1825E-01 -3.3379E-06  1.0729E-06
 4.0000E-02 3.9039E-01 -7.3853E-01 -3.0994E-06 -4.7684E-07
 4.0000E-02 3.9211E-01 -7.5873E-01  2.8610E-06  9.5367E-07
 4.0000E-02 3.9383E-01 -7.7894E-01  2.8610E-06  1.7881E-07
 4.0000E-02 3.9558E-01 -7.9909E-01  2.6226E-06 -2.9802E-07
 4.0000E-02 3.9733E-01 -8.1911E-01 -2.8610E-06 -5.9605E-08
 4.0000E-02 3.9911E-01 -8.3894E-01 -1.1444E-05  9.5367E-07
 4.0000E-02 4.0090E-01 -8.5841E-01 -7.1526E-07  1.7881E-07
 4.0000E-02 4.0270E-01 -8.7750E-01  0.0000E+00  8.9407E-07
 4.0000E-02 4.0452E-01 -8.9607E-01  4.7684E-07 -1.7881E-07
 4.0000E-02 4.0636E-01 -9.1399E-01 -8.5831E-06  4.7684E-07
 4.0000E-02 4.0822E-01 -9.3110E-01 -2.3842E-06 -1.1325E-06
 4.0000E-02 4.1009E-01 -9.4725E-01  0.0000E+00  4.1723E-07
 4.0000E-02 4.1198E-01 -9.6230E-01 -3.0994E-06  2.6226E-06
 4.0000E-02 4.1389E-01 -9.7604E-01  1.1921E-06 -5.3644E-07
 4.0000E-02 4.1581E-01 -9.8821E-01  5.0068E-06 -1.4901E-06
 4.0000E-02 4.1776E-01 -9.9859E-01  7.1526E-07 -4.7684E-07
 4.0000E-02 4.1972E-01 -1.0071E+00 -1.0014E-05 -4.2915E-06
 4.0000E-02 4.2170E-01 -1.0133E+00  5.7220E-06  2.7418E-06
 4.0000E-02 4.2370E-01 -1.0171E+00  5.2452E-06 -2.9802E-06
 4.0000E-02 4.2571E-01 -1.0182E+00 -2.3365E-05  2.8610E-06
 4.0000E-02 4.2775E-01 -1.0164E+00  4.7684E-06 -1.6689E-06
 4.0000E-02 4.2981E-01 -1.0116E+00  8.5831E-06  3.5763E-06
 4.0000E-02 4.3188E-01 -1.0034E+00 -9.5367E-07 -1.0729E-06
 4.0000E-02 4.3398E-01 -9.9169E-01  6.6757E-06 -1.0729E-06
 4.0000E-02 4.3610E-01 -9.7616E-01  1.0490E-05  6.3181E-06
 4.0000E-02 4.3824E-01 -9.5646E-01  1.0014E-05 -1.8477E-06
 4.0000E-02 4.4039E-01 -9.3238E-01  1.5736E-05 -5.6624E-06
 4.0000E-02 4.4257E-01 -9.0341E-01 -4.7684E-07 -1.7285E-06
 4.0000E-02 4.4478E-01 -8.6901E-01 -2.8610E-06  4.7684E-07
 4.0000E-02 4.4700E-01 -8.2867E-01 -1.9073E-06  1.0729E-06
 4.0000E-02 4.4925E-01 -7.8194E-01 -9.5367E-07  7.1526E-07
 4.0000E-02 4.5152E-01 -7.2821E-01 -9.5367E-06 -1.0729E-06
 4.0000E-02 4.5381E-01 -6.6689E-01  6.6757E-06 -5.9605E-08
 4.0000E-02 4.5612E-01 -5.9765E-01 -8.5831E-06 -3.0398E-06
 4.0000E-02 4.5846E-01 -5.2029E-01  2.1458E-05  4.1723E-07
 4.0000E-02 4.6082E-01 -4.3467E-01 -2.8610E-06  2.8610E-06
 4.0000E-02 4.6321E-01 -3.4090E-01 -1.2398E-05 -1.1325E-06
 4.0000E-02 4.6563E-01 -2.3937E-01 -3.3379E-06 -1.8328E-06
 4.0000E-02 4.6806E-01 -1.3057E-01  8.5831E-06  0.0000E+00
 4.0000E-02 4.7053E-01 -1.5015E-02 -4.7684E-06  1.6429E-06
 4.0000E-02 4.7302E-01  1.0679E-01  1.4782E-05 -3.6508E-07
 4.0000E-02 4.7553E-01  2.3396E-01  2.3365E-05 -8.4937E-07
 4.0000E-02 4.7807E-01  3.6565E-01 -1.5736E-05  1.0133E-06
 4.0000E-02 4.8065E-01  5.0082E-01  3.2902E-05  5.3644E-07
 4.0000E-02 4.8324E-01  6.3806E-01 -1.0014E-05 -1.7285E-06
 4.0000E-02 4.8587E-01  7.7557E-01 -3.8147E-06 -1.4305E-06
 4.0000E-02 4.8852E-01  9.1116E-01 -3.5286E-05 -1.0133E-06
 4.0000E-02 4.9121E-01  1.0424E+00  6.1989E-06 -2.2650E-06
 4.0000E-02 4.9392E-01  1.1673E+00  1.0967E-05  3.5763E-07
 4.0000E-02 4.9667E-01  1.2832E+00  6.1989E-06  1.5497E-06
 4.0000E-02 4.9944E-01  1.3880E+00 -1.3828E-05  8.5831E-06
 4.0000E-02 5.0225E-01  1.4829E+00  1.0014E-05  2.2650E-06
 4.0000E-02 5.0508E-01  1.5678E+00 -2.2411E-05  2.5868E-05
 4.0000E-02 5.0795E-01  1.6432E+00 -3.0518E-05 -7.6294E-06
 4.0000E-02 5.1086E-01  1.7096E+00  4.2915E-06 -6.4373E-06
 4.0000E-02 5.1379E-01  1.7684E+00 -1.1921E-05 -1.6689E-06
 4.0000E-02 5.1676E-01  1.8211E+00  1.0967E-05  9.7752E-06
 4.0000E-02 5.1977E-01  1.8691E+00  5.2452E-06  4.8876E-06
 4.0000E-02 5.2281E-01  1.9174E+00 -1.2875E-05  1.1444E-05
 4.0000E-02 5.2588E-01  1.9650E+00  1.5259E-05 -4.4107E-06
 4.0000E-02 5.2899E-01  2.0107E+00  2.3842E-06 -2.1458E-06
 4.0000E-02 5.3214E-01  2.0548E+00  3.5286E-05  7.8678E-06
 4.0000E-02 5.3533E-01  2.0975E+00 -5.2452E-06 -9.5367E-06
 4.0000E-02 5.3855E-01  2.1388E+00 -2.8610E-06  4.5300E-06
 4.0000E-02 5.4182E-01  2.1784E+00  4.9114E-05 -3.8624E-05
 4.0000E-02 5.4512E-01  2.2155E+00  5.5313E-05  1.7405E-05
 4.0000E-02 5.4847E-01  2.2491E+00  2.0027E-05  5.2452E-06
 4.0000E-02 5.5185E-01  2.2771E+00 -8.8215E-05  1.4305E-06
 4.0000E-02 5.5528E-01  2.3000E+00 -4.6253E-05  8.5831E-06
 4.0000E-02 5.5875E-01  2.3171E+00  1.0943E-04 -3.2663E-05
 4.0000E-02 5.6226E-01  2.3278E+00 -3.6955E-05 -6.6757E-06
 4.0000E-02 5.6582E-01  2.3314E+00  2.0027E-05  7.1526E-06
 4.0000E-02 5.6943E-01  2.3280E+00 -4.5061E-05 -6.6757E-06
 4.0000E-02 5.7308E-01  2.3182E+00  8.9169E-05  1.3828E-05
 4.0000E-02 5.7677E-01  2.3030E+00 -5.1498E-05 -2.8610E-06
 4.0000E-02 5.8052E-01  2.2840E+00 -1.9312E-05  2.1458E-05
 4.0000E-02 5.8431E-01  2.2623E+00 -6.6042E-05 -3.5763E-06
 4.0000E-02 5.8816E-01  2.2388E+00  2.0981E-05 -4.2915E-05
 4.0000E-02 5.9205E-01  2.2137E+00 -4.6015E-05  1.2159E-05
 4.0000E-02 5.9600E-01  2.1870E+00  3.2902E-05  5.7220E-06
 4.0000E-02 6.0000E-01  2.1592E+00  6.4373E-06  2.0266E-05
