 DDSCAT --- DDSCAT 7.3.3 [22.01.20]   
 TARGET --- Cyl.w.caps, NAT=  27008 NFAC= 248 NLAY=  97 cyl.asp.ratio= 5.4587 
 GPFAFT --- method of solution 
 GKDLDR --- prescription for polarizabilities
 CYLNDRCAP --- shape 
   27008 = NAT0 = number of dipoles
 ../diel/Ag_evap                                             
   0.000   0.000 = beta_min, beta_max ;  NBETA = 1
   0.000   0.000 = theta_min, theta_max; NTHETA= 1
   0.000   0.000 = phi_min, phi_max   ;   NPHI = 1
 Results averaged over    1 target orientations
                   and  1 incident polarizations
   aeff       wave      Q_pha
 1.0000E-03 4.5000E-01  5.1102E-02
 1.0000E-03 4.5152E-01  5.0323E-02
 1.0000E-03 4.5303E-01  4.9560E-02
 1.0000E-03 4.5455E-01  4.8943E-02
 1.0000E-03 4.5606E-01  4.8537E-02
 1.0000E-03 4.5758E-01  4.8224E-02
 1.0000E-03 4.5909E-01  4.7812E-02
 1.0000E-03 4.6061E-01  4.7288E-02
 1.0000E-03 4.6212E-01  4.6721E-02
 1.0000E-03 4.6364E-01  4.6158E-02
 1.0000E-03 4.6515E-01  4.5603E-02
 1.0000E-03 4.6667E-01  4.5059E-02
 1.0000E-03 4.6818E-01  4.4535E-02
 1.0000E-03 4.6970E-01  4.4042E-02
 1.0000E-03 4.7121E-01  4.3592E-02
 1.0000E-03 4.7273E-01  4.3203E-02
 1.0000E-03 4.7424E-01  4.2837E-02
 1.0000E-03 4.7576E-01  4.2467E-02
 1.0000E-03 4.7727E-01  4.2083E-02
 1.0000E-03 4.7879E-01  4.1693E-02
 1.0000E-03 4.8030E-01  4.1306E-02
 1.0000E-03 4.8182E-01  4.0925E-02
 1.0000E-03 4.8333E-01  4.0553E-02
 1.0000E-03 4.8485E-01  4.0191E-02
 1.0000E-03 4.8636E-01  3.9843E-02
 1.0000E-03 4.8788E-01  3.9509E-02
 1.0000E-03 4.8939E-01  3.9187E-02
 1.0000E-03 4.9091E-01  3.8872E-02
 1.0000E-03 4.9242E-01  3.8561E-02
 1.0000E-03 4.9394E-01  3.8259E-02
 1.0000E-03 4.9545E-01  3.7971E-02
 1.0000E-03 4.9697E-01  3.7697E-02
 1.0000E-03 4.9848E-01  3.7435E-02
 1.0000E-03 5.0000E-01  3.7175E-02
 1.0000E-03 5.0152E-01  3.6910E-02
 1.0000E-03 5.0303E-01  3.6639E-02
 1.0000E-03 5.0455E-01  3.6366E-02
 1.0000E-03 5.0606E-01  3.6096E-02
 1.0000E-03 5.0758E-01  3.5835E-02
 1.0000E-03 5.0909E-01  3.5581E-02
 1.0000E-03 5.1061E-01  3.5333E-02
 1.0000E-03 5.1212E-01  3.5098E-02
 1.0000E-03 5.1364E-01  3.4883E-02
 1.0000E-03 5.1515E-01  3.4685E-02
 1.0000E-03 5.1667E-01  3.4484E-02
 1.0000E-03 5.1818E-01  3.4269E-02
 1.0000E-03 5.1970E-01  3.4045E-02
 1.0000E-03 5.2121E-01  3.3814E-02
 1.0000E-03 5.2273E-01  3.3575E-02
 1.0000E-03 5.2424E-01  3.3336E-02
 1.0000E-03 5.2576E-01  3.3102E-02
 1.0000E-03 5.2727E-01  3.2874E-02
 1.0000E-03 5.2879E-01  3.2650E-02
 1.0000E-03 5.3030E-01  3.2431E-02
 1.0000E-03 5.3182E-01  3.2213E-02
 1.0000E-03 5.3333E-01  3.1998E-02
 1.0000E-03 5.3485E-01  3.1786E-02
 1.0000E-03 5.3636E-01  3.1576E-02
 1.0000E-03 5.3788E-01  3.1367E-02
 1.0000E-03 5.3939E-01  3.1162E-02
 1.0000E-03 5.4091E-01  3.0962E-02
 1.0000E-03 5.4242E-01  3.0765E-02
 1.0000E-03 5.4394E-01  3.0568E-02
 1.0000E-03 5.4545E-01  3.0372E-02
 1.0000E-03 5.4697E-01  3.0175E-02
 1.0000E-03 5.4848E-01  2.9983E-02
 1.0000E-03 5.5000E-01  2.9807E-02
 1.0000E-03 5.5152E-01  2.9646E-02
 1.0000E-03 5.5303E-01  2.9513E-02
 1.0000E-03 5.5455E-01  2.9426E-02
 1.0000E-03 5.5606E-01  2.9395E-02
 1.0000E-03 5.5758E-01  2.9414E-02
 1.0000E-03 5.5909E-01  2.9443E-02
 1.0000E-03 5.6061E-01  2.9437E-02
 1.0000E-03 5.6212E-01  2.9375E-02
 1.0000E-03 5.6364E-01  2.9264E-02
 1.0000E-03 5.6515E-01  2.9122E-02
 1.0000E-03 5.6667E-01  2.8964E-02
 1.0000E-03 5.6818E-01  2.8802E-02
 1.0000E-03 5.6970E-01  2.8642E-02
 1.0000E-03 5.7121E-01  2.8487E-02
 1.0000E-03 5.7273E-01  2.8344E-02
 1.0000E-03 5.7424E-01  2.8213E-02
 1.0000E-03 5.7576E-01  2.8092E-02
 1.0000E-03 5.7727E-01  2.7975E-02
 1.0000E-03 5.7879E-01  2.7854E-02
 1.0000E-03 5.8030E-01  2.7727E-02
 1.0000E-03 5.8182E-01  2.7593E-02
 1.0000E-03 5.8333E-01  2.7450E-02
 1.0000E-03 5.8485E-01  2.7304E-02
 1.0000E-03 5.8636E-01  2.7159E-02
 1.0000E-03 5.8788E-01  2.7016E-02
 1.0000E-03 5.8939E-01  2.6874E-02
 1.0000E-03 5.9091E-01  2.6735E-02
 1.0000E-03 5.9242E-01  2.6597E-02
 1.0000E-03 5.9394E-01  2.6461E-02
 1.0000E-03 5.9545E-01  2.6326E-02
 1.0000E-03 5.9697E-01  2.6193E-02
 1.0000E-03 5.9848E-01  2.6063E-02
 1.0000E-03 6.0000E-01  2.5936E-02
