 DDSCAT --- DDSCAT 7.3.3 [22.01.20]   
 TARGET --->TARGSPHER  spherical target with explicit spacing                 
 GPFAFT --- method of solution 
 FLTRCD --- prescription for polarizabilities
 FROM_FILE --- shape 
    4169 = NAT0 = number of dipoles
 ../../diel/Pena-Rioux_dielectric_26Au_74Ag                  
 ../../diel/Pena-Rioux_dielectric_52Au_48Ag                  
 ../../diel/Pena-Rioux_dielectric_65Au_35Ag                  
 ../../diel/Pena-Rioux_dielectric_76Au_24Ag                  
   0.000   0.000 = beta_min, beta_max ;  NBETA = 1
   0.000   0.000 = theta_min, theta_max; NTHETA= 1
   0.000   0.000 = phi_min, phi_max   ;   NPHI = 1
 0.5000 = ETASCA (param. controlling # of scatt. dirs used to calculate <cos> etc.
 Results averaged over    1 target orientations
                   and  2 incident polarizations
   aeff       wave       Q_ext     Q_abs      Q_sca     g(1)=<cos>  <cos^2>    Q_bk       Nsca
 1.0000E-03 3.0000E-01 8.4516E-02 8.4515E-02 1.1228E-06  2.5892E-04 4.0217E-01 1.3383E-07   214
 1.0000E-03 3.0101E-01 8.4043E-02 8.4042E-02 1.1007E-06  2.5840E-04 4.0217E-01 1.3120E-07   214
 1.0000E-03 3.0203E-01 8.3583E-02 8.3582E-02 1.0792E-06  2.5804E-04 4.0217E-01 1.2863E-07   214
 1.0000E-03 3.0305E-01 8.3137E-02 8.3136E-02 1.0581E-06  2.5763E-04 4.0217E-01 1.2612E-07   214
 1.0000E-03 3.0408E-01 8.2705E-02 8.2704E-02 1.0376E-06  2.5731E-04 4.0217E-01 1.2367E-07   214
 1.0000E-03 3.0512E-01 8.2288E-02 8.2287E-02 1.0175E-06  2.5674E-04 4.0217E-01 1.2128E-07   214
 1.0000E-03 3.0616E-01 8.1884E-02 8.1883E-02 9.9792E-07  2.5625E-04 4.0217E-01 1.1894E-07   214
 1.0000E-03 3.0722E-01 8.1494E-02 8.1493E-02 9.7879E-07  2.5565E-04 4.0217E-01 1.1666E-07   214
 1.0000E-03 3.0828E-01 8.1121E-02 8.1120E-02 9.6024E-07  2.5539E-04 4.0217E-01 1.1445E-07   214
 1.0000E-03 3.0934E-01 8.0767E-02 8.0766E-02 9.4254E-07  2.5480E-04 4.0217E-01 1.1234E-07   214
 1.0000E-03 3.1042E-01 8.0422E-02 8.0421E-02 9.2518E-07  2.5433E-04 4.0217E-01 1.1027E-07   214
 1.0000E-03 3.1150E-01 8.0086E-02 8.0085E-02 9.0817E-07  2.5372E-04 4.0217E-01 1.0824E-07   214
 1.0000E-03 3.1259E-01 7.9759E-02 7.9759E-02 8.9149E-07  2.5322E-04 4.0217E-01 1.0626E-07   214
 1.0000E-03 3.1368E-01 7.9442E-02 7.9441E-02 8.7515E-07  2.5271E-04 4.0217E-01 1.0431E-07   214
 1.0000E-03 3.1479E-01 7.9134E-02 7.9133E-02 8.5913E-07  2.5189E-04 4.0217E-01 1.0240E-07   214
 1.0000E-03 3.1590E-01 7.8835E-02 7.8834E-02 8.4343E-07  2.5183E-04 4.0217E-01 1.0053E-07   214
 1.0000E-03 3.1702E-01 7.8545E-02 7.8544E-02 8.2806E-07  2.5104E-04 4.0217E-01 9.8698E-08   214
 1.0000E-03 3.1815E-01 7.8213E-02 7.8212E-02 8.1207E-07  2.5030E-04 4.0217E-01 9.6792E-08   214
 1.0000E-03 3.1929E-01 7.7886E-02 7.7885E-02 7.9631E-07  2.4976E-04 4.0217E-01 9.4914E-08   214
 1.0000E-03 3.2043E-01 7.7575E-02 7.7574E-02 7.8092E-07  2.4933E-04 4.0217E-01 9.3080E-08   214
 1.0000E-03 3.2158E-01 7.7278E-02 7.7278E-02 7.6591E-07  2.4867E-04 4.0217E-01 9.1291E-08   214
 1.0000E-03 3.2274E-01 7.6997E-02 7.6996E-02 7.5127E-07  2.4829E-04 4.0217E-01 8.9546E-08   214
 1.0000E-03 3.2391E-01 7.6730E-02 7.6729E-02 7.3699E-07  2.4762E-04 4.0217E-01 8.7844E-08   214
 1.0000E-03 3.2509E-01 7.6478E-02 7.6477E-02 7.2306E-07  2.4673E-04 4.0217E-01 8.6184E-08   214
 1.0000E-03 3.2628E-01 7.6240E-02 7.6239E-02 7.0949E-07  2.4625E-04 4.0217E-01 8.4567E-08   214
 1.0000E-03 3.2747E-01 7.6031E-02 7.6030E-02 6.9610E-07  2.4546E-04 4.0217E-01 8.2971E-08   214
 1.0000E-03 3.2868E-01 7.5858E-02 7.5857E-02 6.8348E-07  2.4470E-04 4.0217E-01 8.1466E-08   214
 1.0000E-03 3.2989E-01 7.5721E-02 7.5721E-02 6.7163E-07  2.4437E-04 4.0217E-01 8.0054E-08   214
 1.0000E-03 3.3111E-01 7.5622E-02 7.5621E-02 6.6056E-07  2.4354E-04 4.0217E-01 7.8735E-08   214
 1.0000E-03 3.3234E-01 7.5560E-02 7.5560E-02 6.5027E-07  2.4251E-04 4.0217E-01 7.7508E-08   214
 1.0000E-03 3.3358E-01 7.5537E-02 7.5536E-02 6.4076E-07  2.4176E-04 4.0217E-01 7.6375E-08   214
 1.0000E-03 3.3483E-01 7.5553E-02 7.5552E-02 6.3204E-07  2.4114E-04 4.0217E-01 7.5335E-08   214
 1.0000E-03 3.3609E-01 7.5649E-02 7.5648E-02 6.2476E-07  2.4028E-04 4.0217E-01 7.4468E-08   214
 1.0000E-03 3.3736E-01 7.5833E-02 7.5832E-02 6.1914E-07  2.3928E-04 4.0217E-01 7.3799E-08   214
 1.0000E-03 3.3864E-01 7.6069E-02 7.6068E-02 6.1457E-07  2.3843E-04 4.0217E-01 7.3254E-08   214
 1.0000E-03 3.3992E-01 7.6359E-02 7.6358E-02 6.1107E-07  2.3767E-04 4.0217E-01 7.2837E-08   214
 1.0000E-03 3.4122E-01 7.6705E-02 7.6705E-02 6.0867E-07  2.3638E-04 4.0217E-01 7.2552E-08   214
 1.0000E-03 3.4253E-01 7.7111E-02 7.7111E-02 6.0742E-07  2.3528E-04 4.0217E-01 7.2402E-08   214
 1.0000E-03 3.4385E-01 7.7581E-02 7.7580E-02 6.0735E-07  2.3413E-04 4.0217E-01 7.2394E-08   214
 1.0000E-03 3.4517E-01 7.8119E-02 7.8119E-02 6.0860E-07  2.3348E-04 4.0217E-01 7.2543E-08   214
 1.0000E-03 3.4651E-01 7.8717E-02 7.8717E-02 6.1105E-07  2.3202E-04 4.0217E-01 7.2836E-08   214
 1.0000E-03 3.4786E-01 7.9370E-02 7.9369E-02 6.1457E-07  2.3110E-04 4.0217E-01 7.3255E-08   214
 1.0000E-03 3.4922E-01 8.0081E-02 8.0080E-02 6.1920E-07  2.2981E-04 4.0217E-01 7.3807E-08   214
 1.0000E-03 3.5059E-01 8.0854E-02 8.0853E-02 6.2501E-07  2.2871E-04 4.0217E-01 7.4500E-08   214
 1.0000E-03 3.5197E-01 8.1694E-02 8.1694E-02 6.3205E-07  2.2757E-04 4.0217E-01 7.5339E-08   214
 1.0000E-03 3.5336E-01 8.2606E-02 8.2606E-02 6.4040E-07  2.2645E-04 4.0217E-01 7.6335E-08   214
 1.0000E-03 3.5476E-01 8.3581E-02 8.3580E-02 6.4993E-07  2.2531E-04 4.0217E-01 7.7471E-08   214
 1.0000E-03 3.5618E-01 8.4610E-02 8.4609E-02 6.6049E-07  2.2397E-04 4.0217E-01 7.8730E-08   214
 1.0000E-03 3.5760E-01 8.5700E-02 8.5700E-02 6.7220E-07  2.2251E-04 4.0217E-01 8.0126E-08   214
 1.0000E-03 3.5904E-01 8.6857E-02 8.6856E-02 6.8513E-07  2.2160E-04 4.0217E-01 8.1668E-08   214
 1.0000E-03 3.6048E-01 8.8085E-02 8.8084E-02 6.9936E-07  2.2017E-04 4.0217E-01 8.3364E-08   214
 1.0000E-03 3.6194E-01 8.9391E-02 8.9390E-02 7.1500E-07  2.1919E-04 4.0217E-01 8.5228E-08   214
 1.0000E-03 3.6341E-01 9.0775E-02 9.0774E-02 7.3204E-07  2.1774E-04 4.0217E-01 8.7261E-08   214
 1.0000E-03 3.6490E-01 9.2222E-02 9.2221E-02 7.5028E-07  2.1653E-04 4.0217E-01 8.9434E-08   214
 1.0000E-03 3.6639E-01 9.3743E-02 9.3742E-02 7.6986E-07  2.1508E-04 4.0217E-01 9.1768E-08   214
 1.0000E-03 3.6790E-01 9.5342E-02 9.5341E-02 7.9089E-07  2.1395E-04 4.0217E-01 9.4276E-08   214
 1.0000E-03 3.6942E-01 9.7026E-02 9.7026E-02 8.1348E-07  2.1289E-04 4.0217E-01 9.6969E-08   214
 1.0000E-03 3.7095E-01 9.8804E-02 9.8802E-02 8.3777E-07  2.1164E-04 4.0217E-01 9.9864E-08   214
 1.0000E-03 3.7250E-01 1.0068E-01 1.0067E-01 8.6380E-07  2.1031E-04 4.0217E-01 1.0297E-07   214
 1.0000E-03 3.7406E-01 1.0263E-01 1.0263E-01 8.9140E-07  2.0931E-04 4.0217E-01 1.0626E-07   214
 1.0000E-03 3.7563E-01 1.0468E-01 1.0468E-01 9.2085E-07  2.0796E-04 4.0217E-01 1.0977E-07   214
 1.0000E-03 3.7722E-01 1.0684E-01 1.0684E-01 9.5247E-07  2.3495E-04 4.0254E-01 1.1352E-07   184
 1.0000E-03 3.7881E-01 1.0911E-01 1.0910E-01 9.8606E-07  2.3359E-04 4.0254E-01 1.1752E-07   184
 1.0000E-03 3.8043E-01 1.1149E-01 1.1149E-01 1.0220E-06  2.3249E-04 4.0254E-01 1.2180E-07   184
 1.0000E-03 3.8205E-01 1.1400E-01 1.1400E-01 1.0602E-06  2.3139E-04 4.0254E-01 1.2636E-07   184
 1.0000E-03 3.8369E-01 1.1663E-01 1.1663E-01 1.1010E-06  2.3002E-04 4.0254E-01 1.3121E-07   184
 1.0000E-03 3.8534E-01 1.1940E-01 1.1940E-01 1.1446E-06  2.2876E-04 4.0254E-01 1.3641E-07   184
 1.0000E-03 3.8701E-01 1.2233E-01 1.2233E-01 1.1913E-06  2.2757E-04 4.0254E-01 1.4198E-07   184
 1.0000E-03 3.8870E-01 1.2542E-01 1.2541E-01 1.2414E-06  2.2615E-04 4.0254E-01 1.4795E-07   184
 1.0000E-03 3.9039E-01 1.2868E-01 1.2867E-01 1.2952E-06  2.2507E-04 4.0254E-01 1.5436E-07   184
 1.0000E-03 3.9211E-01 1.3211E-01 1.3211E-01 1.3527E-06  2.2359E-04 4.0254E-01 1.6122E-07   184
 1.0000E-03 3.9383E-01 1.3575E-01 1.3574E-01 1.4149E-06  2.2249E-04 4.0254E-01 1.6863E-07   184
 1.0000E-03 3.9558E-01 1.3960E-01 1.3960E-01 1.4819E-06  2.2126E-04 4.0254E-01 1.7662E-07   184
 1.0000E-03 3.9733E-01 1.4369E-01 1.4369E-01 1.5544E-06  2.2000E-04 4.0254E-01 1.8525E-07   184
 1.0000E-03 3.9911E-01 1.4802E-01 1.4802E-01 1.6325E-06  2.1863E-04 4.0254E-01 1.9457E-07   184
 1.0000E-03 4.0090E-01 1.5262E-01 1.5261E-01 1.7173E-06  2.1758E-04 4.0254E-01 2.0467E-07   184
 1.0000E-03 4.0270E-01 1.5749E-01 1.5749E-01 1.8092E-06  2.1649E-04 4.0254E-01 2.1563E-07   184
 1.0000E-03 4.0452E-01 1.6266E-01 1.6266E-01 1.9088E-06  2.1526E-04 4.0254E-01 2.2750E-07   184
 1.0000E-03 4.0636E-01 1.6811E-01 1.6811E-01 2.0164E-06  2.1390E-04 4.0254E-01 2.4033E-07   184
 1.0000E-03 4.0822E-01 1.7384E-01 1.7384E-01 2.1324E-06  2.1292E-04 4.0254E-01 2.5416E-07   184
 1.0000E-03 4.1009E-01 1.7988E-01 1.7987E-01 2.2581E-06  2.1142E-04 4.0254E-01 2.6914E-07   184
 1.0000E-03 4.1198E-01 1.8617E-01 1.8616E-01 2.3931E-06  2.1016E-04 4.0254E-01 2.8522E-07   184
 1.0000E-03 4.1389E-01 1.9265E-01 1.9265E-01 2.5368E-06  2.0905E-04 4.0254E-01 3.0236E-07   184
 1.0000E-03 4.1581E-01 1.9927E-01 1.9927E-01 2.6891E-06  2.0787E-04 4.0254E-01 3.2051E-07   184
 1.0000E-03 4.1776E-01 2.0594E-01 2.0594E-01 2.8492E-06  2.0642E-04 4.0254E-01 3.3959E-07   184
 1.0000E-03 4.1972E-01 2.1256E-01 2.1256E-01 3.0160E-06  2.0565E-04 4.0253E-01 3.5947E-07   184
 1.0000E-03 4.2170E-01 2.1892E-01 2.1892E-01 3.1862E-06  2.0442E-04 4.0254E-01 3.7975E-07   184
 1.0000E-03 4.2370E-01 2.2485E-01 2.2485E-01 3.3572E-06  2.0340E-04 4.0253E-01 4.0014E-07   184
 1.0000E-03 4.2571E-01 2.3017E-01 2.3017E-01 3.5260E-06  2.0203E-04 4.0253E-01 4.2026E-07   184
 1.0000E-03 4.2775E-01 2.3464E-01 2.3463E-01 3.6885E-06  2.0114E-04 4.0254E-01 4.3963E-07   184
 1.0000E-03 4.2981E-01 2.3796E-01 2.3796E-01 3.8384E-06  2.0020E-04 4.0254E-01 4.5749E-07   184
 1.0000E-03 4.3188E-01 2.3993E-01 2.3993E-01 3.9710E-06  1.9899E-04 4.0254E-01 4.7330E-07   184
 1.0000E-03 4.3398E-01 2.4032E-01 2.4032E-01 4.0811E-06  1.9808E-04 4.0254E-01 4.8643E-07   184
 1.0000E-03 4.3610E-01 2.3894E-01 2.3894E-01 4.1633E-06  1.9743E-04 4.0254E-01 4.9623E-07   184
 1.0000E-03 4.3824E-01 2.3562E-01 2.3561E-01 4.2104E-06  1.9616E-04 4.0254E-01 5.0184E-07   184
 1.0000E-03 4.4039E-01 2.3040E-01 2.3040E-01 4.2209E-06  1.9541E-04 4.0253E-01 5.0310E-07   184
 1.0000E-03 4.4257E-01 2.2336E-01 2.2336E-01 4.1931E-06  1.9464E-04 4.0254E-01 4.9978E-07   184
 1.0000E-03 4.4478E-01 2.1468E-01 2.1467E-01 4.1269E-06  1.9349E-04 4.0254E-01 4.9188E-07   184
 1.0000E-03 4.4700E-01 2.0467E-01 2.0467E-01 4.0249E-06  1.9295E-04 4.0253E-01 4.7973E-07   184
 1.0000E-03 4.4925E-01 1.9374E-01 1.9374E-01 3.8933E-06  1.9210E-04 4.0254E-01 4.6405E-07   184
 1.0000E-03 4.5152E-01 1.8226E-01 1.8226E-01 3.7382E-06  1.9133E-04 4.0254E-01 4.4556E-07   184
 1.0000E-03 4.5381E-01 1.7059E-01 1.7059E-01 3.5660E-06  1.9047E-04 4.0254E-01 4.2504E-07   184
 1.0000E-03 4.5612E-01 1.5909E-01 1.5908E-01 3.3844E-06  1.8957E-04 4.0254E-01 4.0339E-07   184
 1.0000E-03 4.5846E-01 1.4800E-01 1.4799E-01 3.2000E-06  1.8899E-04 4.0253E-01 3.8141E-07   184
 1.0000E-03 4.6082E-01 1.3748E-01 1.3748E-01 3.0173E-06  1.8839E-04 4.0254E-01 3.5964E-07   184
 1.0000E-03 4.6321E-01 1.2763E-01 1.2762E-01 2.8398E-06  1.8767E-04 4.0254E-01 3.3848E-07   184
 1.0000E-03 4.6563E-01 1.1848E-01 1.1847E-01 2.6705E-06  1.8703E-04 4.0253E-01 3.1830E-07   184
 1.0000E-03 4.6806E-01 1.1001E-01 1.1000E-01 2.5103E-06  1.8629E-04 4.0253E-01 2.9921E-07   184
 1.0000E-03 4.7053E-01 1.0218E-01 1.0218E-01 2.3597E-06  1.8580E-04 4.0253E-01 2.8126E-07   184
 1.0000E-03 4.7302E-01 9.4955E-02 9.4952E-02 2.2186E-06  1.8519E-04 4.0253E-01 2.6444E-07   184
 1.0000E-03 4.7553E-01 8.8271E-02 8.8268E-02 2.0866E-06  1.8463E-04 4.0253E-01 2.4871E-07   184
 1.0000E-03 4.7807E-01 8.2082E-02 8.2080E-02 1.9632E-06  1.8387E-04 4.0253E-01 2.3400E-07   184
 1.0000E-03 4.8065E-01 7.6349E-02 7.6347E-02 1.8479E-06  1.8340E-04 4.0253E-01 2.2026E-07   184
 1.0000E-03 4.8324E-01 7.1029E-02 7.1027E-02 1.7401E-06  1.8284E-04 4.0253E-01 2.0741E-07   184
 1.0000E-03 4.8587E-01 6.6079E-02 6.6078E-02 1.6393E-06  1.8224E-04 4.0253E-01 1.9539E-07   184
 1.0000E-03 4.8852E-01 6.1467E-02 6.1466E-02 1.5448E-06  1.8183E-04 4.0253E-01 1.8414E-07   184
 1.0000E-03 4.9121E-01 5.7157E-02 5.7156E-02 1.4563E-06  1.8139E-04 4.0253E-01 1.7358E-07   184
 1.0000E-03 4.9392E-01 5.3119E-02 5.3118E-02 1.3729E-06  1.8060E-04 4.0253E-01 1.6364E-07   184
 1.0000E-03 4.9667E-01 4.9333E-02 4.9332E-02 1.2943E-06  1.8014E-04 4.0253E-01 1.5427E-07   184
 1.0000E-03 4.9944E-01 4.5784E-02 4.5783E-02 1.2198E-06  1.7976E-04 4.0253E-01 1.4540E-07   184
 1.0000E-03 5.0225E-01 4.2470E-02 4.2469E-02 1.1492E-06  1.7905E-04 4.0253E-01 1.3698E-07   184
 1.0000E-03 5.0508E-01 3.9392E-02 3.9391E-02 1.0823E-06  1.7835E-04 4.0253E-01 1.2900E-07   184
 1.0000E-03 5.0795E-01 3.6556E-02 3.6555E-02 1.0188E-06  1.7780E-04 4.0253E-01 1.2143E-07   184
 1.0000E-03 5.1086E-01 3.3966E-02 3.3965E-02 9.5867E-07  1.7732E-04 4.0253E-01 1.1427E-07   184
 1.0000E-03 5.1379E-01 3.1622E-02 3.1621E-02 9.0203E-07  1.7669E-04 4.0253E-01 1.0752E-07   184
 1.0000E-03 5.1676E-01 2.9519E-02 2.9518E-02 8.4882E-07  1.7615E-04 4.0253E-01 1.0118E-07   184
 1.0000E-03 5.1977E-01 2.7650E-02 2.7649E-02 7.9903E-07  1.7538E-04 4.0253E-01 9.5241E-08   184
 1.0000E-03 5.2281E-01 2.5999E-02 2.5998E-02 7.5262E-07  1.7459E-04 4.0253E-01 8.9709E-08   184
 1.0000E-03 5.2588E-01 2.4549E-02 2.4548E-02 7.0951E-07  1.7397E-04 4.0253E-01 8.4571E-08   184
 1.0000E-03 5.2899E-01 2.3280E-02 2.3279E-02 6.6960E-07  1.7321E-04 4.0253E-01 7.9814E-08   184
 1.0000E-03 5.3214E-01 2.2165E-02 2.2164E-02 6.3272E-07  1.7249E-04 4.0253E-01 7.5418E-08   184
 1.0000E-03 5.3533E-01 2.1179E-02 2.1178E-02 5.9867E-07  1.7179E-04 4.0253E-01 7.1359E-08   184
 1.0000E-03 5.3855E-01 2.0296E-02 2.0295E-02 5.6722E-07  1.7106E-04 4.0253E-01 6.7611E-08   184
 1.0000E-03 5.4182E-01 1.9493E-02 1.9492E-02 5.3808E-07  1.7044E-04 4.0253E-01 6.4137E-08   184
 1.0000E-03 5.4512E-01 1.8754E-02 1.8753E-02 5.1095E-07  1.6977E-04 4.0253E-01 6.0904E-08   184
 1.0000E-03 5.4847E-01 1.8069E-02 1.8069E-02 4.8562E-07  1.6895E-04 4.0253E-01 5.7885E-08   184
 1.0000E-03 5.5185E-01 1.7434E-02 1.7433E-02 4.6186E-07  1.6836E-04 4.0253E-01 5.5053E-08   184
 1.0000E-03 5.5528E-01 1.6846E-02 1.6846E-02 4.3950E-07  1.6745E-04 4.0253E-01 5.2388E-08   184
 1.0000E-03 5.5875E-01 1.6311E-02 1.6310E-02 4.1844E-07  1.6674E-04 4.0253E-01 4.9877E-08   184
 1.0000E-03 5.6226E-01 1.5828E-02 1.5828E-02 3.9856E-07  1.6607E-04 4.0253E-01 4.7507E-08   184
 1.0000E-03 5.6582E-01 1.5401E-02 1.5401E-02 3.7982E-07  1.6529E-04 4.0253E-01 4.5274E-08   184
 1.0000E-03 5.6943E-01 1.5033E-02 1.5033E-02 3.6219E-07  1.6457E-04 4.0253E-01 4.3173E-08   184
 1.0000E-03 5.7308E-01 1.4722E-02 1.4721E-02 3.4564E-07  1.6392E-04 4.0253E-01 4.1199E-08   184
 1.0000E-03 5.7677E-01 1.4467E-02 1.4466E-02 3.3014E-07  1.6330E-04 4.0253E-01 3.9353E-08   184
 1.0000E-03 5.8052E-01 1.4266E-02 1.4265E-02 3.1565E-07  1.6267E-04 4.0253E-01 3.7625E-08   184
 1.0000E-03 5.8431E-01 1.4117E-02 1.4117E-02 3.0215E-07  1.6178E-04 4.0253E-01 3.6016E-08   184
 1.0000E-03 5.8816E-01 1.4024E-02 1.4024E-02 2.8964E-07  1.6126E-04 4.0253E-01 3.4525E-08   184
 1.0000E-03 5.9205E-01 1.3984E-02 1.3984E-02 2.7819E-07  1.6073E-04 4.0253E-01 3.3160E-08   184
 1.0000E-03 5.9600E-01 1.3980E-02 1.3980E-02 2.6788E-07  1.6022E-04 4.0253E-01 3.1931E-08   184
 1.0000E-03 6.0000E-01 1.3976E-02 1.3976E-02 2.5872E-07  1.5970E-04 4.0253E-01 3.0839E-08   184
