 DDSCAT --- DDSCAT 7.3.3 [22.01.20]   
 TARGET --->TARGSPHER  spherical target with explicit spacing                 
 GPFAFT --- method of solution 
 FLTRCD --- prescription for polarizabilities
 FROM_FILE --- shape 
    4169 = NAT0 = number of dipoles
 ../../diel/Pena-Rioux_dielectric_26Au_74Ag                  
 ../../diel/Pena-Rioux_dielectric_92Au_8Ag                   
 ../../diel/Au_evap                                          
   0.000   0.000 = beta_min, beta_max ;  NBETA = 1
   0.000   0.000 = theta_min, theta_max; NTHETA= 1
   0.000   0.000 = phi_min, phi_max   ;   NPHI = 1
 Results averaged over    1 target orientations
                   and  2 incident polarizations
   aeff       wave       Q_pha       Q_pol       Q_cpol
 1.0000E-03 3.0000E-01  2.2273E-02 -5.2154E-08  2.7940E-08
 1.0000E-03 3.0101E-01  2.2063E-02  1.3411E-07  1.8626E-09
 1.0000E-03 3.0203E-01  2.1831E-02  1.7136E-07  4.4703E-08
 1.0000E-03 3.0305E-01  2.1595E-02  1.1176E-07  5.7742E-08
 1.0000E-03 3.0408E-01  2.1354E-02 -1.1176E-07 -3.5390E-08
 1.0000E-03 3.0512E-01  2.1110E-02  1.2666E-07 -1.6764E-08
 1.0000E-03 3.0616E-01  2.0861E-02  4.4703E-08  1.8626E-09
 1.0000E-03 3.0722E-01  2.0607E-02 -2.9802E-08  4.2841E-08
 1.0000E-03 3.0828E-01  2.0353E-02 -2.9802E-08  2.6077E-08
 1.0000E-03 3.0934E-01  2.0113E-02  1.4156E-07 -2.9802E-08
 1.0000E-03 3.1042E-01  1.9869E-02 -1.4901E-08  4.2841E-08
 1.0000E-03 3.1150E-01  1.9641E-02 -1.5646E-07  2.9802E-08
 1.0000E-03 3.1259E-01  1.9416E-02 -5.2154E-08  3.9116E-08
 1.0000E-03 3.1368E-01  1.9185E-02  8.9407E-08 -1.1176E-08
 1.0000E-03 3.1479E-01  1.8948E-02  1.4156E-07  2.6077E-08
 1.0000E-03 3.1590E-01  1.8705E-02 -2.9802E-08 -8.5682E-08
 1.0000E-03 3.1702E-01  1.8456E-02  3.1292E-07 -1.8626E-09
 1.0000E-03 3.1815E-01  1.8202E-02  2.2352E-07 -3.5390E-08
 1.0000E-03 3.1929E-01  1.7938E-02 -1.5646E-07 -5.4017E-08
 1.0000E-03 3.2043E-01  1.7660E-02  1.1921E-07 -4.4703E-08
 1.0000E-03 3.2158E-01  1.7326E-02  1.1921E-07 -7.4506E-09
 1.0000E-03 3.2274E-01  1.6983E-02  1.6391E-07  1.8626E-09
 1.0000E-03 3.2391E-01  1.6629E-02  9.6858E-08 -3.7253E-09
 1.0000E-03 3.2509E-01  1.6264E-02  1.7136E-07  1.1176E-08
 1.0000E-03 3.2628E-01  1.5887E-02  7.4506E-08 -3.7253E-08
 1.0000E-03 3.2747E-01  1.5465E-02  1.9372E-07 -2.8871E-08
 1.0000E-03 3.2868E-01  1.5030E-02 -2.2352E-08  1.5832E-08
 1.0000E-03 3.2989E-01  1.4586E-02  2.0117E-07 -4.6566E-09
 1.0000E-03 3.3111E-01  1.4129E-02  1.3411E-07  1.2107E-08
 1.0000E-03 3.3234E-01  1.3687E-02  2.9802E-08  1.7695E-08
 1.0000E-03 3.3358E-01  1.3248E-02 -2.2352E-08 -4.6566E-09
 1.0000E-03 3.3483E-01  1.2801E-02  7.4506E-09 -4.6566E-09
 1.0000E-03 3.3609E-01  1.2352E-02 -1.0431E-07 -5.5879E-09
 1.0000E-03 3.3736E-01  1.1909E-02  7.4506E-08  1.8626E-09
 1.0000E-03 3.3864E-01  1.1469E-02 -2.5332E-07 -7.4506E-09
 1.0000E-03 3.3992E-01  1.1033E-02 -2.9802E-08  5.5879E-09
 1.0000E-03 3.4122E-01  1.0600E-02 -8.9407E-08 -6.5193E-09
 1.0000E-03 3.4253E-01  1.0169E-02 -3.7253E-08 -7.4506E-09
 1.0000E-03 3.4385E-01  9.7403E-03  2.2352E-08  9.3132E-10
 1.0000E-03 3.4517E-01  9.3170E-03  3.7253E-08  3.7253E-09
 1.0000E-03 3.4651E-01  8.9078E-03  8.1956E-08  2.7008E-08
 1.0000E-03 3.4786E-01  8.5046E-03 -1.7881E-07  8.3819E-09
 1.0000E-03 3.4922E-01  8.1072E-03  8.9407E-08 -1.1176E-08
 1.0000E-03 3.5059E-01  7.7156E-03 -1.1921E-07  2.0023E-08
 1.0000E-03 3.5197E-01  7.3299E-03  5.2154E-08  3.2596E-09
 1.0000E-03 3.5336E-01  6.9500E-03  1.4901E-08 -1.0710E-08
 1.0000E-03 3.5476E-01  6.5773E-03  1.4901E-08  2.3283E-09
 1.0000E-03 3.5618E-01  6.2099E-03  5.9605E-08 -3.7253E-09
 1.0000E-03 3.5760E-01  5.8514E-03 -8.1956E-08  0.0000E+00
 1.0000E-03 3.5904E-01  5.5025E-03 -9.6858E-08 -7.9162E-09
 1.0000E-03 3.6048E-01  5.1638E-03  2.2352E-08 -5.1223E-09
 1.0000E-03 3.6194E-01  4.8364E-03 -3.7253E-08  4.6566E-09
 1.0000E-03 3.6341E-01  4.5225E-03 -4.4703E-08  1.2573E-08
 1.0000E-03 3.6490E-01  4.2249E-03 -4.4703E-08  5.1223E-09
 1.0000E-03 3.6639E-01  3.9425E-03 -1.7136E-07  6.9849E-09
 1.0000E-03 3.6790E-01  3.6769E-03 -1.0431E-07  6.9849E-09
 1.0000E-03 3.6942E-01  3.4363E-03 -1.1176E-07  1.0710E-08
 1.0000E-03 3.7095E-01  3.2159E-03  7.4506E-09 -3.2596E-09
 1.0000E-03 3.7250E-01  3.0186E-03  9.6858E-08 -1.8626E-09
 1.0000E-03 3.7406E-01  2.8464E-03  7.4506E-08  2.3283E-10
 1.0000E-03 3.7563E-01  2.6991E-03  5.2154E-08 -4.6566E-09
 1.0000E-03 3.7722E-01  2.5794E-03 -7.4506E-09 -5.3551E-09
 1.0000E-03 3.7881E-01  2.4908E-03  2.2352E-08 -3.0268E-09
 1.0000E-03 3.8043E-01  2.4370E-03  1.8626E-07 -3.0268E-09
 1.0000E-03 3.8205E-01  2.4223E-03 -7.4506E-08 -7.4506E-09
 1.0000E-03 3.8369E-01  2.4423E-03  4.4703E-08  2.2585E-08
 1.0000E-03 3.8534E-01  2.4994E-03 -1.7881E-07  1.1409E-08
 1.0000E-03 3.8701E-01  2.5977E-03 -2.9802E-07 -4.3772E-08
 1.0000E-03 3.8870E-01  2.7442E-03  7.4506E-08 -1.9744E-07
 1.0000E-03 3.9039E-01  2.9452E-03  2.6822E-07  5.5414E-08
 1.0000E-03 3.9211E-01  3.2019E-03  6.5565E-07 -1.0850E-07
 1.0000E-03 3.9383E-01  3.5203E-03  1.9372E-07 -6.3563E-08
 1.0000E-03 3.9558E-01  3.9092E-03  6.1095E-07 -2.2026E-07
 1.0000E-03 3.9733E-01  4.3772E-03  4.4703E-08 -3.5390E-08
 1.0000E-03 3.9911E-01  4.9357E-03 -1.6391E-07  6.1467E-08
 1.0000E-03 4.0090E-01  5.5955E-03  2.9802E-08 -3.3528E-08
 1.0000E-03 4.0270E-01  6.3662E-03 -1.1176E-06 -1.0198E-07
 1.0000E-03 4.0452E-01  7.2621E-03 -2.5332E-07 -1.5274E-07
 1.0000E-03 4.0636E-01  8.2987E-03  2.0266E-06 -1.6391E-07
 1.0000E-03 4.0822E-01  9.4944E-03 -1.3113E-06 -5.3365E-07
 1.0000E-03 4.1009E-01  1.0861E-02  5.9605E-07 -4.8243E-07
 1.0000E-03 4.1198E-01  1.2409E-02  7.0035E-07  3.6508E-07
 1.0000E-03 4.1389E-01  1.4155E-02 -1.6987E-06 -2.3469E-07
 1.0000E-03 4.1581E-01  1.6103E-02 -7.3016E-07  3.3900E-07
 1.0000E-03 4.1776E-01  1.8262E-02  5.8115E-07 -5.4389E-07
 1.0000E-03 4.1972E-01  2.0628E-02 -1.4901E-08 -1.1176E-08
 1.0000E-03 4.2170E-01  2.3182E-02 -2.9802E-08  2.1048E-07
 1.0000E-03 4.2370E-01  2.5899E-02  0.0000E+00  4.2841E-08
 1.0000E-03 4.2571E-01  2.8740E-02 -2.3842E-07  1.5274E-07
 1.0000E-03 4.2775E-01  3.1663E-02 -6.8545E-07 -6.3330E-08
 1.0000E-03 4.2981E-01  3.4612E-02 -4.0233E-07  9.3132E-08
 1.0000E-03 4.3188E-01  3.7570E-02  2.8312E-07  1.1921E-07
 1.0000E-03 4.3398E-01  4.0487E-02  1.7881E-07  1.8626E-07
 1.0000E-03 4.3610E-01  4.3318E-02 -2.5332E-07  2.2352E-08
 1.0000E-03 4.3824E-01  4.6021E-02 -4.4703E-07  1.8626E-08
 1.0000E-03 4.4039E-01  4.8583E-02  4.4703E-08  4.0978E-08
 1.0000E-03 4.4257E-01  5.0983E-02  3.7253E-07 -1.3411E-07
 1.0000E-03 4.4478E-01  5.3203E-02 -7.4506E-08  1.3784E-07
 1.0000E-03 4.4700E-01  5.5225E-02 -3.2783E-07  5.1782E-07
 1.0000E-03 4.4925E-01  5.7051E-02 -8.9407E-08  2.6077E-08
 1.0000E-03 4.5152E-01  5.8640E-02  2.0862E-07 -2.9802E-08
 1.0000E-03 4.5381E-01  5.9952E-02 -3.4273E-07  4.8429E-08
 1.0000E-03 4.5612E-01  6.1093E-02 -1.1921E-07  3.7253E-08
 1.0000E-03 4.5846E-01  6.2073E-02 -2.0862E-07  0.0000E+00
 1.0000E-03 4.6082E-01  6.2898E-02 -1.0431E-07  1.4901E-07
 1.0000E-03 4.6321E-01  6.3577E-02  0.0000E+00 -7.4506E-09
 1.0000E-03 4.6563E-01  6.4128E-02 -8.1956E-08  0.0000E+00
 1.0000E-03 4.6806E-01  6.4566E-02 -9.6858E-08  9.6858E-08
 1.0000E-03 4.7053E-01  6.4903E-02  8.1956E-08  1.4901E-08
 1.0000E-03 4.7302E-01  6.5168E-02  9.6858E-08 -1.1921E-07
 1.0000E-03 4.7553E-01  6.5382E-02  3.9488E-07 -2.4587E-07
 1.0000E-03 4.7807E-01  6.5554E-02 -9.6858E-08 -8.1956E-08
 1.0000E-03 4.8065E-01  6.5698E-02 -2.2352E-08  2.2352E-08
 1.0000E-03 4.8324E-01  6.5827E-02 -2.9802E-08 -6.7055E-08
 1.0000E-03 4.8587E-01  6.5951E-02 -1.1921E-07  1.3411E-07
 1.0000E-03 4.8852E-01  6.6079E-02  2.5332E-07  2.2352E-08
 1.0000E-03 4.9121E-01  6.6220E-02 -7.4506E-09 -2.2352E-08
 1.0000E-03 4.9392E-01  6.6379E-02  1.2666E-07 -2.2352E-08
 1.0000E-03 4.9667E-01  6.6631E-02 -2.8312E-07 -1.1176E-07
 1.0000E-03 4.9944E-01  6.7071E-02  5.9605E-08 -1.8626E-07
 1.0000E-03 5.0225E-01  6.7510E-02 -7.4506E-09 -7.4506E-08
 1.0000E-03 5.0508E-01  6.7930E-02 -1.1921E-07 -1.4156E-07
 1.0000E-03 5.0795E-01  6.8315E-02  1.1921E-07 -5.9605E-08
 1.0000E-03 5.1086E-01  6.8642E-02 -3.1292E-07  2.0117E-07
 1.0000E-03 5.1379E-01  6.8889E-02  1.1176E-07  1.4901E-07
 1.0000E-03 5.1676E-01  6.9032E-02 -7.4506E-09  1.3411E-07
 1.0000E-03 5.1977E-01  6.9048E-02  1.9372E-07  5.2154E-08
 1.0000E-03 5.2281E-01  6.8687E-02 -3.6508E-07 -1.3411E-07
 1.0000E-03 5.2588E-01  6.8048E-02 -1.4901E-07  1.3411E-07
 1.0000E-03 5.2899E-01  6.7283E-02 -3.3528E-08  6.7055E-08
 1.0000E-03 5.3214E-01  6.6406E-02 -4.5076E-07  2.9057E-07
 1.0000E-03 5.3533E-01  6.5434E-02 -2.6077E-07 -1.3411E-07
 1.0000E-03 5.3855E-01  6.4380E-02 -1.3039E-07 -4.4703E-08
 1.0000E-03 5.4182E-01  6.3259E-02 -1.4901E-07  3.2037E-07
 1.0000E-03 5.4512E-01  6.2084E-02 -9.4995E-08 -7.4506E-09
 1.0000E-03 5.4847E-01  6.0870E-02 -1.2480E-07  4.0978E-08
 1.0000E-03 5.5185E-01  5.9695E-02 -3.6508E-07  4.8429E-08
 1.0000E-03 5.5528E-01  5.8516E-02 -5.2154E-08  1.1921E-07
 1.0000E-03 5.5875E-01  5.7335E-02 -1.5460E-07  1.1176E-08
 1.0000E-03 5.6226E-01  5.6163E-02 -1.1548E-07  3.7253E-08
 1.0000E-03 5.6582E-01  5.5007E-02 -2.0489E-08 -4.8429E-08
 1.0000E-03 5.6943E-01  5.3875E-02  1.0971E-06 -4.5076E-07
 1.0000E-03 5.7308E-01  5.2776E-02 -7.5996E-07  4.8429E-08
 1.0000E-03 5.7677E-01  5.1719E-02 -6.3516E-07  1.3039E-07
 1.0000E-03 5.8052E-01  5.0708E-02 -2.7567E-07  2.0489E-07
 1.0000E-03 5.8431E-01  4.9738E-02 -4.4983E-07 -8.9407E-08
 1.0000E-03 5.8816E-01  4.8812E-02 -4.6566E-08  7.4506E-09
 1.0000E-03 5.9205E-01  4.7928E-02  1.4920E-06 -2.3842E-07
 1.0000E-03 5.9600E-01  4.7071E-02  1.2107E-06 -2.7567E-07
 1.0000E-03 6.0000E-01  4.6231E-02 -1.8626E-09  3.3528E-08
