 DDSCAT --- DDSCAT 7.3.3 [22.01.20]   
 TARGET --->TARGSPHER  spherical target with explicit spacing                 
 GPFAFT --- method of solution 
 FLTRCD --- prescription for polarizabilities
 FROM_FILE --- shape 
    4169 = NAT0 = number of dipoles
 ../../diel/Pena-Rioux_dielectric_26Au_74Ag                  
 ../../diel/Pena-Rioux_dielectric_52Au_48Ag                  
 ../../diel/Pena-Rioux_dielectric_92Au_8Ag                   
 ../../diel/Au_evap                                          
   0.000   0.000 = beta_min, beta_max ;  NBETA = 1
   0.000   0.000 = theta_min, theta_max; NTHETA= 1
   0.000   0.000 = phi_min, phi_max   ;   NPHI = 1
 0.5000 = ETASCA (param. controlling # of scatt. dirs used to calculate <cos> etc.
 Results averaged over    1 target orientations
                   and  2 incident polarizations
   aeff       wave       Q_ext     Q_abs      Q_sca     g(1)=<cos>  <cos^2>    Q_bk       Nsca
 8.0000E-02 3.0000E-01 2.7777E+00 1.5484E+00 1.2293E+00  6.4908E-01 6.1647E-01 2.7565E-02   656
 8.0000E-02 3.0101E-01 2.7742E+00 1.5499E+00 1.2244E+00  6.4861E-01 6.1533E-01 2.7479E-02   656
 8.0000E-02 3.0203E-01 2.7707E+00 1.5513E+00 1.2194E+00  6.4811E-01 6.1417E-01 2.7382E-02   656
 8.0000E-02 3.0305E-01 2.7671E+00 1.5527E+00 1.2144E+00  6.4761E-01 6.1300E-01 2.7266E-02   656
 8.0000E-02 3.0408E-01 2.7633E+00 1.5541E+00 1.2092E+00  6.4713E-01 6.1183E-01 2.7129E-02   656
 8.0000E-02 3.0512E-01 2.7594E+00 1.5554E+00 1.2040E+00  6.4664E-01 6.1064E-01 2.6973E-02   656
 8.0000E-02 3.0616E-01 2.7553E+00 1.5567E+00 1.1986E+00  6.4617E-01 6.0943E-01 2.6796E-02   656
 8.0000E-02 3.0722E-01 2.7511E+00 1.5579E+00 1.1932E+00  6.4569E-01 6.0822E-01 2.6600E-02   656
 8.0000E-02 3.0828E-01 2.7468E+00 1.5592E+00 1.1877E+00  6.4522E-01 6.0700E-01 2.6387E-02   656
 8.0000E-02 3.0934E-01 2.7427E+00 1.5604E+00 1.1823E+00  6.4473E-01 6.0575E-01 2.6165E-02   656
 8.0000E-02 3.1042E-01 2.7384E+00 1.5615E+00 1.1769E+00  6.4423E-01 6.0449E-01 2.5927E-02   656
 8.0000E-02 3.1150E-01 2.7339E+00 1.5627E+00 1.1713E+00  6.4377E-01 6.0323E-01 2.5663E-02   656
 8.0000E-02 3.1259E-01 2.7293E+00 1.5638E+00 1.1655E+00  6.4331E-01 6.0195E-01 2.5379E-02   656
 8.0000E-02 3.1368E-01 2.7245E+00 1.5648E+00 1.1597E+00  6.4284E-01 6.0066E-01 2.5080E-02   656
 8.0000E-02 3.1479E-01 2.7197E+00 1.5658E+00 1.1539E+00  6.4237E-01 5.9936E-01 2.4768E-02   656
 8.0000E-02 3.1590E-01 2.7146E+00 1.5667E+00 1.1479E+00  6.4189E-01 5.9804E-01 2.4442E-02   656
 8.0000E-02 3.1702E-01 2.7095E+00 1.5676E+00 1.1419E+00  6.4139E-01 5.9671E-01 2.4103E-02   656
 8.0000E-02 3.1815E-01 2.7040E+00 1.5684E+00 1.1357E+00  6.4089E-01 5.9536E-01 2.3745E-02   656
 8.0000E-02 3.1929E-01 2.6984E+00 1.5691E+00 1.1293E+00  6.4038E-01 5.9400E-01 2.3375E-02   656
 8.0000E-02 3.2043E-01 2.6926E+00 1.5697E+00 1.1229E+00  6.3985E-01 5.9262E-01 2.2995E-02   656
 8.0000E-02 3.2158E-01 2.6868E+00 1.5701E+00 1.1167E+00  6.3921E-01 5.9120E-01 2.2628E-02   657
 8.0000E-02 3.2274E-01 2.6808E+00 1.5704E+00 1.1103E+00  6.3856E-01 5.8978E-01 2.2250E-02   657
 8.0000E-02 3.2391E-01 2.6746E+00 1.5706E+00 1.1039E+00  6.3797E-01 5.8844E-01 2.1863E-02   602
 8.0000E-02 3.2509E-01 2.6681E+00 1.5707E+00 1.0974E+00  6.3728E-01 5.8698E-01 2.1466E-02   602
 8.0000E-02 3.2628E-01 2.6615E+00 1.5707E+00 1.0909E+00  6.3655E-01 5.8550E-01 2.1063E-02   602
 8.0000E-02 3.2747E-01 2.6541E+00 1.5703E+00 1.0838E+00  6.3583E-01 5.8401E-01 2.0635E-02   602
 8.0000E-02 3.2868E-01 2.6466E+00 1.5698E+00 1.0768E+00  6.3506E-01 5.8249E-01 2.0211E-02   602
 8.0000E-02 3.2989E-01 2.6392E+00 1.5692E+00 1.0700E+00  6.3423E-01 5.8095E-01 1.9791E-02   602
 8.0000E-02 3.3111E-01 2.6318E+00 1.5684E+00 1.0634E+00  6.3333E-01 5.7938E-01 1.9377E-02   602
 8.0000E-02 3.3234E-01 2.6242E+00 1.5674E+00 1.0568E+00  6.3241E-01 5.7780E-01 1.8957E-02   603
 8.0000E-02 3.3358E-01 2.6166E+00 1.5663E+00 1.0504E+00  6.3145E-01 5.7618E-01 1.8537E-02   603
 8.0000E-02 3.3483E-01 2.6091E+00 1.5650E+00 1.0441E+00  6.3042E-01 5.7454E-01 1.8125E-02   603
 8.0000E-02 3.3609E-01 2.6019E+00 1.5635E+00 1.0385E+00  6.2926E-01 5.7286E-01 1.7735E-02   603
 8.0000E-02 3.3736E-01 2.5956E+00 1.5619E+00 1.0337E+00  6.2798E-01 5.7113E-01 1.7376E-02   604
 8.0000E-02 3.3864E-01 2.5896E+00 1.5602E+00 1.0294E+00  6.2659E-01 5.6937E-01 1.7037E-02   604
 8.0000E-02 3.3992E-01 2.5842E+00 1.5585E+00 1.0257E+00  6.2509E-01 5.6758E-01 1.6719E-02   604
 8.0000E-02 3.4122E-01 2.5793E+00 1.5566E+00 1.0227E+00  6.2348E-01 5.6576E-01 1.6424E-02   604
 8.0000E-02 3.4253E-01 2.5750E+00 1.5547E+00 1.0203E+00  6.2175E-01 5.6390E-01 1.6154E-02   604
 8.0000E-02 3.4385E-01 2.5712E+00 1.5526E+00 1.0187E+00  6.1989E-01 5.6200E-01 1.5907E-02   604
 8.0000E-02 3.4517E-01 2.5684E+00 1.5505E+00 1.0179E+00  6.1789E-01 5.6008E-01 1.5695E-02   604
 8.0000E-02 3.4651E-01 2.5666E+00 1.5485E+00 1.0180E+00  6.1576E-01 5.5812E-01 1.5518E-02   605
 8.0000E-02 3.4786E-01 2.5655E+00 1.5466E+00 1.0189E+00  6.1350E-01 5.5615E-01 1.5369E-02   605
 8.0000E-02 3.4922E-01 2.5653E+00 1.5447E+00 1.0206E+00  6.1114E-01 5.5416E-01 1.5249E-02   605
 8.0000E-02 3.5059E-01 2.5659E+00 1.5428E+00 1.0232E+00  6.0865E-01 5.5215E-01 1.5158E-02   605
 8.0000E-02 3.5197E-01 2.5674E+00 1.5409E+00 1.0265E+00  6.0605E-01 5.5012E-01 1.5098E-02   605
 8.0000E-02 3.5336E-01 2.5698E+00 1.5391E+00 1.0307E+00  6.0333E-01 5.4808E-01 1.5070E-02   606
 8.0000E-02 3.5476E-01 2.5732E+00 1.5375E+00 1.0357E+00  6.0053E-01 5.4603E-01 1.5072E-02   606
 8.0000E-02 3.5618E-01 2.5776E+00 1.5360E+00 1.0416E+00  5.9764E-01 5.4399E-01 1.5104E-02   606
 8.0000E-02 3.5760E-01 2.5827E+00 1.5346E+00 1.0481E+00  5.9476E-01 5.4207E-01 1.5160E-02   551
 8.0000E-02 3.5904E-01 2.5886E+00 1.5333E+00 1.0553E+00  5.9172E-01 5.4002E-01 1.5241E-02   551
 8.0000E-02 3.6048E-01 2.5954E+00 1.5321E+00 1.0633E+00  5.8860E-01 5.3798E-01 1.5346E-02   551
 8.0000E-02 3.6194E-01 2.6030E+00 1.5310E+00 1.0719E+00  5.8541E-01 5.3594E-01 1.5478E-02   551
 8.0000E-02 3.6341E-01 2.6114E+00 1.5301E+00 1.0813E+00  5.8216E-01 5.3389E-01 1.5632E-02   551
 8.0000E-02 3.6490E-01 2.6204E+00 1.5293E+00 1.0912E+00  5.7887E-01 5.3186E-01 1.5802E-02   551
 8.0000E-02 3.6639E-01 2.6301E+00 1.5285E+00 1.1016E+00  5.7554E-01 5.2984E-01 1.5991E-02   551
 8.0000E-02 3.6790E-01 2.6405E+00 1.5279E+00 1.1126E+00  5.7217E-01 5.2782E-01 1.6200E-02   551
 8.0000E-02 3.6942E-01 2.6516E+00 1.5274E+00 1.1242E+00  5.6876E-01 5.2581E-01 1.6425E-02   551
 8.0000E-02 3.7095E-01 2.6634E+00 1.5270E+00 1.1364E+00  5.6531E-01 5.2380E-01 1.6669E-02   551
 8.0000E-02 3.7250E-01 2.6758E+00 1.5268E+00 1.1491E+00  5.6184E-01 5.2180E-01 1.6927E-02   551
 8.0000E-02 3.7406E-01 2.6887E+00 1.5265E+00 1.1622E+00  5.5834E-01 5.1981E-01 1.7197E-02   552
 8.0000E-02 3.7563E-01 2.7021E+00 1.5264E+00 1.1757E+00  5.5481E-01 5.1782E-01 1.7483E-02   552
 8.0000E-02 3.7722E-01 2.7161E+00 1.5263E+00 1.1898E+00  5.5125E-01 5.1584E-01 1.7783E-02   552
 8.0000E-02 3.7881E-01 2.7307E+00 1.5263E+00 1.2044E+00  5.4766E-01 5.1387E-01 1.8097E-02   552
 8.0000E-02 3.8043E-01 2.7458E+00 1.5263E+00 1.2195E+00  5.4406E-01 5.1190E-01 1.8426E-02   552
 8.0000E-02 3.8205E-01 2.7614E+00 1.5264E+00 1.2351E+00  5.4043E-01 5.0994E-01 1.8765E-02   552
 8.0000E-02 3.8369E-01 2.7773E+00 1.5264E+00 1.2509E+00  5.3678E-01 5.0798E-01 1.9114E-02   552
 8.0000E-02 3.8534E-01 2.7939E+00 1.5264E+00 1.2674E+00  5.3309E-01 5.0602E-01 1.9481E-02   552
 8.0000E-02 3.8701E-01 2.8110E+00 1.5265E+00 1.2845E+00  5.2938E-01 5.0407E-01 1.9867E-02   552
 8.0000E-02 3.8870E-01 2.8289E+00 1.5266E+00 1.3023E+00  5.2565E-01 5.0213E-01 2.0272E-02   552
 8.0000E-02 3.9039E-01 2.8474E+00 1.5267E+00 1.3207E+00  5.2189E-01 5.0020E-01 2.0696E-02   552
 8.0000E-02 3.9211E-01 2.8665E+00 1.5268E+00 1.3397E+00  5.1810E-01 4.9827E-01 2.1144E-02   552
 8.0000E-02 3.9383E-01 2.8865E+00 1.5268E+00 1.3597E+00  5.1429E-01 4.9635E-01 2.1615E-02   552
 8.0000E-02 3.9558E-01 2.9074E+00 1.5269E+00 1.3804E+00  5.1046E-01 4.9444E-01 2.2113E-02   552
 8.0000E-02 3.9733E-01 2.9292E+00 1.5271E+00 1.4022E+00  5.0661E-01 4.9254E-01 2.2638E-02   552
 8.0000E-02 3.9911E-01 2.9523E+00 1.5274E+00 1.4249E+00  5.0276E-01 4.9066E-01 2.3193E-02   552
 8.0000E-02 4.0090E-01 2.9764E+00 1.5276E+00 1.4488E+00  4.9901E-01 4.8892E-01 2.3782E-02   499
 8.0000E-02 4.0270E-01 3.0020E+00 1.5280E+00 1.4740E+00  4.9515E-01 4.8707E-01 2.4401E-02   499
 8.0000E-02 4.0452E-01 3.0290E+00 1.5286E+00 1.5003E+00  4.9132E-01 4.8524E-01 2.5046E-02   499
 8.0000E-02 4.0636E-01 3.0574E+00 1.5294E+00 1.5280E+00  4.8752E-01 4.8342E-01 2.5713E-02   499
 8.0000E-02 4.0822E-01 3.0874E+00 1.5304E+00 1.5570E+00  4.8377E-01 4.8162E-01 2.6402E-02   499
 8.0000E-02 4.1009E-01 3.1193E+00 1.5318E+00 1.5875E+00  4.8006E-01 4.7984E-01 2.7115E-02   499
 8.0000E-02 4.1198E-01 3.1531E+00 1.5335E+00 1.6196E+00  4.7643E-01 4.7807E-01 2.7839E-02   499
 8.0000E-02 4.1389E-01 3.1888E+00 1.5357E+00 1.6531E+00  4.7288E-01 4.7633E-01 2.8566E-02   499
 8.0000E-02 4.1581E-01 3.2263E+00 1.5384E+00 1.6879E+00  4.6942E-01 4.7460E-01 2.9290E-02   500
 8.0000E-02 4.1776E-01 3.2658E+00 1.5415E+00 1.7243E+00  4.6606E-01 4.7289E-01 3.0013E-02   500
 8.0000E-02 4.1972E-01 3.3076E+00 1.5453E+00 1.7623E+00  4.6282E-01 4.7119E-01 3.0721E-02   501
 8.0000E-02 4.2170E-01 3.3514E+00 1.5498E+00 1.8017E+00  4.5969E-01 4.6951E-01 3.1401E-02   501
 8.0000E-02 4.2370E-01 3.3972E+00 1.5549E+00 1.8424E+00  4.5670E-01 4.6784E-01 3.2048E-02   501
 8.0000E-02 4.2571E-01 3.4451E+00 1.5606E+00 1.8845E+00  4.5383E-01 4.6617E-01 3.2651E-02   501
 8.0000E-02 4.2775E-01 3.4952E+00 1.5670E+00 1.9282E+00  4.5109E-01 4.6450E-01 3.3198E-02   501
 8.0000E-02 4.2981E-01 3.5472E+00 1.5741E+00 1.9731E+00  4.4849E-01 4.6282E-01 3.3665E-02   501
 8.0000E-02 4.3188E-01 3.6013E+00 1.5819E+00 2.0194E+00  4.4602E-01 4.6113E-01 3.4038E-02   501
 8.0000E-02 4.3398E-01 3.6575E+00 1.5903E+00 2.0672E+00  4.4368E-01 4.5940E-01 3.4300E-02   501
 8.0000E-02 4.3610E-01 3.7158E+00 1.5992E+00 2.1166E+00  4.4146E-01 4.5762E-01 3.4431E-02   501
 8.0000E-02 4.3824E-01 3.7758E+00 1.6087E+00 2.1671E+00  4.3932E-01 4.5579E-01 3.4400E-02   501
 8.0000E-02 4.4039E-01 3.8374E+00 1.6186E+00 2.2189E+00  4.3727E-01 4.5388E-01 3.4196E-02   501
 8.0000E-02 4.4257E-01 3.9005E+00 1.6287E+00 2.2718E+00  4.3526E-01 4.5190E-01 3.3798E-02   501
 8.0000E-02 4.4478E-01 3.9649E+00 1.6391E+00 2.3258E+00  4.3329E-01 4.4982E-01 3.3187E-02   501
 8.0000E-02 4.4700E-01 4.0299E+00 1.6496E+00 2.3803E+00  4.3133E-01 4.4765E-01 3.2347E-02   501
 8.0000E-02 4.4925E-01 4.0954E+00 1.6602E+00 2.4352E+00  4.2938E-01 4.4539E-01 3.1270E-02   501
 8.0000E-02 4.5152E-01 4.1610E+00 1.6708E+00 2.4901E+00  4.2740E-01 4.4304E-01 2.9951E-02   501
 8.0000E-02 4.5381E-01 4.2264E+00 1.6814E+00 2.5449E+00  4.2538E-01 4.4060E-01 2.8391E-02   501
 8.0000E-02 4.5612E-01 4.2913E+00 1.6922E+00 2.5990E+00  4.2350E-01 4.3823E-01 2.6596E-02   452
 8.0000E-02 4.5846E-01 4.3554E+00 1.7032E+00 2.6522E+00  4.2144E-01 4.3567E-01 2.4602E-02   452
 8.0000E-02 4.6082E-01 4.4182E+00 1.7142E+00 2.7040E+00  4.1932E-01 4.3306E-01 2.2457E-02   452
 8.0000E-02 4.6321E-01 4.4791E+00 1.7251E+00 2.7540E+00  4.1707E-01 4.3043E-01 2.0228E-02   452
 8.0000E-02 4.6563E-01 4.5374E+00 1.7357E+00 2.8017E+00  4.1464E-01 4.2778E-01 1.8011E-02   452
 8.0000E-02 4.6806E-01 4.5923E+00 1.7456E+00 2.8468E+00  4.1195E-01 4.2512E-01 1.5912E-02   452
 8.0000E-02 4.7053E-01 4.6430E+00 1.7543E+00 2.8887E+00  4.0891E-01 4.2247E-01 1.4049E-02   452
 8.0000E-02 4.7302E-01 4.6879E+00 1.7613E+00 2.9266E+00  4.0541E-01 4.1983E-01 1.2547E-02   452
 8.0000E-02 4.7553E-01 4.7265E+00 1.7662E+00 2.9603E+00  4.0138E-01 4.1723E-01 1.1542E-02   452
 8.0000E-02 4.7807E-01 4.7580E+00 1.7684E+00 2.9896E+00  3.9677E-01 4.1469E-01 1.1147E-02   452
 8.0000E-02 4.8065E-01 4.7821E+00 1.7678E+00 3.0144E+00  3.9154E-01 4.1223E-01 1.1449E-02   452
 8.0000E-02 4.8324E-01 4.7987E+00 1.7641E+00 3.0346E+00  3.8569E-01 4.0986E-01 1.2507E-02   452
 8.0000E-02 4.8587E-01 4.8082E+00 1.7574E+00 3.0508E+00  3.7924E-01 4.0762E-01 1.4338E-02   452
 8.0000E-02 4.8852E-01 4.8113E+00 1.7479E+00 3.0633E+00  3.7225E-01 4.0551E-01 1.6929E-02   452
 8.0000E-02 4.9121E-01 4.8089E+00 1.7361E+00 3.0728E+00  3.6480E-01 4.0355E-01 2.0227E-02   452
 8.0000E-02 4.9392E-01 4.8024E+00 1.7222E+00 3.0802E+00  3.5700E-01 4.0175E-01 2.4153E-02   452
 8.0000E-02 4.9667E-01 4.7935E+00 1.7073E+00 3.0862E+00  3.4902E-01 4.0015E-01 2.8583E-02   452
 8.0000E-02 4.9944E-01 4.7853E+00 1.6926E+00 3.0927E+00  3.4116E-01 3.9877E-01 3.3301E-02   452
 8.0000E-02 5.0225E-01 4.7783E+00 1.6776E+00 3.1007E+00  3.3337E-01 3.9752E-01 3.8259E-02   452
 8.0000E-02 5.0508E-01 4.7731E+00 1.6624E+00 3.1108E+00  3.2567E-01 3.9637E-01 4.3414E-02   452
 8.0000E-02 5.0795E-01 4.7701E+00 1.6468E+00 3.1234E+00  3.1807E-01 3.9530E-01 4.8748E-02   452
 8.0000E-02 5.1086E-01 4.7694E+00 1.6306E+00 3.1388E+00  3.1055E-01 3.9428E-01 5.4275E-02   452
 8.0000E-02 5.1379E-01 4.7706E+00 1.6134E+00 3.1572E+00  3.0304E-01 3.9330E-01 6.0046E-02   453
 8.0000E-02 5.1676E-01 4.7734E+00 1.5946E+00 3.1788E+00  2.9548E-01 3.9235E-01 6.6137E-02   453
 8.0000E-02 5.1977E-01 4.7773E+00 1.5734E+00 3.2038E+00  2.8777E-01 3.9141E-01 7.2655E-02   453
 8.0000E-02 5.2281E-01 4.7769E+00 1.5461E+00 3.2308E+00  2.7921E-01 3.9037E-01 8.0179E-02   453
 8.0000E-02 5.2588E-01 4.7697E+00 1.5126E+00 3.2571E+00  2.6972E-01 3.8931E-01 8.8801E-02   453
 8.0000E-02 5.2899E-01 4.7569E+00 1.4747E+00 3.2822E+00  2.5969E-01 3.8843E-01 9.8342E-02   407
 8.0000E-02 5.3214E-01 4.7378E+00 1.4328E+00 3.3051E+00  2.4888E-01 3.8748E-01 1.0877E-01   407
 8.0000E-02 5.3533E-01 4.7125E+00 1.3875E+00 3.3250E+00  2.3749E-01 3.8662E-01 1.1999E-01   407
 8.0000E-02 5.3855E-01 4.6809E+00 1.3398E+00 3.3411E+00  2.2562E-01 3.8587E-01 1.3187E-01   407
 8.0000E-02 5.4182E-01 4.6442E+00 1.2908E+00 3.3533E+00  2.1342E-01 3.8524E-01 1.4422E-01   407
 8.0000E-02 5.4512E-01 4.6034E+00 1.2418E+00 3.3616E+00  2.0104E-01 3.8474E-01 1.5685E-01   407
 8.0000E-02 5.4847E-01 4.5602E+00 1.1938E+00 3.3664E+00  1.8865E-01 3.8438E-01 1.6958E-01   408
 8.0000E-02 5.5185E-01 4.5184E+00 1.1490E+00 3.3694E+00  1.7660E-01 3.8418E-01 1.8211E-01   408
 8.0000E-02 5.5528E-01 4.4779E+00 1.1066E+00 3.3713E+00  1.6485E-01 3.8411E-01 1.9447E-01   408
 8.0000E-02 5.5875E-01 4.4396E+00 1.0671E+00 3.3725E+00  1.5347E-01 3.8417E-01 2.0659E-01   408
 8.0000E-02 5.6226E-01 4.4044E+00 1.0310E+00 3.3734E+00  1.4257E-01 3.8436E-01 2.1834E-01   408
 8.0000E-02 5.6582E-01 4.3722E+00 9.9894E-01 3.3732E+00  1.3224E-01 3.8464E-01 2.2955E-01   408
 8.0000E-02 5.6943E-01 4.3427E+00 9.7136E-01 3.3714E+00  1.2252E-01 3.8499E-01 2.4007E-01   408
 8.0000E-02 5.7308E-01 4.3156E+00 9.4857E-01 3.3671E+00  1.1346E-01 3.8540E-01 2.4973E-01   408
 8.0000E-02 5.7677E-01 4.2900E+00 9.3118E-01 3.3589E+00  1.0508E-01 3.8584E-01 2.5836E-01   408
 8.0000E-02 5.8052E-01 4.2650E+00 9.1964E-01 3.3453E+00  9.7375E-02 3.8629E-01 2.6578E-01   408
 8.0000E-02 5.8431E-01 4.2392E+00 9.1444E-01 3.3248E+00  9.0300E-02 3.8674E-01 2.7191E-01   408
 8.0000E-02 5.8816E-01 4.2132E+00 9.1558E-01 3.2977E+00  8.3838E-02 3.8718E-01 2.7677E-01   408
 8.0000E-02 5.9205E-01 4.1881E+00 9.2235E-01 3.2658E+00  7.7963E-02 3.8761E-01 2.8054E-01   408
 8.0000E-02 5.9600E-01 4.1644E+00 9.3394E-01 3.2305E+00  7.2604E-02 3.8802E-01 2.8342E-01   408
 8.0000E-02 6.0000E-01 4.1427E+00 9.4944E-01 3.1932E+00  6.7684E-02 3.8843E-01 2.8563E-01   408
