 DDSCAT --- DDSCAT 7.3.3 [22.01.20]   
 TARGET --->TARGSPHER  spherical target with explicit spacing                 
 GPFAFT --- method of solution 
 FLTRCD --- prescription for polarizabilities
 FROM_FILE --- shape 
    4169 = NAT0 = number of dipoles
 ../../diel/Pena-Rioux_dielectric_26Au_74Ag                  
 ../../diel/Pena-Rioux_dielectric_65Au_35Ag                  
 ../../diel/Pena-Rioux_dielectric_92Au_8Ag                   
   0.000   0.000 = beta_min, beta_max ;  NBETA = 1
   0.000   0.000 = theta_min, theta_max; NTHETA= 1
   0.000   0.000 = phi_min, phi_max   ;   NPHI = 1
 Results averaged over    1 target orientations
                   and  2 incident polarizations
   aeff       wave       Q_pha       Q_pol       Q_cpol
 1.0000E-03 3.0000E-01  2.1925E-02  1.3411E-07 -3.1665E-08
 1.0000E-03 3.0101E-01  2.1732E-02 -9.6858E-08  7.4506E-09
 1.0000E-03 3.0203E-01  2.1535E-02 -1.1921E-07  3.3528E-08
 1.0000E-03 3.0305E-01  2.1334E-02  1.0431E-07  1.4901E-08
 1.0000E-03 3.0408E-01  2.1129E-02 -1.9372E-07  3.9116E-08
 1.0000E-03 3.0512E-01  2.0919E-02  8.9407E-08  2.4214E-08
 1.0000E-03 3.0616E-01  2.0705E-02  2.0862E-07  3.7253E-08
 1.0000E-03 3.0722E-01  2.0486E-02  5.2154E-08  2.4214E-08
 1.0000E-03 3.0828E-01  2.0267E-02 -2.9802E-08 -5.5879E-09
 1.0000E-03 3.0934E-01  2.0061E-02  2.6822E-07 -5.4017E-08
 1.0000E-03 3.1042E-01  1.9851E-02  4.4703E-08 -3.5390E-08
 1.0000E-03 3.1150E-01  1.9636E-02 -5.9605E-08 -2.2352E-08
 1.0000E-03 3.1259E-01  1.9417E-02  4.4703E-08 -5.5879E-09
 1.0000E-03 3.1368E-01  1.9194E-02  8.9407E-08 -5.7742E-08
 1.0000E-03 3.1479E-01  1.8966E-02  9.6858E-08  2.4214E-08
 1.0000E-03 3.1590E-01  1.8734E-02 -1.7136E-07  3.5390E-08
 1.0000E-03 3.1702E-01  1.8496E-02 -2.3842E-07  7.4506E-09
 1.0000E-03 3.1815E-01  1.8255E-02 -4.4703E-08 -7.4506E-09
 1.0000E-03 3.1929E-01  1.8004E-02  1.0431E-07  4.2841E-08
 1.0000E-03 3.2043E-01  1.7742E-02  1.2666E-07  4.2841E-08
 1.0000E-03 3.2158E-01  1.7470E-02 -1.7136E-07 -2.6077E-08
 1.0000E-03 3.2274E-01  1.7186E-02  6.7055E-08 -3.7253E-08
 1.0000E-03 3.2391E-01  1.6891E-02 -9.6858E-08  4.4703E-08
 1.0000E-03 3.2509E-01  1.6584E-02 -5.9605E-08 -1.3039E-08
 1.0000E-03 3.2628E-01  1.6265E-02 -1.3411E-07 -1.8626E-08
 1.0000E-03 3.2747E-01  1.5897E-02 -5.2154E-08  3.1665E-08
 1.0000E-03 3.2868E-01  1.5517E-02  5.9605E-08  3.0734E-08
 1.0000E-03 3.2989E-01  1.5125E-02  6.7055E-08 -1.1176E-08
 1.0000E-03 3.3111E-01  1.4721E-02  1.7881E-07 -4.0047E-08
 1.0000E-03 3.3234E-01  1.4303E-02 -8.1956E-08 -4.9360E-08
 1.0000E-03 3.3358E-01  1.3872E-02 -1.2666E-07 -9.3132E-09
 1.0000E-03 3.3483E-01  1.3426E-02  1.5646E-07 -1.2107E-08
 1.0000E-03 3.3609E-01  1.2965E-02  2.1607E-07 -3.7253E-09
 1.0000E-03 3.3736E-01  1.2500E-02  1.2666E-07  5.5879E-09
 1.0000E-03 3.3864E-01  1.2029E-02  1.4901E-08  7.4506E-09
 1.0000E-03 3.3992E-01  1.1554E-02 -7.4506E-08 -9.3132E-10
 1.0000E-03 3.4122E-01  1.1073E-02 -4.4703E-08  1.0245E-08
 1.0000E-03 3.4253E-01  1.0584E-02  7.4506E-08  1.4901E-08
 1.0000E-03 3.4385E-01  1.0088E-02  1.0431E-07  1.1176E-08
 1.0000E-03 3.4517E-01  9.5900E-03 -2.0117E-07 -3.7253E-09
 1.0000E-03 3.4651E-01  9.1018E-03 -1.9372E-07  1.8626E-09
 1.0000E-03 3.4786E-01  8.6164E-03  7.4506E-08  1.9558E-08
 1.0000E-03 3.4922E-01  8.1337E-03 -3.7253E-08  7.4506E-09
 1.0000E-03 3.5059E-01  7.6535E-03 -6.7055E-08 -4.6566E-09
 1.0000E-03 3.5197E-01  7.1757E-03 -8.1956E-08  1.3970E-08
 1.0000E-03 3.5336E-01  6.7001E-03 -5.2154E-08 -4.6566E-09
 1.0000E-03 3.5476E-01  6.2378E-03 -3.7253E-08  9.3132E-10
 1.0000E-03 3.5618E-01  5.7884E-03 -7.4506E-08 -8.3819E-09
 1.0000E-03 3.5760E-01  5.3490E-03  8.1956E-08  8.3819E-09
 1.0000E-03 3.5904E-01  4.9199E-03 -2.2352E-08  9.3132E-09
 1.0000E-03 3.6048E-01  4.5029E-03  2.2352E-08 -3.2596E-09
 1.0000E-03 3.6194E-01  4.0987E-03  3.7253E-08 -1.0245E-08
 1.0000E-03 3.6341E-01  3.7120E-03  2.9802E-08 -1.6298E-08
 1.0000E-03 3.6490E-01  3.3472E-03  8.9407E-08 -5.3551E-09
 1.0000E-03 3.6639E-01  2.9995E-03  2.2352E-08 -3.0268E-09
 1.0000E-03 3.6790E-01  2.6710E-03  0.0000E+00 -3.7253E-09
 1.0000E-03 3.6942E-01  2.3636E-03 -1.4901E-08 -4.1910E-09
 1.0000E-03 3.7095E-01  2.0800E-03 -6.7055E-08 -5.5879E-09
 1.0000E-03 3.7250E-01  1.8243E-03 -1.3411E-07  3.6089E-09
 1.0000E-03 3.7406E-01  1.5957E-03 -1.5646E-07 -1.1642E-10
 1.0000E-03 3.7563E-01  1.3938E-03 -5.2154E-08  3.3760E-09
 1.0000E-03 3.7722E-01  1.2217E-03 -5.9605E-08 -3.4925E-10
 1.0000E-03 3.7881E-01  1.0832E-03  1.1176E-07 -3.1432E-09
 1.0000E-03 3.8043E-01  9.8256E-04 -1.2666E-07 -1.5134E-08
 1.0000E-03 3.8205E-01  9.2362E-04 -1.5646E-07 -2.4447E-09
 1.0000E-03 3.8369E-01  9.0305E-04 -1.1921E-07  1.4668E-08
 1.0000E-03 3.8534E-01  9.2530E-04 -6.7055E-08  6.8976E-08
 1.0000E-03 3.8701E-01  9.9502E-04 -4.1723E-07 -1.3586E-07
 1.0000E-03 3.8870E-01  1.1197E-03 -3.5018E-07  1.1409E-07
 1.0000E-03 3.9039E-01  1.3066E-03  2.0862E-07 -4.4238E-08
 1.0000E-03 3.9211E-01  1.5539E-03  1.0878E-06 -5.1444E-07
 1.0000E-03 3.9383E-01  1.8671E-03  5.6624E-07  1.3399E-07
 1.0000E-03 3.9558E-01  2.2556E-03  4.4703E-08  0.0000E+00
 1.0000E-03 3.9733E-01  2.7272E-03 -2.6822E-07  1.6298E-07
 1.0000E-03 3.9911E-01  3.2938E-03  1.4901E-07 -4.6333E-07
 1.0000E-03 4.0090E-01  3.9603E-03 -2.9802E-07  2.6776E-07
 1.0000E-03 4.0270E-01  4.7336E-03  1.4901E-08  7.4506E-08
 1.0000E-03 4.0452E-01  5.6279E-03 -4.6194E-07  6.8452E-08
 1.0000E-03 4.0636E-01  6.6578E-03  9.2387E-07  1.0012E-07
 1.0000E-03 4.0822E-01  7.8382E-03  2.3842E-07 -4.2748E-07
 1.0000E-03 4.1009E-01  9.1789E-03  0.0000E+00  6.8918E-08
 1.0000E-03 4.1198E-01  1.0692E-02 -4.0233E-07 -3.5018E-07
 1.0000E-03 4.1389E-01  1.2394E-02 -3.4273E-07  3.8184E-08
 1.0000E-03 4.1581E-01  1.4296E-02 -2.5332E-07  4.2841E-08
 1.0000E-03 4.1776E-01  1.6405E-02  4.9174E-07  1.7323E-07
 1.0000E-03 4.1972E-01  1.8717E-02  4.4703E-08 -3.7253E-08
 1.0000E-03 4.2170E-01  2.1219E-02 -2.9802E-07  1.7881E-07
 1.0000E-03 4.2370E-01  2.3892E-02  6.4075E-07 -1.2107E-07
 1.0000E-03 4.2571E-01  2.6702E-02  5.5134E-07  3.3528E-08
 1.0000E-03 4.2775E-01  2.9608E-02 -1.3411E-07 -2.0675E-07
 1.0000E-03 4.2981E-01  3.2565E-02  4.3213E-07 -4.0978E-08
 1.0000E-03 4.3188E-01  3.5539E-02  1.7881E-07 -1.1548E-07
 1.0000E-03 4.3398E-01  3.8494E-02 -5.3644E-07  1.8999E-07
 1.0000E-03 4.3610E-01  4.1400E-02 -8.0466E-07 -1.0431E-07
 1.0000E-03 4.3824E-01  4.4225E-02 -5.8115E-07 -2.6077E-07
 1.0000E-03 4.4039E-01  4.6969E-02  6.4075E-07  1.8626E-08
 1.0000E-03 4.4257E-01  4.9612E-02 -1.7881E-07  2.9802E-08
 1.0000E-03 4.4478E-01  5.2134E-02 -2.2352E-07 -2.9802E-08
 1.0000E-03 4.4700E-01  5.4526E-02 -2.2352E-07 -6.7055E-08
 1.0000E-03 4.4925E-01  5.6782E-02  2.3842E-07  4.8429E-08
 1.0000E-03 4.5152E-01  5.8886E-02  1.0431E-07 -7.8231E-08
 1.0000E-03 4.5381E-01  6.0827E-02  1.4901E-08 -1.2666E-07
 1.0000E-03 4.5612E-01  6.2609E-02 -8.9407E-08 -9.6858E-08
 1.0000E-03 4.5846E-01  6.4232E-02  0.0000E+00  3.7253E-08
 1.0000E-03 4.6082E-01  6.5691E-02 -8.9407E-08  2.9802E-08
 1.0000E-03 4.6321E-01  6.6994E-02  2.0862E-07 -2.9802E-08
 1.0000E-03 4.6563E-01  6.8157E-02  2.5332E-07  2.9802E-08
 1.0000E-03 4.6806E-01  6.9188E-02  1.1921E-07  8.9407E-08
 1.0000E-03 4.7053E-01  7.0102E-02  3.6508E-07  1.4901E-08
 1.0000E-03 4.7302E-01  7.0917E-02  2.2352E-08 -2.9802E-08
 1.0000E-03 4.7553E-01  7.1649E-02 -5.9605E-08 -7.4506E-09
 1.0000E-03 4.7807E-01  7.2311E-02 -2.0117E-07 -5.9605E-08
 1.0000E-03 4.8065E-01  7.2918E-02  9.6858E-08  6.7055E-08
 1.0000E-03 4.8324E-01  7.3480E-02 -1.5646E-07  9.6858E-08
 1.0000E-03 4.8587E-01  7.3991E-02 -6.7055E-08 -8.9407E-08
 1.0000E-03 4.8852E-01  7.4448E-02 -1.8626E-07  1.1176E-07
 1.0000E-03 4.9121E-01  7.4844E-02 -8.1956E-08  7.4506E-09
 1.0000E-03 4.9392E-01  7.5152E-02  2.9802E-08 -2.6077E-07
 1.0000E-03 4.9667E-01  7.5352E-02 -6.7055E-08 -1.6391E-07
 1.0000E-03 4.9944E-01  7.5426E-02  0.0000E+00  1.7881E-07
 1.0000E-03 5.0225E-01  7.5347E-02  2.6822E-07 -1.1921E-07
 1.0000E-03 5.0508E-01  7.5099E-02  3.7253E-08 -7.4506E-08
 1.0000E-03 5.0795E-01  7.4673E-02  3.7253E-07  2.6822E-07
 1.0000E-03 5.1086E-01  7.4065E-02  2.2352E-08 -3.4273E-07
 1.0000E-03 5.1379E-01  7.3280E-02  2.8685E-07  2.8312E-07
 1.0000E-03 5.1676E-01  7.2330E-02 -2.3469E-07  1.7136E-07
 1.0000E-03 5.1977E-01  7.1233E-02  3.0920E-07  4.6939E-07
 1.0000E-03 5.2281E-01  7.0014E-02  3.9861E-07  4.3213E-07
 1.0000E-03 5.2588E-01  6.8699E-02  7.4506E-07 -4.7684E-07
 1.0000E-03 5.2899E-01  6.7310E-02 -3.3528E-08 -1.4156E-07
 1.0000E-03 5.3214E-01  6.5878E-02 -7.6368E-08 -2.2352E-08
 1.0000E-03 5.3533E-01  6.4420E-02  1.7695E-07 -8.1956E-08
 1.0000E-03 5.3855E-01  6.2954E-02  2.7753E-07  1.4156E-07
 1.0000E-03 5.4182E-01  6.1498E-02 -2.6636E-07 -9.3132E-08
 1.0000E-03 5.4512E-01  6.0065E-02 -5.7183E-07 -1.4901E-07
 1.0000E-03 5.4847E-01  5.8669E-02 -3.7625E-07  3.0547E-07
 1.0000E-03 5.5185E-01  5.7326E-02 -2.3656E-07 -2.9802E-08
 1.0000E-03 5.5528E-01  5.6046E-02  4.7870E-07  9.6858E-08
 1.0000E-03 5.5875E-01  5.4835E-02  5.3458E-07  5.0664E-07
 1.0000E-03 5.6226E-01  5.3696E-02  3.7253E-09  3.3155E-07
 1.0000E-03 5.6582E-01  5.2622E-02 -1.5274E-07  1.6019E-07
 1.0000E-03 5.6943E-01  5.1605E-02  2.2724E-07 -2.5705E-07
 1.0000E-03 5.7308E-01  5.0634E-02  6.1654E-07  1.4901E-07
 1.0000E-03 5.7677E-01  4.9694E-02 -8.1584E-07  5.2527E-07
 1.0000E-03 5.8052E-01  4.8780E-02  3.7812E-07 -1.9744E-07
 1.0000E-03 5.8431E-01  4.7890E-02 -2.3283E-07 -3.2037E-07
 1.0000E-03 5.8816E-01  4.7032E-02 -9.9745E-07 -7.0781E-07
 1.0000E-03 5.9205E-01  4.6214E-02 -5.9884E-07 -3.7253E-09
 1.0000E-03 5.9600E-01  4.5440E-02 -1.2647E-06 -7.8976E-07
 1.0000E-03 6.0000E-01  4.4706E-02  9.9652E-07 -8.4192E-07
