 DDSCAT --- DDSCAT 7.3.3 [22.01.20]   
 TARGET --->TARGSPHER  spherical target with explicit spacing                 
 GPFAFT --- method of solution 
 FLTRCD --- prescription for polarizabilities
 FROM_FILE --- shape 
    4169 = NAT0 = number of dipoles
 ../../diel/Pena-Rioux_dielectric_26Au_74Ag                  
 ../../diel/Pena-Rioux_dielectric_52Au_48Ag                  
 ../../diel/Pena-Rioux_dielectric_65Au_35Ag                  
 ../../diel/Pena-Rioux_dielectric_85Au_15Ag                  
   0.000   0.000 = beta_min, beta_max ;  NBETA = 1
   0.000   0.000 = theta_min, theta_max; NTHETA= 1
   0.000   0.000 = phi_min, phi_max   ;   NPHI = 1
 0.5000 = ETASCA (param. controlling # of scatt. dirs used to calculate <cos> etc.
 Results averaged over    1 target orientations
                   and  2 incident polarizations
   aeff       wave       Q_ext     Q_abs      Q_sca     g(1)=<cos>  <cos^2>    Q_bk       Nsca
 1.0000E-03 3.0000E-01 8.4520E-02 8.4519E-02 1.1262E-06  2.5893E-04 4.0217E-01 1.3423E-07   214
 1.0000E-03 3.0101E-01 8.4047E-02 8.4045E-02 1.1041E-06  2.5856E-04 4.0217E-01 1.3159E-07   214
 1.0000E-03 3.0203E-01 8.3587E-02 8.3586E-02 1.0825E-06  2.5822E-04 4.0217E-01 1.2902E-07   214
 1.0000E-03 3.0305E-01 8.3142E-02 8.3141E-02 1.0614E-06  2.5782E-04 4.0217E-01 1.2650E-07   214
 1.0000E-03 3.0408E-01 8.2711E-02 8.2710E-02 1.0408E-06  2.5733E-04 4.0217E-01 1.2405E-07   214
 1.0000E-03 3.0512E-01 8.2294E-02 8.2293E-02 1.0207E-06  2.5702E-04 4.0217E-01 1.2165E-07   214
 1.0000E-03 3.0616E-01 8.1891E-02 8.1890E-02 1.0010E-06  2.5651E-04 4.0217E-01 1.1931E-07   214
 1.0000E-03 3.0722E-01 8.1502E-02 8.1500E-02 9.8184E-07  2.5588E-04 4.0217E-01 1.1703E-07   214
 1.0000E-03 3.0828E-01 8.1129E-02 8.1128E-02 9.6325E-07  2.5541E-04 4.0217E-01 1.1481E-07   214
 1.0000E-03 3.0934E-01 8.0775E-02 8.0774E-02 9.4551E-07  2.5498E-04 4.0217E-01 1.1270E-07   214
 1.0000E-03 3.1042E-01 8.0431E-02 8.0430E-02 9.2811E-07  2.5444E-04 4.0217E-01 1.1062E-07   214
 1.0000E-03 3.1150E-01 8.0096E-02 8.0095E-02 9.1106E-07  2.5388E-04 4.0217E-01 1.0859E-07   214
 1.0000E-03 3.1259E-01 7.9770E-02 7.9769E-02 8.9434E-07  2.5360E-04 4.0217E-01 1.0660E-07   214
 1.0000E-03 3.1368E-01 7.9453E-02 7.9452E-02 8.7796E-07  2.5319E-04 4.0217E-01 1.0464E-07   214
 1.0000E-03 3.1479E-01 7.9146E-02 7.9145E-02 8.6190E-07  2.5240E-04 4.0217E-01 1.0273E-07   214
 1.0000E-03 3.1590E-01 7.8847E-02 7.8846E-02 8.4616E-07  2.5160E-04 4.0217E-01 1.0086E-07   214
 1.0000E-03 3.1702E-01 7.8558E-02 7.8557E-02 8.3074E-07  2.5133E-04 4.0217E-01 9.9018E-08   214
 1.0000E-03 3.1815E-01 7.8226E-02 7.8225E-02 8.1472E-07  2.5059E-04 4.0217E-01 9.7108E-08   214
 1.0000E-03 3.1929E-01 7.7900E-02 7.7900E-02 7.9891E-07  2.5002E-04 4.0217E-01 9.5224E-08   214
 1.0000E-03 3.2043E-01 7.7590E-02 7.7589E-02 7.8348E-07  2.4965E-04 4.0217E-01 9.3385E-08   214
 1.0000E-03 3.2158E-01 7.7294E-02 7.7294E-02 7.6843E-07  2.4868E-04 4.0217E-01 9.1591E-08   214
 1.0000E-03 3.2274E-01 7.7013E-02 7.7013E-02 7.5374E-07  2.4839E-04 4.0217E-01 8.9840E-08   214
 1.0000E-03 3.2391E-01 7.6748E-02 7.6747E-02 7.3941E-07  2.4755E-04 4.0217E-01 8.8132E-08   214
 1.0000E-03 3.2509E-01 7.6496E-02 7.6495E-02 7.2544E-07  2.4717E-04 4.0217E-01 8.6468E-08   214
 1.0000E-03 3.2628E-01 7.6259E-02 7.6258E-02 7.1182E-07  2.4636E-04 4.0217E-01 8.4844E-08   214
 1.0000E-03 3.2747E-01 7.6050E-02 7.6050E-02 6.9838E-07  2.4565E-04 4.0217E-01 8.3243E-08   214
 1.0000E-03 3.2868E-01 7.5878E-02 7.5878E-02 6.8570E-07  2.4520E-04 4.0217E-01 8.1731E-08   214
 1.0000E-03 3.2989E-01 7.5742E-02 7.5742E-02 6.7379E-07  2.4443E-04 4.0217E-01 8.0312E-08   214
 1.0000E-03 3.3111E-01 7.5644E-02 7.5643E-02 6.6266E-07  2.4360E-04 4.0217E-01 7.8985E-08   214
 1.0000E-03 3.3234E-01 7.5582E-02 7.5582E-02 6.5230E-07  2.4300E-04 4.0217E-01 7.7750E-08   214
 1.0000E-03 3.3358E-01 7.5559E-02 7.5559E-02 6.4272E-07  2.4219E-04 4.0217E-01 7.6608E-08   214
 1.0000E-03 3.3483E-01 7.5576E-02 7.5575E-02 6.3392E-07  2.4143E-04 4.0217E-01 7.5560E-08   214
 1.0000E-03 3.3609E-01 7.5671E-02 7.5671E-02 6.2656E-07  2.4059E-04 4.0217E-01 7.4684E-08   214
 1.0000E-03 3.3736E-01 7.5856E-02 7.5855E-02 6.2086E-07  2.3957E-04 4.0217E-01 7.4004E-08   214
 1.0000E-03 3.3864E-01 7.6091E-02 7.6090E-02 6.1620E-07  2.3871E-04 4.0217E-01 7.3447E-08   214
 1.0000E-03 3.3992E-01 7.6380E-02 7.6379E-02 6.1260E-07  2.3794E-04 4.0217E-01 7.3019E-08   214
 1.0000E-03 3.4122E-01 7.6725E-02 7.6724E-02 6.1010E-07  2.3662E-04 4.0217E-01 7.2721E-08   214
 1.0000E-03 3.4253E-01 7.7130E-02 7.7129E-02 6.0874E-07  2.3616E-04 4.0217E-01 7.2559E-08   214
 1.0000E-03 3.4385E-01 7.7597E-02 7.7597E-02 6.0855E-07  2.3476E-04 4.0217E-01 7.2537E-08   214
 1.0000E-03 3.4517E-01 7.8134E-02 7.8133E-02 6.0967E-07  2.3355E-04 4.0217E-01 7.2671E-08   214
 1.0000E-03 3.4651E-01 7.8729E-02 7.8729E-02 6.1200E-07  2.3233E-04 4.0217E-01 7.2948E-08   214
 1.0000E-03 3.4786E-01 7.9379E-02 7.9379E-02 6.1538E-07  2.3126E-04 4.0217E-01 7.3351E-08   214
 1.0000E-03 3.4922E-01 8.0086E-02 8.0086E-02 6.1986E-07  2.3017E-04 4.0217E-01 7.3887E-08   214
 1.0000E-03 3.5059E-01 8.0856E-02 8.0855E-02 6.2552E-07  2.2909E-04 4.0217E-01 7.4560E-08   214
 1.0000E-03 3.5197E-01 8.1692E-02 8.1691E-02 6.3240E-07  2.2770E-04 4.0217E-01 7.5381E-08   214
 1.0000E-03 3.5336E-01 8.2600E-02 8.2599E-02 6.4058E-07  2.2663E-04 4.0217E-01 7.6356E-08   214
 1.0000E-03 3.5476E-01 8.3569E-02 8.3568E-02 6.4993E-07  2.2533E-04 4.0217E-01 7.7471E-08   214
 1.0000E-03 3.5618E-01 8.4592E-02 8.4591E-02 6.6031E-07  2.2404E-04 4.0217E-01 7.8708E-08   214
 1.0000E-03 3.5760E-01 8.5676E-02 8.5676E-02 6.7182E-07  2.2300E-04 4.0217E-01 8.0080E-08   214
 1.0000E-03 3.5904E-01 8.6826E-02 8.6826E-02 6.8454E-07  2.2168E-04 4.0217E-01 8.1597E-08   214
 1.0000E-03 3.6048E-01 8.8047E-02 8.8046E-02 6.9855E-07  2.2051E-04 4.0217E-01 8.3268E-08   214
 1.0000E-03 3.6194E-01 8.9345E-02 8.9344E-02 7.1395E-07  2.1910E-04 4.0217E-01 8.5104E-08   214
 1.0000E-03 3.6341E-01 9.0720E-02 9.0720E-02 7.3075E-07  2.1811E-04 4.0217E-01 8.7107E-08   214
 1.0000E-03 3.6490E-01 9.2158E-02 9.2158E-02 7.4873E-07  2.1672E-04 4.0217E-01 8.9250E-08   214
 1.0000E-03 3.6639E-01 9.3669E-02 9.3668E-02 7.6804E-07  2.1554E-04 4.0217E-01 9.1551E-08   214
 1.0000E-03 3.6790E-01 9.5257E-02 9.5256E-02 7.8877E-07  2.1431E-04 4.0217E-01 9.4023E-08   214
 1.0000E-03 3.6942E-01 9.6930E-02 9.6929E-02 8.1105E-07  2.1298E-04 4.0217E-01 9.6680E-08   214
 1.0000E-03 3.7095E-01 9.8694E-02 9.8693E-02 8.3501E-07  2.1177E-04 4.0217E-01 9.9536E-08   214
 1.0000E-03 3.7250E-01 1.0055E-01 1.0055E-01 8.6069E-07  2.1056E-04 4.0217E-01 1.0260E-07   214
 1.0000E-03 3.7406E-01 1.0249E-01 1.0249E-01 8.8791E-07  2.0944E-04 4.0217E-01 1.0584E-07   214
 1.0000E-03 3.7563E-01 1.0453E-01 1.0453E-01 9.1697E-07  2.0801E-04 4.0217E-01 1.0931E-07   214
 1.0000E-03 3.7722E-01 1.0666E-01 1.0666E-01 9.4817E-07  2.3527E-04 4.0254E-01 1.1300E-07   184
 1.0000E-03 3.7881E-01 1.0891E-01 1.0891E-01 9.8130E-07  2.3385E-04 4.0254E-01 1.1695E-07   184
 1.0000E-03 3.8043E-01 1.1128E-01 1.1128E-01 1.0168E-06  2.3257E-04 4.0254E-01 1.2118E-07   184
 1.0000E-03 3.8205E-01 1.1377E-01 1.1377E-01 1.0545E-06  2.3140E-04 4.0254E-01 1.2568E-07   184
 1.0000E-03 3.8369E-01 1.1638E-01 1.1638E-01 1.0947E-06  2.3002E-04 4.0254E-01 1.3046E-07   184
 1.0000E-03 3.8534E-01 1.1913E-01 1.1912E-01 1.1377E-06  2.2871E-04 4.0254E-01 1.3559E-07   184
 1.0000E-03 3.8701E-01 1.2202E-01 1.2202E-01 1.1838E-06  2.2775E-04 4.0254E-01 1.4109E-07   184
 1.0000E-03 3.8870E-01 1.2508E-01 1.2508E-01 1.2333E-06  2.2641E-04 4.0254E-01 1.4699E-07   184
 1.0000E-03 3.9039E-01 1.2832E-01 1.2832E-01 1.2864E-06  2.2513E-04 4.0254E-01 1.5332E-07   184
 1.0000E-03 3.9211E-01 1.3172E-01 1.3172E-01 1.3433E-06  2.2377E-04 4.0254E-01 1.6010E-07   184
 1.0000E-03 3.9383E-01 1.3533E-01 1.3533E-01 1.4047E-06  2.2263E-04 4.0254E-01 1.6741E-07   184
 1.0000E-03 3.9558E-01 1.3916E-01 1.3916E-01 1.4710E-06  2.2139E-04 4.0254E-01 1.7532E-07   184
 1.0000E-03 3.9733E-01 1.4322E-01 1.4321E-01 1.5427E-06  2.2014E-04 4.0254E-01 1.8386E-07   184
 1.0000E-03 3.9911E-01 1.4752E-01 1.4751E-01 1.6201E-06  2.1898E-04 4.0254E-01 1.9309E-07   184
 1.0000E-03 4.0090E-01 1.5208E-01 1.5208E-01 1.7042E-06  2.1763E-04 4.0254E-01 2.0311E-07   184
 1.0000E-03 4.0270E-01 1.5694E-01 1.5694E-01 1.7954E-06  2.1653E-04 4.0254E-01 2.1399E-07   184
 1.0000E-03 4.0452E-01 1.6208E-01 1.6208E-01 1.8944E-06  2.1523E-04 4.0254E-01 2.2579E-07   184
 1.0000E-03 4.0636E-01 1.6752E-01 1.6752E-01 2.0016E-06  2.1391E-04 4.0254E-01 2.3856E-07   184
 1.0000E-03 4.0822E-01 1.7325E-01 1.7324E-01 2.1173E-06  2.1312E-04 4.0254E-01 2.5235E-07   184
 1.0000E-03 4.1009E-01 1.7929E-01 1.7928E-01 2.2430E-06  2.1138E-04 4.0254E-01 2.6733E-07   184
 1.0000E-03 4.1198E-01 1.8559E-01 1.8559E-01 2.3781E-06  2.1010E-04 4.0254E-01 2.8344E-07   184
 1.0000E-03 4.1389E-01 1.9211E-01 1.9211E-01 2.5227E-06  2.0911E-04 4.0254E-01 3.0067E-07   184
 1.0000E-03 4.1581E-01 1.9879E-01 1.9879E-01 2.6762E-06  2.0791E-04 4.0254E-01 3.1896E-07   184
 1.0000E-03 4.1776E-01 2.0554E-01 2.0553E-01 2.8380E-06  2.0677E-04 4.0254E-01 3.3826E-07   184
 1.0000E-03 4.1972E-01 2.1224E-01 2.1224E-01 3.0073E-06  2.0559E-04 4.0254E-01 3.5843E-07   184
 1.0000E-03 4.2170E-01 2.1872E-01 2.1872E-01 3.1806E-06  2.0438E-04 4.0254E-01 3.7909E-07   184
 1.0000E-03 4.2370E-01 2.2478E-01 2.2478E-01 3.3555E-06  2.0333E-04 4.0254E-01 3.9994E-07   184
 1.0000E-03 4.2571E-01 2.3024E-01 2.3024E-01 3.5289E-06  2.0218E-04 4.0254E-01 4.2061E-07   184
 1.0000E-03 4.2775E-01 2.3484E-01 2.3484E-01 3.6965E-06  2.0136E-04 4.0254E-01 4.4058E-07   184
 1.0000E-03 4.2981E-01 2.3829E-01 2.3828E-01 3.8518E-06  2.0004E-04 4.0254E-01 4.5910E-07   184
 1.0000E-03 4.3188E-01 2.4034E-01 2.4034E-01 3.9900E-06  1.9889E-04 4.0253E-01 4.7556E-07   184
 1.0000E-03 4.3398E-01 2.4078E-01 2.4077E-01 4.1052E-06  1.9804E-04 4.0254E-01 4.8930E-07   184
 1.0000E-03 4.3610E-01 2.3937E-01 2.3937E-01 4.1920E-06  1.9719E-04 4.0254E-01 4.9964E-07   184
 1.0000E-03 4.3824E-01 2.3593E-01 2.3593E-01 4.2421E-06  1.9632E-04 4.0254E-01 5.0562E-07   184
 1.0000E-03 4.4039E-01 2.3050E-01 2.3049E-01 4.2540E-06  1.9545E-04 4.0253E-01 5.0703E-07   184
 1.0000E-03 4.4257E-01 2.2314E-01 2.2313E-01 4.2251E-06  1.9447E-04 4.0254E-01 5.0360E-07   184
 1.0000E-03 4.4478E-01 2.1403E-01 2.1403E-01 4.1555E-06  1.9360E-04 4.0253E-01 4.9531E-07   184
 1.0000E-03 4.4700E-01 2.0353E-01 2.0352E-01 4.0475E-06  1.9292E-04 4.0253E-01 4.8243E-07   184
 1.0000E-03 4.4925E-01 1.9205E-01 1.9205E-01 3.9078E-06  1.9202E-04 4.0254E-01 4.6578E-07   184
 1.0000E-03 4.5152E-01 1.8001E-01 1.8000E-01 3.7426E-06  1.9115E-04 4.0253E-01 4.4609E-07   184
 1.0000E-03 4.5381E-01 1.6779E-01 1.6778E-01 3.5590E-06  1.9049E-04 4.0253E-01 4.2421E-07   184
 1.0000E-03 4.5612E-01 1.5579E-01 1.5579E-01 3.3653E-06  1.8983E-04 4.0254E-01 4.0112E-07   184
 1.0000E-03 4.5846E-01 1.4429E-01 1.4428E-01 3.1688E-06  1.8888E-04 4.0253E-01 3.7769E-07   184
 1.0000E-03 4.6082E-01 1.3345E-01 1.3344E-01 2.9743E-06  1.8832E-04 4.0253E-01 3.5452E-07   184
 1.0000E-03 4.6321E-01 1.2339E-01 1.2338E-01 2.7858E-06  1.8783E-04 4.0253E-01 3.3205E-07   184
 1.0000E-03 4.6563E-01 1.1415E-01 1.1415E-01 2.6067E-06  1.8696E-04 4.0253E-01 3.1070E-07   184
 1.0000E-03 4.6806E-01 1.0573E-01 1.0572E-01 2.4383E-06  1.8625E-04 4.0254E-01 2.9062E-07   184
 1.0000E-03 4.7053E-01 9.8072E-02 9.8070E-02 2.2811E-06  1.8559E-04 4.0253E-01 2.7189E-07   184
 1.0000E-03 4.7302E-01 9.1139E-02 9.1137E-02 2.1353E-06  1.8515E-04 4.0253E-01 2.5451E-07   184
 1.0000E-03 4.7553E-01 8.4860E-02 8.4857E-02 2.0006E-06  1.8430E-04 4.0254E-01 2.3846E-07   184
 1.0000E-03 4.7807E-01 7.9169E-02 7.9167E-02 1.8765E-06  1.8382E-04 4.0254E-01 2.2367E-07   184
 1.0000E-03 4.8065E-01 7.4013E-02 7.4012E-02 1.7624E-06  1.8324E-04 4.0253E-01 2.1007E-07   184
 1.0000E-03 4.8324E-01 6.9335E-02 6.9333E-02 1.6576E-06  1.8264E-04 4.0253E-01 1.9758E-07   184
 1.0000E-03 4.8587E-01 6.5068E-02 6.5066E-02 1.5614E-06  1.8211E-04 4.0253E-01 1.8611E-07   184
 1.0000E-03 4.8852E-01 6.1158E-02 6.1157E-02 1.4733E-06  1.8149E-04 4.0253E-01 1.7560E-07   184
 1.0000E-03 4.9121E-01 5.7550E-02 5.7548E-02 1.3924E-06  1.8104E-04 4.0253E-01 1.6596E-07   184
 1.0000E-03 4.9392E-01 5.4175E-02 5.4174E-02 1.3179E-06  1.8039E-04 4.0254E-01 1.5709E-07   184
 1.0000E-03 4.9667E-01 5.0982E-02 5.0981E-02 1.2490E-06  1.8014E-04 4.0253E-01 1.4887E-07   184
 1.0000E-03 4.9944E-01 4.7920E-02 4.7919E-02 1.1847E-06  1.7955E-04 4.0253E-01 1.4121E-07   184
 1.0000E-03 5.0225E-01 4.4955E-02 4.4954E-02 1.1240E-06  1.7895E-04 4.0253E-01 1.3398E-07   184
 1.0000E-03 5.0508E-01 4.2078E-02 4.2077E-02 1.0662E-06  1.7834E-04 4.0253E-01 1.2709E-07   184
 1.0000E-03 5.0795E-01 3.9295E-02 3.9294E-02 1.0107E-06  1.7781E-04 4.0253E-01 1.2047E-07   184
 1.0000E-03 5.1086E-01 3.6626E-02 3.6626E-02 9.5704E-07  1.7706E-04 4.0253E-01 1.1407E-07   184
 1.0000E-03 5.1379E-01 3.4106E-02 3.4105E-02 9.0524E-07  1.7643E-04 4.0253E-01 1.0790E-07   184
 1.0000E-03 5.1676E-01 3.1762E-02 3.1761E-02 8.5536E-07  1.7584E-04 4.0254E-01 1.0196E-07   184
 1.0000E-03 5.1977E-01 2.9617E-02 2.9617E-02 8.0758E-07  1.7524E-04 4.0253E-01 9.6260E-08   184
 1.0000E-03 5.2281E-01 2.7686E-02 2.7685E-02 7.6216E-07  1.7468E-04 4.0253E-01 9.0847E-08   184
 1.0000E-03 5.2588E-01 2.5969E-02 2.5968E-02 7.1927E-07  1.7401E-04 4.0253E-01 8.5734E-08   184
 1.0000E-03 5.2899E-01 2.4458E-02 2.4458E-02 6.7905E-07  1.7342E-04 4.0253E-01 8.0940E-08   184
 1.0000E-03 5.3214E-01 2.3137E-02 2.3136E-02 6.4158E-07  1.7266E-04 4.0253E-01 7.6474E-08   184
 1.0000E-03 5.3533E-01 2.1979E-02 2.1978E-02 6.0680E-07  1.7187E-04 4.0253E-01 7.2329E-08   184
 1.0000E-03 5.3855E-01 2.0957E-02 2.0957E-02 5.7460E-07  1.7122E-04 4.0253E-01 6.8491E-08   184
 1.0000E-03 5.4182E-01 2.0043E-02 2.0042E-02 5.4478E-07  1.7061E-04 4.0253E-01 6.4936E-08   184
 1.0000E-03 5.4512E-01 1.9211E-02 1.9211E-02 5.1710E-07  1.6975E-04 4.0253E-01 6.1636E-08   184
 1.0000E-03 5.4847E-01 1.8446E-02 1.8446E-02 4.9127E-07  1.6915E-04 4.0253E-01 5.8558E-08   184
 1.0000E-03 5.5185E-01 1.7736E-02 1.7736E-02 4.6709E-07  1.6821E-04 4.0253E-01 5.5675E-08   184
 1.0000E-03 5.5528E-01 1.7078E-02 1.7078E-02 4.4434E-07  1.6767E-04 4.0253E-01 5.2964E-08   184
 1.0000E-03 5.5875E-01 1.6470E-02 1.6470E-02 4.2288E-07  1.6681E-04 4.0253E-01 5.0406E-08   184
 1.0000E-03 5.6226E-01 1.5916E-02 1.5916E-02 4.0259E-07  1.6618E-04 4.0253E-01 4.7988E-08   184
 1.0000E-03 5.6582E-01 1.5423E-02 1.5422E-02 3.8340E-07  1.6547E-04 4.0253E-01 4.5701E-08   184
 1.0000E-03 5.6943E-01 1.4995E-02 1.4995E-02 3.6529E-07  1.6467E-04 4.0253E-01 4.3542E-08   184
 1.0000E-03 5.7308E-01 1.4637E-02 1.4637E-02 3.4825E-07  1.6401E-04 4.0253E-01 4.1511E-08   184
 1.0000E-03 5.7677E-01 1.4344E-02 1.4344E-02 3.3229E-07  1.6332E-04 4.0253E-01 3.9608E-08   184
 1.0000E-03 5.8052E-01 1.4114E-02 1.4113E-02 3.1737E-07  1.6260E-04 4.0253E-01 3.7830E-08   184
 1.0000E-03 5.8431E-01 1.3942E-02 1.3942E-02 3.0347E-07  1.6210E-04 4.0253E-01 3.6173E-08   184
 1.0000E-03 5.8816E-01 1.3833E-02 1.3833E-02 2.9057E-07  1.6147E-04 4.0253E-01 3.4636E-08   184
 1.0000E-03 5.9205E-01 1.3785E-02 1.3784E-02 2.7874E-07  1.6078E-04 4.0253E-01 3.3225E-08   184
 1.0000E-03 5.9600E-01 1.3788E-02 1.3788E-02 2.6805E-07  1.6009E-04 4.0253E-01 3.1951E-08   184
 1.0000E-03 6.0000E-01 1.3811E-02 1.3811E-02 2.5857E-07  1.5980E-04 4.0253E-01 3.0821E-08   184
