 DDSCAT --- DDSCAT 7.3.3 [22.01.20]   
 TARGET --->TARGSPHER  spherical target with explicit spacing                 
 GPFAFT --- method of solution 
 FLTRCD --- prescription for polarizabilities
 FROM_FILE --- shape 
    4169 = NAT0 = number of dipoles
 ../../diel/Pena-Rioux_dielectric_26Au_74Ag                  
 ../../diel/Pena-Rioux_dielectric_76Au_24Ag                  
 ../../diel/Pena-Rioux_dielectric_92Au_8Ag                   
 ../../diel/Au_evap                                          
   0.000   0.000 = beta_min, beta_max ;  NBETA = 1
   0.000   0.000 = theta_min, theta_max; NTHETA= 1
   0.000   0.000 = phi_min, phi_max   ;   NPHI = 1
 Results averaged over    1 target orientations
                   and  2 incident polarizations
   aeff       wave       Q_pha       Q_pol       Q_cpol
 4.0000E-02 3.0000E-01 -1.4638E-02 -2.8610E-06  4.8429E-08
 4.0000E-02 3.0101E-01 -1.3410E-02  1.9073E-06 -4.6566E-08
 4.0000E-02 3.0203E-01 -1.2469E-02 -1.4305E-06  3.2596E-08
 4.0000E-02 3.0305E-01 -1.1687E-02 -3.8147E-06  6.9849E-08
 4.0000E-02 3.0408E-01 -1.1071E-02  4.2915E-06 -9.3132E-10
 4.0000E-02 3.0512E-01 -1.0626E-02 -4.0531E-06  4.1910E-08
 4.0000E-02 3.0616E-01 -1.0359E-02 -2.1458E-06  4.6566E-08
 4.0000E-02 3.0722E-01 -1.0277E-02 -6.4373E-06 -1.8626E-09
 4.0000E-02 3.0828E-01 -1.0319E-02  4.7684E-07  5.0291E-08
 4.0000E-02 3.0934E-01 -1.0435E-02 -3.0994E-06 -5.8673E-08
 4.0000E-02 3.1042E-01 -1.0685E-02  0.0000E+00  4.6566E-09
 4.0000E-02 3.1150E-01 -1.0932E-02 -7.3910E-06  3.2596E-08
 4.0000E-02 3.1259E-01 -1.1291E-02  1.1921E-06 -1.0990E-07
 4.0000E-02 3.1368E-01 -1.1809E-02 -9.2983E-06  4.4703E-08
 4.0000E-02 3.1479E-01 -1.2487E-02 -5.7220E-06 -4.9360E-08
 4.0000E-02 3.1590E-01 -1.3331E-02 -1.4305E-06  1.4901E-08
 4.0000E-02 3.1702E-01 -1.4345E-02 -5.9605E-06 -5.5879E-09
 4.0000E-02 3.1815E-01 -1.5153E-02 -4.0531E-06  6.2399E-08
 4.0000E-02 3.1929E-01 -1.6153E-02 -4.2915E-06 -2.0489E-08
 4.0000E-02 3.2043E-01 -1.7433E-02 -4.7684E-07  9.3132E-09
 4.0000E-02 3.2158E-01 -1.9278E-02  5.4836E-06  2.2352E-08
 4.0000E-02 3.2274E-01 -2.1394E-02 -1.6689E-06 -2.7940E-08
 4.0000E-02 3.2391E-01 -2.3791E-02 -5.0068E-06 -1.4901E-08
 4.0000E-02 3.2509E-01 -2.6476E-02 -6.9141E-06  4.0978E-08
 4.0000E-02 3.2628E-01 -2.9459E-02 -2.6226E-06  5.0291E-08
 4.0000E-02 3.2747E-01 -3.3267E-02  8.3447E-06 -7.0781E-08
 4.0000E-02 3.2868E-01 -3.7540E-02 -3.5763E-06  2.6077E-08
 4.0000E-02 3.2989E-01 -4.2268E-02  4.5300E-06  4.0978E-08
 4.0000E-02 3.3111E-01 -4.7466E-02  9.5367E-07  4.8429E-08
 4.0000E-02 3.3234E-01 -5.2984E-02 -2.3842E-07  4.8429E-08
 4.0000E-02 3.3358E-01 -5.8898E-02 -7.1526E-06 -3.7253E-08
 4.0000E-02 3.3483E-01 -6.5291E-02 -4.7684E-07 -2.3097E-07
 4.0000E-02 3.3609E-01 -7.2372E-02  4.5300E-06  1.4156E-07
 4.0000E-02 3.3736E-01 -8.0071E-02 -2.3842E-06 -6.7055E-08
 4.0000E-02 3.3864E-01 -8.8160E-02  2.3842E-07 -1.0431E-07
 4.0000E-02 3.3992E-01 -9.6652E-02  5.4836E-06 -4.4703E-08
 4.0000E-02 3.4122E-01 -1.0556E-01 -9.5367E-07 -5.9605E-08
 4.0000E-02 3.4253E-01 -1.1489E-01 -2.1458E-06  1.4901E-08
 4.0000E-02 3.4385E-01 -1.2465E-01  2.1458E-06 -2.9057E-07
 4.0000E-02 3.4517E-01 -1.3483E-01 -9.5367E-07  2.2352E-07
 4.0000E-02 3.4651E-01 -1.4520E-01 -4.7684E-06  1.4901E-08
 4.0000E-02 3.4786E-01 -1.5582E-01 -2.1458E-06  5.9605E-08
 4.0000E-02 3.4922E-01 -1.6671E-01 -1.2159E-05 -2.6822E-07
 4.0000E-02 3.5059E-01 -1.7785E-01  0.0000E+00 -1.3411E-07
 4.0000E-02 3.5197E-01 -1.8929E-01  7.8678E-06  1.4901E-07
 4.0000E-02 3.5336E-01 -2.0101E-01  3.3379E-06 -7.4506E-08
 4.0000E-02 3.5476E-01 -2.1289E-01 -2.3842E-07  2.0862E-07
 4.0000E-02 3.5618E-01 -2.2488E-01  2.3842E-06  7.4506E-08
 4.0000E-02 3.5760E-01 -2.3698E-01 -2.8610E-06 -3.1292E-07
 4.0000E-02 3.5904E-01 -2.4919E-01  5.2452E-06 -4.4703E-08
 4.0000E-02 3.6048E-01 -2.6152E-01 -3.8147E-06 -4.1723E-07
 4.0000E-02 3.6194E-01 -2.7397E-01 -4.7684E-06  3.5763E-07
 4.0000E-02 3.6341E-01 -2.8648E-01  4.2915E-06 -5.3644E-07
 4.0000E-02 3.6490E-01 -2.9892E-01  4.7684E-06 -1.1027E-06
 4.0000E-02 3.6639E-01 -3.1136E-01 -2.8610E-06  5.9605E-08
 4.0000E-02 3.6790E-01 -3.2382E-01  2.8610E-06 -8.9407E-08
 4.0000E-02 3.6942E-01 -3.3624E-01  0.0000E+00 -4.1723E-07
 4.0000E-02 3.7095E-01 -3.4867E-01  3.0994E-06  7.7486E-07
 4.0000E-02 3.7250E-01 -3.6104E-01  1.1921E-06  4.1723E-07
 4.0000E-02 3.7406E-01 -3.7330E-01 -2.8610E-06  3.2783E-07
 4.0000E-02 3.7563E-01 -3.8552E-01  4.0531E-06  2.0862E-07
 4.0000E-02 3.7722E-01 -3.9768E-01 -2.3842E-06 -2.9802E-07
 4.0000E-02 3.7881E-01 -4.0976E-01  6.4373E-06 -5.3644E-07
 4.0000E-02 3.8043E-01 -4.2177E-01  1.1921E-06  1.4901E-07
 4.0000E-02 3.8205E-01 -4.3363E-01 -6.1989E-06 -9.2387E-07
 4.0000E-02 3.8369E-01 -4.4538E-01 -2.3842E-07 -6.2585E-07
 4.0000E-02 3.8534E-01 -4.5707E-01 -3.3379E-06 -3.8743E-07
 4.0000E-02 3.8701E-01 -4.6868E-01 -5.9605E-06 -4.7684E-07
 4.0000E-02 3.8870E-01 -4.8019E-01  3.0994E-05 -6.4373E-06
 4.0000E-02 3.9039E-01 -4.9158E-01  8.3447E-06 -1.1325E-06
 4.0000E-02 3.9211E-01 -5.0285E-01 -4.7684E-06 -3.1590E-06
 4.0000E-02 3.9383E-01 -5.1404E-01  3.8147E-06  9.5963E-06
 4.0000E-02 3.9558E-01 -5.2514E-01 -8.8215E-06 -2.0266E-06
 4.0000E-02 3.9733E-01 -5.3609E-01  2.3127E-05  7.8082E-06
 4.0000E-02 3.9911E-01 -5.4691E-01 -3.1233E-05 -1.3113E-06
 4.0000E-02 4.0090E-01 -5.5753E-01  9.0599E-06 -8.5831E-06
 4.0000E-02 4.0270E-01 -5.6800E-01  6.1989E-06 -2.3842E-07
 4.0000E-02 4.0452E-01 -5.7827E-01 -4.2915E-06 -4.1723E-07
 4.0000E-02 4.0636E-01 -5.8823E-01  4.2915E-06  2.5630E-06
 4.0000E-02 4.0822E-01 -5.9782E-01  9.7752E-06 -4.7684E-07
 4.0000E-02 4.1009E-01 -6.0698E-01  1.4305E-06  1.4901E-06
 4.0000E-02 4.1198E-01 -6.1570E-01 -8.8215E-06  5.9605E-07
 4.0000E-02 4.1389E-01 -6.2378E-01 -1.2875E-05  1.3173E-05
 4.0000E-02 4.1581E-01 -6.3105E-01  6.6757E-06 -1.3113E-06
 4.0000E-02 4.1776E-01 -6.3737E-01 -3.0994E-06  2.9206E-06
 4.0000E-02 4.1972E-01 -6.4269E-01 -2.3842E-06  7.7486E-07
 4.0000E-02 4.2170E-01 -6.4679E-01  2.7180E-05 -1.6689E-06
 4.0000E-02 4.2370E-01 -6.4950E-01  1.0490E-05 -1.5795E-05
 4.0000E-02 4.2571E-01 -6.5073E-01 -1.2875E-05  8.1062E-06
 4.0000E-02 4.2775E-01 -6.5048E-01 -1.9550E-05  8.3447E-07
 4.0000E-02 4.2981E-01 -6.4880E-01 -4.7684E-06  4.4703E-06
 4.0000E-02 4.3188E-01 -6.4564E-01  8.3447E-06 -3.9339E-06
 4.0000E-02 4.3398E-01 -6.4103E-01 -3.3379E-06 -6.6757E-06
 4.0000E-02 4.3610E-01 -6.3498E-01 -8.5831E-06 -4.6492E-06
 4.0000E-02 4.3824E-01 -6.2752E-01  1.9073E-06 -8.9407E-06
 4.0000E-02 4.4039E-01 -6.1848E-01 -4.2915E-06 -4.1723E-07
 4.0000E-02 4.4257E-01 -6.0779E-01  0.0000E+00  1.8477E-06
 4.0000E-02 4.4478E-01 -5.9537E-01 -8.5831E-06  1.1921E-07
 4.0000E-02 4.4700E-01 -5.8114E-01 -8.1062E-06  0.0000E+00
 4.0000E-02 4.4925E-01 -5.6482E-01  4.7684E-06  1.9670E-06
 4.0000E-02 4.5152E-01 -5.4626E-01  3.3379E-06  8.3447E-07
 4.0000E-02 4.5381E-01 -5.2524E-01  4.2915E-06 -2.0266E-06
 4.0000E-02 4.5612E-01 -5.0139E-01  1.9073E-06 -9.5367E-07
 4.0000E-02 4.5846E-01 -4.7420E-01 -1.9073E-06 -5.3644E-07
 4.0000E-02 4.6082E-01 -4.4322E-01  4.2915E-06 -8.6427E-07
 4.0000E-02 4.6321E-01 -4.0784E-01 -2.3842E-06  8.9407E-07
 4.0000E-02 4.6563E-01 -3.6708E-01 -1.4305E-06 -1.2815E-06
 4.0000E-02 4.6806E-01 -3.2017E-01  1.1921E-05  5.3644E-07
 4.0000E-02 4.7053E-01 -2.6623E-01  2.8610E-06  3.2783E-06
 4.0000E-02 4.7302E-01 -2.0432E-01  3.3379E-06 -2.0415E-06
 4.0000E-02 4.7553E-01 -1.3373E-01 -1.5736E-05  4.6194E-06
 4.0000E-02 4.7807E-01 -5.4092E-02  1.4305E-05  2.3767E-06
 4.0000E-02 4.8065E-01  3.4916E-02  1.7643E-05  3.2075E-06
 4.0000E-02 4.8324E-01  1.3325E-01  2.3842E-06 -1.4454E-06
 4.0000E-02 4.8587E-01  2.4007E-01  1.4782E-05 -5.3644E-07
 4.0000E-02 4.8852E-01  3.5443E-01 -6.1989E-06 -1.7524E-05
 4.0000E-02 4.9121E-01  4.7490E-01  1.2398E-05 -1.1921E-05
 4.0000E-02 4.9392E-01  5.9934E-01 -4.4346E-05  5.7220E-06
 4.0000E-02 4.9667E-01  7.2488E-01 -3.4809E-05 -1.1921E-06
 4.0000E-02 4.9944E-01  8.4852E-01 -1.2875E-05  6.4969E-06
 4.0000E-02 5.0225E-01  9.7046E-01 -1.4305E-06 -6.5565E-07
 4.0000E-02 5.0508E-01  1.0893E+00 -2.8610E-06  6.7949E-06
 4.0000E-02 5.0795E-01  1.2042E+00  1.4305E-06  7.3910E-06
 4.0000E-02 5.1086E-01  1.3144E+00  1.1921E-05  1.2875E-05
 4.0000E-02 5.1379E-01  1.4197E+00  4.4823E-05 -2.3842E-06
 4.0000E-02 5.1676E-01  1.5204E+00  1.9073E-05 -2.0862E-05
 4.0000E-02 5.1977E-01  1.6171E+00 -1.3351E-05 -2.1458E-06
 4.0000E-02 5.2281E-01  1.7142E+00  6.1989E-06  4.6492E-06
 4.0000E-02 5.2588E-01  1.8090E+00  0.0000E+00  3.0994E-06
 4.0000E-02 5.2899E-01  1.8985E+00  1.2875E-05  8.3447E-06
 4.0000E-02 5.3214E-01  1.9815E+00  1.6212E-05 -1.4305E-06
 4.0000E-02 5.3533E-01  2.0567E+00  9.5367E-07  1.6689E-06
 4.0000E-02 5.3855E-01  2.1224E+00  8.5831E-06  1.9073E-06
 4.0000E-02 5.4182E-01  2.1772E+00  7.6294E-06  7.1526E-06
 4.0000E-02 5.4512E-01  2.2201E+00  2.9087E-05 -3.8147E-06
 4.0000E-02 5.4847E-01  2.2511E+00  1.4782E-05  1.6689E-06
 4.0000E-02 5.5185E-01  2.2707E+00  1.7643E-05 -1.6928E-05
 4.0000E-02 5.5528E-01  2.2811E+00  8.1062E-06 -4.2915E-06
 4.0000E-02 5.5875E-01  2.2838E+00  1.4544E-05 -2.0504E-05
 4.0000E-02 5.6226E-01  2.2803E+00 -4.2915E-06 -4.7684E-06
 4.0000E-02 5.6582E-01  2.2716E+00  2.0266E-05 -9.5367E-07
 4.0000E-02 5.6943E-01  2.2588E+00  3.8147E-05  9.5367E-06
 4.0000E-02 5.7308E-01  2.2422E+00 -1.0490E-05 -1.6689E-06
 4.0000E-02 5.7677E-01  2.2222E+00  2.3603E-05 -9.7752E-06
 4.0000E-02 5.8052E-01  2.1985E+00 -2.6226E-06 -3.0994E-06
 4.0000E-02 5.8431E-01  2.1707E+00 -4.2915E-06  1.9073E-06
 4.0000E-02 5.8816E-01  2.1393E+00  3.8147E-06  1.6212E-05
 4.0000E-02 5.9205E-01  2.1052E+00 -1.8358E-05 -9.7752E-06
 4.0000E-02 5.9600E-01  2.0696E+00 -4.6015E-05 -2.6226E-05
 4.0000E-02 6.0000E-01  2.0338E+00  3.7432E-05 -8.3447E-06
