 DDSCAT --- DDSCAT 7.3.3 [22.01.20]   
 TARGET --->TARGSPHER  spherical target with explicit spacing                 
 GPFAFT --- method of solution 
 GKDLDR --- prescription for polarizabilities
 FROM_FILE --- shape 
    4169 = NAT0 = number of dipoles
 ../../diel/Pena-Rioux_dielectric_26Au_74Ag                  
 ../../diel/Pena-Rioux_dielectric_34Au_66Ag                  
 ../../diel/Pena-Rioux_dielectric_76Au_24Ag                  
 ../../diel/Pena-Rioux_dielectric_85Au_15Ag                  
   0.000   0.000 = beta_min, beta_max ;  NBETA = 1
   0.000   0.000 = theta_min, theta_max; NTHETA= 1
   0.000   0.000 = phi_min, phi_max   ;   NPHI = 1
 Results averaged over    1 target orientations
                   and  2 incident polarizations
   aeff       wave       Q_pha       Q_pol       Q_cpol
 4.0000E-02 3.0000E-01 -5.5609E-02  4.5300E-06  3.7253E-08
 4.0000E-02 3.0101E-01 -5.4669E-02  4.7684E-07  3.3528E-08
 4.0000E-02 3.0203E-01 -5.3937E-02 -4.7684E-06 -2.2352E-08
 4.0000E-02 3.0305E-01 -5.3420E-02  2.8610E-06 -4.8429E-08
 4.0000E-02 3.0408E-01 -5.3124E-02 -6.6757E-06  3.3528E-08
 4.0000E-02 3.0512E-01 -5.3057E-02  2.3842E-07 -4.8429E-08
 4.0000E-02 3.0616E-01 -5.3225E-02  1.9073E-06 -4.8429E-08
 4.0000E-02 3.0722E-01 -5.3636E-02  2.8610E-06  0.0000E+00
 4.0000E-02 3.0828E-01 -5.4283E-02  1.4305E-06  2.6077E-08
 4.0000E-02 3.0934E-01 -5.5104E-02  3.8147E-06 -7.4506E-08
 4.0000E-02 3.1042E-01 -5.6140E-02  2.1458E-06  3.3528E-08
 4.0000E-02 3.1150E-01 -5.7397E-02 -3.0994E-06 -4.0978E-08
 4.0000E-02 3.1259E-01 -5.8883E-02  2.3842E-06 -5.5879E-08
 4.0000E-02 3.1368E-01 -6.0604E-02 -4.5300E-06 -2.9802E-08
 4.0000E-02 3.1479E-01 -6.2566E-02 -1.1921E-06  8.1956E-08
 4.0000E-02 3.1590E-01 -6.4779E-02  2.3842E-07 -8.9407E-08
 4.0000E-02 3.1702E-01 -6.7251E-02 -2.6226E-06  1.5646E-07
 4.0000E-02 3.1815E-01 -6.9677E-02  2.3842E-07 -1.4901E-08
 4.0000E-02 3.1929E-01 -7.2375E-02 -1.4305E-06 -1.4901E-08
 4.0000E-02 3.2043E-01 -7.5412E-02  5.0068E-06  6.7055E-08
 4.0000E-02 3.2158E-01 -7.8800E-02  1.6689E-06 -1.4901E-07
 4.0000E-02 3.2274E-01 -8.2549E-02 -1.4305E-06  5.2154E-08
 4.0000E-02 3.2391E-01 -8.6672E-02 -1.4305E-06  8.9407E-08
 4.0000E-02 3.2509E-01 -9.1182E-02  3.5763E-06  0.0000E+00
 4.0000E-02 3.2628E-01 -9.6089E-02 -3.3379E-06  1.2666E-07
 4.0000E-02 3.2747E-01 -1.0193E-01  1.6689E-06 -1.5646E-07
 4.0000E-02 3.2868E-01 -1.0828E-01 -1.6689E-06 -5.2154E-08
 4.0000E-02 3.2989E-01 -1.1512E-01  1.9073E-06  1.4901E-08
 4.0000E-02 3.3111E-01 -1.2248E-01  1.6689E-06 -8.1956E-08
 4.0000E-02 3.3234E-01 -1.3036E-01  1.6689E-06  1.1921E-07
 4.0000E-02 3.3358E-01 -1.3879E-01 -1.1921E-06  1.1921E-07
 4.0000E-02 3.3483E-01 -1.4777E-01  9.5367E-07  2.8312E-07
 4.0000E-02 3.3609E-01 -1.5746E-01  3.0994E-06  2.2352E-07
 4.0000E-02 3.3736E-01 -1.6772E-01  9.5367E-07  2.9802E-07
 4.0000E-02 3.3864E-01 -1.7839E-01 -2.8610E-06 -5.3644E-07
 4.0000E-02 3.3992E-01 -1.8948E-01  7.1526E-07  2.9802E-07
 4.0000E-02 3.4122E-01 -2.0100E-01  5.0068E-06  0.0000E+00
 4.0000E-02 3.4253E-01 -2.1296E-01 -2.1458E-06  4.6194E-07
 4.0000E-02 3.4385E-01 -2.2538E-01 -1.9073E-06  7.4506E-08
 4.0000E-02 3.4517E-01 -2.3810E-01  4.7684E-07 -1.4901E-08
 4.0000E-02 3.4651E-01 -2.5091E-01  1.9073E-06 -8.9407E-08
 4.0000E-02 3.4786E-01 -2.6397E-01  4.5300E-06  6.5565E-07
 4.0000E-02 3.4922E-01 -2.7730E-01  3.3379E-06  1.7881E-07
 4.0000E-02 3.5059E-01 -2.9091E-01  1.1921E-06 -3.8743E-07
 4.0000E-02 3.5197E-01 -3.0480E-01 -4.7684E-07 -5.0664E-07
 4.0000E-02 3.5336E-01 -3.1899E-01  4.0531E-06 -6.5565E-07
 4.0000E-02 3.5476E-01 -3.3334E-01 -3.3379E-06 -4.7684E-07
 4.0000E-02 3.5618E-01 -3.4788E-01 -9.5367E-07 -8.0466E-07
 4.0000E-02 3.5760E-01 -3.6266E-01  2.3842E-06 -2.3842E-07
 4.0000E-02 3.5904E-01 -3.7770E-01  4.2915E-06 -6.5565E-07
 4.0000E-02 3.6048E-01 -3.9301E-01  1.1921E-06 -2.9802E-07
 4.0000E-02 3.6194E-01 -4.0861E-01  2.3842E-06 -2.0862E-07
 4.0000E-02 3.6341E-01 -4.2450E-01  9.5367E-07  2.3842E-07
 4.0000E-02 3.6490E-01 -4.4073E-01 -5.2452E-06 -2.9802E-08
 4.0000E-02 3.6639E-01 -4.5725E-01  0.0000E+00 -1.1921E-07
 4.0000E-02 3.6790E-01 -4.7406E-01  1.4305E-06  7.7486E-07
 4.0000E-02 3.6942E-01 -4.9119E-01 -2.8610E-06  4.7684E-07
 4.0000E-02 3.7095E-01 -5.0864E-01  0.0000E+00 -3.5763E-07
 4.0000E-02 3.7250E-01 -5.2646E-01  8.1062E-06  0.0000E+00
 4.0000E-02 3.7406E-01 -5.4460E-01 -2.6226E-06  8.3447E-07
 4.0000E-02 3.7563E-01 -5.6299E-01  1.1921E-06  1.7881E-07
 4.0000E-02 3.7722E-01 -5.8167E-01 -5.9605E-06 -3.5763E-07
 4.0000E-02 3.7881E-01 -6.0067E-01 -7.1526E-07 -1.1921E-06
 4.0000E-02 3.8043E-01 -6.1992E-01 -3.0994E-06 -1.4901E-06
 4.0000E-02 3.8205E-01 -6.3941E-01  4.0531E-06 -5.9605E-08
 4.0000E-02 3.8369E-01 -6.5903E-01  9.5367E-07 -5.9605E-07
 4.0000E-02 3.8534E-01 -6.7882E-01 -1.4305E-06  5.9605E-08
 4.0000E-02 3.8701E-01 -6.9874E-01 -7.1526E-07 -1.7881E-07
 4.0000E-02 3.8870E-01 -7.1879E-01  1.1921E-06  2.3842E-07
 4.0000E-02 3.9039E-01 -7.3895E-01  4.5300E-06  7.1526E-07
 4.0000E-02 3.9211E-01 -7.5900E-01  2.6226E-06 -1.0133E-06
 4.0000E-02 3.9383E-01 -7.7901E-01  3.8147E-06  4.1723E-07
 4.0000E-02 3.9558E-01 -7.9893E-01  1.6451E-05 -5.0068E-06
 4.0000E-02 3.9733E-01 -8.1868E-01  1.2398E-05 -1.4901E-06
 4.0000E-02 3.9911E-01 -8.3816E-01  3.5763E-06 -2.2054E-06
 4.0000E-02 4.0090E-01 -8.5724E-01  1.1921E-06  1.0729E-06
 4.0000E-02 4.0270E-01 -8.7589E-01  2.1458E-06  1.4305E-06
 4.0000E-02 4.0452E-01 -8.9399E-01 -3.5763E-06  2.3246E-06
 4.0000E-02 4.0636E-01 -9.1138E-01 -5.7220E-06  3.1590E-06
 4.0000E-02 4.0822E-01 -9.2790E-01  4.7684E-06 -1.6689E-06
 4.0000E-02 4.1009E-01 -9.4341E-01  2.3842E-07 -1.4901E-06
 4.0000E-02 4.1198E-01 -9.5777E-01 -8.3447E-06 -3.3379E-06
 4.0000E-02 4.1389E-01 -9.7077E-01 -4.2915E-06  3.0398E-06
 4.0000E-02 4.1581E-01 -9.8218E-01 -4.7684E-07  2.6226E-06
 4.0000E-02 4.1776E-01 -9.9175E-01  4.7684E-07 -2.9802E-06
 4.0000E-02 4.1972E-01 -9.9935E-01 -6.9141E-06  3.8147E-06
 4.0000E-02 4.2170E-01 -1.0047E+00 -6.1989E-06 -1.9073E-06
 4.0000E-02 4.2370E-01 -1.0077E+00  5.7220E-06  2.2650E-06
 4.0000E-02 4.2571E-01 -1.0079E+00  1.4305E-06  1.1921E-07
 4.0000E-02 4.2775E-01 -1.0053E+00 -2.3842E-06  1.3113E-06
 4.0000E-02 4.2981E-01 -9.9958E-01 -2.3842E-06  1.8477E-06
 4.0000E-02 4.3188E-01 -9.9062E-01  7.6294E-06  2.4438E-06
 4.0000E-02 4.3398E-01 -9.7811E-01 -1.4305E-06  8.3447E-07
 4.0000E-02 4.3610E-01 -9.6174E-01 -9.5367E-07  4.8876E-06
 4.0000E-02 4.3824E-01 -9.4118E-01  1.9073E-06 -1.2517E-06
 4.0000E-02 4.4039E-01 -9.1610E-01  4.7684E-07  5.9605E-08
 4.0000E-02 4.4257E-01 -8.8602E-01  2.3842E-06 -2.1458E-06
 4.0000E-02 4.4478E-01 -8.5038E-01  1.7643E-05 -1.4305E-06
 4.0000E-02 4.4700E-01 -8.0878E-01 -6.1989E-06 -1.7881E-06
 4.0000E-02 4.4925E-01 -7.6086E-01  1.0490E-05  6.5565E-07
 4.0000E-02 4.5152E-01 -7.0622E-01 -4.2915E-06  3.5763E-07
 4.0000E-02 4.5381E-01 -6.4460E-01  9.5367E-06 -1.2517E-06
 4.0000E-02 4.5612E-01 -5.7609E-01  8.1062E-06  2.2054E-06
 4.0000E-02 4.5846E-01 -5.0089E-01  3.3379E-06  4.5896E-06
 4.0000E-02 4.6082E-01 -4.1930E-01 -6.6757E-06 -1.8477E-06
 4.0000E-02 4.6321E-01 -3.3184E-01 -1.4782E-05  2.4140E-06
 4.0000E-02 4.6563E-01 -2.3927E-01 -1.4305E-06 -1.6093E-06
 4.0000E-02 4.6806E-01 -1.4223E-01 -7.1526E-06  8.1956E-07
 4.0000E-02 4.7053E-01 -4.1301E-02  1.1921E-05  4.3586E-07
 4.0000E-02 4.7302E-01  6.3133E-02 -4.2915E-06  9.0152E-07
 4.0000E-02 4.7553E-01  1.7102E-01  7.6294E-06  1.2666E-06
 4.0000E-02 4.7807E-01  2.8248E-01  1.2875E-05 -1.8179E-06
 4.0000E-02 4.8065E-01  3.9753E-01  1.8597E-05 -1.6093E-06
 4.0000E-02 4.8324E-01  5.1597E-01  6.6757E-06 -5.3048E-06
 4.0000E-02 4.8587E-01  6.3724E-01  4.7684E-06 -2.8610E-06
 4.0000E-02 4.8852E-01  7.6017E-01 -5.7220E-06  1.5497E-06
 4.0000E-02 4.9121E-01  8.8334E-01 -2.3842E-06 -5.9009E-06
 4.0000E-02 4.9392E-01  1.0054E+00 -2.3842E-06 -1.2636E-05
 4.0000E-02 4.9667E-01  1.1250E+00  0.0000E+00  0.0000E+00
 4.0000E-02 4.9944E-01  1.2412E+00  3.5763E-05 -1.5259E-05
 4.0000E-02 5.0225E-01  1.3533E+00 -5.7697E-05 -5.9605E-06
 4.0000E-02 5.0508E-01  1.4605E+00 -9.0599E-06 -2.3842E-06
 4.0000E-02 5.0795E-01  1.5621E+00  1.8120E-05 -1.0967E-05
 4.0000E-02 5.1086E-01  1.6572E+00  1.9550E-05  2.0862E-05
 4.0000E-02 5.1379E-01  1.7454E+00 -6.6757E-06 -5.8413E-06
 4.0000E-02 5.1676E-01  1.8265E+00 -1.9073E-06 -8.7023E-06
 4.0000E-02 5.1977E-01  1.9011E+00  1.8120E-05  3.6955E-06
 4.0000E-02 5.2281E-01  1.9704E+00 -1.4305E-05 -7.9870E-06
 4.0000E-02 5.2588E-01  2.0361E+00  2.7180E-05 -1.6689E-06
 4.0000E-02 5.2899E-01  2.0991E+00 -1.3828E-05 -8.3447E-06
 4.0000E-02 5.3214E-01  2.1598E+00  1.6689E-05 -9.5367E-07
 4.0000E-02 5.3533E-01  2.2177E+00 -1.2875E-05  9.5367E-06
 4.0000E-02 5.3855E-01  2.2714E+00  9.0599E-06 -1.6689E-06
 4.0000E-02 5.4182E-01  2.3189E+00 -9.0599E-06 -4.7684E-06
 4.0000E-02 5.4512E-01  2.3587E+00  2.2411E-05  1.1921E-05
 4.0000E-02 5.4847E-01  2.3895E+00 -1.8120E-05  1.5259E-05
 4.0000E-02 5.5185E-01  2.4110E+00 -8.5831E-05 -4.0531E-06
 4.0000E-02 5.5528E-01  2.4231E+00  4.2200E-05 -7.8678E-06
 4.0000E-02 5.5875E-01  2.4265E+00  2.1458E-05 -2.6703E-05
 4.0000E-02 5.6226E-01  2.4218E+00 -8.2016E-05 -1.4305E-05
 4.0000E-02 5.6582E-01  2.4100E+00  4.8876E-05 -2.1935E-05
 4.0000E-02 5.6943E-01  2.3926E+00 -2.5511E-05 -4.1246E-05
 4.0000E-02 5.7308E-01  2.3710E+00  2.6464E-05 -3.1233E-05
 4.0000E-02 5.7677E-01  2.3464E+00 -7.8678E-06 -8.5831E-06
 4.0000E-02 5.8052E-01  2.3196E+00 -1.6689E-05 -9.5367E-06
 4.0000E-02 5.8431E-01  2.2907E+00 -4.1723E-05 -7.8678E-06
 4.0000E-02 5.8816E-01  2.2599E+00 -8.2493E-05 -9.7752E-06
 4.0000E-02 5.9205E-01  2.2273E+00  8.5831E-06  1.6451E-05
 4.0000E-02 5.9600E-01  2.1935E+00  2.8610E-06 -5.4836E-06
 4.0000E-02 6.0000E-01  2.1592E+00 -1.8120E-05  1.4305E-05
