 DDSCAT --- DDSCAT 7.3.3 [22.01.20]   
 TARGET --->TARGSPHER  spherical target with explicit spacing                 
 GPFAFT --- method of solution 
 FLTRCD --- prescription for polarizabilities
 FROM_FILE --- shape 
    4169 = NAT0 = number of dipoles
 ../../diel/Pena-Rioux_dielectric_26Au_74Ag                  
 ../../diel/Pena-Rioux_dielectric_52Au_48Ag                  
 ../../diel/Pena-Rioux_dielectric_76Au_24Ag                  
   0.000   0.000 = beta_min, beta_max ;  NBETA = 1
   0.000   0.000 = theta_min, theta_max; NTHETA= 1
   0.000   0.000 = phi_min, phi_max   ;   NPHI = 1
 Results averaged over    1 target orientations
                   and  2 incident polarizations
   aeff       wave       Q_pha       Q_pol       Q_cpol
 1.0000E-03 3.0000E-01  2.0308E-02  5.9605E-08 -3.1665E-08
 1.0000E-03 3.0101E-01  2.0107E-02 -1.7136E-07  7.0781E-08
 1.0000E-03 3.0203E-01  1.9902E-02 -9.6858E-08 -3.7253E-08
 1.0000E-03 3.0305E-01  1.9692E-02  7.4506E-08 -1.8626E-08
 1.0000E-03 3.0408E-01  1.9477E-02 -6.7055E-08  6.3330E-08
 1.0000E-03 3.0512E-01  1.9257E-02  2.9802E-08 -1.4901E-08
 1.0000E-03 3.0616E-01  1.9032E-02 -1.7881E-07 -1.4901E-08
 1.0000E-03 3.0722E-01  1.8801E-02  3.7253E-08  2.4214E-08
 1.0000E-03 3.0828E-01  1.8570E-02  1.7136E-07  2.2352E-08
 1.0000E-03 3.0934E-01  1.8350E-02 -2.2352E-08  7.4506E-09
 1.0000E-03 3.1042E-01  1.8126E-02  3.1292E-07  2.4214E-08
 1.0000E-03 3.1150E-01  1.7898E-02 -9.6858E-08  2.2352E-08
 1.0000E-03 3.1259E-01  1.7664E-02  2.9802E-08  0.0000E+00
 1.0000E-03 3.1368E-01  1.7424E-02  4.4703E-08 -1.8626E-09
 1.0000E-03 3.1479E-01  1.7180E-02  1.1176E-07 -2.4214E-08
 1.0000E-03 3.1590E-01  1.6930E-02  8.9407E-08 -4.0978E-08
 1.0000E-03 3.1702E-01  1.6675E-02 -8.1956E-08 -1.4901E-08
 1.0000E-03 3.1815E-01  1.6415E-02 -8.1956E-08 -4.8429E-08
 1.0000E-03 3.1929E-01  1.6145E-02  3.7253E-08 -9.3132E-09
 1.0000E-03 3.2043E-01  1.5864E-02 -1.5646E-07 -7.4506E-09
 1.0000E-03 3.2158E-01  1.5571E-02 -1.1921E-07  2.7940E-08
 1.0000E-03 3.2274E-01  1.5267E-02 -1.1176E-07  2.7940E-09
 1.0000E-03 3.2391E-01  1.4950E-02 -8.9407E-08 -8.3819E-09
 1.0000E-03 3.2509E-01  1.4620E-02 -7.4506E-08  1.5832E-08
 1.0000E-03 3.2628E-01  1.4277E-02 -1.1921E-07  3.7253E-09
 1.0000E-03 3.2747E-01  1.3883E-02 -8.9407E-08 -9.3132E-09
 1.0000E-03 3.2868E-01  1.3476E-02 -2.2352E-08 -1.2107E-08
 1.0000E-03 3.2989E-01  1.3056E-02  1.4156E-07  7.4506E-09
 1.0000E-03 3.3111E-01  1.2624E-02 -7.4506E-08  9.3132E-09
 1.0000E-03 3.3234E-01  1.2177E-02 -1.1176E-07  1.8626E-09
 1.0000E-03 3.3358E-01  1.1715E-02  0.0000E+00 -4.6566E-09
 1.0000E-03 3.3483E-01  1.1237E-02  0.0000E+00 -4.6566E-09
 1.0000E-03 3.3609E-01  1.0744E-02  3.7253E-08  2.7008E-08
 1.0000E-03 3.3736E-01  1.0246E-02 -8.9407E-08 -2.7940E-09
 1.0000E-03 3.3864E-01  9.7420E-03  7.4506E-08 -5.5879E-09
 1.0000E-03 3.3992E-01  9.2325E-03 -1.7136E-07 -1.6764E-08
 1.0000E-03 3.4122E-01  8.7160E-03 -6.7055E-08 -2.7940E-09
 1.0000E-03 3.4253E-01  8.1918E-03  8.1956E-08  7.4506E-09
 1.0000E-03 3.4385E-01  7.6585E-03  8.1956E-08  1.3039E-08
 1.0000E-03 3.4517E-01  7.1239E-03  1.2666E-07 -8.3819E-09
 1.0000E-03 3.4651E-01  6.5992E-03  5.9605E-08  5.1223E-09
 1.0000E-03 3.4786E-01  6.0759E-03 -1.7881E-07  9.3132E-10
 1.0000E-03 3.4922E-01  5.5536E-03 -5.9605E-08  4.6566E-10
 1.0000E-03 3.5059E-01  5.0322E-03 -2.9802E-08 -1.2107E-08
 1.0000E-03 3.5197E-01  4.5113E-03 -5.2154E-08 -6.9849E-09
 1.0000E-03 3.5336E-01  3.9907E-03 -2.2352E-08  1.3504E-08
 1.0000E-03 3.5476E-01  3.4799E-03  1.1921E-07 -4.6566E-10
 1.0000E-03 3.5618E-01  2.9782E-03  5.2154E-08  4.6566E-10
 1.0000E-03 3.5760E-01  2.4831E-03 -5.9605E-08  1.6298E-09
 1.0000E-03 3.5904E-01  1.9950E-03 -7.4506E-09  3.2596E-09
 1.0000E-03 3.6048E-01  1.5147E-03  8.9407E-08 -8.1491E-10
 1.0000E-03 3.6194E-01  1.0430E-03  2.2352E-08 -1.8626E-09
 1.0000E-03 3.6341E-01  5.8378E-04 -2.9802E-08 -4.0745E-10
 1.0000E-03 3.6490E-01  1.4082E-04 -5.2154E-08  2.9104E-09
 1.0000E-03 3.6639E-01 -2.9061E-04  0.0000E+00 -1.1350E-09
 1.0000E-03 3.6790E-01 -7.0754E-04  4.4703E-08 -2.3283E-09
 1.0000E-03 3.6942E-01 -1.1087E-03  0.0000E+00  1.6298E-09
 1.0000E-03 3.7095E-01 -1.4917E-03 -1.4901E-07  1.2806E-09
 1.0000E-03 3.7250E-01 -1.8529E-03  2.2352E-08  9.3132E-10
 1.0000E-03 3.7406E-01 -2.1913E-03 -2.9802E-08 -4.6566E-10
 1.0000E-03 3.7563E-01 -2.5082E-03 -7.4506E-08  4.4238E-09
 1.0000E-03 3.7722E-01 -2.8008E-03  1.9372E-07  8.3819E-09
 1.0000E-03 3.7881E-01 -3.0651E-03  6.7055E-08  1.6298E-08
 1.0000E-03 3.8043E-01 -3.2965E-03  1.4901E-08  8.3819E-09
 1.0000E-03 3.8205E-01 -3.4906E-03  2.3097E-07  2.9569E-08
 1.0000E-03 3.8369E-01 -3.6498E-03  4.0233E-07 -5.5647E-08
 1.0000E-03 3.8534E-01 -3.7711E-03  4.0978E-07  1.2666E-07
 1.0000E-03 3.8701E-01 -3.8466E-03 -5.9605E-08  1.1805E-07
 1.0000E-03 3.8870E-01 -3.8693E-03 -1.7136E-07  6.5193E-09
 1.0000E-03 3.9039E-01 -3.8318E-03  4.1723E-07  3.2829E-08
 1.0000E-03 3.9211E-01 -3.7345E-03  0.0000E+00 -4.4238E-09
 1.0000E-03 3.9383E-01 -3.5700E-03  4.6194E-07  4.6100E-08
 1.0000E-03 3.9558E-01 -3.3266E-03  0.0000E+00 -4.0745E-08
 1.0000E-03 3.9733E-01 -2.9938E-03 -3.4273E-07 -1.6764E-08
 1.0000E-03 3.9911E-01 -2.5572E-03 -4.3213E-07  4.4680E-07
 1.0000E-03 4.0090E-01 -2.0113E-03  4.4703E-07  1.3900E-07
 1.0000E-03 4.0270E-01 -1.3429E-03  1.7881E-07  7.0198E-08
 1.0000E-03 4.0452E-01 -5.3272E-04  7.4506E-08 -4.1910E-08
 1.0000E-03 4.0636E-01  4.3803E-04 -1.4901E-07 -7.6689E-08
 1.0000E-03 4.0822E-01  1.5903E-03  4.4703E-08  6.2399E-08
 1.0000E-03 4.1009E-01  2.9374E-03 -1.0431E-07 -1.1874E-08
 1.0000E-03 4.1198E-01  4.5031E-03  0.0000E+00 -1.5926E-07
 1.0000E-03 4.1389E-01  6.3090E-03 -1.3411E-07 -5.1223E-09
 1.0000E-03 4.1581E-01  8.3757E-03  2.0862E-07  1.6484E-07
 1.0000E-03 4.1776E-01  1.0717E-02  1.9372E-07 -1.4901E-08
 1.0000E-03 4.1972E-01  1.3335E-02  4.4703E-08  3.9116E-08
 1.0000E-03 4.2170E-01  1.6234E-02 -1.6391E-07  1.6391E-07
 1.0000E-03 4.2370E-01  1.9399E-02  3.1292E-07 -4.8429E-08
 1.0000E-03 4.2571E-01  2.2801E-02  3.7253E-07  7.0781E-08
 1.0000E-03 4.2775E-01  2.6405E-02 -1.0431E-07  5.9605E-08
 1.0000E-03 4.2981E-01  3.0168E-02 -2.9802E-07  3.9116E-08
 1.0000E-03 4.3188E-01  3.4039E-02  4.4703E-07 -4.8429E-08
 1.0000E-03 4.3398E-01  3.7968E-02 -8.9407E-08  2.2352E-08
 1.0000E-03 4.3610E-01  4.1905E-02 -5.9605E-08  2.2352E-08
 1.0000E-03 4.3824E-01  4.5809E-02  5.6624E-07 -1.3039E-07
 1.0000E-03 4.4039E-01  4.9640E-02  4.4703E-08 -2.1234E-07
 1.0000E-03 4.4257E-01  5.3362E-02  2.5332E-07 -2.9802E-08
 1.0000E-03 4.4478E-01  5.6944E-02  3.4273E-07  8.9407E-08
 1.0000E-03 4.4700E-01  6.0365E-02  4.4703E-08  1.3411E-07
 1.0000E-03 4.4925E-01  6.3608E-02  2.6822E-07 -9.6858E-08
 1.0000E-03 4.5152E-01  6.6654E-02  1.1921E-07  2.0862E-07
 1.0000E-03 4.5381E-01  6.9494E-02  1.3411E-07  8.1956E-08
 1.0000E-03 4.5612E-01  7.2129E-02 -2.2352E-07 -3.7253E-08
 1.0000E-03 4.5846E-01  7.4547E-02 -1.1921E-07  1.1176E-07
 1.0000E-03 4.6082E-01  7.6744E-02 -1.1921E-07  5.9605E-08
 1.0000E-03 4.6321E-01  7.8718E-02 -1.4901E-08 -5.9605E-08
 1.0000E-03 4.6563E-01  8.0463E-02  8.9407E-08  6.7055E-08
 1.0000E-03 4.6806E-01  8.1962E-02  5.3644E-07 -3.1292E-07
 1.0000E-03 4.7053E-01  8.3212E-02  1.6391E-07 -2.2352E-07
 1.0000E-03 4.7302E-01  8.4205E-02  2.2352E-08  8.1956E-08
 1.0000E-03 4.7553E-01  8.4924E-02 -1.1176E-07  3.0547E-07
 1.0000E-03 4.7807E-01  8.5368E-02  3.4273E-07 -2.2352E-08
 1.0000E-03 4.8065E-01  8.5540E-02 -1.7136E-07  2.5332E-07
 1.0000E-03 4.8324E-01  8.5440E-02  1.2666E-07 -1.9372E-07
 1.0000E-03 4.8587E-01  8.5078E-02 -9.6858E-08  1.3411E-07
 1.0000E-03 4.8852E-01  8.4473E-02 -4.9174E-07  1.1176E-07
 1.0000E-03 4.9121E-01  8.3642E-02  1.4678E-06 -1.1176E-07
 1.0000E-03 4.9392E-01  8.2609E-02  2.7567E-07 -1.0431E-07
 1.0000E-03 4.9667E-01  8.1406E-02  5.9605E-08  2.3097E-07
 1.0000E-03 4.9944E-01  8.0060E-02 -3.5390E-07  1.0431E-07
 1.0000E-03 5.0225E-01  7.8604E-02 -1.8626E-08  2.1607E-07
 1.0000E-03 5.0508E-01  7.7070E-02  4.0978E-08 -3.9488E-07
 1.0000E-03 5.0795E-01  7.5482E-02 -2.4587E-07  6.7055E-08
 1.0000E-03 5.1086E-01  7.3863E-02  2.5332E-07 -1.7881E-07
 1.0000E-03 5.1379E-01  7.2236E-02 -7.4506E-08 -2.1607E-07
 1.0000E-03 5.1676E-01  7.0614E-02  3.3528E-07  3.7253E-08
 1.0000E-03 5.1977E-01  6.9006E-02 -1.4529E-07  2.0117E-07
 1.0000E-03 5.2281E-01  6.7424E-02  8.3819E-08  0.0000E+00
 1.0000E-03 5.2588E-01  6.5875E-02  1.6764E-07 -5.2154E-08
 1.0000E-03 5.2899E-01  6.4364E-02  3.7439E-07 -1.7881E-07
 1.0000E-03 5.3214E-01  6.2898E-02  1.6950E-07  5.5134E-07
 1.0000E-03 5.3533E-01  6.1483E-02  3.9116E-07  1.1548E-07
 1.0000E-03 5.3855E-01  6.0126E-02  4.4517E-07  1.5646E-07
 1.0000E-03 5.4182E-01  5.8829E-02 -2.8312E-07 -4.8429E-08
 1.0000E-03 5.4512E-01  5.7594E-02 -3.8929E-07  1.3411E-07
 1.0000E-03 5.4847E-01  5.6421E-02 -1.5646E-07 -5.5879E-08
 1.0000E-03 5.5185E-01  5.5307E-02 -5.1782E-07  2.0117E-07
 1.0000E-03 5.5528E-01  5.4245E-02 -8.7544E-08 -7.4506E-09
 1.0000E-03 5.5875E-01  5.3228E-02  3.2596E-07  1.0058E-07
 1.0000E-03 5.6226E-01  5.2251E-02  3.6508E-07 -1.9372E-07
 1.0000E-03 5.6582E-01  5.1308E-02 -5.5134E-07 -4.8056E-07
 1.0000E-03 5.6943E-01  5.0398E-02  1.2498E-06 -1.8999E-07
 1.0000E-03 5.7308E-01  4.9518E-02  1.8645E-06  1.1548E-07
 1.0000E-03 5.7677E-01  4.8669E-02  3.6322E-07 -4.2468E-07
 1.0000E-03 5.8052E-01  4.7854E-02  1.3448E-06  1.6019E-07
 1.0000E-03 5.8431E-01  4.7075E-02 -1.4361E-06 -1.7881E-07
 1.0000E-03 5.8816E-01  4.6334E-02 -1.2079E-06  1.0803E-07
 1.0000E-03 5.9205E-01  4.5632E-02 -1.4435E-07 -3.0547E-07
 1.0000E-03 5.9600E-01  4.4977E-02  2.0117E-07 -1.7509E-07
 1.0000E-03 6.0000E-01  4.4377E-02  5.0105E-07  2.6077E-08
