 DDSCAT --- DDSCAT 7.3.3 [22.01.20]   
 TARGET --->TARGSPHER  spherical target with explicit spacing                 
 GPFAFT --- method of solution 
 FLTRCD --- prescription for polarizabilities
 FROM_FILE --- shape 
    4169 = NAT0 = number of dipoles
 ../../diel/Pena-Rioux_dielectric_26Au_74Ag                  
 ../../diel/Pena-Rioux_dielectric_76Au_24Ag                  
 ../../diel/Pena-Rioux_dielectric_92Au_8Ag                   
 ../../diel/Au_evap                                          
   0.000   0.000 = beta_min, beta_max ;  NBETA = 1
   0.000   0.000 = theta_min, theta_max; NTHETA= 1
   0.000   0.000 = phi_min, phi_max   ;   NPHI = 1
 Results averaged over    1 target orientations
                   and  2 incident polarizations
   aeff       wave       Q_pha       Q_pol       Q_cpol
 1.0000E-03 3.0000E-01  2.1149E-02  1.4156E-07 -3.7253E-08
 1.0000E-03 3.0101E-01  2.0949E-02  7.4506E-09  5.5879E-09
 1.0000E-03 3.0203E-01  2.0741E-02 -2.9802E-08  0.0000E+00
 1.0000E-03 3.0305E-01  2.0528E-02  9.6858E-08 -1.6764E-08
 1.0000E-03 3.0408E-01  2.0312E-02 -1.3411E-07 -4.2841E-08
 1.0000E-03 3.0512E-01  2.0090E-02  1.4156E-07 -2.0489E-08
 1.0000E-03 3.0616E-01  1.9864E-02  1.0431E-07 -4.4703E-08
 1.0000E-03 3.0722E-01  1.9633E-02  9.6858E-08 -7.4506E-09
 1.0000E-03 3.0828E-01  1.9402E-02 -7.4506E-09 -7.4506E-09
 1.0000E-03 3.0934E-01  1.9184E-02  2.4587E-07 -2.2352E-08
 1.0000E-03 3.1042E-01  1.8961E-02  1.3411E-07  5.9605E-08
 1.0000E-03 3.1150E-01  1.8739E-02  1.4901E-08 -3.3528E-08
 1.0000E-03 3.1259E-01  1.8513E-02 -1.0431E-07  7.0781E-08
 1.0000E-03 3.1368E-01  1.8282E-02 -1.9372E-07 -4.0978E-08
 1.0000E-03 3.1479E-01  1.8046E-02 -4.4703E-08 -1.8626E-09
 1.0000E-03 3.1590E-01  1.7805E-02  2.2352E-08 -1.1176E-08
 1.0000E-03 3.1702E-01  1.7559E-02 -1.3411E-07  2.6077E-08
 1.0000E-03 3.1815E-01  1.7309E-02  8.1956E-08 -9.3132E-09
 1.0000E-03 3.1929E-01  1.7049E-02 -1.0431E-07  2.2352E-08
 1.0000E-03 3.2043E-01  1.6778E-02  1.4901E-08  1.3039E-08
 1.0000E-03 3.2158E-01  1.6488E-02  9.6858E-08  1.8626E-09
 1.0000E-03 3.2274E-01  1.6186E-02  2.2352E-08 -2.6077E-08
 1.0000E-03 3.2391E-01  1.5873E-02  8.9407E-08 -1.8626E-08
 1.0000E-03 3.2509E-01  1.5547E-02  2.0117E-07 -3.2596E-08
 1.0000E-03 3.2628E-01  1.5210E-02 -2.2352E-08  2.6077E-08
 1.0000E-03 3.2747E-01  1.4824E-02  5.9605E-08 -2.7940E-09
 1.0000E-03 3.2868E-01  1.4424E-02  9.6858E-08  2.7008E-08
 1.0000E-03 3.2989E-01  1.4014E-02  6.7055E-08  0.0000E+00
 1.0000E-03 3.3111E-01  1.3590E-02 -7.4506E-08 -9.3132E-09
 1.0000E-03 3.3234E-01  1.3158E-02  1.1921E-07 -7.4506E-09
 1.0000E-03 3.3358E-01  1.2714E-02 -2.1607E-07 -3.7253E-09
 1.0000E-03 3.3483E-01  1.2257E-02 -1.2666E-07 -1.8626E-09
 1.0000E-03 3.3609E-01  1.1787E-02  1.0431E-07 -8.3819E-09
 1.0000E-03 3.3736E-01  1.1313E-02  9.6858E-08  1.2107E-08
 1.0000E-03 3.3864E-01  1.0835E-02 -1.5646E-07 -1.1176E-08
 1.0000E-03 3.3992E-01  1.0353E-02 -7.4506E-09 -3.7253E-09
 1.0000E-03 3.4122E-01  9.8654E-03  8.1956E-08  3.7253E-09
 1.0000E-03 3.4253E-01  9.3717E-03 -1.4156E-07 -1.8626E-09
 1.0000E-03 3.4385E-01  8.8704E-03 -1.4901E-08 -8.3819E-09
 1.0000E-03 3.4517E-01  8.3682E-03  4.4703E-08 -1.2107E-08
 1.0000E-03 3.4651E-01  7.8755E-03  3.7253E-08 -4.6566E-09
 1.0000E-03 3.4786E-01  7.3848E-03 -9.6858E-08 -1.1642E-08
 1.0000E-03 3.4922E-01  6.8958E-03 -8.1956E-08  4.6566E-09
 1.0000E-03 3.5059E-01  6.4083E-03  0.0000E+00  3.2596E-09
 1.0000E-03 3.5197E-01  5.9221E-03 -2.9802E-08  1.3970E-09
 1.0000E-03 3.5336E-01  5.4368E-03 -1.3411E-07 -1.3970E-09
 1.0000E-03 3.5476E-01  4.9611E-03 -8.1956E-08 -8.8476E-09
 1.0000E-03 3.5618E-01  4.4951E-03  0.0000E+00  2.3283E-09
 1.0000E-03 3.5760E-01  4.0362E-03 -7.4506E-09  1.0710E-08
 1.0000E-03 3.5904E-01  3.5852E-03 -2.9802E-08 -2.5611E-09
 1.0000E-03 3.6048E-01  3.1422E-03  8.1956E-08  9.3132E-10
 1.0000E-03 3.6194E-01  2.7090E-03  7.4506E-09 -4.6566E-10
 1.0000E-03 3.6341E-01  2.2890E-03 -2.9802E-08  4.8894E-09
 1.0000E-03 3.6490E-01  1.8864E-03  2.2352E-08 -1.2806E-09
 1.0000E-03 3.6639E-01  1.4975E-03 -2.9802E-08 -1.7462E-09
 1.0000E-03 3.6790E-01  1.1240E-03  1.4901E-08 -1.7462E-09
 1.0000E-03 3.6942E-01  7.6891E-04 -7.4506E-09 -8.1491E-10
 1.0000E-03 3.7095E-01  4.3296E-04 -8.1956E-08 -4.3656E-10
 1.0000E-03 3.7250E-01  1.2002E-04  9.6858E-08  6.1118E-10
 1.0000E-03 3.7406E-01 -1.6880E-04  1.0431E-07 -1.1642E-09
 1.0000E-03 3.7563E-01 -4.3468E-04 -2.4587E-07  1.4843E-09
 1.0000E-03 3.7722E-01 -6.7442E-04 -1.7136E-07 -3.9581E-09
 1.0000E-03 3.7881E-01 -8.8423E-04 -7.4506E-09  1.2806E-09
 1.0000E-03 3.8043E-01 -1.0598E-03  2.0117E-07 -8.0327E-09
 1.0000E-03 3.8205E-01 -1.1975E-03 -1.3411E-07  2.4447E-09
 1.0000E-03 3.8369E-01 -1.3003E-03 -2.2352E-08  7.7998E-09
 1.0000E-03 3.8534E-01 -1.3633E-03 -3.2783E-07  8.6147E-09
 1.0000E-03 3.8701E-01 -1.3806E-03  2.0862E-07  3.3411E-08
 1.0000E-03 3.8870E-01 -1.3451E-03  1.1921E-07  2.8405E-08
 1.0000E-03 3.9039E-01 -1.2494E-03 -1.4901E-07  3.1572E-07
 1.0000E-03 3.9211E-01 -1.0926E-03  2.2352E-07 -1.8626E-09
 1.0000E-03 3.9383E-01 -8.6925E-04  1.0282E-06  8.2352E-07
 1.0000E-03 3.9558E-01 -5.6892E-04  6.8545E-07  1.0943E-07
 1.0000E-03 3.9733E-01 -1.8232E-04 -4.1723E-07 -2.8212E-07
 1.0000E-03 3.9911E-01  3.0592E-04  3.4273E-07 -1.3193E-07
 1.0000E-03 4.0090E-01  9.0187E-04  1.4901E-06 -1.3463E-07
 1.0000E-03 4.0270E-01  1.6137E-03 -3.5763E-07  7.1013E-08
 1.0000E-03 4.0452E-01  2.4588E-03 -1.0282E-06 -1.2829E-07
 1.0000E-03 4.0636E-01  3.4539E-03  5.3644E-07 -2.4633E-07
 1.0000E-03 4.0822E-01  4.6186E-03 -5.9605E-08 -7.1200E-07
 1.0000E-03 4.1009E-01  5.9631E-03  4.0233E-07 -6.5006E-07
 1.0000E-03 4.1198E-01  7.5051E-03 -1.6391E-07  3.0734E-08
 1.0000E-03 4.1389E-01  9.2650E-03  5.9605E-08  1.0245E-08
 1.0000E-03 4.1581E-01  1.1258E-02  3.7253E-07  7.4506E-09
 1.0000E-03 4.1776E-01  1.3498E-02 -2.6822E-07  1.5367E-07
 1.0000E-03 4.1972E-01  1.5979E-02  9.2387E-07  1.4342E-07
 1.0000E-03 4.2170E-01  1.8705E-02  1.9372E-07  0.0000E+00
 1.0000E-03 4.2370E-01  2.1658E-02 -1.1921E-07  1.6764E-08
 1.0000E-03 4.2571E-01  2.4808E-02 -6.1095E-07  5.7742E-08
 1.0000E-03 4.2775E-01  2.8114E-02  2.9802E-08 -4.2841E-08
 1.0000E-03 4.2981E-01  3.1538E-02 -4.6194E-07  4.0978E-08
 1.0000E-03 4.3188E-01  3.5037E-02 -4.4703E-07 -1.4901E-08
 1.0000E-03 4.3398E-01  3.8565E-02 -2.6822E-07  8.5682E-08
 1.0000E-03 4.3610E-01  4.2080E-02  1.6391E-07 -1.8626E-08
 1.0000E-03 4.3824E-01  4.5547E-02  3.4273E-07  8.1956E-08
 1.0000E-03 4.4039E-01  4.8937E-02  2.5332E-07 -1.4901E-08
 1.0000E-03 4.4257E-01  5.2218E-02 -8.9407E-08 -4.4703E-08
 1.0000E-03 4.4478E-01  5.5360E-02 -2.5332E-07  1.8626E-08
 1.0000E-03 4.4700E-01  5.8352E-02  5.9605E-08 -4.0978E-08
 1.0000E-03 4.4925E-01  6.1181E-02 -1.1921E-07 -3.7253E-08
 1.0000E-03 4.5152E-01  6.3837E-02 -5.9605E-08 -5.9605E-08
 1.0000E-03 4.5381E-01  6.6321E-02  4.6194E-07 -8.9407E-08
 1.0000E-03 4.5612E-01  6.8636E-02  0.0000E+00 -1.2666E-07
 1.0000E-03 4.5846E-01  7.0770E-02 -2.2352E-07  1.1176E-07
 1.0000E-03 4.6082E-01  7.2718E-02  7.4506E-08  2.9802E-08
 1.0000E-03 4.6321E-01  7.4476E-02 -1.6391E-07 -5.9605E-08
 1.0000E-03 4.6563E-01  7.6028E-02 -5.2154E-07  0.0000E+00
 1.0000E-03 4.6806E-01  7.7349E-02 -8.9407E-08 -3.7253E-08
 1.0000E-03 4.7053E-01  7.8422E-02  5.2154E-08  7.4506E-08
 1.0000E-03 4.7302E-01  7.9218E-02 -2.1607E-07  1.0431E-07
 1.0000E-03 4.7553E-01  7.9724E-02  1.2666E-07  2.5332E-07
 1.0000E-03 4.7807E-01  7.9953E-02  9.5367E-07  1.7881E-07
 1.0000E-03 4.8065E-01  7.9912E-02  4.4703E-08  2.6077E-07
 1.0000E-03 4.8324E-01  7.9615E-02  0.0000E+00 -3.6508E-07
 1.0000E-03 4.8587E-01  7.9087E-02  2.1607E-07  3.7253E-08
 1.0000E-03 4.8852E-01  7.8362E-02 -4.7684E-07 -5.2154E-08
 1.0000E-03 4.9121E-01  7.7471E-02  3.7253E-08 -4.4703E-08
 1.0000E-03 4.9392E-01  7.6454E-02  1.1176E-07  8.9407E-08
 1.0000E-03 4.9667E-01  7.5362E-02  2.6822E-07  5.2154E-08
 1.0000E-03 4.9944E-01  7.4254E-02 -3.7253E-08 -7.4506E-08
 1.0000E-03 5.0225E-01  7.3125E-02 -1.4901E-08 -2.0862E-07
 1.0000E-03 5.0508E-01  7.1999E-02 -2.9802E-08  3.7253E-08
 1.0000E-03 5.0795E-01  7.0892E-02  5.5879E-08  1.6391E-07
 1.0000E-03 5.1086E-01  6.9817E-02 -3.7253E-09 -2.9802E-08
 1.0000E-03 5.1379E-01  6.8786E-02 -5.5879E-07 -2.2352E-07
 1.0000E-03 5.1676E-01  6.7805E-02 -5.7369E-07 -2.9802E-08
 1.0000E-03 5.1977E-01  6.6878E-02 -1.1921E-07 -1.1921E-07
 1.0000E-03 5.2281E-01  6.5938E-02  3.3528E-08  1.5646E-07
 1.0000E-03 5.2588E-01  6.4967E-02  2.1234E-07 -1.1921E-07
 1.0000E-03 5.2899E-01  6.3986E-02  2.2352E-07 -2.2352E-07
 1.0000E-03 5.3214E-01  6.2989E-02 -8.5682E-08 -7.4506E-09
 1.0000E-03 5.3533E-01  6.1967E-02 -1.7136E-07 -4.4703E-08
 1.0000E-03 5.3855E-01  6.0917E-02 -4.2841E-08 -7.8231E-08
 1.0000E-03 5.4182E-01  5.9843E-02  2.4214E-08 -9.6858E-08
 1.0000E-03 5.4512E-01  5.8750E-02 -1.7323E-07  8.9407E-08
 1.0000E-03 5.4847E-01  5.7651E-02  4.0047E-07 -1.5274E-07
 1.0000E-03 5.5185E-01  5.6581E-02 -2.8126E-07  6.7055E-08
 1.0000E-03 5.5528E-01  5.5536E-02 -6.1467E-08 -1.5646E-07
 1.0000E-03 5.5875E-01  5.4521E-02 -3.5949E-07 -2.0862E-07
 1.0000E-03 5.6226E-01  5.3540E-02  9.0152E-07 -3.0920E-07
 1.0000E-03 5.6582E-01  5.2591E-02 -1.9930E-07 -2.2352E-08
 1.0000E-03 5.6943E-01  5.1673E-02 -4.0047E-07 -1.9744E-07
 1.0000E-03 5.7308E-01  5.0781E-02 -1.3597E-07  1.5274E-07
 1.0000E-03 5.7677E-01  4.9908E-02  9.5926E-08 -4.8429E-08
 1.0000E-03 5.8052E-01  4.9050E-02  1.1176E-08  1.2666E-07
 1.0000E-03 5.8431E-01  4.8199E-02  4.7032E-07  2.1607E-07
 1.0000E-03 5.8816E-01  4.7358E-02  1.4249E-07 -5.5879E-08
 1.0000E-03 5.9205E-01  4.6540E-02  6.7055E-08  2.4959E-07
 1.0000E-03 5.9600E-01  4.5752E-02 -4.6566E-08 -1.4901E-07
 1.0000E-03 6.0000E-01  4.5003E-02  1.9558E-08  6.8545E-07
