 DDSCAT --- DDSCAT 7.3.3 [22.01.20]   
 TARGET --->TARGSPHER  spherical target with explicit spacing                 
 GPFAFT --- method of solution 
 GKDLDR --- prescription for polarizabilities
 FROM_FILE --- shape 
    4169 = NAT0 = number of dipoles
 ../../diel/Pena-Rioux_dielectric_26Au_74Ag                  
 ../../diel/Pena-Rioux_dielectric_65Au_35Ag                  
 ../../diel/Pena-Rioux_dielectric_76Au_24Ag                  
 ../../diel/Pena-Rioux_dielectric_92Au_8Ag                   
   0.000   0.000 = beta_min, beta_max ;  NBETA = 1
   0.000   0.000 = theta_min, theta_max; NTHETA= 1
   0.000   0.000 = phi_min, phi_max   ;   NPHI = 1
 0.5000 = ETASCA (param. controlling # of scatt. dirs used to calculate <cos> etc.
 Results averaged over    1 target orientations
                   and  2 incident polarizations
   aeff       wave       Q_ext     Q_abs      Q_sca     g(1)=<cos>  <cos^2>    Q_bk       Nsca
 4.0000E-02 3.0000E-01 2.5648E+00 1.7873E+00 7.7750E-01  2.5383E-01 4.1476E-01 3.9477E-02   408
 4.0000E-02 3.0101E-01 2.5571E+00 1.7865E+00 7.7055E-01  2.5204E-01 4.1457E-01 3.9474E-02   408
 4.0000E-02 3.0203E-01 2.5492E+00 1.7856E+00 7.6356E-01  2.5027E-01 4.1437E-01 3.9460E-02   408
 4.0000E-02 3.0305E-01 2.5412E+00 1.7847E+00 7.5652E-01  2.4851E-01 4.1418E-01 3.9437E-02   408
 4.0000E-02 3.0408E-01 2.5331E+00 1.7837E+00 7.4945E-01  2.4675E-01 4.1400E-01 3.9403E-02   408
 4.0000E-02 3.0512E-01 2.5249E+00 1.7826E+00 7.4233E-01  2.4499E-01 4.1381E-01 3.9361E-02   408
 4.0000E-02 3.0616E-01 2.5166E+00 1.7815E+00 7.3518E-01  2.4325E-01 4.1363E-01 3.9309E-02   408
 4.0000E-02 3.0722E-01 2.5082E+00 1.7803E+00 7.2800E-01  2.4151E-01 4.1345E-01 3.9247E-02   408
 4.0000E-02 3.0828E-01 2.4999E+00 1.7790E+00 7.2088E-01  2.3976E-01 4.1327E-01 3.9184E-02   408
 4.0000E-02 3.0934E-01 2.4920E+00 1.7779E+00 7.1409E-01  2.3800E-01 4.1309E-01 3.9135E-02   408
 4.0000E-02 3.1042E-01 2.4840E+00 1.7768E+00 7.0726E-01  2.3624E-01 4.1291E-01 3.9077E-02   408
 4.0000E-02 3.1150E-01 2.4759E+00 1.7755E+00 7.0039E-01  2.3448E-01 4.1274E-01 3.9011E-02   408
 4.0000E-02 3.1259E-01 2.4677E+00 1.7742E+00 6.9350E-01  2.3272E-01 4.1257E-01 3.8936E-02   408
 4.0000E-02 3.1368E-01 2.4593E+00 1.7728E+00 6.8657E-01  2.3097E-01 4.1239E-01 3.8853E-02   408
 4.0000E-02 3.1479E-01 2.4509E+00 1.7713E+00 6.7960E-01  2.2932E-01 4.1238E-01 3.8762E-02   362
 4.0000E-02 3.1590E-01 2.4423E+00 1.7697E+00 6.7262E-01  2.2757E-01 4.1221E-01 3.8663E-02   362
 4.0000E-02 3.1702E-01 2.4336E+00 1.7680E+00 6.6561E-01  2.2582E-01 4.1204E-01 3.8555E-02   363
 4.0000E-02 3.1815E-01 2.4243E+00 1.7660E+00 6.5827E-01  2.2409E-01 4.1188E-01 3.8421E-02   363
 4.0000E-02 3.1929E-01 2.4147E+00 1.7639E+00 6.5081E-01  2.2237E-01 4.1172E-01 3.8273E-02   363
 4.0000E-02 3.2043E-01 2.4048E+00 1.7616E+00 6.4327E-01  2.2065E-01 4.1157E-01 3.8112E-02   363
 4.0000E-02 3.2158E-01 2.3948E+00 1.7591E+00 6.3567E-01  2.1893E-01 4.1141E-01 3.7940E-02   363
 4.0000E-02 3.2274E-01 2.3845E+00 1.7565E+00 6.2801E-01  2.1721E-01 4.1126E-01 3.7756E-02   363
 4.0000E-02 3.2391E-01 2.3740E+00 1.7537E+00 6.2029E-01  2.1550E-01 4.1111E-01 3.7562E-02   363
 4.0000E-02 3.2509E-01 2.3633E+00 1.7508E+00 6.1251E-01  2.1379E-01 4.1096E-01 3.7356E-02   363
 4.0000E-02 3.2628E-01 2.3523E+00 1.7476E+00 6.0467E-01  2.1208E-01 4.1082E-01 3.7140E-02   363
 4.0000E-02 3.2747E-01 2.3401E+00 1.7439E+00 5.9628E-01  2.1040E-01 4.1068E-01 3.6878E-02   363
 4.0000E-02 3.2868E-01 2.3281E+00 1.7400E+00 5.8803E-01  2.0871E-01 4.1054E-01 3.6617E-02   363
 4.0000E-02 3.2989E-01 2.3161E+00 1.7362E+00 5.7999E-01  2.0701E-01 4.1040E-01 3.6363E-02   363
 4.0000E-02 3.3111E-01 2.3044E+00 1.7322E+00 5.7213E-01  2.0529E-01 4.1026E-01 3.6115E-02   363
 4.0000E-02 3.3234E-01 2.2927E+00 1.7283E+00 5.6449E-01  2.0355E-01 4.1011E-01 3.5876E-02   363
 4.0000E-02 3.3358E-01 2.2813E+00 1.7243E+00 5.5707E-01  2.0179E-01 4.0997E-01 3.5645E-02   363
 4.0000E-02 3.3483E-01 2.2701E+00 1.7202E+00 5.4989E-01  2.0001E-01 4.0983E-01 3.5424E-02   363
 4.0000E-02 3.3609E-01 2.2596E+00 1.7163E+00 5.4327E-01  1.9818E-01 4.0969E-01 3.5238E-02   363
 4.0000E-02 3.3736E-01 2.2503E+00 1.7129E+00 5.3742E-01  1.9629E-01 4.0954E-01 3.5102E-02   363
 4.0000E-02 3.3864E-01 2.2419E+00 1.7098E+00 5.3213E-01  1.9436E-01 4.0938E-01 3.5000E-02   363
 4.0000E-02 3.3992E-01 2.2342E+00 1.7069E+00 5.2737E-01  1.9241E-01 4.0923E-01 3.4932E-02   363
 4.0000E-02 3.4122E-01 2.2274E+00 1.7042E+00 5.2320E-01  1.9042E-01 4.0907E-01 3.4901E-02   363
 4.0000E-02 3.4253E-01 2.2215E+00 1.7019E+00 5.1962E-01  1.8839E-01 4.0892E-01 3.4909E-02   363
 4.0000E-02 3.4385E-01 2.2165E+00 1.6999E+00 5.1664E-01  1.8633E-01 4.0876E-01 3.4957E-02   363
 4.0000E-02 3.4517E-01 2.2128E+00 1.6984E+00 5.1444E-01  1.8424E-01 4.0860E-01 3.5058E-02   363
 4.0000E-02 3.4651E-01 2.2106E+00 1.6975E+00 5.1306E-01  1.8212E-01 4.0843E-01 3.5216E-02   363
 4.0000E-02 3.4786E-01 2.2094E+00 1.6971E+00 5.1233E-01  1.7997E-01 4.0827E-01 3.5419E-02   363
 4.0000E-02 3.4922E-01 2.2094E+00 1.6972E+00 5.1226E-01  1.7781E-01 4.0810E-01 3.5670E-02   363
 4.0000E-02 3.5059E-01 2.2106E+00 1.6978E+00 5.1289E-01  1.7564E-01 4.0794E-01 3.5970E-02   363
 4.0000E-02 3.5197E-01 2.2130E+00 1.6988E+00 5.1422E-01  1.7345E-01 4.0777E-01 3.6322E-02   363
 4.0000E-02 3.5336E-01 2.2167E+00 1.7005E+00 5.1629E-01  1.7124E-01 4.0761E-01 3.6729E-02   363
 4.0000E-02 3.5476E-01 2.2218E+00 1.7027E+00 5.1910E-01  1.6904E-01 4.0744E-01 3.7190E-02   363
 4.0000E-02 3.5618E-01 2.2281E+00 1.7056E+00 5.2255E-01  1.6684E-01 4.0728E-01 3.7701E-02   363
 4.0000E-02 3.5760E-01 2.2356E+00 1.7089E+00 5.2665E-01  1.6464E-01 4.0711E-01 3.8262E-02   363
 4.0000E-02 3.5904E-01 2.2443E+00 1.7129E+00 5.3141E-01  1.6244E-01 4.0695E-01 3.8877E-02   363
 4.0000E-02 3.6048E-01 2.2542E+00 1.7174E+00 5.3687E-01  1.6024E-01 4.0679E-01 3.9547E-02   363
 4.0000E-02 3.6194E-01 2.2655E+00 1.7225E+00 5.4305E-01  1.5804E-01 4.0663E-01 4.0276E-02   363
 4.0000E-02 3.6341E-01 2.2782E+00 1.7282E+00 5.4995E-01  1.5584E-01 4.0647E-01 4.1066E-02   363
 4.0000E-02 3.6490E-01 2.2920E+00 1.7345E+00 5.5744E-01  1.5365E-01 4.0631E-01 4.1908E-02   363
 4.0000E-02 3.6639E-01 2.3069E+00 1.7414E+00 5.6555E-01  1.5147E-01 4.0615E-01 4.2804E-02   363
 4.0000E-02 3.6790E-01 2.3231E+00 1.7488E+00 5.7431E-01  1.4928E-01 4.0600E-01 4.3759E-02   363
 4.0000E-02 3.6942E-01 2.3405E+00 1.7568E+00 5.8375E-01  1.4710E-01 4.0584E-01 4.4775E-02   363
 4.0000E-02 3.7095E-01 2.3593E+00 1.7653E+00 5.9392E-01  1.4491E-01 4.0569E-01 4.5859E-02   363
 4.0000E-02 3.7250E-01 2.3794E+00 1.7746E+00 6.0482E-01  1.4273E-01 4.0554E-01 4.7010E-02   363
 4.0000E-02 3.7406E-01 2.4007E+00 1.7844E+00 6.1631E-01  1.4055E-01 4.0539E-01 4.8221E-02   363
 4.0000E-02 3.7563E-01 2.4232E+00 1.7947E+00 6.2845E-01  1.3837E-01 4.0524E-01 4.9497E-02   363
 4.0000E-02 3.7722E-01 2.4469E+00 1.8057E+00 6.4129E-01  1.3619E-01 4.0510E-01 5.0842E-02   363
 4.0000E-02 3.7881E-01 2.4721E+00 1.8172E+00 6.5490E-01  1.3400E-01 4.0495E-01 5.2265E-02   363
 4.0000E-02 3.8043E-01 2.4986E+00 1.8293E+00 6.6931E-01  1.3181E-01 4.0481E-01 5.3768E-02   363
 4.0000E-02 3.8205E-01 2.5266E+00 1.8422E+00 6.8443E-01  1.2962E-01 4.0467E-01 5.5347E-02   363
 4.0000E-02 3.8369E-01 2.5558E+00 1.8555E+00 7.0027E-01  1.2742E-01 4.0453E-01 5.7003E-02   363
 4.0000E-02 3.8534E-01 2.5864E+00 1.8695E+00 7.1688E-01  1.2522E-01 4.0439E-01 5.8743E-02   363
 4.0000E-02 3.8701E-01 2.6184E+00 1.8841E+00 7.3431E-01  1.2302E-01 4.0426E-01 6.0573E-02   363
 4.0000E-02 3.8870E-01 2.6520E+00 1.8993E+00 7.5264E-01  1.2081E-01 4.0413E-01 6.2499E-02   363
 4.0000E-02 3.9039E-01 2.6872E+00 1.9153E+00 7.7187E-01  1.1867E-01 4.0417E-01 6.4527E-02   323
 4.0000E-02 3.9211E-01 2.7238E+00 1.9318E+00 7.9194E-01  1.1644E-01 4.0404E-01 6.6650E-02   323
 4.0000E-02 3.9383E-01 2.7620E+00 1.9490E+00 8.1297E-01  1.1421E-01 4.0391E-01 6.8881E-02   323
 4.0000E-02 3.9558E-01 2.8019E+00 1.9669E+00 8.3501E-01  1.1197E-01 4.0379E-01 7.1227E-02   323
 4.0000E-02 3.9733E-01 2.8436E+00 1.9855E+00 8.5812E-01  1.0972E-01 4.0366E-01 7.3696E-02   323
 4.0000E-02 3.9911E-01 2.8871E+00 2.0048E+00 8.8236E-01  1.0745E-01 4.0354E-01 7.6295E-02   323
 4.0000E-02 4.0090E-01 2.9324E+00 2.0248E+00 9.0766E-01  1.0518E-01 4.0342E-01 7.9022E-02   323
 4.0000E-02 4.0270E-01 2.9796E+00 2.0454E+00 9.3421E-01  1.0291E-01 4.0331E-01 8.1894E-02   323
 4.0000E-02 4.0452E-01 3.0290E+00 2.0669E+00 9.6212E-01  1.0062E-01 4.0319E-01 8.4922E-02   323
 4.0000E-02 4.0636E-01 3.0806E+00 2.0892E+00 9.9144E-01  9.8319E-02 4.0308E-01 8.8117E-02   323
 4.0000E-02 4.0822E-01 3.1345E+00 2.1123E+00 1.0222E+00  9.6008E-02 4.0297E-01 9.1487E-02   323
 4.0000E-02 4.1009E-01 3.1907E+00 2.1361E+00 1.0546E+00  9.3688E-02 4.0286E-01 9.5041E-02   323
 4.0000E-02 4.1198E-01 3.2496E+00 2.1609E+00 1.0887E+00  9.1357E-02 4.0275E-01 9.8804E-02   323
 4.0000E-02 4.1389E-01 3.3113E+00 2.1866E+00 1.1247E+00  8.9015E-02 4.0265E-01 1.0279E-01   323
 4.0000E-02 4.1581E-01 3.3759E+00 2.2133E+00 1.1627E+00  8.6661E-02 4.0255E-01 1.0701E-01   323
 4.0000E-02 4.1776E-01 3.4436E+00 2.2410E+00 1.2027E+00  8.4294E-02 4.0245E-01 1.1149E-01   323
 4.0000E-02 4.1972E-01 3.5148E+00 2.2697E+00 1.2451E+00  8.1916E-02 4.0235E-01 1.1624E-01   323
 4.0000E-02 4.2170E-01 3.5895E+00 2.2995E+00 1.2900E+00  7.9528E-02 4.0225E-01 1.2130E-01   323
 4.0000E-02 4.2370E-01 3.6679E+00 2.3305E+00 1.3374E+00  7.7128E-02 4.0216E-01 1.2666E-01   323
 4.0000E-02 4.2571E-01 3.7500E+00 2.3626E+00 1.3874E+00  7.4720E-02 4.0207E-01 1.3235E-01   323
 4.0000E-02 4.2775E-01 3.8361E+00 2.3959E+00 1.4402E+00  7.2305E-02 4.0199E-01 1.3839E-01   323
 4.0000E-02 4.2981E-01 3.9266E+00 2.4305E+00 1.4961E+00  6.9885E-02 4.0190E-01 1.4480E-01   323
 4.0000E-02 4.3188E-01 4.0211E+00 2.4662E+00 1.5549E+00  6.7464E-02 4.0182E-01 1.5159E-01   323
 4.0000E-02 4.3398E-01 4.1198E+00 2.5031E+00 1.6167E+00  6.5048E-02 4.0175E-01 1.5876E-01   323
 4.0000E-02 4.3610E-01 4.2227E+00 2.5410E+00 1.6817E+00  6.2638E-02 4.0168E-01 1.6634E-01   323
 4.0000E-02 4.3824E-01 4.3302E+00 2.5801E+00 1.7500E+00  6.0236E-02 4.0161E-01 1.7434E-01   323
 4.0000E-02 4.4039E-01 4.4419E+00 2.6202E+00 1.8217E+00  5.7845E-02 4.0154E-01 1.8277E-01   323
 4.0000E-02 4.4257E-01 4.5580E+00 2.6612E+00 1.8969E+00  5.5465E-02 4.0148E-01 1.9167E-01   323
 4.0000E-02 4.4478E-01 4.6789E+00 2.7030E+00 1.9759E+00  5.3095E-02 4.0142E-01 2.0107E-01   323
 4.0000E-02 4.4700E-01 4.8046E+00 2.7455E+00 2.0590E+00  5.0733E-02 4.0136E-01 2.1099E-01   323
 4.0000E-02 4.4925E-01 4.9348E+00 2.7887E+00 2.1462E+00  4.8378E-02 4.0130E-01 2.2146E-01   323
 4.0000E-02 4.5152E-01 5.0698E+00 2.8323E+00 2.2376E+00  4.6030E-02 4.0125E-01 2.3249E-01   323
 4.0000E-02 4.5381E-01 5.2095E+00 2.8761E+00 2.3334E+00  4.3688E-02 4.0121E-01 2.4411E-01   323
 4.0000E-02 4.5612E-01 5.3533E+00 2.9200E+00 2.4334E+00  4.1358E-02 4.0116E-01 2.5632E-01   323
 4.0000E-02 4.5846E-01 5.5006E+00 2.9636E+00 2.5371E+00  3.9048E-02 4.0112E-01 2.6905E-01   323
 4.0000E-02 4.6082E-01 5.6507E+00 3.0066E+00 2.6441E+00  3.6771E-02 4.0109E-01 2.8226E-01   323
 4.0000E-02 4.6321E-01 5.8026E+00 3.0486E+00 2.7540E+00  3.4538E-02 4.0106E-01 2.9588E-01   323
 4.0000E-02 4.6563E-01 5.9546E+00 3.0893E+00 2.8654E+00  3.2367E-02 4.0103E-01 3.0977E-01   323
 4.0000E-02 4.6806E-01 6.1051E+00 3.1280E+00 2.9771E+00  3.0275E-02 4.0101E-01 3.2376E-01   323
 4.0000E-02 4.7053E-01 6.2521E+00 3.1643E+00 3.0878E+00  2.8272E-02 4.0099E-01 3.3770E-01   323
 4.0000E-02 4.7302E-01 6.3932E+00 3.1974E+00 3.1958E+00  2.6369E-02 4.0098E-01 3.5136E-01   323
 4.0000E-02 4.7553E-01 6.5257E+00 3.2266E+00 3.2992E+00  2.4572E-02 4.0098E-01 3.6451E-01   323
 4.0000E-02 4.7807E-01 6.6473E+00 3.2510E+00 3.3962E+00  2.2883E-02 4.0097E-01 3.7695E-01   323
 4.0000E-02 4.8065E-01 6.7553E+00 3.2699E+00 3.4854E+00  2.1298E-02 4.0097E-01 3.8846E-01   323
 4.0000E-02 4.8324E-01 6.8472E+00 3.2825E+00 3.5647E+00  1.9813E-02 4.0097E-01 3.9884E-01   323
 4.0000E-02 4.8587E-01 6.9208E+00 3.2879E+00 3.6328E+00  1.8420E-02 4.0097E-01 4.0791E-01   323
 4.0000E-02 4.8852E-01 6.9737E+00 3.2856E+00 3.6882E+00  1.7109E-02 4.0097E-01 4.1548E-01   323
 4.0000E-02 4.9121E-01 7.0038E+00 3.2748E+00 3.7290E+00  1.5872E-02 4.0097E-01 4.2134E-01   323
 4.0000E-02 4.9392E-01 7.0099E+00 3.2555E+00 3.7544E+00  1.4699E-02 4.0097E-01 4.2539E-01   323
 4.0000E-02 4.9667E-01 6.9915E+00 3.2277E+00 3.7638E+00  1.3584E-02 4.0096E-01 4.2755E-01   323
 4.0000E-02 4.9944E-01 6.9487E+00 3.1917E+00 3.7571E+00  1.2520E-02 4.0096E-01 4.2782E-01   323
 4.0000E-02 5.0225E-01 6.8833E+00 3.1481E+00 3.7352E+00  1.1501E-02 4.0095E-01 4.2629E-01   323
 4.0000E-02 5.0508E-01 6.7975E+00 3.0977E+00 3.6998E+00  1.0519E-02 4.0095E-01 4.2317E-01   323
 4.0000E-02 5.0795E-01 6.6939E+00 3.0411E+00 3.6527E+00  9.5708E-03 4.0094E-01 4.1865E-01   324
 4.0000E-02 5.1086E-01 6.5749E+00 2.9791E+00 3.5958E+00  8.6497E-03 4.0094E-01 4.1296E-01   324
 4.0000E-02 5.1379E-01 6.4429E+00 2.9121E+00 3.5308E+00  7.7855E-03 4.0114E-01 4.0630E-01   285
 4.0000E-02 5.1676E-01 6.2995E+00 2.8405E+00 3.4589E+00  6.9036E-03 4.0114E-01 3.9880E-01   285
 4.0000E-02 5.1977E-01 6.1463E+00 2.7651E+00 3.3812E+00  6.0365E-03 4.0115E-01 3.9060E-01   285
 4.0000E-02 5.2281E-01 5.9853E+00 2.6863E+00 3.2990E+00  5.1796E-03 4.0115E-01 3.8182E-01   285
 4.0000E-02 5.2588E-01 5.8184E+00 2.6048E+00 3.2136E+00  4.3305E-03 4.0116E-01 3.7266E-01   285
 4.0000E-02 5.2899E-01 5.6473E+00 2.5206E+00 3.1267E+00  3.4859E-03 4.0117E-01 3.6327E-01   285
 4.0000E-02 5.3214E-01 5.4729E+00 2.4335E+00 3.0394E+00  2.6432E-03 4.0118E-01 3.5381E-01   285
 4.0000E-02 5.3533E-01 5.2951E+00 2.3428E+00 2.9523E+00  1.8011E-03 4.0119E-01 3.4433E-01   285
 4.0000E-02 5.3855E-01 5.1127E+00 2.2477E+00 2.8650E+00  9.5756E-04 4.0119E-01 3.3478E-01   285
 4.0000E-02 5.4182E-01 4.9238E+00 2.1477E+00 2.7761E+00  1.1124E-04 4.0120E-01 3.2501E-01   285
 4.0000E-02 5.4512E-01 4.7271E+00 2.0430E+00 2.6841E+00 -7.4054E-04 4.0120E-01 3.1483E-01   285
 4.0000E-02 5.4847E-01 4.5223E+00 1.9349E+00 2.5874E+00 -1.5997E-03 4.0121E-01 3.0406E-01   285
 4.0000E-02 5.5185E-01 4.3110E+00 1.8254E+00 2.4856E+00 -2.4658E-03 4.0121E-01 2.9265E-01   285
 4.0000E-02 5.5528E-01 4.0960E+00 1.7169E+00 2.3791E+00 -3.3375E-03 4.0121E-01 2.8062E-01   285
 4.0000E-02 5.5875E-01 3.8809E+00 1.6117E+00 2.2692E+00 -4.2136E-03 4.0120E-01 2.6815E-01   285
 4.0000E-02 5.6226E-01 3.6694E+00 1.5119E+00 2.1575E+00 -5.0909E-03 4.0120E-01 2.5541E-01   285
 4.0000E-02 5.6582E-01 3.4646E+00 1.4188E+00 2.0458E+00 -5.9663E-03 4.0119E-01 2.4262E-01   285
 4.0000E-02 5.6943E-01 3.2695E+00 1.3333E+00 1.9362E+00 -6.8388E-03 4.0118E-01 2.3002E-01   285
 4.0000E-02 5.7308E-01 3.0858E+00 1.2555E+00 1.8303E+00 -7.7089E-03 4.0117E-01 2.1782E-01   285
 4.0000E-02 5.7677E-01 2.9140E+00 1.1845E+00 1.7295E+00 -8.5807E-03 4.0116E-01 2.0618E-01   285
 4.0000E-02 5.8052E-01 2.7533E+00 1.1192E+00 1.6341E+00 -9.4579E-03 4.0116E-01 1.9515E-01   285
 4.0000E-02 5.8431E-01 2.6024E+00 1.0586E+00 1.5438E+00 -1.0344E-02 4.0115E-01 1.8470E-01   285
 4.0000E-02 5.8816E-01 2.4605E+00 1.0022E+00 1.4584E+00 -1.1241E-02 4.0114E-01 1.7480E-01   285
 4.0000E-02 5.9205E-01 2.3276E+00 9.5022E-01 1.3773E+00 -1.2146E-02 4.0114E-01 1.6539E-01   285
 4.0000E-02 5.9600E-01 2.2038E+00 9.0313E-01 1.3007E+00 -1.3057E-02 4.0113E-01 1.5647E-01   285
 4.0000E-02 6.0000E-01 2.0896E+00 8.6101E-01 1.2286E+00 -1.3969E-02 4.0113E-01 1.4808E-01   285
