 DDSCAT --- DDSCAT 7.3.3 [22.01.20]   
 TARGET --->TARGSPHER  spherical target with explicit spacing                 
 GPFAFT --- method of solution 
 FLTRCD --- prescription for polarizabilities
 FROM_FILE --- shape 
    4169 = NAT0 = number of dipoles
 ../../diel/Pena-Rioux_dielectric_26Au_74Ag                  
 ../../diel/Pena-Rioux_dielectric_85Au_15Ag                  
 ../../diel/Pena-Rioux_dielectric_92Au_8Ag                   
 ../../diel/Au_evap                                          
   0.000   0.000 = beta_min, beta_max ;  NBETA = 1
   0.000   0.000 = theta_min, theta_max; NTHETA= 1
   0.000   0.000 = phi_min, phi_max   ;   NPHI = 1
 Results averaged over    1 target orientations
                   and  2 incident polarizations
   aeff       wave       Q_pha       Q_pol       Q_cpol
 8.0000E-02 3.0000E-01 -1.6731E-01  4.7684E-06  1.1176E-06
 8.0000E-02 3.0101E-01 -1.6592E-01 -5.2452E-06  4.1723E-07
 8.0000E-02 3.0203E-01 -1.6472E-01 -9.5367E-07  4.4703E-07
 8.0000E-02 3.0305E-01 -1.6361E-01 -4.2915E-06  1.9372E-06
 8.0000E-02 3.0408E-01 -1.6257E-01 -1.3828E-05 -2.9802E-07
 8.0000E-02 3.0512E-01 -1.6162E-01  4.2915E-06  8.3447E-07
 8.0000E-02 3.0616E-01 -1.6076E-01 -7.1526E-06  1.3411E-06
 8.0000E-02 3.0722E-01 -1.5999E-01 -9.5367E-07  1.4454E-06
 8.0000E-02 3.0828E-01 -1.5931E-01  1.0252E-05  5.8115E-07
 8.0000E-02 3.0934E-01 -1.5872E-01  8.8215E-06 -1.5199E-06
 8.0000E-02 3.1042E-01 -1.5820E-01 -5.4836E-06  3.7104E-06
 8.0000E-02 3.1150E-01 -1.5763E-01 -5.4836E-06  2.5332E-07
 8.0000E-02 3.1259E-01 -1.5711E-01 -5.9605E-06  7.1526E-07
 8.0000E-02 3.1368E-01 -1.5668E-01  0.0000E+00 -3.7253E-07
 8.0000E-02 3.1479E-01 -1.5635E-01  6.4373E-06  4.7684E-07
 8.0000E-02 3.1590E-01 -1.5612E-01 -1.1921E-06  7.0035E-07
 8.0000E-02 3.1702E-01 -1.5599E-01 -1.1921E-06  4.4703E-08
 8.0000E-02 3.1815E-01 -1.5575E-01  1.4305E-06 -1.0431E-07
 8.0000E-02 3.1929E-01 -1.5561E-01  1.3113E-05 -1.1623E-06
 8.0000E-02 3.2043E-01 -1.5563E-01  1.5020E-05 -2.8312E-07
 8.0000E-02 3.2158E-01 -1.5607E-01 -3.5763E-06 -2.5928E-06
 8.0000E-02 3.2274E-01 -1.5665E-01  2.3842E-06  2.8312E-07
 8.0000E-02 3.2391E-01 -1.5739E-01  1.0252E-05  3.7253E-06
 8.0000E-02 3.2509E-01 -1.5828E-01  1.3351E-05  3.6210E-06
 8.0000E-02 3.2628E-01 -1.5934E-01  2.6226E-06  4.4703E-08
 8.0000E-02 3.2747E-01 -1.6076E-01 -4.2915E-06  4.2021E-06
 8.0000E-02 3.2868E-01 -1.6246E-01 -9.7752E-06 -7.6741E-06
 8.0000E-02 3.2989E-01 -1.6446E-01  4.2915E-06  4.5896E-06
 8.0000E-02 3.3111E-01 -1.6675E-01  1.2636E-05 -4.2766E-06
 8.0000E-02 3.3234E-01 -1.6920E-01 -1.2159E-05 -4.2021E-06
 8.0000E-02 3.3358E-01 -1.7186E-01  1.4544E-05 -2.0713E-06
 8.0000E-02 3.3483E-01 -1.7485E-01 -6.1989E-06 -4.4703E-07
 8.0000E-02 3.3609E-01 -1.7828E-01 -6.6757E-06 -2.8312E-07
 8.0000E-02 3.3736E-01 -1.8217E-01  0.0000E+00 -4.7833E-06
 8.0000E-02 3.3864E-01 -1.8635E-01 -1.0014E-05 -5.1260E-06
 8.0000E-02 3.3992E-01 -1.9083E-01 -8.5831E-06 -2.8163E-06
 8.0000E-02 3.4122E-01 -1.9561E-01 -5.7220E-06 -8.2850E-06
 8.0000E-02 3.4253E-01 -2.0073E-01 -4.5300E-06  3.8296E-06
 8.0000E-02 3.4385E-01 -2.0614E-01  1.7643E-05 -4.8280E-06
 8.0000E-02 3.4517E-01 -2.1190E-01 -6.4373E-06 -2.3842E-07
 8.0000E-02 3.4651E-01 -2.1786E-01  1.6451E-05 -2.2352E-07
 8.0000E-02 3.4786E-01 -2.2405E-01  9.7752E-06 -5.6773E-06
 8.0000E-02 3.4922E-01 -2.3045E-01 -4.5300E-06 -8.4937E-07
 8.0000E-02 3.5059E-01 -2.3705E-01 -4.2915E-06  6.5118E-06
 8.0000E-02 3.5197E-01 -2.4387E-01  1.3828E-05 -2.6971E-06
 8.0000E-02 3.5336E-01 -2.5090E-01  1.0490E-05 -4.1425E-06
 8.0000E-02 3.5476E-01 -2.5807E-01  5.4836E-06  0.0000E+00
 8.0000E-02 3.5618E-01 -2.6533E-01  3.8147E-06 -5.0664E-07
 8.0000E-02 3.5760E-01 -2.7265E-01  1.4305E-06 -1.1027E-06
 8.0000E-02 3.5904E-01 -2.8004E-01  9.0599E-06 -4.1723E-07
 8.0000E-02 3.6048E-01 -2.8747E-01  0.0000E+00 -1.9968E-06
 8.0000E-02 3.6194E-01 -2.9495E-01  9.5367E-07 -4.3511E-06
 8.0000E-02 3.6341E-01 -3.0242E-01  1.0014E-05 -4.1723E-06
 8.0000E-02 3.6490E-01 -3.0980E-01  6.4373E-06  1.3411E-06
 8.0000E-02 3.6639E-01 -3.1710E-01 -1.6928E-05 -4.7982E-06
 8.0000E-02 3.6790E-01 -3.2436E-01  6.4373E-06 -6.9141E-06
 8.0000E-02 3.6942E-01 -3.3153E-01 -2.0742E-05 -6.7651E-06
 8.0000E-02 3.7095E-01 -3.3862E-01  1.9073E-05  1.1384E-05
 8.0000E-02 3.7250E-01 -3.4559E-01  1.1921E-05  7.1824E-06
 8.0000E-02 3.7406E-01 -3.5241E-01  2.1458E-06  2.1458E-06
 8.0000E-02 3.7563E-01 -3.5911E-01 -5.2452E-06  4.4703E-07
 8.0000E-02 3.7722E-01 -3.6567E-01 -1.9073E-06  0.0000E+00
 8.0000E-02 3.7881E-01 -3.7211E-01 -1.1921E-06 -1.8775E-06
 8.0000E-02 3.8043E-01 -3.7840E-01  9.2983E-06 -1.2517E-06
 8.0000E-02 3.8205E-01 -3.8451E-01  2.6226E-06 -8.9407E-07
 8.0000E-02 3.8369E-01 -3.9045E-01 -1.4305E-06  8.9407E-08
 8.0000E-02 3.8534E-01 -3.9627E-01 -2.3842E-06 -2.6822E-07
 8.0000E-02 3.8701E-01 -4.0195E-01  5.2452E-06  1.0788E-05
 8.0000E-02 3.8870E-01 -4.0749E-01  3.8147E-06 -2.1160E-06
 8.0000E-02 3.9039E-01 -4.1287E-01  6.9141E-06  8.9407E-08
 8.0000E-02 3.9211E-01 -4.1811E-01  2.6226E-06 -5.3644E-07
 8.0000E-02 3.9383E-01 -4.2323E-01 -1.5974E-05 -1.1623E-06
 8.0000E-02 3.9558E-01 -4.2822E-01 -4.7684E-07  1.1623E-06
 8.0000E-02 3.9733E-01 -4.3309E-01 -2.6226E-06 -2.9802E-07
 8.0000E-02 3.9911E-01 -4.3784E-01 -8.1062E-06 -5.8115E-06
 8.0000E-02 4.0090E-01 -4.4245E-01 -1.0967E-05 -1.1981E-05
 8.0000E-02 4.0270E-01 -4.4697E-01  5.7220E-06 -9.5367E-07
 8.0000E-02 4.0452E-01 -4.5136E-01 -2.8610E-05  1.1265E-05
 8.0000E-02 4.0636E-01 -4.5563E-01 -1.0967E-05 -4.1723E-06
 8.0000E-02 4.0822E-01 -4.5971E-01  7.8678E-06  8.2850E-06
 8.0000E-02 4.1009E-01 -4.6363E-01 -1.2636E-05 -3.9041E-06
 8.0000E-02 4.1198E-01 -4.6740E-01  2.1696E-05  6.6757E-06
 8.0000E-02 4.1389E-01 -4.7094E-01  1.8597E-05  2.8312E-06
 8.0000E-02 4.1581E-01 -4.7422E-01 -3.8147E-06  7.0333E-06
 8.0000E-02 4.1776E-01 -4.7721E-01  6.6757E-06 -2.9802E-08
 8.0000E-02 4.1972E-01 -4.7992E-01  1.3828E-05 -2.5928E-06
 8.0000E-02 4.2170E-01 -4.8234E-01  5.0068E-06  9.2387E-07
 8.0000E-02 4.2370E-01 -4.8444E-01  3.8147E-06  1.6987E-06
 8.0000E-02 4.2571E-01 -4.8619E-01 -3.5763E-06  2.5332E-06
 8.0000E-02 4.2775E-01 -4.8761E-01 -9.2983E-06 -2.6226E-06
 8.0000E-02 4.2981E-01 -4.8874E-01 -4.7684E-07 -4.4703E-07
 8.0000E-02 4.3188E-01 -4.8953E-01 -9.0599E-06  7.4506E-07
 8.0000E-02 4.3398E-01 -4.8995E-01 -6.9141E-06 -5.9009E-06
 8.0000E-02 4.3610E-01 -4.8997E-01  6.6757E-06  5.6624E-06
 8.0000E-02 4.3824E-01 -4.8973E-01 -2.1458E-06  2.2352E-06
 8.0000E-02 4.4039E-01 -4.8911E-01  1.9550E-05 -3.5167E-06
 8.0000E-02 4.4257E-01 -4.8815E-01  0.0000E+00  2.4438E-06
 8.0000E-02 4.4478E-01 -4.8695E-01  1.4305E-06  4.7684E-07
 8.0000E-02 4.4700E-01 -4.8561E-01  7.1526E-06  1.9073E-06
 8.0000E-02 4.4925E-01 -4.8405E-01 -1.9073E-06  4.7684E-07
 8.0000E-02 4.5152E-01 -4.8230E-01  2.1458E-06  2.2054E-06
 8.0000E-02 4.5381E-01 -4.8038E-01 -6.1989E-06  9.2387E-07
 8.0000E-02 4.5612E-01 -4.7826E-01 -1.1921E-06 -2.8610E-06
 8.0000E-02 4.5846E-01 -4.7581E-01 -1.4305E-06  3.4571E-06
 8.0000E-02 4.6082E-01 -4.7302E-01 -5.7220E-06  2.8908E-06
 8.0000E-02 4.6321E-01 -4.6984E-01 -1.1683E-05  4.7684E-07
 8.0000E-02 4.6563E-01 -4.6600E-01 -2.6226E-06 -1.8477E-06
 8.0000E-02 4.6806E-01 -4.6131E-01  1.7643E-05  5.9605E-08
 8.0000E-02 4.7053E-01 -4.5561E-01  1.4305E-06  2.9802E-08
 8.0000E-02 4.7302E-01 -4.4871E-01 -6.6757E-06 -3.8445E-06
 8.0000E-02 4.7553E-01 -4.4014E-01  1.4782E-05  2.4140E-06
 8.0000E-02 4.7807E-01 -4.2960E-01 -1.1444E-05  1.6689E-06
 8.0000E-02 4.8065E-01 -4.1674E-01  3.8147E-06 -2.7418E-06
 8.0000E-02 4.8324E-01 -4.0114E-01 -7.1526E-06  3.5167E-06
 8.0000E-02 4.8587E-01 -3.8254E-01 -1.4305E-06 -2.0564E-06
 8.0000E-02 4.8852E-01 -3.6077E-01  5.2452E-06  2.9206E-06
 8.0000E-02 4.9121E-01 -3.3570E-01  8.1062E-06  1.9670E-06
 8.0000E-02 4.9392E-01 -3.0748E-01 -4.7684E-07  1.4901E-06
 8.0000E-02 4.9667E-01 -2.7682E-01 -1.3351E-05 -2.9802E-07
 8.0000E-02 4.9944E-01 -2.4461E-01 -1.5259E-05 -6.2585E-07
 8.0000E-02 5.0225E-01 -2.1074E-01  6.1989E-06  1.4305E-06
 8.0000E-02 5.0508E-01 -1.7594E-01 -4.2915E-06 -3.3975E-06
 8.0000E-02 5.0795E-01 -1.4056E-01  5.2452E-06 -2.4140E-06
 8.0000E-02 5.1086E-01 -1.0488E-01  1.1444E-05 -1.2070E-06
 8.0000E-02 5.1379E-01 -6.9044E-02  4.2915E-06 -3.8967E-06
 8.0000E-02 5.1676E-01 -3.2821E-02  1.8120E-05 -1.1250E-06
 8.0000E-02 5.1977E-01  4.0899E-03 -1.0014E-05  1.4016E-07
 8.0000E-02 5.2281E-01  4.4108E-02  2.8610E-06 -5.8152E-06
 8.0000E-02 5.2588E-01  8.6332E-02 -1.6689E-05  4.5151E-06
 8.0000E-02 5.2899E-01  1.2892E-01  2.4319E-05  1.1221E-05
 8.0000E-02 5.3214E-01  1.7123E-01  4.2915E-06 -8.1509E-06
 8.0000E-02 5.3533E-01  2.1261E-01 -2.5272E-05  1.0878E-06
 8.0000E-02 5.3855E-01  2.5245E-01  1.3351E-05  8.9705E-06
 8.0000E-02 5.4182E-01  2.9029E-01  3.1471E-05 -1.0401E-05
 8.0000E-02 5.4512E-01  3.2555E-01  2.4319E-05  1.2219E-06
 8.0000E-02 5.4847E-01  3.5765E-01  3.8147E-05 -1.0520E-05
 8.0000E-02 5.5185E-01  3.8521E-01 -3.0518E-05  2.3574E-05
 8.0000E-02 5.5528E-01  4.0883E-01 -1.6212E-05  2.7090E-05
 8.0000E-02 5.5875E-01  4.2850E-01  1.0490E-05 -1.6212E-05
 8.0000E-02 5.6226E-01  4.4438E-01 -2.6703E-05 -2.9802E-06
 8.0000E-02 5.6582E-01  4.5689E-01 -1.9073E-05 -2.1458E-06
 8.0000E-02 5.6943E-01  4.6678E-01  1.5259E-05 -1.5408E-05
 8.0000E-02 5.7308E-01  4.7500E-01  2.0504E-05  2.4140E-06
 8.0000E-02 5.7677E-01  4.8236E-01  0.0000E+00 -3.6061E-06
 8.0000E-02 5.8052E-01  4.8940E-01  5.7697E-05 -3.0100E-05
 8.0000E-02 5.8431E-01  4.9638E-01 -2.8610E-06 -4.2915E-06
 8.0000E-02 5.8816E-01  5.0283E-01  5.6744E-05 -1.0073E-05
 8.0000E-02 5.9205E-01  5.0792E-01  1.4448E-04  2.3782E-05
 8.0000E-02 5.9600E-01  5.1095E-01 -5.1498E-05 -2.9624E-05
 8.0000E-02 6.0000E-01  5.1161E-01  4.2915E-06  2.2948E-05
