 DDSCAT --- DDSCAT 7.3.3 [22.01.20]   
 TARGET --->TARGSPHER  spherical target with explicit spacing                 
 GPFAFT --- method of solution 
 FLTRCD --- prescription for polarizabilities
 FROM_FILE --- shape 
    4169 = NAT0 = number of dipoles
 ../../diel/Pena-Rioux_dielectric_26Au_74Ag                  
 ../../diel/Pena-Rioux_dielectric_76Au_24Ag                  
 ../../diel/Pena-Rioux_dielectric_92Au_8Ag                   
   0.000   0.000 = beta_min, beta_max ;  NBETA = 1
   0.000   0.000 = theta_min, theta_max; NTHETA= 1
   0.000   0.000 = phi_min, phi_max   ;   NPHI = 1
 0.5000 = ETASCA (param. controlling # of scatt. dirs used to calculate <cos> etc.
 Results averaged over    1 target orientations
                   and  2 incident polarizations
   aeff       wave       Q_ext     Q_abs      Q_sca     g(1)=<cos>  <cos^2>    Q_bk       Nsca
 4.0000E-02 3.0000E-01 2.5955E+00 1.7904E+00 8.0516E-01  2.4790E-01 4.1398E-01 4.2194E-02   408
 4.0000E-02 3.0101E-01 2.5885E+00 1.7900E+00 7.9842E-01  2.4618E-01 4.1380E-01 4.2199E-02   408
 4.0000E-02 3.0203E-01 2.5814E+00 1.7897E+00 7.9168E-01  2.4446E-01 4.1363E-01 4.2195E-02   408
 4.0000E-02 3.0305E-01 2.5742E+00 1.7893E+00 7.8488E-01  2.4276E-01 4.1345E-01 4.2180E-02   408
 4.0000E-02 3.0408E-01 2.5669E+00 1.7889E+00 7.7804E-01  2.4107E-01 4.1329E-01 4.2155E-02   408
 4.0000E-02 3.0512E-01 2.5596E+00 1.7884E+00 7.7115E-01  2.3939E-01 4.1312E-01 4.2120E-02   408
 4.0000E-02 3.0616E-01 2.5521E+00 1.7879E+00 7.6423E-01  2.3773E-01 4.1295E-01 4.2074E-02   408
 4.0000E-02 3.0722E-01 2.5446E+00 1.7874E+00 7.5728E-01  2.3607E-01 4.1279E-01 4.2019E-02   408
 4.0000E-02 3.0828E-01 2.5372E+00 1.7868E+00 7.5039E-01  2.3441E-01 4.1263E-01 4.1961E-02   408
 4.0000E-02 3.0934E-01 2.5302E+00 1.7864E+00 7.4381E-01  2.3274E-01 4.1247E-01 4.1918E-02   408
 4.0000E-02 3.1042E-01 2.5231E+00 1.7859E+00 7.3723E-01  2.3107E-01 4.1232E-01 4.1866E-02   408
 4.0000E-02 3.1150E-01 2.5160E+00 1.7854E+00 7.3058E-01  2.2941E-01 4.1216E-01 4.1805E-02   408
 4.0000E-02 3.1259E-01 2.5087E+00 1.7848E+00 7.2388E-01  2.2776E-01 4.1200E-01 4.1734E-02   408
 4.0000E-02 3.1368E-01 2.5013E+00 1.7842E+00 7.1714E-01  2.2611E-01 4.1185E-01 4.1654E-02   408
 4.0000E-02 3.1479E-01 2.4938E+00 1.7835E+00 7.1037E-01  2.2458E-01 4.1186E-01 4.1565E-02   362
 4.0000E-02 3.1590E-01 2.4863E+00 1.7827E+00 7.0357E-01  2.2294E-01 4.1171E-01 4.1466E-02   362
 4.0000E-02 3.1702E-01 2.4786E+00 1.7819E+00 6.9672E-01  2.2132E-01 4.1156E-01 4.1359E-02   363
 4.0000E-02 3.1815E-01 2.4703E+00 1.7808E+00 6.8955E-01  2.1972E-01 4.1142E-01 4.1224E-02   363
 4.0000E-02 3.1929E-01 2.4617E+00 1.7795E+00 6.8224E-01  2.1813E-01 4.1129E-01 4.1072E-02   363
 4.0000E-02 3.2043E-01 2.4530E+00 1.7781E+00 6.7486E-01  2.1655E-01 4.1115E-01 4.0908E-02   363
 4.0000E-02 3.2158E-01 2.4440E+00 1.7766E+00 6.6736E-01  2.1498E-01 4.1102E-01 4.0729E-02   363
 4.0000E-02 3.2274E-01 2.4347E+00 1.7750E+00 6.5979E-01  2.1342E-01 4.1089E-01 4.0538E-02   363
 4.0000E-02 3.2391E-01 2.4253E+00 1.7732E+00 6.5214E-01  2.1186E-01 4.1076E-01 4.0334E-02   363
 4.0000E-02 3.2509E-01 2.4156E+00 1.7713E+00 6.4440E-01  2.1032E-01 4.1063E-01 4.0117E-02   363
 4.0000E-02 3.2628E-01 2.4058E+00 1.7692E+00 6.3658E-01  2.0878E-01 4.1051E-01 3.9887E-02   363
 4.0000E-02 3.2747E-01 2.3947E+00 1.7666E+00 6.2816E-01  2.0729E-01 4.1039E-01 3.9606E-02   363
 4.0000E-02 3.2868E-01 2.3837E+00 1.7639E+00 6.1985E-01  2.0579E-01 4.1027E-01 3.9326E-02   363
 4.0000E-02 3.2989E-01 2.3729E+00 1.7612E+00 6.1168E-01  2.0428E-01 4.1016E-01 3.9048E-02   363
 4.0000E-02 3.3111E-01 2.3621E+00 1.7585E+00 6.0365E-01  2.0276E-01 4.1004E-01 3.8775E-02   363
 4.0000E-02 3.3234E-01 2.3515E+00 1.7556E+00 5.9586E-01  2.0120E-01 4.0992E-01 3.8511E-02   363
 4.0000E-02 3.3358E-01 2.3410E+00 1.7528E+00 5.8820E-01  1.9964E-01 4.0981E-01 3.8251E-02   363
 4.0000E-02 3.3483E-01 2.3307E+00 1.7499E+00 5.8073E-01  1.9806E-01 4.0969E-01 3.7998E-02   363
 4.0000E-02 3.3609E-01 2.3209E+00 1.7472E+00 5.7372E-01  1.9643E-01 4.0957E-01 3.7775E-02   363
 4.0000E-02 3.3736E-01 2.3123E+00 1.7449E+00 5.6741E-01  1.9473E-01 4.0944E-01 3.7599E-02   363
 4.0000E-02 3.3864E-01 2.3043E+00 1.7428E+00 5.6158E-01  1.9299E-01 4.0931E-01 3.7455E-02   363
 4.0000E-02 3.3992E-01 2.2971E+00 1.7409E+00 5.5627E-01  1.9120E-01 4.0918E-01 3.7344E-02   363
 4.0000E-02 3.4122E-01 2.2907E+00 1.7392E+00 5.5147E-01  1.8936E-01 4.0905E-01 3.7268E-02   363
 4.0000E-02 3.4253E-01 2.2851E+00 1.7378E+00 5.4722E-01  1.8749E-01 4.0891E-01 3.7229E-02   363
 4.0000E-02 3.4385E-01 2.2802E+00 1.7367E+00 5.4351E-01  1.8556E-01 4.0877E-01 3.7229E-02   363
 4.0000E-02 3.4517E-01 2.2766E+00 1.7361E+00 5.4052E-01  1.8359E-01 4.0863E-01 3.7279E-02   363
 4.0000E-02 3.4651E-01 2.2743E+00 1.7360E+00 5.3835E-01  1.8155E-01 4.0848E-01 3.7389E-02   363
 4.0000E-02 3.4786E-01 2.2731E+00 1.7363E+00 5.3681E-01  1.7949E-01 4.0833E-01 3.7544E-02   363
 4.0000E-02 3.4922E-01 2.2730E+00 1.7371E+00 5.3594E-01  1.7739E-01 4.0818E-01 3.7748E-02   363
 4.0000E-02 3.5059E-01 2.2741E+00 1.7384E+00 5.3572E-01  1.7526E-01 4.0802E-01 3.8001E-02   363
 4.0000E-02 3.5197E-01 2.2763E+00 1.7401E+00 5.3622E-01  1.7309E-01 4.0787E-01 3.8307E-02   363
 4.0000E-02 3.5336E-01 2.2798E+00 1.7424E+00 5.3743E-01  1.7090E-01 4.0771E-01 3.8668E-02   363
 4.0000E-02 3.5476E-01 2.2848E+00 1.7454E+00 5.3944E-01  1.6870E-01 4.0755E-01 3.9090E-02   363
 4.0000E-02 3.5618E-01 2.2910E+00 1.7489E+00 5.4212E-01  1.6648E-01 4.0739E-01 3.9565E-02   363
 4.0000E-02 3.5760E-01 2.2984E+00 1.7530E+00 5.4545E-01  1.6425E-01 4.0724E-01 4.0091E-02   363
 4.0000E-02 3.5904E-01 2.3071E+00 1.7576E+00 5.4946E-01  1.6202E-01 4.0708E-01 4.0671E-02   363
 4.0000E-02 3.6048E-01 2.3170E+00 1.7629E+00 5.5416E-01  1.5977E-01 4.0692E-01 4.1309E-02   363
 4.0000E-02 3.6194E-01 2.3283E+00 1.7687E+00 5.5958E-01  1.5752E-01 4.0676E-01 4.2007E-02   363
 4.0000E-02 3.6341E-01 2.3410E+00 1.7753E+00 5.6573E-01  1.5526E-01 4.0660E-01 4.2767E-02   363
 4.0000E-02 3.6490E-01 2.3548E+00 1.7824E+00 5.7247E-01  1.5301E-01 4.0645E-01 4.3578E-02   363
 4.0000E-02 3.6639E-01 2.3698E+00 1.7900E+00 5.7979E-01  1.5076E-01 4.0629E-01 4.4443E-02   363
 4.0000E-02 3.6790E-01 2.3859E+00 1.7982E+00 5.8775E-01  1.4850E-01 4.0614E-01 4.5366E-02   363
 4.0000E-02 3.6942E-01 2.4033E+00 1.8070E+00 5.9635E-01  1.4625E-01 4.0599E-01 4.6347E-02   363
 4.0000E-02 3.7095E-01 2.4220E+00 1.8164E+00 6.0562E-01  1.4400E-01 4.0583E-01 4.7392E-02   363
 4.0000E-02 3.7250E-01 2.4420E+00 1.8264E+00 6.1557E-01  1.4174E-01 4.0568E-01 4.8502E-02   363
 4.0000E-02 3.7406E-01 2.4630E+00 1.8370E+00 6.2602E-01  1.3949E-01 4.0554E-01 4.9665E-02   363
 4.0000E-02 3.7563E-01 2.4851E+00 1.8480E+00 6.3712E-01  1.3722E-01 4.0539E-01 5.0892E-02   363
 4.0000E-02 3.7722E-01 2.5083E+00 1.8596E+00 6.4879E-01  1.3497E-01 4.0524E-01 5.2179E-02   363
 4.0000E-02 3.7881E-01 2.5328E+00 1.8717E+00 6.6109E-01  1.3270E-01 4.0510E-01 5.3533E-02   363
 4.0000E-02 3.8043E-01 2.5586E+00 1.8845E+00 6.7409E-01  1.3044E-01 4.0496E-01 5.4959E-02   363
 4.0000E-02 3.8205E-01 2.5855E+00 1.8978E+00 6.8772E-01  1.2817E-01 4.0482E-01 5.6456E-02   363
 4.0000E-02 3.8369E-01 2.6136E+00 1.9117E+00 7.0193E-01  1.2590E-01 4.0468E-01 5.8017E-02   363
 4.0000E-02 3.8534E-01 2.6428E+00 1.9260E+00 7.1680E-01  1.2362E-01 4.0454E-01 5.9654E-02   363
 4.0000E-02 3.8701E-01 2.6733E+00 1.9409E+00 7.3232E-01  1.2133E-01 4.0441E-01 6.1368E-02   363
 4.0000E-02 3.8870E-01 2.7050E+00 1.9564E+00 7.4863E-01  1.1903E-01 4.0428E-01 6.3169E-02   363
 4.0000E-02 3.9039E-01 2.7382E+00 1.9725E+00 7.6570E-01  1.1680E-01 4.0432E-01 6.5061E-02   323
 4.0000E-02 3.9211E-01 2.7726E+00 1.9891E+00 7.8349E-01  1.1447E-01 4.0419E-01 6.7039E-02   323
 4.0000E-02 3.9383E-01 2.8084E+00 2.0063E+00 8.0207E-01  1.1215E-01 4.0406E-01 6.9111E-02   323
 4.0000E-02 3.9558E-01 2.8456E+00 2.0241E+00 8.2148E-01  1.0981E-01 4.0394E-01 7.1284E-02   323
 4.0000E-02 3.9733E-01 2.8844E+00 2.0425E+00 8.4187E-01  1.0745E-01 4.0381E-01 7.3570E-02   323
 4.0000E-02 3.9911E-01 2.9248E+00 2.0616E+00 8.6323E-01  1.0508E-01 4.0369E-01 7.5976E-02   323
 4.0000E-02 4.0090E-01 2.9669E+00 2.0814E+00 8.8556E-01  1.0270E-01 4.0358E-01 7.8498E-02   323
 4.0000E-02 4.0270E-01 3.0108E+00 2.1018E+00 9.0897E-01  1.0032E-01 4.0346E-01 8.1148E-02   323
 4.0000E-02 4.0452E-01 3.0566E+00 2.1230E+00 9.3354E-01  9.7920E-02 4.0335E-01 8.3939E-02   323
 4.0000E-02 4.0636E-01 3.1044E+00 2.1450E+00 9.5936E-01  9.5517E-02 4.0324E-01 8.6880E-02   323
 4.0000E-02 4.0822E-01 3.1545E+00 2.1680E+00 9.8649E-01  9.3104E-02 4.0313E-01 8.9979E-02   323
 4.0000E-02 4.1009E-01 3.2067E+00 2.1918E+00 1.0150E+00  9.0689E-02 4.0302E-01 9.3240E-02   323
 4.0000E-02 4.1198E-01 3.2615E+00 2.2166E+00 1.0449E+00  8.8271E-02 4.0292E-01 9.6678E-02   323
 4.0000E-02 4.1389E-01 3.3187E+00 2.2424E+00 1.0763E+00  8.5852E-02 4.0282E-01 1.0030E-01   323
 4.0000E-02 4.1581E-01 3.3785E+00 2.2693E+00 1.1093E+00  8.3431E-02 4.0272E-01 1.0410E-01   323
 4.0000E-02 4.1776E-01 3.4409E+00 2.2973E+00 1.1436E+00  8.1015E-02 4.0263E-01 1.0809E-01   323
 4.0000E-02 4.1972E-01 3.5056E+00 2.3263E+00 1.1793E+00  7.8608E-02 4.0254E-01 1.1225E-01   323
 4.0000E-02 4.2170E-01 3.5725E+00 2.3563E+00 1.2162E+00  7.6214E-02 4.0245E-01 1.1657E-01   323
 4.0000E-02 4.2370E-01 3.6413E+00 2.3873E+00 1.2541E+00  7.3841E-02 4.0236E-01 1.2103E-01   323
 4.0000E-02 4.2571E-01 3.7116E+00 2.4189E+00 1.2927E+00  7.1492E-02 4.0228E-01 1.2560E-01   323
 4.0000E-02 4.2775E-01 3.7828E+00 2.4511E+00 1.3317E+00  6.9170E-02 4.0220E-01 1.3026E-01   323
 4.0000E-02 4.2981E-01 3.8547E+00 2.4836E+00 1.3711E+00  6.6876E-02 4.0213E-01 1.3501E-01   323
 4.0000E-02 4.3188E-01 3.9274E+00 2.5165E+00 1.4109E+00  6.4611E-02 4.0206E-01 1.3984E-01   323
 4.0000E-02 4.3398E-01 4.0006E+00 2.5496E+00 1.4511E+00  6.2375E-02 4.0199E-01 1.4476E-01   323
 4.0000E-02 4.3610E-01 4.0746E+00 2.5828E+00 1.4918E+00  6.0170E-02 4.0193E-01 1.4978E-01   323
 4.0000E-02 4.3824E-01 4.1492E+00 2.6162E+00 1.5330E+00  5.8001E-02 4.0187E-01 1.5489E-01   323
 4.0000E-02 4.4039E-01 4.2252E+00 2.6500E+00 1.5752E+00  5.5870E-02 4.0182E-01 1.6013E-01   323
 4.0000E-02 4.4257E-01 4.3025E+00 2.6842E+00 1.6183E+00  5.3784E-02 4.0177E-01 1.6551E-01   323
 4.0000E-02 4.4478E-01 4.3812E+00 2.7189E+00 1.6623E+00  5.1748E-02 4.0172E-01 1.7101E-01   323
 4.0000E-02 4.4700E-01 4.4616E+00 2.7540E+00 1.7076E+00  4.9769E-02 4.0168E-01 1.7666E-01   323
 4.0000E-02 4.4925E-01 4.5437E+00 2.7898E+00 1.7539E+00  4.7850E-02 4.0164E-01 1.8243E-01   323
 4.0000E-02 4.5152E-01 4.6272E+00 2.8261E+00 1.8012E+00  4.5996E-02 4.0161E-01 1.8832E-01   323
 4.0000E-02 4.5381E-01 4.7119E+00 2.8628E+00 1.8491E+00  4.4209E-02 4.0158E-01 1.9430E-01   323
 4.0000E-02 4.5612E-01 4.7981E+00 2.8999E+00 1.8982E+00  4.2489E-02 4.0155E-01 2.0040E-01   323
 4.0000E-02 4.5846E-01 4.8856E+00 2.9374E+00 1.9482E+00  4.0833E-02 4.0152E-01 2.0660E-01   323
 4.0000E-02 4.6082E-01 4.9741E+00 2.9751E+00 1.9990E+00  3.9242E-02 4.0150E-01 2.1290E-01   323
 4.0000E-02 4.6321E-01 5.0638E+00 3.0129E+00 2.0509E+00  3.7713E-02 4.0147E-01 2.1932E-01   323
 4.0000E-02 4.6563E-01 5.1553E+00 3.0509E+00 2.1044E+00  3.6239E-02 4.0145E-01 2.2592E-01   323
 4.0000E-02 4.6806E-01 5.2484E+00 3.0889E+00 2.1596E+00  3.4816E-02 4.0143E-01 2.3271E-01   323
 4.0000E-02 4.7053E-01 5.3437E+00 3.1268E+00 2.2169E+00  3.3439E-02 4.0141E-01 2.3975E-01   323
 4.0000E-02 4.7302E-01 5.4415E+00 3.1646E+00 2.2769E+00  3.2099E-02 4.0140E-01 2.4710E-01   323
 4.0000E-02 4.7553E-01 5.5422E+00 3.2021E+00 2.3402E+00  3.0789E-02 4.0138E-01 2.5482E-01   323
 4.0000E-02 4.7807E-01 5.6459E+00 3.2390E+00 2.4069E+00  2.9500E-02 4.0136E-01 2.6297E-01   323
 4.0000E-02 4.8065E-01 5.7530E+00 3.2751E+00 2.4779E+00  2.8224E-02 4.0134E-01 2.7162E-01   323
 4.0000E-02 4.8324E-01 5.8638E+00 3.3100E+00 2.5538E+00  2.6951E-02 4.0133E-01 2.8085E-01   323
 4.0000E-02 4.8587E-01 5.9776E+00 3.3430E+00 2.6346E+00  2.5673E-02 4.0131E-01 2.9069E-01   323
 4.0000E-02 4.8852E-01 6.0940E+00 3.3735E+00 2.7205E+00  2.4384E-02 4.0129E-01 3.0118E-01   323
 4.0000E-02 4.9121E-01 6.2124E+00 3.4004E+00 2.8121E+00  2.3079E-02 4.0128E-01 3.1236E-01   323
 4.0000E-02 4.9392E-01 6.3306E+00 3.4224E+00 2.9082E+00  2.1758E-02 4.0126E-01 3.2415E-01   323
 4.0000E-02 4.9667E-01 6.4462E+00 3.4382E+00 3.0080E+00  2.0427E-02 4.0125E-01 3.3643E-01   323
 4.0000E-02 4.9944E-01 6.5562E+00 3.4459E+00 3.1103E+00  1.9089E-02 4.0124E-01 3.4908E-01   323
 4.0000E-02 5.0225E-01 6.6562E+00 3.4436E+00 3.2126E+00  1.7757E-02 4.0123E-01 3.6180E-01   323
 4.0000E-02 5.0508E-01 6.7406E+00 3.4290E+00 3.3116E+00  1.6442E-02 4.0122E-01 3.7419E-01   323
 4.0000E-02 5.0795E-01 6.8038E+00 3.4001E+00 3.4038E+00  1.5155E-02 4.0121E-01 3.8585E-01   324
 4.0000E-02 5.1086E-01 6.8388E+00 3.3544E+00 3.4844E+00  1.3901E-02 4.0121E-01 3.9621E-01   324
 4.0000E-02 5.1379E-01 6.8390E+00 3.2908E+00 3.5482E+00  1.2726E-02 4.0141E-01 4.0465E-01   285
 4.0000E-02 5.1676E-01 6.7988E+00 3.2081E+00 3.5907E+00  1.1554E-02 4.0140E-01 4.1063E-01   285
 4.0000E-02 5.1977E-01 6.7134E+00 3.1064E+00 3.6070E+00  1.0420E-02 4.0140E-01 4.1357E-01   285
 4.0000E-02 5.2281E-01 6.5819E+00 2.9875E+00 3.5944E+00  9.3206E-03 4.0140E-01 4.1314E-01   285
 4.0000E-02 5.2588E-01 6.4057E+00 2.8540E+00 3.5517E+00  8.2513E-03 4.0140E-01 4.0918E-01   285
 4.0000E-02 5.2899E-01 6.1888E+00 2.7096E+00 3.4791E+00  7.2070E-03 4.0139E-01 4.0172E-01   285
 4.0000E-02 5.3214E-01 5.9389E+00 2.5588E+00 3.3801E+00  6.1844E-03 4.0139E-01 3.9112E-01   285
 4.0000E-02 5.3533E-01 5.6639E+00 2.4057E+00 3.2582E+00  5.1763E-03 4.0138E-01 3.7780E-01   285
 4.0000E-02 5.3855E-01 5.3727E+00 2.2547E+00 3.1180E+00  4.1759E-03 4.0138E-01 3.6227E-01   285
 4.0000E-02 5.4182E-01 5.0747E+00 2.1095E+00 2.9652E+00  3.1779E-03 4.0137E-01 3.4521E-01   285
 4.0000E-02 5.4512E-01 4.7781E+00 1.9735E+00 2.8046E+00  2.1769E-03 4.0136E-01 3.2715E-01   285
 4.0000E-02 5.4847E-01 4.4907E+00 1.8493E+00 2.6414E+00  1.1750E-03 4.0135E-01 3.0872E-01   285
 4.0000E-02 5.5185E-01 4.2185E+00 1.7379E+00 2.4806E+00  1.7379E-04 4.0133E-01 2.9051E-01   285
 4.0000E-02 5.5528E-01 3.9655E+00 1.6394E+00 2.3261E+00 -8.2428E-04 4.0132E-01 2.7294E-01   285
 4.0000E-02 5.5875E-01 3.7330E+00 1.5527E+00 2.1804E+00 -1.8184E-03 4.0131E-01 2.5636E-01   285
 4.0000E-02 5.6226E-01 3.5204E+00 1.4755E+00 2.0449E+00 -2.8050E-03 4.0130E-01 2.4092E-01   285
 4.0000E-02 5.6582E-01 3.3253E+00 1.4060E+00 1.9193E+00 -3.7813E-03 4.0130E-01 2.2658E-01   285
 4.0000E-02 5.6943E-01 3.1450E+00 1.3421E+00 1.8029E+00 -4.7494E-03 4.0129E-01 2.1327E-01   285
 4.0000E-02 5.7308E-01 2.9773E+00 1.2832E+00 1.6942E+00 -5.7097E-03 4.0129E-01 2.0081E-01   285
 4.0000E-02 5.7677E-01 2.8207E+00 1.2289E+00 1.5918E+00 -6.6646E-03 4.0128E-01 1.8905E-01   285
 4.0000E-02 5.8052E-01 2.6753E+00 1.1803E+00 1.4950E+00 -7.6152E-03 4.0127E-01 1.7790E-01   285
 4.0000E-02 5.8431E-01 2.5423E+00 1.1388E+00 1.4035E+00 -8.5585E-03 4.0126E-01 1.6734E-01   285
 4.0000E-02 5.8816E-01 2.4234E+00 1.1053E+00 1.3181E+00 -9.4879E-03 4.0125E-01 1.5745E-01   285
 4.0000E-02 5.9205E-01 2.3186E+00 1.0792E+00 1.2395E+00 -1.0395E-02 4.0124E-01 1.4834E-01   285
 4.0000E-02 5.9600E-01 2.2270E+00 1.0595E+00 1.1675E+00 -1.1273E-02 4.0123E-01 1.3998E-01   285
 4.0000E-02 6.0000E-01 2.1474E+00 1.0456E+00 1.1017E+00 -1.2116E-02 4.0122E-01 1.3232E-01   285
