 DDSCAT --- DDSCAT 7.3.3 [22.01.20]   
 TARGET --->TARGSPHER  spherical target with explicit spacing                 
 GPFAFT --- method of solution 
 FLTRCD --- prescription for polarizabilities
 FROM_FILE --- shape 
    4169 = NAT0 = number of dipoles
 ../../diel/Pena-Rioux_dielectric_26Au_74Ag                  
 ../../diel/Pena-Rioux_dielectric_34Au_66Ag                  
 ../../diel/Pena-Rioux_dielectric_52Au_48Ag                  
 ../../diel/Pena-Rioux_dielectric_85Au_15Ag                  
   0.000   0.000 = beta_min, beta_max ;  NBETA = 1
   0.000   0.000 = theta_min, theta_max; NTHETA= 1
   0.000   0.000 = phi_min, phi_max   ;   NPHI = 1
 0.5000 = ETASCA (param. controlling # of scatt. dirs used to calculate <cos> etc.
 Results averaged over    1 target orientations
                   and  2 incident polarizations
   aeff       wave       Q_ext     Q_abs      Q_sca     g(1)=<cos>  <cos^2>    Q_bk       Nsca
 4.0000E-02 3.0000E-01 2.4702E+00 1.7393E+00 7.3094E-01  2.4633E-01 4.1453E-01 3.8766E-02   408
 4.0000E-02 3.0101E-01 2.4608E+00 1.7375E+00 7.2328E-01  2.4452E-01 4.1434E-01 3.8692E-02   408
 4.0000E-02 3.0203E-01 2.4512E+00 1.7356E+00 7.1559E-01  2.4272E-01 4.1415E-01 3.8610E-02   408
 4.0000E-02 3.0305E-01 2.4415E+00 1.7337E+00 7.0787E-01  2.4092E-01 4.1397E-01 3.8518E-02   408
 4.0000E-02 3.0408E-01 2.4317E+00 1.7316E+00 7.0011E-01  2.3912E-01 4.1379E-01 3.8416E-02   408
 4.0000E-02 3.0512E-01 2.4217E+00 1.7294E+00 6.9232E-01  2.3732E-01 4.1361E-01 3.8305E-02   408
 4.0000E-02 3.0616E-01 2.4116E+00 1.7271E+00 6.8450E-01  2.3552E-01 4.1343E-01 3.8185E-02   408
 4.0000E-02 3.0722E-01 2.4014E+00 1.7247E+00 6.7666E-01  2.3372E-01 4.1325E-01 3.8056E-02   408
 4.0000E-02 3.0828E-01 2.3911E+00 1.7222E+00 6.6887E-01  2.3191E-01 4.1308E-01 3.7924E-02   408
 4.0000E-02 3.0934E-01 2.3812E+00 1.7198E+00 6.6139E-01  2.3008E-01 4.1290E-01 3.7805E-02   408
 4.0000E-02 3.1042E-01 2.3713E+00 1.7174E+00 6.5391E-01  2.2823E-01 4.1272E-01 3.7680E-02   408
 4.0000E-02 3.1150E-01 2.3612E+00 1.7148E+00 6.4646E-01  2.2638E-01 4.1255E-01 3.7550E-02   408
 4.0000E-02 3.1259E-01 2.3511E+00 1.7121E+00 6.3902E-01  2.2453E-01 4.1238E-01 3.7413E-02   408
 4.0000E-02 3.1368E-01 2.3409E+00 1.7093E+00 6.3160E-01  2.2267E-01 4.1220E-01 3.7272E-02   408
 4.0000E-02 3.1479E-01 2.3307E+00 1.7065E+00 6.2421E-01  2.2090E-01 4.1219E-01 3.7125E-02   362
 4.0000E-02 3.1590E-01 2.3203E+00 1.7035E+00 6.1684E-01  2.1903E-01 4.1202E-01 3.6973E-02   362
 4.0000E-02 3.1702E-01 2.3099E+00 1.7004E+00 6.0950E-01  2.1714E-01 4.1185E-01 3.6817E-02   363
 4.0000E-02 3.1815E-01 2.2990E+00 1.6970E+00 6.0197E-01  2.1526E-01 4.1168E-01 3.6642E-02   363
 4.0000E-02 3.1929E-01 2.2880E+00 1.6935E+00 5.9443E-01  2.1337E-01 4.1151E-01 3.6458E-02   363
 4.0000E-02 3.2043E-01 2.2768E+00 1.6899E+00 5.8693E-01  2.1149E-01 4.1135E-01 3.6270E-02   363
 4.0000E-02 3.2158E-01 2.2656E+00 1.6862E+00 5.7948E-01  2.0960E-01 4.1119E-01 3.6077E-02   363
 4.0000E-02 3.2274E-01 2.2544E+00 1.6823E+00 5.7209E-01  2.0771E-01 4.1103E-01 3.5880E-02   363
 4.0000E-02 3.2391E-01 2.2431E+00 1.6783E+00 5.6476E-01  2.0582E-01 4.1087E-01 3.5679E-02   363
 4.0000E-02 3.2509E-01 2.2317E+00 1.6742E+00 5.5749E-01  2.0392E-01 4.1071E-01 3.5475E-02   363
 4.0000E-02 3.2628E-01 2.2203E+00 1.6700E+00 5.5031E-01  2.0203E-01 4.1055E-01 3.5268E-02   363
 4.0000E-02 3.2747E-01 2.2082E+00 1.6653E+00 5.4293E-01  2.0016E-01 4.1040E-01 3.5038E-02   363
 4.0000E-02 3.2868E-01 2.1964E+00 1.6606E+00 5.3583E-01  1.9829E-01 4.1025E-01 3.4818E-02   363
 4.0000E-02 3.2989E-01 2.1849E+00 1.6559E+00 5.2904E-01  1.9642E-01 4.1010E-01 3.4612E-02   363
 4.0000E-02 3.3111E-01 2.1739E+00 1.6513E+00 5.2257E-01  1.9455E-01 4.0995E-01 3.4420E-02   363
 4.0000E-02 3.3234E-01 2.1632E+00 1.6467E+00 5.1645E-01  1.9267E-01 4.0980E-01 3.4244E-02   363
 4.0000E-02 3.3358E-01 2.1528E+00 1.6422E+00 5.1069E-01  1.9079E-01 4.0965E-01 3.4086E-02   363
 4.0000E-02 3.3483E-01 2.1430E+00 1.6377E+00 5.0529E-01  1.8891E-01 4.0951E-01 3.3947E-02   363
 4.0000E-02 3.3609E-01 2.1342E+00 1.6336E+00 5.0063E-01  1.8702E-01 4.0936E-01 3.3852E-02   363
 4.0000E-02 3.3736E-01 2.1268E+00 1.6300E+00 4.9683E-01  1.8511E-01 4.0921E-01 3.3813E-02   363
 4.0000E-02 3.3864E-01 2.1203E+00 1.6267E+00 4.9361E-01  1.8318E-01 4.0906E-01 3.3812E-02   363
 4.0000E-02 3.3992E-01 2.1148E+00 1.6238E+00 4.9096E-01  1.8125E-01 4.0891E-01 3.3847E-02   363
 4.0000E-02 3.4122E-01 2.1101E+00 1.6212E+00 4.8893E-01  1.7932E-01 4.0875E-01 3.3921E-02   363
 4.0000E-02 3.4253E-01 2.1064E+00 1.6189E+00 4.8752E-01  1.7739E-01 4.0860E-01 3.4037E-02   363
 4.0000E-02 3.4385E-01 2.1037E+00 1.6170E+00 4.8676E-01  1.7545E-01 4.0845E-01 3.4197E-02   363
 4.0000E-02 3.4517E-01 2.1022E+00 1.6155E+00 4.8671E-01  1.7351E-01 4.0830E-01 3.4407E-02   363
 4.0000E-02 3.4651E-01 2.1020E+00 1.6147E+00 4.8732E-01  1.7156E-01 4.0815E-01 3.4665E-02   363
 4.0000E-02 3.4786E-01 2.1027E+00 1.6141E+00 4.8853E-01  1.6961E-01 4.0800E-01 3.4966E-02   363
 4.0000E-02 3.4922E-01 2.1043E+00 1.6140E+00 4.9034E-01  1.6766E-01 4.0785E-01 3.5311E-02   363
 4.0000E-02 3.5059E-01 2.1071E+00 1.6143E+00 4.9278E-01  1.6571E-01 4.0770E-01 3.5704E-02   363
 4.0000E-02 3.5197E-01 2.1109E+00 1.6150E+00 4.9587E-01  1.6376E-01 4.0755E-01 3.6145E-02   363
 4.0000E-02 3.5336E-01 2.1158E+00 1.6162E+00 4.9962E-01  1.6181E-01 4.0741E-01 3.6638E-02   363
 4.0000E-02 3.5476E-01 2.1216E+00 1.6177E+00 5.0391E-01  1.5986E-01 4.0726E-01 3.7174E-02   363
 4.0000E-02 3.5618E-01 2.1283E+00 1.6195E+00 5.0876E-01  1.5792E-01 4.0711E-01 3.7754E-02   363
 4.0000E-02 3.5760E-01 2.1360E+00 1.6218E+00 5.1420E-01  1.5597E-01 4.0697E-01 3.8383E-02   363
 4.0000E-02 3.5904E-01 2.1447E+00 1.6244E+00 5.2029E-01  1.5403E-01 4.0682E-01 3.9064E-02   363
 4.0000E-02 3.6048E-01 2.1545E+00 1.6275E+00 5.2704E-01  1.5210E-01 4.0668E-01 3.9799E-02   363
 4.0000E-02 3.6194E-01 2.1654E+00 1.6310E+00 5.3447E-01  1.5017E-01 4.0654E-01 4.0592E-02   363
 4.0000E-02 3.6341E-01 2.1775E+00 1.6349E+00 5.4262E-01  1.4825E-01 4.0640E-01 4.1444E-02   363
 4.0000E-02 3.6490E-01 2.1905E+00 1.6391E+00 5.5143E-01  1.4633E-01 4.0625E-01 4.2354E-02   363
 4.0000E-02 3.6639E-01 2.2048E+00 1.6438E+00 5.6099E-01  1.4442E-01 4.0612E-01 4.3327E-02   363
 4.0000E-02 3.6790E-01 2.2204E+00 1.6490E+00 5.7136E-01  1.4253E-01 4.0598E-01 4.4368E-02   363
 4.0000E-02 3.6942E-01 2.2373E+00 1.6547E+00 5.8255E-01  1.4064E-01 4.0584E-01 4.5482E-02   363
 4.0000E-02 3.7095E-01 2.2556E+00 1.6610E+00 5.9466E-01  1.3877E-01 4.0571E-01 4.6673E-02   363
 4.0000E-02 3.7250E-01 2.2756E+00 1.6679E+00 6.0775E-01  1.3692E-01 4.0557E-01 4.7949E-02   363
 4.0000E-02 3.7406E-01 2.2973E+00 1.6754E+00 6.2191E-01  1.3509E-01 4.0544E-01 4.9317E-02   363
 4.0000E-02 3.7563E-01 2.3207E+00 1.6836E+00 6.3709E-01  1.3327E-01 4.0531E-01 5.0775E-02   363
 4.0000E-02 3.7722E-01 2.3459E+00 1.6926E+00 6.5337E-01  1.3147E-01 4.0518E-01 5.2329E-02   363
 4.0000E-02 3.7881E-01 2.3731E+00 1.7023E+00 6.7083E-01  1.2969E-01 4.0505E-01 5.3989E-02   363
 4.0000E-02 3.8043E-01 2.4024E+00 1.7128E+00 6.8959E-01  1.2793E-01 4.0492E-01 5.5762E-02   363
 4.0000E-02 3.8205E-01 2.4339E+00 1.7242E+00 7.0970E-01  1.2619E-01 4.0479E-01 5.7659E-02   363
 4.0000E-02 3.8369E-01 2.4678E+00 1.7366E+00 7.3118E-01  1.2447E-01 4.0467E-01 5.9678E-02   363
 4.0000E-02 3.8534E-01 2.5041E+00 1.7500E+00 7.5411E-01  1.2276E-01 4.0454E-01 6.1829E-02   363
 4.0000E-02 3.8701E-01 2.5429E+00 1.7643E+00 7.7859E-01  1.2106E-01 4.0442E-01 6.4125E-02   363
 4.0000E-02 3.8870E-01 2.5845E+00 1.7798E+00 8.0475E-01  1.1937E-01 4.0429E-01 6.6576E-02   363
 4.0000E-02 3.9039E-01 2.6292E+00 1.7964E+00 8.3275E-01  1.1777E-01 4.0434E-01 6.9199E-02   323
 4.0000E-02 3.9211E-01 2.6767E+00 1.8142E+00 8.6251E-01  1.1609E-01 4.0422E-01 7.1992E-02   323
 4.0000E-02 3.9383E-01 2.7275E+00 1.8333E+00 8.9421E-01  1.1440E-01 4.0409E-01 7.4973E-02   323
 4.0000E-02 3.9558E-01 2.7815E+00 1.8535E+00 9.2802E-01  1.1271E-01 4.0396E-01 7.8159E-02   323
 4.0000E-02 3.9733E-01 2.8393E+00 1.8752E+00 9.6407E-01  1.1099E-01 4.0384E-01 8.1569E-02   323
 4.0000E-02 3.9911E-01 2.9009E+00 1.8984E+00 1.0025E+00  1.0926E-01 4.0371E-01 8.5225E-02   323
 4.0000E-02 4.0090E-01 2.9665E+00 1.9230E+00 1.0435E+00  1.0749E-01 4.0358E-01 8.9139E-02   323
 4.0000E-02 4.0270E-01 3.0361E+00 1.9490E+00 1.0871E+00  1.0567E-01 4.0345E-01 9.3332E-02   323
 4.0000E-02 4.0452E-01 3.1101E+00 1.9765E+00 1.1336E+00  1.0381E-01 4.0331E-01 9.7833E-02   323
 4.0000E-02 4.0636E-01 3.1886E+00 2.0056E+00 1.1830E+00  1.0187E-01 4.0318E-01 1.0267E-01   323
 4.0000E-02 4.0822E-01 3.2719E+00 2.0362E+00 1.2357E+00  9.9845E-02 4.0304E-01 1.0788E-01   323
 4.0000E-02 4.1009E-01 3.3601E+00 2.0683E+00 1.2918E+00  9.7719E-02 4.0290E-01 1.1349E-01   323
 4.0000E-02 4.1198E-01 3.4531E+00 2.1017E+00 1.3514E+00  9.5464E-02 4.0275E-01 1.1955E-01   323
 4.0000E-02 4.1389E-01 3.5510E+00 2.1363E+00 1.4147E+00  9.3058E-02 4.0261E-01 1.2609E-01   323
 4.0000E-02 4.1581E-01 3.6539E+00 2.1718E+00 1.4821E+00  9.0470E-02 4.0246E-01 1.3318E-01   323
 4.0000E-02 4.1776E-01 3.7617E+00 2.2081E+00 1.5537E+00  8.7675E-02 4.0232E-01 1.4089E-01   323
 4.0000E-02 4.1972E-01 3.8744E+00 2.2447E+00 1.6298E+00  8.4643E-02 4.0217E-01 1.4928E-01   323
 4.0000E-02 4.2170E-01 3.9918E+00 2.2812E+00 1.7107E+00  8.1364E-02 4.0203E-01 1.5841E-01   323
 4.0000E-02 4.2370E-01 4.1139E+00 2.3172E+00 1.7966E+00  7.7833E-02 4.0189E-01 1.6837E-01   323
 4.0000E-02 4.2571E-01 4.2407E+00 2.3527E+00 1.8880E+00  7.4060E-02 4.0176E-01 1.7922E-01   323
 4.0000E-02 4.2775E-01 4.3724E+00 2.3872E+00 1.9852E+00  7.0074E-02 4.0163E-01 1.9102E-01   323
 4.0000E-02 4.2981E-01 4.5091E+00 2.4208E+00 2.0883E+00  6.5938E-02 4.0152E-01 2.0377E-01   323
 4.0000E-02 4.3188E-01 4.6508E+00 2.4536E+00 2.1972E+00  6.1725E-02 4.0143E-01 2.1747E-01   323
 4.0000E-02 4.3398E-01 4.7981E+00 2.4860E+00 2.3121E+00  5.7522E-02 4.0134E-01 2.3208E-01   323
 4.0000E-02 4.3610E-01 4.9512E+00 2.5185E+00 2.4328E+00  5.3412E-02 4.0128E-01 2.4753E-01   323
 4.0000E-02 4.3824E-01 5.1099E+00 2.5517E+00 2.5583E+00  4.9484E-02 4.0123E-01 2.6366E-01   323
 4.0000E-02 4.4039E-01 5.2741E+00 2.5859E+00 2.6882E+00  4.5791E-02 4.0119E-01 2.8036E-01   323
 4.0000E-02 4.4257E-01 5.4433E+00 2.6216E+00 2.8217E+00  4.2372E-02 4.0116E-01 2.9747E-01   323
 4.0000E-02 4.4478E-01 5.6166E+00 2.6589E+00 2.9576E+00  3.9240E-02 4.0114E-01 3.1483E-01   323
 4.0000E-02 4.4700E-01 5.7922E+00 2.6980E+00 3.0943E+00  3.6405E-02 4.0113E-01 3.3221E-01   323
 4.0000E-02 4.4925E-01 5.9689E+00 2.7382E+00 3.2307E+00  3.3847E-02 4.0113E-01 3.4949E-01   323
 4.0000E-02 4.5152E-01 6.1447E+00 2.7794E+00 3.3654E+00  3.1545E-02 4.0113E-01 3.6648E-01   323
 4.0000E-02 4.5381E-01 6.3173E+00 2.8208E+00 3.4965E+00  2.9475E-02 4.0113E-01 3.8298E-01   323
 4.0000E-02 4.5612E-01 6.4841E+00 2.8618E+00 3.6223E+00  2.7610E-02 4.0113E-01 3.9878E-01   323
 4.0000E-02 4.5846E-01 6.6429E+00 2.9015E+00 3.7415E+00  2.5924E-02 4.0114E-01 4.1373E-01   323
 4.0000E-02 4.6082E-01 6.7906E+00 2.9390E+00 3.8516E+00  2.4394E-02 4.0114E-01 4.2759E-01   323
 4.0000E-02 4.6321E-01 6.9240E+00 2.9736E+00 3.9504E+00  2.3004E-02 4.0115E-01 4.4006E-01   323
 4.0000E-02 4.6563E-01 7.0402E+00 3.0045E+00 4.0358E+00  2.1737E-02 4.0115E-01 4.5094E-01   323
 4.0000E-02 4.6806E-01 7.1370E+00 3.0307E+00 4.1064E+00  2.0574E-02 4.0115E-01 4.6006E-01   323
 4.0000E-02 4.7053E-01 7.2120E+00 3.0516E+00 4.1604E+00  1.9502E-02 4.0115E-01 4.6723E-01   323
 4.0000E-02 4.7302E-01 7.2637E+00 3.0668E+00 4.1970E+00  1.8509E-02 4.0115E-01 4.7234E-01   323
 4.0000E-02 4.7553E-01 7.2926E+00 3.0758E+00 4.2168E+00  1.7578E-02 4.0115E-01 4.7549E-01   323
 4.0000E-02 4.7807E-01 7.2992E+00 3.0786E+00 4.2206E+00  1.6695E-02 4.0115E-01 4.7679E-01   323
 4.0000E-02 4.8065E-01 7.2852E+00 3.0752E+00 4.2099E+00  1.5851E-02 4.0114E-01 4.7640E-01   323
 4.0000E-02 4.8324E-01 7.2531E+00 3.0658E+00 4.1873E+00  1.5034E-02 4.0114E-01 4.7462E-01   323
 4.0000E-02 4.8587E-01 7.2062E+00 3.0504E+00 4.1558E+00  1.4233E-02 4.0113E-01 4.7182E-01   323
 4.0000E-02 4.8852E-01 7.1475E+00 3.0291E+00 4.1184E+00  1.3439E-02 4.0113E-01 4.6835E-01   323
 4.0000E-02 4.9121E-01 7.0798E+00 3.0017E+00 4.0781E+00  1.2645E-02 4.0112E-01 4.6455E-01   323
 4.0000E-02 4.9392E-01 7.0044E+00 2.9675E+00 4.0369E+00  1.1842E-02 4.0112E-01 4.6067E-01   323
 4.0000E-02 4.9667E-01 6.9211E+00 2.9257E+00 3.9954E+00  1.1028E-02 4.0112E-01 4.5675E-01   323
 4.0000E-02 4.9944E-01 6.8280E+00 2.8753E+00 3.9527E+00  1.0201E-02 4.0112E-01 4.5271E-01   323
 4.0000E-02 5.0225E-01 6.7217E+00 2.8153E+00 3.9064E+00  9.3628E-03 4.0112E-01 4.4826E-01   323
 4.0000E-02 5.0508E-01 6.5980E+00 2.7454E+00 3.8527E+00  8.5155E-03 4.0112E-01 4.4295E-01   323
 4.0000E-02 5.0795E-01 6.4536E+00 2.6656E+00 3.7880E+00  7.6649E-03 4.0112E-01 4.3634E-01   324
 4.0000E-02 5.1086E-01 6.2862E+00 2.5771E+00 3.7091E+00  6.8114E-03 4.0113E-01 4.2805E-01   324
 4.0000E-02 5.1379E-01 6.0961E+00 2.4819E+00 3.6142E+00  5.9917E-03 4.0133E-01 4.1786E-01   285
 4.0000E-02 5.1676E-01 5.8858E+00 2.3826E+00 3.5032E+00  5.1361E-03 4.0133E-01 4.0576E-01   285
 4.0000E-02 5.1977E-01 5.6597E+00 2.2821E+00 3.3776E+00  4.2793E-03 4.0133E-01 3.9191E-01   285
 4.0000E-02 5.2281E-01 5.4240E+00 2.1832E+00 3.2407E+00  3.4235E-03 4.0133E-01 3.7668E-01   285
 4.0000E-02 5.2588E-01 5.1851E+00 2.0885E+00 3.0966E+00  2.5703E-03 4.0132E-01 3.6054E-01   285
 4.0000E-02 5.2899E-01 4.9490E+00 1.9995E+00 2.9495E+00  1.7174E-03 4.0131E-01 3.4399E-01   285
 4.0000E-02 5.3214E-01 4.7203E+00 1.9167E+00 2.8037E+00  8.6096E-04 4.0130E-01 3.2754E-01   285
 4.0000E-02 5.3533E-01 4.5019E+00 1.8398E+00 2.6621E+00  7.1810E-07 4.0129E-01 3.1154E-01   285
 4.0000E-02 5.3855E-01 4.2945E+00 1.7680E+00 2.5266E+00 -8.6178E-04 4.0128E-01 2.9620E-01   285
 4.0000E-02 5.4182E-01 4.0977E+00 1.7001E+00 2.3976E+00 -1.7258E-03 4.0127E-01 2.8159E-01   285
 4.0000E-02 5.4512E-01 3.9103E+00 1.6354E+00 2.2749E+00 -2.5895E-03 4.0126E-01 2.6767E-01   285
 4.0000E-02 5.4847E-01 3.7314E+00 1.5734E+00 2.1580E+00 -3.4515E-03 4.0126E-01 2.5437E-01   285
 4.0000E-02 5.5185E-01 3.5601E+00 1.5140E+00 2.0461E+00 -4.3103E-03 4.0126E-01 2.4162E-01   285
 4.0000E-02 5.5528E-01 3.3960E+00 1.4575E+00 1.9386E+00 -5.1662E-03 4.0125E-01 2.2934E-01   285
 4.0000E-02 5.5875E-01 3.2393E+00 1.4043E+00 1.8350E+00 -6.0196E-03 4.0125E-01 2.1748E-01   285
 4.0000E-02 5.6226E-01 3.0908E+00 1.3555E+00 1.7353E+00 -6.8705E-03 4.0124E-01 2.0603E-01   285
 4.0000E-02 5.6582E-01 2.9515E+00 1.3118E+00 1.6397E+00 -7.7155E-03 4.0123E-01 1.9502E-01   285
 4.0000E-02 5.6943E-01 2.8227E+00 1.2740E+00 1.5486E+00 -8.5519E-03 4.0122E-01 1.8450E-01   285
 4.0000E-02 5.7308E-01 2.7051E+00 1.2423E+00 1.4628E+00 -9.3740E-03 4.0121E-01 1.7457E-01   285
 4.0000E-02 5.7677E-01 2.5990E+00 1.2165E+00 1.3825E+00 -1.0177E-02 4.0121E-01 1.6526E-01   285
 4.0000E-02 5.8052E-01 2.5041E+00 1.1963E+00 1.3078E+00 -1.0955E-02 4.0120E-01 1.5659E-01   285
 4.0000E-02 5.8431E-01 2.4206E+00 1.1820E+00 1.2386E+00 -1.1701E-02 4.0119E-01 1.4854E-01   285
 4.0000E-02 5.8816E-01 2.3496E+00 1.1743E+00 1.1753E+00 -1.2408E-02 4.0118E-01 1.4116E-01   285
 4.0000E-02 5.9205E-01 2.2922E+00 1.1735E+00 1.1187E+00 -1.3063E-02 4.0118E-01 1.3455E-01   285
 4.0000E-02 5.9600E-01 2.2490E+00 1.1788E+00 1.0702E+00 -1.3654E-02 4.0117E-01 1.2890E-01   285
 4.0000E-02 6.0000E-01 2.2177E+00 1.1870E+00 1.0307E+00 -1.4179E-02 4.0117E-01 1.2431E-01   285
