 DDSCAT --- DDSCAT 7.3.3 [22.01.20]   
 TARGET --->TARGSPHER  spherical target with explicit spacing                 
 GPFAFT --- method of solution 
 FLTRCD --- prescription for polarizabilities
 FROM_FILE --- shape 
    4169 = NAT0 = number of dipoles
 ../../diel/Pena-Rioux_dielectric_26Au_74Ag                  
 ../../diel/Pena-Rioux_dielectric_52Au_48Ag                  
 ../../diel/Pena-Rioux_dielectric_92Au_8Ag                   
 ../../diel/Au_evap                                          
   0.000   0.000 = beta_min, beta_max ;  NBETA = 1
   0.000   0.000 = theta_min, theta_max; NTHETA= 1
   0.000   0.000 = phi_min, phi_max   ;   NPHI = 1
 Results averaged over    1 target orientations
                   and  2 incident polarizations
   aeff       wave       Q_pha       Q_pol       Q_cpol
 1.0000E-03 3.0000E-01  1.9956E-02 -7.4506E-09 -3.3528E-08
 1.0000E-03 3.0101E-01  1.9741E-02  8.9407E-08 -2.6077E-08
 1.0000E-03 3.0203E-01  1.9517E-02  1.1921E-07 -4.0978E-08
 1.0000E-03 3.0305E-01  1.9288E-02  5.2154E-08 -2.2352E-08
 1.0000E-03 3.0408E-01  1.9053E-02  0.0000E+00  7.4506E-09
 1.0000E-03 3.0512E-01  1.8812E-02  3.7253E-08 -2.4214E-08
 1.0000E-03 3.0616E-01  1.8565E-02 -3.7253E-08 -4.6566E-08
 1.0000E-03 3.0722E-01  1.8312E-02  8.1956E-08  0.0000E+00
 1.0000E-03 3.0828E-01  1.8058E-02  0.0000E+00 -1.8626E-08
 1.0000E-03 3.0934E-01  1.7815E-02 -2.2352E-08 -5.5879E-08
 1.0000E-03 3.1042E-01  1.7566E-02 -2.3842E-07 -9.3132E-09
 1.0000E-03 3.1150E-01  1.7315E-02 -6.7055E-08  1.8626E-09
 1.0000E-03 3.1259E-01  1.7060E-02  1.0431E-07  2.2352E-08
 1.0000E-03 3.1368E-01  1.6799E-02  1.1921E-07  3.9116E-08
 1.0000E-03 3.1479E-01  1.6531E-02 -5.9605E-08  4.2841E-08
 1.0000E-03 3.1590E-01  1.6256E-02  9.6858E-08  3.1665E-08
 1.0000E-03 3.1702E-01  1.5974E-02  7.4506E-08  7.4506E-09
 1.0000E-03 3.1815E-01  1.5687E-02 -5.2154E-08  1.4901E-08
 1.0000E-03 3.1929E-01  1.5388E-02 -1.8626E-07 -1.3970E-08
 1.0000E-03 3.2043E-01  1.5077E-02  2.2352E-08  2.3283E-08
 1.0000E-03 3.2158E-01  1.4745E-02 -1.4901E-08 -4.6566E-09
 1.0000E-03 3.2274E-01  1.4402E-02  7.4506E-08 -9.3132E-10
 1.0000E-03 3.2391E-01  1.4045E-02  2.3097E-07 -9.3132E-10
 1.0000E-03 3.2509E-01  1.3675E-02 -2.9057E-07  1.1176E-08
 1.0000E-03 3.2628E-01  1.3291E-02  1.4901E-08  2.7940E-09
 1.0000E-03 3.2747E-01  1.2854E-02 -2.9802E-08  2.7940E-09
 1.0000E-03 3.2868E-01  1.2404E-02  5.2154E-08  6.5193E-09
 1.0000E-03 3.2989E-01  1.1942E-02  8.1956E-08 -8.3819E-09
 1.0000E-03 3.3111E-01  1.1466E-02 -2.9802E-08 -2.7940E-09
 1.0000E-03 3.3234E-01  1.0979E-02 -2.2352E-08  1.8626E-09
 1.0000E-03 3.3358E-01  1.0481E-02  1.1176E-07 -9.3132E-10
 1.0000E-03 3.3483E-01  9.9665E-03  0.0000E+00  1.2107E-08
 1.0000E-03 3.3609E-01  9.4398E-03  5.9605E-08 -1.5832E-08
 1.0000E-03 3.3736E-01  8.9107E-03 -4.4703E-08 -9.3132E-09
 1.0000E-03 3.3864E-01  8.3779E-03 -2.2352E-08  1.6764E-08
 1.0000E-03 3.3992E-01  7.8409E-03  2.9802E-08 -1.8626E-09
 1.0000E-03 3.4122E-01  7.2986E-03 -1.4901E-08 -6.9849E-09
 1.0000E-03 3.4253E-01  6.7501E-03 -1.6391E-07  0.0000E+00
 1.0000E-03 3.4385E-01  6.1939E-03  7.4506E-08  0.0000E+00
 1.0000E-03 3.4517E-01  5.6396E-03 -2.9802E-08  4.6566E-10
 1.0000E-03 3.4651E-01  5.0989E-03  8.9407E-08 -3.7253E-09
 1.0000E-03 3.4786E-01  4.5603E-03 -4.4703E-08 -4.6566E-10
 1.0000E-03 3.4922E-01  4.0237E-03 -5.2154E-08 -1.3970E-09
 1.0000E-03 3.5059E-01  3.4889E-03  0.0000E+00 -7.9162E-09
 1.0000E-03 3.5197E-01  2.9556E-03 -4.4703E-08 -3.2596E-09
 1.0000E-03 3.5336E-01  2.4239E-03 -7.4506E-09 -6.9849E-10
 1.0000E-03 3.5476E-01  1.9015E-03  1.4901E-08  1.5134E-09
 1.0000E-03 3.5618E-01  1.3868E-03  0.0000E+00 -1.1642E-09
 1.0000E-03 3.5760E-01  8.7716E-04  1.4901E-08  2.7358E-09
 1.0000E-03 3.5904E-01  3.7313E-04 -7.4506E-08  1.6007E-09
 1.0000E-03 3.6048E-01 -1.2472E-04  8.9407E-08  4.3656E-10
 1.0000E-03 3.6194E-01 -6.1566E-04 -7.4506E-09 -3.8999E-09
 1.0000E-03 3.6341E-01 -1.0976E-03 -2.9802E-08 -4.8894E-09
 1.0000E-03 3.6490E-01 -1.5681E-03  1.4901E-08  5.2387E-09
 1.0000E-03 3.6639E-01 -2.0304E-03 -7.4506E-09 -2.3283E-09
 1.0000E-03 3.6790E-01 -2.4833E-03  0.0000E+00 -1.0245E-08
 1.0000E-03 3.6942E-01 -2.9244E-03  6.7055E-08  4.6566E-09
 1.0000E-03 3.7095E-01 -3.3533E-03  7.4506E-09  3.0268E-09
 1.0000E-03 3.7250E-01 -3.7670E-03 -3.9488E-07  6.7521E-09
 1.0000E-03 3.7406E-01 -4.1658E-03 -3.5763E-07  1.3970E-09
 1.0000E-03 3.7563E-01 -4.5519E-03 -1.3411E-07 -1.8626E-09
 1.0000E-03 3.7722E-01 -4.9226E-03 -1.3411E-07 -9.3132E-10
 1.0000E-03 3.7881E-01 -5.2749E-03 -3.7253E-08 -3.2596E-09
 1.0000E-03 3.8043E-01 -5.6053E-03 -2.1607E-07 -1.0710E-08
 1.0000E-03 3.8205E-01 -5.9119E-03  2.8312E-07  5.1223E-08
 1.0000E-03 3.8369E-01 -6.1979E-03  8.1956E-08  6.0536E-09
 1.0000E-03 3.8534E-01 -6.4598E-03  2.5332E-07  6.9849E-09
 1.0000E-03 3.8701E-01 -6.6917E-03 -1.4901E-07 -6.4261E-08
 1.0000E-03 3.8870E-01 -6.8871E-03  4.4703E-08  9.7789E-09
 1.0000E-03 3.9039E-01 -7.0388E-03  1.4901E-08 -2.2352E-08
 1.0000E-03 3.9211E-01 -7.1538E-03 -1.0431E-07  8.0094E-08
 1.0000E-03 3.9383E-01 -7.2160E-03 -9.5367E-07 -5.2620E-08
 1.0000E-03 3.9558E-01 -7.2138E-03  1.1921E-07 -2.0023E-07
 1.0000E-03 3.9733E-01 -7.1350E-03  2.0862E-07 -9.9186E-08
 1.0000E-03 3.9911E-01 -6.9634E-03 -1.4901E-08 -7.2177E-08
 1.0000E-03 4.0090E-01 -6.6952E-03 -5.9605E-08 -3.2596E-09
 1.0000E-03 4.0270E-01 -6.3004E-03 -1.4901E-07 -3.4925E-08
 1.0000E-03 4.0452E-01 -5.7516E-03 -2.6822E-07  3.7253E-09
 1.0000E-03 4.0636E-01 -5.0220E-03  4.4703E-08  7.9162E-08
 1.0000E-03 4.0822E-01 -4.0812E-03  1.4901E-07 -1.5553E-07
 1.0000E-03 4.1009E-01 -2.8902E-03  1.3411E-07  6.2864E-09
 1.0000E-03 4.1198E-01 -1.4007E-03 -8.4937E-07  5.2620E-08
 1.0000E-03 4.1389E-01  4.3062E-04 -1.4901E-07 -4.5984E-09
 1.0000E-03 4.1581E-01  2.6479E-03  1.3411E-07 -6.6124E-08
 1.0000E-03 4.1776E-01  5.2990E-03  3.1292E-07  2.1467E-07
 1.0000E-03 4.1972E-01  8.4568E-03  9.8348E-07 -1.2573E-07
 1.0000E-03 4.2170E-01  1.2135E-02 -5.6624E-07  7.4506E-08
 1.0000E-03 4.2370E-01  1.6359E-02  2.9802E-08  2.6822E-07
 1.0000E-03 4.2571E-01  2.1138E-02 -1.4603E-06 -2.4959E-07
 1.0000E-03 4.2775E-01  2.6469E-02  8.9407E-08  5.9605E-08
 1.0000E-03 4.2981E-01  3.2300E-02  2.9802E-07 -5.2154E-08
 1.0000E-03 4.3188E-01  3.8547E-02  4.9174E-07  6.7055E-08
 1.0000E-03 4.3398E-01  4.5114E-02  5.0664E-07 -1.9372E-07
 1.0000E-03 4.3610E-01  5.1880E-02 -1.7881E-07  1.1176E-08
 1.0000E-03 4.3824E-01  5.8645E-02  5.0664E-07  2.1979E-07
 1.0000E-03 4.4039E-01  6.5226E-02 -4.1723E-07 -1.4156E-07
 1.0000E-03 4.4257E-01  7.1435E-02 -8.0466E-07  4.4703E-08
 1.0000E-03 4.4478E-01  7.7082E-02  1.4901E-08 -5.2154E-08
 1.0000E-03 4.4700E-01  8.1975E-02 -2.9802E-08  3.2037E-07
 1.0000E-03 4.4925E-01  8.6011E-02  0.0000E+00 -1.8626E-07
 1.0000E-03 4.5152E-01  8.9135E-02  1.3411E-07  1.3411E-07
 1.0000E-03 4.5381E-01  9.1346E-02  9.8348E-07 -5.9605E-08
 1.0000E-03 4.5612E-01  9.2686E-02  2.9802E-08  2.2352E-07
 1.0000E-03 4.5846E-01  9.3268E-02 -2.3842E-07  5.9605E-08
 1.0000E-03 4.6082E-01  9.3205E-02  1.4901E-08  2.2352E-07
 1.0000E-03 4.6321E-01  9.2616E-02 -5.9605E-07 -1.2666E-07
 1.0000E-03 4.6563E-01  9.1629E-02  2.0117E-07 -1.4901E-08
 1.0000E-03 4.6806E-01  9.0349E-02  5.9605E-08  4.1723E-07
 1.0000E-03 4.7053E-01  8.8859E-02 -5.2154E-08 -2.3097E-07
 1.0000E-03 4.7302E-01  8.7210E-02 -8.1956E-08  2.4587E-07
 1.0000E-03 4.7553E-01  8.5480E-02 -3.4273E-07  2.2352E-08
 1.0000E-03 4.7807E-01  8.3718E-02  1.7881E-07  2.9802E-08
 1.0000E-03 4.8065E-01  8.1956E-02  1.2666E-07 -6.7055E-08
 1.0000E-03 4.8324E-01  8.0220E-02 -1.4901E-08  7.4506E-09
 1.0000E-03 4.8587E-01  7.8529E-02 -1.8626E-08  9.6858E-08
 1.0000E-03 4.8852E-01  7.6895E-02  3.7253E-08 -1.4901E-07
 1.0000E-03 4.9121E-01  7.5330E-02 -3.2410E-07  4.8429E-07
 1.0000E-03 4.9392E-01  7.3842E-02 -1.4529E-07  1.9372E-07
 1.0000E-03 4.9667E-01  7.2452E-02  6.7055E-08  1.4156E-07
 1.0000E-03 4.9944E-01  7.1191E-02 -1.3039E-07 -5.2154E-08
 1.0000E-03 5.0225E-01  7.0019E-02 -1.1176E-08 -2.2352E-08
 1.0000E-03 5.0508E-01  6.8935E-02  6.7055E-08  0.0000E+00
 1.0000E-03 5.0795E-01  6.7933E-02  2.1979E-07  2.0862E-07
 1.0000E-03 5.1086E-01  6.7007E-02 -2.6077E-07 -3.2037E-07
 1.0000E-03 5.1379E-01  6.6152E-02 -1.3784E-07  1.4156E-07
 1.0000E-03 5.1676E-01  6.5360E-02  4.8429E-08 -6.7055E-08
 1.0000E-03 5.1977E-01  6.4624E-02  1.1176E-08 -1.4156E-07
 1.0000E-03 5.2281E-01  6.3860E-02  1.3039E-07 -1.4901E-08
 1.0000E-03 5.2588E-01  6.3045E-02 -1.8626E-08  5.2154E-08
 1.0000E-03 5.2899E-01  6.2202E-02  1.3411E-07  5.9605E-08
 1.0000E-03 5.3214E-01  6.1323E-02 -4.7125E-07  8.1956E-08
 1.0000E-03 5.3533E-01  6.0405E-02  3.0734E-07  1.9372E-07
 1.0000E-03 5.3855E-01  5.9454E-02 -3.5390E-07  9.6858E-08
 1.0000E-03 5.4182E-01  5.8477E-02 -4.2841E-08  2.0117E-07
 1.0000E-03 5.4512E-01  5.7488E-02  5.5879E-09 -2.2352E-08
 1.0000E-03 5.4847E-01  5.6498E-02 -2.3097E-07 -2.7195E-07
 1.0000E-03 5.5185E-01  5.5542E-02  5.7742E-08 -2.6822E-07
 1.0000E-03 5.5528E-01  5.4609E-02  3.1106E-07 -6.7055E-07
 1.0000E-03 5.5875E-01  5.3697E-02 -4.9360E-07  5.1782E-07
 1.0000E-03 5.6226E-01  5.2805E-02 -5.5693E-07  5.4017E-07
 1.0000E-03 5.6582E-01  5.1930E-02 -4.8615E-07 -1.8626E-07
 1.0000E-03 5.6943E-01  5.1067E-02 -8.1956E-08  8.1956E-08
 1.0000E-03 5.7308E-01  5.0212E-02 -1.6950E-07 -9.3132E-08
 1.0000E-03 5.7677E-01  4.9362E-02  3.1665E-08 -2.0489E-07
 1.0000E-03 5.8052E-01  4.8518E-02  6.0536E-08  1.4156E-07
 1.0000E-03 5.8431E-01  4.7679E-02  1.5739E-07  1.3784E-07
 1.0000E-03 5.8816E-01  4.6857E-02  2.1420E-08  3.7253E-09
 1.0000E-03 5.9205E-01  4.6067E-02  3.2596E-08  1.1176E-07
 1.0000E-03 5.9600E-01  4.5318E-02  1.2387E-07 -2.0117E-07
 1.0000E-03 6.0000E-01  4.4619E-02  3.3528E-08  3.3900E-07
