 DDSCAT --- DDSCAT 7.3.3 [22.01.20]   
 TARGET --->TARGSPHER  spherical target with explicit spacing                 
 GPFAFT --- method of solution 
 FLTRCD --- prescription for polarizabilities
 FROM_FILE --- shape 
    4169 = NAT0 = number of dipoles
 ../../diel/Pena-Rioux_dielectric_26Au_74Ag                  
 ../../diel/Pena-Rioux_dielectric_76Au_24Ag                  
 ../../diel/Pena-Rioux_dielectric_85Au_15Ag                  
   0.000   0.000 = beta_min, beta_max ;  NBETA = 1
   0.000   0.000 = theta_min, theta_max; NTHETA= 1
   0.000   0.000 = phi_min, phi_max   ;   NPHI = 1
 Results averaged over    1 target orientations
                   and  2 incident polarizations
   aeff       wave       Q_pha       Q_pol       Q_cpol
 4.0000E-02 3.0000E-01 -1.3774E-02  4.5300E-06  8.3819E-09
 4.0000E-02 3.0101E-01 -1.2470E-02  3.0994E-06 -8.2888E-08
 4.0000E-02 3.0203E-01 -1.1315E-02  2.3842E-06  4.7497E-08
 4.0000E-02 3.0305E-01 -1.0315E-02 -2.6226E-06 -6.3330E-08
 4.0000E-02 3.0408E-01 -9.4759E-03 -2.8610E-06 -4.5635E-08
 4.0000E-02 3.0512E-01 -8.8044E-03 -5.2452E-06  9.0338E-08
 4.0000E-02 3.0616E-01 -8.2778E-03 -2.1458E-06 -3.1665E-08
 4.0000E-02 3.0722E-01 -7.9436E-03 -2.8610E-06  3.1665E-08
 4.0000E-02 3.0828E-01 -7.7593E-03  2.1458E-06  2.2352E-08
 4.0000E-02 3.0934E-01 -7.6191E-03  1.1921E-06 -1.0105E-07
 4.0000E-02 3.1042E-01 -7.5919E-03  1.6689E-06 -5.6345E-08
 4.0000E-02 3.1150E-01 -7.7196E-03  1.4305E-06  2.0489E-08
 4.0000E-02 3.1259E-01 -7.9842E-03 -1.9073E-06 -4.4703E-08
 4.0000E-02 3.1368E-01 -8.3909E-03 -2.3842E-06  2.1420E-08
 4.0000E-02 3.1479E-01 -8.9432E-03 -9.0599E-06 -1.3970E-08
 4.0000E-02 3.1590E-01 -9.6453E-03 -2.6226E-06  0.0000E+00
 4.0000E-02 3.1702E-01 -1.0502E-02 -4.7684E-07  2.6077E-08
 4.0000E-02 3.1815E-01 -1.1141E-02  3.8147E-06  6.7055E-08
 4.0000E-02 3.1929E-01 -1.1957E-02 -1.6689E-06 -2.7008E-08
 4.0000E-02 3.2043E-01 -1.3031E-02  1.6689E-06  0.0000E+00
 4.0000E-02 3.2158E-01 -1.4370E-02  1.1921E-06 -4.7497E-08
 4.0000E-02 3.2274E-01 -1.5982E-02 -4.5300E-06 -1.6764E-08
 4.0000E-02 3.2391E-01 -1.7877E-02  2.3842E-07  0.0000E+00
 4.0000E-02 3.2509E-01 -2.0062E-02  0.0000E+00 -5.2154E-08
 4.0000E-02 3.2628E-01 -2.2548E-02  5.2452E-06 -4.6566E-08
 4.0000E-02 3.2747E-01 -2.5865E-02  9.5367E-07 -2.0489E-08
 4.0000E-02 3.2868E-01 -2.9651E-02  2.3842E-07  6.7055E-08
 4.0000E-02 3.2989E-01 -3.3896E-02 -2.3842E-06  3.7253E-09
 4.0000E-02 3.3111E-01 -3.8614E-02 -5.9605E-06  4.4703E-08
 4.0000E-02 3.3234E-01 -4.3821E-02 -1.4305E-06  2.2352E-08
 4.0000E-02 3.3358E-01 -4.9531E-02 -3.3379E-06 -2.6077E-08
 4.0000E-02 3.3483E-01 -5.5751E-02  2.8610E-06 -1.2666E-07
 4.0000E-02 3.3609E-01 -6.2701E-02  2.1458E-06  9.6858E-08
 4.0000E-02 3.3736E-01 -7.0310E-02  2.8610E-06  5.2154E-08
 4.0000E-02 3.3864E-01 -7.8347E-02 -2.1458E-06 -5.9605E-08
 4.0000E-02 3.3992E-01 -8.6824E-02  2.8610E-06 -5.9605E-08
 4.0000E-02 3.4122E-01 -9.5753E-02  3.5763E-06 -6.7055E-08
 4.0000E-02 3.4253E-01 -1.0515E-01  6.4373E-06 -1.3411E-07
 4.0000E-02 3.4385E-01 -1.1502E-01  9.5367E-07  1.3411E-07
 4.0000E-02 3.4517E-01 -1.2531E-01 -4.0531E-06 -3.5763E-07
 4.0000E-02 3.4651E-01 -1.3581E-01 -8.8215E-06  2.9802E-08
 4.0000E-02 3.4786E-01 -1.4656E-01  2.3842E-07 -4.0233E-07
 4.0000E-02 3.4922E-01 -1.5758E-01 -5.7220E-06  1.6391E-07
 4.0000E-02 3.5059E-01 -1.6885E-01 -4.7684E-06  3.2783E-07
 4.0000E-02 3.5197E-01 -1.8040E-01  2.1458E-06  1.9372E-07
 4.0000E-02 3.5336E-01 -1.9224E-01 -9.5367E-07 -4.4703E-08
 4.0000E-02 3.5476E-01 -2.0420E-01 -2.3842E-07 -1.4901E-08
 4.0000E-02 3.5618E-01 -2.1621E-01 -2.3842E-07  2.9802E-08
 4.0000E-02 3.5760E-01 -2.2832E-01  7.1526E-06  4.4703E-08
 4.0000E-02 3.5904E-01 -2.4053E-01  3.0994E-06  2.9802E-08
 4.0000E-02 3.6048E-01 -2.5283E-01 -9.5367E-07 -4.1723E-07
 4.0000E-02 3.6194E-01 -2.6524E-01 -1.6689E-06 -3.8743E-07
 4.0000E-02 3.6341E-01 -2.7769E-01  5.0068E-06  1.1623E-06
 4.0000E-02 3.6490E-01 -2.9003E-01  9.5367E-07  5.6624E-07
 4.0000E-02 3.6639E-01 -3.0235E-01  9.5367E-07  4.4703E-07
 4.0000E-02 3.6790E-01 -3.1465E-01  6.1989E-06  0.0000E+00
 4.0000E-02 3.6942E-01 -3.2694E-01 -1.9073E-06 -3.2783E-07
 4.0000E-02 3.7095E-01 -3.3919E-01 -4.5300E-06  2.0862E-07
 4.0000E-02 3.7250E-01 -3.5136E-01  1.4305E-06  6.5565E-07
 4.0000E-02 3.7406E-01 -3.6338E-01  0.0000E+00 -5.9605E-08
 4.0000E-02 3.7563E-01 -3.7535E-01 -3.5763E-06 -3.8743E-07
 4.0000E-02 3.7722E-01 -3.8721E-01  4.7684E-06 -5.9605E-08
 4.0000E-02 3.7881E-01 -3.9897E-01  4.0531E-06  2.0862E-07
 4.0000E-02 3.8043E-01 -4.1062E-01 -1.9073E-06 -2.0862E-07
 4.0000E-02 3.8205E-01 -4.2212E-01 -8.3447E-06 -8.3447E-07
 4.0000E-02 3.8369E-01 -4.3348E-01  1.9073E-06  2.0862E-06
 4.0000E-02 3.8534E-01 -4.4474E-01 -2.3842E-06  1.2904E-05
 4.0000E-02 3.8701E-01 -4.5587E-01  4.2915E-06 -1.3262E-05
 4.0000E-02 3.8870E-01 -4.6685E-01  6.4373E-06  5.3644E-07
 4.0000E-02 3.9039E-01 -4.7766E-01  1.4305E-05 -3.2783E-07
 4.0000E-02 3.9211E-01 -4.8829E-01  2.8610E-05 -6.3479E-06
 4.0000E-02 3.9383E-01 -4.9883E-01  1.9312E-05  1.8775E-05
 4.0000E-02 3.9558E-01 -5.0920E-01 -2.2411E-05  1.3888E-05
 4.0000E-02 3.9733E-01 -5.1939E-01  5.3406E-05  9.1195E-06
 4.0000E-02 3.9911E-01 -5.2934E-01  1.0729E-05  2.2650E-06
 4.0000E-02 4.0090E-01 -5.3905E-01 -3.3379E-06 -2.0266E-06
 4.0000E-02 4.0270E-01 -5.4857E-01 -1.5020E-05  1.2696E-05
 4.0000E-02 4.0452E-01 -5.5784E-01 -1.1921E-06 -2.0385E-05
 4.0000E-02 4.0636E-01 -5.6676E-01  0.0000E+00  2.8610E-06
 4.0000E-02 4.0822E-01 -5.7526E-01  1.4305E-06  9.5367E-07
 4.0000E-02 4.1009E-01 -5.8327E-01  4.7684E-07 -1.6689E-06
 4.0000E-02 4.1198E-01 -5.9075E-01 -4.7684E-06 -1.7881E-06
 4.0000E-02 4.1389E-01 -5.9757E-01  2.6226E-06  7.5698E-06
 4.0000E-02 4.1581E-01 -6.0355E-01  1.4305E-06 -2.3842E-07
 4.0000E-02 4.1776E-01 -6.0848E-01 -4.7684E-07  5.3644E-06
 4.0000E-02 4.1972E-01 -6.1229E-01  1.4067E-05 -3.5763E-06
 4.0000E-02 4.2170E-01 -6.1482E-01  7.3910E-06  1.6332E-05
 4.0000E-02 4.2370E-01 -6.1591E-01  5.0068E-06  5.3048E-06
 4.0000E-02 4.2571E-01 -6.1545E-01 -7.1526E-07  2.8014E-06
 4.0000E-02 4.2775E-01 -6.1349E-01  2.1696E-05  5.1260E-06
 4.0000E-02 4.2981E-01 -6.1013E-01  1.4782E-05 -4.7684E-07
 4.0000E-02 4.3188E-01 -6.0535E-01 -4.7684E-06 -1.1921E-06
 4.0000E-02 4.3398E-01 -5.9916E-01  1.0967E-05 -7.7486E-07
 4.0000E-02 4.3610E-01 -5.9157E-01 -1.4305E-06 -2.4438E-06
 4.0000E-02 4.3824E-01 -5.8277E-01  4.2915E-06 -3.6955E-06
 4.0000E-02 4.4039E-01 -5.7248E-01  6.1989E-06  3.2187E-06
 4.0000E-02 4.4257E-01 -5.6067E-01 -2.8610E-06  2.3246E-06
 4.0000E-02 4.4478E-01 -5.4731E-01  5.7220E-06 -3.5763E-07
 4.0000E-02 4.4700E-01 -5.3245E-01 -9.5367E-06  0.0000E+00
 4.0000E-02 4.4925E-01 -5.1594E-01  9.5367E-07  9.5367E-07
 4.0000E-02 4.5152E-01 -4.9782E-01 -1.0490E-05  6.4075E-06
 4.0000E-02 4.5381E-01 -4.7820E-01 -6.6757E-06 -3.8743E-07
 4.0000E-02 4.5612E-01 -4.5707E-01 -1.0014E-05  1.4305E-06
 4.0000E-02 4.5846E-01 -4.3427E-01  1.9073E-06 -1.0133E-06
 4.0000E-02 4.6082E-01 -4.0977E-01  2.8610E-06 -3.3677E-06
 4.0000E-02 4.6321E-01 -3.8345E-01  2.3842E-06  0.0000E+00
 4.0000E-02 4.6563E-01 -3.5476E-01  4.2915E-06  5.3644E-06
 4.0000E-02 4.6806E-01 -3.2317E-01  4.2915E-06  2.4140E-06
 4.0000E-02 4.7053E-01 -2.8812E-01  1.4305E-06 -4.9174E-06
 4.0000E-02 4.7302E-01 -2.4885E-01  1.0967E-05 -1.2219E-06
 4.0000E-02 4.7553E-01 -2.0420E-01  2.2888E-05 -6.4075E-07
 4.0000E-02 4.7807E-01 -1.5329E-01 -9.5367E-07  2.8312E-07
 4.0000E-02 4.8065E-01 -9.5070E-02  1.0014E-05 -1.4454E-06
 4.0000E-02 4.8324E-01 -2.8227E-02 -2.8610E-06  1.6484E-06
 4.0000E-02 4.8587E-01  4.8309E-02  1.4782E-05  4.4629E-06
 4.0000E-02 4.8852E-01  1.3559E-01 -1.2875E-05 -8.1956E-07
 4.0000E-02 4.9121E-01  2.3481E-01 -5.2452E-06 -5.7071E-06
 4.0000E-02 4.9392E-01  3.4671E-01  4.7684E-06 -6.4075E-06
 4.0000E-02 4.9667E-01  4.7152E-01 -1.0967E-05  2.8610E-06
 4.0000E-02 4.9944E-01  6.0938E-01 -4.7684E-06  2.7418E-06
 4.0000E-02 5.0225E-01  7.5936E-01 -2.4319E-05  3.1590E-06
 4.0000E-02 5.0508E-01  9.1939E-01 -1.7643E-05 -5.6624E-06
 4.0000E-02 5.0795E-01  1.0869E+00  2.0504E-05  2.3842E-06
 4.0000E-02 5.1086E-01  1.2581E+00 -1.1921E-05 -2.3842E-07
 4.0000E-02 5.1379E-01  1.4284E+00  1.3351E-05  1.1921E-06
 4.0000E-02 5.1676E-01  1.5935E+00  1.4305E-06 -7.5102E-06
 4.0000E-02 5.1977E-01  1.7488E+00  1.5736E-05 -4.6492E-06
 4.0000E-02 5.2281E-01  1.8906E+00 -3.8147E-06 -9.2983E-06
 4.0000E-02 5.2588E-01  2.0161E+00  2.9564E-05  1.2875E-05
 4.0000E-02 5.2899E-01  2.1233E+00  3.3379E-05 -2.8610E-06
 4.0000E-02 5.3214E-01  2.2111E+00  1.1921E-05 -9.5367E-07
 4.0000E-02 5.3533E-01  2.2793E+00 -9.0599E-06  2.0027E-05
 4.0000E-02 5.3855E-01  2.3285E+00  3.8147E-05  2.8610E-06
 4.0000E-02 5.4182E-01  2.3604E+00  1.6212E-05  2.8610E-06
 4.0000E-02 5.4512E-01  2.3772E+00  1.7643E-05 -2.1458E-06
 4.0000E-02 5.4847E-01  2.3815E+00 -1.8120E-05 -9.5367E-06
 4.0000E-02 5.5185E-01  2.3762E+00 -9.0599E-06  1.1683E-05
 4.0000E-02 5.5528E-01  2.3638E+00 -2.5988E-05 -2.3842E-06
 4.0000E-02 5.5875E-01  2.3463E+00  9.1791E-05 -8.5831E-05
 4.0000E-02 5.6226E-01  2.3248E+00 -1.6451E-05  3.2902E-05
 4.0000E-02 5.6582E-01  2.3001E+00 -1.2016E-04 -4.2677E-05
 4.0000E-02 5.6943E-01  2.2723E+00  4.7207E-05 -1.0490E-05
 4.0000E-02 5.7308E-01  2.2416E+00 -2.3842E-05 -2.3842E-06
 4.0000E-02 5.7677E-01  2.2082E+00  2.3603E-05  2.9802E-05
 4.0000E-02 5.8052E-01  2.1724E+00  2.5511E-05  1.8835E-05
 4.0000E-02 5.8431E-01  2.1350E+00 -2.0981E-05  2.6703E-05
 4.0000E-02 5.8816E-01  2.0970E+00  4.1246E-05  8.3447E-06
 4.0000E-02 5.9205E-01  2.0593E+00 -1.1444E-05  3.0041E-05
 4.0000E-02 5.9600E-01  2.0221E+00  2.7657E-05  6.6757E-06
 4.0000E-02 6.0000E-01  1.9858E+00  7.1526E-06  1.0252E-05
