 DDSCAT --- DDSCAT 7.3.3 [22.01.20]   
 TARGET --- Cyl.w.caps, NAT=  27008 NFAC= 248 NLAY=  97 cyl.asp.ratio= 5.4587 
 PBCGS2 --- method of solution 
 FLTRCD --- prescription for polarizabilities
 CYLNDRCAP --- shape 
   27008 = NAT0 = number of dipoles
 ../diel/Ag_evap                                             
  wave(um)   f(cm-1)     Re(m)     Im(m)     Re(eps)   Im(eps)
 7.0000E-01 1.4286E+04 3.073E-02 3.604E+00 -1.299E+01 2.215E-01
 7.0051E-01 1.4275E+04 3.064E-02 3.607E+00 -1.301E+01 2.211E-01
 7.0101E-01 1.4265E+04 3.056E-02 3.610E+00 -1.303E+01 2.207E-01
 7.0152E-01 1.4255E+04 3.048E-02 3.613E+00 -1.305E+01 2.203E-01
 7.0202E-01 1.4245E+04 3.040E-02 3.616E+00 -1.307E+01 2.199E-01
 7.0253E-01 1.4234E+04 3.032E-02 3.619E+00 -1.310E+01 2.195E-01
 7.0303E-01 1.4224E+04 3.024E-02 3.622E+00 -1.312E+01 2.191E-01
 7.0354E-01 1.4214E+04 3.016E-02 3.625E+00 -1.314E+01 2.187E-01
 7.0404E-01 1.4204E+04 3.008E-02 3.628E+00 -1.316E+01 2.183E-01
 7.0455E-01 1.4194E+04 3.000E-02 3.631E+00 -1.318E+01 2.178E-01
 7.0505E-01 1.4183E+04 2.988E-02 3.634E+00 -1.321E+01 2.172E-01
 7.0556E-01 1.4173E+04 2.976E-02 3.637E+00 -1.323E+01 2.165E-01
 7.0606E-01 1.4163E+04 2.964E-02 3.640E+00 -1.325E+01 2.158E-01
 7.0657E-01 1.4153E+04 2.953E-02 3.643E+00 -1.327E+01 2.152E-01
 7.0707E-01 1.4143E+04 2.941E-02 3.646E+00 -1.329E+01 2.145E-01
 7.0758E-01 1.4133E+04 2.930E-02 3.649E+00 -1.331E+01 2.138E-01
 7.0808E-01 1.4123E+04 2.919E-02 3.652E+00 -1.334E+01 2.132E-01
 7.0859E-01 1.4113E+04 2.908E-02 3.655E+00 -1.336E+01 2.125E-01
 7.0909E-01 1.4103E+04 2.896E-02 3.658E+00 -1.338E+01 2.119E-01
 7.0960E-01 1.4093E+04 2.885E-02 3.661E+00 -1.340E+01 2.113E-01
 7.1010E-01 1.4083E+04 2.874E-02 3.664E+00 -1.342E+01 2.106E-01
 7.1061E-01 1.4072E+04 2.864E-02 3.667E+00 -1.345E+01 2.100E-01
 7.1111E-01 1.4062E+04 2.853E-02 3.670E+00 -1.347E+01 2.094E-01
 7.1162E-01 1.4053E+04 2.842E-02 3.673E+00 -1.349E+01 2.088E-01
 7.1212E-01 1.4043E+04 2.832E-02 3.676E+00 -1.351E+01 2.082E-01
 7.1263E-01 1.4033E+04 2.821E-02 3.679E+00 -1.353E+01 2.076E-01
 7.1313E-01 1.4023E+04 2.811E-02 3.682E+00 -1.355E+01 2.070E-01
 7.1364E-01 1.4013E+04 2.800E-02 3.685E+00 -1.358E+01 2.064E-01
 7.1414E-01 1.4003E+04 2.790E-02 3.688E+00 -1.360E+01 2.058E-01
 7.1465E-01 1.3993E+04 2.780E-02 3.691E+00 -1.362E+01 2.052E-01
 7.1515E-01 1.3983E+04 2.770E-02 3.694E+00 -1.364E+01 2.046E-01
 7.1566E-01 1.3973E+04 2.760E-02 3.697E+00 -1.366E+01 2.040E-01
 7.1616E-01 1.3963E+04 2.750E-02 3.700E+00 -1.369E+01 2.035E-01
 7.1667E-01 1.3953E+04 2.740E-02 3.703E+00 -1.371E+01 2.029E-01
 7.1717E-01 1.3944E+04 2.731E-02 3.706E+00 -1.373E+01 2.024E-01
 7.1768E-01 1.3934E+04 2.721E-02 3.708E+00 -1.375E+01 2.018E-01
 7.1818E-01 1.3924E+04 2.711E-02 3.711E+00 -1.377E+01 2.013E-01
 7.1869E-01 1.3914E+04 2.702E-02 3.714E+00 -1.380E+01 2.007E-01
 7.1919E-01 1.3904E+04 2.693E-02 3.717E+00 -1.382E+01 2.002E-01
 7.1970E-01 1.3895E+04 2.683E-02 3.720E+00 -1.384E+01 1.997E-01
 7.2020E-01 1.3885E+04 2.674E-02 3.723E+00 -1.386E+01 1.991E-01
 7.2071E-01 1.3875E+04 2.665E-02 3.726E+00 -1.388E+01 1.986E-01
 7.2121E-01 1.3866E+04 2.656E-02 3.729E+00 -1.391E+01 1.981E-01
 7.2172E-01 1.3856E+04 2.647E-02 3.732E+00 -1.393E+01 1.976E-01
 7.2222E-01 1.3846E+04 2.638E-02 3.735E+00 -1.395E+01 1.971E-01
 7.2273E-01 1.3836E+04 2.630E-02 3.738E+00 -1.397E+01 1.966E-01
 7.2323E-01 1.3827E+04 2.621E-02 3.741E+00 -1.399E+01 1.961E-01
 7.2374E-01 1.3817E+04 2.613E-02 3.744E+00 -1.402E+01 1.956E-01
 7.2424E-01 1.3808E+04 2.604E-02 3.747E+00 -1.404E+01 1.951E-01
 7.2475E-01 1.3798E+04 2.596E-02 3.750E+00 -1.406E+01 1.947E-01
 7.2525E-01 1.3788E+04 2.587E-02 3.753E+00 -1.408E+01 1.942E-01
 7.2576E-01 1.3779E+04 2.579E-02 3.756E+00 -1.411E+01 1.937E-01
 7.2626E-01 1.3769E+04 2.571E-02 3.759E+00 -1.413E+01 1.933E-01
 7.2677E-01 1.3760E+04 2.563E-02 3.762E+00 -1.415E+01 1.928E-01
 7.2727E-01 1.3750E+04 2.555E-02 3.765E+00 -1.417E+01 1.924E-01
 7.2778E-01 1.3740E+04 2.547E-02 3.768E+00 -1.419E+01 1.920E-01
 7.2828E-01 1.3731E+04 2.540E-02 3.771E+00 -1.422E+01 1.915E-01
 7.2879E-01 1.3721E+04 2.532E-02 3.773E+00 -1.424E+01 1.911E-01
 7.2929E-01 1.3712E+04 2.524E-02 3.776E+00 -1.426E+01 1.907E-01
 7.2980E-01 1.3702E+04 2.517E-02 3.779E+00 -1.428E+01 1.902E-01
 7.3030E-01 1.3693E+04 2.510E-02 3.782E+00 -1.431E+01 1.898E-01
 7.3081E-01 1.3683E+04 2.502E-02 3.785E+00 -1.433E+01 1.894E-01
 7.3131E-01 1.3674E+04 2.495E-02 3.788E+00 -1.435E+01 1.890E-01
 7.3182E-01 1.3665E+04 2.488E-02 3.791E+00 -1.437E+01 1.886E-01
 7.3232E-01 1.3655E+04 2.481E-02 3.794E+00 -1.439E+01 1.883E-01
 7.3283E-01 1.3646E+04 2.474E-02 3.797E+00 -1.442E+01 1.879E-01
 7.3333E-01 1.3636E+04 2.467E-02 3.800E+00 -1.444E+01 1.875E-01
 7.3384E-01 1.3627E+04 2.460E-02 3.803E+00 -1.446E+01 1.871E-01
 7.3434E-01 1.3618E+04 2.454E-02 3.806E+00 -1.448E+01 1.868E-01
 7.3485E-01 1.3608E+04 2.447E-02 3.809E+00 -1.451E+01 1.864E-01
 7.3535E-01 1.3599E+04 2.440E-02 3.812E+00 -1.453E+01 1.860E-01
 7.3586E-01 1.3590E+04 2.434E-02 3.815E+00 -1.455E+01 1.857E-01
 7.3636E-01 1.3580E+04 2.428E-02 3.818E+00 -1.457E+01 1.854E-01
 7.3687E-01 1.3571E+04 2.422E-02 3.821E+00 -1.460E+01 1.850E-01
 7.3737E-01 1.3562E+04 2.415E-02 3.823E+00 -1.462E+01 1.847E-01
 7.3788E-01 1.3552E+04 2.409E-02 3.826E+00 -1.464E+01 1.844E-01
 7.3838E-01 1.3543E+04 2.403E-02 3.829E+00 -1.466E+01 1.841E-01
 7.3889E-01 1.3534E+04 2.397E-02 3.832E+00 -1.469E+01 1.838E-01
 7.3939E-01 1.3525E+04 2.392E-02 3.835E+00 -1.471E+01 1.834E-01
 7.3990E-01 1.3515E+04 2.386E-02 3.838E+00 -1.473E+01 1.831E-01
 7.4040E-01 1.3506E+04 2.380E-02 3.841E+00 -1.475E+01 1.829E-01
 7.4091E-01 1.3497E+04 2.375E-02 3.844E+00 -1.478E+01 1.826E-01
 7.4141E-01 1.3488E+04 2.369E-02 3.847E+00 -1.480E+01 1.823E-01
 7.4192E-01 1.3479E+04 2.364E-02 3.850E+00 -1.482E+01 1.820E-01
 7.4242E-01 1.3469E+04 2.359E-02 3.853E+00 -1.484E+01 1.818E-01
 7.4293E-01 1.3460E+04 2.354E-02 3.856E+00 -1.487E+01 1.815E-01
 7.4343E-01 1.3451E+04 2.348E-02 3.859E+00 -1.489E+01 1.812E-01
 7.4394E-01 1.3442E+04 2.343E-02 3.861E+00 -1.491E+01 1.810E-01
 7.4444E-01 1.3433E+04 2.339E-02 3.864E+00 -1.493E+01 1.807E-01
 7.4495E-01 1.3424E+04 2.334E-02 3.867E+00 -1.496E+01 1.805E-01
 7.4545E-01 1.3415E+04 2.329E-02 3.870E+00 -1.498E+01 1.803E-01
 7.4596E-01 1.3406E+04 2.324E-02 3.873E+00 -1.500E+01 1.801E-01
 7.4646E-01 1.3396E+04 2.320E-02 3.876E+00 -1.502E+01 1.798E-01
 7.4697E-01 1.3387E+04 2.315E-02 3.879E+00 -1.505E+01 1.796E-01
 7.4747E-01 1.3378E+04 2.311E-02 3.882E+00 -1.507E+01 1.794E-01
 7.4798E-01 1.3369E+04 2.307E-02 3.885E+00 -1.509E+01 1.792E-01
 7.4848E-01 1.3360E+04 2.303E-02 3.888E+00 -1.511E+01 1.790E-01
 7.4899E-01 1.3351E+04 2.298E-02 3.891E+00 -1.514E+01 1.788E-01
 7.4949E-01 1.3342E+04 2.294E-02 3.894E+00 -1.516E+01 1.787E-01
 7.5000E-01 1.3333E+04 2.290E-02 3.896E+00 -1.518E+01 1.785E-01
