 DDSCAT --- DDSCAT 7.3.3 [22.01.20]   
 TARGET --->TARGSPHER  spherical target with explicit spacing                 
 GPFAFT --- method of solution 
 FLTRCD --- prescription for polarizabilities
 FROM_FILE --- shape 
    4169 = NAT0 = number of dipoles
 ../../diel/Pena-Rioux_dielectric_26Au_74Ag                  
 ../../diel/Pena-Rioux_dielectric_52Au_48Ag                  
 ../../diel/Pena-Rioux_dielectric_85Au_15Ag                  
 ../../diel/Pena-Rioux_dielectric_92Au_8Ag                   
   0.000   0.000 = beta_min, beta_max ;  NBETA = 1
   0.000   0.000 = theta_min, theta_max; NTHETA= 1
   0.000   0.000 = phi_min, phi_max   ;   NPHI = 1
 Results averaged over    1 target orientations
                   and  2 incident polarizations
   aeff       wave       Q_pha       Q_pol       Q_cpol
 1.0000E-03 3.0000E-01  1.9828E-02  1.6391E-07  5.5879E-09
 1.0000E-03 3.0101E-01  1.9616E-02 -1.4156E-07 -3.7253E-08
 1.0000E-03 3.0203E-01  1.9399E-02  7.4506E-09  1.8626E-09
 1.0000E-03 3.0305E-01  1.9176E-02  1.4901E-08  7.0781E-08
 1.0000E-03 3.0408E-01  1.8948E-02  2.9802E-08  7.4506E-09
 1.0000E-03 3.0512E-01  1.8713E-02 -7.4506E-08 -1.6764E-08
 1.0000E-03 3.0616E-01  1.8473E-02  5.2154E-08  0.0000E+00
 1.0000E-03 3.0722E-01  1.8226E-02 -1.4156E-07 -7.6368E-08
 1.0000E-03 3.0828E-01  1.7977E-02  1.4901E-07 -9.3132E-09
 1.0000E-03 3.0934E-01  1.7739E-02  6.7055E-08 -2.7940E-08
 1.0000E-03 3.1042E-01  1.7496E-02 -2.3842E-07 -2.0489E-08
 1.0000E-03 3.1150E-01  1.7247E-02  8.1956E-08 -7.4506E-09
 1.0000E-03 3.1259E-01  1.6992E-02  4.4703E-08  2.2352E-08
 1.0000E-03 3.1368E-01  1.6730E-02  5.9605E-08 -7.4506E-09
 1.0000E-03 3.1479E-01  1.6462E-02  1.1921E-07  2.0489E-08
 1.0000E-03 3.1590E-01  1.6188E-02 -1.0431E-07 -2.4214E-08
 1.0000E-03 3.1702E-01  1.5907E-02 -4.4703E-08 -2.6077E-08
 1.0000E-03 3.1815E-01  1.5620E-02 -8.1956E-08  1.0245E-08
 1.0000E-03 3.1929E-01  1.5322E-02  6.7055E-08  2.4214E-08
 1.0000E-03 3.2043E-01  1.5012E-02 -2.9802E-08  4.6566E-09
 1.0000E-03 3.2158E-01  1.4690E-02 -1.4156E-07 -2.7940E-08
 1.0000E-03 3.2274E-01  1.4354E-02 -1.2666E-07  4.6566E-09
 1.0000E-03 3.2391E-01  1.4006E-02 -2.0862E-07  5.5879E-09
 1.0000E-03 3.2509E-01  1.3644E-02  1.3411E-07  1.8626E-09
 1.0000E-03 3.2628E-01  1.3267E-02 -1.0431E-07 -7.4506E-09
 1.0000E-03 3.2747E-01  1.2837E-02  1.4901E-08  3.7253E-09
 1.0000E-03 3.2868E-01  1.2393E-02 -7.4506E-09  5.5879E-09
 1.0000E-03 3.2989E-01  1.1937E-02  1.1176E-07  1.2107E-08
 1.0000E-03 3.3111E-01  1.1467E-02  2.2352E-07 -1.2107E-08
 1.0000E-03 3.3234E-01  1.0982E-02 -1.5646E-07 -1.0245E-08
 1.0000E-03 3.3358E-01  1.0482E-02  7.4506E-09 -2.7940E-09
 1.0000E-03 3.3483E-01  9.9646E-03  3.7998E-07  1.3970E-08
 1.0000E-03 3.3609E-01  9.4331E-03 -4.4703E-08  3.7253E-09
 1.0000E-03 3.3736E-01  8.8978E-03 -5.9605E-08  9.3132E-09
 1.0000E-03 3.3864E-01  8.3577E-03  1.4901E-07 -2.8871E-08
 1.0000E-03 3.3992E-01  7.8118E-03  6.7055E-08 -1.3970E-09
 1.0000E-03 3.4122E-01  7.2595E-03 -1.4901E-08 -1.3970E-09
 1.0000E-03 3.4253E-01  6.6998E-03  1.1176E-07  7.9162E-09
 1.0000E-03 3.4385E-01  6.1316E-03 -8.1956E-08 -6.5193E-09
 1.0000E-03 3.4517E-01  5.5642E-03 -1.4156E-07 -1.8626E-09
 1.0000E-03 3.4651E-01  5.0101E-03  4.4703E-08 -6.9849E-09
 1.0000E-03 3.4786E-01  4.4578E-03  1.0431E-07 -5.1223E-09
 1.0000E-03 3.4922E-01  3.9070E-03  5.9605E-08 -9.7789E-09
 1.0000E-03 3.5059E-01  3.3575E-03 -1.4901E-07 -2.0955E-09
 1.0000E-03 3.5197E-01  2.8093E-03 -5.9605E-08  6.9849E-10
 1.0000E-03 3.5336E-01  2.2622E-03 -1.1921E-07  2.3283E-10
 1.0000E-03 3.5476E-01  1.7249E-03 -9.6858E-08  4.8894E-09
 1.0000E-03 3.5618E-01  1.1956E-03  8.9407E-08 -6.1700E-09
 1.0000E-03 3.5760E-01  6.7168E-04  6.7055E-08  1.1059E-09
 1.0000E-03 3.5904E-01  1.5351E-04  0.0000E+00  1.0332E-09
 1.0000E-03 3.6048E-01 -3.5825E-04  0.0000E+00  2.7067E-09
 1.0000E-03 3.6194E-01 -8.6288E-04 -3.7253E-08 -2.6776E-09
 1.0000E-03 3.6341E-01 -1.3574E-03  5.2154E-08  1.0477E-09
 1.0000E-03 3.6490E-01 -1.8410E-03  1.4901E-08  5.7044E-09
 1.0000E-03 3.6639E-01 -2.3157E-03  0.0000E+00  6.9849E-10
 1.0000E-03 3.6790E-01 -2.7809E-03  4.4703E-08 -2.3283E-10
 1.0000E-03 3.6942E-01 -3.2350E-03 -1.1176E-07  3.9581E-09
 1.0000E-03 3.7095E-01 -3.6762E-03 -5.2154E-08  4.4238E-09
 1.0000E-03 3.7250E-01 -4.1015E-03  1.0431E-07 -1.3970E-09
 1.0000E-03 3.7406E-01 -4.5115E-03 -4.4703E-08 -1.0710E-08
 1.0000E-03 3.7563E-01 -4.9083E-03 -1.4901E-08  9.3132E-10
 1.0000E-03 3.7722E-01 -5.2893E-03 -2.2352E-08 -1.2573E-08
 1.0000E-03 3.7881E-01 -5.6515E-03 -8.9407E-08  9.3132E-10
 1.0000E-03 3.8043E-01 -5.9912E-03 -5.9605E-08  1.8161E-08
 1.0000E-03 3.8205E-01 -6.3060E-03 -2.0862E-07  3.7253E-09
 1.0000E-03 3.8369E-01 -6.5982E-03  9.6858E-08 -9.7789E-09
 1.0000E-03 3.8534E-01 -6.8654E-03 -3.7253E-08 -1.3039E-08
 1.0000E-03 3.8701E-01 -7.1015E-03  3.4273E-07 -1.8161E-08
 1.0000E-03 3.8870E-01 -7.3002E-03 -9.6858E-08 -8.0094E-08
 1.0000E-03 3.9039E-01 -7.4540E-03  2.5332E-07  1.6158E-07
 1.0000E-03 3.9211E-01 -7.5700E-03  3.1292E-07 -1.0524E-07
 1.0000E-03 3.9383E-01 -7.6330E-03  0.0000E+00  2.2305E-07
 1.0000E-03 3.9558E-01 -7.6309E-03 -3.2783E-07  2.8266E-07
 1.0000E-03 3.9733E-01 -7.5520E-03 -4.1723E-07 -4.4238E-07
 1.0000E-03 3.9911E-01 -7.3804E-03  1.1921E-07 -1.5087E-07
 1.0000E-03 4.0090E-01 -7.1133E-03  7.4506E-08 -9.3132E-10
 1.0000E-03 4.0270E-01 -6.7198E-03  1.1921E-07  1.9558E-08
 1.0000E-03 4.0452E-01 -6.1729E-03  3.1292E-07  3.7719E-08
 1.0000E-03 4.0636E-01 -5.4456E-03  4.9174E-07 -1.2759E-07
 1.0000E-03 4.0822E-01 -4.5075E-03  1.3411E-07  1.8859E-07
 1.0000E-03 4.1009E-01 -3.3199E-03  7.4506E-08 -3.3528E-08
 1.0000E-03 4.1198E-01 -1.8334E-03 -4.1723E-07  6.1817E-08
 1.0000E-03 4.1389E-01 -3.5093E-06  4.4703E-08 -2.6770E-08
 1.0000E-03 4.1581E-01  2.2165E-03 -4.4703E-07  1.8859E-08
 1.0000E-03 4.1776E-01  4.8735E-03  1.0580E-06 -1.5786E-07
 1.0000E-03 4.1972E-01  8.0394E-03 -5.9605E-07  1.6298E-07
 1.0000E-03 4.2170E-01  1.1733E-02  4.9174E-07  4.3120E-07
 1.0000E-03 4.2370E-01  1.5979E-02 -4.4703E-08  1.8626E-08
 1.0000E-03 4.2571E-01  2.0790E-02 -1.4901E-07 -2.7567E-07
 1.0000E-03 4.2775E-01  2.6164E-02  0.0000E+00  2.8871E-07
 1.0000E-03 4.2981E-01  3.2052E-02  2.3842E-07  4.4703E-08
 1.0000E-03 4.3188E-01  3.8370E-02  4.4703E-08 -4.8429E-08
 1.0000E-03 4.3398E-01  4.5023E-02 -1.9372E-07  7.0781E-08
 1.0000E-03 4.3610E-01  5.1882E-02 -1.7881E-07 -4.0978E-08
 1.0000E-03 4.3824E-01  5.8743E-02 -6.8545E-07  1.8626E-08
 1.0000E-03 4.4039E-01  6.5410E-02 -6.2585E-07 -1.1176E-07
 1.0000E-03 4.4257E-01  7.1685E-02  6.4075E-07  5.9605E-08
 1.0000E-03 4.4478E-01  7.7372E-02  6.4075E-07  1.4901E-08
 1.0000E-03 4.4700E-01  8.2275E-02  4.9174E-07 -1.4156E-07
 1.0000E-03 4.4925E-01  8.6293E-02  3.4273E-07 -7.4506E-09
 1.0000E-03 4.5152E-01  8.9375E-02  2.2352E-07 -1.1176E-07
 1.0000E-03 4.5381E-01  9.1525E-02  4.6194E-07 -3.2783E-07
 1.0000E-03 4.5612E-01  9.2808E-02  4.4703E-07  3.5763E-07
 1.0000E-03 4.5846E-01  9.3346E-02 -6.1095E-07 -1.5646E-07
 1.0000E-03 4.6082E-01  9.3257E-02 -8.7917E-07  3.7253E-07
 1.0000E-03 4.6321E-01  9.2661E-02  4.9174E-07  5.2154E-08
 1.0000E-03 4.6563E-01  9.1693E-02 -6.4820E-07  0.0000E+00
 1.0000E-03 4.6806E-01  9.0461E-02 -1.1921E-07  0.0000E+00
 1.0000E-03 4.7053E-01  8.9046E-02  2.6822E-07 -8.1956E-08
 1.0000E-03 4.7302E-01  8.7517E-02  7.1526E-07 -5.9605E-07
 1.0000E-03 4.7553E-01  8.5941E-02 -1.1921E-07  1.9372E-07
 1.0000E-03 4.7807E-01  8.4353E-02 -3.7253E-08 -6.8545E-07
 1.0000E-03 4.8065E-01  8.2784E-02 -1.4380E-06  1.5646E-07
 1.0000E-03 4.8324E-01  8.1260E-02 -1.4901E-07  1.7881E-07
 1.0000E-03 4.8587E-01  7.9797E-02  7.3761E-07 -1.7881E-07
 1.0000E-03 4.8852E-01  7.8405E-02 -1.4529E-07 -2.9802E-08
 1.0000E-03 4.9121E-01  7.7093E-02  1.9744E-07 -2.0862E-07
 1.0000E-03 4.9392E-01  7.5862E-02  1.1176E-08  2.3097E-07
 1.0000E-03 4.9667E-01  7.4711E-02  2.1234E-07 -2.1607E-07
 1.0000E-03 4.9944E-01  7.3636E-02  4.0606E-07 -2.2352E-08
 1.0000E-03 5.0225E-01  7.2625E-02  5.5879E-08  1.2666E-07
 1.0000E-03 5.0508E-01  7.1661E-02  5.9977E-07 -7.4506E-08
 1.0000E-03 5.0795E-01  7.0727E-02 -2.0862E-07  5.2154E-08
 1.0000E-03 5.1086E-01  6.9799E-02 -3.9116E-07  2.9802E-08
 1.0000E-03 5.1379E-01  6.8850E-02  1.8626E-08 -3.7253E-08
 1.0000E-03 5.1676E-01  6.7859E-02 -2.4587E-07  3.7253E-08
 1.0000E-03 5.1977E-01  6.6809E-02  3.3528E-08 -7.4506E-08
 1.0000E-03 5.2281E-01  6.5697E-02 -6.9663E-07 -1.1176E-07
 1.0000E-03 5.2588E-01  6.4525E-02  1.5832E-07  1.4156E-07
 1.0000E-03 5.2899E-01  6.3309E-02 -3.6880E-07  5.2154E-08
 1.0000E-03 5.3214E-01  6.2071E-02  7.7859E-07  1.4529E-07
 1.0000E-03 5.3533E-01  6.0831E-02 -1.2852E-07 -7.2643E-07
 1.0000E-03 5.3855E-01  5.9611E-02  1.4901E-07 -7.8231E-08
 1.0000E-03 5.4182E-01  5.8425E-02 -8.3819E-08  2.9802E-08
 1.0000E-03 5.4512E-01  5.7280E-02  2.5146E-07 -1.8254E-07
 1.0000E-03 5.4847E-01  5.6176E-02 -9.8720E-08  2.4959E-07
 1.0000E-03 5.5185E-01  5.5111E-02  6.5193E-08  3.7253E-08
 1.0000E-03 5.5528E-01  5.4080E-02  4.7684E-07  1.0431E-07
 1.0000E-03 5.5875E-01  5.3081E-02 -2.0117E-07 -1.8626E-08
 1.0000E-03 5.6226E-01  5.2108E-02  9.3132E-09 -2.8312E-07
 1.0000E-03 5.6582E-01  5.1159E-02  1.2601E-06  1.6764E-07
 1.0000E-03 5.6943E-01  5.0233E-02 -7.3202E-07 -2.7567E-07
 1.0000E-03 5.7308E-01  4.9331E-02  5.4669E-07  1.4901E-07
 1.0000E-03 5.7677E-01  4.8459E-02 -1.2545E-06  4.0978E-08
 1.0000E-03 5.8052E-01  4.7624E-02 -3.2410E-07  1.5646E-07
 1.0000E-03 5.8431E-01  4.6829E-02  1.7788E-07 -5.0664E-07
 1.0000E-03 5.8816E-01  4.6075E-02 -1.6112E-07  2.6822E-07
 1.0000E-03 5.9205E-01  4.5367E-02  7.7300E-08  2.0862E-07
 1.0000E-03 5.9600E-01  4.4711E-02  6.7055E-08 -1.6391E-07
 1.0000E-03 6.0000E-01  4.4123E-02  4.8056E-07  1.0431E-07
