 DDSCAT --- DDSCAT 7.3.3 [22.01.20]   
 TARGET --->TARGSPHER  spherical target with explicit spacing                 
 GPFAFT --- method of solution 
 FLTRCD --- prescription for polarizabilities
 FROM_FILE --- shape 
    4169 = NAT0 = number of dipoles
 ../../diel/Pena-Rioux_dielectric_26Au_74Ag                  
 ../../diel/Pena-Rioux_dielectric_65Au_35Ag                  
 ../../diel/Pena-Rioux_dielectric_76Au_24Ag                  
 ../../diel/Pena-Rioux_dielectric_92Au_8Ag                   
   0.000   0.000 = beta_min, beta_max ;  NBETA = 1
   0.000   0.000 = theta_min, theta_max; NTHETA= 1
   0.000   0.000 = phi_min, phi_max   ;   NPHI = 1
 0.5000 = ETASCA (param. controlling # of scatt. dirs used to calculate <cos> etc.
 Results averaged over    1 target orientations
                   and  2 incident polarizations
   aeff       wave       Q_ext     Q_abs      Q_sca     g(1)=<cos>  <cos^2>    Q_bk       Nsca
 8.0000E-02 3.0000E-01 2.7940E+00 1.5486E+00 1.2455E+00  6.4598E-01 6.1560E-01 2.8788E-02   656
 8.0000E-02 3.0101E-01 2.7910E+00 1.5502E+00 1.2409E+00  6.4548E-01 6.1446E-01 2.8721E-02   656
 8.0000E-02 3.0203E-01 2.7879E+00 1.5518E+00 1.2361E+00  6.4499E-01 6.1331E-01 2.8634E-02   656
 8.0000E-02 3.0305E-01 2.7846E+00 1.5533E+00 1.2313E+00  6.4450E-01 6.1215E-01 2.8525E-02   656
 8.0000E-02 3.0408E-01 2.7812E+00 1.5549E+00 1.2263E+00  6.4403E-01 6.1098E-01 2.8394E-02   656
 8.0000E-02 3.0512E-01 2.7776E+00 1.5564E+00 1.2212E+00  6.4357E-01 6.0979E-01 2.8241E-02   656
 8.0000E-02 3.0616E-01 2.7739E+00 1.5579E+00 1.2160E+00  6.4311E-01 6.0860E-01 2.8068E-02   656
 8.0000E-02 3.0722E-01 2.7701E+00 1.5594E+00 1.2107E+00  6.4266E-01 6.0740E-01 2.7873E-02   656
 8.0000E-02 3.0828E-01 2.7662E+00 1.5608E+00 1.2054E+00  6.4222E-01 6.0619E-01 2.7660E-02   656
 8.0000E-02 3.0934E-01 2.7624E+00 1.5622E+00 1.2002E+00  6.4176E-01 6.0496E-01 2.7438E-02   656
 8.0000E-02 3.1042E-01 2.7585E+00 1.5636E+00 1.1949E+00  6.4129E-01 6.0371E-01 2.7197E-02   656
 8.0000E-02 3.1150E-01 2.7545E+00 1.5650E+00 1.1895E+00  6.4084E-01 6.0246E-01 2.6938E-02   656
 8.0000E-02 3.1259E-01 2.7503E+00 1.5663E+00 1.1840E+00  6.4039E-01 6.0119E-01 2.6660E-02   656
 8.0000E-02 3.1368E-01 2.7460E+00 1.5676E+00 1.1784E+00  6.3994E-01 5.9991E-01 2.6364E-02   656
 8.0000E-02 3.1479E-01 2.7415E+00 1.5689E+00 1.1727E+00  6.3949E-01 5.9863E-01 2.6050E-02   656
 8.0000E-02 3.1590E-01 2.7370E+00 1.5701E+00 1.1669E+00  6.3905E-01 5.9733E-01 2.5719E-02   656
 8.0000E-02 3.1702E-01 2.7322E+00 1.5713E+00 1.1610E+00  6.3860E-01 5.9602E-01 2.5372E-02   656
 8.0000E-02 3.1815E-01 2.7272E+00 1.5724E+00 1.1548E+00  6.3817E-01 5.9471E-01 2.5003E-02   656
 8.0000E-02 3.1929E-01 2.7219E+00 1.5735E+00 1.1485E+00  6.3775E-01 5.9338E-01 2.4616E-02   656
 8.0000E-02 3.2043E-01 2.7164E+00 1.5744E+00 1.1420E+00  6.3732E-01 5.9204E-01 2.4214E-02   656
 8.0000E-02 3.2158E-01 2.7107E+00 1.5754E+00 1.1354E+00  6.3688E-01 5.9069E-01 2.3797E-02   657
 8.0000E-02 3.2274E-01 2.7048E+00 1.5762E+00 1.1286E+00  6.3644E-01 5.8933E-01 2.3366E-02   657
 8.0000E-02 3.2391E-01 2.6986E+00 1.5769E+00 1.1217E+00  6.3608E-01 5.8807E-01 2.2922E-02   602
 8.0000E-02 3.2509E-01 2.6922E+00 1.5775E+00 1.1147E+00  6.3563E-01 5.8669E-01 2.2465E-02   602
 8.0000E-02 3.2628E-01 2.6855E+00 1.5780E+00 1.1075E+00  6.3517E-01 5.8530E-01 2.1998E-02   602
 8.0000E-02 3.2747E-01 2.6780E+00 1.5783E+00 1.0997E+00  6.3475E-01 5.8390E-01 2.1497E-02   602
 8.0000E-02 3.2868E-01 2.6703E+00 1.5784E+00 1.0919E+00  6.3430E-01 5.8250E-01 2.0995E-02   602
 8.0000E-02 3.2989E-01 2.6625E+00 1.5784E+00 1.0842E+00  6.3380E-01 5.8106E-01 2.0494E-02   602
 8.0000E-02 3.3111E-01 2.6547E+00 1.5782E+00 1.0765E+00  6.3326E-01 5.7961E-01 1.9995E-02   602
 8.0000E-02 3.3234E-01 2.6468E+00 1.5779E+00 1.0690E+00  6.3268E-01 5.7814E-01 1.9500E-02   603
 8.0000E-02 3.3358E-01 2.6389E+00 1.5773E+00 1.0616E+00  6.3203E-01 5.7664E-01 1.9011E-02   603
 8.0000E-02 3.3483E-01 2.6310E+00 1.5767E+00 1.0544E+00  6.3132E-01 5.7511E-01 1.8528E-02   603
 8.0000E-02 3.3609E-01 2.6234E+00 1.5758E+00 1.0476E+00  6.3051E-01 5.7354E-01 1.8063E-02   603
 8.0000E-02 3.3736E-01 2.6163E+00 1.5747E+00 1.0416E+00  6.2956E-01 5.7193E-01 1.7628E-02   604
 8.0000E-02 3.3864E-01 2.6097E+00 1.5735E+00 1.0361E+00  6.2850E-01 5.7027E-01 1.7215E-02   604
 8.0000E-02 3.3992E-01 2.6035E+00 1.5722E+00 1.0313E+00  6.2731E-01 5.6858E-01 1.6826E-02   604
 8.0000E-02 3.4122E-01 2.5978E+00 1.5708E+00 1.0270E+00  6.2601E-01 5.6685E-01 1.6462E-02   604
 8.0000E-02 3.4253E-01 2.5927E+00 1.5693E+00 1.0234E+00  6.2456E-01 5.6507E-01 1.6123E-02   604
 8.0000E-02 3.4385E-01 2.5881E+00 1.5676E+00 1.0205E+00  6.2298E-01 5.6326E-01 1.5813E-02   604
 8.0000E-02 3.4517E-01 2.5845E+00 1.5659E+00 1.0185E+00  6.2123E-01 5.6140E-01 1.5540E-02   604
 8.0000E-02 3.4651E-01 2.5818E+00 1.5642E+00 1.0176E+00  6.1931E-01 5.5950E-01 1.5308E-02   605
 8.0000E-02 3.4786E-01 2.5800E+00 1.5625E+00 1.0175E+00  6.1725E-01 5.5757E-01 1.5106E-02   605
 8.0000E-02 3.4922E-01 2.5790E+00 1.5608E+00 1.0182E+00  6.1505E-01 5.5561E-01 1.4935E-02   605
 8.0000E-02 3.5059E-01 2.5788E+00 1.5591E+00 1.0197E+00  6.1272E-01 5.5362E-01 1.4797E-02   605
 8.0000E-02 3.5197E-01 2.5795E+00 1.5575E+00 1.0221E+00  6.1024E-01 5.5161E-01 1.4693E-02   605
 8.0000E-02 3.5336E-01 2.5812E+00 1.5558E+00 1.0254E+00  6.0763E-01 5.4957E-01 1.4623E-02   606
 8.0000E-02 3.5476E-01 2.5839E+00 1.5543E+00 1.0297E+00  6.0490E-01 5.4752E-01 1.4586E-02   606
 8.0000E-02 3.5618E-01 2.5876E+00 1.5529E+00 1.0347E+00  6.0208E-01 5.4547E-01 1.4575E-02   606
 8.0000E-02 3.5760E-01 2.5920E+00 1.5516E+00 1.0404E+00  5.9926E-01 5.4353E-01 1.4594E-02   551
 8.0000E-02 3.5904E-01 2.5974E+00 1.5504E+00 1.0470E+00  5.9626E-01 5.4146E-01 1.4637E-02   551
 8.0000E-02 3.6048E-01 2.6036E+00 1.5493E+00 1.0543E+00  5.9317E-01 5.3939E-01 1.4710E-02   551
 8.0000E-02 3.6194E-01 2.6107E+00 1.5484E+00 1.0624E+00  5.8999E-01 5.3732E-01 1.4811E-02   551
 8.0000E-02 3.6341E-01 2.6188E+00 1.5476E+00 1.0712E+00  5.8675E-01 5.3525E-01 1.4935E-02   551
 8.0000E-02 3.6490E-01 2.6276E+00 1.5469E+00 1.0806E+00  5.8347E-01 5.3319E-01 1.5076E-02   551
 8.0000E-02 3.6639E-01 2.6371E+00 1.5465E+00 1.0906E+00  5.8015E-01 5.3113E-01 1.5236E-02   551
 8.0000E-02 3.6790E-01 2.6473E+00 1.5461E+00 1.1012E+00  5.7678E-01 5.2908E-01 1.5413E-02   551
 8.0000E-02 3.6942E-01 2.6583E+00 1.5459E+00 1.1124E+00  5.7337E-01 5.2704E-01 1.5609E-02   551
 8.0000E-02 3.7095E-01 2.6701E+00 1.5459E+00 1.1242E+00  5.6993E-01 5.2501E-01 1.5824E-02   551
 8.0000E-02 3.7250E-01 2.6826E+00 1.5460E+00 1.1366E+00  5.6646E-01 5.2299E-01 1.6054E-02   551
 8.0000E-02 3.7406E-01 2.6956E+00 1.5462E+00 1.1494E+00  5.6299E-01 5.2098E-01 1.6292E-02   552
 8.0000E-02 3.7563E-01 2.7093E+00 1.5466E+00 1.1627E+00  5.5949E-01 5.1898E-01 1.6543E-02   552
 8.0000E-02 3.7722E-01 2.7236E+00 1.5472E+00 1.1764E+00  5.5598E-01 5.1698E-01 1.6805E-02   552
 8.0000E-02 3.7881E-01 2.7385E+00 1.5478E+00 1.1907E+00  5.5245E-01 5.1500E-01 1.7076E-02   552
 8.0000E-02 3.8043E-01 2.7540E+00 1.5486E+00 1.2054E+00  5.4892E-01 5.1302E-01 1.7357E-02   552
 8.0000E-02 3.8205E-01 2.7701E+00 1.5496E+00 1.2205E+00  5.4538E-01 5.1106E-01 1.7646E-02   552
 8.0000E-02 3.8369E-01 2.7867E+00 1.5506E+00 1.2361E+00  5.4184E-01 5.0910E-01 1.7940E-02   552
 8.0000E-02 3.8534E-01 2.8038E+00 1.5518E+00 1.2520E+00  5.3829E-01 5.0715E-01 1.8241E-02   552
 8.0000E-02 3.8701E-01 2.8215E+00 1.5530E+00 1.2684E+00  5.3474E-01 5.0521E-01 1.8549E-02   552
 8.0000E-02 3.8870E-01 2.8397E+00 1.5544E+00 1.2853E+00  5.3118E-01 5.0328E-01 1.8864E-02   552
 8.0000E-02 3.9039E-01 2.8585E+00 1.5559E+00 1.3026E+00  5.2761E-01 5.0135E-01 1.9184E-02   552
 8.0000E-02 3.9211E-01 2.8777E+00 1.5574E+00 1.3203E+00  5.2405E-01 4.9943E-01 1.9506E-02   552
 8.0000E-02 3.9383E-01 2.8975E+00 1.5590E+00 1.3385E+00  5.2047E-01 4.9751E-01 1.9840E-02   552
 8.0000E-02 3.9558E-01 2.9179E+00 1.5607E+00 1.3573E+00  5.1688E-01 4.9560E-01 2.0183E-02   552
 8.0000E-02 3.9733E-01 2.9389E+00 1.5624E+00 1.3765E+00  5.1328E-01 4.9370E-01 2.0534E-02   552
 8.0000E-02 3.9911E-01 2.9605E+00 1.5642E+00 1.3964E+00  5.0966E-01 4.9180E-01 2.0895E-02   552
 8.0000E-02 4.0090E-01 2.9827E+00 1.5660E+00 1.4167E+00  5.0616E-01 4.9003E-01 2.1264E-02   499
 8.0000E-02 4.0270E-01 3.0056E+00 1.5679E+00 1.4377E+00  5.0252E-01 4.8814E-01 2.1645E-02   499
 8.0000E-02 4.0452E-01 3.0293E+00 1.5698E+00 1.4595E+00  4.9886E-01 4.8625E-01 2.2042E-02   499
 8.0000E-02 4.0636E-01 3.0538E+00 1.5717E+00 1.4821E+00  4.9519E-01 4.8436E-01 2.2453E-02   499
 8.0000E-02 4.0822E-01 3.0792E+00 1.5737E+00 1.5055E+00  4.9152E-01 4.8248E-01 2.2872E-02   499
 8.0000E-02 4.1009E-01 3.1055E+00 1.5757E+00 1.5298E+00  4.8783E-01 4.8061E-01 2.3306E-02   499
 8.0000E-02 4.1198E-01 3.1329E+00 1.5779E+00 1.5550E+00  4.8415E-01 4.7873E-01 2.3751E-02   499
 8.0000E-02 4.1389E-01 3.1615E+00 1.5802E+00 1.5813E+00  4.8049E-01 4.7687E-01 2.4203E-02   499
 8.0000E-02 4.1581E-01 3.1913E+00 1.5827E+00 1.6086E+00  4.7684E-01 4.7500E-01 2.4655E-02   500
 8.0000E-02 4.1776E-01 3.2223E+00 1.5855E+00 1.6369E+00  4.7324E-01 4.7315E-01 2.5103E-02   500
 8.0000E-02 4.1972E-01 3.2547E+00 1.5884E+00 1.6663E+00  4.6967E-01 4.7130E-01 2.5550E-02   501
 8.0000E-02 4.2170E-01 3.2885E+00 1.5917E+00 1.6968E+00  4.6616E-01 4.6947E-01 2.5979E-02   501
 8.0000E-02 4.2370E-01 3.3235E+00 1.5953E+00 1.7282E+00  4.6273E-01 4.6764E-01 2.6383E-02   501
 8.0000E-02 4.2571E-01 3.3599E+00 1.5993E+00 1.7606E+00  4.5939E-01 4.6583E-01 2.6755E-02   501
 8.0000E-02 4.2775E-01 3.3977E+00 1.6037E+00 1.7940E+00  4.5614E-01 4.6403E-01 2.7093E-02   501
 8.0000E-02 4.2981E-01 3.4370E+00 1.6086E+00 1.8285E+00  4.5298E-01 4.6224E-01 2.7393E-02   501
 8.0000E-02 4.3188E-01 3.4778E+00 1.6138E+00 1.8640E+00  4.4994E-01 4.6047E-01 2.7645E-02   501
 8.0000E-02 4.3398E-01 3.5201E+00 1.6195E+00 1.9006E+00  4.4699E-01 4.5871E-01 2.7852E-02   501
 8.0000E-02 4.3610E-01 3.5640E+00 1.6256E+00 1.9384E+00  4.4414E-01 4.5695E-01 2.8014E-02   501
 8.0000E-02 4.3824E-01 3.6097E+00 1.6322E+00 1.9775E+00  4.4139E-01 4.5520E-01 2.8122E-02   501
 8.0000E-02 4.4039E-01 3.6571E+00 1.6392E+00 2.0179E+00  4.3874E-01 4.5346E-01 2.8169E-02   501
 8.0000E-02 4.4257E-01 3.7065E+00 1.6468E+00 2.0597E+00  4.3620E-01 4.5172E-01 2.8149E-02   501
 8.0000E-02 4.4478E-01 3.7580E+00 1.6548E+00 2.1032E+00  4.3376E-01 4.4998E-01 2.8055E-02   501
 8.0000E-02 4.4700E-01 3.8118E+00 1.6634E+00 2.1484E+00  4.3144E-01 4.4822E-01 2.7867E-02   501
 8.0000E-02 4.4925E-01 3.8679E+00 1.6726E+00 2.1953E+00  4.2923E-01 4.4645E-01 2.7566E-02   501
 8.0000E-02 4.5152E-01 3.9263E+00 1.6824E+00 2.2440E+00  4.2713E-01 4.4464E-01 2.7141E-02   501
 8.0000E-02 4.5381E-01 3.9873E+00 1.6927E+00 2.2946E+00  4.2512E-01 4.4280E-01 2.6576E-02   501
 8.0000E-02 4.5612E-01 4.0506E+00 1.7036E+00 2.3470E+00  4.2332E-01 4.4104E-01 2.5856E-02   452
 8.0000E-02 4.5846E-01 4.1158E+00 1.7149E+00 2.4010E+00  4.2143E-01 4.3908E-01 2.4976E-02   452
 8.0000E-02 4.6082E-01 4.1826E+00 1.7264E+00 2.4562E+00  4.1954E-01 4.3705E-01 2.3944E-02   452
 8.0000E-02 4.6321E-01 4.2505E+00 1.7380E+00 2.5125E+00  4.1758E-01 4.3495E-01 2.2777E-02   452
 8.0000E-02 4.6563E-01 4.3186E+00 1.7495E+00 2.5691E+00  4.1551E-01 4.3276E-01 2.1506E-02   452
 8.0000E-02 4.6806E-01 4.3859E+00 1.7604E+00 2.6255E+00  4.1325E-01 4.3051E-01 2.0191E-02   452
 8.0000E-02 4.7053E-01 4.4516E+00 1.7704E+00 2.6812E+00  4.1073E-01 4.2819E-01 1.8899E-02   452
 8.0000E-02 4.7302E-01 4.5146E+00 1.7791E+00 2.7355E+00  4.0787E-01 4.2583E-01 1.7718E-02   452
 8.0000E-02 4.7553E-01 4.5737E+00 1.7862E+00 2.7875E+00  4.0462E-01 4.2343E-01 1.6751E-02   452
 8.0000E-02 4.7807E-01 4.6283E+00 1.7913E+00 2.8370E+00  4.0092E-01 4.2104E-01 1.6087E-02   452
 8.0000E-02 4.8065E-01 4.6778E+00 1.7943E+00 2.8836E+00  3.9677E-01 4.1867E-01 1.5810E-02   452
 8.0000E-02 4.8324E-01 4.7220E+00 1.7950E+00 2.9270E+00  3.9216E-01 4.1635E-01 1.5980E-02   452
 8.0000E-02 4.8587E-01 4.7611E+00 1.7936E+00 2.9675E+00  3.8714E-01 4.1410E-01 1.6624E-02   452
 8.0000E-02 4.8852E-01 4.7957E+00 1.7903E+00 3.0054E+00  3.8179E-01 4.1194E-01 1.7743E-02   452
 8.0000E-02 4.9121E-01 4.8266E+00 1.7854E+00 3.0412E+00  3.7616E-01 4.0988E-01 1.9314E-02   452
 8.0000E-02 4.9392E-01 4.8547E+00 1.7790E+00 3.0756E+00  3.7032E-01 4.0791E-01 2.1300E-02   452
 8.0000E-02 4.9667E-01 4.8806E+00 1.7713E+00 3.1093E+00  3.6432E-01 4.0603E-01 2.3684E-02   452
 8.0000E-02 4.9944E-01 4.9048E+00 1.7621E+00 3.1428E+00  3.5815E-01 4.0421E-01 2.6475E-02   452
 8.0000E-02 5.0225E-01 4.9274E+00 1.7509E+00 3.1765E+00  3.5176E-01 4.0244E-01 2.9723E-02   452
 8.0000E-02 5.0508E-01 4.9477E+00 1.7372E+00 3.2106E+00  3.4503E-01 4.0070E-01 3.3526E-02   452
 8.0000E-02 5.0795E-01 4.9650E+00 1.7199E+00 3.2451E+00  3.3785E-01 3.9898E-01 3.8025E-02   452
 8.0000E-02 5.1086E-01 4.9780E+00 1.6983E+00 3.2797E+00  3.3005E-01 3.9728E-01 4.3373E-02   452
 8.0000E-02 5.1379E-01 4.9852E+00 1.6716E+00 3.3137E+00  3.2151E-01 3.9561E-01 4.9724E-02   453
 8.0000E-02 5.1676E-01 4.9856E+00 1.6394E+00 3.3462E+00  3.1217E-01 3.9398E-01 5.7158E-02   453
 8.0000E-02 5.1977E-01 4.9782E+00 1.6017E+00 3.3765E+00  3.0200E-01 3.9241E-01 6.5703E-02   453
 8.0000E-02 5.2281E-01 4.9625E+00 1.5590E+00 3.4035E+00  2.9106E-01 3.9093E-01 7.5309E-02   453
 8.0000E-02 5.2588E-01 4.9382E+00 1.5118E+00 3.4264E+00  2.7941E-01 3.8953E-01 8.5883E-02   453
 8.0000E-02 5.2899E-01 4.9051E+00 1.4609E+00 3.4443E+00  2.6725E-01 3.8836E-01 9.7308E-02   407
 8.0000E-02 5.3214E-01 4.8637E+00 1.4072E+00 3.4565E+00  2.5442E-01 3.8718E-01 1.0944E-01   407
 8.0000E-02 5.3533E-01 4.8145E+00 1.3517E+00 3.4628E+00  2.4115E-01 3.8612E-01 1.2215E-01   407
 8.0000E-02 5.3855E-01 4.7590E+00 1.2956E+00 3.4634E+00  2.2755E-01 3.8521E-01 1.3529E-01   407
 8.0000E-02 5.4182E-01 4.6991E+00 1.2401E+00 3.4590E+00  2.1378E-01 3.8447E-01 1.4868E-01   407
 8.0000E-02 5.4512E-01 4.6371E+00 1.1864E+00 3.4508E+00  1.9999E-01 3.8392E-01 1.6218E-01   407
 8.0000E-02 5.4847E-01 4.5754E+00 1.1356E+00 3.4398E+00  1.8640E-01 3.8357E-01 1.7558E-01   408
 8.0000E-02 5.5185E-01 4.5166E+00 1.0892E+00 3.4273E+00  1.7324E-01 3.8343E-01 1.8862E-01   408
 8.0000E-02 5.5528E-01 4.4622E+00 1.0480E+00 3.4142E+00  1.6075E-01 3.8346E-01 2.0106E-01   408
 8.0000E-02 5.5875E-01 4.4128E+00 1.0123E+00 3.4005E+00  1.4903E-01 3.8363E-01 2.1273E-01   408
 8.0000E-02 5.6226E-01 4.3680E+00 9.8219E-01 3.3858E+00  1.3813E-01 3.8390E-01 2.2349E-01   408
 8.0000E-02 5.6582E-01 4.3269E+00 9.5775E-01 3.3692E+00  1.2803E-01 3.8424E-01 2.3324E-01   408
 8.0000E-02 5.6943E-01 4.2886E+00 9.3890E-01 3.3497E+00  1.1871E-01 3.8462E-01 2.4191E-01   408
 8.0000E-02 5.7308E-01 4.2520E+00 9.2581E-01 3.3262E+00  1.1009E-01 3.8503E-01 2.4946E-01   408
 8.0000E-02 5.7677E-01 4.2169E+00 9.1857E-01 3.2983E+00  1.0216E-01 3.8544E-01 2.5586E-01   408
 8.0000E-02 5.8052E-01 4.1834E+00 9.1715E-01 3.2663E+00  9.4892E-02 3.8587E-01 2.6117E-01   408
 8.0000E-02 5.8431E-01 4.1521E+00 9.2117E-01 3.2309E+00  8.8251E-02 3.8631E-01 2.6545E-01   408
 8.0000E-02 5.8816E-01 4.1229E+00 9.3022E-01 3.1927E+00  8.2209E-02 3.8674E-01 2.6879E-01   408
 8.0000E-02 5.9205E-01 4.0955E+00 9.4406E-01 3.1514E+00  7.6712E-02 3.8716E-01 2.7123E-01   408
 8.0000E-02 5.9600E-01 4.0702E+00 9.6211E-01 3.1081E+00  7.1675E-02 3.8758E-01 2.7300E-01   408
 8.0000E-02 6.0000E-01 4.0489E+00 9.8326E-01 3.0656E+00  6.7015E-02 3.8801E-01 2.7450E-01   408
