 DDSCAT --- DDSCAT 7.3.3 [22.01.20]   
 TARGET --->TARFROMFILE  Nanorod target: 97.3nm x 17.6nm x 17.6nm, d=1nm      
 PBCGS2 --- method of solution 
 GKDLDR --- prescription for polarizabilities
 FROM_FILE --- shape 
   35739 = NAT0 = number of dipoles
 ../diel/Ag_evap                                             
  wave(um)   f(cm-1)     Re(m)     Im(m)     Re(eps)   Im(eps)
 3.0000E-01 3.3333E+04 1.055E+00 7.393E-01  5.658E-01 1.559E+00
 3.0167E-01 3.3149E+04 9.897E-01 6.996E-01  4.900E-01 1.385E+00
 3.0334E-01 3.2966E+04 9.579E-01 6.553E-01  4.880E-01 1.255E+00
 3.0502E-01 3.2785E+04 9.285E-01 6.115E-01  4.883E-01 1.136E+00
 3.0669E-01 3.2606E+04 9.017E-01 5.679E-01  4.906E-01 1.024E+00
 3.0836E-01 3.2430E+04 8.774E-01 5.248E-01  4.945E-01 9.210E-01
 3.1003E-01 3.2255E+04 8.557E-01 4.821E-01  4.998E-01 8.250E-01
 3.1171E-01 3.2082E+04 8.290E-01 4.339E-01  4.990E-01 7.194E-01
 3.1338E-01 3.1910E+04 7.948E-01 3.888E-01  4.805E-01 6.179E-01
 3.1505E-01 3.1741E+04 7.565E-01 3.522E-01  4.483E-01 5.329E-01
 3.1672E-01 3.1573E+04 7.144E-01 3.242E-01  4.052E-01 4.631E-01
 3.1839E-01 3.1408E+04 6.682E-01 3.047E-01  3.537E-01 4.072E-01
 3.2007E-01 3.1243E+04 6.181E-01 2.937E-01  2.958E-01 3.631E-01
 3.2174E-01 3.1081E+04 5.400E-01 3.232E-01  1.872E-01 3.491E-01
 3.2341E-01 3.0920E+04 4.593E-01 3.650E-01  7.775E-02 3.354E-01
 3.2508E-01 3.0761E+04 3.828E-01 4.108E-01 -2.220E-02 3.145E-01
 3.2676E-01 3.0604E+04 3.104E-01 4.604E-01 -1.156E-01 2.858E-01
 3.2843E-01 3.0448E+04 2.421E-01 5.140E-01 -2.056E-01 2.489E-01
 3.3010E-01 3.0294E+04 1.780E-01 5.715E-01 -2.949E-01 2.035E-01
 3.3177E-01 3.0141E+04 1.245E-01 6.292E-01 -3.803E-01 1.567E-01
 3.3344E-01 2.9990E+04 1.087E-01 6.683E-01 -4.348E-01 1.452E-01
 3.3512E-01 2.9840E+04 9.754E-02 7.059E-01 -4.888E-01 1.377E-01
 3.3679E-01 2.9692E+04 9.115E-02 7.422E-01 -5.425E-01 1.353E-01
 3.3846E-01 2.9545E+04 8.950E-02 7.770E-01 -5.957E-01 1.391E-01
 3.4013E-01 2.9400E+04 9.258E-02 8.104E-01 -6.482E-01 1.501E-01
 3.4181E-01 2.9256E+04 1.004E-01 8.424E-01 -6.995E-01 1.691E-01
 3.4348E-01 2.9114E+04 1.023E-01 8.746E-01 -7.544E-01 1.790E-01
 3.4515E-01 2.8973E+04 9.784E-02 9.069E-01 -8.130E-01 1.775E-01
 3.4682E-01 2.8833E+04 9.342E-02 9.383E-01 -8.717E-01 1.753E-01
 3.4850E-01 2.8695E+04 8.910E-02 9.688E-01 -9.305E-01 1.726E-01
 3.5017E-01 2.8558E+04 8.486E-02 9.982E-01 -9.892E-01 1.694E-01
 3.5184E-01 2.8422E+04 8.072E-02 1.027E+00 -1.048E+00 1.657E-01
 3.5351E-01 2.8288E+04 7.666E-02 1.054E+00 -1.106E+00 1.616E-01
 3.5518E-01 2.8154E+04 7.307E-02 1.080E+00 -1.160E+00 1.578E-01
 3.5686E-01 2.8022E+04 6.989E-02 1.104E+00 -1.213E+00 1.543E-01
 3.5853E-01 2.7892E+04 6.684E-02 1.127E+00 -1.266E+00 1.507E-01
 3.6020E-01 2.7762E+04 6.395E-02 1.150E+00 -1.318E+00 1.470E-01
 3.6187E-01 2.7634E+04 6.120E-02 1.172E+00 -1.369E+00 1.434E-01
 3.6355E-01 2.7507E+04 5.860E-02 1.193E+00 -1.420E+00 1.398E-01
 3.6522E-01 2.7381E+04 5.615E-02 1.214E+00 -1.470E+00 1.363E-01
 3.6689E-01 2.7256E+04 5.384E-02 1.234E+00 -1.519E+00 1.328E-01
 3.6856E-01 2.7132E+04 5.152E-02 1.253E+00 -1.568E+00 1.291E-01
 3.7023E-01 2.7010E+04 4.913E-02 1.272E+00 -1.617E+00 1.250E-01
 3.7191E-01 2.6888E+04 4.692E-02 1.292E+00 -1.666E+00 1.212E-01
 3.7358E-01 2.6768E+04 4.487E-02 1.310E+00 -1.715E+00 1.176E-01
 3.7525E-01 2.6649E+04 4.300E-02 1.329E+00 -1.764E+00 1.143E-01
 3.7692E-01 2.6531E+04 4.130E-02 1.347E+00 -1.813E+00 1.113E-01
 3.7860E-01 2.6413E+04 3.977E-02 1.365E+00 -1.862E+00 1.086E-01
 3.8027E-01 2.6297E+04 3.840E-02 1.383E+00 -1.910E+00 1.062E-01
 3.8194E-01 2.6182E+04 3.741E-02 1.400E+00 -1.958E+00 1.047E-01
 3.8361E-01 2.6068E+04 3.709E-02 1.417E+00 -2.006E+00 1.051E-01
 3.8528E-01 2.5955E+04 3.685E-02 1.434E+00 -2.055E+00 1.057E-01
 3.8696E-01 2.5843E+04 3.669E-02 1.451E+00 -2.103E+00 1.064E-01
 3.8863E-01 2.5731E+04 3.661E-02 1.467E+00 -2.152E+00 1.074E-01
 3.9030E-01 2.5621E+04 3.661E-02 1.484E+00 -2.201E+00 1.087E-01
 3.9197E-01 2.5512E+04 3.669E-02 1.500E+00 -2.250E+00 1.101E-01
 3.9365E-01 2.5404E+04 3.685E-02 1.517E+00 -2.299E+00 1.118E-01
 3.9532E-01 2.5296E+04 3.709E-02 1.533E+00 -2.349E+00 1.137E-01
 3.9699E-01 2.5190E+04 3.742E-02 1.549E+00 -2.398E+00 1.159E-01
 3.9866E-01 2.5084E+04 3.765E-02 1.565E+00 -2.449E+00 1.179E-01
 4.0033E-01 2.4979E+04 3.779E-02 1.582E+00 -2.500E+00 1.195E-01
 4.0201E-01 2.4875E+04 3.789E-02 1.598E+00 -2.551E+00 1.211E-01
 4.0368E-01 2.4772E+04 3.795E-02 1.614E+00 -2.603E+00 1.225E-01
 4.0535E-01 2.4670E+04 3.797E-02 1.630E+00 -2.654E+00 1.238E-01
 4.0702E-01 2.4569E+04 3.795E-02 1.645E+00 -2.705E+00 1.249E-01
 4.0870E-01 2.4468E+04 3.789E-02 1.661E+00 -2.757E+00 1.259E-01
 4.1037E-01 2.4368E+04 3.779E-02 1.676E+00 -2.808E+00 1.267E-01
 4.1204E-01 2.4269E+04 3.765E-02 1.692E+00 -2.860E+00 1.274E-01
 4.1371E-01 2.4171E+04 3.730E-02 1.707E+00 -2.911E+00 1.273E-01
 4.1538E-01 2.4074E+04 3.648E-02 1.721E+00 -2.961E+00 1.256E-01
 4.1706E-01 2.3978E+04 3.569E-02 1.735E+00 -3.011E+00 1.239E-01
 4.1873E-01 2.3882E+04 3.491E-02 1.750E+00 -3.060E+00 1.222E-01
 4.2040E-01 2.3787E+04 3.415E-02 1.764E+00 -3.110E+00 1.205E-01
 4.2207E-01 2.3693E+04 3.341E-02 1.778E+00 -3.159E+00 1.188E-01
 4.2375E-01 2.3599E+04 3.269E-02 1.791E+00 -3.208E+00 1.171E-01
 4.2542E-01 2.3506E+04 3.200E-02 1.805E+00 -3.257E+00 1.155E-01
 4.2709E-01 2.3414E+04 3.132E-02 1.819E+00 -3.306E+00 1.139E-01
 4.2876E-01 2.3323E+04 3.067E-02 1.832E+00 -3.355E+00 1.124E-01
 4.3043E-01 2.3232E+04 3.003E-02 1.845E+00 -3.403E+00 1.108E-01
 4.3211E-01 2.3142E+04 2.971E-02 1.857E+00 -3.449E+00 1.104E-01
 4.3378E-01 2.3053E+04 2.945E-02 1.870E+00 -3.495E+00 1.101E-01
 4.3545E-01 2.2965E+04 2.925E-02 1.882E+00 -3.542E+00 1.101E-01
 4.3712E-01 2.2877E+04 2.910E-02 1.895E+00 -3.589E+00 1.103E-01
 4.3880E-01 2.2790E+04 2.901E-02 1.907E+00 -3.635E+00 1.106E-01
 4.4047E-01 2.2703E+04 2.897E-02 1.919E+00 -3.683E+00 1.112E-01
 4.4214E-01 2.2617E+04 2.899E-02 1.932E+00 -3.730E+00 1.120E-01
 4.4381E-01 2.2532E+04 2.907E-02 1.944E+00 -3.777E+00 1.130E-01
 4.4548E-01 2.2447E+04 2.920E-02 1.956E+00 -3.825E+00 1.142E-01
 4.4716E-01 2.2364E+04 2.939E-02 1.968E+00 -3.873E+00 1.157E-01
 4.4883E-01 2.2280E+04 2.963E-02 1.980E+00 -3.921E+00 1.174E-01
 4.5050E-01 2.2197E+04 2.993E-02 1.993E+00 -3.970E+00 1.193E-01
 4.5217E-01 2.2115E+04 3.052E-02 2.006E+00 -4.021E+00 1.224E-01
 4.5385E-01 2.2034E+04 3.118E-02 2.019E+00 -4.074E+00 1.259E-01
 4.5552E-01 2.1953E+04 3.184E-02 2.032E+00 -4.127E+00 1.294E-01
 4.5719E-01 2.1873E+04 3.248E-02 2.045E+00 -4.180E+00 1.328E-01
 4.5886E-01 2.1793E+04 3.311E-02 2.058E+00 -4.233E+00 1.363E-01
 4.6054E-01 2.1714E+04 3.373E-02 2.071E+00 -4.286E+00 1.397E-01
 4.6221E-01 2.1635E+04 3.434E-02 2.083E+00 -4.340E+00 1.431E-01
 4.6388E-01 2.1557E+04 3.494E-02 2.096E+00 -4.393E+00 1.465E-01
 4.6555E-01 2.1480E+04 3.553E-02 2.109E+00 -4.447E+00 1.499E-01
 4.6722E-01 2.1403E+04 3.611E-02 2.122E+00 -4.500E+00 1.532E-01
 4.6890E-01 2.1327E+04 3.668E-02 2.134E+00 -4.554E+00 1.566E-01
 4.7057E-01 2.1251E+04 3.724E-02 2.147E+00 -4.607E+00 1.599E-01
 4.7224E-01 2.1176E+04 3.757E-02 2.159E+00 -4.659E+00 1.622E-01
 4.7391E-01 2.1101E+04 3.767E-02 2.170E+00 -4.709E+00 1.635E-01
 4.7559E-01 2.1027E+04 3.776E-02 2.182E+00 -4.758E+00 1.647E-01
 4.7726E-01 2.0953E+04 3.783E-02 2.193E+00 -4.808E+00 1.659E-01
 4.7893E-01 2.0880E+04 3.788E-02 2.204E+00 -4.858E+00 1.670E-01
 4.8060E-01 2.0807E+04 3.792E-02 2.216E+00 -4.908E+00 1.680E-01
 4.8227E-01 2.0735E+04 3.794E-02 2.227E+00 -4.958E+00 1.690E-01
 4.8395E-01 2.0663E+04 3.795E-02 2.238E+00 -5.009E+00 1.699E-01
 4.8562E-01 2.0592E+04 3.793E-02 2.250E+00 -5.059E+00 1.707E-01
 4.8729E-01 2.0522E+04 3.791E-02 2.261E+00 -5.110E+00 1.714E-01
 4.8896E-01 2.0451E+04 3.786E-02 2.272E+00 -5.161E+00 1.721E-01
 4.9064E-01 2.0382E+04 3.780E-02 2.283E+00 -5.211E+00 1.726E-01
 4.9231E-01 2.0312E+04 3.773E-02 2.294E+00 -5.262E+00 1.731E-01
 4.9398E-01 2.0244E+04 3.764E-02 2.305E+00 -5.313E+00 1.735E-01
 4.9565E-01 2.0175E+04 3.753E-02 2.316E+00 -5.364E+00 1.739E-01
 4.9732E-01 2.0108E+04 3.741E-02 2.328E+00 -5.417E+00 1.741E-01
 4.9900E-01 2.0040E+04 3.730E-02 2.339E+00 -5.470E+00 1.745E-01
 5.0067E-01 1.9973E+04 3.722E-02 2.350E+00 -5.523E+00 1.749E-01
 5.0234E-01 1.9907E+04 3.715E-02 2.362E+00 -5.577E+00 1.755E-01
 5.0401E-01 1.9841E+04 3.709E-02 2.373E+00 -5.631E+00 1.761E-01
 5.0569E-01 1.9775E+04 3.706E-02 2.385E+00 -5.686E+00 1.767E-01
 5.0736E-01 1.9710E+04 3.704E-02 2.396E+00 -5.741E+00 1.775E-01
 5.0903E-01 1.9645E+04 3.704E-02 2.408E+00 -5.796E+00 1.783E-01
 5.1070E-01 1.9581E+04 3.705E-02 2.419E+00 -5.852E+00 1.793E-01
 5.1237E-01 1.9517E+04 3.708E-02 2.431E+00 -5.908E+00 1.803E-01
 5.1405E-01 1.9453E+04 3.713E-02 2.443E+00 -5.965E+00 1.814E-01
 5.1572E-01 1.9390E+04 3.720E-02 2.454E+00 -6.022E+00 1.826E-01
 5.1739E-01 1.9328E+04 3.728E-02 2.466E+00 -6.080E+00 1.839E-01
 5.1906E-01 1.9265E+04 3.738E-02 2.478E+00 -6.138E+00 1.852E-01
 5.2074E-01 1.9204E+04 3.750E-02 2.489E+00 -6.196E+00 1.867E-01
 5.2241E-01 1.9142E+04 3.808E-02 2.502E+00 -6.259E+00 1.906E-01
 5.2408E-01 1.9081E+04 3.870E-02 2.515E+00 -6.323E+00 1.946E-01
 5.2575E-01 1.9020E+04 3.929E-02 2.527E+00 -6.387E+00 1.986E-01
 5.2742E-01 1.8960E+04 3.986E-02 2.540E+00 -6.450E+00 2.025E-01
 5.2910E-01 1.8900E+04 4.040E-02 2.553E+00 -6.514E+00 2.063E-01
 5.3077E-01 1.8841E+04 4.092E-02 2.565E+00 -6.577E+00 2.099E-01
 5.3244E-01 1.8781E+04 4.142E-02 2.577E+00 -6.641E+00 2.135E-01
 5.3411E-01 1.8723E+04 4.190E-02 2.590E+00 -6.704E+00 2.170E-01
 5.3579E-01 1.8664E+04 4.235E-02 2.602E+00 -6.768E+00 2.204E-01
 5.3746E-01 1.8606E+04 4.277E-02 2.614E+00 -6.831E+00 2.236E-01
 5.3913E-01 1.8548E+04 4.318E-02 2.626E+00 -6.894E+00 2.268E-01
 5.4080E-01 1.8491E+04 4.355E-02 2.638E+00 -6.958E+00 2.298E-01
 5.4247E-01 1.8434E+04 4.391E-02 2.650E+00 -7.021E+00 2.327E-01
 5.4415E-01 1.8377E+04 4.424E-02 2.662E+00 -7.084E+00 2.355E-01
 5.4582E-01 1.8321E+04 4.455E-02 2.674E+00 -7.147E+00 2.382E-01
 5.4749E-01 1.8265E+04 4.484E-02 2.685E+00 -7.210E+00 2.408E-01
 5.4916E-01 1.8210E+04 4.486E-02 2.697E+00 -7.270E+00 2.419E-01
 5.5084E-01 1.8154E+04 4.440E-02 2.707E+00 -7.326E+00 2.404E-01
 5.5251E-01 1.8099E+04 4.396E-02 2.717E+00 -7.382E+00 2.389E-01
 5.5418E-01 1.8045E+04 4.352E-02 2.728E+00 -7.438E+00 2.374E-01
 5.5585E-01 1.7990E+04 4.310E-02 2.738E+00 -7.495E+00 2.360E-01
 5.5753E-01 1.7936E+04 4.268E-02 2.748E+00 -7.551E+00 2.346E-01
 5.5920E-01 1.7883E+04 4.227E-02 2.758E+00 -7.607E+00 2.332E-01
 5.6087E-01 1.7829E+04 4.187E-02 2.769E+00 -7.664E+00 2.318E-01
 5.6254E-01 1.7776E+04 4.147E-02 2.779E+00 -7.720E+00 2.305E-01
 5.6421E-01 1.7724E+04 4.109E-02 2.789E+00 -7.776E+00 2.292E-01
 5.6589E-01 1.7671E+04 4.071E-02 2.799E+00 -7.833E+00 2.279E-01
 5.6756E-01 1.7619E+04 4.035E-02 2.809E+00 -7.890E+00 2.267E-01
 5.6923E-01 1.7568E+04 3.999E-02 2.819E+00 -7.946E+00 2.255E-01
 5.7090E-01 1.7516E+04 3.964E-02 2.829E+00 -8.003E+00 2.243E-01
 5.7258E-01 1.7465E+04 3.929E-02 2.839E+00 -8.060E+00 2.231E-01
 5.7425E-01 1.7414E+04 3.896E-02 2.849E+00 -8.117E+00 2.220E-01
 5.7592E-01 1.7364E+04 3.864E-02 2.859E+00 -8.173E+00 2.209E-01
 5.7759E-01 1.7313E+04 3.832E-02 2.869E+00 -8.230E+00 2.199E-01
 5.7926E-01 1.7263E+04 3.801E-02 2.879E+00 -8.287E+00 2.189E-01
 5.8094E-01 1.7214E+04 3.771E-02 2.889E+00 -8.344E+00 2.179E-01
 5.8261E-01 1.7164E+04 3.764E-02 2.899E+00 -8.403E+00 2.182E-01
 5.8428E-01 1.7115E+04 3.808E-02 2.910E+00 -8.464E+00 2.216E-01
 5.8595E-01 1.7066E+04 3.850E-02 2.920E+00 -8.526E+00 2.249E-01
 5.8763E-01 1.7018E+04 3.892E-02 2.931E+00 -8.588E+00 2.281E-01
 5.8930E-01 1.6969E+04 3.933E-02 2.941E+00 -8.651E+00 2.314E-01
 5.9097E-01 1.6921E+04 3.973E-02 2.952E+00 -8.713E+00 2.346E-01
 5.9264E-01 1.6874E+04 4.013E-02 2.963E+00 -8.775E+00 2.378E-01
 5.9431E-01 1.6826E+04 4.052E-02 2.973E+00 -8.838E+00 2.409E-01
 5.9599E-01 1.6779E+04 4.090E-02 2.984E+00 -8.901E+00 2.441E-01
 5.9766E-01 1.6732E+04 4.127E-02 2.994E+00 -8.963E+00 2.472E-01
 5.9933E-01 1.6685E+04 4.164E-02 3.005E+00 -9.026E+00 2.502E-01
 6.0100E-01 1.6639E+04 4.200E-02 3.015E+00 -9.089E+00 2.532E-01
 6.0268E-01 1.6593E+04 4.235E-02 3.026E+00 -9.153E+00 2.563E-01
 6.0435E-01 1.6547E+04 4.269E-02 3.036E+00 -9.216E+00 2.592E-01
 6.0602E-01 1.6501E+04 4.303E-02 3.046E+00 -9.279E+00 2.622E-01
 6.0769E-01 1.6456E+04 4.335E-02 3.057E+00 -9.343E+00 2.651E-01
 6.0936E-01 1.6411E+04 4.368E-02 3.067E+00 -9.406E+00 2.679E-01
 6.1104E-01 1.6366E+04 4.399E-02 3.078E+00 -9.470E+00 2.708E-01
 6.1271E-01 1.6321E+04 4.429E-02 3.088E+00 -9.534E+00 2.736E-01
 6.1438E-01 1.6277E+04 4.459E-02 3.098E+00 -9.598E+00 2.763E-01
 6.1605E-01 1.6232E+04 4.488E-02 3.109E+00 -9.662E+00 2.791E-01
 6.1773E-01 1.6188E+04 4.491E-02 3.119E+00 -9.724E+00 2.801E-01
 6.1940E-01 1.6145E+04 4.471E-02 3.128E+00 -9.785E+00 2.798E-01
 6.2107E-01 1.6101E+04 4.451E-02 3.138E+00 -9.846E+00 2.794E-01
 6.2274E-01 1.6058E+04 4.430E-02 3.148E+00 -9.907E+00 2.789E-01
 6.2441E-01 1.6015E+04 4.408E-02 3.158E+00 -9.968E+00 2.784E-01
 6.2609E-01 1.5972E+04 4.386E-02 3.167E+00 -1.003E+01 2.778E-01
 6.2776E-01 1.5930E+04 4.362E-02 3.177E+00 -1.009E+01 2.771E-01
 6.2943E-01 1.5887E+04 4.337E-02 3.187E+00 -1.015E+01 2.764E-01
 6.3110E-01 1.5845E+04 4.312E-02 3.196E+00 -1.021E+01 2.757E-01
 6.3278E-01 1.5803E+04 4.286E-02 3.206E+00 -1.028E+01 2.748E-01
 6.3445E-01 1.5762E+04 4.259E-02 3.216E+00 -1.034E+01 2.739E-01
 6.3612E-01 1.5720E+04 4.231E-02 3.225E+00 -1.040E+01 2.729E-01
 6.3779E-01 1.5679E+04 4.202E-02 3.235E+00 -1.046E+01 2.719E-01
 6.3946E-01 1.5638E+04 4.173E-02 3.245E+00 -1.053E+01 2.708E-01
 6.4114E-01 1.5597E+04 4.142E-02 3.255E+00 -1.059E+01 2.696E-01
 6.4281E-01 1.5557E+04 4.111E-02 3.264E+00 -1.065E+01 2.684E-01
 6.4448E-01 1.5516E+04 4.079E-02 3.274E+00 -1.072E+01 2.671E-01
 6.4615E-01 1.5476E+04 4.045E-02 3.284E+00 -1.078E+01 2.657E-01
 6.4783E-01 1.5436E+04 4.012E-02 3.293E+00 -1.084E+01 2.642E-01
 6.4950E-01 1.5396E+04 3.977E-02 3.303E+00 -1.091E+01 2.627E-01
 6.5117E-01 1.5357E+04 3.941E-02 3.313E+00 -1.097E+01 2.611E-01
 6.5284E-01 1.5318E+04 3.905E-02 3.322E+00 -1.104E+01 2.595E-01
 6.5452E-01 1.5278E+04 3.867E-02 3.332E+00 -1.110E+01 2.577E-01
 6.5619E-01 1.5240E+04 3.829E-02 3.342E+00 -1.117E+01 2.559E-01
 6.5786E-01 1.5201E+04 3.790E-02 3.351E+00 -1.123E+01 2.540E-01
 6.5953E-01 1.5162E+04 3.750E-02 3.361E+00 -1.130E+01 2.521E-01
 6.6120E-01 1.5124E+04 3.721E-02 3.371E+00 -1.136E+01 2.509E-01
 6.6288E-01 1.5086E+04 3.692E-02 3.381E+00 -1.143E+01 2.497E-01
 6.6455E-01 1.5048E+04 3.663E-02 3.391E+00 -1.150E+01 2.485E-01
 6.6622E-01 1.5010E+04 3.634E-02 3.401E+00 -1.157E+01 2.472E-01
 6.6789E-01 1.4972E+04 3.606E-02 3.411E+00 -1.164E+01 2.460E-01
 6.6957E-01 1.4935E+04 3.577E-02 3.421E+00 -1.170E+01 2.448E-01
 6.7124E-01 1.4898E+04 3.548E-02 3.431E+00 -1.177E+01 2.435E-01
 6.7291E-01 1.4861E+04 3.520E-02 3.441E+00 -1.184E+01 2.423E-01
 6.7458E-01 1.4824E+04 3.492E-02 3.451E+00 -1.191E+01 2.410E-01
 6.7625E-01 1.4787E+04 3.463E-02 3.462E+00 -1.198E+01 2.398E-01
 6.7793E-01 1.4751E+04 3.435E-02 3.472E+00 -1.205E+01 2.385E-01
 6.7960E-01 1.4715E+04 3.407E-02 3.482E+00 -1.212E+01 2.372E-01
 6.8127E-01 1.4678E+04 3.379E-02 3.492E+00 -1.219E+01 2.360E-01
 6.8294E-01 1.4643E+04 3.351E-02 3.502E+00 -1.226E+01 2.347E-01
 6.8462E-01 1.4607E+04 3.323E-02 3.512E+00 -1.233E+01 2.334E-01
 6.8629E-01 1.4571E+04 3.296E-02 3.522E+00 -1.240E+01 2.321E-01
 6.8796E-01 1.4536E+04 3.268E-02 3.532E+00 -1.247E+01 2.309E-01
 6.8963E-01 1.4500E+04 3.241E-02 3.542E+00 -1.254E+01 2.296E-01
 6.9130E-01 1.4465E+04 3.213E-02 3.552E+00 -1.261E+01 2.283E-01
 6.9298E-01 1.4431E+04 3.186E-02 3.562E+00 -1.269E+01 2.270E-01
 6.9465E-01 1.4396E+04 3.159E-02 3.572E+00 -1.276E+01 2.257E-01
 6.9632E-01 1.4361E+04 3.132E-02 3.582E+00 -1.283E+01 2.244E-01
 6.9799E-01 1.4327E+04 3.105E-02 3.592E+00 -1.290E+01 2.230E-01
 6.9967E-01 1.4293E+04 3.078E-02 3.602E+00 -1.297E+01 2.217E-01
 7.0134E-01 1.4258E+04 3.051E-02 3.612E+00 -1.305E+01 2.204E-01
 7.0301E-01 1.4225E+04 3.024E-02 3.622E+00 -1.312E+01 2.191E-01
 7.0468E-01 1.4191E+04 2.996E-02 3.632E+00 -1.319E+01 2.177E-01
 7.0635E-01 1.4157E+04 2.958E-02 3.642E+00 -1.326E+01 2.154E-01
 7.0803E-01 1.4124E+04 2.920E-02 3.652E+00 -1.333E+01 2.133E-01
 7.0970E-01 1.4090E+04 2.883E-02 3.662E+00 -1.341E+01 2.111E-01
 7.1137E-01 1.4057E+04 2.847E-02 3.671E+00 -1.348E+01 2.091E-01
 7.1304E-01 1.4024E+04 2.812E-02 3.681E+00 -1.355E+01 2.071E-01
 7.1472E-01 1.3992E+04 2.779E-02 3.691E+00 -1.362E+01 2.051E-01
 7.1639E-01 1.3959E+04 2.746E-02 3.701E+00 -1.370E+01 2.032E-01
 7.1806E-01 1.3926E+04 2.714E-02 3.711E+00 -1.377E+01 2.014E-01
 7.1973E-01 1.3894E+04 2.683E-02 3.721E+00 -1.384E+01 1.996E-01
 7.2140E-01 1.3862E+04 2.653E-02 3.730E+00 -1.391E+01 1.979E-01
 7.2308E-01 1.3830E+04 2.624E-02 3.740E+00 -1.399E+01 1.963E-01
 7.2475E-01 1.3798E+04 2.596E-02 3.750E+00 -1.406E+01 1.947E-01
 7.2642E-01 1.3766E+04 2.569E-02 3.760E+00 -1.413E+01 1.931E-01
 7.2809E-01 1.3734E+04 2.543E-02 3.769E+00 -1.421E+01 1.917E-01
 7.2977E-01 1.3703E+04 2.517E-02 3.779E+00 -1.428E+01 1.903E-01
 7.3144E-01 1.3672E+04 2.493E-02 3.789E+00 -1.436E+01 1.889E-01
 7.3311E-01 1.3641E+04 2.470E-02 3.799E+00 -1.443E+01 1.877E-01
 7.3478E-01 1.3609E+04 2.448E-02 3.808E+00 -1.450E+01 1.864E-01
 7.3645E-01 1.3579E+04 2.427E-02 3.818E+00 -1.458E+01 1.853E-01
 7.3813E-01 1.3548E+04 2.406E-02 3.828E+00 -1.465E+01 1.842E-01
 7.3980E-01 1.3517E+04 2.387E-02 3.838E+00 -1.473E+01 1.832E-01
 7.4147E-01 1.3487E+04 2.369E-02 3.847E+00 -1.480E+01 1.823E-01
 7.4314E-01 1.3456E+04 2.351E-02 3.857E+00 -1.487E+01 1.814E-01
 7.4482E-01 1.3426E+04 2.335E-02 3.867E+00 -1.495E+01 1.806E-01
 7.4649E-01 1.3396E+04 2.320E-02 3.876E+00 -1.502E+01 1.798E-01
 7.4816E-01 1.3366E+04 2.305E-02 3.886E+00 -1.510E+01 1.792E-01
 7.4983E-01 1.3336E+04 2.292E-02 3.895E+00 -1.517E+01 1.786E-01
 7.5151E-01 1.3307E+04 2.279E-02 3.905E+00 -1.525E+01 1.780E-01
 7.5318E-01 1.3277E+04 2.268E-02 3.915E+00 -1.532E+01 1.776E-01
 7.5485E-01 1.3248E+04 2.257E-02 3.924E+00 -1.540E+01 1.772E-01
 7.5652E-01 1.3218E+04 2.257E-02 3.934E+00 -1.547E+01 1.775E-01
 7.5819E-01 1.3189E+04 2.276E-02 3.943E+00 -1.555E+01 1.795E-01
 7.5987E-01 1.3160E+04 2.295E-02 3.952E+00 -1.562E+01 1.814E-01
 7.6154E-01 1.3131E+04 2.314E-02 3.962E+00 -1.569E+01 1.833E-01
 7.6321E-01 1.3103E+04 2.333E-02 3.971E+00 -1.577E+01 1.853E-01
 7.6488E-01 1.3074E+04 2.352E-02 3.980E+00 -1.584E+01 1.872E-01
 7.6656E-01 1.3045E+04 2.371E-02 3.989E+00 -1.591E+01 1.892E-01
 7.6823E-01 1.3017E+04 2.391E-02 3.999E+00 -1.599E+01 1.912E-01
 7.6990E-01 1.2989E+04 2.410E-02 4.008E+00 -1.606E+01 1.932E-01
 7.7157E-01 1.2961E+04 2.429E-02 4.017E+00 -1.614E+01 1.951E-01
 7.7324E-01 1.2933E+04 2.448E-02 4.027E+00 -1.621E+01 1.971E-01
 7.7492E-01 1.2905E+04 2.467E-02 4.036E+00 -1.629E+01 1.992E-01
 7.7659E-01 1.2877E+04 2.486E-02 4.045E+00 -1.636E+01 2.012E-01
 7.7826E-01 1.2849E+04 2.506E-02 4.055E+00 -1.644E+01 2.032E-01
 7.7993E-01 1.2822E+04 2.525E-02 4.064E+00 -1.652E+01 2.052E-01
 7.8161E-01 1.2794E+04 2.544E-02 4.073E+00 -1.659E+01 2.073E-01
 7.8328E-01 1.2767E+04 2.563E-02 4.083E+00 -1.667E+01 2.093E-01
 7.8495E-01 1.2740E+04 2.583E-02 4.092E+00 -1.675E+01 2.114E-01
 7.8662E-01 1.2713E+04 2.602E-02 4.102E+00 -1.682E+01 2.134E-01
 7.8829E-01 1.2686E+04 2.621E-02 4.111E+00 -1.690E+01 2.155E-01
 7.8997E-01 1.2659E+04 2.640E-02 4.120E+00 -1.698E+01 2.176E-01
 7.9164E-01 1.2632E+04 2.660E-02 4.130E+00 -1.706E+01 2.197E-01
 7.9331E-01 1.2605E+04 2.679E-02 4.139E+00 -1.713E+01 2.218E-01
 7.9498E-01 1.2579E+04 2.698E-02 4.149E+00 -1.721E+01 2.239E-01
 7.9666E-01 1.2552E+04 2.718E-02 4.158E+00 -1.729E+01 2.260E-01
 7.9833E-01 1.2526E+04 2.737E-02 4.168E+00 -1.737E+01 2.281E-01
 8.0000E-01 1.2500E+04 2.756E-02 4.177E+00 -1.745E+01 2.303E-01
