 DDSCAT --- DDSCAT 7.3.3 [22.01.20]   
 TARGET --->TARFROMFILE  Nanorod target: 97.3nm x 17.6nm x 17.6nm, d=1nm      
 GPFAFT --- method of solution 
 GKDLDR --- prescription for polarizabilities
 FROM_FILE --- shape 
   35739 = NAT0 = number of dipoles
 ../diel/Ag_evap                                             
   0.000   0.000 = beta_min, beta_max ;  NBETA = 1
   0.000   0.000 = theta_min, theta_max; NTHETA= 1
   0.000   0.000 = phi_min, phi_max   ;   NPHI = 1
 0.5000 = ETASCA (param. controlling # of scatt. dirs used to calculate <cos> etc.
 Results averaged over    1 target orientations
                   and  2 incident polarizations
   aeff       wave       Q_ext     Q_abs      Q_sca     g(1)=<cos>  <cos^2>    Q_bk       Nsca
 1.0000E-03 3.0000E-01 4.9657E-02 4.9657E-02 3.8252E-07  1.4045E-03 4.0203E-01 4.5422E-08   214
 1.0000E-03 3.0167E-01 5.0275E-02 5.0274E-02 3.5715E-07  1.3779E-03 4.0203E-01 4.2413E-08   214
 1.0000E-03 3.0334E-01 4.8689E-02 4.8688E-02 3.1813E-07  1.3568E-03 4.0203E-01 3.7782E-08   214
 1.0000E-03 3.0502E-01 4.6758E-02 4.6758E-02 2.8158E-07  1.3367E-03 4.0203E-01 3.3444E-08   214
 1.0000E-03 3.0669E-01 4.4505E-02 4.4505E-02 2.4761E-07  1.3169E-03 4.0203E-01 2.9410E-08   214
 1.0000E-03 3.0836E-01 4.1959E-02 4.1959E-02 2.1630E-07  1.3006E-03 4.0204E-01 2.5692E-08   214
 1.0000E-03 3.1003E-01 3.9155E-02 3.9156E-02 1.8768E-07  1.2827E-03 4.0204E-01 2.2294E-08   214
 1.0000E-03 3.1171E-01 3.5887E-02 3.5887E-02 1.6085E-07  1.2661E-03 4.0204E-01 1.9109E-08   214
 1.0000E-03 3.1338E-01 3.2866E-02 3.2865E-02 1.4345E-07  1.2468E-03 4.0204E-01 1.7042E-08   214
 1.0000E-03 3.1505E-01 3.0442E-02 3.0442E-02 1.3696E-07  1.2283E-03 4.0204E-01 1.6272E-08   214
 1.0000E-03 3.1672E-01 2.8650E-02 2.8650E-02 1.4082E-07  1.2100E-03 4.0205E-01 1.6731E-08   214
 1.0000E-03 3.1839E-01 2.7520E-02 2.7519E-02 1.5501E-07  1.1911E-03 4.0205E-01 1.8419E-08   214
 1.0000E-03 3.2007E-01 2.7076E-02 2.7076E-02 1.8015E-07  1.1720E-03 4.0205E-01 2.1407E-08   214
 1.0000E-03 3.2174E-01 3.0891E-02 3.0891E-02 2.5817E-07  1.1478E-03 4.0205E-01 3.0680E-08   214
 1.0000E-03 3.2341E-01 3.6124E-02 3.6124E-02 3.7165E-07  1.1222E-03 4.0205E-01 4.4170E-08   214
 1.0000E-03 3.2508E-01 4.2033E-02 4.2032E-02 5.2157E-07  1.0968E-03 4.0206E-01 6.1993E-08   214
 1.0000E-03 3.2676E-01 4.9110E-02 4.9109E-02 7.2960E-07  1.0700E-03 4.0206E-01 8.6726E-08   214
 1.0000E-03 3.2843E-01 5.8655E-02 5.8654E-02 1.0434E-06  1.0410E-03 4.0206E-01 1.2404E-07   214
 1.0000E-03 3.3010E-01 7.4295E-02 7.4294E-02 1.5733E-06  1.0088E-03 4.0206E-01 1.8705E-07   214
 1.0000E-03 3.3177E-01 1.0273E-01 1.0273E-01 2.3908E-06  9.7982E-04 4.0207E-01 2.8427E-07   214
 1.0000E-03 3.3344E-01 1.2021E-01 1.2021E-01 2.5880E-06  9.7388E-04 4.0207E-01 3.0772E-07   214
 1.0000E-03 3.3512E-01 1.2643E-01 1.2642E-01 2.5421E-06  9.6566E-04 4.0207E-01 3.0228E-07   214
 1.0000E-03 3.3679E-01 1.3407E-01 1.3407E-01 2.7060E-06  9.4358E-04 4.0207E-01 3.2179E-07   214
 1.0000E-03 3.3846E-01 1.4933E-01 1.4933E-01 2.9856E-06  9.3101E-04 4.0207E-01 3.5504E-07   214
 1.0000E-03 3.4013E-01 1.5583E-01 1.5583E-01 2.8904E-06  9.3501E-04 4.0207E-01 3.4372E-07   214
 1.0000E-03 3.4181E-01 1.5290E-01 1.5289E-01 2.6142E-06  9.3693E-04 4.0208E-01 3.1088E-07   214
 1.0000E-03 3.4348E-01 1.5142E-01 1.5142E-01 2.4576E-06  9.3240E-04 4.0208E-01 2.9226E-07   214
 1.0000E-03 3.4515E-01 1.5109E-01 1.5109E-01 2.3668E-06  9.2466E-04 4.0208E-01 2.8147E-07   214
 1.0000E-03 3.4682E-01 1.5006E-01 1.5006E-01 2.2780E-06  9.1597E-04 4.0208E-01 2.7092E-07   214
 1.0000E-03 3.4850E-01 1.4895E-01 1.4895E-01 2.2048E-06  9.0579E-04 4.0208E-01 2.6222E-07   214
 1.0000E-03 3.5017E-01 1.4871E-01 1.4871E-01 2.1683E-06  8.9592E-04 4.0208E-01 2.5789E-07   214
 1.0000E-03 3.5184E-01 1.4998E-01 1.4998E-01 2.1777E-06  8.8628E-04 4.0208E-01 2.5901E-07   214
 1.0000E-03 3.5351E-01 1.5071E-01 1.5071E-01 2.1680E-06  8.7999E-04 4.0208E-01 2.5786E-07   214
 1.0000E-03 3.5518E-01 1.4826E-01 1.4825E-01 2.0835E-06  8.7868E-04 4.0208E-01 2.4782E-07   214
 1.0000E-03 3.5686E-01 1.4874E-01 1.4874E-01 2.1215E-06  8.7391E-04 4.0208E-01 2.5233E-07   214
 1.0000E-03 3.5853E-01 1.6111E-01 1.6111E-01 2.5399E-06  8.5678E-04 4.0208E-01 3.0211E-07   214
 1.0000E-03 3.6020E-01 1.8958E-01 1.8957E-01 3.4657E-06  8.2794E-04 4.0209E-01 4.1228E-07   214
 1.0000E-03 3.6187E-01 2.2793E-01 2.2792E-01 4.7324E-06  7.9735E-04 4.0209E-01 5.6302E-07   214
 1.0000E-03 3.6355E-01 2.4956E-01 2.4956E-01 5.5354E-06  7.8481E-04 4.0209E-01 6.5858E-07   214
 1.0000E-03 3.6522E-01 2.3072E-01 2.3072E-01 5.0862E-06  7.9741E-04 4.0209E-01 6.0513E-07   214
 1.0000E-03 3.6689E-01 1.9074E-01 1.9074E-01 3.9330E-06  8.3268E-04 4.0209E-01 4.6788E-07   214
 1.0000E-03 3.6856E-01 1.5281E-01 1.5281E-01 2.8299E-06  8.7450E-04 4.0209E-01 3.3660E-07   214
 1.0000E-03 3.7023E-01 1.2035E-01 1.2035E-01 1.8964E-06  8.8868E-04 4.0209E-01 2.2555E-07   214
 1.0000E-03 3.7191E-01 9.6111E-02 9.6109E-02 1.1823E-06  8.6745E-04 4.0209E-01 1.4063E-07   214
 1.0000E-03 3.7358E-01 8.1019E-02 8.1017E-02 7.2165E-07  8.3978E-04 4.0209E-01 8.5845E-08   214
 1.0000E-03 3.7525E-01 7.3164E-02 7.3164E-02 4.7854E-07  8.4199E-04 4.0209E-01 5.6925E-08   214
 1.0000E-03 3.7692E-01 7.0636E-02 7.0635E-02 4.1313E-07  9.1919E-04 4.0244E-01 4.9126E-08   184
 1.0000E-03 3.7860E-01 7.2619E-02 7.2618E-02 5.1668E-07  9.5373E-04 4.0244E-01 6.1432E-08   184
 1.0000E-03 3.8027E-01 7.9451E-02 7.9450E-02 8.1957E-07  9.3534E-04 4.0244E-01 9.7449E-08   184
 1.0000E-03 3.8194E-01 9.2736E-02 9.2735E-02 1.3972E-06  8.8970E-04 4.0244E-01 1.6616E-07   184
 1.0000E-03 3.8361E-01 1.1596E-01 1.1596E-01 2.3955E-06  8.3574E-04 4.0245E-01 2.8492E-07   184
 1.0000E-03 3.8528E-01 1.5306E-01 1.5306E-01 4.0747E-06  7.8171E-04 4.0245E-01 4.8472E-07   184
 1.0000E-03 3.8696E-01 2.1288E-01 2.1287E-01 6.9458E-06  7.2596E-04 4.0246E-01 8.2639E-07   184
 1.0000E-03 3.8863E-01 3.1064E-01 3.1062E-01 1.1943E-05  6.6854E-04 4.0246E-01 1.4211E-06   184
 1.0000E-03 3.9030E-01 4.6078E-01 4.6076E-01 2.0205E-05  6.0958E-04 4.0247E-01 2.4047E-06   184
 1.0000E-03 3.9197E-01 6.2544E-01 6.2541E-01 3.0378E-05  5.5785E-04 4.0247E-01 3.6162E-06   184
 1.0000E-03 3.9365E-01 6.4872E-01 6.4870E-01 3.3821E-05  5.3708E-04 4.0248E-01 4.0263E-06   184
 1.0000E-03 3.9532E-01 5.0421E-01 5.0418E-01 2.7234E-05  5.9684E-04 4.0248E-01 3.2418E-06   184
 1.0000E-03 3.9699E-01 3.5574E-01 3.5572E-01 1.9198E-05  7.4819E-04 4.0248E-01 2.2844E-06   184
 1.0000E-03 3.9866E-01 2.5903E-01 2.5902E-01 1.3668E-05  8.7187E-04 4.0248E-01 1.6259E-06   184
 1.0000E-03 4.0033E-01 1.9889E-01 1.9888E-01 1.0217E-05  8.8402E-04 4.0248E-01 1.2153E-06   184
 1.0000E-03 4.0201E-01 1.6025E-01 1.6024E-01 7.8783E-06  8.5628E-04 4.0248E-01 9.3716E-07   184
 1.0000E-03 4.0368E-01 1.3855E-01 1.3855E-01 6.3831E-06  8.4898E-04 4.0247E-01 7.5931E-07   184
 1.0000E-03 4.0535E-01 1.2456E-01 1.2455E-01 5.5597E-06  8.7462E-04 4.0247E-01 6.6129E-07   184
 1.0000E-03 4.0702E-01 1.0678E-01 1.0677E-01 4.9243E-06  8.8835E-04 4.0247E-01 5.8567E-07   184
 1.0000E-03 4.0870E-01 8.7120E-02 8.7116E-02 4.1730E-06  8.6010E-04 4.0247E-01 4.9637E-07   184
 1.0000E-03 4.1037E-01 7.2269E-02 7.2266E-02 3.4229E-06  8.0693E-04 4.0247E-01 4.0721E-07   184
 1.0000E-03 4.1204E-01 6.3388E-02 6.3386E-02 2.7823E-06  7.4454E-04 4.0248E-01 3.3107E-07   184
 1.0000E-03 4.1371E-01 5.9389E-02 5.9387E-02 2.2667E-06  6.8188E-04 4.0248E-01 2.6976E-07   184
 1.0000E-03 4.1538E-01 5.9411E-02 5.9409E-02 1.8612E-06  6.2460E-04 4.0249E-01 2.2155E-07   184
 1.0000E-03 4.1706E-01 6.4538E-02 6.4536E-02 1.5599E-06  5.9516E-04 4.0249E-01 1.8571E-07   184
 1.0000E-03 4.1873E-01 7.6475E-02 7.6473E-02 1.4038E-06  6.4367E-04 4.0249E-01 1.6709E-07   184
 1.0000E-03 4.2040E-01 9.7352E-02 9.7350E-02 1.5013E-06  8.2680E-04 4.0246E-01 1.7859E-07   184
 1.0000E-03 4.2207E-01 1.2493E-01 1.2493E-01 2.0127E-06  1.0596E-03 4.0244E-01 2.3922E-07   184
 1.0000E-03 4.2375E-01 1.4257E-01 1.4257E-01 2.8683E-06  1.1845E-03 4.0242E-01 3.4078E-07   184
 1.0000E-03 4.2542E-01 1.3006E-01 1.3006E-01 3.4578E-06  1.1957E-03 4.0242E-01 4.1080E-07   184
 1.0000E-03 4.2709E-01 9.8924E-02 9.8921E-02 3.4001E-06  1.1590E-03 4.0242E-01 4.0399E-07   184
 1.0000E-03 4.2876E-01 7.1207E-02 7.1204E-02 3.0152E-06  1.1054E-03 4.0243E-01 3.5833E-07   184
 1.0000E-03 4.3043E-01 5.2213E-02 5.2211E-02 2.5972E-06  1.0510E-03 4.0244E-01 3.0871E-07   184
 1.0000E-03 4.3211E-01 4.0524E-02 4.0522E-02 2.2437E-06  1.0013E-03 4.0244E-01 2.6673E-07   184
 1.0000E-03 4.3378E-01 3.2837E-02 3.2835E-02 1.9510E-06  9.5614E-04 4.0245E-01 2.3197E-07   184
 1.0000E-03 4.3545E-01 2.7694E-02 2.7692E-02 1.7096E-06  9.1329E-04 4.0245E-01 2.0329E-07   184
 1.0000E-03 4.3712E-01 2.4196E-02 2.4195E-02 1.5078E-06  8.7364E-04 4.0246E-01 1.7933E-07   184
 1.0000E-03 4.3880E-01 2.1847E-02 2.1845E-02 1.3368E-06  8.3706E-04 4.0246E-01 1.5900E-07   184
 1.0000E-03 4.4047E-01 2.0280E-02 2.0278E-02 1.1900E-06  7.9971E-04 4.0246E-01 1.4156E-07   184
 1.0000E-03 4.4214E-01 1.9224E-02 1.9223E-02 1.0608E-06  7.6130E-04 4.0247E-01 1.2621E-07   184
 1.0000E-03 4.4381E-01 1.8634E-02 1.8633E-02 9.4395E-07  7.2260E-04 4.0247E-01 1.1232E-07   184
 1.0000E-03 4.4548E-01 1.8545E-02 1.8544E-02 8.3737E-07  6.8346E-04 4.0248E-01 9.9652E-08   184
 1.0000E-03 4.4716E-01 1.8958E-02 1.8957E-02 7.3994E-07  6.4084E-04 4.0248E-01 8.8070E-08   184
 1.0000E-03 4.4883E-01 1.9854E-02 1.9853E-02 6.4997E-07  5.9293E-04 4.0249E-01 7.7374E-08   184
 1.0000E-03 4.5050E-01 2.1340E-02 2.1339E-02 5.6579E-07  5.4225E-04 4.0249E-01 6.7364E-08   184
 1.0000E-03 4.5217E-01 2.3974E-02 2.3973E-02 4.8401E-07  4.8681E-04 4.0250E-01 5.7638E-08   184
 1.0000E-03 4.5385E-01 2.8023E-02 2.8022E-02 4.1045E-07  4.3584E-04 4.0251E-01 4.8886E-08   184
 1.0000E-03 4.5552E-01 3.3985E-02 3.3985E-02 3.5155E-07  4.1201E-04 4.0251E-01 4.1874E-08   184
 1.0000E-03 4.5719E-01 4.2669E-02 4.2669E-02 3.1745E-07  4.6606E-04 4.0250E-01 3.7805E-08   184
 1.0000E-03 4.5886E-01 5.5242E-02 5.5242E-02 3.2654E-07  6.5742E-04 4.0248E-01 3.8862E-08   184
 1.0000E-03 4.6054E-01 7.3463E-02 7.3462E-02 4.1467E-07  9.4261E-04 4.0245E-01 4.9304E-08   184
 1.0000E-03 4.6221E-01 9.9079E-02 9.9079E-02 6.4777E-07  1.1589E-03 4.0242E-01 7.6963E-08   184
 1.0000E-03 4.6388E-01 1.2991E-01 1.2990E-01 1.0967E-06  1.2447E-03 4.0241E-01 1.3026E-07   184
 1.0000E-03 4.6555E-01 1.5440E-01 1.5440E-01 1.7201E-06  1.2565E-03 4.0241E-01 2.0430E-07   184
 1.0000E-03 4.6722E-01 1.5692E-01 1.5692E-01 2.2722E-06  1.2341E-03 4.0241E-01 2.6989E-07   184
 1.0000E-03 4.6890E-01 1.3587E-01 1.3587E-01 2.4977E-06  1.1950E-03 4.0242E-01 2.9672E-07   184
 1.0000E-03 4.7057E-01 1.0597E-01 1.0597E-01 2.4094E-06  1.1547E-03 4.0242E-01 2.8627E-07   184
 1.0000E-03 4.7224E-01 8.0522E-02 8.0520E-02 2.1967E-06  1.1192E-03 4.0242E-01 2.6104E-07   184
 1.0000E-03 4.7391E-01 6.1810E-02 6.1808E-02 1.9738E-06  1.0877E-03 4.0243E-01 2.3457E-07   184
 1.0000E-03 4.7559E-01 4.8133E-02 4.8131E-02 1.7679E-06  1.0580E-03 4.0243E-01 2.1011E-07   184
 1.0000E-03 4.7726E-01 3.8223E-02 3.8222E-02 1.5908E-06  1.0307E-03 4.0243E-01 1.8909E-07   184
 1.0000E-03 4.7893E-01 3.0954E-02 3.0953E-02 1.4416E-06  1.0054E-03 4.0244E-01 1.7137E-07   184
 1.0000E-03 4.8060E-01 2.5538E-02 2.5536E-02 1.3159E-06  9.8305E-04 4.0244E-01 1.5643E-07   184
 1.0000E-03 4.8227E-01 2.1447E-02 2.1445E-02 1.2093E-06  9.6180E-04 4.0244E-01 1.4378E-07   184
 1.0000E-03 4.8395E-01 1.8318E-02 1.8317E-02 1.1186E-06  9.4356E-04 4.0244E-01 1.3299E-07   184
 1.0000E-03 4.8562E-01 1.5891E-02 1.5890E-02 1.0407E-06  9.2603E-04 4.0245E-01 1.2375E-07   184
 1.0000E-03 4.8729E-01 1.3972E-02 1.3971E-02 9.7348E-07  9.1026E-04 4.0245E-01 1.1576E-07   184
 1.0000E-03 4.8896E-01 1.2423E-02 1.2422E-02 9.1487E-07  8.9592E-04 4.0245E-01 1.0879E-07   184
 1.0000E-03 4.9064E-01 1.1147E-02 1.1146E-02 8.6327E-07  8.8223E-04 4.0245E-01 1.0266E-07   184
 1.0000E-03 4.9231E-01 1.0077E-02 1.0076E-02 8.1741E-07  8.6883E-04 4.0245E-01 9.7212E-08   184
 1.0000E-03 4.9398E-01 9.1677E-03 9.1669E-03 7.7634E-07  8.5635E-04 4.0245E-01 9.2332E-08   184
 1.0000E-03 4.9565E-01 8.3817E-03 8.3809E-03 7.3931E-07  8.4531E-04 4.0246E-01 8.7930E-08   184
 1.0000E-03 4.9732E-01 7.6795E-03 7.6788E-03 7.0515E-07  8.3523E-04 4.0246E-01 8.3871E-08   184
 1.0000E-03 4.9900E-01 7.0606E-03 7.0599E-03 6.7373E-07  8.2464E-04 4.0246E-01 8.0138E-08   184
 1.0000E-03 5.0067E-01 6.5133E-03 6.5128E-03 6.4476E-07  8.1476E-04 4.0246E-01 7.6693E-08   184
 1.0000E-03 5.0234E-01 6.0294E-03 6.0287E-03 6.1789E-07  8.0528E-04 4.0246E-01 7.3499E-08   184
 1.0000E-03 5.0401E-01 5.6045E-03 5.6039E-03 5.9291E-07  7.9706E-04 4.0246E-01 7.0528E-08   184
 1.0000E-03 5.0569E-01 5.2324E-03 5.2318E-03 5.6963E-07  7.8757E-04 4.0246E-01 6.7762E-08   184
 1.0000E-03 5.0736E-01 4.9071E-03 4.9065E-03 5.4790E-07  7.7971E-04 4.0246E-01 6.5178E-08   184
 1.0000E-03 5.0903E-01 4.6248E-03 4.6242E-03 5.2761E-07  7.7175E-04 4.0246E-01 6.2766E-08   184
 1.0000E-03 5.1070E-01 4.3784E-03 4.3778E-03 5.0868E-07  7.6369E-04 4.0246E-01 6.0515E-08   184
 1.0000E-03 5.1237E-01 4.1543E-03 4.1539E-03 4.9101E-07  7.5630E-04 4.0247E-01 5.8416E-08   184
 1.0000E-03 5.1405E-01 3.9390E-03 3.9385E-03 4.7443E-07  7.4899E-04 4.0247E-01 5.6444E-08   184
 1.0000E-03 5.1572E-01 3.7302E-03 3.7298E-03 4.5873E-07  7.4159E-04 4.0247E-01 5.4577E-08   184
 1.0000E-03 5.1739E-01 3.5347E-03 3.5342E-03 4.4379E-07  7.3463E-04 4.0247E-01 5.2802E-08   184
 1.0000E-03 5.1906E-01 3.3571E-03 3.3567E-03 4.2957E-07  7.2872E-04 4.0247E-01 5.1110E-08   184
 1.0000E-03 5.2074E-01 3.1994E-03 3.1990E-03 4.1605E-07  7.2174E-04 4.0247E-01 4.9503E-08   184
 1.0000E-03 5.2241E-01 3.0854E-03 3.0850E-03 4.0263E-07  7.1546E-04 4.0247E-01 4.7907E-08   184
 1.0000E-03 5.2408E-01 2.9858E-03 2.9855E-03 3.8997E-07  7.0903E-04 4.0247E-01 4.6402E-08   184
 1.0000E-03 5.2575E-01 2.8880E-03 2.8876E-03 3.7807E-07  7.0317E-04 4.0247E-01 4.4987E-08   184
 1.0000E-03 5.2742E-01 2.7890E-03 2.7886E-03 3.6679E-07  6.9716E-04 4.0247E-01 4.3645E-08   184
 1.0000E-03 5.2910E-01 2.6938E-03 2.6935E-03 3.5604E-07  6.9143E-04 4.0247E-01 4.2367E-08   184
 1.0000E-03 5.3077E-01 2.6063E-03 2.6060E-03 3.4582E-07  6.8640E-04 4.0247E-01 4.1151E-08   184
 1.0000E-03 5.3244E-01 2.5271E-03 2.5267E-03 3.3608E-07  6.8040E-04 4.0247E-01 3.9993E-08   184
 1.0000E-03 5.3411E-01 2.4545E-03 2.4542E-03 3.2682E-07  6.7530E-04 4.0247E-01 3.8893E-08   184
 1.0000E-03 5.3579E-01 2.3863E-03 2.3860E-03 3.1801E-07  6.6972E-04 4.0247E-01 3.7845E-08   184
 1.0000E-03 5.3746E-01 2.3206E-03 2.3203E-03 3.0961E-07  6.6492E-04 4.0248E-01 3.6845E-08   184
 1.0000E-03 5.3913E-01 2.2573E-03 2.2570E-03 3.0157E-07  6.6024E-04 4.0248E-01 3.5889E-08   184
 1.0000E-03 5.4080E-01 2.1975E-03 2.1972E-03 2.9388E-07  6.5555E-04 4.0248E-01 3.4975E-08   184
 1.0000E-03 5.4247E-01 2.1412E-03 2.1409E-03 2.8651E-07  6.5063E-04 4.0248E-01 3.4098E-08   184
 1.0000E-03 5.4415E-01 2.0886E-03 2.0884E-03 2.7945E-07  6.4657E-04 4.0248E-01 3.3258E-08   184
 1.0000E-03 5.4582E-01 2.0405E-03 2.0402E-03 2.7267E-07  6.4205E-04 4.0248E-01 3.2452E-08   184
 1.0000E-03 5.4749E-01 1.9968E-03 1.9966E-03 2.6618E-07  6.3705E-04 4.0248E-01 3.1680E-08   184
 1.0000E-03 5.4916E-01 1.9481E-03 1.9478E-03 2.6009E-07  6.3341E-04 4.0248E-01 3.0955E-08   184
 1.0000E-03 5.5084E-01 1.8855E-03 1.8852E-03 2.5445E-07  6.2970E-04 4.0248E-01 3.0284E-08   184
 1.0000E-03 5.5251E-01 1.8218E-03 1.8216E-03 2.4902E-07  6.2525E-04 4.0248E-01 2.9638E-08   184
 1.0000E-03 5.5418E-01 1.7558E-03 1.7556E-03 2.4376E-07  6.2086E-04 4.0248E-01 2.9013E-08   184
 1.0000E-03 5.5585E-01 1.6890E-03 1.6887E-03 2.3865E-07  6.1755E-04 4.0248E-01 2.8405E-08   184
 1.0000E-03 5.5753E-01 1.6240E-03 1.6237E-03 2.3367E-07  6.1370E-04 4.0248E-01 2.7813E-08   184
 1.0000E-03 5.5920E-01 1.5625E-03 1.5622E-03 2.2883E-07  6.1039E-04 4.0248E-01 2.7237E-08   184
 1.0000E-03 5.6087E-01 1.5049E-03 1.5047E-03 2.2413E-07  6.0652E-04 4.0248E-01 2.6678E-08   184
 1.0000E-03 5.6254E-01 1.4511E-03 1.4509E-03 2.1957E-07  6.0308E-04 4.0248E-01 2.6135E-08   184
 1.0000E-03 5.6421E-01 1.4008E-03 1.4006E-03 2.1513E-07  5.9958E-04 4.0248E-01 2.5607E-08   184
 1.0000E-03 5.6589E-01 1.3539E-03 1.3537E-03 2.1082E-07  5.9568E-04 4.0248E-01 2.5095E-08   184
 1.0000E-03 5.6756E-01 1.3106E-03 1.3104E-03 2.0664E-07  5.9216E-04 4.0248E-01 2.4597E-08   184
 1.0000E-03 5.6923E-01 1.2712E-03 1.2710E-03 2.0257E-07  5.8881E-04 4.0248E-01 2.4112E-08   184
 1.0000E-03 5.7090E-01 1.2358E-03 1.2356E-03 1.9861E-07  5.8669E-04 4.0248E-01 2.3642E-08   184
 1.0000E-03 5.7258E-01 1.2049E-03 1.2047E-03 1.9477E-07  5.8237E-04 4.0248E-01 2.3185E-08   184
 1.0000E-03 5.7425E-01 1.1787E-03 1.1785E-03 1.9104E-07  5.7895E-04 4.0248E-01 2.2741E-08   184
 1.0000E-03 5.7592E-01 1.1576E-03 1.1574E-03 1.8743E-07  5.7654E-04 4.0248E-01 2.2311E-08   184
 1.0000E-03 5.7759E-01 1.1415E-03 1.1414E-03 1.8393E-07  5.7270E-04 4.0249E-01 2.1895E-08   184
 1.0000E-03 5.7926E-01 1.1288E-03 1.1287E-03 1.8057E-07  5.6945E-04 4.0249E-01 2.1496E-08   184
 1.0000E-03 5.8094E-01 1.1140E-03 1.1138E-03 1.7735E-07  5.6694E-04 4.0249E-01 2.1113E-08   184
 1.0000E-03 5.8261E-01 1.0934E-03 1.0933E-03 1.7422E-07  5.6340E-04 4.0249E-01 2.0740E-08   184
 1.0000E-03 5.8428E-01 1.0697E-03 1.0695E-03 1.7109E-07  5.6066E-04 4.0249E-01 2.0367E-08   184
 1.0000E-03 5.8595E-01 1.0404E-03 1.0403E-03 1.6798E-07  5.5765E-04 4.0249E-01 1.9997E-08   184
 1.0000E-03 5.8763E-01 1.0128E-03 1.0127E-03 1.6491E-07  5.5426E-04 4.0249E-01 1.9632E-08   184
 1.0000E-03 5.8930E-01 9.8925E-04 9.8910E-04 1.6190E-07  5.5211E-04 4.0249E-01 1.9275E-08   184
 1.0000E-03 5.9097E-01 9.6996E-04 9.6980E-04 1.5896E-07  5.4887E-04 4.0249E-01 1.8924E-08   184
 1.0000E-03 5.9264E-01 9.5448E-04 9.5433E-04 1.5609E-07  5.4623E-04 4.0249E-01 1.8583E-08   184
 1.0000E-03 5.9431E-01 9.4219E-04 9.4204E-04 1.5329E-07  5.4288E-04 4.0249E-01 1.8250E-08   184
 1.0000E-03 5.9599E-01 9.3256E-04 9.3240E-04 1.5057E-07  5.4053E-04 4.0249E-01 1.7926E-08   184
 1.0000E-03 5.9766E-01 9.2514E-04 9.2499E-04 1.4792E-07  5.3746E-04 4.0249E-01 1.7611E-08   184
 1.0000E-03 5.9933E-01 9.1963E-04 9.1949E-04 1.4535E-07  5.3501E-04 4.0249E-01 1.7305E-08   184
 1.0000E-03 6.0100E-01 9.1572E-04 9.1558E-04 1.4285E-07  5.3227E-04 4.0249E-01 1.7007E-08   184
 1.0000E-03 6.0268E-01 9.1269E-04 9.1254E-04 1.4042E-07  5.2956E-04 4.0249E-01 1.6718E-08   184
 1.0000E-03 6.0435E-01 9.0904E-04 9.0890E-04 1.3807E-07  5.2703E-04 4.0249E-01 1.6438E-08   184
 1.0000E-03 6.0602E-01 9.0257E-04 9.0244E-04 1.3578E-07  5.2472E-04 4.0249E-01 1.6166E-08   184
 1.0000E-03 6.0769E-01 8.9113E-04 8.9101E-04 1.3356E-07  5.2225E-04 4.0249E-01 1.5902E-08   184
 1.0000E-03 6.0936E-01 8.7475E-04 8.7463E-04 1.3138E-07  5.1984E-04 4.0249E-01 1.5643E-08   184
 1.0000E-03 6.1104E-01 8.5610E-04 8.5597E-04 1.2924E-07  5.1728E-04 4.0249E-01 1.5387E-08   184
 1.0000E-03 6.1271E-01 8.3803E-04 8.3790E-04 1.2712E-07  5.1439E-04 4.0249E-01 1.5136E-08   184
 1.0000E-03 6.1438E-01 8.2194E-04 8.2181E-04 1.2505E-07  5.1181E-04 4.0249E-01 1.4889E-08   184
 1.0000E-03 6.1605E-01 8.0802E-04 8.0791E-04 1.2302E-07  5.0976E-04 4.0249E-01 1.4647E-08   184
 1.0000E-03 6.1773E-01 7.9222E-04 7.9210E-04 1.2105E-07  5.0716E-04 4.0249E-01 1.4413E-08   184
 1.0000E-03 6.1940E-01 7.7516E-04 7.7504E-04 1.1914E-07  5.0505E-04 4.0249E-01 1.4186E-08   184
 1.0000E-03 6.2107E-01 7.6008E-04 7.5997E-04 1.1727E-07  5.0282E-04 4.0249E-01 1.3963E-08   184
 1.0000E-03 6.2274E-01 7.4708E-04 7.4697E-04 1.1545E-07  5.0057E-04 4.0249E-01 1.3746E-08   184
 1.0000E-03 6.2441E-01 7.3592E-04 7.3581E-04 1.1366E-07  4.9838E-04 4.0249E-01 1.3534E-08   184
 1.0000E-03 6.2609E-01 7.2582E-04 7.2571E-04 1.1192E-07  4.9574E-04 4.0249E-01 1.3327E-08   184
 1.0000E-03 6.2776E-01 7.1557E-04 7.1546E-04 1.1023E-07  4.9391E-04 4.0249E-01 1.3125E-08   184
 1.0000E-03 6.2943E-01 7.0406E-04 7.0396E-04 1.0857E-07  4.9161E-04 4.0249E-01 1.2928E-08   184
 1.0000E-03 6.3110E-01 6.9095E-04 6.9084E-04 1.0695E-07  4.8951E-04 4.0249E-01 1.2735E-08   184
 1.0000E-03 6.3278E-01 6.7678E-04 6.7668E-04 1.0536E-07  4.8788E-04 4.0249E-01 1.2545E-08   184
 1.0000E-03 6.3445E-01 6.6272E-04 6.6262E-04 1.0379E-07  4.8507E-04 4.0249E-01 1.2359E-08   184
 1.0000E-03 6.3612E-01 6.4996E-04 6.4987E-04 1.0225E-07  4.8349E-04 4.0250E-01 1.2175E-08   184
 1.0000E-03 6.3779E-01 6.3943E-04 6.3933E-04 1.0074E-07  4.8158E-04 4.0250E-01 1.1995E-08   184
 1.0000E-03 6.3946E-01 6.3162E-04 6.3152E-04 9.9257E-08  4.7941E-04 4.0250E-01 1.1819E-08   184
 1.0000E-03 6.4114E-01 6.2647E-04 6.2638E-04 9.7812E-08  4.7746E-04 4.0250E-01 1.1647E-08   184
 1.0000E-03 6.4281E-01 6.2323E-04 6.2314E-04 9.6408E-08  4.7490E-04 4.0250E-01 1.1480E-08   184
 1.0000E-03 6.4448E-01 6.1994E-04 6.1985E-04 9.5047E-08  4.7228E-04 4.0250E-01 1.1318E-08   184
 1.0000E-03 6.4615E-01 6.1292E-04 6.1283E-04 9.3731E-08  4.7041E-04 4.0250E-01 1.1161E-08   184
 1.0000E-03 6.4783E-01 5.9866E-04 5.9857E-04 9.2446E-08  4.6911E-04 4.0250E-01 1.1008E-08   184
 1.0000E-03 6.4950E-01 5.7736E-04 5.7727E-04 9.1175E-08  4.6719E-04 4.0250E-01 1.0857E-08   184
 1.0000E-03 6.5117E-01 5.5285E-04 5.5276E-04 8.9909E-08  4.6546E-04 4.0250E-01 1.0707E-08   184
 1.0000E-03 6.5284E-01 5.2895E-04 5.2886E-04 8.8650E-08  4.6328E-04 4.0250E-01 1.0557E-08   184
 1.0000E-03 6.5452E-01 5.0758E-04 5.0749E-04 8.7402E-08  4.6106E-04 4.0250E-01 1.0408E-08   184
 1.0000E-03 6.5619E-01 4.8915E-04 4.8906E-04 8.6172E-08  4.6005E-04 4.0250E-01 1.0262E-08   184
 1.0000E-03 6.5786E-01 4.7327E-04 4.7319E-04 8.4964E-08  4.5816E-04 4.0250E-01 1.0118E-08   184
 1.0000E-03 6.5953E-01 4.5931E-04 4.5923E-04 8.3777E-08  4.5583E-04 4.0250E-01 9.9766E-09   184
 1.0000E-03 6.6120E-01 4.4779E-04 4.4771E-04 8.2601E-08  4.5406E-04 4.0250E-01 9.8366E-09   184
 1.0000E-03 6.6288E-01 4.3768E-04 4.3760E-04 8.1448E-08  4.5266E-04 4.0250E-01 9.6993E-09   184
 1.0000E-03 6.6455E-01 4.2877E-04 4.2869E-04 8.0318E-08  4.5044E-04 4.0250E-01 9.5648E-09   184
 1.0000E-03 6.6622E-01 4.2061E-04 4.2053E-04 7.9211E-08  4.4850E-04 4.0250E-01 9.4331E-09   184
 1.0000E-03 6.6789E-01 4.1270E-04 4.1262E-04 7.8126E-08  4.4666E-04 4.0250E-01 9.3040E-09   184
 1.0000E-03 6.6957E-01 4.0478E-04 4.0470E-04 7.7062E-08  4.4548E-04 4.0250E-01 9.1773E-09   184
 1.0000E-03 6.7124E-01        NaN        NaN        NaN         NaN        NaN        NaN   184
 1.0000E-03 6.7291E-01        NaN        NaN        NaN         NaN        NaN        NaN   184
 1.0000E-03 6.7458E-01        NaN        NaN        NaN         NaN        NaN        NaN   184
 1.0000E-03 6.7625E-01        NaN        NaN        NaN         NaN        NaN        NaN   184
 1.0000E-03 6.7793E-01        NaN        NaN        NaN         NaN        NaN        NaN   184
 1.0000E-03 6.7960E-01        NaN        NaN        NaN         NaN        NaN        NaN   184
 1.0000E-03 6.8127E-01        NaN        NaN        NaN         NaN        NaN        NaN   184
 1.0000E-03 6.8294E-01        NaN        NaN        NaN         NaN        NaN        NaN   184
 1.0000E-03 6.8462E-01        NaN        NaN        NaN         NaN        NaN        NaN   184
 1.0000E-03 6.8629E-01        NaN        NaN        NaN         NaN        NaN        NaN   184
 1.0000E-03 6.8796E-01        NaN        NaN        NaN         NaN        NaN        NaN   184
 1.0000E-03 6.8963E-01        NaN        NaN        NaN         NaN        NaN        NaN   184
 1.0000E-03 6.9130E-01        NaN        NaN        NaN         NaN        NaN        NaN   184
 1.0000E-03 6.9298E-01        NaN        NaN        NaN         NaN        NaN        NaN   184
 1.0000E-03 6.9465E-01        NaN        NaN        NaN         NaN        NaN        NaN   184
 1.0000E-03 6.9632E-01        NaN        NaN        NaN         NaN        NaN        NaN   184
 1.0000E-03 6.9799E-01        NaN        NaN        NaN         NaN        NaN        NaN   184
 1.0000E-03 6.9967E-01        NaN        NaN        NaN         NaN        NaN        NaN   184
 1.0000E-03 7.0134E-01        NaN        NaN        NaN         NaN        NaN        NaN   184
 1.0000E-03 7.0301E-01        NaN        NaN        NaN         NaN        NaN        NaN   184
 1.0000E-03 7.0468E-01        NaN        NaN        NaN         NaN        NaN        NaN   184
 1.0000E-03 7.0635E-01        NaN        NaN        NaN         NaN        NaN        NaN   184
 1.0000E-03 7.0803E-01        NaN        NaN        NaN         NaN        NaN        NaN   184
 1.0000E-03 7.0970E-01        NaN        NaN        NaN         NaN        NaN        NaN   184
 1.0000E-03 7.1137E-01        NaN        NaN        NaN         NaN        NaN        NaN   184
 1.0000E-03 7.1304E-01        NaN        NaN        NaN         NaN        NaN        NaN   184
 1.0000E-03 7.1472E-01        NaN        NaN        NaN         NaN        NaN        NaN   184
 1.0000E-03 7.1639E-01        NaN        NaN        NaN         NaN        NaN        NaN   184
 1.0000E-03 7.1806E-01        NaN        NaN        NaN         NaN        NaN        NaN   184
 1.0000E-03 7.1973E-01        NaN        NaN        NaN         NaN        NaN        NaN   184
 1.0000E-03 7.2140E-01        NaN        NaN        NaN         NaN        NaN        NaN   184
 1.0000E-03 7.2308E-01        NaN        NaN        NaN         NaN        NaN        NaN   184
 1.0000E-03 7.2475E-01        NaN        NaN        NaN         NaN        NaN        NaN   184
 1.0000E-03 7.2642E-01        NaN        NaN        NaN         NaN        NaN        NaN   184
 1.0000E-03 7.2809E-01        NaN        NaN        NaN         NaN        NaN        NaN   184
 1.0000E-03 7.2977E-01        NaN        NaN        NaN         NaN        NaN        NaN   184
 1.0000E-03 7.3144E-01        NaN        NaN        NaN         NaN        NaN        NaN   184
 1.0000E-03 7.3311E-01        NaN        NaN        NaN         NaN        NaN        NaN   184
 1.0000E-03 7.3478E-01        NaN        NaN        NaN         NaN        NaN        NaN   184
 1.0000E-03 7.3645E-01        NaN        NaN        NaN         NaN        NaN        NaN   184
 1.0000E-03 7.3813E-01        NaN        NaN        NaN         NaN        NaN        NaN   184
 1.0000E-03 7.3980E-01        NaN        NaN        NaN         NaN        NaN        NaN   184
 1.0000E-03 7.4147E-01        NaN        NaN        NaN         NaN        NaN        NaN   184
 1.0000E-03 7.4314E-01        NaN        NaN        NaN         NaN        NaN        NaN   184
 1.0000E-03 7.4482E-01        NaN        NaN        NaN         NaN        NaN        NaN   184
 1.0000E-03 7.4649E-01        NaN        NaN        NaN         NaN        NaN        NaN   184
 1.0000E-03 7.4816E-01        NaN        NaN        NaN         NaN        NaN        NaN   184
 1.0000E-03 7.4983E-01        NaN        NaN        NaN         NaN        NaN        NaN   184
 1.0000E-03 7.5151E-01        NaN        NaN        NaN         NaN        NaN        NaN   184
 1.0000E-03 7.5318E-01        NaN        NaN        NaN         NaN        NaN        NaN   184
 1.0000E-03 7.5485E-01        NaN        NaN        NaN         NaN        NaN        NaN   184
 1.0000E-03 7.5652E-01        NaN        NaN        NaN         NaN        NaN        NaN   184
 1.0000E-03 7.5819E-01        NaN        NaN        NaN         NaN        NaN        NaN   184
 1.0000E-03 7.5987E-01        NaN        NaN        NaN         NaN        NaN        NaN   184
 1.0000E-03 7.6154E-01        NaN        NaN        NaN         NaN        NaN        NaN   184
 1.0000E-03 7.6321E-01        NaN        NaN        NaN         NaN        NaN        NaN   184
 1.0000E-03 7.6488E-01        NaN        NaN        NaN         NaN        NaN        NaN   184
 1.0000E-03 7.6656E-01        NaN        NaN        NaN         NaN        NaN        NaN   184
 1.0000E-03 7.6823E-01        NaN        NaN        NaN         NaN        NaN        NaN   184
 1.0000E-03 7.6990E-01        NaN        NaN        NaN         NaN        NaN        NaN   184
 1.0000E-03 7.7157E-01        NaN        NaN        NaN         NaN        NaN        NaN   184
 1.0000E-03 7.7324E-01        NaN        NaN        NaN         NaN        NaN        NaN   184
 1.0000E-03 7.7492E-01        NaN        NaN        NaN         NaN        NaN        NaN   184
 1.0000E-03 7.7659E-01        NaN        NaN        NaN         NaN        NaN        NaN   184
 1.0000E-03 7.7826E-01        NaN        NaN        NaN         NaN        NaN        NaN   184
 1.0000E-03 7.7993E-01        NaN        NaN        NaN         NaN        NaN        NaN   184
 1.0000E-03 7.8161E-01        NaN        NaN        NaN         NaN        NaN        NaN   184
 1.0000E-03 7.8328E-01        NaN        NaN        NaN         NaN        NaN        NaN   184
 1.0000E-03 7.8495E-01        NaN        NaN        NaN         NaN        NaN        NaN   184
 1.0000E-03 7.8662E-01        NaN        NaN        NaN         NaN        NaN        NaN   184
 1.0000E-03 7.8829E-01        NaN        NaN        NaN         NaN        NaN        NaN   184
 1.0000E-03 7.8997E-01        NaN        NaN        NaN         NaN        NaN        NaN   184
 1.0000E-03 7.9164E-01        NaN        NaN        NaN         NaN        NaN        NaN   184
 1.0000E-03 7.9331E-01        NaN        NaN        NaN         NaN        NaN        NaN   184
 1.0000E-03 7.9498E-01        NaN        NaN        NaN         NaN        NaN        NaN   184
 1.0000E-03 7.9666E-01        NaN        NaN        NaN         NaN        NaN        NaN   184
 1.0000E-03 7.9833E-01        NaN        NaN        NaN         NaN        NaN        NaN   184
 1.0000E-03 8.0000E-01        NaN        NaN        NaN         NaN        NaN        NaN   184
