 DDSCAT --- DDSCAT 7.3.3 [22.01.20]   
 TARGET --->TARGSPHER  spherical target with explicit spacing                 
 GPFAFT --- method of solution 
 FLTRCD --- prescription for polarizabilities
 FROM_FILE --- shape 
    4169 = NAT0 = number of dipoles
 ../../diel/Pena-Rioux_dielectric_26Au_74Ag                  
 ../../diel/Pena-Rioux_dielectric_52Au_48Ag                  
 ../../diel/Pena-Rioux_dielectric_65Au_35Ag                  
 ../../diel/Pena-Rioux_dielectric_76Au_24Ag                  
   0.000   0.000 = beta_min, beta_max ;  NBETA = 1
   0.000   0.000 = theta_min, theta_max; NTHETA= 1
   0.000   0.000 = phi_min, phi_max   ;   NPHI = 1
 Results averaged over    1 target orientations
                   and  2 incident polarizations
   aeff       wave       Q_pha       Q_pol       Q_cpol
 8.0000E-02 3.0000E-01 -1.9099E-01  1.6689E-06 -2.9802E-08
 8.0000E-02 3.0101E-01 -1.8971E-01 -7.1526E-07 -4.1723E-07
 8.0000E-02 3.0203E-01 -1.8852E-01  1.1921E-06 -2.0862E-07
 8.0000E-02 3.0305E-01 -1.8743E-01 -2.1458E-06 -5.3644E-07
 8.0000E-02 3.0408E-01 -1.8643E-01  2.8610E-06  3.2783E-07
 8.0000E-02 3.0512E-01 -1.8553E-01  2.3842E-06  4.4703E-08
 8.0000E-02 3.0616E-01 -1.8474E-01 -9.0599E-06  3.5763E-07
 8.0000E-02 3.0722E-01 -1.8407E-01  7.1526E-07 -3.8743E-07
 8.0000E-02 3.0828E-01 -1.8350E-01 -3.5763E-06 -1.1921E-07
 8.0000E-02 3.0934E-01 -1.8304E-01 -1.1921E-06  6.1095E-07
 8.0000E-02 3.1042E-01 -1.8269E-01 -7.1526E-07 -1.1325E-06
 8.0000E-02 3.1150E-01 -1.8245E-01  7.1526E-07 -5.8115E-07
 8.0000E-02 3.1259E-01 -1.8232E-01 -1.0967E-05  0.0000E+00
 8.0000E-02 3.1368E-01 -1.8232E-01 -5.2452E-06  7.8976E-07
 8.0000E-02 3.1479E-01 -1.8245E-01  2.8610E-06  1.2219E-06
 8.0000E-02 3.1590E-01 -1.8270E-01 -1.1683E-05 -8.9407E-07
 8.0000E-02 3.1702E-01 -1.8309E-01  2.8610E-06 -5.5134E-07
 8.0000E-02 3.1815E-01 -1.8342E-01  2.3842E-07 -3.5763E-07
 8.0000E-02 3.1929E-01 -1.8391E-01  1.9073E-06  4.0233E-07
 8.0000E-02 3.2043E-01 -1.8459E-01  0.0000E+00  4.3213E-07
 8.0000E-02 3.2158E-01 -1.8548E-01 -2.1458E-06  1.1772E-06
 8.0000E-02 3.2274E-01 -1.8659E-01  1.9073E-06  6.7055E-07
 8.0000E-02 3.2391E-01 -1.8793E-01  4.2915E-06  2.9802E-07
 8.0000E-02 3.2509E-01 -1.8951E-01  5.7220E-06  2.9802E-08
 8.0000E-02 3.2628E-01 -1.9133E-01 -1.9073E-06  1.1921E-07
 8.0000E-02 3.2747E-01 -1.9372E-01 -5.4836E-06  7.4506E-08
 8.0000E-02 3.2868E-01 -1.9647E-01  2.6226E-06 -1.9372E-07
 8.0000E-02 3.2989E-01 -1.9960E-01  4.2915E-06  7.4506E-08
 8.0000E-02 3.3111E-01 -2.0311E-01  9.5367E-07  2.6822E-07
 8.0000E-02 3.3234E-01 -2.0704E-01  0.0000E+00  1.7881E-07
 8.0000E-02 3.3358E-01 -2.1138E-01 -2.1458E-06 -1.0431E-07
 8.0000E-02 3.3483E-01 -2.1617E-01  7.1526E-07  1.4901E-08
 8.0000E-02 3.3609E-01 -2.2156E-01 -3.8147E-06 -2.6822E-07
 8.0000E-02 3.3736E-01 -2.2750E-01 -2.6226E-06 -1.1921E-07
 8.0000E-02 3.3864E-01 -2.3381E-01  1.1921E-06 -1.3411E-07
 8.0000E-02 3.3992E-01 -2.4049E-01 -4.2915E-06  1.1921E-07
 8.0000E-02 3.4122E-01 -2.4755E-01 -1.4305E-06 -2.9802E-08
 8.0000E-02 3.4253E-01 -2.5498E-01 -5.2452E-06  1.7583E-06
 8.0000E-02 3.4385E-01 -2.6280E-01  3.8147E-06 -2.9802E-07
 8.0000E-02 3.4517E-01 -2.7091E-01 -9.5367E-06 -5.6624E-07
 8.0000E-02 3.4651E-01 -2.7913E-01  5.4836E-06  2.9802E-07
 8.0000E-02 3.4786E-01 -2.8753E-01  9.5367E-07 -2.9802E-08
 8.0000E-02 3.4922E-01 -2.9609E-01 -2.3842E-06 -4.7684E-07
 8.0000E-02 3.5059E-01 -3.0481E-01 -2.3842E-06 -5.3644E-07
 8.0000E-02 3.5197E-01 -3.1368E-01 -4.7684E-06  6.5565E-07
 8.0000E-02 3.5336E-01 -3.2270E-01 -1.1921E-06  2.9802E-08
 8.0000E-02 3.5476E-01 -3.3171E-01  2.8610E-06  3.8743E-07
 8.0000E-02 3.5618E-01 -3.4068E-01 -6.1989E-06 -2.6226E-06
 8.0000E-02 3.5760E-01 -3.4968E-01  1.3351E-05  1.2517E-06
 8.0000E-02 3.5904E-01 -3.5867E-01  1.9073E-06 -2.9206E-06
 8.0000E-02 3.6048E-01 -3.6767E-01 -9.5367E-06 -2.2948E-06
 8.0000E-02 3.6194E-01 -3.7666E-01  1.1921E-06 -8.4043E-06
 8.0000E-02 3.6341E-01 -3.8558E-01 -7.3910E-06 -5.6326E-06
 8.0000E-02 3.6490E-01 -3.9441E-01  7.1526E-07 -9.2387E-07
 8.0000E-02 3.6639E-01 -4.0318E-01  3.3379E-06 -1.8179E-06
 8.0000E-02 3.6790E-01 -4.1190E-01 -2.9564E-05 -2.3842E-07
 8.0000E-02 3.6942E-01 -4.2056E-01  1.6689E-06  3.3677E-06
 8.0000E-02 3.7095E-01 -4.2914E-01  1.0729E-05  1.0729E-06
 8.0000E-02 3.7250E-01 -4.3764E-01  3.5763E-06  0.0000E+00
 8.0000E-02 3.7406E-01 -4.4604E-01  5.2452E-06 -1.8179E-06
 8.0000E-02 3.7563E-01 -4.5440E-01  8.1062E-06 -8.9407E-06
 8.0000E-02 3.7722E-01 -4.6272E-01 -3.0994E-06  1.4901E-07
 8.0000E-02 3.7881E-01 -4.7099E-01 -2.2411E-05  2.9802E-06
 8.0000E-02 3.8043E-01 -4.7920E-01  1.3351E-05  2.6822E-07
 8.0000E-02 3.8205E-01 -4.8734E-01 -1.6689E-06  1.0133E-06
 8.0000E-02 3.8369E-01 -4.9549E-01 -1.6689E-06 -1.2517E-06
 8.0000E-02 3.8534E-01 -5.0366E-01 -7.1526E-07  4.7684E-07
 8.0000E-02 3.8701E-01 -5.1184E-01  2.8610E-06  1.0133E-06
 8.0000E-02 3.8870E-01 -5.2003E-01  2.8610E-06 -3.2783E-06
 8.0000E-02 3.9039E-01 -5.2822E-01  2.7418E-05 -9.5367E-07
 8.0000E-02 3.9211E-01 -5.3652E-01 -2.3842E-06 -1.2517E-06
 8.0000E-02 3.9383E-01 -5.4490E-01  4.5300E-06  3.4571E-06
 8.0000E-02 3.9558E-01 -5.5336E-01 -2.8610E-06 -1.7881E-07
 8.0000E-02 3.9733E-01 -5.6188E-01 -7.1526E-07  0.0000E+00
 8.0000E-02 3.9911E-01 -5.7045E-01  1.8120E-05  3.5763E-07
 8.0000E-02 4.0090E-01 -5.7920E-01  1.9073E-06 -4.1723E-07
 8.0000E-02 4.0270E-01 -5.8802E-01  6.6757E-06  7.1526E-07
 8.0000E-02 4.0452E-01 -5.9686E-01 -6.1989E-06  6.5565E-07
 8.0000E-02 4.0636E-01 -6.0569E-01  7.1526E-06 -3.6955E-06
 8.0000E-02 4.0822E-01 -6.1449E-01  3.0994E-06 -4.0531E-06
 8.0000E-02 4.1009E-01 -6.2330E-01  4.7684E-07  1.6689E-06
 8.0000E-02 4.1198E-01 -6.3194E-01  5.2452E-06 -1.7285E-06
 8.0000E-02 4.1389E-01 -6.4034E-01  2.3842E-07  1.3113E-06
 8.0000E-02 4.1581E-01 -6.4848E-01 -9.5367E-07 -8.3447E-07
 8.0000E-02 4.1776E-01 -6.5632E-01  5.4836E-06 -2.2054E-06
 8.0000E-02 4.1972E-01 -6.6371E-01 -1.6689E-06  7.7486E-07
 8.0000E-02 4.2170E-01 -6.7054E-01  6.1989E-06  5.9605E-07
 8.0000E-02 4.2370E-01 -6.7680E-01 -1.1206E-05 -1.6093E-06
 8.0000E-02 4.2571E-01 -6.8241E-01  3.3379E-06 -8.9407E-07
 8.0000E-02 4.2775E-01 -6.8727E-01  7.3910E-06  2.3246E-06
 8.0000E-02 4.2981E-01 -6.9115E-01 -5.4836E-06 -2.5630E-06
 8.0000E-02 4.3188E-01 -6.9400E-01 -1.0014E-05  5.3644E-07
 8.0000E-02 4.3398E-01 -6.9568E-01  9.5367E-07 -7.1526E-07
 8.0000E-02 4.3610E-01 -6.9599E-01 -3.8147E-06 -7.7486E-07
 8.0000E-02 4.3824E-01 -6.9459E-01 -7.1526E-07 -2.6226E-06
 8.0000E-02 4.4039E-01 -6.9142E-01  1.1206E-05  2.8610E-06
 8.0000E-02 4.4257E-01 -6.8623E-01  4.2915E-06 -5.9605E-08
 8.0000E-02 4.4478E-01 -6.7877E-01  7.6294E-06 -2.2650E-06
 8.0000E-02 4.4700E-01 -6.6886E-01 -6.6757E-06 -6.7353E-06
 8.0000E-02 4.4925E-01 -6.5647E-01 -2.3365E-05 -4.7684E-06
 8.0000E-02 4.5152E-01 -6.4148E-01  1.4305E-06  1.6689E-06
 8.0000E-02 4.5381E-01 -6.2384E-01 -1.2398E-05 -1.1325E-06
 8.0000E-02 4.5612E-01 -6.0368E-01 -1.3828E-05 -6.3777E-06
 8.0000E-02 4.5846E-01 -5.8123E-01 -3.3379E-06 -2.0862E-06
 8.0000E-02 4.6082E-01 -5.5671E-01  1.5736E-05 -2.3842E-06
 8.0000E-02 4.6321E-01 -5.3041E-01 -6.1989E-06 -1.8477E-06
 8.0000E-02 4.6563E-01 -5.0280E-01 -1.4305E-06  8.3447E-07
 8.0000E-02 4.6806E-01 -4.7422E-01  1.7166E-05  4.1723E-07
 8.0000E-02 4.7053E-01 -4.4495E-01 -3.8624E-05  1.3113E-06
 8.0000E-02 4.7302E-01 -4.1514E-01 -5.7220E-06  3.4571E-06
 8.0000E-02 4.7553E-01 -3.8483E-01 -3.3379E-06  7.7486E-06
 8.0000E-02 4.7807E-01 -3.5385E-01 -3.8147E-06 -3.5763E-07
 8.0000E-02 4.8065E-01 -3.2186E-01 -4.7684E-07  2.6822E-06
 8.0000E-02 4.8324E-01 -2.8840E-01  4.7684E-06  3.1590E-06
 8.0000E-02 4.8587E-01 -2.5300E-01  9.5367E-07 -1.9968E-06
 8.0000E-02 4.8852E-01 -2.1519E-01  3.3379E-05  9.5367E-06
 8.0000E-02 4.9121E-01 -1.7462E-01 -1.9550E-05  1.1921E-06
 8.0000E-02 4.9392E-01 -1.3113E-01 -1.1444E-05  5.5432E-06
 8.0000E-02 4.9667E-01 -8.4802E-02 -1.2875E-05  3.7476E-06
 8.0000E-02 4.9944E-01 -3.6029E-02  1.9073E-05  1.0792E-05
 8.0000E-02 5.0225E-01  1.4576E-02  3.3379E-06  1.6615E-06
 8.0000E-02 5.0508E-01  6.6324E-02 -1.5259E-05  5.8040E-06
 8.0000E-02 5.0795E-01  1.1848E-01 -1.9550E-05 -5.0664E-06
 8.0000E-02 5.1086E-01  1.7041E-01 -1.2875E-05 -4.4554E-06
 8.0000E-02 5.1379E-01  2.2143E-01 -2.2411E-05  1.3575E-05
 8.0000E-02 5.1676E-01  2.7079E-01 -2.5272E-05  5.3644E-06
 8.0000E-02 5.1977E-01  3.1764E-01 -2.3842E-06  2.1458E-06
 8.0000E-02 5.2281E-01  3.6106E-01  1.9073E-06 -8.1658E-06
 8.0000E-02 5.2588E-01  4.0019E-01  1.0967E-05  1.4663E-05
 8.0000E-02 5.2899E-01  4.3435E-01  1.5259E-05  8.0764E-06
 8.0000E-02 5.3214E-01  4.6310E-01 -8.4400E-05  2.4945E-05
 8.0000E-02 5.3533E-01  4.8620E-01  2.4319E-05 -2.0683E-05
 8.0000E-02 5.3855E-01  5.0377E-01  6.2943E-05 -4.8280E-05
 8.0000E-02 5.4182E-01  5.1648E-01 -2.6226E-05 -2.5809E-05
 8.0000E-02 5.4512E-01  5.2524E-01  6.1989E-06  2.3842E-07
 8.0000E-02 5.4847E-01  5.3097E-01 -2.0504E-05  1.9073E-06
 8.0000E-02 5.5185E-01  5.3449E-01 -2.3365E-05  8.0466E-06
 8.0000E-02 5.5528E-01  5.3642E-01  1.3828E-05  3.2842E-05
 8.0000E-02 5.5875E-01  5.3710E-01  5.0545E-05  5.9605E-06
 8.0000E-02 5.6226E-01  5.3671E-01  1.7166E-05  1.7285E-06
 8.0000E-02 5.6582E-01  5.3524E-01  6.6757E-06 -7.0333E-06
 8.0000E-02 5.6943E-01  5.3264E-01  3.4332E-05 -1.0312E-05
 8.0000E-02 5.7308E-01  5.2879E-01  3.8147E-06  3.6955E-06
 8.0000E-02 5.7677E-01  5.2364E-01  1.4782E-05  4.2319E-06
 8.0000E-02 5.8052E-01  5.1714E-01 -7.1526E-06 -5.3048E-06
 8.0000E-02 5.8431E-01  5.0908E-01 -5.3883E-05  5.1558E-05
 8.0000E-02 5.8816E-01  4.9878E-01 -1.6212E-05 -1.4395E-05
 8.0000E-02 5.9205E-01  4.8551E-01  9.0599E-06  3.1143E-05
 8.0000E-02 5.9600E-01  4.6879E-01 -3.7432E-05 -2.3246E-05
 8.0000E-02 6.0000E-01  4.4884E-01  8.3685E-05 -3.2127E-05
