 DDSCAT --- DDSCAT 7.3.3 [22.01.20]   
 TARGET --->TARGSPHER  spherical target with explicit spacing                 
 GPFAFT --- method of solution 
 FLTRCD --- prescription for polarizabilities
 FROM_FILE --- shape 
    4169 = NAT0 = number of dipoles
 ../../diel/Pena-Rioux_dielectric_26Au_74Ag                  
 ../../diel/Pena-Rioux_dielectric_34Au_66Ag                  
 ../../diel/Pena-Rioux_dielectric_85Au_15Ag                  
   0.000   0.000 = beta_min, beta_max ;  NBETA = 1
   0.000   0.000 = theta_min, theta_max; NTHETA= 1
   0.000   0.000 = phi_min, phi_max   ;   NPHI = 1
 Results averaged over    1 target orientations
                   and  2 incident polarizations
   aeff       wave       Q_pha       Q_pol       Q_cpol
 8.0000E-02 3.0000E-01 -1.7378E-01  2.1458E-06  1.0431E-07
 8.0000E-02 3.0101E-01 -1.7237E-01  0.0000E+00  6.1095E-07
 8.0000E-02 3.0203E-01 -1.7105E-01 -2.1458E-06  5.9605E-08
 8.0000E-02 3.0305E-01 -1.6981E-01 -5.0068E-06  9.6858E-07
 8.0000E-02 3.0408E-01 -1.6865E-01 -4.7684E-07 -8.9407E-07
 8.0000E-02 3.0512E-01 -1.6758E-01 -6.4373E-06  1.0878E-06
 8.0000E-02 3.0616E-01 -1.6660E-01 -2.1458E-06  4.4703E-08
 8.0000E-02 3.0722E-01 -1.6572E-01  0.0000E+00  2.3842E-07
 8.0000E-02 3.0828E-01 -1.6494E-01  5.4836E-06  1.7881E-07
 8.0000E-02 3.0934E-01 -1.6424E-01  2.1458E-06 -6.8545E-07
 8.0000E-02 3.1042E-01 -1.6364E-01  4.2915E-06  3.7253E-07
 8.0000E-02 3.1150E-01 -1.6312E-01 -5.0068E-06 -1.9372E-07
 8.0000E-02 3.1259E-01 -1.6270E-01 -2.3842E-06 -2.6822E-07
 8.0000E-02 3.1368E-01 -1.6238E-01 -2.6226E-06  2.2352E-07
 8.0000E-02 3.1479E-01 -1.6215E-01 -1.4305E-06 -2.9802E-07
 8.0000E-02 3.1590E-01 -1.6203E-01 -7.1526E-07 -2.2352E-07
 8.0000E-02 3.1702E-01 -1.6202E-01  9.5367E-07 -7.4506E-08
 8.0000E-02 3.1815E-01 -1.6192E-01  1.4305E-06 -6.4075E-07
 8.0000E-02 3.1929E-01 -1.6193E-01 -6.4373E-06  1.7881E-07
 8.0000E-02 3.2043E-01 -1.6210E-01 -6.1989E-06 -7.8976E-07
 8.0000E-02 3.2158E-01 -1.6243E-01  5.0068E-06  8.3447E-07
 8.0000E-02 3.2274E-01 -1.6294E-01  5.9605E-06  2.9802E-07
 8.0000E-02 3.2391E-01 -1.6363E-01 -2.1458E-06  7.4506E-08
 8.0000E-02 3.2509E-01 -1.6450E-01  3.5763E-06  5.0664E-07
 8.0000E-02 3.2628E-01 -1.6557E-01 -2.1458E-06  1.5646E-06
 8.0000E-02 3.2747E-01 -1.6707E-01 -4.0531E-06  1.0282E-06
 8.0000E-02 3.2868E-01 -1.6888E-01 -1.4305E-06  1.6391E-07
 8.0000E-02 3.2989E-01 -1.7101E-01 -4.5300E-06  4.7684E-07
 8.0000E-02 3.3111E-01 -1.7347E-01 -7.8678E-06 -1.3262E-06
 8.0000E-02 3.3234E-01 -1.7627E-01 -2.6226E-06  5.3644E-07
 8.0000E-02 3.3358E-01 -1.7942E-01  5.0068E-06  9.3877E-07
 8.0000E-02 3.3483E-01 -1.8296E-01 -1.9073E-06  4.4703E-08
 8.0000E-02 3.3609E-01 -1.8701E-01  1.9073E-06 -6.2585E-07
 8.0000E-02 3.3736E-01 -1.9157E-01 -6.1989E-06  2.9802E-08
 8.0000E-02 3.3864E-01 -1.9647E-01 -7.1526E-07  5.5134E-07
 8.0000E-02 3.3992E-01 -2.0172E-01  9.7752E-06  1.5497E-06
 8.0000E-02 3.4122E-01 -2.0733E-01 -1.4305E-06  1.8030E-06
 8.0000E-02 3.4253E-01 -2.1331E-01  5.0068E-06  6.5565E-07
 8.0000E-02 3.4385E-01 -2.1965E-01 -5.4836E-06 -1.9372E-07
 8.0000E-02 3.4517E-01 -2.2633E-01  4.0531E-06 -5.3644E-07
 8.0000E-02 3.4651E-01 -2.3320E-01  2.6226E-06 -5.0664E-07
 8.0000E-02 3.4786E-01 -2.4029E-01 -1.1921E-06 -2.6822E-07
 8.0000E-02 3.4922E-01 -2.4759E-01 -1.6689E-06  8.0466E-07
 8.0000E-02 3.5059E-01 -2.5509E-01  1.8597E-05 -3.7849E-06
 8.0000E-02 3.5197E-01 -2.6279E-01 -3.5763E-06  4.7982E-06
 8.0000E-02 3.5336E-01 -2.7070E-01 -7.6294E-06 -4.1723E-07
 8.0000E-02 3.5476E-01 -2.7868E-01 -2.6226E-06 -2.6226E-06
 8.0000E-02 3.5618E-01 -2.8670E-01 -6.1989E-06  5.9605E-08
 8.0000E-02 3.5760E-01 -2.9479E-01 -1.3113E-05  6.5565E-07
 8.0000E-02 3.5904E-01 -3.0292E-01  3.1710E-05  7.0035E-06
 8.0000E-02 3.6048E-01 -3.1110E-01 -6.1989E-06 -1.6987E-06
 8.0000E-02 3.6194E-01 -3.1933E-01 -2.6226E-06  5.0962E-06
 8.0000E-02 3.6341E-01 -3.2756E-01 -2.3842E-07 -4.5002E-06
 8.0000E-02 3.6490E-01 -3.3570E-01  4.7684E-07  8.6427E-07
 8.0000E-02 3.6639E-01 -3.4380E-01 -8.3447E-06  3.9935E-06
 8.0000E-02 3.6790E-01 -3.5185E-01  1.2398E-05  5.3644E-06
 8.0000E-02 3.6942E-01 -3.5986E-01  6.1989E-06  1.7285E-06
 8.0000E-02 3.7095E-01 -3.6780E-01 -2.9325E-05  5.9605E-07
 8.0000E-02 3.7250E-01 -3.7565E-01 -7.1526E-07 -4.4703E-07
 8.0000E-02 3.7406E-01 -3.8340E-01  4.0531E-06 -2.9802E-08
 8.0000E-02 3.7563E-01 -3.9105E-01  1.2636E-05 -2.0862E-07
 8.0000E-02 3.7722E-01 -3.9859E-01  9.5367E-06 -1.7881E-07
 8.0000E-02 3.7881E-01 -4.0603E-01 -1.8358E-05  5.3644E-07
 8.0000E-02 3.8043E-01 -4.1336E-01 -9.5367E-07  5.9605E-08
 8.0000E-02 3.8205E-01 -4.2055E-01 -1.1206E-05 -6.8247E-06
 8.0000E-02 3.8369E-01 -4.2760E-01  2.1458E-06 -5.0664E-06
 8.0000E-02 3.8534E-01 -4.3455E-01 -2.8610E-06 -3.5465E-06
 8.0000E-02 3.8701E-01 -4.4136E-01  3.5763E-06 -5.9605E-08
 8.0000E-02 3.8870E-01 -4.4805E-01  1.9073E-06 -3.8743E-06
 8.0000E-02 3.9039E-01 -4.5460E-01 -1.1683E-05  2.6226E-06
 8.0000E-02 3.9211E-01 -4.6100E-01 -4.7684E-06  1.9073E-06
 8.0000E-02 3.9383E-01 -4.6730E-01 -1.5259E-05  8.8513E-06
 8.0000E-02 3.9558E-01 -4.7348E-01 -2.3842E-06 -1.4901E-06
 8.0000E-02 3.9733E-01 -4.7952E-01  5.4836E-06 -2.3842E-07
 8.0000E-02 3.9911E-01 -4.8542E-01  7.1526E-06  8.9407E-07
 8.0000E-02 4.0090E-01 -4.9118E-01  4.7684E-06  3.3379E-06
 8.0000E-02 4.0270E-01 -4.9683E-01  5.4836E-06 -7.7486E-06
 8.0000E-02 4.0452E-01 -5.0234E-01  0.0000E+00  2.3246E-06
 8.0000E-02 4.0636E-01 -5.0768E-01  1.2159E-05 -5.9009E-06
 8.0000E-02 4.0822E-01 -5.1283E-01  4.7684E-06 -4.7684E-07
 8.0000E-02 4.1009E-01 -5.1775E-01 -2.1458E-06  1.3709E-06
 8.0000E-02 4.1198E-01 -5.2246E-01  6.4373E-06 -1.7285E-06
 8.0000E-02 4.1389E-01 -5.2690E-01 -2.1458E-06 -5.7817E-06
 8.0000E-02 4.1581E-01 -5.3101E-01 -3.5763E-06  9.5367E-07
 8.0000E-02 4.1776E-01 -5.3471E-01  1.1921E-06 -4.7684E-07
 8.0000E-02 4.1972E-01 -5.3803E-01 -1.1921E-06 -1.7881E-06
 8.0000E-02 4.2170E-01 -5.4093E-01 -4.5300E-06 -7.7486E-07
 8.0000E-02 4.2370E-01 -5.4340E-01  9.2983E-06 -2.7418E-06
 8.0000E-02 4.2571E-01 -5.4543E-01 -8.8215E-06  3.3975E-06
 8.0000E-02 4.2775E-01 -5.4707E-01 -4.2915E-06  1.3709E-06
 8.0000E-02 4.2981E-01 -5.4838E-01  2.3842E-06 -3.5763E-06
 8.0000E-02 4.3188E-01 -5.4929E-01  1.4305E-06 -1.9670E-06
 8.0000E-02 4.3398E-01 -5.4981E-01  1.4782E-05  1.6093E-06
 8.0000E-02 4.3610E-01 -5.4989E-01  4.7684E-07 -2.2650E-06
 8.0000E-02 4.3824E-01 -5.4958E-01 -4.0531E-06  2.9802E-07
 8.0000E-02 4.4039E-01 -5.4869E-01 -4.2915E-06 -1.6093E-06
 8.0000E-02 4.4257E-01 -5.4722E-01  4.5300E-06 -2.8014E-06
 8.0000E-02 4.4478E-01 -5.4513E-01  1.3828E-05  1.3709E-06
 8.0000E-02 4.4700E-01 -5.4250E-01 -5.7220E-06  9.5367E-07
 8.0000E-02 4.4925E-01 -5.3926E-01  3.8147E-06 -2.0266E-06
 8.0000E-02 4.5152E-01 -5.3550E-01 -1.9073E-06 -3.2783E-06
 8.0000E-02 4.5381E-01 -5.3135E-01  7.1526E-06 -3.7551E-06
 8.0000E-02 4.5612E-01 -5.2686E-01  7.3910E-06 -4.1723E-07
 8.0000E-02 4.5846E-01 -5.2203E-01  6.9141E-06 -1.3709E-06
 8.0000E-02 4.6082E-01 -5.1696E-01  4.7684E-06 -2.9802E-07
 8.0000E-02 4.6321E-01 -5.1166E-01 -4.2915E-06 -2.3842E-07
 8.0000E-02 4.6563E-01 -5.0599E-01 -4.7684E-07 -1.1921E-07
 8.0000E-02 4.6806E-01 -4.9976E-01  9.5367E-06 -5.3644E-07
 8.0000E-02 4.7053E-01 -4.9280E-01 -3.3379E-06  1.7881E-07
 8.0000E-02 4.7302E-01 -4.8484E-01 -1.6212E-05  2.3842E-07
 8.0000E-02 4.7553E-01 -4.7536E-01  8.1062E-06  3.0696E-06
 8.0000E-02 4.7807E-01 -4.6398E-01 -1.0967E-05  1.4901E-07
 8.0000E-02 4.8065E-01 -4.5025E-01 -3.8147E-06  2.6822E-07
 8.0000E-02 4.8324E-01 -4.3359E-01 -3.3379E-06  8.6427E-07
 8.0000E-02 4.8587E-01 -4.1355E-01 -1.6689E-05 -1.2815E-06
 8.0000E-02 4.8852E-01 -3.8977E-01 -4.7684E-07 -2.0862E-07
 8.0000E-02 4.9121E-01 -3.6189E-01 -8.5831E-06  1.0431E-06
 8.0000E-02 4.9392E-01 -3.2979E-01 -5.7220E-06 -3.1292E-06
 8.0000E-02 4.9667E-01 -2.9362E-01 -3.8147E-06  5.9009E-06
 8.0000E-02 4.9944E-01 -2.5343E-01  9.0599E-06 -3.5465E-06
 8.0000E-02 5.0225E-01 -2.0956E-01 -9.0599E-06 -7.3314E-06
 8.0000E-02 5.0508E-01 -1.6252E-01 -1.2398E-05  3.2783E-07
 8.0000E-02 5.0795E-01 -1.1266E-01 -5.2452E-06  5.9307E-06
 8.0000E-02 5.1086E-01 -6.0496E-02  1.7166E-05  1.2338E-05
 8.0000E-02 5.1379E-01 -6.7877E-03  1.0014E-05 -1.0293E-05
 8.0000E-02 5.1676E-01  4.7859E-02 -6.1989E-06 -6.1505E-06
 8.0000E-02 5.1977E-01  1.0261E-01  1.4305E-06 -2.6673E-06
 8.0000E-02 5.2281E-01  1.5659E-01 -8.5831E-06  8.1956E-07
 8.0000E-02 5.2588E-01  2.0912E-01  9.5367E-07  2.5779E-06
 8.0000E-02 5.2899E-01  2.5942E-01 -1.6689E-05  2.3842E-06
 8.0000E-02 5.3214E-01  3.0659E-01  1.3828E-05  2.2233E-05
 8.0000E-02 5.3533E-01  3.4969E-01 -6.1989E-06  1.7434E-05
 8.0000E-02 5.3855E-01  3.8782E-01  4.7684E-06 -1.3739E-05
 8.0000E-02 5.4182E-01  4.2038E-01  3.0041E-05 -5.6624E-06
 8.0000E-02 5.4512E-01  4.4723E-01 -1.6689E-05  3.1590E-06
 8.0000E-02 5.4847E-01  4.6843E-01 -9.0599E-06  1.9312E-05
 8.0000E-02 5.5185E-01  4.8439E-01  2.3842E-05  3.2783E-06
 8.0000E-02 5.5528E-01  4.9585E-01 -1.1492E-04 -6.9439E-06
 8.0000E-02 5.5875E-01  5.0393E-01 -4.2915E-06 -8.6427E-06
 8.0000E-02 5.6226E-01  5.0974E-01 -1.2875E-05  6.4373E-06
 8.0000E-02 5.6582E-01  5.1404E-01  1.3351E-05 -8.8215E-06
 8.0000E-02 5.6943E-01  5.1743E-01 -1.9073E-06  1.6093E-06
 8.0000E-02 5.7308E-01  5.2010E-01  8.1062E-06 -2.4438E-06
 8.0000E-02 5.7677E-01  5.2198E-01  1.3351E-05 -3.5763E-07
 8.0000E-02 5.8052E-01  5.2271E-01  4.7684E-07  1.3292E-05
 8.0000E-02 5.8431E-01  5.2191E-01  2.6226E-05  7.2896E-05
 8.0000E-02 5.8816E-01  5.1952E-01  1.0014E-04 -1.4007E-05
 8.0000E-02 5.9205E-01  5.1533E-01 -1.3781E-04  5.9485E-05
 8.0000E-02 5.9600E-01  5.0885E-01 -2.3365E-05 -5.5432E-06
 8.0000E-02 6.0000E-01  4.9896E-01  7.9632E-05  6.4373E-06
