 DDSCAT --- DDSCAT 7.3.3 [22.01.20]   
 TARGET --->TARGSPHER  spherical target with explicit spacing                 
 GPFAFT --- method of solution 
 GKDLDR --- prescription for polarizabilities
 FROM_FILE --- shape 
    4169 = NAT0 = number of dipoles
 ../../diel/Pena-Rioux_dielectric_26Au_74Ag                  
 ../../diel/Pena-Rioux_dielectric_76Au_24Ag                  
 ../../diel/Pena-Rioux_dielectric_85Au_15Ag                  
 ../../diel/Pena-Rioux_dielectric_92Au_8Ag                   
   0.000   0.000 = beta_min, beta_max ;  NBETA = 1
   0.000   0.000 = theta_min, theta_max; NTHETA= 1
   0.000   0.000 = phi_min, phi_max   ;   NPHI = 1
 Results averaged over    1 target orientations
                   and  2 incident polarizations
   aeff       wave       Q_pha       Q_pol       Q_cpol
 4.0000E-02 3.0000E-01 -2.4312E-02 -2.6226E-06 -2.4214E-08
 4.0000E-02 3.0101E-01 -2.2875E-02  4.7684E-07 -8.9407E-08
 4.0000E-02 3.0203E-01 -2.1594E-02 -3.5763E-06  3.5390E-08
 4.0000E-02 3.0305E-01 -2.0474E-02  3.5763E-06 -1.1176E-08
 4.0000E-02 3.0408E-01 -1.9519E-02  3.0994E-06 -5.7742E-08
 4.0000E-02 3.0512E-01 -1.8735E-02 -2.6226E-06  3.9116E-08
 4.0000E-02 3.0616E-01 -1.8127E-02 -4.2915E-06  3.7253E-09
 4.0000E-02 3.0722E-01 -1.7701E-02  1.6689E-06  3.9116E-08
 4.0000E-02 3.0828E-01 -1.7434E-02 -4.2915E-06  5.5879E-09
 4.0000E-02 3.0934E-01 -1.7222E-02 -3.0994E-06 -6.3330E-08
 4.0000E-02 3.1042E-01 -1.7148E-02  0.0000E+00  1.6764E-08
 4.0000E-02 3.1150E-01 -1.7215E-02 -4.7684E-06 -5.2154E-08
 4.0000E-02 3.1259E-01 -1.7429E-02 -7.1526E-07  0.0000E+00
 4.0000E-02 3.1368E-01 -1.7792E-02 -2.3842E-06 -7.4506E-09
 4.0000E-02 3.1479E-01 -1.8309E-02 -9.5367E-07  5.9605E-08
 4.0000E-02 3.1590E-01 -1.8984E-02 -1.1921E-06 -4.8429E-08
 4.0000E-02 3.1702E-01 -1.9823E-02 -9.5367E-07 -8.5682E-08
 4.0000E-02 3.1815E-01 -2.0433E-02  6.6757E-06 -1.8626E-09
 4.0000E-02 3.1929E-01 -2.1229E-02 -5.7220E-06  5.2154E-08
 4.0000E-02 3.2043E-01 -2.2292E-02  4.2915E-06 -1.8626E-09
 4.0000E-02 3.2158E-01 -2.3631E-02  6.6757E-06  1.2666E-07
 4.0000E-02 3.2274E-01 -2.5256E-02  5.7220E-06  6.5193E-08
 4.0000E-02 3.2391E-01 -2.7173E-02 -2.6226E-06  7.2643E-08
 4.0000E-02 3.2509E-01 -2.9393E-02 -2.6226E-06 -2.2352E-08
 4.0000E-02 3.2628E-01 -3.1925E-02  1.4305E-06 -1.1548E-07
 4.0000E-02 3.2747E-01 -3.5306E-02  1.6689E-06 -7.4506E-09
 4.0000E-02 3.2868E-01 -3.9177E-02  5.2452E-06  1.1176E-08
 4.0000E-02 3.2989E-01 -4.3529E-02  2.8610E-06 -2.9802E-08
 4.0000E-02 3.3111E-01 -4.8377E-02  3.5763E-06 -7.4506E-09
 4.0000E-02 3.3234E-01 -5.3736E-02  1.4305E-06 -2.9802E-08
 4.0000E-02 3.3358E-01 -5.9622E-02  4.2915E-06  1.2293E-07
 4.0000E-02 3.3483E-01 -6.6050E-02  9.5367E-07 -4.4703E-08
 4.0000E-02 3.3609E-01 -7.3252E-02 -3.0994E-06  2.2352E-08
 4.0000E-02 3.3736E-01 -8.1156E-02  4.7684E-06  9.6858E-08
 4.0000E-02 3.3864E-01 -8.9515E-02  5.4836E-06 -5.9605E-08
 4.0000E-02 3.3992E-01 -9.8341E-02  3.0994E-06  2.9802E-08
 4.0000E-02 3.4122E-01 -1.0765E-01 -3.5763E-06 -4.4703E-08
 4.0000E-02 3.4253E-01 -1.1745E-01 -5.2452E-06 -2.2352E-08
 4.0000E-02 3.4385E-01 -1.2777E-01 -3.8147E-06  3.5763E-07
 4.0000E-02 3.4517E-01 -1.3853E-01 -1.6689E-06 -4.9174E-07
 4.0000E-02 3.4651E-01 -1.4953E-01  2.1458E-06 -7.7486E-07
 4.0000E-02 3.4786E-01 -1.6080E-01  2.3842E-07  7.4506E-08
 4.0000E-02 3.4922E-01 -1.7235E-01  7.1526E-07  5.9605E-08
 4.0000E-02 3.5059E-01 -1.8419E-01 -3.0994E-06 -2.3842E-07
 4.0000E-02 3.5197E-01 -1.9633E-01  7.1526E-07 -4.0233E-07
 4.0000E-02 3.5336E-01 -2.0879E-01  2.8610E-06 -7.4506E-08
 4.0000E-02 3.5476E-01 -2.2137E-01  1.4305E-06 -1.0431E-07
 4.0000E-02 3.5618E-01 -2.3402E-01  9.5367E-07  2.9802E-08
 4.0000E-02 3.5760E-01 -2.4679E-01 -3.3379E-06 -4.1723E-07
 4.0000E-02 3.5904E-01 -2.5968E-01 -2.6226E-06  5.6624E-07
 4.0000E-02 3.6048E-01 -2.7269E-01  5.9605E-06 -6.5565E-07
 4.0000E-02 3.6194E-01 -2.8583E-01 -2.1458E-06 -5.9605E-08
 4.0000E-02 3.6341E-01 -2.9903E-01  9.5367E-07 -8.9407E-08
 4.0000E-02 3.6490E-01 -3.1214E-01  4.2915E-06  2.0862E-07
 4.0000E-02 3.6639E-01 -3.2527E-01  4.7684E-07 -1.7881E-07
 4.0000E-02 3.6790E-01 -3.3840E-01  2.3842E-07  1.1921E-06
 4.0000E-02 3.6942E-01 -3.5156E-01 -3.8147E-06 -1.4901E-07
 4.0000E-02 3.7095E-01 -3.6470E-01 -2.1458E-06  1.0431E-06
 4.0000E-02 3.7250E-01 -3.7779E-01  3.3379E-06 -2.0862E-07
 4.0000E-02 3.7406E-01 -3.9077E-01  9.5367E-06  3.2783E-07
 4.0000E-02 3.7563E-01 -4.0369E-01  9.5367E-07  3.2783E-07
 4.0000E-02 3.7722E-01 -4.1656E-01  1.6689E-06  4.4703E-07
 4.0000E-02 3.7881E-01 -4.2937E-01 -4.2915E-06  2.0862E-07
 4.0000E-02 3.8043E-01 -4.4207E-01  2.1458E-06  5.3644E-07
 4.0000E-02 3.8205E-01 -4.5462E-01 -1.1921E-05  9.8348E-07
 4.0000E-02 3.8369E-01 -4.6705E-01  1.1921E-06  1.3709E-06
 4.0000E-02 3.8534E-01 -4.7936E-01  2.5988E-05 -1.5497E-06
 4.0000E-02 3.8701E-01 -4.9155E-01  2.3127E-05 -2.4736E-06
 4.0000E-02 3.8870E-01 -5.0358E-01 -6.4373E-06  2.1458E-06
 4.0000E-02 3.9039E-01 -5.1540E-01  5.4836E-06 -8.3447E-07
 4.0000E-02 3.9211E-01 -5.2702E-01 -1.9073E-06 -2.3246E-06
 4.0000E-02 3.9383E-01 -5.3848E-01 -9.5367E-07 -1.0729E-06
 4.0000E-02 3.9558E-01 -5.4974E-01  2.8610E-06 -5.9605E-07
 4.0000E-02 3.9733E-01 -5.6075E-01  9.5367E-07  3.5763E-07
 4.0000E-02 3.9911E-01 -5.7146E-01 -9.5367E-06  1.1921E-07
 4.0000E-02 4.0090E-01 -5.8187E-01  0.0000E+00 -1.1921E-07
 4.0000E-02 4.0270E-01 -5.9202E-01 -3.5763E-06  1.6689E-06
 4.0000E-02 4.0452E-01 -6.0187E-01 -5.0068E-06 -5.6028E-06
 4.0000E-02 4.0636E-01 -6.1136E-01  1.1683E-05 -1.1921E-07
 4.0000E-02 4.0822E-01 -6.2042E-01 -9.2983E-06 -1.1921E-07
 4.0000E-02 4.1009E-01 -6.2905E-01 -9.5367E-07 -1.6689E-06
 4.0000E-02 4.1198E-01 -6.3729E-01 -1.4305E-06  1.5497E-06
 4.0000E-02 4.1389E-01 -6.4504E-01 -7.1526E-07  9.5367E-07
 4.0000E-02 4.1581E-01 -6.5222E-01  6.9141E-06 -2.5034E-06
 4.0000E-02 4.1776E-01 -6.5874E-01 -7.1526E-07 -1.1921E-06
 4.0000E-02 4.1972E-01 -6.6467E-01  7.6294E-06  1.2517E-06
 4.0000E-02 4.2170E-01 -6.6984E-01  2.3842E-06 -5.3644E-07
 4.0000E-02 4.2370E-01 -6.7413E-01 -7.3910E-06  2.0862E-06
 4.0000E-02 4.2571E-01 -6.7742E-01  4.5300E-06  7.7486E-07
 4.0000E-02 4.2775E-01 -6.7963E-01 -8.8215E-06 -1.5497E-06
 4.0000E-02 4.2981E-01 -6.8063E-01  1.4067E-05 -1.5497E-06
 4.0000E-02 4.3188E-01 -6.8021E-01 -1.1921E-06 -5.3644E-07
 4.0000E-02 4.3398E-01 -6.7821E-01  5.2452E-06 -3.2783E-06
 4.0000E-02 4.3610E-01 -6.7454E-01  1.5259E-05 -1.6093E-06
 4.0000E-02 4.3824E-01 -6.6912E-01 -4.7684E-06  0.0000E+00
 4.0000E-02 4.4039E-01 -6.6174E-01 -2.0504E-05 -3.5763E-06
 4.0000E-02 4.4257E-01 -6.5234E-01 -1.9073E-06  3.5763E-07
 4.0000E-02 4.4478E-01 -6.4086E-01  9.5367E-06  3.5167E-06
 4.0000E-02 4.4700E-01 -6.2718E-01  6.6757E-06 -2.5630E-06
 4.0000E-02 4.4925E-01 -6.1110E-01 -9.5367E-07 -3.0398E-06
 4.0000E-02 4.5152E-01 -5.9244E-01 -1.0490E-05  5.9605E-07
 4.0000E-02 4.5381E-01 -5.7107E-01 -4.7684E-06 -2.5034E-06
 4.0000E-02 4.5612E-01 -5.4665E-01 -4.7684E-07  9.5367E-07
 4.0000E-02 4.5846E-01 -5.1879E-01  0.0000E+00  2.9802E-06
 4.0000E-02 4.6082E-01 -4.8719E-01 -2.3842E-06 -5.2154E-06
 4.0000E-02 4.6321E-01 -4.5144E-01  1.5259E-05 -7.4208E-06
 4.0000E-02 4.6563E-01 -4.1084E-01  1.2398E-05 -4.2021E-06
 4.0000E-02 4.6806E-01 -3.6490E-01  1.2875E-05 -1.9670E-06
 4.0000E-02 4.7053E-01 -3.1300E-01 -1.0490E-05  0.0000E+00
 4.0000E-02 4.7302E-01 -2.5448E-01 -2.0504E-05  2.8908E-06
 4.0000E-02 4.7553E-01 -1.8862E-01 -1.0967E-05 -1.6987E-06
 4.0000E-02 4.7807E-01 -1.1509E-01  9.5367E-07  5.8860E-07
 4.0000E-02 4.8065E-01 -3.3439E-02  1.1921E-05  6.3553E-06
 4.0000E-02 4.8324E-01  5.6566E-02  1.2875E-05  3.0994E-06
 4.0000E-02 4.8587E-01  1.5477E-01  2.3365E-05  2.3544E-06
 4.0000E-02 4.8852E-01  2.6104E-01  1.1444E-05  7.3910E-06
 4.0000E-02 4.9121E-01  3.7508E-01  1.5259E-05  3.7849E-06
 4.0000E-02 4.9392E-01  4.9607E-01  2.8610E-06  1.7583E-06
 4.0000E-02 4.9667E-01  6.2302E-01  0.0000E+00  2.0862E-06
 4.0000E-02 4.9944E-01  7.5469E-01  3.3379E-06 -1.3113E-06
 4.0000E-02 5.0225E-01  8.8925E-01  4.2915E-06 -1.3709E-06
 4.0000E-02 5.0508E-01  1.0246E+00  1.0967E-05 -7.0333E-06
 4.0000E-02 5.0795E-01  1.1589E+00  7.1526E-06 -9.0599E-06
 4.0000E-02 5.1086E-01  1.2898E+00 -9.0599E-06 -3.4571E-06
 4.0000E-02 5.1379E-01  1.4158E+00 -1.0967E-05  8.3447E-07
 4.0000E-02 5.1676E-01  1.5353E+00 -1.1921E-05  5.9605E-07
 4.0000E-02 5.1977E-01  1.6474E+00  1.2398E-05 -5.8413E-06
 4.0000E-02 5.2281E-01  1.7514E+00  3.3379E-06  1.9073E-06
 4.0000E-02 5.2588E-01  1.8467E+00  1.4305E-06 -5.2452E-06
 4.0000E-02 5.2899E-01  1.9334E+00 -4.2915E-06 -5.8413E-06
 4.0000E-02 5.3214E-01  2.0119E+00 -4.7684E-06 -5.9605E-06
 4.0000E-02 5.3533E-01  2.0830E+00 -5.2452E-06 -7.3910E-06
 4.0000E-02 5.3855E-01  2.1473E+00 -1.3828E-05 -1.2398E-05
 4.0000E-02 5.4182E-01  2.2057E+00  1.9073E-06  1.4305E-05
 4.0000E-02 5.4512E-01  2.2580E+00  1.3351E-05  1.6212E-05
 4.0000E-02 5.4847E-01  2.3039E+00  4.2915E-05  3.9577E-05
 4.0000E-02 5.5185E-01  2.3423E+00  2.7180E-05 -4.7684E-06
 4.0000E-02 5.5528E-01  2.3723E+00 -3.1948E-05  1.5736E-05
 4.0000E-02 5.5875E-01  2.3931E+00 -2.8610E-06  3.3379E-06
 4.0000E-02 5.6226E-01  2.4045E+00 -3.0994E-05  1.6928E-05
 4.0000E-02 5.6582E-01  2.4066E+00 -3.1948E-05  5.7220E-06
 4.0000E-02 5.6943E-01  2.4004E+00 -4.6492E-05 -2.2173E-05
 4.0000E-02 5.7308E-01  2.3870E+00 -2.2888E-05 -3.1710E-05
 4.0000E-02 5.7677E-01  2.3680E+00  7.6294E-06  4.2677E-05
 4.0000E-02 5.8052E-01  2.3449E+00 -2.9802E-05  2.6941E-05
 4.0000E-02 5.8431E-01  2.3188E+00 -6.2943E-05 -1.8835E-05
 4.0000E-02 5.8816E-01  2.2903E+00  1.0252E-05  1.0252E-05
 4.0000E-02 5.9205E-01  2.2596E+00  2.1458E-05  8.5831E-06
 4.0000E-02 5.9600E-01  2.2269E+00 -3.8624E-05 -1.2636E-05
 4.0000E-02 6.0000E-01  2.1928E+00  3.1948E-05 -1.0252E-05
