 DDSCAT --- DDSCAT 7.3.3 [22.01.20]   
 TARGET --->TARGSPHER  spherical target with explicit spacing                 
 GPFAFT --- method of solution 
 GKDLDR --- prescription for polarizabilities
 FROM_FILE --- shape 
   33401 = NAT0 = number of dipoles
 ../diel/Pena26Au74Ag                                        
 ../diel/Pena15Au85Ag                                        
   0.000   0.000 = beta_min, beta_max ;  NBETA = 1
   0.000   0.000 = theta_min, theta_max; NTHETA= 1
   0.000   0.000 = phi_min, phi_max   ;   NPHI = 1
 0.5000 = ETASCA (param. controlling # of scatt. dirs used to calculate <cos> etc.
 Results averaged over    1 target orientations
                   and  1 incident polarizations
   aeff       wave       Q_ext     Q_abs      Q_sca     g(1)=<cos>  <cos^2>    Q_bk       Nsca
 1.0000E-03 3.0000E-01 7.9117E-02 7.9116E-02 9.3176E-07  2.5670E-04 4.0217E-01 1.1106E-07   214
 1.0000E-03 3.0151E-01 7.8420E-02 7.8419E-02 9.0093E-07  2.5621E-04 4.0217E-01 1.0738E-07   214
 1.0000E-03 3.0302E-01 7.7771E-02 7.7771E-02 8.7181E-07  2.5509E-04 4.0217E-01 1.0391E-07   214
 1.0000E-03 3.0452E-01 7.7170E-02 7.7169E-02 8.4432E-07  2.5482E-04 4.0217E-01 1.0063E-07   214
 1.0000E-03 3.0603E-01 7.6613E-02 7.6613E-02 8.1837E-07  2.5346E-04 4.0217E-01 9.7543E-08   214
 1.0000E-03 3.0754E-01 7.6101E-02 7.6100E-02 7.9388E-07  2.5256E-04 4.0217E-01 9.4622E-08   214
 1.0000E-03 3.0905E-01 7.5648E-02 7.5647E-02 7.7120E-07  2.5171E-04 4.0217E-01 9.1920E-08   214
 1.0000E-03 3.1055E-01 7.5240E-02 7.5239E-02 7.5004E-07  2.5061E-04 4.0217E-01 8.9399E-08   214
 1.0000E-03 3.1206E-01 7.4868E-02 7.4867E-02 7.3012E-07  2.4936E-04 4.0217E-01 8.7025E-08   214
 1.0000E-03 3.1357E-01 7.4530E-02 7.4529E-02 7.1138E-07  2.4840E-04 4.0217E-01 8.4792E-08   214
 1.0000E-03 3.1508E-01 7.4225E-02 7.4224E-02 6.9380E-07  2.4685E-04 4.0217E-01 8.2696E-08   214
 1.0000E-03 3.1658E-01 7.3954E-02 7.3954E-02 6.7732E-07  2.4641E-04 4.0217E-01 8.0734E-08   214
 1.0000E-03 3.1809E-01 7.3686E-02 7.3685E-02 6.6151E-07  2.4497E-04 4.0217E-01 7.8849E-08   214
 1.0000E-03 3.1960E-01 7.3434E-02 7.3432E-02 6.4653E-07  2.4500E-04 4.0217E-01 7.7062E-08   214
 1.0000E-03 3.2111E-01 7.3218E-02 7.3218E-02 6.3265E-07  2.4254E-04 4.0217E-01 7.5409E-08   214
 1.0000E-03 3.2261E-01 7.3041E-02 7.3039E-02 6.1986E-07  2.4189E-04 4.0217E-01 7.3882E-08   214
 1.0000E-03 3.2412E-01 7.2899E-02 7.2898E-02 6.0813E-07  2.4036E-04 4.0217E-01 7.2488E-08   214
 1.0000E-03 3.2563E-01 7.2795E-02 7.2794E-02 5.9746E-07  2.4053E-04 4.0217E-01 7.1214E-08   214
 1.0000E-03 3.2714E-01 7.2714E-02 7.2713E-02 5.8756E-07  2.4017E-04 4.0217E-01 7.0033E-08   214
 1.0000E-03 3.2864E-01 7.2678E-02 7.2677E-02 5.7882E-07  2.3771E-04 4.0217E-01 6.8994E-08   214
 1.0000E-03 3.3015E-01 7.2701E-02 7.2701E-02 5.7160E-07  2.3633E-04 4.0217E-01 6.8133E-08   214
 1.0000E-03 3.3166E-01 7.2784E-02 7.2784E-02 5.6588E-07  2.3599E-04 4.0217E-01 6.7447E-08   214
 1.0000E-03 3.3317E-01 7.2928E-02 7.2927E-02 5.6166E-07  2.3566E-04 4.0217E-01 6.6949E-08   214
 1.0000E-03 3.3467E-01 7.3130E-02 7.3130E-02 5.5896E-07  2.3328E-04 4.0217E-01 6.6625E-08   214
 1.0000E-03 3.3618E-01 7.3438E-02 7.3437E-02 5.5850E-07  2.3411E-04 4.0217E-01 6.6571E-08   214
 1.0000E-03 3.3769E-01 7.3871E-02 7.3869E-02 5.6056E-07  2.3220E-04 4.0217E-01 6.6819E-08   214
 1.0000E-03 3.3920E-01 7.4379E-02 7.4379E-02 5.6444E-07  2.3195E-04 4.0217E-01 6.7278E-08   214
 1.0000E-03 3.4070E-01 7.4970E-02 7.4969E-02 5.7019E-07  2.3086E-04 4.0217E-01 6.7965E-08   214
 1.0000E-03 3.4221E-01 7.5643E-02 7.5644E-02 5.7787E-07  2.2862E-04 4.0217E-01 6.8880E-08   214
 1.0000E-03 3.4372E-01 7.6406E-02 7.6405E-02 5.8758E-07  2.2856E-04 4.0217E-01 7.0037E-08   214
 1.0000E-03 3.4523E-01 7.7266E-02 7.7265E-02 5.9945E-07  2.2737E-04 4.0217E-01 7.1454E-08   214
 1.0000E-03 3.4673E-01 7.8216E-02 7.8216E-02 6.1332E-07  2.2629E-04 4.0217E-01 7.3106E-08   214
 1.0000E-03 3.4824E-01 7.9249E-02 7.9248E-02 6.2912E-07  2.2594E-04 4.0217E-01 7.4990E-08   214
 1.0000E-03 3.4975E-01 8.0371E-02 8.0370E-02 6.4699E-07  2.2455E-04 4.0217E-01 7.7121E-08   214
 1.0000E-03 3.5126E-01 8.1590E-02 8.1589E-02 6.6709E-07  2.2329E-04 4.0217E-01 7.9517E-08   214
 1.0000E-03 3.5276E-01 8.2912E-02 8.2911E-02 6.8958E-07  2.2253E-04 4.0217E-01 8.2198E-08   214
 1.0000E-03 3.5427E-01 8.4344E-02 8.4343E-02 7.1459E-07  2.2108E-04 4.0217E-01 8.5180E-08   214
 1.0000E-03 3.5578E-01 8.5870E-02 8.5869E-02 7.4187E-07  2.2068E-04 4.0217E-01 8.8430E-08   214
 1.0000E-03 3.5729E-01 8.7500E-02 8.7499E-02 7.7165E-07  2.1944E-04 4.0217E-01 9.1981E-08   214
 1.0000E-03 3.5879E-01 8.9243E-02 8.9242E-02 8.0416E-07  2.1869E-04 4.0217E-01 9.5856E-08   214
 1.0000E-03 3.6030E-01 9.1110E-02 9.1109E-02 8.3968E-07  2.1764E-04 4.0217E-01 1.0009E-07   214
 1.0000E-03 3.6181E-01 9.3114E-02 9.3113E-02 8.7852E-07  2.1634E-04 4.0217E-01 1.0472E-07   214
 1.0000E-03 3.6332E-01 9.5268E-02 9.5266E-02 9.2097E-07  2.1520E-04 4.0217E-01 1.0978E-07   214
 1.0000E-03 3.6482E-01 9.7560E-02 9.7560E-02 9.6692E-07  2.1428E-04 4.0217E-01 1.1526E-07   214
 1.0000E-03 3.6633E-01 1.0001E-01 1.0000E-01 1.0167E-06  2.1386E-04 4.0217E-01 1.2120E-07   214
 1.0000E-03 3.6784E-01 1.0262E-01 1.0262E-01 1.0709E-06  2.1227E-04 4.0217E-01 1.2765E-07   214
 1.0000E-03 3.6935E-01 1.0542E-01 1.0542E-01 1.1297E-06  2.1168E-04 4.0217E-01 1.3467E-07   214
 1.0000E-03 3.7085E-01 1.0842E-01 1.0842E-01 1.1939E-06  2.1097E-04 4.0217E-01 1.4232E-07   214
 1.0000E-03 3.7236E-01 1.1165E-01 1.1165E-01 1.2640E-06  2.1000E-04 4.0217E-01 1.5067E-07   214
 1.0000E-03 3.7387E-01 1.1511E-01 1.1511E-01 1.3400E-06  2.0856E-04 4.0217E-01 1.5973E-07   214
 1.0000E-03 3.7538E-01 1.1880E-01 1.1880E-01 1.4226E-06  2.0759E-04 4.0217E-01 1.6958E-07   214
 1.0000E-03 3.7688E-01 1.2277E-01 1.2277E-01 1.5129E-06  2.3515E-04 4.0254E-01 1.8031E-07   184
 1.0000E-03 3.7839E-01 1.2703E-01 1.2703E-01 1.6113E-06  2.3458E-04 4.0254E-01 1.9203E-07   184
 1.0000E-03 3.7990E-01 1.3163E-01 1.3163E-01 1.7189E-06  2.3320E-04 4.0254E-01 2.0486E-07   184
 1.0000E-03 3.8141E-01 1.3659E-01 1.3659E-01 1.8369E-06  2.3270E-04 4.0254E-01 2.1892E-07   184
 1.0000E-03 3.8291E-01 1.4192E-01 1.4192E-01 1.9658E-06  2.3102E-04 4.0254E-01 2.3428E-07   184
 1.0000E-03 3.8442E-01 1.4767E-01 1.4767E-01 2.1070E-06  2.3018E-04 4.0254E-01 2.5111E-07   184
 1.0000E-03 3.8593E-01 1.5387E-01 1.5387E-01 2.2620E-06  2.2917E-04 4.0254E-01 2.6959E-07   184
 1.0000E-03 3.8744E-01 1.6058E-01 1.6058E-01 2.4325E-06  2.2812E-04 4.0253E-01 2.8990E-07   184
 1.0000E-03 3.8894E-01 1.6785E-01 1.6785E-01 2.6204E-06  2.2671E-04 4.0254E-01 3.1231E-07   184
 1.0000E-03 3.9045E-01 1.7573E-01 1.7572E-01 2.8278E-06  2.2508E-04 4.0254E-01 3.3703E-07   184
 1.0000E-03 3.9196E-01 1.8424E-01 1.8424E-01 3.0562E-06  2.2412E-04 4.0254E-01 3.6424E-07   184
 1.0000E-03 3.9347E-01 1.9345E-01 1.9345E-01 3.3079E-06  2.2289E-04 4.0253E-01 3.9425E-07   184
 1.0000E-03 3.9497E-01 2.0340E-01 2.0339E-01 3.5855E-06  2.2146E-04 4.0253E-01 4.2733E-07   184
 1.0000E-03 3.9648E-01 2.1413E-01 2.1413E-01 3.8913E-06  2.1997E-04 4.0253E-01 4.6378E-07   184
 1.0000E-03 3.9799E-01 2.2570E-01 2.2569E-01 4.2278E-06  2.1850E-04 4.0254E-01 5.0388E-07   184
 1.0000E-03 3.9950E-01 2.3809E-01 2.3809E-01 4.5971E-06  2.1630E-04 4.0253E-01 5.4789E-07   184
 1.0000E-03 4.0101E-01 2.5126E-01 2.5126E-01 4.9988E-06  2.1438E-04 4.0253E-01 5.9577E-07   184
 1.0000E-03 4.0251E-01 2.6516E-01 2.6515E-01 5.4346E-06  2.1251E-04 4.0253E-01 6.4773E-07   184
 1.0000E-03 4.0402E-01 2.7967E-01 2.7966E-01 5.9034E-06  2.1087E-04 4.0253E-01 7.0359E-07   184
 1.0000E-03 4.0553E-01 2.9459E-01 2.9459E-01 6.4021E-06  2.0930E-04 4.0253E-01 7.6303E-07   184
 1.0000E-03 4.0704E-01 3.0966E-01 3.0965E-01 6.9249E-06  2.0708E-04 4.0253E-01 8.2536E-07   184
 1.0000E-03 4.0854E-01 3.2448E-01 3.2447E-01 7.4630E-06  2.0507E-04 4.0253E-01 8.8951E-07   184
 1.0000E-03 4.1005E-01 3.3857E-01 3.3856E-01 8.0044E-06  2.0433E-04 4.0254E-01 9.5403E-07   184
 1.0000E-03 4.1156E-01 3.5140E-01 3.5139E-01 8.5350E-06  2.0286E-04 4.0254E-01 1.0173E-06   184
 1.0000E-03 4.1307E-01 3.6236E-01 3.6236E-01 9.0365E-06  2.0074E-04 4.0253E-01 1.0771E-06   184
 1.0000E-03 4.1457E-01 3.7084E-01 3.7083E-01 9.4888E-06  2.0012E-04 4.0253E-01 1.1309E-06   184
 1.0000E-03 4.1608E-01 3.7626E-01 3.7625E-01 9.8714E-06  1.9878E-04 4.0254E-01 1.1766E-06   184
 1.0000E-03 4.1759E-01 3.7818E-01 3.7817E-01 1.0166E-05  1.9754E-04 4.0253E-01 1.2117E-06   184
 1.0000E-03 4.1910E-01 3.7641E-01 3.7640E-01 1.0362E-05  1.9643E-04 4.0253E-01 1.2350E-06   184
 1.0000E-03 4.2060E-01 3.7092E-01 3.7092E-01 1.0450E-05  1.9549E-04 4.0253E-01 1.2455E-06   184
 1.0000E-03 4.2211E-01 3.6192E-01 3.6191E-01 1.0429E-05  1.9499E-04 4.0253E-01 1.2431E-06   184
 1.0000E-03 4.2362E-01 3.4980E-01 3.4979E-01 1.0304E-05  1.9383E-04 4.0254E-01 1.2281E-06   184
 1.0000E-03 4.2513E-01 3.3511E-01 3.3510E-01 1.0085E-05  1.9337E-04 4.0253E-01 1.2020E-06   184
 1.0000E-03 4.2663E-01 3.1848E-01 3.1847E-01 9.7852E-06  1.9256E-04 4.0254E-01 1.1663E-06   184
 1.0000E-03 4.2814E-01 3.0056E-01 3.0055E-01 9.4223E-06  1.9202E-04 4.0253E-01 1.1230E-06   184
 1.0000E-03 4.2965E-01 2.8200E-01 2.8199E-01 9.0149E-06  1.9198E-04 4.0254E-01 1.0745E-06   184
 1.0000E-03 4.3116E-01 2.6335E-01 2.6334E-01 8.5796E-06  1.9067E-04 4.0254E-01 1.0226E-06   184
 1.0000E-03 4.3266E-01 2.4504E-01 2.4503E-01 8.1309E-06  1.9048E-04 4.0253E-01 9.6913E-07   184
 1.0000E-03 4.3417E-01 2.2739E-01 2.2738E-01 7.6802E-06  1.8981E-04 4.0254E-01 9.1543E-07   184
 1.0000E-03 4.3568E-01 2.1060E-01 2.1059E-01 7.2366E-06  1.8949E-04 4.0253E-01 8.6255E-07   184
 1.0000E-03 4.3719E-01 1.9483E-01 1.9482E-01 6.8066E-06  1.8870E-04 4.0254E-01 8.1129E-07   184
 1.0000E-03 4.3869E-01 1.8014E-01 1.8014E-01 6.3955E-06  1.8842E-04 4.0254E-01 7.6230E-07   184
 1.0000E-03 4.4020E-01 1.6654E-01 1.6653E-01 6.0058E-06  1.8748E-04 4.0253E-01 7.1585E-07   184
 1.0000E-03 4.4171E-01 1.5400E-01 1.5400E-01 5.6384E-06  1.8732E-04 4.0253E-01 6.7207E-07   184
 1.0000E-03 4.4322E-01 1.4249E-01 1.4249E-01 5.2937E-06  1.8661E-04 4.0253E-01 6.3097E-07   184
 1.0000E-03 4.4472E-01 1.3196E-01 1.3195E-01 4.9712E-06  1.8584E-04 4.0253E-01 5.9254E-07   184
 1.0000E-03 4.4623E-01 1.2236E-01 1.2235E-01 4.6712E-06  1.8574E-04 4.0253E-01 5.5677E-07   184
 1.0000E-03 4.4774E-01 1.1361E-01 1.1361E-01 4.3928E-06  1.8490E-04 4.0253E-01 5.2359E-07   184
 1.0000E-03 4.4925E-01 1.0566E-01 1.0565E-01 4.1348E-06  1.8483E-04 4.0254E-01 4.9284E-07   184
 1.0000E-03 4.5075E-01 9.8414E-02 9.8410E-02 3.8958E-06  1.8412E-04 4.0253E-01 4.6436E-07   184
 1.0000E-03 4.5226E-01 9.1828E-02 9.1824E-02 3.6747E-06  1.8435E-04 4.0253E-01 4.3800E-07   184
 1.0000E-03 4.5377E-01 8.5833E-02 8.5830E-02 3.4700E-06  1.8351E-04 4.0253E-01 4.1361E-07   184
 1.0000E-03 4.5528E-01 8.0374E-02 8.0371E-02 3.2807E-06  1.8262E-04 4.0253E-01 3.9104E-07   184
 1.0000E-03 4.5678E-01 7.5390E-02 7.5387E-02 3.1055E-06  1.8205E-04 4.0253E-01 3.7015E-07   184
 1.0000E-03 4.5829E-01 7.0838E-02 7.0834E-02 2.9430E-06  1.8241E-04 4.0253E-01 3.5078E-07   184
 1.0000E-03 4.5980E-01 6.6678E-02 6.6675E-02 2.7923E-06  1.8124E-04 4.0254E-01 3.3282E-07   184
 1.0000E-03 4.6131E-01 6.2875E-02 6.2873E-02 2.6524E-06  1.8172E-04 4.0254E-01 3.1615E-07   184
 1.0000E-03 4.6281E-01 5.9397E-02 5.9394E-02 2.5224E-06  1.8087E-04 4.0253E-01 3.0066E-07   184
 1.0000E-03 4.6432E-01 5.6208E-02 5.6206E-02 2.4017E-06  1.8028E-04 4.0253E-01 2.8627E-07   184
 1.0000E-03 4.6583E-01 5.3275E-02 5.3273E-02 2.2894E-06  1.7990E-04 4.0254E-01 2.7288E-07   184
 1.0000E-03 4.6734E-01 5.0573E-02 5.0571E-02 2.1847E-06  1.7912E-04 4.0253E-01 2.6041E-07   184
 1.0000E-03 4.6884E-01 4.8080E-02 4.8077E-02 2.0871E-06  1.7911E-04 4.0254E-01 2.4876E-07   184
 1.0000E-03 4.7035E-01 4.5773E-02 4.5771E-02 1.9958E-06  1.7837E-04 4.0253E-01 2.3789E-07   184
 1.0000E-03 4.7186E-01 4.3639E-02 4.3637E-02 1.9104E-06  1.7849E-04 4.0254E-01 2.2771E-07   184
 1.0000E-03 4.7337E-01 4.1660E-02 4.1658E-02 1.8304E-06  1.7757E-04 4.0253E-01 2.1817E-07   184
 1.0000E-03 4.7487E-01 3.9822E-02 3.9821E-02 1.7552E-06  1.7829E-04 4.0253E-01 2.0921E-07   184
 1.0000E-03 4.7638E-01 3.8116E-02 3.8115E-02 1.6846E-06  1.7697E-04 4.0254E-01 2.0080E-07   184
 1.0000E-03 4.7789E-01 3.6533E-02 3.6531E-02 1.6182E-06  1.7715E-04 4.0254E-01 1.9288E-07   184
 1.0000E-03 4.7940E-01 3.5063E-02 3.5061E-02 1.5557E-06  1.7633E-04 4.0253E-01 1.8544E-07   184
 1.0000E-03 4.8090E-01 3.3697E-02 3.3696E-02 1.4969E-06  1.7600E-04 4.0254E-01 1.7843E-07   184
 1.0000E-03 4.8241E-01 3.2427E-02 3.2426E-02 1.4416E-06  1.7483E-04 4.0253E-01 1.7183E-07   184
 1.0000E-03 4.8392E-01 3.1243E-02 3.1242E-02 1.3894E-06  1.7530E-04 4.0254E-01 1.6561E-07   184
 1.0000E-03 4.8543E-01 3.0136E-02 3.0135E-02 1.3402E-06  1.7431E-04 4.0253E-01 1.5974E-07   184
 1.0000E-03 4.8693E-01 2.9099E-02 2.9098E-02 1.2937E-06  1.7314E-04 4.0253E-01 1.5421E-07   184
 1.0000E-03 4.8844E-01 2.8124E-02 2.8123E-02 1.2499E-06  1.7340E-04 4.0253E-01 1.4899E-07   184
 1.0000E-03 4.8995E-01 2.7204E-02 2.7202E-02 1.2085E-06  1.7376E-04 4.0253E-01 1.4405E-07   184
 1.0000E-03 4.9146E-01 2.6331E-02 2.6329E-02 1.1693E-06  1.7273E-04 4.0254E-01 1.3938E-07   184
 1.0000E-03 4.9296E-01 2.5498E-02 2.5497E-02 1.1321E-06  1.7233E-04 4.0253E-01 1.3495E-07   184
 1.0000E-03 4.9447E-01 2.4700E-02 2.4699E-02 1.0969E-06  1.7186E-04 4.0254E-01 1.3074E-07   184
 1.0000E-03 4.9598E-01 2.3932E-02 2.3931E-02 1.0633E-06  1.7179E-04 4.0253E-01 1.2674E-07   184
 1.0000E-03 4.9749E-01 2.3192E-02 2.3191E-02 1.0313E-06  1.7161E-04 4.0254E-01 1.2292E-07   184
 1.0000E-03 4.9900E-01 2.2479E-02 2.2478E-02 1.0007E-06  1.7118E-04 4.0253E-01 1.1927E-07   184
 1.0000E-03 5.0050E-01 2.1790E-02 2.1789E-02 9.7136E-07  1.7111E-04 4.0253E-01 1.1578E-07   184
 1.0000E-03 5.0201E-01 2.1125E-02 2.1124E-02 9.4328E-07  1.7062E-04 4.0253E-01 1.1244E-07   184
 1.0000E-03 5.0352E-01 2.0485E-02 2.0484E-02 9.1634E-07  1.6988E-04 4.0253E-01 1.0923E-07   184
 1.0000E-03 5.0503E-01 1.9868E-02 1.9867E-02 8.9047E-07  1.6952E-04 4.0253E-01 1.0614E-07   184
 1.0000E-03 5.0653E-01 1.9275E-02 1.9273E-02 8.6561E-07  1.6933E-04 4.0253E-01 1.0318E-07   184
 1.0000E-03 5.0804E-01 1.8704E-02 1.8703E-02 8.4170E-07  1.6899E-04 4.0253E-01 1.0033E-07   184
 1.0000E-03 5.0955E-01 1.8156E-02 1.8155E-02 8.1869E-07  1.6864E-04 4.0254E-01 9.7586E-08   184
 1.0000E-03 5.1106E-01 1.7629E-02 1.7628E-02 7.9655E-07  1.6829E-04 4.0253E-01 9.4946E-08   184
 1.0000E-03 5.1256E-01 1.7124E-02 1.7123E-02 7.7521E-07  1.6789E-04 4.0253E-01 9.2402E-08   184
 1.0000E-03 5.1407E-01 1.6639E-02 1.6639E-02 7.5464E-07  1.6765E-04 4.0253E-01 8.9952E-08   184
 1.0000E-03 5.1558E-01 1.6176E-02 1.6175E-02 7.3481E-07  1.6654E-04 4.0253E-01 8.7588E-08   184
 1.0000E-03 5.1709E-01 1.5733E-02 1.5732E-02 7.1569E-07  1.6694E-04 4.0253E-01 8.5309E-08   184
 1.0000E-03 5.1859E-01 1.5310E-02 1.5309E-02 6.9725E-07  1.6622E-04 4.0253E-01 8.3110E-08   184
 1.0000E-03 5.2010E-01 1.4907E-02 1.4906E-02 6.7945E-07  1.6641E-04 4.0253E-01 8.0988E-08   184
 1.0000E-03 5.2161E-01 1.4523E-02 1.4522E-02 6.6229E-07  1.6621E-04 4.0254E-01 7.8945E-08   184
 1.0000E-03 5.2312E-01 1.4157E-02 1.4157E-02 6.4574E-07  1.6558E-04 4.0253E-01 7.6970E-08   184
 1.0000E-03 5.2462E-01 1.3809E-02 1.3809E-02 6.2977E-07  1.6473E-04 4.0253E-01 7.5068E-08   184
 1.0000E-03 5.2613E-01 1.3478E-02 1.3477E-02 6.1437E-07  1.6490E-04 4.0253E-01 7.3232E-08   184
 1.0000E-03 5.2764E-01 1.3162E-02 1.3161E-02 5.9951E-07  1.6443E-04 4.0253E-01 7.1461E-08   184
 1.0000E-03 5.2915E-01 1.2860E-02 1.2860E-02 5.8517E-07  1.6424E-04 4.0253E-01 6.9751E-08   184
 1.0000E-03 5.3065E-01 1.2572E-02 1.2571E-02 5.7132E-07  1.6362E-04 4.0253E-01 6.8101E-08   184
 1.0000E-03 5.3216E-01 1.2296E-02 1.2295E-02 5.5795E-07  1.6322E-04 4.0253E-01 6.6506E-08   184
 1.0000E-03 5.3367E-01 1.2032E-02 1.2032E-02 5.4502E-07  1.6300E-04 4.0253E-01 6.4965E-08   184
 1.0000E-03 5.3518E-01 1.1780E-02 1.1779E-02 5.3252E-07  1.6302E-04 4.0253E-01 6.3476E-08   184
 1.0000E-03 5.3668E-01 1.1539E-02 1.1538E-02 5.2044E-07  1.6323E-04 4.0254E-01 6.2036E-08   184
 1.0000E-03 5.3819E-01 1.1308E-02 1.1308E-02 5.0875E-07  1.6233E-04 4.0254E-01 6.0642E-08   184
 1.0000E-03 5.3970E-01 1.1089E-02 1.1088E-02 4.9744E-07  1.6135E-04 4.0253E-01 5.9295E-08   184
 1.0000E-03 5.4121E-01 1.0879E-02 1.0878E-02 4.8650E-07  1.6161E-04 4.0253E-01 5.7990E-08   184
 1.0000E-03 5.4271E-01 1.0679E-02 1.0678E-02 4.7590E-07  1.6157E-04 4.0253E-01 5.6727E-08   184
 1.0000E-03 5.4422E-01 1.0488E-02 1.0488E-02 4.6564E-07  1.6121E-04 4.0253E-01 5.5504E-08   184
 1.0000E-03 5.4573E-01 1.0307E-02 1.0307E-02 4.5572E-07  1.6096E-04 4.0253E-01 5.4321E-08   184
 1.0000E-03 5.4724E-01 1.0135E-02 1.0135E-02 4.4611E-07  1.6029E-04 4.0253E-01 5.3175E-08   184
 1.0000E-03 5.4874E-01 9.9715E-03 9.9711E-03 4.3681E-07  1.6085E-04 4.0253E-01 5.2067E-08   184
 1.0000E-03 5.5025E-01 9.8157E-03 9.8152E-03 4.2781E-07  1.5994E-04 4.0253E-01 5.0995E-08   184
 1.0000E-03 5.5176E-01 9.6671E-03 9.6667E-03 4.1910E-07  1.5952E-04 4.0254E-01 4.9957E-08   184
 1.0000E-03 5.5327E-01 9.5250E-03 9.5246E-03 4.1068E-07  1.5955E-04 4.0253E-01 4.8953E-08   184
 1.0000E-03 5.5477E-01 9.3883E-03 9.3879E-03 4.0253E-07  1.5940E-04 4.0253E-01 4.7981E-08   184
 1.0000E-03 5.5628E-01 9.2562E-03 9.2557E-03 3.9465E-07  1.5922E-04 4.0254E-01 4.7041E-08   184
 1.0000E-03 5.5779E-01 9.1276E-03 9.1272E-03 3.8702E-07  1.5900E-04 4.0253E-01 4.6132E-08   184
 1.0000E-03 5.5930E-01 9.0014E-03 9.0011E-03 3.7962E-07  1.5865E-04 4.0253E-01 4.5251E-08   184
 1.0000E-03 5.6080E-01 8.8772E-03 8.8768E-03 3.7246E-07  1.5811E-04 4.0253E-01 4.4397E-08   184
 1.0000E-03 5.6231E-01 8.7539E-03 8.7536E-03 3.6551E-07  1.5797E-04 4.0253E-01 4.3568E-08   184
 1.0000E-03 5.6382E-01 8.6311E-03 8.6308E-03 3.5876E-07  1.5794E-04 4.0253E-01 4.2765E-08   184
 1.0000E-03 5.6533E-01 8.5085E-03 8.5081E-03 3.5220E-07  1.5739E-04 4.0253E-01 4.1983E-08   184
 1.0000E-03 5.6683E-01 8.3857E-03 8.3853E-03 3.4582E-07  1.5763E-04 4.0253E-01 4.1222E-08   184
 1.0000E-03 5.6834E-01 8.2630E-03 8.2627E-03 3.3960E-07  1.5736E-04 4.0253E-01 4.0481E-08   184
 1.0000E-03 5.6985E-01 8.1405E-03 8.1401E-03 3.3354E-07  1.5646E-04 4.0253E-01 3.9758E-08   184
 1.0000E-03 5.7136E-01 8.0184E-03 8.0181E-03 3.2762E-07  1.5683E-04 4.0253E-01 3.9053E-08   184
 1.0000E-03 5.7286E-01 7.8973E-03 7.8969E-03 3.2185E-07  1.5730E-04 4.0253E-01 3.8364E-08   184
 1.0000E-03 5.7437E-01 7.7774E-03 7.7771E-03 3.1621E-07  1.5585E-04 4.0253E-01 3.7692E-08   184
 1.0000E-03 5.7588E-01 7.6593E-03 7.6590E-03 3.1069E-07  1.5594E-04 4.0253E-01 3.7035E-08   184
 1.0000E-03 5.7739E-01 7.5432E-03 7.5429E-03 3.0531E-07  1.5563E-04 4.0253E-01 3.6393E-08   184
 1.0000E-03 5.7889E-01 7.4294E-03 7.4291E-03 3.0005E-07  1.5556E-04 4.0253E-01 3.5766E-08   184
 1.0000E-03 5.8040E-01 7.3181E-03 7.3178E-03 2.9491E-07  1.5540E-04 4.0253E-01 3.5153E-08   184
 1.0000E-03 5.8191E-01 7.2093E-03 7.2090E-03 2.8988E-07  1.5543E-04 4.0253E-01 3.4554E-08   184
 1.0000E-03 5.8342E-01 7.1029E-03 7.1026E-03 2.8498E-07  1.5538E-04 4.0253E-01 3.3970E-08   184
 1.0000E-03 5.8492E-01 6.9989E-03 6.9986E-03 2.8018E-07  1.5475E-04 4.0253E-01 3.3398E-08   184
 1.0000E-03 5.8643E-01 6.8971E-03 6.8969E-03 2.7550E-07  1.5430E-04 4.0253E-01 3.2840E-08   184
 1.0000E-03 5.8794E-01 6.7975E-03 6.7973E-03 2.7093E-07  1.5386E-04 4.0254E-01 3.2295E-08   184
 1.0000E-03 5.8945E-01 6.6999E-03 6.6995E-03 2.6645E-07  1.5398E-04 4.0253E-01 3.1761E-08   184
 1.0000E-03 5.9095E-01 6.6041E-03 6.6039E-03 2.6208E-07  1.5335E-04 4.0253E-01 3.1241E-08   184
 1.0000E-03 5.9246E-01 6.5102E-03 6.5099E-03 2.5781E-07  1.5343E-04 4.0253E-01 3.0731E-08   184
 1.0000E-03 5.9397E-01 6.4181E-03 6.4178E-03 2.5363E-07  1.5311E-04 4.0253E-01 3.0233E-08   184
 1.0000E-03 5.9548E-01 6.3278E-03 6.3276E-03 2.4953E-07  1.5312E-04 4.0253E-01 2.9745E-08   184
 1.0000E-03 5.9698E-01 6.2396E-03 6.2393E-03 2.4553E-07  1.5295E-04 4.0253E-01 2.9268E-08   184
 1.0000E-03 5.9849E-01 6.1534E-03 6.1531E-03 2.4161E-07  1.5308E-04 4.0253E-01 2.8801E-08   184
 1.0000E-03 6.0000E-01 6.0695E-03 6.0692E-03 2.3778E-07  1.5321E-04 4.0253E-01 2.8344E-08   184
