 DDSCAT --- DDSCAT 7.3.3 [22.01.20]   
 TARGET --->TARFROMFILE  Nanorod target: 97.3nm x 17.6nm x 17.6nm, d=1nm      
 PBCGS2 --- method of solution 
 LATTDR --- prescription for polarizabilities
 FROM_FILE --- shape 
   35739 = NAT0 = number of dipoles
 ../diel/Ag_evap                                             
  wave(um)   f(cm-1)     Re(m)     Im(m)     Re(eps)   Im(eps)
 5.0000E-01 2.0000E+04 3.725E-02 2.346E+00 -5.502E+00 1.748E-01
 5.0151E-01 1.9940E+04 3.718E-02 2.356E+00 -5.550E+00 1.752E-01
 5.0302E-01 1.9880E+04 3.712E-02 2.366E+00 -5.599E+00 1.757E-01
 5.0452E-01 1.9821E+04 3.708E-02 2.377E+00 -5.648E+00 1.763E-01
 5.0603E-01 1.9762E+04 3.705E-02 2.387E+00 -5.697E+00 1.769E-01
 5.0754E-01 1.9703E+04 3.704E-02 2.397E+00 -5.746E+00 1.776E-01
 5.0905E-01 1.9645E+04 3.704E-02 2.408E+00 -5.796E+00 1.784E-01
 5.1055E-01 1.9587E+04 3.705E-02 2.418E+00 -5.847E+00 1.792E-01
 5.1206E-01 1.9529E+04 3.708E-02 2.429E+00 -5.898E+00 1.801E-01
 5.1357E-01 1.9472E+04 3.712E-02 2.439E+00 -5.949E+00 1.811E-01
 5.1508E-01 1.9415E+04 3.717E-02 2.450E+00 -6.000E+00 1.821E-01
 5.1658E-01 1.9358E+04 3.724E-02 2.460E+00 -6.052E+00 1.832E-01
 5.1809E-01 1.9302E+04 3.732E-02 2.471E+00 -6.104E+00 1.844E-01
 5.1960E-01 1.9246E+04 3.742E-02 2.481E+00 -6.156E+00 1.857E-01
 5.2111E-01 1.9190E+04 3.759E-02 2.492E+00 -6.210E+00 1.874E-01
 5.2261E-01 1.9135E+04 3.816E-02 2.504E+00 -6.267E+00 1.911E-01
 5.2412E-01 1.9080E+04 3.871E-02 2.515E+00 -6.324E+00 1.947E-01
 5.2563E-01 1.9025E+04 3.925E-02 2.527E+00 -6.382E+00 1.983E-01
 5.2714E-01 1.8970E+04 3.976E-02 2.538E+00 -6.439E+00 2.018E-01
 5.2864E-01 1.8916E+04 4.026E-02 2.549E+00 -6.497E+00 2.053E-01
 5.3015E-01 1.8863E+04 4.073E-02 2.560E+00 -6.554E+00 2.086E-01
 5.3166E-01 1.8809E+04 4.119E-02 2.572E+00 -6.611E+00 2.119E-01
 5.3317E-01 1.8756E+04 4.163E-02 2.583E+00 -6.668E+00 2.150E-01
 5.3467E-01 1.8703E+04 4.205E-02 2.594E+00 -6.726E+00 2.181E-01
 5.3618E-01 1.8650E+04 4.245E-02 2.605E+00 -6.783E+00 2.211E-01
 5.3769E-01 1.8598E+04 4.283E-02 2.616E+00 -6.840E+00 2.241E-01
 5.3920E-01 1.8546E+04 4.319E-02 2.627E+00 -6.897E+00 2.269E-01
 5.4070E-01 1.8494E+04 4.353E-02 2.637E+00 -6.954E+00 2.296E-01
 5.4221E-01 1.8443E+04 4.386E-02 2.648E+00 -7.011E+00 2.323E-01
 5.4372E-01 1.8392E+04 4.416E-02 2.659E+00 -7.068E+00 2.348E-01
 5.4523E-01 1.8341E+04 4.444E-02 2.670E+00 -7.124E+00 2.373E-01
 5.4673E-01 1.8290E+04 4.471E-02 2.680E+00 -7.181E+00 2.397E-01
 5.4824E-01 1.8240E+04 4.496E-02 2.691E+00 -7.238E+00 2.419E-01
 5.4975E-01 1.8190E+04 4.470E-02 2.700E+00 -7.290E+00 2.414E-01
 5.5126E-01 1.8140E+04 4.429E-02 2.710E+00 -7.340E+00 2.400E-01
 5.5276E-01 1.8091E+04 4.389E-02 2.719E+00 -7.391E+00 2.387E-01
 5.5427E-01 1.8042E+04 4.350E-02 2.728E+00 -7.441E+00 2.374E-01
 5.5578E-01 1.7993E+04 4.312E-02 2.737E+00 -7.492E+00 2.361E-01
 5.5729E-01 1.7944E+04 4.274E-02 2.747E+00 -7.543E+00 2.348E-01
 5.5879E-01 1.7896E+04 4.237E-02 2.756E+00 -7.594E+00 2.335E-01
 5.6030E-01 1.7848E+04 4.200E-02 2.765E+00 -7.644E+00 2.323E-01
 5.6181E-01 1.7800E+04 4.164E-02 2.774E+00 -7.695E+00 2.311E-01
 5.6332E-01 1.7752E+04 4.129E-02 2.783E+00 -7.746E+00 2.299E-01
 5.6482E-01 1.7705E+04 4.095E-02 2.793E+00 -7.797E+00 2.287E-01
 5.6633E-01 1.7657E+04 4.061E-02 2.802E+00 -7.848E+00 2.276E-01
 5.6784E-01 1.7611E+04 4.028E-02 2.811E+00 -7.899E+00 2.265E-01
 5.6935E-01 1.7564E+04 3.996E-02 2.820E+00 -7.950E+00 2.254E-01
 5.7085E-01 1.7518E+04 3.965E-02 2.829E+00 -8.001E+00 2.243E-01
 5.7236E-01 1.7471E+04 3.934E-02 2.838E+00 -8.053E+00 2.233E-01
 5.7387E-01 1.7426E+04 3.904E-02 2.847E+00 -8.104E+00 2.223E-01
 5.7538E-01 1.7380E+04 3.874E-02 2.856E+00 -8.155E+00 2.213E-01
 5.7688E-01 1.7334E+04 3.845E-02 2.865E+00 -8.206E+00 2.203E-01
 5.7839E-01 1.7289E+04 3.817E-02 2.874E+00 -8.258E+00 2.194E-01
 5.7990E-01 1.7244E+04 3.790E-02 2.883E+00 -8.309E+00 2.185E-01
 5.8141E-01 1.7200E+04 3.763E-02 2.892E+00 -8.360E+00 2.176E-01
 5.8291E-01 1.7155E+04 3.772E-02 2.901E+00 -8.414E+00 2.189E-01
 5.8442E-01 1.7111E+04 3.811E-02 2.911E+00 -8.470E+00 2.219E-01
 5.8593E-01 1.7067E+04 3.850E-02 2.920E+00 -8.525E+00 2.248E-01
 5.8744E-01 1.7023E+04 3.887E-02 2.930E+00 -8.581E+00 2.278E-01
 5.8894E-01 1.6980E+04 3.924E-02 2.939E+00 -8.637E+00 2.307E-01
 5.9045E-01 1.6936E+04 3.961E-02 2.949E+00 -8.694E+00 2.336E-01
 5.9196E-01 1.6893E+04 3.997E-02 2.958E+00 -8.750E+00 2.365E-01
 5.9347E-01 1.6850E+04 4.032E-02 2.968E+00 -8.806E+00 2.393E-01
 5.9497E-01 1.6807E+04 4.067E-02 2.977E+00 -8.863E+00 2.422E-01
 5.9648E-01 1.6765E+04 4.101E-02 2.987E+00 -8.919E+00 2.450E-01
 5.9799E-01 1.6723E+04 4.134E-02 2.996E+00 -8.976E+00 2.478E-01
 5.9950E-01 1.6681E+04 4.167E-02 3.006E+00 -9.033E+00 2.505E-01
 6.0101E-01 1.6639E+04 4.200E-02 3.015E+00 -9.089E+00 2.533E-01
 6.0251E-01 1.6597E+04 4.231E-02 3.025E+00 -9.146E+00 2.560E-01
 6.0402E-01 1.6556E+04 4.262E-02 3.034E+00 -9.203E+00 2.586E-01
 6.0553E-01 1.6515E+04 4.293E-02 3.043E+00 -9.261E+00 2.613E-01
 6.0704E-01 1.6474E+04 4.323E-02 3.053E+00 -9.318E+00 2.639E-01
 6.0854E-01 1.6433E+04 4.352E-02 3.062E+00 -9.375E+00 2.665E-01
 6.1005E-01 1.6392E+04 4.380E-02 3.072E+00 -9.432E+00 2.691E-01
 6.1156E-01 1.6352E+04 4.408E-02 3.081E+00 -9.490E+00 2.716E-01
 6.1307E-01 1.6311E+04 4.436E-02 3.090E+00 -9.547E+00 2.742E-01
 6.1457E-01 1.6271E+04 4.463E-02 3.100E+00 -9.605E+00 2.766E-01
 6.1608E-01 1.6232E+04 4.489E-02 3.109E+00 -9.663E+00 2.791E-01
 6.1759E-01 1.6192E+04 4.492E-02 3.118E+00 -9.719E+00 2.801E-01
 6.1910E-01 1.6153E+04 4.475E-02 3.127E+00 -9.774E+00 2.798E-01
 6.2060E-01 1.6113E+04 4.457E-02 3.135E+00 -9.829E+00 2.795E-01
 6.2211E-01 1.6074E+04 4.438E-02 3.144E+00 -9.884E+00 2.791E-01
 6.2362E-01 1.6035E+04 4.419E-02 3.153E+00 -9.939E+00 2.786E-01
 6.2513E-01 1.5997E+04 4.399E-02 3.162E+00 -9.994E+00 2.781E-01
 6.2663E-01 1.5958E+04 4.378E-02 3.170E+00 -1.005E+01 2.776E-01
 6.2814E-01 1.5920E+04 4.356E-02 3.179E+00 -1.011E+01 2.770E-01
 6.2965E-01 1.5882E+04 4.334E-02 3.188E+00 -1.016E+01 2.763E-01
 6.3116E-01 1.5844E+04 4.311E-02 3.197E+00 -1.022E+01 2.756E-01
 6.3266E-01 1.5806E+04 4.288E-02 3.205E+00 -1.027E+01 2.749E-01
 6.3417E-01 1.5769E+04 4.263E-02 3.214E+00 -1.033E+01 2.741E-01
 6.3568E-01 1.5731E+04 4.238E-02 3.223E+00 -1.039E+01 2.732E-01
 6.3719E-01 1.5694E+04 4.213E-02 3.232E+00 -1.044E+01 2.723E-01
 6.3869E-01 1.5657E+04 4.186E-02 3.240E+00 -1.050E+01 2.713E-01
 6.4020E-01 1.5620E+04 4.159E-02 3.249E+00 -1.055E+01 2.703E-01
 6.4171E-01 1.5583E+04 4.131E-02 3.258E+00 -1.061E+01 2.692E-01
 6.4322E-01 1.5547E+04 4.103E-02 3.267E+00 -1.067E+01 2.681E-01
 6.4472E-01 1.5511E+04 4.074E-02 3.275E+00 -1.073E+01 2.669E-01
 6.4623E-01 1.5474E+04 4.044E-02 3.284E+00 -1.078E+01 2.656E-01
 6.4774E-01 1.5438E+04 4.013E-02 3.293E+00 -1.084E+01 2.643E-01
 6.4925E-01 1.5402E+04 3.982E-02 3.302E+00 -1.090E+01 2.629E-01
 6.5075E-01 1.5367E+04 3.950E-02 3.310E+00 -1.096E+01 2.615E-01
 6.5226E-01 1.5331E+04 3.917E-02 3.319E+00 -1.101E+01 2.600E-01
 6.5377E-01 1.5296E+04 3.884E-02 3.328E+00 -1.107E+01 2.585E-01
 6.5528E-01 1.5261E+04 3.850E-02 3.336E+00 -1.113E+01 2.569E-01
 6.5678E-01 1.5226E+04 3.815E-02 3.345E+00 -1.119E+01 2.553E-01
 6.5829E-01 1.5191E+04 3.780E-02 3.354E+00 -1.125E+01 2.535E-01
 6.5980E-01 1.5156E+04 3.746E-02 3.363E+00 -1.131E+01 2.519E-01
 6.6131E-01 1.5122E+04 3.719E-02 3.372E+00 -1.137E+01 2.508E-01
 6.6281E-01 1.5087E+04 3.693E-02 3.381E+00 -1.143E+01 2.497E-01
 6.6432E-01 1.5053E+04 3.667E-02 3.390E+00 -1.149E+01 2.486E-01
 6.6583E-01 1.5019E+04 3.641E-02 3.399E+00 -1.155E+01 2.475E-01
 6.6734E-01 1.4985E+04 3.615E-02 3.408E+00 -1.161E+01 2.464E-01
 6.6884E-01 1.4951E+04 3.589E-02 3.417E+00 -1.167E+01 2.453E-01
 6.7035E-01 1.4918E+04 3.564E-02 3.426E+00 -1.174E+01 2.442E-01
 6.7186E-01 1.4884E+04 3.538E-02 3.435E+00 -1.180E+01 2.431E-01
 6.7337E-01 1.4851E+04 3.512E-02 3.444E+00 -1.186E+01 2.419E-01
 6.7487E-01 1.4818E+04 3.487E-02 3.453E+00 -1.192E+01 2.408E-01
 6.7638E-01 1.4785E+04 3.461E-02 3.462E+00 -1.199E+01 2.397E-01
 6.7789E-01 1.4752E+04 3.436E-02 3.471E+00 -1.205E+01 2.385E-01
 6.7940E-01 1.4719E+04 3.410E-02 3.480E+00 -1.211E+01 2.374E-01
 6.8090E-01 1.4686E+04 3.385E-02 3.489E+00 -1.218E+01 2.363E-01
 6.8241E-01 1.4654E+04 3.360E-02 3.499E+00 -1.224E+01 2.351E-01
 6.8392E-01 1.4622E+04 3.335E-02 3.508E+00 -1.230E+01 2.340E-01
 6.8543E-01 1.4589E+04 3.310E-02 3.517E+00 -1.237E+01 2.328E-01
 6.8693E-01 1.4557E+04 3.285E-02 3.526E+00 -1.243E+01 2.316E-01
 6.8844E-01 1.4526E+04 3.260E-02 3.535E+00 -1.249E+01 2.305E-01
 6.8995E-01 1.4494E+04 3.236E-02 3.544E+00 -1.256E+01 2.293E-01
 6.9146E-01 1.4462E+04 3.211E-02 3.553E+00 -1.262E+01 2.281E-01
 6.9296E-01 1.4431E+04 3.186E-02 3.562E+00 -1.269E+01 2.270E-01
 6.9447E-01 1.4399E+04 3.162E-02 3.571E+00 -1.275E+01 2.258E-01
 6.9598E-01 1.4368E+04 3.137E-02 3.580E+00 -1.281E+01 2.246E-01
 6.9749E-01 1.4337E+04 3.113E-02 3.589E+00 -1.288E+01 2.234E-01
 6.9899E-01 1.4306E+04 3.089E-02 3.598E+00 -1.294E+01 2.223E-01
 7.0050E-01 1.4275E+04 3.065E-02 3.607E+00 -1.301E+01 2.211E-01
 7.0201E-01 1.4245E+04 3.040E-02 3.616E+00 -1.307E+01 2.199E-01
 7.0352E-01 1.4214E+04 3.016E-02 3.625E+00 -1.314E+01 2.187E-01
 7.0503E-01 1.4184E+04 2.988E-02 3.634E+00 -1.321E+01 2.172E-01
 7.0653E-01 1.4154E+04 2.954E-02 3.643E+00 -1.327E+01 2.152E-01
 7.0804E-01 1.4123E+04 2.920E-02 3.652E+00 -1.333E+01 2.132E-01
 7.0955E-01 1.4093E+04 2.886E-02 3.661E+00 -1.340E+01 2.113E-01
 7.1106E-01 1.4064E+04 2.854E-02 3.670E+00 -1.346E+01 2.095E-01
 7.1256E-01 1.4034E+04 2.822E-02 3.678E+00 -1.353E+01 2.076E-01
 7.1407E-01 1.4004E+04 2.792E-02 3.687E+00 -1.360E+01 2.059E-01
 7.1558E-01 1.3975E+04 2.761E-02 3.696E+00 -1.366E+01 2.041E-01
 7.1709E-01 1.3945E+04 2.732E-02 3.705E+00 -1.373E+01 2.025E-01
 7.1859E-01 1.3916E+04 2.704E-02 3.714E+00 -1.379E+01 2.008E-01
 7.2010E-01 1.3887E+04 2.676E-02 3.723E+00 -1.386E+01 1.992E-01
 7.2161E-01 1.3858E+04 2.649E-02 3.732E+00 -1.392E+01 1.977E-01
 7.2312E-01 1.3829E+04 2.623E-02 3.740E+00 -1.399E+01 1.962E-01
 7.2462E-01 1.3800E+04 2.598E-02 3.749E+00 -1.406E+01 1.948E-01
 7.2613E-01 1.3772E+04 2.573E-02 3.758E+00 -1.412E+01 1.934E-01
 7.2764E-01 1.3743E+04 2.550E-02 3.767E+00 -1.419E+01 1.921E-01
 7.2915E-01 1.3715E+04 2.527E-02 3.776E+00 -1.425E+01 1.908E-01
 7.3065E-01 1.3686E+04 2.504E-02 3.784E+00 -1.432E+01 1.896E-01
 7.3216E-01 1.3658E+04 2.483E-02 3.793E+00 -1.439E+01 1.884E-01
 7.3367E-01 1.3630E+04 2.463E-02 3.802E+00 -1.445E+01 1.872E-01
 7.3518E-01 1.3602E+04 2.443E-02 3.811E+00 -1.452E+01 1.862E-01
 7.3668E-01 1.3574E+04 2.424E-02 3.819E+00 -1.459E+01 1.852E-01
 7.3819E-01 1.3547E+04 2.406E-02 3.828E+00 -1.465E+01 1.842E-01
 7.3970E-01 1.3519E+04 2.388E-02 3.837E+00 -1.472E+01 1.833E-01
 7.4121E-01 1.3492E+04 2.372E-02 3.846E+00 -1.479E+01 1.824E-01
 7.4271E-01 1.3464E+04 2.356E-02 3.854E+00 -1.486E+01 1.816E-01
 7.4422E-01 1.3437E+04 2.341E-02 3.863E+00 -1.492E+01 1.809E-01
 7.4573E-01 1.3410E+04 2.327E-02 3.872E+00 -1.499E+01 1.802E-01
 7.4724E-01 1.3383E+04 2.313E-02 3.881E+00 -1.506E+01 1.795E-01
 7.4874E-01 1.3356E+04 2.300E-02 3.889E+00 -1.513E+01 1.789E-01
 7.5025E-01 1.3329E+04 2.289E-02 3.898E+00 -1.519E+01 1.784E-01
 7.5176E-01 1.3302E+04 2.277E-02 3.907E+00 -1.526E+01 1.779E-01
 7.5327E-01 1.3276E+04 2.267E-02 3.915E+00 -1.533E+01 1.775E-01
 7.5477E-01 1.3249E+04 2.258E-02 3.924E+00 -1.540E+01 1.772E-01
 7.5628E-01 1.3223E+04 2.254E-02 3.933E+00 -1.546E+01 1.773E-01
 7.5779E-01 1.3196E+04 2.271E-02 3.941E+00 -1.553E+01 1.790E-01
 7.5930E-01 1.3170E+04 2.288E-02 3.949E+00 -1.560E+01 1.807E-01
 7.6080E-01 1.3144E+04 2.305E-02 3.957E+00 -1.566E+01 1.825E-01
 7.6231E-01 1.3118E+04 2.323E-02 3.966E+00 -1.573E+01 1.842E-01
 7.6382E-01 1.3092E+04 2.340E-02 3.974E+00 -1.579E+01 1.860E-01
 7.6533E-01 1.3066E+04 2.357E-02 3.983E+00 -1.586E+01 1.878E-01
 7.6683E-01 1.3041E+04 2.375E-02 3.991E+00 -1.593E+01 1.895E-01
 7.6834E-01 1.3015E+04 2.392E-02 3.999E+00 -1.599E+01 1.913E-01
 7.6985E-01 1.2990E+04 2.409E-02 4.008E+00 -1.606E+01 1.931E-01
 7.7136E-01 1.2964E+04 2.426E-02 4.016E+00 -1.613E+01 1.949E-01
 7.7286E-01 1.2939E+04 2.444E-02 4.024E+00 -1.620E+01 1.967E-01
 7.7437E-01 1.2914E+04 2.461E-02 4.033E+00 -1.626E+01 1.985E-01
 7.7588E-01 1.2889E+04 2.478E-02 4.041E+00 -1.633E+01 2.003E-01
 7.7739E-01 1.2864E+04 2.496E-02 4.050E+00 -1.640E+01 2.021E-01
 7.7889E-01 1.2839E+04 2.513E-02 4.058E+00 -1.647E+01 2.040E-01
 7.8040E-01 1.2814E+04 2.530E-02 4.067E+00 -1.654E+01 2.058E-01
 7.8191E-01 1.2789E+04 2.548E-02 4.075E+00 -1.661E+01 2.076E-01
 7.8342E-01 1.2765E+04 2.565E-02 4.084E+00 -1.667E+01 2.095E-01
 7.8492E-01 1.2740E+04 2.582E-02 4.092E+00 -1.674E+01 2.113E-01
 7.8643E-01 1.2716E+04 2.600E-02 4.101E+00 -1.681E+01 2.132E-01
 7.8794E-01 1.2691E+04 2.617E-02 4.109E+00 -1.688E+01 2.151E-01
 7.8945E-01 1.2667E+04 2.634E-02 4.118E+00 -1.695E+01 2.169E-01
 7.9095E-01 1.2643E+04 2.652E-02 4.126E+00 -1.702E+01 2.188E-01
 7.9246E-01 1.2619E+04 2.669E-02 4.135E+00 -1.709E+01 2.207E-01
 7.9397E-01 1.2595E+04 2.687E-02 4.143E+00 -1.716E+01 2.226E-01
 7.9548E-01 1.2571E+04 2.704E-02 4.152E+00 -1.724E+01 2.245E-01
 7.9698E-01 1.2547E+04 2.721E-02 4.160E+00 -1.731E+01 2.264E-01
 7.9849E-01 1.2524E+04 2.739E-02 4.169E+00 -1.738E+01 2.284E-01
 8.0000E-01 1.2500E+04 2.756E-02 4.177E+00 -1.745E+01 2.303E-01
