 DDSCAT --- DDSCAT 7.3.3 [22.01.20]   
 TARGET --->TARGSPHER  spherical target with explicit spacing                 
 GPFAFT --- method of solution 
 FLTRCD --- prescription for polarizabilities
 FROM_FILE --- shape 
    4169 = NAT0 = number of dipoles
 ../../diel/Pena-Rioux_dielectric_26Au_74Ag                  
 ../../diel/Pena-Rioux_dielectric_34Au_66Ag                  
 ../../diel/Pena-Rioux_dielectric_65Au_35Ag                  
 ../../diel/Pena-Rioux_dielectric_76Au_24Ag                  
   0.000   0.000 = beta_min, beta_max ;  NBETA = 1
   0.000   0.000 = theta_min, theta_max; NTHETA= 1
   0.000   0.000 = phi_min, phi_max   ;   NPHI = 1
 0.5000 = ETASCA (param. controlling # of scatt. dirs used to calculate <cos> etc.
 Results averaged over    1 target orientations
                   and  2 incident polarizations
   aeff       wave       Q_ext     Q_abs      Q_sca     g(1)=<cos>  <cos^2>    Q_bk       Nsca
 8.0000E-02 3.0000E-01 2.7220E+00 1.5321E+00 1.1899E+00  6.5175E-01 6.1632E-01 2.5699E-02   656
 8.0000E-02 3.0101E-01 2.7176E+00 1.5334E+00 1.1842E+00  6.5135E-01 6.1516E-01 2.5554E-02   656
 8.0000E-02 3.0203E-01 2.7130E+00 1.5345E+00 1.1785E+00  6.5095E-01 6.1399E-01 2.5390E-02   656
 8.0000E-02 3.0305E-01 2.7082E+00 1.5356E+00 1.1726E+00  6.5055E-01 6.1281E-01 2.5209E-02   656
 8.0000E-02 3.0408E-01 2.7032E+00 1.5365E+00 1.1667E+00  6.5014E-01 6.1160E-01 2.5008E-02   656
 8.0000E-02 3.0512E-01 2.6980E+00 1.5375E+00 1.1606E+00  6.4972E-01 6.1038E-01 2.4790E-02   656
 8.0000E-02 3.0616E-01 2.6927E+00 1.5383E+00 1.1544E+00  6.4931E-01 6.0914E-01 2.4555E-02   656
 8.0000E-02 3.0722E-01 2.6872E+00 1.5390E+00 1.1482E+00  6.4888E-01 6.0788E-01 2.4301E-02   656
 8.0000E-02 3.0828E-01 2.6815E+00 1.5396E+00 1.1419E+00  6.4844E-01 6.0660E-01 2.4033E-02   656
 8.0000E-02 3.0934E-01 2.6758E+00 1.5402E+00 1.1357E+00  6.4796E-01 6.0529E-01 2.3758E-02   656
 8.0000E-02 3.1042E-01 2.6701E+00 1.5406E+00 1.1295E+00  6.4746E-01 6.0395E-01 2.3472E-02   656
 8.0000E-02 3.1150E-01 2.6642E+00 1.5410E+00 1.1232E+00  6.4693E-01 6.0260E-01 2.3174E-02   656
 8.0000E-02 3.1259E-01 2.6582E+00 1.5412E+00 1.1170E+00  6.4637E-01 6.0121E-01 2.2865E-02   656
 8.0000E-02 3.1368E-01 2.6520E+00 1.5414E+00 1.1107E+00  6.4578E-01 5.9981E-01 2.2547E-02   656
 8.0000E-02 3.1479E-01 2.6457E+00 1.5414E+00 1.1043E+00  6.4516E-01 5.9837E-01 2.2219E-02   656
 8.0000E-02 3.1590E-01 2.6393E+00 1.5413E+00 1.0980E+00  6.4450E-01 5.9692E-01 2.1883E-02   656
 8.0000E-02 3.1702E-01 2.6327E+00 1.5410E+00 1.0916E+00  6.4381E-01 5.9543E-01 2.1538E-02   656
 8.0000E-02 3.1815E-01 2.6258E+00 1.5407E+00 1.0852E+00  6.4307E-01 5.9392E-01 2.1186E-02   656
 8.0000E-02 3.1929E-01 2.6188E+00 1.5402E+00 1.0787E+00  6.4228E-01 5.9238E-01 2.0829E-02   656
 8.0000E-02 3.2043E-01 2.6117E+00 1.5395E+00 1.0722E+00  6.4145E-01 5.9081E-01 2.0468E-02   656
 8.0000E-02 3.2158E-01 2.6045E+00 1.5387E+00 1.0658E+00  6.4056E-01 5.8922E-01 2.0106E-02   657
 8.0000E-02 3.2274E-01 2.5971E+00 1.5378E+00 1.0593E+00  6.3961E-01 5.8759E-01 1.9741E-02   657
 8.0000E-02 3.2391E-01 2.5896E+00 1.5366E+00 1.0529E+00  6.3869E-01 5.8606E-01 1.9377E-02   602
 8.0000E-02 3.2509E-01 2.5819E+00 1.5353E+00 1.0466E+00  6.3762E-01 5.8438E-01 1.9013E-02   602
 8.0000E-02 3.2628E-01 2.5741E+00 1.5339E+00 1.0403E+00  6.3649E-01 5.8267E-01 1.8651E-02   602
 8.0000E-02 3.2747E-01 2.5658E+00 1.5321E+00 1.0337E+00  6.3529E-01 5.8094E-01 1.8285E-02   602
 8.0000E-02 3.2868E-01 2.5576E+00 1.5301E+00 1.0275E+00  6.3402E-01 5.7919E-01 1.7930E-02   602
 8.0000E-02 3.2989E-01 2.5494E+00 1.5280E+00 1.0215E+00  6.3265E-01 5.7740E-01 1.7586E-02   602
 8.0000E-02 3.3111E-01 2.5414E+00 1.5256E+00 1.0158E+00  6.3120E-01 5.7559E-01 1.7256E-02   602
 8.0000E-02 3.3234E-01 2.5336E+00 1.5232E+00 1.0104E+00  6.2966E-01 5.7375E-01 1.6941E-02   603
 8.0000E-02 3.3358E-01 2.5259E+00 1.5205E+00 1.0054E+00  6.2801E-01 5.7189E-01 1.6642E-02   603
 8.0000E-02 3.3483E-01 2.5185E+00 1.5177E+00 1.0008E+00  6.2627E-01 5.7000E-01 1.6361E-02   603
 8.0000E-02 3.3609E-01 2.5117E+00 1.5147E+00 9.9700E-01  6.2438E-01 5.6808E-01 1.6110E-02   603
 8.0000E-02 3.3736E-01 2.5057E+00 1.5116E+00 9.9409E-01  6.2237E-01 5.6613E-01 1.5894E-02   604
 8.0000E-02 3.3864E-01 2.5003E+00 1.5085E+00 9.9183E-01  6.2024E-01 5.6416E-01 1.5703E-02   604
 8.0000E-02 3.3992E-01 2.4955E+00 1.5053E+00 9.9026E-01  6.1800E-01 5.6217E-01 1.5539E-02   604
 8.0000E-02 3.4122E-01 2.4914E+00 1.5020E+00 9.8944E-01  6.1564E-01 5.6016E-01 1.5403E-02   604
 8.0000E-02 3.4253E-01 2.4880E+00 1.4986E+00 9.8937E-01  6.1316E-01 5.5814E-01 1.5296E-02   604
 8.0000E-02 3.4385E-01 2.4853E+00 1.4952E+00 9.9014E-01  6.1057E-01 5.5609E-01 1.5221E-02   604
 8.0000E-02 3.4517E-01 2.4836E+00 1.4918E+00 9.9178E-01  6.0786E-01 5.5404E-01 1.5178E-02   604
 8.0000E-02 3.4651E-01 2.4827E+00 1.4885E+00 9.9426E-01  6.0506E-01 5.5198E-01 1.5166E-02   605
 8.0000E-02 3.4786E-01 2.4827E+00 1.4852E+00 9.9750E-01  6.0216E-01 5.4992E-01 1.5181E-02   605
 8.0000E-02 3.4922E-01 2.4834E+00 1.4819E+00 1.0015E+00  5.9916E-01 5.4785E-01 1.5226E-02   605
 8.0000E-02 3.5059E-01 2.4849E+00 1.4786E+00 1.0064E+00  5.9607E-01 5.4577E-01 1.5301E-02   605
 8.0000E-02 3.5197E-01 2.4873E+00 1.4753E+00 1.0120E+00  5.9288E-01 5.4369E-01 1.5408E-02   605
 8.0000E-02 3.5336E-01 2.4906E+00 1.4720E+00 1.0185E+00  5.8959E-01 5.4161E-01 1.5548E-02   606
 8.0000E-02 3.5476E-01 2.4945E+00 1.4688E+00 1.0257E+00  5.8624E-01 5.3954E-01 1.5712E-02   606
 8.0000E-02 3.5618E-01 2.4991E+00 1.4656E+00 1.0336E+00  5.8281E-01 5.3746E-01 1.5904E-02   606
 8.0000E-02 3.5760E-01 2.5046E+00 1.4623E+00 1.0422E+00  5.7940E-01 5.3551E-01 1.6127E-02   551
 8.0000E-02 3.5904E-01 2.5108E+00 1.4591E+00 1.0517E+00  5.7582E-01 5.3344E-01 1.6381E-02   551
 8.0000E-02 3.6048E-01 2.5178E+00 1.4559E+00 1.0619E+00  5.7216E-01 5.3138E-01 1.6669E-02   551
 8.0000E-02 3.6194E-01 2.5257E+00 1.4528E+00 1.0730E+00  5.6843E-01 5.2932E-01 1.6991E-02   551
 8.0000E-02 3.6341E-01 2.5344E+00 1.4496E+00 1.0849E+00  5.6463E-01 5.2727E-01 1.7347E-02   551
 8.0000E-02 3.6490E-01 2.5439E+00 1.4463E+00 1.0976E+00  5.6075E-01 5.2523E-01 1.7738E-02   551
 8.0000E-02 3.6639E-01 2.5542E+00 1.4431E+00 1.1111E+00  5.5682E-01 5.2320E-01 1.8167E-02   551
 8.0000E-02 3.6790E-01 2.5655E+00 1.4399E+00 1.1255E+00  5.5283E-01 5.2118E-01 1.8634E-02   551
 8.0000E-02 3.6942E-01 2.5777E+00 1.4368E+00 1.1409E+00  5.4880E-01 5.1918E-01 1.9140E-02   551
 8.0000E-02 3.7095E-01 2.5909E+00 1.4337E+00 1.1572E+00  5.4473E-01 5.1720E-01 1.9687E-02   551
 8.0000E-02 3.7250E-01 2.6052E+00 1.4307E+00 1.1745E+00  5.4062E-01 5.1523E-01 2.0277E-02   551
 8.0000E-02 3.7406E-01 2.6207E+00 1.4278E+00 1.1929E+00  5.3648E-01 5.1329E-01 2.0915E-02   552
 8.0000E-02 3.7563E-01 2.6373E+00 1.4250E+00 1.2123E+00  5.3233E-01 5.1138E-01 2.1595E-02   552
 8.0000E-02 3.7722E-01 2.6550E+00 1.4224E+00 1.2326E+00  5.2818E-01 5.0950E-01 2.2316E-02   552
 8.0000E-02 3.7881E-01 2.6740E+00 1.4200E+00 1.2540E+00  5.2404E-01 5.0764E-01 2.3080E-02   552
 8.0000E-02 3.8043E-01 2.6943E+00 1.4177E+00 1.2766E+00  5.1992E-01 5.0582E-01 2.3888E-02   552
 8.0000E-02 3.8205E-01 2.7159E+00 1.4158E+00 1.3001E+00  5.1583E-01 5.0403E-01 2.4740E-02   552
 8.0000E-02 3.8369E-01 2.7389E+00 1.4141E+00 1.3248E+00  5.1179E-01 5.0228E-01 2.5628E-02   552
 8.0000E-02 3.8534E-01 2.7632E+00 1.4128E+00 1.3504E+00  5.0780E-01 5.0056E-01 2.6557E-02   552
 8.0000E-02 3.8701E-01 2.7889E+00 1.4117E+00 1.3772E+00  5.0387E-01 4.9887E-01 2.7523E-02   552
 8.0000E-02 3.8870E-01 2.8160E+00 1.4111E+00 1.4050E+00  5.0000E-01 4.9722E-01 2.8527E-02   552
 8.0000E-02 3.9039E-01 2.8447E+00 1.4108E+00 1.4340E+00  4.9620E-01 4.9560E-01 2.9569E-02   552
 8.0000E-02 3.9211E-01 2.8749E+00 1.4110E+00 1.4639E+00  4.9251E-01 4.9402E-01 3.0633E-02   552
 8.0000E-02 3.9383E-01 2.9065E+00 1.4116E+00 1.4949E+00  4.8889E-01 4.9246E-01 3.1729E-02   552
 8.0000E-02 3.9558E-01 2.9396E+00 1.4126E+00 1.5270E+00  4.8537E-01 4.9093E-01 3.2850E-02   552
 8.0000E-02 3.9733E-01 2.9744E+00 1.4142E+00 1.5602E+00  4.8195E-01 4.8943E-01 3.3994E-02   552
 8.0000E-02 3.9911E-01 3.0108E+00 1.4163E+00 1.5945E+00  4.7863E-01 4.8796E-01 3.5160E-02   552
 8.0000E-02 4.0090E-01 3.0488E+00 1.4189E+00 1.6299E+00  4.7554E-01 4.8663E-01 3.6334E-02   499
 8.0000E-02 4.0270E-01 3.0884E+00 1.4221E+00 1.6663E+00  4.7244E-01 4.8519E-01 3.7514E-02   499
 8.0000E-02 4.0452E-01 3.1297E+00 1.4259E+00 1.7038E+00  4.6947E-01 4.8376E-01 3.8692E-02   499
 8.0000E-02 4.0636E-01 3.1727E+00 1.4303E+00 1.7425E+00  4.6662E-01 4.8234E-01 3.9861E-02   499
 8.0000E-02 4.0822E-01 3.2176E+00 1.4353E+00 1.7823E+00  4.6391E-01 4.8092E-01 4.1004E-02   499
 8.0000E-02 4.1009E-01 3.2641E+00 1.4409E+00 1.8232E+00  4.6133E-01 4.7949E-01 4.2110E-02   499
 8.0000E-02 4.1198E-01 3.3125E+00 1.4472E+00 1.8652E+00  4.5890E-01 4.7805E-01 4.3160E-02   499
 8.0000E-02 4.1389E-01 3.3626E+00 1.4542E+00 1.9084E+00  4.5662E-01 4.7660E-01 4.4137E-02   499
 8.0000E-02 4.1581E-01 3.4146E+00 1.4619E+00 1.9527E+00  4.5450E-01 4.7512E-01 4.5017E-02   500
 8.0000E-02 4.1776E-01 3.4685E+00 1.4703E+00 1.9982E+00  4.5254E-01 4.7360E-01 4.5779E-02   500
 8.0000E-02 4.1972E-01 3.5243E+00 1.4794E+00 2.0449E+00  4.5073E-01 4.7203E-01 4.6405E-02   501
 8.0000E-02 4.2170E-01 3.5818E+00 1.4891E+00 2.0927E+00  4.4906E-01 4.7041E-01 4.6867E-02   501
 8.0000E-02 4.2370E-01 3.6411E+00 1.4995E+00 2.1416E+00  4.4753E-01 4.6873E-01 4.7144E-02   501
 8.0000E-02 4.2571E-01 3.7019E+00 1.5104E+00 2.1916E+00  4.4611E-01 4.6696E-01 4.7216E-02   501
 8.0000E-02 4.2775E-01 3.7641E+00 1.5217E+00 2.2424E+00  4.4476E-01 4.6511E-01 4.7070E-02   501
 8.0000E-02 4.2981E-01 3.8273E+00 1.5334E+00 2.2939E+00  4.4346E-01 4.6316E-01 4.6691E-02   501
 8.0000E-02 4.3188E-01 3.8912E+00 1.5452E+00 2.3460E+00  4.4216E-01 4.6111E-01 4.6068E-02   501
 8.0000E-02 4.3398E-01 3.9553E+00 1.5570E+00 2.3982E+00  4.4084E-01 4.5896E-01 4.5196E-02   501
 8.0000E-02 4.3610E-01 4.0193E+00 1.5688E+00 2.4505E+00  4.3947E-01 4.5670E-01 4.4070E-02   501
 8.0000E-02 4.3824E-01 4.0828E+00 1.5804E+00 2.5024E+00  4.3805E-01 4.5435E-01 4.2684E-02   501
 8.0000E-02 4.4039E-01 4.1455E+00 1.5918E+00 2.5537E+00  4.3656E-01 4.5191E-01 4.1043E-02   501
 8.0000E-02 4.4257E-01 4.2072E+00 1.6031E+00 2.6040E+00  4.3502E-01 4.4942E-01 3.9155E-02   501
 8.0000E-02 4.4478E-01 4.2676E+00 1.6144E+00 2.6532E+00  4.3342E-01 4.4686E-01 3.7036E-02   501
 8.0000E-02 4.4700E-01 4.3264E+00 1.6257E+00 2.7007E+00  4.3176E-01 4.4428E-01 3.4712E-02   501
 8.0000E-02 4.4925E-01 4.3833E+00 1.6369E+00 2.7464E+00  4.3002E-01 4.4169E-01 3.2241E-02   501
 8.0000E-02 4.5152E-01 4.4380E+00 1.6480E+00 2.7900E+00  4.2816E-01 4.3910E-01 2.9684E-02   501
 8.0000E-02 4.5381E-01 4.4900E+00 1.6588E+00 2.8312E+00  4.2617E-01 4.3653E-01 2.7112E-02   501
 8.0000E-02 4.5612E-01 4.5392E+00 1.6692E+00 2.8700E+00  4.2412E-01 4.3414E-01 2.4618E-02   452
 8.0000E-02 4.5846E-01 4.5854E+00 1.6788E+00 2.9065E+00  4.2173E-01 4.3167E-01 2.2280E-02   452
 8.0000E-02 4.6082E-01 4.6287E+00 1.6877E+00 2.9410E+00  4.1912E-01 4.2927E-01 2.0167E-02   452
 8.0000E-02 4.6321E-01 4.6694E+00 1.6957E+00 2.9738E+00  4.1629E-01 4.2697E-01 1.8322E-02   452
 8.0000E-02 4.6563E-01 4.7083E+00 1.7028E+00 3.0054E+00  4.1328E-01 4.2476E-01 1.6767E-02   452
 8.0000E-02 4.6806E-01 4.7459E+00 1.7093E+00 3.0366E+00  4.1012E-01 4.2264E-01 1.5490E-02   452
 8.0000E-02 4.7053E-01 4.7831E+00 1.7152E+00 3.0679E+00  4.0687E-01 4.2061E-01 1.4465E-02   452
 8.0000E-02 4.7302E-01 4.8206E+00 1.7208E+00 3.0999E+00  4.0357E-01 4.1866E-01 1.3654E-02   452
 8.0000E-02 4.7553E-01 4.8591E+00 1.7260E+00 3.1331E+00  4.0026E-01 4.1676E-01 1.3013E-02   452
 8.0000E-02 4.7807E-01 4.8988E+00 1.7309E+00 3.1679E+00  3.9692E-01 4.1490E-01 1.2522E-02   452
 8.0000E-02 4.8065E-01 4.9398E+00 1.7352E+00 3.2045E+00  3.9354E-01 4.1305E-01 1.2187E-02   452
 8.0000E-02 4.8324E-01 4.9815E+00 1.7386E+00 3.2429E+00  3.9004E-01 4.1120E-01 1.2049E-02   452
 8.0000E-02 4.8587E-01 5.0231E+00 1.7404E+00 3.2826E+00  3.8631E-01 4.0931E-01 1.2195E-02   452
 8.0000E-02 4.8852E-01 5.0632E+00 1.7399E+00 3.3233E+00  3.8221E-01 4.0738E-01 1.2748E-02   452
 8.0000E-02 4.9121E-01 5.1001E+00 1.7361E+00 3.3640E+00  3.7760E-01 4.0541E-01 1.3860E-02   452
 8.0000E-02 4.9392E-01 5.1318E+00 1.7281E+00 3.4037E+00  3.7232E-01 4.0339E-01 1.5700E-02   452
 8.0000E-02 4.9667E-01 5.1567E+00 1.7154E+00 3.4413E+00  3.6627E-01 4.0135E-01 1.8419E-02   452
 8.0000E-02 4.9944E-01 5.1733E+00 1.6973E+00 3.4759E+00  3.5937E-01 3.9931E-01 2.2132E-02   452
 8.0000E-02 5.0225E-01 5.1807E+00 1.6739E+00 3.5068E+00  3.5160E-01 3.9728E-01 2.6902E-02   452
 8.0000E-02 5.0508E-01 5.1784E+00 1.6451E+00 3.5333E+00  3.4298E-01 3.9529E-01 3.2752E-02   452
 8.0000E-02 5.0795E-01 5.1661E+00 1.6111E+00 3.5551E+00  3.3352E-01 3.9335E-01 3.9679E-02   452
 8.0000E-02 5.1086E-01 5.1436E+00 1.5721E+00 3.5715E+00  3.2325E-01 3.9147E-01 4.7671E-02   452
 8.0000E-02 5.1379E-01 5.1107E+00 1.5287E+00 3.5821E+00  3.1219E-01 3.8967E-01 5.6702E-02   453
 8.0000E-02 5.1676E-01 5.0676E+00 1.4811E+00 3.5865E+00  3.0036E-01 3.8798E-01 6.6736E-02   453
 8.0000E-02 5.1977E-01 5.0148E+00 1.4303E+00 3.5845E+00  2.8783E-01 3.8641E-01 7.7704E-02   453
 8.0000E-02 5.2281E-01 4.9535E+00 1.3770E+00 3.5765E+00  2.7467E-01 3.8499E-01 8.9491E-02   453
 8.0000E-02 5.2588E-01 4.8857E+00 1.3226E+00 3.5631E+00  2.6103E-01 3.8375E-01 1.0193E-01   453
 8.0000E-02 5.2899E-01 4.8128E+00 1.2677E+00 3.5451E+00  2.4711E-01 3.8284E-01 1.1493E-01   407
 8.0000E-02 5.3214E-01 4.7374E+00 1.2137E+00 3.5237E+00  2.3283E-01 3.8201E-01 1.2827E-01   407
 8.0000E-02 5.3533E-01 4.6622E+00 1.1620E+00 3.5003E+00  2.1857E-01 3.8142E-01 1.4171E-01   407
 8.0000E-02 5.3855E-01 4.5897E+00 1.1138E+00 3.4759E+00  2.0458E-01 3.8106E-01 1.5497E-01   407
 8.0000E-02 5.4182E-01 4.5217E+00 1.0700E+00 3.4517E+00  1.9109E-01 3.8090E-01 1.6782E-01   407
 8.0000E-02 5.4512E-01 4.4591E+00 1.0311E+00 3.4280E+00  1.7824E-01 3.8093E-01 1.8008E-01   407
 8.0000E-02 5.4847E-01 4.4019E+00 9.9733E-01 3.4046E+00  1.6611E-01 3.8110E-01 1.9161E-01   408
 8.0000E-02 5.5185E-01 4.3498E+00 9.6858E-01 3.3812E+00  1.5475E-01 3.8138E-01 2.0231E-01   408
 8.0000E-02 5.5528E-01 4.3020E+00 9.4483E-01 3.3572E+00  1.4414E-01 3.8173E-01 2.1215E-01   408
 8.0000E-02 5.5875E-01 4.2579E+00 9.2603E-01 3.3318E+00  1.3424E-01 3.8214E-01 2.2108E-01   408
 8.0000E-02 5.6226E-01 4.2167E+00 9.1214E-01 3.3046E+00  1.2502E-01 3.8258E-01 2.2908E-01   408
 8.0000E-02 5.6582E-01 4.1782E+00 9.0321E-01 3.2750E+00  1.1646E-01 3.8305E-01 2.3613E-01   408
 8.0000E-02 5.6943E-01 4.1422E+00 8.9928E-01 3.2429E+00  1.0854E-01 3.8353E-01 2.4223E-01   408
 8.0000E-02 5.7308E-01 4.1087E+00 9.0027E-01 3.2084E+00  1.0125E-01 3.8403E-01 2.4740E-01   408
 8.0000E-02 5.7677E-01 4.0777E+00 9.0596E-01 3.1718E+00  9.4570E-02 3.8453E-01 2.5168E-01   408
 8.0000E-02 5.8052E-01 4.0490E+00 9.1614E-01 3.1328E+00  8.8462E-02 3.8503E-01 2.5510E-01   408
 8.0000E-02 5.8431E-01 4.0219E+00 9.3066E-01 3.0912E+00  8.2883E-02 3.8552E-01 2.5767E-01   408
 8.0000E-02 5.8816E-01 3.9967E+00 9.4906E-01 3.0476E+00  7.7751E-02 3.8599E-01 2.5959E-01   408
 8.0000E-02 5.9205E-01 3.9750E+00 9.7021E-01 3.0048E+00  7.2979E-02 3.8646E-01 2.6125E-01   408
 8.0000E-02 5.9600E-01 3.9600E+00 9.9228E-01 2.9677E+00  6.8474E-02 3.8697E-01 2.6326E-01   408
 8.0000E-02 6.0000E-01 3.9553E+00 1.0131E+00 2.9422E+00  6.4164E-02 3.8755E-01 2.6627E-01   408
