 DDSCAT --- DDSCAT 7.3.3 [22.01.20]   
 TARGET --->TARGSPHER  spherical target with explicit spacing                 
 GPFAFT --- method of solution 
 FLTRCD --- prescription for polarizabilities
 FROM_FILE --- shape 
    4169 = NAT0 = number of dipoles
 ../../diel/Pena-Rioux_dielectric_26Au_74Ag                  
 ../../diel/Pena-Rioux_dielectric_34Au_66Ag                  
 ../../diel/Pena-Rioux_dielectric_65Au_35Ag                  
 ../../diel/Pena-Rioux_dielectric_76Au_24Ag                  
   0.000   0.000 = beta_min, beta_max ;  NBETA = 1
   0.000   0.000 = theta_min, theta_max; NTHETA= 1
   0.000   0.000 = phi_min, phi_max   ;   NPHI = 1
 Results averaged over    1 target orientations
                   and  2 incident polarizations
   aeff       wave       Q_pha       Q_pol       Q_cpol
 8.0000E-02 3.0000E-01 -2.0056E-01 -2.8610E-06 -2.6822E-07
 8.0000E-02 3.0101E-01 -1.9946E-01 -2.3842E-06 -4.0233E-07
 8.0000E-02 3.0203E-01 -1.9848E-01  5.9605E-06 -4.4703E-08
 8.0000E-02 3.0305E-01 -1.9761E-01  7.1526E-07  1.3411E-07
 8.0000E-02 3.0408E-01 -1.9686E-01 -2.3842E-07  3.5763E-07
 8.0000E-02 3.0512E-01 -1.9625E-01 -8.5831E-06 -2.3842E-07
 8.0000E-02 3.0616E-01 -1.9576E-01 -7.3910E-06 -3.5763E-07
 8.0000E-02 3.0722E-01 -1.9542E-01 -1.9073E-06 -9.9838E-07
 8.0000E-02 3.0828E-01 -1.9522E-01 -4.7684E-07 -1.0431E-07
 8.0000E-02 3.0934E-01 -1.9520E-01 -6.6757E-06  2.8312E-07
 8.0000E-02 3.1042E-01 -1.9533E-01  3.3379E-06 -9.3877E-07
 8.0000E-02 3.1150E-01 -1.9560E-01  1.6689E-06  2.9802E-08
 8.0000E-02 3.1259E-01 -1.9603E-01  1.4305E-06 -4.3213E-07
 8.0000E-02 3.1368E-01 -1.9663E-01 -5.4836E-06  2.6822E-07
 8.0000E-02 3.1479E-01 -1.9739E-01 -2.6226E-06  5.6624E-07
 8.0000E-02 3.1590E-01 -1.9833E-01 -7.8678E-06  2.9802E-07
 8.0000E-02 3.1702E-01 -1.9946E-01  2.6226E-06  1.3411E-07
 8.0000E-02 3.1815E-01 -2.0063E-01 -9.5367E-07 -4.0233E-07
 8.0000E-02 3.1929E-01 -2.0199E-01  3.0994E-06  1.6391E-07
 8.0000E-02 3.2043E-01 -2.0358E-01 -4.0531E-06  5.5134E-07
 8.0000E-02 3.2158E-01 -2.0541E-01 -5.0068E-06  4.4703E-08
 8.0000E-02 3.2274E-01 -2.0750E-01  2.3842E-07 -3.5763E-07
 8.0000E-02 3.2391E-01 -2.0985E-01  4.2915E-06  1.7881E-07
 8.0000E-02 3.2509E-01 -2.1249E-01  1.4305E-06 -1.6391E-07
 8.0000E-02 3.2628E-01 -2.1541E-01  2.3842E-06 -2.0862E-07
 8.0000E-02 3.2747E-01 -2.1889E-01  3.5763E-06  1.9372E-07
 8.0000E-02 3.2868E-01 -2.2274E-01 -2.3842E-07 -2.6822E-07
 8.0000E-02 3.2989E-01 -2.2696E-01 -4.7684E-07 -1.4901E-07
 8.0000E-02 3.3111E-01 -2.3158E-01 -9.0599E-06  2.0862E-07
 8.0000E-02 3.3234E-01 -2.3660E-01  4.5300E-06 -1.4901E-08
 8.0000E-02 3.3358E-01 -2.4204E-01  3.0994E-06  0.0000E+00
 8.0000E-02 3.3483E-01 -2.4792E-01 -5.2452E-06 -7.4506E-08
 8.0000E-02 3.3609E-01 -2.5434E-01  2.3842E-07  0.0000E+00
 8.0000E-02 3.3736E-01 -2.6123E-01 -7.3910E-06  2.0862E-07
 8.0000E-02 3.3864E-01 -2.6846E-01 -4.2915E-06 -3.2783E-07
 8.0000E-02 3.3992E-01 -2.7603E-01 -4.2915E-06  4.4703E-07
 8.0000E-02 3.4122E-01 -2.8396E-01  4.7684E-07  2.9802E-08
 8.0000E-02 3.4253E-01 -2.9224E-01  1.0014E-05 -2.6822E-07
 8.0000E-02 3.4385E-01 -3.0087E-01 -7.1526E-07  5.3644E-07
 8.0000E-02 3.4517E-01 -3.0974E-01  3.0994E-06  5.3644E-07
 8.0000E-02 3.4651E-01 -3.1869E-01 -6.4373E-06 -4.4703E-07
 8.0000E-02 3.4786E-01 -3.2784E-01 -3.0994E-06  6.8545E-07
 8.0000E-02 3.4922E-01 -3.3717E-01 -9.0599E-06 -1.1027E-06
 8.0000E-02 3.5059E-01 -3.4669E-01 -1.4305E-06  1.0431E-06
 8.0000E-02 3.5197E-01 -3.5638E-01  4.5300E-06 -5.6624E-07
 8.0000E-02 3.5336E-01 -3.6625E-01  9.5367E-07 -7.4506E-07
 8.0000E-02 3.5476E-01 -3.7617E-01  4.2915E-06  1.7881E-07
 8.0000E-02 3.5618E-01 -3.8619E-01  6.1989E-06 -3.2783E-07
 8.0000E-02 3.5760E-01 -3.9632E-01  7.1526E-07  6.2585E-07
 8.0000E-02 3.5904E-01 -4.0658E-01  7.1526E-07  3.5763E-07
 8.0000E-02 3.6048E-01 -4.1696E-01  7.3910E-06 -2.0862E-07
 8.0000E-02 3.6194E-01 -4.2745E-01  2.1458E-06 -9.2387E-07
 8.0000E-02 3.6341E-01 -4.3809E-01 -2.1458E-06  3.5763E-07
 8.0000E-02 3.6490E-01 -4.4889E-01  1.9073E-06 -1.4901E-07
 8.0000E-02 3.6639E-01 -4.5979E-01 -5.2452E-06 -8.0466E-07
 8.0000E-02 3.6790E-01 -4.7080E-01  4.7684E-07  0.0000E+00
 8.0000E-02 3.6942E-01 -4.8192E-01  2.6226E-06  8.9407E-07
 8.0000E-02 3.7095E-01 -4.9315E-01  8.1062E-06 -2.2352E-06
 8.0000E-02 3.7250E-01 -5.0450E-01  9.5367E-07  3.3975E-06
 8.0000E-02 3.7406E-01 -5.1595E-01 -2.3842E-06 -2.3842E-07
 8.0000E-02 3.7563E-01 -5.2745E-01 -1.1921E-05 -6.1393E-06
 8.0000E-02 3.7722E-01 -5.3898E-01 -3.5763E-06 -2.5034E-06
 8.0000E-02 3.7881E-01 -5.5055E-01 -3.3379E-06 -1.7285E-06
 8.0000E-02 3.8043E-01 -5.6215E-01  6.1989E-06 -6.9141E-06
 8.0000E-02 3.8205E-01 -5.7371E-01  4.7684E-07  8.3447E-07
 8.0000E-02 3.8369E-01 -5.8517E-01  9.7752E-06  2.6226E-06
 8.0000E-02 3.8534E-01 -5.9656E-01  3.8147E-06  1.9073E-06
 8.0000E-02 3.8701E-01 -6.0785E-01  1.1683E-05 -2.9802E-06
 8.0000E-02 3.8870E-01 -6.1901E-01  4.7684E-06 -3.4571E-06
 8.0000E-02 3.9039E-01 -6.3004E-01  9.7752E-06  2.7418E-06
 8.0000E-02 3.9211E-01 -6.4081E-01 -1.5497E-05  2.4438E-06
 8.0000E-02 3.9383E-01 -6.5136E-01 -1.6451E-05  6.4969E-06
 8.0000E-02 3.9558E-01 -6.6165E-01 -5.4836E-06  7.1526E-07
 8.0000E-02 3.9733E-01 -6.7166E-01 -1.9073E-06  1.3113E-06
 8.0000E-02 3.9911E-01 -6.8132E-01  5.4836E-06  2.4438E-06
 8.0000E-02 4.0090E-01 -6.9060E-01 -1.1683E-05  1.1027E-05
 8.0000E-02 4.0270E-01 -6.9945E-01 -6.9141E-06  2.8014E-06
 8.0000E-02 4.0452E-01 -7.0785E-01 -1.9073E-05 -3.3975E-06
 8.0000E-02 4.0636E-01 -7.1574E-01  6.4373E-06 -4.7684E-07
 8.0000E-02 4.0822E-01 -7.2303E-01 -6.9141E-06 -5.0664E-06
 8.0000E-02 4.1009E-01 -7.2970E-01 -1.6689E-06  1.1325E-06
 8.0000E-02 4.1198E-01 -7.3570E-01 -7.1526E-07 -4.1723E-07
 8.0000E-02 4.1389E-01 -7.4093E-01  7.1526E-06  2.9802E-06
 8.0000E-02 4.1581E-01 -7.4530E-01 -6.6757E-06 -2.6226E-06
 8.0000E-02 4.1776E-01 -7.4869E-01 -1.9073E-06 -1.5497E-06
 8.0000E-02 4.1972E-01 -7.5106E-01  5.0068E-06  7.1526E-07
 8.0000E-02 4.2170E-01 -7.5224E-01 -8.8215E-06 -3.5763E-07
 8.0000E-02 4.2370E-01 -7.5210E-01  1.9073E-05 -1.9670E-06
 8.0000E-02 4.2571E-01 -7.5045E-01 -3.0994E-06  1.1563E-05
 8.0000E-02 4.2775E-01 -7.4717E-01 -8.8215E-06 -8.3447E-07
 8.0000E-02 4.2981E-01 -7.4215E-01  8.1062E-06 -4.8876E-06
 8.0000E-02 4.3188E-01 -7.3530E-01  1.6689E-06  3.6359E-06
 8.0000E-02 4.3398E-01 -7.2657E-01  1.1921E-06  7.2122E-06
 8.0000E-02 4.3610E-01 -7.1593E-01 -7.6294E-06 -1.4305E-06
 8.0000E-02 4.3824E-01 -7.0342E-01 -2.3842E-06 -2.4438E-06
 8.0000E-02 4.4039E-01 -6.8914E-01  2.3842E-06  1.7285E-06
 8.0000E-02 4.4257E-01 -6.7310E-01  1.4305E-06 -2.3842E-07
 8.0000E-02 4.4478E-01 -6.5535E-01 -1.4782E-05 -1.7881E-06
 8.0000E-02 4.4700E-01 -6.3590E-01 -4.7684E-06  1.7881E-06
 8.0000E-02 4.4925E-01 -6.1486E-01 -2.0981E-05 -1.7285E-06
 8.0000E-02 4.5152E-01 -5.9231E-01 -2.7657E-05 -7.0333E-06
 8.0000E-02 4.5381E-01 -5.6841E-01  9.5367E-06  2.1458E-06
 8.0000E-02 4.5612E-01 -5.4342E-01  1.0490E-05  1.4901E-06
 8.0000E-02 4.5846E-01 -5.1765E-01  5.2452E-06  1.3709E-06
 8.0000E-02 4.6082E-01 -4.9140E-01  1.8120E-05  6.7651E-06
 8.0000E-02 4.6321E-01 -4.6496E-01 -4.2915E-06 -3.5763E-07
 8.0000E-02 4.6563E-01 -4.3855E-01  5.2452E-06 -1.4305E-06
 8.0000E-02 4.6806E-01 -4.1223E-01  8.1062E-06  2.5928E-06
 8.0000E-02 4.7053E-01 -3.8598E-01 -1.0014E-05 -8.3447E-07
 8.0000E-02 4.7302E-01 -3.5959E-01 -1.0967E-05 -2.0862E-07
 8.0000E-02 4.7553E-01 -3.3267E-01 -2.3842E-06  8.0466E-07
 8.0000E-02 4.7807E-01 -3.0471E-01 -6.1989E-06 -7.0632E-06
 8.0000E-02 4.8065E-01 -2.7514E-01  3.3379E-05  9.6560E-06
 8.0000E-02 4.8324E-01 -2.4331E-01 -1.6212E-05  3.2783E-06
 8.0000E-02 4.8587E-01 -2.0869E-01 -2.3842E-05 -6.0946E-06
 8.0000E-02 4.8852E-01 -1.7082E-01 -1.3828E-05 -5.5134E-06
 8.0000E-02 4.9121E-01 -1.2947E-01  3.0518E-05 -5.2601E-06
 8.0000E-02 4.9392E-01 -8.4719E-02 -1.4305E-05 -4.2468E-07
 8.0000E-02 4.9667E-01 -3.7017E-02  2.7657E-05  5.6513E-06
 8.0000E-02 4.9944E-01  1.3038E-02 -2.7657E-05 -4.6976E-06
 8.0000E-02 5.0225E-01  6.4683E-02 -1.9550E-05  1.5646E-07
 8.0000E-02 5.0508E-01  1.1716E-01  2.1935E-05 -3.9488E-07
 8.0000E-02 5.0795E-01  1.6980E-01 -1.6212E-05  1.0639E-05
 8.0000E-02 5.1086E-01  2.2188E-01 -2.4796E-05 -1.2666E-06
 8.0000E-02 5.1379E-01  2.7260E-01 -7.1526E-06  9.5665E-06
 8.0000E-02 5.1676E-01  3.2110E-01 -9.5367E-06  7.6294E-06
 8.0000E-02 5.1977E-01  3.6633E-01 -1.5259E-05  1.2249E-05
 8.0000E-02 5.2281E-01  4.0738E-01  2.5749E-05 -2.3037E-05
 8.0000E-02 5.2588E-01  4.4362E-01 -6.3419E-05 -3.2187E-06
 8.0000E-02 5.2899E-01  4.7435E-01  3.2902E-05 -2.1189E-05
 8.0000E-02 5.3214E-01  4.9925E-01  4.1485E-05  1.7136E-05
 8.0000E-02 5.3533E-01  5.1831E-01 -1.5736E-05  8.8215E-06
 8.0000E-02 5.3855E-01  5.3207E-01  2.3842E-06  1.7166E-05
 8.0000E-02 5.4182E-01  5.4142E-01  6.6757E-06 -1.1921E-07
 8.0000E-02 5.4512E-01  5.4737E-01 -1.7166E-05  2.0266E-06
 8.0000E-02 5.4847E-01  5.5083E-01  1.2875E-05 -5.6624E-06
 8.0000E-02 5.5185E-01  5.5255E-01 -1.4782E-05 -1.2994E-05
 8.0000E-02 5.5528E-01  5.5302E-01 -4.7684E-07 -8.9407E-07
 8.0000E-02 5.5875E-01  5.5245E-01  1.9073E-05 -2.7418E-06
 8.0000E-02 5.6226E-01  5.5090E-01  1.9550E-05 -3.1590E-06
 8.0000E-02 5.6582E-01  5.4834E-01  8.5831E-06  5.6624E-06
 8.0000E-02 5.6943E-01  5.4463E-01 -4.7684E-06  2.3842E-06
 8.0000E-02 5.7308E-01  5.3972E-01 -1.1921E-05  2.3842E-07
 8.0000E-02 5.7677E-01  5.3362E-01  2.8610E-06  4.7088E-06
 8.0000E-02 5.8052E-01  5.2632E-01  3.8624E-05 -3.2306E-05
 8.0000E-02 5.8431E-01  5.1738E-01  1.1587E-04  3.0398E-06
 8.0000E-02 5.8816E-01  5.0596E-01 -6.6519E-05 -2.4855E-05
 8.0000E-02 5.9205E-01  4.9116E-01  6.8426E-05 -2.2501E-05
 8.0000E-02 5.9600E-01  4.7246E-01 -2.9802E-05 -5.2750E-06
 8.0000E-02 6.0000E-01  4.5021E-01 -6.1989E-05  2.2054E-05
