 DDSCAT --- DDSCAT 7.3.3 [22.01.20]   
 TARGET --->TARGSPHER  spherical target with explicit spacing                 
 GPFAFT --- method of solution 
 GKDLDR --- prescription for polarizabilities
 FROM_FILE --- shape 
    4169 = NAT0 = number of dipoles
 ../../diel/Pena-Rioux_dielectric_26Au_74Ag                  
 ../../diel/Pena-Rioux_dielectric_76Au_24Ag                  
 ../../diel/Pena-Rioux_dielectric_85Au_15Ag                  
   0.000   0.000 = beta_min, beta_max ;  NBETA = 1
   0.000   0.000 = theta_min, theta_max; NTHETA= 1
   0.000   0.000 = phi_min, phi_max   ;   NPHI = 1
 Results averaged over    1 target orientations
                   and  2 incident polarizations
   aeff       wave       Q_pha       Q_pol       Q_cpol
 4.0000E-02 3.0000E-01 -2.1797E-02  6.6757E-06 -2.0489E-08
 4.0000E-02 3.0101E-01 -2.0366E-02 -2.6226E-06 -1.5646E-07
 4.0000E-02 3.0203E-01 -1.9089E-02  7.1526E-07  1.2293E-07
 4.0000E-02 3.0305E-01 -1.7970E-02 -2.1458E-06 -1.1176E-08
 4.0000E-02 3.0408E-01 -1.7015E-02  1.6689E-06  1.8626E-09
 4.0000E-02 3.0512E-01 -1.6229E-02 -8.8215E-06 -2.9802E-08
 4.0000E-02 3.0616E-01 -1.5618E-02  3.8147E-06 -2.7940E-09
 4.0000E-02 3.0722E-01 -1.5185E-02  7.3910E-06 -2.7940E-09
 4.0000E-02 3.0828E-01 -1.4910E-02 -4.7684E-07  6.6124E-08
 4.0000E-02 3.0934E-01 -1.4688E-02  1.1921E-06 -3.1665E-08
 4.0000E-02 3.1042E-01 -1.4602E-02  3.5763E-06 -1.9558E-08
 4.0000E-02 3.1150E-01 -1.4654E-02  2.1458E-06  2.7940E-09
 4.0000E-02 3.1259E-01 -1.4850E-02  3.8147E-06 -3.1665E-08
 4.0000E-02 3.1368E-01 -1.5192E-02 -4.7684E-07 -2.6077E-08
 4.0000E-02 3.1479E-01 -1.5685E-02 -8.1062E-06  6.3330E-08
 4.0000E-02 3.1590E-01 -1.6334E-02 -9.5367E-07 -6.1467E-08
 4.0000E-02 3.1702E-01 -1.7142E-02 -2.1458E-06 -6.1467E-08
 4.0000E-02 3.1815E-01 -1.7724E-02 -8.8215E-06  3.5390E-08
 4.0000E-02 3.1929E-01 -1.8487E-02  3.5763E-06  4.8429E-08
 4.0000E-02 3.2043E-01 -1.9512E-02  4.7684E-06 -3.7253E-08
 4.0000E-02 3.2158E-01 -2.0807E-02 -2.8610E-06  8.1956E-08
 4.0000E-02 3.2274E-01 -2.2381E-02 -7.6294E-06 -2.9802E-08
 4.0000E-02 3.2391E-01 -2.4241E-02 -2.3842E-06  1.8626E-08
 4.0000E-02 3.2509E-01 -2.6398E-02  1.1921E-06 -4.2841E-08
 4.0000E-02 3.2628E-01 -2.8860E-02  3.8147E-06 -1.0990E-07
 4.0000E-02 3.2747E-01 -3.2159E-02  4.7684E-07 -7.4506E-09
 4.0000E-02 3.2868E-01 -3.5936E-02  2.6226E-06  2.6077E-08
 4.0000E-02 3.2989E-01 -4.0183E-02 -3.8147E-06 -3.7253E-08
 4.0000E-02 3.3111E-01 -4.4913E-02  3.8147E-06 -4.0978E-08
 4.0000E-02 3.3234E-01 -5.0141E-02 -7.1526E-07  2.2352E-08
 4.0000E-02 3.3358E-01 -5.5880E-02  3.3379E-06 -2.2352E-08
 4.0000E-02 3.3483E-01 -6.2147E-02 -4.7684E-06 -8.5682E-08
 4.0000E-02 3.3609E-01 -6.9163E-02 -3.0994E-06 -1.7136E-07
 4.0000E-02 3.3736E-01 -7.6856E-02 -3.3379E-06  1.4901E-08
 4.0000E-02 3.3864E-01 -8.4989E-02 -2.8610E-06 -3.7253E-08
 4.0000E-02 3.3992E-01 -9.3575E-02  0.0000E+00 -1.5646E-07
 4.0000E-02 3.4122E-01 -1.0263E-01 -1.4305E-06 -1.7881E-07
 4.0000E-02 3.4253E-01 -1.1216E-01 -1.4305E-06 -2.2352E-08
 4.0000E-02 3.4385E-01 -1.2218E-01 -7.1526E-07  3.6508E-07
 4.0000E-02 3.4517E-01 -1.3263E-01 -2.3842E-07 -7.4506E-08
 4.0000E-02 3.4651E-01 -1.4331E-01 -5.2452E-06 -3.1292E-07
 4.0000E-02 3.4786E-01 -1.5425E-01 -9.0599E-06  3.1292E-07
 4.0000E-02 3.4922E-01 -1.6546E-01  4.7684E-07 -2.0862E-07
 4.0000E-02 3.5059E-01 -1.7695E-01 -9.5367E-07 -3.8743E-07
 4.0000E-02 3.5197E-01 -1.8874E-01 -4.2915E-06 -2.3842E-07
 4.0000E-02 3.5336E-01 -2.0082E-01 -5.4836E-06 -2.2352E-07
 4.0000E-02 3.5476E-01 -2.1304E-01  0.0000E+00  4.4703E-08
 4.0000E-02 3.5618E-01 -2.2533E-01  4.7684E-07 -4.4703E-08
 4.0000E-02 3.5760E-01 -2.3774E-01  1.4305E-06  7.4506E-08
 4.0000E-02 3.5904E-01 -2.5026E-01 -2.8610E-06  1.1921E-07
 4.0000E-02 3.6048E-01 -2.6290E-01 -5.7220E-06  1.4901E-07
 4.0000E-02 3.6194E-01 -2.7566E-01  5.4836E-06  4.7684E-07
 4.0000E-02 3.6341E-01 -2.8848E-01 -3.3379E-06 -1.4901E-07
 4.0000E-02 3.6490E-01 -3.0122E-01 -1.9073E-06 -2.3842E-07
 4.0000E-02 3.6639E-01 -3.1396E-01  7.1526E-07  3.8743E-07
 4.0000E-02 3.6790E-01 -3.2671E-01  9.0599E-06 -8.9407E-08
 4.0000E-02 3.6942E-01 -3.3945E-01  4.2915E-06 -3.5763E-07
 4.0000E-02 3.7095E-01 -3.5218E-01 -1.1683E-05  4.4703E-07
 4.0000E-02 3.7250E-01 -3.6485E-01  2.6226E-06  5.0664E-07
 4.0000E-02 3.7406E-01 -3.7739E-01  1.1921E-06  5.9605E-08
 4.0000E-02 3.7563E-01 -3.8985E-01  0.0000E+00 -5.9605E-08
 4.0000E-02 3.7722E-01 -4.0226E-01  6.6757E-06  1.3709E-06
 4.0000E-02 3.7881E-01 -4.1456E-01 -2.6226E-06 -5.3644E-07
 4.0000E-02 3.8043E-01 -4.2674E-01 -5.7220E-06  1.1325E-06
 4.0000E-02 3.8205E-01 -4.3875E-01 -3.3379E-06  2.0862E-07
 4.0000E-02 3.8369E-01 -4.5061E-01  7.1526E-07 -2.7120E-06
 4.0000E-02 3.8534E-01 -4.6234E-01 -6.6757E-06  5.3942E-06
 4.0000E-02 3.8701E-01 -4.7390E-01 -1.3828E-05  9.8348E-07
 4.0000E-02 3.8870E-01 -4.8526E-01 -1.4305E-06 -2.3246E-06
 4.0000E-02 3.9039E-01 -4.9640E-01 -2.6226E-06 -5.6624E-07
 4.0000E-02 3.9211E-01 -5.0729E-01  5.4836E-06  2.6822E-06
 4.0000E-02 3.9383E-01 -5.1798E-01 -5.0068E-06 -3.5763E-07
 4.0000E-02 3.9558E-01 -5.2843E-01  9.5367E-07  1.9073E-06
 4.0000E-02 3.9733E-01 -5.3858E-01 -9.5367E-07 -3.8147E-06
 4.0000E-02 3.9911E-01 -5.4839E-01  9.5367E-07 -5.9605E-08
 4.0000E-02 4.0090E-01 -5.5785E-01  2.8610E-06  3.2783E-06
 4.0000E-02 4.0270E-01 -5.6700E-01 -7.1526E-07 -1.7285E-06
 4.0000E-02 4.0452E-01 -5.7578E-01  7.1526E-06 -1.1921E-06
 4.0000E-02 4.0636E-01 -5.8415E-01  2.1458E-06  2.6226E-06
 4.0000E-02 4.0822E-01 -5.9203E-01  7.1526E-07  2.5630E-06
 4.0000E-02 4.1009E-01 -5.9941E-01  1.1921E-06  1.2517E-06
 4.0000E-02 4.1198E-01 -6.0632E-01  2.3842E-06  4.7684E-07
 4.0000E-02 4.1389E-01 -6.1270E-01 -1.9073E-06 -4.1723E-07
 4.0000E-02 4.1581E-01 -6.1846E-01 -7.6294E-06  7.7486E-07
 4.0000E-02 4.1776E-01 -6.2350E-01 -1.0252E-05 -1.3113E-06
 4.0000E-02 4.1972E-01 -6.2787E-01  1.9073E-06 -1.0729E-06
 4.0000E-02 4.2170E-01 -6.3146E-01  1.4305E-06 -7.7486E-07
 4.0000E-02 4.2370E-01 -6.3417E-01 -2.3842E-06 -8.9407E-07
 4.0000E-02 4.2571E-01 -6.3586E-01  9.7752E-06  6.5565E-07
 4.0000E-02 4.2775E-01 -6.3644E-01  1.2875E-05 -5.3644E-07
 4.0000E-02 4.2981E-01 -6.3585E-01 -1.6689E-05 -5.9605E-08
 4.0000E-02 4.3188E-01 -6.3387E-01  3.0994E-06  2.0862E-06
 4.0000E-02 4.3398E-01 -6.3036E-01  0.0000E+00 -5.9605E-08
 4.0000E-02 4.3610E-01 -6.2518E-01  1.1444E-05 -7.7486E-07
 4.0000E-02 4.3824E-01 -6.1839E-01 -2.0981E-05  1.7881E-07
 4.0000E-02 4.4039E-01 -6.0974E-01 -3.8147E-06 -5.9605E-08
 4.0000E-02 4.4257E-01 -5.9920E-01 -4.7684E-06  7.7486E-07
 4.0000E-02 4.4478E-01 -5.8676E-01 -2.8610E-06  6.5565E-07
 4.0000E-02 4.4700E-01 -5.7247E-01 -6.1989E-06  5.9605E-08
 4.0000E-02 4.4925E-01 -5.5618E-01  4.7684E-07  2.5034E-06
 4.0000E-02 4.5152E-01 -5.3788E-01  1.4305E-06  3.4571E-06
 4.0000E-02 4.5381E-01 -5.1761E-01  4.7684E-07  1.1325E-06
 4.0000E-02 4.5612E-01 -4.9532E-01 -1.9073E-06 -6.8545E-07
 4.0000E-02 4.5846E-01 -4.7084E-01  2.1935E-05  3.9637E-06
 4.0000E-02 4.6082E-01 -4.4414E-01  8.5831E-06 -1.9968E-06
 4.0000E-02 4.6321E-01 -4.1517E-01  7.6294E-06  4.2915E-06
 4.0000E-02 4.6563E-01 -3.8351E-01 -4.7684E-07  3.9041E-06
 4.0000E-02 4.6806E-01 -3.4875E-01 -7.6294E-06  3.7849E-06
 4.0000E-02 4.7053E-01 -3.1044E-01  4.7684E-07 -4.7684E-07
 4.0000E-02 4.7302E-01 -2.6791E-01  2.8610E-06 -9.2387E-07
 4.0000E-02 4.7553E-01 -2.2003E-01  4.7684E-06 -2.8461E-06
 4.0000E-02 4.7807E-01 -1.6598E-01  2.8610E-06  9.6858E-07
 4.0000E-02 4.8065E-01 -1.0469E-01  3.8147E-06 -1.8999E-06
 4.0000E-02 4.8324E-01 -3.4907E-02  1.8597E-05  5.5134E-07
 4.0000E-02 4.8587E-01  4.4363E-02 -4.2915E-06  1.3523E-06
 4.0000E-02 4.8852E-01  1.3402E-01  0.0000E+00 -4.7684E-07
 4.0000E-02 4.9121E-01  2.3498E-01  1.0967E-05  3.5763E-06
 4.0000E-02 4.9392E-01  3.4751E-01  1.9550E-05 -5.4240E-06
 4.0000E-02 4.9667E-01  4.7132E-01 -1.0490E-05  4.3809E-06
 4.0000E-02 4.9944E-01  6.0586E-01 -8.5831E-06 -4.4703E-06
 4.0000E-02 5.0225E-01  7.4944E-01  4.2915E-06 -3.5763E-07
 4.0000E-02 5.0508E-01  8.9940E-01 -1.3351E-05 -2.6822E-06
 4.0000E-02 5.0795E-01  1.0529E+00  1.9073E-06 -1.3113E-06
 4.0000E-02 5.1086E-01  1.2062E+00  7.1526E-06 -1.0729E-06
 4.0000E-02 5.1379E-01  1.3556E+00  1.2875E-05 -8.9407E-06
 4.0000E-02 5.1676E-01  1.4979E+00 -1.6212E-05  7.0333E-06
 4.0000E-02 5.1977E-01  1.6305E+00 -3.8147E-05  7.6294E-06
 4.0000E-02 5.2281E-01  1.7516E+00  3.6240E-05 -9.5367E-07
 4.0000E-02 5.2588E-01  1.8604E+00  6.1989E-06  1.1921E-06
 4.0000E-02 5.2899E-01  1.9569E+00  1.4305E-06 -1.3471E-05
 4.0000E-02 5.3214E-01  2.0418E+00  1.7643E-05  4.2915E-06
 4.0000E-02 5.3533E-01  2.1166E+00  1.0490E-05 -3.3379E-06
 4.0000E-02 5.3855E-01  2.1824E+00 -1.7166E-05  4.7684E-07
 4.0000E-02 5.4182E-01  2.2407E+00  0.0000E+00 -4.5300E-06
 4.0000E-02 5.4512E-01  2.2918E+00  2.8133E-05  2.3603E-05
 4.0000E-02 5.4847E-01  2.3357E+00  4.6730E-05  2.9564E-05
 4.0000E-02 5.5185E-01  2.3718E+00 -8.5831E-06  1.1683E-05
 4.0000E-02 5.5528E-01  2.3993E+00  2.6703E-05 -1.7643E-05
 4.0000E-02 5.5875E-01  2.4178E+00  5.0545E-05  1.5497E-05
 4.0000E-02 5.6226E-01  2.4272E+00  4.7684E-05 -2.1458E-06
 4.0000E-02 5.6582E-01  2.4277E+00 -4.2915E-06 -5.0068E-06
 4.0000E-02 5.6943E-01  2.4200E+00  1.1206E-05 -6.6757E-06
 4.0000E-02 5.7308E-01  2.4053E+00  1.0729E-05  1.9789E-05
 4.0000E-02 5.7677E-01  2.3849E+00  2.8849E-05  1.4782E-05
 4.0000E-02 5.8052E-01  2.3603E+00  1.1921E-06  1.7643E-05
 4.0000E-02 5.8431E-01  2.3325E+00 -2.3842E-05 -2.3842E-06
 4.0000E-02 5.8816E-01  2.3023E+00 -7.6294E-06 -3.5763E-06
 4.0000E-02 5.9205E-01  2.2699E+00  9.2983E-06 -2.5988E-05
 4.0000E-02 5.9600E-01  2.2357E+00 -5.8889E-05 -2.3842E-07
 4.0000E-02 6.0000E-01  2.2001E+00 -2.5988E-05 -2.8849E-05
