 DDSCAT --- DDSCAT 7.3.3 [22.01.20]   
 TARGET --->TARGSPHER  spherical target with explicit spacing                 
 GPFAFT --- method of solution 
 FLTRCD --- prescription for polarizabilities
 FROM_FILE --- shape 
    4169 = NAT0 = number of dipoles
 ../../diel/Pena-Rioux_dielectric_26Au_74Ag                  
 ../../diel/Pena-Rioux_dielectric_52Au_48Ag                  
 ../../diel/Pena-Rioux_dielectric_65Au_35Ag                  
 ../../diel/Pena-Rioux_dielectric_92Au_8Ag                   
 ../../diel/Au_evap                                          
   0.000   0.000 = beta_min, beta_max ;  NBETA = 1
   0.000   0.000 = theta_min, theta_max; NTHETA= 1
   0.000   0.000 = phi_min, phi_max   ;   NPHI = 1
 Results averaged over    1 target orientations
                   and  2 incident polarizations
   aeff       wave       Q_pha       Q_pol       Q_cpol
 8.0000E-02 3.0000E-01 -1.6816E-01  1.6689E-06  5.9605E-08
 8.0000E-02 3.0101E-01 -1.6677E-01  8.8215E-06  1.6391E-07
 8.0000E-02 3.0203E-01 -1.6559E-01 -9.0599E-06  1.3411E-07
 8.0000E-02 3.0305E-01 -1.6448E-01  2.3842E-07  4.0233E-07
 8.0000E-02 3.0408E-01 -1.6345E-01 -6.9141E-06 -8.9407E-07
 8.0000E-02 3.0512E-01 -1.6252E-01 -1.1921E-06  9.3877E-07
 8.0000E-02 3.0616E-01 -1.6167E-01 -5.0068E-06 -1.0431E-07
 8.0000E-02 3.0722E-01 -1.6092E-01  4.7684E-06  4.4703E-08
 8.0000E-02 3.0828E-01 -1.6027E-01 -8.8215E-06 -3.1292E-07
 8.0000E-02 3.0934E-01 -1.5970E-01  1.1921E-05 -2.9802E-08
 8.0000E-02 3.1042E-01 -1.5921E-01  1.6689E-06  3.8743E-07
 8.0000E-02 3.1150E-01 -1.5868E-01 -3.0994E-06  4.1723E-07
 8.0000E-02 3.1259E-01 -1.5821E-01  4.7684E-07 -1.4901E-08
 8.0000E-02 3.1368E-01 -1.5784E-01 -4.7684E-06 -1.0431E-07
 8.0000E-02 3.1479E-01 -1.5756E-01 -7.6294E-06 -1.0431E-07
 8.0000E-02 3.1590E-01 -1.5740E-01 -2.3842E-06 -1.4901E-07
 8.0000E-02 3.1702E-01 -1.5734E-01 -2.8610E-06  7.4506E-08
 8.0000E-02 3.1815E-01 -1.5719E-01 -2.8610E-06  6.8545E-07
 8.0000E-02 3.1929E-01 -1.5716E-01  1.0252E-05  1.6391E-07
 8.0000E-02 3.2043E-01 -1.5729E-01  1.1921E-06  2.8312E-07
 8.0000E-02 3.2158E-01 -1.5786E-01  8.1062E-06  1.2368E-06
 8.0000E-02 3.2274E-01 -1.5858E-01 -7.3910E-06  1.1474E-06
 8.0000E-02 3.2391E-01 -1.5948E-01  6.9141E-06 -2.0862E-07
 8.0000E-02 3.2509E-01 -1.6055E-01  9.0599E-06  2.5332E-07
 8.0000E-02 3.2628E-01 -1.6180E-01  7.1526E-06  1.8775E-06
 8.0000E-02 3.2747E-01 -1.6346E-01 -4.7684E-07  1.7881E-06
 8.0000E-02 3.2868E-01 -1.6542E-01  4.0531E-06  3.8743E-06
 8.0000E-02 3.2989E-01 -1.6769E-01 -4.2915E-06 -4.9174E-07
 8.0000E-02 3.3111E-01 -1.7028E-01 -6.9141E-06 -2.5481E-06
 8.0000E-02 3.3234E-01 -1.7304E-01 -2.8610E-06  8.8364E-06
 8.0000E-02 3.3358E-01 -1.7606E-01 -2.1458E-06  2.2054E-06
 8.0000E-02 3.3483E-01 -1.7941E-01  8.8215E-06 -4.2170E-06
 8.0000E-02 3.3609E-01 -1.8326E-01 -4.0531E-06  1.3709E-06
 8.0000E-02 3.3736E-01 -1.8757E-01  2.3842E-06  2.1011E-06
 8.0000E-02 3.3864E-01 -1.9219E-01  4.2915E-06 -5.6624E-07
 8.0000E-02 3.3992E-01 -1.9713E-01 -6.1989E-06 -7.1973E-06
 8.0000E-02 3.4122E-01 -2.0240E-01  4.0531E-06  4.0233E-06
 8.0000E-02 3.4253E-01 -2.0798E-01 -1.4305E-06 -9.8348E-07
 8.0000E-02 3.4385E-01 -2.1390E-01  5.4836E-06 -4.6194E-07
 8.0000E-02 3.4517E-01 -2.2015E-01  5.2452E-06  1.2219E-06
 8.0000E-02 3.4651E-01 -2.2660E-01  2.3842E-07  4.6194E-07
 8.0000E-02 3.4786E-01 -2.3326E-01 -4.5300E-06  4.5598E-06
 8.0000E-02 3.4922E-01 -2.4013E-01 -1.2875E-05 -3.4273E-07
 8.0000E-02 3.5059E-01 -2.4719E-01 -2.6226E-06  2.6822E-07
 8.0000E-02 3.5197E-01 -2.5445E-01  1.5497E-05 -6.6459E-06
 8.0000E-02 3.5336E-01 -2.6190E-01  8.1062E-06 -6.5565E-07
 8.0000E-02 3.5476E-01 -2.6945E-01  1.5497E-05  4.8578E-06
 8.0000E-02 3.5618E-01 -2.7706E-01  2.6226E-06 -1.4007E-06
 8.0000E-02 3.5760E-01 -2.8472E-01  5.0068E-06 -2.6822E-07
 8.0000E-02 3.5904E-01 -2.9241E-01 -1.0967E-05  5.3644E-07
 8.0000E-02 3.6048E-01 -3.0014E-01  3.0994E-06  4.7684E-07
 8.0000E-02 3.6194E-01 -3.0788E-01 -2.6226E-06 -3.3379E-06
 8.0000E-02 3.6341E-01 -3.1560E-01  2.3842E-06  1.8477E-06
 8.0000E-02 3.6490E-01 -3.2319E-01  3.0518E-05  1.9670E-06
 8.0000E-02 3.6639E-01 -3.3071E-01  3.6955E-05  6.0499E-06
 8.0000E-02 3.6790E-01 -3.3817E-01 -1.8358E-05 -1.4603E-06
 8.0000E-02 3.6942E-01 -3.4552E-01 -1.4305E-06  4.1425E-06
 8.0000E-02 3.7095E-01 -3.5279E-01 -1.3590E-05  1.6987E-06
 8.0000E-02 3.7250E-01 -3.5994E-01 -4.5300E-06  1.4603E-06
 8.0000E-02 3.7406E-01 -3.6693E-01 -5.2452E-06  8.0466E-07
 8.0000E-02 3.7563E-01 -3.7382E-01  7.3910E-06 -1.1921E-07
 8.0000E-02 3.7722E-01 -3.8060E-01 -4.5300E-06 -2.0862E-06
 8.0000E-02 3.7881E-01 -3.8725E-01  1.5259E-05 -3.2783E-07
 8.0000E-02 3.8043E-01 -3.9377E-01  6.4373E-06 -4.9472E-06
 8.0000E-02 3.8205E-01 -4.0013E-01 -7.6294E-06 -2.8312E-06
 8.0000E-02 3.8369E-01 -4.0637E-01 -6.9141E-06 -2.6822E-06
 8.0000E-02 3.8534E-01 -4.1251E-01  9.5367E-07 -1.9372E-06
 8.0000E-02 3.8701E-01 -4.1856E-01  2.3842E-07  2.3842E-07
 8.0000E-02 3.8870E-01 -4.2451E-01  0.0000E+00  1.8477E-06
 8.0000E-02 3.9039E-01 -4.3034E-01  1.4305E-06  1.0729E-06
 8.0000E-02 3.9211E-01 -4.3609E-01 -2.3842E-06  1.4901E-07
 8.0000E-02 3.9383E-01 -4.4179E-01  7.8678E-06 -2.3842E-07
 8.0000E-02 3.9558E-01 -4.4744E-01 -3.0994E-06  9.8348E-07
 8.0000E-02 3.9733E-01 -4.5301E-01 -4.7684E-07 -1.2517E-06
 8.0000E-02 3.9911E-01 -4.5853E-01 -2.8610E-06 -1.2815E-06
 8.0000E-02 4.0090E-01 -4.6402E-01 -2.7180E-05  6.5565E-07
 8.0000E-02 4.0270E-01 -4.6949E-01  1.2636E-05 -3.9637E-06
 8.0000E-02 4.0452E-01 -4.7491E-01  1.1444E-05 -2.6822E-07
 8.0000E-02 4.0636E-01 -4.8026E-01  6.4373E-06 -8.0466E-07
 8.0000E-02 4.0822E-01 -4.8553E-01  0.0000E+00 -2.6524E-06
 8.0000E-02 4.1009E-01 -4.9074E-01  1.1921E-05 -1.2517E-06
 8.0000E-02 4.1198E-01 -4.9585E-01  1.0014E-05 -5.7518E-06
 8.0000E-02 4.1389E-01 -5.0080E-01 -1.8358E-05 -1.7941E-05
 8.0000E-02 4.1581E-01 -5.0553E-01  8.5831E-06  1.3769E-05
 8.0000E-02 4.1776E-01 -5.1003E-01  2.3842E-07 -1.8477E-06
 8.0000E-02 4.1972E-01 -5.1431E-01  4.4107E-05 -1.0371E-05
 8.0000E-02 4.2170E-01 -5.1829E-01 -9.7752E-06  5.3644E-07
 8.0000E-02 4.2370E-01 -5.2196E-01 -5.0068E-06 -8.8215E-06
 8.0000E-02 4.2571E-01 -5.2532E-01  4.7684E-06  2.9206E-06
 8.0000E-02 4.2775E-01 -5.2836E-01 -4.7684E-07  5.9605E-07
 8.0000E-02 4.2981E-01 -5.3107E-01  5.4836E-06 -1.6689E-06
 8.0000E-02 4.3188E-01 -5.3342E-01 -8.3447E-06  5.1260E-06
 8.0000E-02 4.3398E-01 -5.3541E-01  6.9141E-06 -1.2517E-06
 8.0000E-02 4.3610E-01 -5.3697E-01  5.2452E-06 -6.5565E-07
 8.0000E-02 4.3824E-01 -5.3805E-01 -7.8678E-06 -2.9802E-07
 8.0000E-02 4.4039E-01 -5.3856E-01 -1.8120E-05  7.6294E-06
 8.0000E-02 4.4257E-01 -5.3844E-01  6.6757E-06 -1.7881E-07
 8.0000E-02 4.4478E-01 -5.3760E-01 -8.3447E-06 -3.8147E-06
 8.0000E-02 4.4700E-01 -5.3599E-01  1.3590E-05  1.9670E-06
 8.0000E-02 4.4925E-01 -5.3348E-01 -1.1683E-05  0.0000E+00
 8.0000E-02 4.5152E-01 -5.2997E-01  1.0967E-05  5.9605E-08
 8.0000E-02 4.5381E-01 -5.2540E-01 -1.0014E-05  3.3379E-06
 8.0000E-02 4.5612E-01 -5.1964E-01 -5.2452E-06  2.6226E-06
 8.0000E-02 4.5846E-01 -5.1258E-01 -4.7684E-06  5.4836E-06
 8.0000E-02 4.6082E-01 -5.0418E-01  1.2875E-05  7.1526E-07
 8.0000E-02 4.6321E-01 -4.9443E-01  1.0014E-05  2.6524E-06
 8.0000E-02 4.6563E-01 -4.8323E-01 -5.7220E-06  1.1921E-06
 8.0000E-02 4.6806E-01 -4.7062E-01  4.2915E-06  4.7684E-07
 8.0000E-02 4.7053E-01 -4.5662E-01 -4.7684E-06 -2.5034E-06
 8.0000E-02 4.7302E-01 -4.4130E-01  7.6294E-06 -3.6955E-06
 8.0000E-02 4.7553E-01 -4.2475E-01  6.6757E-06 -1.8775E-06
 8.0000E-02 4.7807E-01 -4.0708E-01 -4.2915E-06  3.0398E-06
 8.0000E-02 4.8065E-01 -3.8837E-01  3.3379E-06 -5.3644E-07
 8.0000E-02 4.8324E-01 -3.6860E-01  0.0000E+00  3.2783E-07
 8.0000E-02 4.8587E-01 -3.4769E-01  9.5367E-06  5.3644E-07
 8.0000E-02 4.8852E-01 -3.2555E-01 -3.3379E-06 -3.6657E-06
 8.0000E-02 4.9121E-01 -3.0195E-01 -8.5831E-06  5.0366E-06
 8.0000E-02 4.9392E-01 -2.7663E-01  1.4305E-06 -1.8179E-06
 8.0000E-02 4.9667E-01 -2.4982E-01 -2.8610E-06 -3.2932E-06
 8.0000E-02 4.9944E-01 -2.2178E-01 -9.5367E-06 -1.2219E-06
 8.0000E-02 5.0225E-01 -1.9130E-01 -5.7220E-06 -6.7055E-07
 8.0000E-02 5.0508E-01 -1.5848E-01 -4.2915E-06  9.6858E-07
 8.0000E-02 5.0795E-01 -1.2345E-01 -4.7684E-06 -3.7849E-06
 8.0000E-02 5.1086E-01 -8.6510E-02  4.2915E-06  2.1458E-06
 8.0000E-02 5.1379E-01 -4.8253E-02 -1.1444E-05 -5.6252E-06
 8.0000E-02 5.1676E-01 -9.0962E-03 -6.6757E-06  4.8978E-06
 8.0000E-02 5.1977E-01  3.0617E-02  1.0014E-05 -2.6301E-06
 8.0000E-02 5.2281E-01  7.2762E-02 -9.5367E-06  7.5474E-06
 8.0000E-02 5.2588E-01  1.1590E-01  1.9550E-05  1.6019E-05
 8.0000E-02 5.2899E-01  1.5806E-01  3.8147E-06 -2.0862E-06
 8.0000E-02 5.3214E-01  1.9869E-01 -5.9605E-05  1.4231E-05
 8.0000E-02 5.3533E-01  2.3748E-01  2.0504E-05  5.2005E-06
 8.0000E-02 5.3855E-01  2.7409E-01  2.1935E-05  6.3777E-06
 8.0000E-02 5.4182E-01  3.0826E-01  1.0967E-05 -6.2585E-07
 8.0000E-02 5.4512E-01  3.3960E-01  4.5776E-05 -1.1176E-05
 8.0000E-02 5.4847E-01  3.6773E-01 -7.1526E-06  3.0696E-06
 8.0000E-02 5.5185E-01  3.9169E-01  9.5367E-07  8.0764E-06
 8.0000E-02 5.5528E-01  4.1226E-01  7.1526E-06 -7.2420E-06
 8.0000E-02 5.5875E-01  4.2965E-01  1.9073E-05  1.0133E-06
 8.0000E-02 5.6226E-01  4.4405E-01 -1.5736E-05  6.1989E-06
 8.0000E-02 5.6582E-01  4.5577E-01 -8.1062E-06  3.0696E-06
 8.0000E-02 5.6943E-01  4.6541E-01  3.0041E-05 -4.9174E-06
 8.0000E-02 5.7308E-01  4.7371E-01 -1.3828E-05  8.5235E-06
 8.0000E-02 5.7677E-01  4.8134E-01 -8.2016E-05 -1.7732E-05
 8.0000E-02 5.8052E-01  4.8887E-01 -4.9591E-05  8.9407E-07
 8.0000E-02 5.8431E-01  4.9647E-01 -2.5272E-05 -4.5836E-05
 8.0000E-02 5.8816E-01  5.0377E-01 -3.6716E-05  1.5795E-05
 8.0000E-02 5.9205E-01  5.0996E-01  7.1526E-06 -3.8624E-05
 8.0000E-02 5.9600E-01  5.1420E-01 -2.4319E-05  1.2279E-05
 8.0000E-02 6.0000E-01  5.1601E-01  1.2589E-04  3.0398E-05
