 DDSCAT --- DDSCAT 7.3.3 [22.01.20]   
 TARGET --->TARGSPHER  spherical target with explicit spacing                 
 GPFAFT --- method of solution 
 GKDLDR --- prescription for polarizabilities
 FROM_FILE --- shape 
    4169 = NAT0 = number of dipoles
 ../../diel/Pena-Rioux_dielectric_26Au_74Ag                  
 ../../diel/Pena-Rioux_dielectric_34Au_66Ag                  
 ../../diel/Pena-Rioux_dielectric_52Au_48Ag                  
 ../../diel/Pena-Rioux_dielectric_92Au_8Ag                   
   0.000   0.000 = beta_min, beta_max ;  NBETA = 1
   0.000   0.000 = theta_min, theta_max; NTHETA= 1
   0.000   0.000 = phi_min, phi_max   ;   NPHI = 1
 0.5000 = ETASCA (param. controlling # of scatt. dirs used to calculate <cos> etc.
 Results averaged over    1 target orientations
                   and  2 incident polarizations
   aeff       wave       Q_ext     Q_abs      Q_sca     g(1)=<cos>  <cos^2>    Q_bk       Nsca
 4.0000E-02 3.0000E-01 2.4788E+00 1.7493E+00 7.2949E-01  2.5157E-01 4.1499E-01 3.7616E-02   408
 4.0000E-02 3.0101E-01 2.4693E+00 1.7474E+00 7.2184E-01  2.4971E-01 4.1478E-01 3.7560E-02   408
 4.0000E-02 3.0203E-01 2.4596E+00 1.7454E+00 7.1417E-01  2.4786E-01 4.1459E-01 3.7494E-02   408
 4.0000E-02 3.0305E-01 2.4498E+00 1.7433E+00 7.0646E-01  2.4601E-01 4.1439E-01 3.7420E-02   408
 4.0000E-02 3.0408E-01 2.4398E+00 1.7411E+00 6.9871E-01  2.4415E-01 4.1419E-01 3.7336E-02   408
 4.0000E-02 3.0512E-01 2.4297E+00 1.7387E+00 6.9094E-01  2.4229E-01 4.1400E-01 3.7243E-02   408
 4.0000E-02 3.0616E-01 2.4194E+00 1.7363E+00 6.8314E-01  2.4044E-01 4.1381E-01 3.7141E-02   408
 4.0000E-02 3.0722E-01 2.4090E+00 1.7337E+00 6.7530E-01  2.3857E-01 4.1362E-01 3.7031E-02   408
 4.0000E-02 3.0828E-01 2.3986E+00 1.7310E+00 6.6753E-01  2.3670E-01 4.1343E-01 3.6918E-02   408
 4.0000E-02 3.0934E-01 2.3885E+00 1.7285E+00 6.6006E-01  2.3480E-01 4.1324E-01 3.6818E-02   408
 4.0000E-02 3.1042E-01 2.3784E+00 1.7258E+00 6.5260E-01  2.3289E-01 4.1305E-01 3.6712E-02   408
 4.0000E-02 3.1150E-01 2.3682E+00 1.7230E+00 6.4515E-01  2.3097E-01 4.1286E-01 3.6601E-02   408
 4.0000E-02 3.1259E-01 2.3579E+00 1.7202E+00 6.3774E-01  2.2904E-01 4.1268E-01 3.6484E-02   408
 4.0000E-02 3.1368E-01 2.3475E+00 1.7172E+00 6.3033E-01  2.2711E-01 4.1249E-01 3.6361E-02   408
 4.0000E-02 3.1479E-01 2.3371E+00 1.7142E+00 6.2295E-01  2.2528E-01 4.1246E-01 3.6233E-02   362
 4.0000E-02 3.1590E-01 2.3266E+00 1.7110E+00 6.1560E-01  2.2334E-01 4.1228E-01 3.6101E-02   362
 4.0000E-02 3.1702E-01 2.3160E+00 1.7077E+00 6.0826E-01  2.2138E-01 4.1210E-01 3.5963E-02   363
 4.0000E-02 3.1815E-01 2.3049E+00 1.7041E+00 6.0073E-01  2.1943E-01 4.1192E-01 3.5806E-02   363
 4.0000E-02 3.1929E-01 2.2936E+00 1.7005E+00 5.9319E-01  2.1748E-01 4.1175E-01 3.5640E-02   363
 4.0000E-02 3.2043E-01 2.2823E+00 1.6966E+00 5.8570E-01  2.1554E-01 4.1157E-01 3.5469E-02   363
 4.0000E-02 3.2158E-01 2.2709E+00 1.6927E+00 5.7825E-01  2.1358E-01 4.1140E-01 3.5294E-02   363
 4.0000E-02 3.2274E-01 2.2595E+00 1.6886E+00 5.7086E-01  2.1163E-01 4.1123E-01 3.5113E-02   363
 4.0000E-02 3.2391E-01 2.2480E+00 1.6845E+00 5.6352E-01  2.0968E-01 4.1106E-01 3.4928E-02   363
 4.0000E-02 3.2509E-01 2.2364E+00 1.6801E+00 5.5625E-01  2.0773E-01 4.1090E-01 3.4739E-02   363
 4.0000E-02 3.2628E-01 2.2247E+00 1.6757E+00 5.4903E-01  2.0577E-01 4.1073E-01 3.4547E-02   363
 4.0000E-02 3.2747E-01 2.2124E+00 1.6708E+00 5.4161E-01  2.0385E-01 4.1057E-01 3.4330E-02   363
 4.0000E-02 3.2868E-01 2.2003E+00 1.6658E+00 5.3447E-01  2.0193E-01 4.1041E-01 3.4122E-02   363
 4.0000E-02 3.2989E-01 2.1886E+00 1.6609E+00 5.2763E-01  2.0001E-01 4.1025E-01 3.3925E-02   363
 4.0000E-02 3.3111E-01 2.1772E+00 1.6561E+00 5.2111E-01  1.9808E-01 4.1010E-01 3.3743E-02   363
 4.0000E-02 3.3234E-01 2.1662E+00 1.6513E+00 5.1492E-01  1.9615E-01 4.0994E-01 3.3575E-02   363
 4.0000E-02 3.3358E-01 2.1555E+00 1.6465E+00 5.0908E-01  1.9423E-01 4.0978E-01 3.3423E-02   363
 4.0000E-02 3.3483E-01 2.1453E+00 1.6417E+00 5.0360E-01  1.9230E-01 4.0963E-01 3.3290E-02   363
 4.0000E-02 3.3609E-01 2.1362E+00 1.6373E+00 4.9883E-01  1.9035E-01 4.0947E-01 3.3199E-02   363
 4.0000E-02 3.3736E-01 2.1284E+00 1.6335E+00 4.9491E-01  1.8839E-01 4.0932E-01 3.3161E-02   363
 4.0000E-02 3.3864E-01 2.1215E+00 1.6300E+00 4.9156E-01  1.8643E-01 4.0916E-01 3.3158E-02   363
 4.0000E-02 3.3992E-01 2.1155E+00 1.6267E+00 4.8880E-01  1.8446E-01 4.0900E-01 3.3191E-02   363
 4.0000E-02 3.4122E-01 2.1104E+00 1.6238E+00 4.8663E-01  1.8248E-01 4.0884E-01 3.3263E-02   363
 4.0000E-02 3.4253E-01 2.1063E+00 1.6212E+00 4.8508E-01  1.8050E-01 4.0869E-01 3.3375E-02   363
 4.0000E-02 3.4385E-01 2.1032E+00 1.6190E+00 4.8417E-01  1.7851E-01 4.0853E-01 3.3530E-02   363
 4.0000E-02 3.4517E-01 2.1012E+00 1.6173E+00 4.8397E-01  1.7653E-01 4.0837E-01 3.3733E-02   363
 4.0000E-02 3.4651E-01 2.1005E+00 1.6161E+00 4.8445E-01  1.7454E-01 4.0822E-01 3.3984E-02   363
 4.0000E-02 3.4786E-01 2.1008E+00 1.6152E+00 4.8551E-01  1.7255E-01 4.0806E-01 3.4276E-02   363
 4.0000E-02 3.4922E-01 2.1020E+00 1.6148E+00 4.8718E-01  1.7055E-01 4.0791E-01 3.4613E-02   363
 4.0000E-02 3.5059E-01 2.1043E+00 1.6148E+00 4.8948E-01  1.6856E-01 4.0775E-01 3.4996E-02   363
 4.0000E-02 3.5197E-01 2.1076E+00 1.6152E+00 4.9242E-01  1.6657E-01 4.0760E-01 3.5427E-02   363
 4.0000E-02 3.5336E-01 2.1121E+00 1.6161E+00 4.9604E-01  1.6457E-01 4.0744E-01 3.5908E-02   363
 4.0000E-02 3.5476E-01 2.1175E+00 1.6173E+00 5.0020E-01  1.6259E-01 4.0729E-01 3.6433E-02   363
 4.0000E-02 3.5618E-01 2.1238E+00 1.6189E+00 5.0491E-01  1.6060E-01 4.0714E-01 3.7001E-02   363
 4.0000E-02 3.5760E-01 2.1311E+00 1.6208E+00 5.1023E-01  1.5862E-01 4.0699E-01 3.7619E-02   363
 4.0000E-02 3.5904E-01 2.1394E+00 1.6232E+00 5.1619E-01  1.5664E-01 4.0684E-01 3.8288E-02   363
 4.0000E-02 3.6048E-01 2.1488E+00 1.6260E+00 5.2283E-01  1.5466E-01 4.0669E-01 3.9011E-02   363
 4.0000E-02 3.6194E-01 2.1594E+00 1.6292E+00 5.3016E-01  1.5270E-01 4.0654E-01 3.9792E-02   363
 4.0000E-02 3.6341E-01 2.1711E+00 1.6329E+00 5.3817E-01  1.5074E-01 4.0640E-01 4.0629E-02   363
 4.0000E-02 3.6490E-01 2.1838E+00 1.6369E+00 5.4688E-01  1.4878E-01 4.0625E-01 4.1526E-02   363
 4.0000E-02 3.6639E-01 2.1978E+00 1.6414E+00 5.5634E-01  1.4684E-01 4.0611E-01 4.2486E-02   363
 4.0000E-02 3.6790E-01 2.2130E+00 1.6464E+00 5.6659E-01  1.4491E-01 4.0597E-01 4.3512E-02   363
 4.0000E-02 3.6942E-01 2.2296E+00 1.6519E+00 5.7768E-01  1.4300E-01 4.0583E-01 4.4610E-02   363
 4.0000E-02 3.7095E-01 2.2476E+00 1.6580E+00 5.8967E-01  1.4110E-01 4.0570E-01 4.5784E-02   363
 4.0000E-02 3.7250E-01 2.2673E+00 1.6647E+00 6.0264E-01  1.3921E-01 4.0556E-01 4.7042E-02   363
 4.0000E-02 3.7406E-01 2.2887E+00 1.6721E+00 6.1665E-01  1.3735E-01 4.0542E-01 4.8389E-02   363
 4.0000E-02 3.7563E-01 2.3118E+00 1.6802E+00 6.3164E-01  1.3553E-01 4.0529E-01 4.9820E-02   363
 4.0000E-02 3.7722E-01 2.3367E+00 1.6890E+00 6.4774E-01  1.3371E-01 4.0516E-01 5.1346E-02   363
 4.0000E-02 3.7881E-01 2.3635E+00 1.6985E+00 6.6499E-01  1.3193E-01 4.0503E-01 5.2973E-02   363
 4.0000E-02 3.8043E-01 2.3924E+00 1.7089E+00 6.8351E-01  1.3016E-01 4.0490E-01 5.4709E-02   363
 4.0000E-02 3.8205E-01 2.4237E+00 1.7203E+00 7.0334E-01  1.2843E-01 4.0478E-01 5.6561E-02   363
 4.0000E-02 3.8369E-01 2.4571E+00 1.7326E+00 7.2449E-01  1.2671E-01 4.0465E-01 5.8531E-02   363
 4.0000E-02 3.8534E-01 2.4929E+00 1.7459E+00 7.4702E-01  1.2502E-01 4.0452E-01 6.0621E-02   363
 4.0000E-02 3.8701E-01 2.5313E+00 1.7602E+00 7.7105E-01  1.2336E-01 4.0440E-01 6.2844E-02   363
 4.0000E-02 3.8870E-01 2.5723E+00 1.7757E+00 7.9667E-01  1.2172E-01 4.0427E-01 6.5210E-02   363
 4.0000E-02 3.9039E-01 2.6163E+00 1.7923E+00 8.2403E-01  1.2018E-01 4.0432E-01 6.7732E-02   323
 4.0000E-02 3.9211E-01 2.6632E+00 1.8101E+00 8.5306E-01  1.1858E-01 4.0419E-01 7.0407E-02   323
 4.0000E-02 3.9383E-01 2.7131E+00 1.8292E+00 8.8391E-01  1.1699E-01 4.0407E-01 7.3248E-02   323
 4.0000E-02 3.9558E-01 2.7663E+00 1.8496E+00 9.1671E-01  1.1541E-01 4.0394E-01 7.6270E-02   323
 4.0000E-02 3.9733E-01 2.8230E+00 1.8714E+00 9.5163E-01  1.1384E-01 4.0381E-01 7.9488E-02   323
 4.0000E-02 3.9911E-01 2.8835E+00 1.8947E+00 9.8882E-01  1.1227E-01 4.0368E-01 8.2921E-02   323
 4.0000E-02 4.0090E-01 2.9479E+00 1.9196E+00 1.0283E+00  1.1069E-01 4.0354E-01 8.6577E-02   323
 4.0000E-02 4.0270E-01 3.0162E+00 1.9459E+00 1.0703E+00  1.0909E-01 4.0341E-01 9.0475E-02   323
 4.0000E-02 4.0452E-01 3.0888E+00 1.9738E+00 1.1150E+00  1.0747E-01 4.0327E-01 9.4641E-02   323
 4.0000E-02 4.0636E-01 3.1659E+00 2.0034E+00 1.1625E+00  1.0580E-01 4.0312E-01 9.9104E-02   323
 4.0000E-02 4.0822E-01 3.2479E+00 2.0347E+00 1.2131E+00  1.0406E-01 4.0297E-01 1.0390E-01   323
 4.0000E-02 4.1009E-01 3.3347E+00 2.0677E+00 1.2671E+00  1.0224E-01 4.0282E-01 1.0906E-01   323
 4.0000E-02 4.1198E-01 3.4266E+00 2.1021E+00 1.3245E+00  1.0030E-01 4.0266E-01 1.1462E-01   323
 4.0000E-02 4.1389E-01 3.5238E+00 2.1381E+00 1.3857E+00  9.8228E-02 4.0250E-01 1.2063E-01   323
 4.0000E-02 4.1581E-01 3.6263E+00 2.1754E+00 1.4509E+00  9.5979E-02 4.0234E-01 1.2716E-01   323
 4.0000E-02 4.1776E-01 3.7342E+00 2.2139E+00 1.5203E+00  9.3523E-02 4.0218E-01 1.3426E-01   323
 4.0000E-02 4.1972E-01 3.8476E+00 2.2533E+00 1.5943E+00  9.0825E-02 4.0201E-01 1.4202E-01   323
 4.0000E-02 4.2170E-01 3.9661E+00 2.2930E+00 1.6731E+00  8.7857E-02 4.0185E-01 1.5048E-01   323
 4.0000E-02 4.2370E-01 4.0895E+00 2.3328E+00 1.7567E+00  8.4604E-02 4.0169E-01 1.5973E-01   323
 4.0000E-02 4.2571E-01 4.2178E+00 2.3723E+00 1.8455E+00  8.1055E-02 4.0153E-01 1.6983E-01   323
 4.0000E-02 4.2775E-01 4.3506E+00 2.4111E+00 1.9396E+00  7.7214E-02 4.0138E-01 1.8085E-01   323
 4.0000E-02 4.2981E-01 4.4875E+00 2.4487E+00 2.0389E+00  7.3117E-02 4.0124E-01 1.9281E-01   323
 4.0000E-02 4.3188E-01 4.6283E+00 2.4848E+00 2.1435E+00  6.8815E-02 4.0112E-01 2.0572E-01   323
 4.0000E-02 4.3398E-01 4.7729E+00 2.5196E+00 2.2533E+00  6.4373E-02 4.0100E-01 2.1958E-01   323
 4.0000E-02 4.3610E-01 4.9212E+00 2.5531E+00 2.3682E+00  5.9870E-02 4.0091E-01 2.3434E-01   323
 4.0000E-02 4.3824E-01 5.0729E+00 2.5855E+00 2.4875E+00  5.5397E-02 4.0083E-01 2.4988E-01   323
 4.0000E-02 4.4039E-01 5.2282E+00 2.6172E+00 2.6110E+00  5.1042E-02 4.0077E-01 2.6613E-01   323
 4.0000E-02 4.4257E-01 5.3870E+00 2.6488E+00 2.7382E+00  4.6876E-02 4.0072E-01 2.8294E-01   323
 4.0000E-02 4.4478E-01 5.5491E+00 2.6807E+00 2.8684E+00  4.2960E-02 4.0069E-01 3.0018E-01   323
 4.0000E-02 4.4700E-01 5.7138E+00 2.7134E+00 3.0003E+00  3.9341E-02 4.0067E-01 3.1762E-01   323
 4.0000E-02 4.4925E-01 5.8803E+00 2.7471E+00 3.1331E+00  3.6040E-02 4.0066E-01 3.3513E-01   323
 4.0000E-02 4.5152E-01 6.0474E+00 2.7819E+00 3.2655E+00  3.3060E-02 4.0067E-01 3.5250E-01   323
 4.0000E-02 4.5381E-01 6.2130E+00 2.8176E+00 3.3954E+00  3.0393E-02 4.0067E-01 3.6948E-01   323
 4.0000E-02 4.5612E-01 6.3750E+00 2.8539E+00 3.5211E+00  2.8021E-02 4.0069E-01 3.8584E-01   323
 4.0000E-02 4.5846E-01 6.5308E+00 2.8900E+00 3.6408E+00  2.5912E-02 4.0071E-01 4.0138E-01   323
 4.0000E-02 4.6082E-01 6.6777E+00 2.9251E+00 3.7526E+00  2.4033E-02 4.0073E-01 4.1588E-01   323
 4.0000E-02 4.6321E-01 6.8130E+00 2.9585E+00 3.8544E+00  2.2356E-02 4.0075E-01 4.2914E-01   323
 4.0000E-02 4.6563E-01 6.9345E+00 2.9892E+00 3.9453E+00  2.0850E-02 4.0078E-01 4.4101E-01   323
 4.0000E-02 4.6806E-01 7.0405E+00 3.0163E+00 4.0242E+00  1.9489E-02 4.0080E-01 4.5143E-01   323
 4.0000E-02 4.7053E-01 7.1293E+00 3.0390E+00 4.0903E+00  1.8249E-02 4.0083E-01 4.6029E-01   323
 4.0000E-02 4.7302E-01 7.1991E+00 3.0567E+00 4.1425E+00  1.7113E-02 4.0085E-01 4.6747E-01   323
 4.0000E-02 4.7553E-01 7.2491E+00 3.0685E+00 4.1807E+00  1.6060E-02 4.0087E-01 4.7297E-01   323
 4.0000E-02 4.7807E-01 7.2779E+00 3.0739E+00 4.2040E+00  1.5077E-02 4.0089E-01 4.7670E-01   323
 4.0000E-02 4.8065E-01 7.2841E+00 3.0726E+00 4.2114E+00  1.4151E-02 4.0091E-01 4.7853E-01   323
 4.0000E-02 4.8324E-01 7.2669E+00 3.0647E+00 4.2022E+00  1.3274E-02 4.0092E-01 4.7838E-01   323
 4.0000E-02 4.8587E-01 7.2264E+00 3.0500E+00 4.1764E+00  1.2436E-02 4.0093E-01 4.7628E-01   323
 4.0000E-02 4.8852E-01 7.1636E+00 3.0293E+00 4.1343E+00  1.1632E-02 4.0093E-01 4.7224E-01   323
 4.0000E-02 4.9121E-01 7.0809E+00 3.0033E+00 4.0776E+00  1.0861E-02 4.0093E-01 4.6646E-01   323
 4.0000E-02 4.9392E-01 6.9816E+00 2.9727E+00 4.0090E+00  1.0113E-02 4.0093E-01 4.5927E-01   323
 4.0000E-02 4.9667E-01 6.8696E+00 2.9381E+00 3.9316E+00  9.3867E-03 4.0093E-01 4.5103E-01   323
 4.0000E-02 4.9944E-01 6.7486E+00 2.9001E+00 3.8485E+00  8.6769E-03 4.0092E-01 4.4209E-01   323
 4.0000E-02 5.0225E-01 6.6216E+00 2.8591E+00 3.7626E+00  7.9791E-03 4.0092E-01 4.3280E-01   323
 4.0000E-02 5.0508E-01 6.4906E+00 2.8148E+00 3.6757E+00  7.2881E-03 4.0091E-01 4.2338E-01   323
 4.0000E-02 5.0795E-01 6.3565E+00 2.7674E+00 3.5892E+00  6.6012E-03 4.0091E-01 4.1398E-01   324
 4.0000E-02 5.1086E-01 6.2197E+00 2.7165E+00 3.5032E+00  5.9153E-03 4.0091E-01 4.0463E-01   324
 4.0000E-02 5.1379E-01 6.0796E+00 2.6622E+00 3.4174E+00  5.2613E-03 4.0111E-01 3.9527E-01   285
 4.0000E-02 5.1676E-01 5.9367E+00 2.6050E+00 3.3317E+00  4.5698E-03 4.0111E-01 3.8593E-01   285
 4.0000E-02 5.1977E-01 5.7919E+00 2.5450E+00 3.2468E+00  3.8733E-03 4.0112E-01 3.7667E-01   285
 4.0000E-02 5.2281E-01 5.6461E+00 2.4824E+00 3.1637E+00  3.1693E-03 4.0113E-01 3.6760E-01   285
 4.0000E-02 5.2588E-01 5.4999E+00 2.4164E+00 3.0835E+00  2.4556E-03 4.0113E-01 3.5886E-01   285
 4.0000E-02 5.2899E-01 5.3524E+00 2.3458E+00 3.0066E+00  1.7281E-03 4.0114E-01 3.5048E-01   285
 4.0000E-02 5.3214E-01 5.2010E+00 2.2692E+00 2.9319E+00  9.8393E-04 4.0115E-01 3.4236E-01   285
 4.0000E-02 5.3533E-01 5.0426E+00 2.1854E+00 2.8573E+00  2.2016E-04 4.0116E-01 3.3423E-01   285
 4.0000E-02 5.3855E-01 4.8739E+00 2.0939E+00 2.7800E+00 -5.6493E-04 4.0116E-01 3.2577E-01   285
 4.0000E-02 5.4182E-01 4.6935E+00 1.9961E+00 2.6974E+00 -1.3701E-03 4.0117E-01 3.1666E-01   285
 4.0000E-02 5.4512E-01 4.5020E+00 1.8941E+00 2.6080E+00 -2.1923E-03 4.0117E-01 3.0672E-01   285
 4.0000E-02 5.4847E-01 4.3023E+00 1.7907E+00 2.5116E+00 -3.0268E-03 4.0118E-01 2.9593E-01   285
 4.0000E-02 5.5185E-01 4.0980E+00 1.6883E+00 2.4097E+00 -3.8696E-03 4.0118E-01 2.8444E-01   285
 4.0000E-02 5.5528E-01 3.8928E+00 1.5889E+00 2.3039E+00 -4.7159E-03 4.0118E-01 2.7245E-01   285
 4.0000E-02 5.5875E-01 3.6897E+00 1.4940E+00 2.1957E+00 -5.5596E-03 4.0117E-01 2.6010E-01   285
 4.0000E-02 5.6226E-01 3.4918E+00 1.4051E+00 2.0867E+00 -6.3957E-03 4.0117E-01 2.4762E-01   285
 4.0000E-02 5.6582E-01 3.3022E+00 1.3233E+00 1.9788E+00 -7.2231E-03 4.0116E-01 2.3521E-01   285
 4.0000E-02 5.6943E-01 3.1227E+00 1.2487E+00 1.8740E+00 -8.0436E-03 4.0115E-01 2.2312E-01   285
 4.0000E-02 5.7308E-01 2.9541E+00 1.1806E+00 1.7735E+00 -8.8617E-03 4.0114E-01 2.1150E-01   285
 4.0000E-02 5.7677E-01 2.7960E+00 1.1179E+00 1.6781E+00 -9.6844E-03 4.0114E-01 2.0045E-01   285
 4.0000E-02 5.8052E-01 2.6474E+00 1.0597E+00 1.5876E+00 -1.0518E-02 4.0113E-01 1.8996E-01   285
 4.0000E-02 5.8431E-01 2.5072E+00 1.0055E+00 1.5017E+00 -1.1366E-02 4.0112E-01 1.7999E-01   285
 4.0000E-02 5.8816E-01 2.3753E+00 9.5523E-01 1.4200E+00 -1.2230E-02 4.0112E-01 1.7049E-01   285
 4.0000E-02 5.9205E-01 2.2520E+00 9.0955E-01 1.3424E+00 -1.3107E-02 4.0111E-01 1.6146E-01   285
 4.0000E-02 5.9600E-01 2.1381E+00 8.6879E-01 1.2693E+00 -1.3991E-02 4.0111E-01 1.5294E-01   285
 4.0000E-02 6.0000E-01 2.0337E+00 8.3278E-01 1.2010E+00 -1.4873E-02 4.0111E-01 1.4498E-01   285
