 DDSCAT --- DDSCAT 7.3.3 [22.01.20]   
 TARGET --->TARGSPHER  spherical target with explicit spacing                 
 GPFAFT --- method of solution 
 GKDLDR --- prescription for polarizabilities
 FROM_FILE --- shape 
    4169 = NAT0 = number of dipoles
 ../../diel/Pena-Rioux_dielectric_26Au_74Ag                  
 ../../diel/Pena-Rioux_dielectric_34Au_66Ag                  
 ../../diel/Pena-Rioux_dielectric_65Au_35Ag                  
 ../../diel/Pena-Rioux_dielectric_92Au_8Ag                   
   0.000   0.000 = beta_min, beta_max ;  NBETA = 1
   0.000   0.000 = theta_min, theta_max; NTHETA= 1
   0.000   0.000 = phi_min, phi_max   ;   NPHI = 1
 0.5000 = ETASCA (param. controlling # of scatt. dirs used to calculate <cos> etc.
 Results averaged over    1 target orientations
                   and  2 incident polarizations
   aeff       wave       Q_ext     Q_abs      Q_sca     g(1)=<cos>  <cos^2>    Q_bk       Nsca
 4.0000E-02 3.0000E-01 2.4844E+00 1.7522E+00 7.3213E-01  2.5201E-01 4.1500E-01 3.7670E-02   408
 4.0000E-02 3.0101E-01 2.4749E+00 1.7504E+00 7.2453E-01  2.5016E-01 4.1480E-01 3.7617E-02   408
 4.0000E-02 3.0203E-01 2.4654E+00 1.7485E+00 7.1689E-01  2.4832E-01 4.1460E-01 3.7554E-02   408
 4.0000E-02 3.0305E-01 2.4556E+00 1.7464E+00 7.0922E-01  2.4648E-01 4.1440E-01 3.7482E-02   408
 4.0000E-02 3.0408E-01 2.4458E+00 1.7443E+00 7.0151E-01  2.4463E-01 4.1421E-01 3.7400E-02   408
 4.0000E-02 3.0512E-01 2.4358E+00 1.7420E+00 6.9377E-01  2.4279E-01 4.1401E-01 3.7310E-02   408
 4.0000E-02 3.0616E-01 2.4256E+00 1.7397E+00 6.8599E-01  2.4094E-01 4.1382E-01 3.7210E-02   408
 4.0000E-02 3.0722E-01 2.4154E+00 1.7372E+00 6.7819E-01  2.3909E-01 4.1364E-01 3.7102E-02   408
 4.0000E-02 3.0828E-01 2.4051E+00 1.7346E+00 6.7046E-01  2.3723E-01 4.1345E-01 3.6991E-02   408
 4.0000E-02 3.0934E-01 2.3951E+00 1.7321E+00 6.6301E-01  2.3534E-01 4.1326E-01 3.6894E-02   408
 4.0000E-02 3.1042E-01 2.3852E+00 1.7296E+00 6.5560E-01  2.3344E-01 4.1307E-01 3.6790E-02   408
 4.0000E-02 3.1150E-01 2.3751E+00 1.7269E+00 6.4818E-01  2.3154E-01 4.1288E-01 3.6681E-02   408
 4.0000E-02 3.1259E-01 2.3649E+00 1.7241E+00 6.4078E-01  2.2963E-01 4.1270E-01 3.6565E-02   408
 4.0000E-02 3.1368E-01 2.3547E+00 1.7213E+00 6.3339E-01  2.2772E-01 4.1252E-01 3.6444E-02   408
 4.0000E-02 3.1479E-01 2.3443E+00 1.7183E+00 6.2603E-01  2.2590E-01 4.1249E-01 3.6319E-02   362
 4.0000E-02 3.1590E-01 2.3339E+00 1.7153E+00 6.1867E-01  2.2398E-01 4.1231E-01 3.6185E-02   362
 4.0000E-02 3.1702E-01 2.3234E+00 1.7121E+00 6.1136E-01  2.2205E-01 4.1213E-01 3.6048E-02   363
 4.0000E-02 3.1815E-01 2.3125E+00 1.7086E+00 6.0384E-01  2.2011E-01 4.1195E-01 3.5893E-02   363
 4.0000E-02 3.1929E-01 2.3013E+00 1.7050E+00 5.9629E-01  2.1817E-01 4.1177E-01 3.5729E-02   363
 4.0000E-02 3.2043E-01 2.2901E+00 1.7013E+00 5.8880E-01  2.1623E-01 4.1160E-01 3.5558E-02   363
 4.0000E-02 3.2158E-01 2.2788E+00 1.6975E+00 5.8132E-01  2.1430E-01 4.1143E-01 3.5382E-02   363
 4.0000E-02 3.2274E-01 2.2674E+00 1.6935E+00 5.7390E-01  2.1236E-01 4.1126E-01 3.5201E-02   363
 4.0000E-02 3.2391E-01 2.2560E+00 1.6894E+00 5.6652E-01  2.1043E-01 4.1109E-01 3.5015E-02   363
 4.0000E-02 3.2509E-01 2.2444E+00 1.6852E+00 5.5920E-01  2.0849E-01 4.1093E-01 3.4825E-02   363
 4.0000E-02 3.2628E-01 2.2328E+00 1.6809E+00 5.5194E-01  2.0655E-01 4.1076E-01 3.4630E-02   363
 4.0000E-02 3.2747E-01 2.2204E+00 1.6760E+00 5.4445E-01  2.0464E-01 4.1060E-01 3.4410E-02   363
 4.0000E-02 3.2868E-01 2.2084E+00 1.6711E+00 5.3721E-01  2.0273E-01 4.1044E-01 3.4198E-02   363
 4.0000E-02 3.2989E-01 2.1966E+00 1.6663E+00 5.3028E-01  2.0081E-01 4.1028E-01 3.3998E-02   363
 4.0000E-02 3.3111E-01 2.1851E+00 1.6615E+00 5.2365E-01  1.9890E-01 4.1013E-01 3.3810E-02   363
 4.0000E-02 3.3234E-01 2.1741E+00 1.6567E+00 5.1734E-01  1.9697E-01 4.0997E-01 3.3637E-02   363
 4.0000E-02 3.3358E-01 2.1633E+00 1.6520E+00 5.1137E-01  1.9505E-01 4.0981E-01 3.3480E-02   363
 4.0000E-02 3.3483E-01 2.1530E+00 1.6472E+00 5.0576E-01  1.9312E-01 4.0966E-01 3.3341E-02   363
 4.0000E-02 3.3609E-01 2.1437E+00 1.6429E+00 5.0082E-01  1.9117E-01 4.0950E-01 3.3242E-02   363
 4.0000E-02 3.3736E-01 2.1358E+00 1.6390E+00 4.9674E-01  1.8920E-01 4.0935E-01 3.3197E-02   363
 4.0000E-02 3.3864E-01 2.1287E+00 1.6355E+00 4.9322E-01  1.8722E-01 4.0919E-01 3.3185E-02   363
 4.0000E-02 3.3992E-01 2.1225E+00 1.6322E+00 4.9027E-01  1.8524E-01 4.0903E-01 3.3210E-02   363
 4.0000E-02 3.4122E-01 2.1172E+00 1.6293E+00 4.8792E-01  1.8324E-01 4.0887E-01 3.3273E-02   363
 4.0000E-02 3.4253E-01 2.1128E+00 1.6267E+00 4.8618E-01  1.8124E-01 4.0871E-01 3.3377E-02   363
 4.0000E-02 3.4385E-01 2.1094E+00 1.6244E+00 4.8509E-01  1.7923E-01 4.0855E-01 3.3522E-02   363
 4.0000E-02 3.4517E-01 2.1073E+00 1.6226E+00 4.8469E-01  1.7722E-01 4.0840E-01 3.3716E-02   363
 4.0000E-02 3.4651E-01 2.1063E+00 1.6213E+00 4.8498E-01  1.7520E-01 4.0824E-01 3.3958E-02   363
 4.0000E-02 3.4786E-01 2.1063E+00 1.6205E+00 4.8587E-01  1.7318E-01 4.0808E-01 3.4242E-02   363
 4.0000E-02 3.4922E-01 2.1073E+00 1.6200E+00 4.8735E-01  1.7116E-01 4.0792E-01 3.4569E-02   363
 4.0000E-02 3.5059E-01 2.1094E+00 1.6199E+00 4.8947E-01  1.6913E-01 4.0777E-01 3.4943E-02   363
 4.0000E-02 3.5197E-01 2.1125E+00 1.6203E+00 4.9224E-01  1.6711E-01 4.0761E-01 3.5366E-02   363
 4.0000E-02 3.5336E-01 2.1168E+00 1.6211E+00 4.9568E-01  1.6508E-01 4.0745E-01 3.5839E-02   363
 4.0000E-02 3.5476E-01 2.1220E+00 1.6223E+00 4.9969E-01  1.6306E-01 4.0730E-01 3.6356E-02   363
 4.0000E-02 3.5618E-01 2.1281E+00 1.6239E+00 5.0425E-01  1.6104E-01 4.0715E-01 3.6917E-02   363
 4.0000E-02 3.5760E-01 2.1352E+00 1.6258E+00 5.0943E-01  1.5903E-01 4.0700E-01 3.7527E-02   363
 4.0000E-02 3.5904E-01 2.1434E+00 1.6282E+00 5.1526E-01  1.5702E-01 4.0685E-01 3.8189E-02   363
 4.0000E-02 3.6048E-01 2.1528E+00 1.6310E+00 5.2175E-01  1.5502E-01 4.0670E-01 3.8905E-02   363
 4.0000E-02 3.6194E-01 2.1632E+00 1.6343E+00 5.2896E-01  1.5302E-01 4.0655E-01 3.9679E-02   363
 4.0000E-02 3.6341E-01 2.1749E+00 1.6380E+00 5.3685E-01  1.5104E-01 4.0640E-01 4.0511E-02   363
 4.0000E-02 3.6490E-01 2.1875E+00 1.6421E+00 5.4544E-01  1.4906E-01 4.0626E-01 4.1402E-02   363
 4.0000E-02 3.6639E-01 2.2014E+00 1.6467E+00 5.5479E-01  1.4709E-01 4.0611E-01 4.2356E-02   363
 4.0000E-02 3.6790E-01 2.2167E+00 1.6517E+00 5.6493E-01  1.4513E-01 4.0597E-01 4.3377E-02   363
 4.0000E-02 3.6942E-01 2.2333E+00 1.6574E+00 5.7592E-01  1.4319E-01 4.0583E-01 4.4470E-02   363
 4.0000E-02 3.7095E-01 2.2514E+00 1.6636E+00 5.8781E-01  1.4126E-01 4.0569E-01 4.5640E-02   363
 4.0000E-02 3.7250E-01 2.2711E+00 1.6704E+00 6.0068E-01  1.3936E-01 4.0555E-01 4.6894E-02   363
 4.0000E-02 3.7406E-01 2.2926E+00 1.6780E+00 6.1460E-01  1.3747E-01 4.0542E-01 4.8237E-02   363
 4.0000E-02 3.7563E-01 2.3157E+00 1.6862E+00 6.2949E-01  1.3562E-01 4.0529E-01 4.9664E-02   363
 4.0000E-02 3.7722E-01 2.3407E+00 1.6952E+00 6.4549E-01  1.3378E-01 4.0515E-01 5.1187E-02   363
 4.0000E-02 3.7881E-01 2.3677E+00 1.7050E+00 6.6265E-01  1.3196E-01 4.0502E-01 5.2813E-02   363
 4.0000E-02 3.8043E-01 2.3967E+00 1.7156E+00 6.8105E-01  1.3016E-01 4.0489E-01 5.4547E-02   363
 4.0000E-02 3.8205E-01 2.4281E+00 1.7273E+00 7.0079E-01  1.2839E-01 4.0477E-01 5.6398E-02   363
 4.0000E-02 3.8369E-01 2.4617E+00 1.7399E+00 7.2182E-01  1.2665E-01 4.0464E-01 5.8366E-02   363
 4.0000E-02 3.8534E-01 2.4977E+00 1.7535E+00 7.4424E-01  1.2492E-01 4.0451E-01 6.0456E-02   363
 4.0000E-02 3.8701E-01 2.5362E+00 1.7681E+00 7.6810E-01  1.2322E-01 4.0439E-01 6.2679E-02   363
 4.0000E-02 3.8870E-01 2.5774E+00 1.7838E+00 7.9357E-01  1.2154E-01 4.0426E-01 6.5046E-02   363
 4.0000E-02 3.9039E-01 2.6215E+00 1.8008E+00 8.2078E-01  1.1994E-01 4.0431E-01 6.7574E-02   323
 4.0000E-02 3.9211E-01 2.6685E+00 1.8189E+00 8.4959E-01  1.1828E-01 4.0418E-01 7.0251E-02   323
 4.0000E-02 3.9383E-01 2.7185E+00 1.8383E+00 8.8017E-01  1.1663E-01 4.0405E-01 7.3095E-02   323
 4.0000E-02 3.9558E-01 2.7717E+00 1.8590E+00 9.1267E-01  1.1498E-01 4.0393E-01 7.6120E-02   323
 4.0000E-02 3.9733E-01 2.8283E+00 1.8811E+00 9.4719E-01  1.1333E-01 4.0380E-01 7.9340E-02   323
 4.0000E-02 3.9911E-01 2.8886E+00 1.9047E+00 9.8393E-01  1.1167E-01 4.0367E-01 8.2776E-02   323
 4.0000E-02 4.0090E-01 2.9526E+00 1.9297E+00 1.0229E+00  1.0999E-01 4.0353E-01 8.6433E-02   323
 4.0000E-02 4.0270E-01 3.0203E+00 1.9562E+00 1.0641E+00  1.0828E-01 4.0340E-01 9.0329E-02   323
 4.0000E-02 4.0452E-01 3.0920E+00 1.9841E+00 1.1079E+00  1.0653E-01 4.0326E-01 9.4489E-02   323
 4.0000E-02 4.0636E-01 3.1680E+00 2.0136E+00 1.1545E+00  1.0473E-01 4.0312E-01 9.8940E-02   323
 4.0000E-02 4.0822E-01 3.2485E+00 2.0446E+00 1.2039E+00  1.0286E-01 4.0297E-01 1.0371E-01   323
 4.0000E-02 4.1009E-01 3.3334E+00 2.0771E+00 1.2563E+00  1.0090E-01 4.0282E-01 1.0883E-01   323
 4.0000E-02 4.1198E-01 3.4229E+00 2.1109E+00 1.3119E+00  9.8839E-02 4.0267E-01 1.1433E-01   323
 4.0000E-02 4.1389E-01 3.5171E+00 2.1461E+00 1.3710E+00  9.6646E-02 4.0252E-01 1.2026E-01   323
 4.0000E-02 4.1581E-01 3.6162E+00 2.1824E+00 1.4338E+00  9.4298E-02 4.0236E-01 1.2667E-01   323
 4.0000E-02 4.1776E-01 3.7203E+00 2.2198E+00 1.5004E+00  9.1770E-02 4.0221E-01 1.3361E-01   323
 4.0000E-02 4.1972E-01 3.8292E+00 2.2580E+00 1.5712E+00  8.9041E-02 4.0205E-01 1.4114E-01   323
 4.0000E-02 4.2170E-01 3.9430E+00 2.2966E+00 1.6464E+00  8.6093E-02 4.0190E-01 1.4931E-01   323
 4.0000E-02 4.2370E-01 4.0614E+00 2.3354E+00 1.7261E+00  8.2910E-02 4.0175E-01 1.5819E-01   323
 4.0000E-02 4.2571E-01 4.1845E+00 2.3740E+00 1.8105E+00  7.9488E-02 4.0160E-01 1.6784E-01   323
 4.0000E-02 4.2775E-01 4.3121E+00 2.4122E+00 1.8999E+00  7.5833E-02 4.0146E-01 1.7831E-01   323
 4.0000E-02 4.2981E-01 4.4440E+00 2.4498E+00 1.9943E+00  7.1973E-02 4.0133E-01 1.8963E-01   323
 4.0000E-02 4.3188E-01 4.5801E+00 2.4864E+00 2.0937E+00  6.7945E-02 4.0121E-01 2.0182E-01   323
 4.0000E-02 4.3398E-01 4.7203E+00 2.5221E+00 2.1982E+00  6.3801E-02 4.0110E-01 2.1488E-01   323
 4.0000E-02 4.3610E-01 4.8645E+00 2.5570E+00 2.3075E+00  5.9603E-02 4.0101E-01 2.2877E-01   323
 4.0000E-02 4.3824E-01 5.0125E+00 2.5912E+00 2.4213E+00  5.5421E-02 4.0093E-01 2.4342E-01   323
 4.0000E-02 4.4039E-01 5.1641E+00 2.6250E+00 2.5392E+00  5.1329E-02 4.0086E-01 2.5874E-01   323
 4.0000E-02 4.4257E-01 5.3193E+00 2.6587E+00 2.6606E+00  4.7391E-02 4.0081E-01 2.7461E-01   323
 4.0000E-02 4.4478E-01 5.4775E+00 2.6928E+00 2.7846E+00  4.3662E-02 4.0078E-01 2.9088E-01   323
 4.0000E-02 4.4700E-01 5.6378E+00 2.7276E+00 2.9102E+00  4.0188E-02 4.0075E-01 3.0736E-01   323
 4.0000E-02 4.4925E-01 5.7995E+00 2.7631E+00 3.0364E+00  3.6995E-02 4.0074E-01 3.2388E-01   323
 4.0000E-02 4.5152E-01 5.9613E+00 2.7995E+00 3.1618E+00  3.4092E-02 4.0073E-01 3.4026E-01   323
 4.0000E-02 4.5381E-01 6.1215E+00 2.8366E+00 3.2849E+00  3.1475E-02 4.0073E-01 3.5628E-01   323
 4.0000E-02 4.5612E-01 6.2780E+00 2.8739E+00 3.4040E+00  2.9129E-02 4.0074E-01 3.7174E-01   323
 4.0000E-02 4.5846E-01 6.4288E+00 2.9109E+00 3.5179E+00  2.7028E-02 4.0075E-01 3.8649E-01   323
 4.0000E-02 4.6082E-01 6.5716E+00 2.9469E+00 3.6247E+00  2.5143E-02 4.0076E-01 4.0033E-01   323
 4.0000E-02 4.6321E-01 6.7041E+00 2.9812E+00 3.7230E+00  2.3447E-02 4.0078E-01 4.1309E-01   323
 4.0000E-02 4.6563E-01 6.8243E+00 3.0128E+00 3.8115E+00  2.1913E-02 4.0079E-01 4.2465E-01   323
 4.0000E-02 4.6806E-01 6.9309E+00 3.0410E+00 3.8899E+00  2.0515E-02 4.0081E-01 4.3497E-01   323
 4.0000E-02 4.7053E-01 7.0225E+00 3.0650E+00 3.9575E+00  1.9232E-02 4.0083E-01 4.4398E-01   323
 4.0000E-02 4.7302E-01 7.0979E+00 3.0842E+00 4.0137E+00  1.8047E-02 4.0085E-01 4.5163E-01   323
 4.0000E-02 4.7553E-01 7.1564E+00 3.0978E+00 4.0586E+00  1.6941E-02 4.0087E-01 4.5792E-01   323
 4.0000E-02 4.7807E-01 7.1968E+00 3.1053E+00 4.0916E+00  1.5902E-02 4.0089E-01 4.6279E-01   323
 4.0000E-02 4.8065E-01 7.2175E+00 3.1062E+00 4.1113E+00  1.4918E-02 4.0090E-01 4.6609E-01   323
 4.0000E-02 4.8324E-01 7.2170E+00 3.1003E+00 4.1167E+00  1.3983E-02 4.0091E-01 4.6768E-01   323
 4.0000E-02 4.8587E-01 7.1944E+00 3.0875E+00 4.1069E+00  1.3087E-02 4.0092E-01 4.6749E-01   323
 4.0000E-02 4.8852E-01 7.1497E+00 3.0682E+00 4.0815E+00  1.2228E-02 4.0093E-01 4.6544E-01   323
 4.0000E-02 4.9121E-01 7.0839E+00 3.0429E+00 4.0410E+00  1.1403E-02 4.0093E-01 4.6160E-01   323
 4.0000E-02 4.9392E-01 6.9997E+00 3.0123E+00 3.9874E+00  1.0606E-02 4.0093E-01 4.5621E-01   323
 4.0000E-02 4.9667E-01 6.9001E+00 2.9770E+00 3.9232E+00  9.8316E-03 4.0092E-01 4.4955E-01   323
 4.0000E-02 4.9944E-01 6.7886E+00 2.9377E+00 3.8509E+00  9.0766E-03 4.0092E-01 4.4193E-01   323
 4.0000E-02 5.0225E-01 6.6682E+00 2.8948E+00 3.7734E+00  8.3367E-03 4.0091E-01 4.3367E-01   323
 4.0000E-02 5.0508E-01 6.5411E+00 2.8484E+00 3.6928E+00  7.6070E-03 4.0091E-01 4.2502E-01   323
 4.0000E-02 5.0795E-01 6.4091E+00 2.7986E+00 3.6104E+00  6.8855E-03 4.0091E-01 4.1615E-01   324
 4.0000E-02 5.1086E-01 6.2725E+00 2.7454E+00 3.5271E+00  6.1693E-03 4.0091E-01 4.0715E-01   324
 4.0000E-02 5.1379E-01 6.1316E+00 2.6889E+00 3.4427E+00  5.4895E-03 4.0111E-01 3.9801E-01   285
 4.0000E-02 5.1676E-01 5.9871E+00 2.6294E+00 3.3577E+00  4.7767E-03 4.0111E-01 3.8877E-01   285
 4.0000E-02 5.1977E-01 5.8398E+00 2.5672E+00 3.2726E+00  4.0626E-03 4.0112E-01 3.7951E-01   285
 4.0000E-02 5.2281E-01 5.6910E+00 2.5025E+00 3.1885E+00  3.3449E-03 4.0113E-01 3.7035E-01   285
 4.0000E-02 5.2588E-01 5.5416E+00 2.4347E+00 3.1069E+00  2.6194E-03 4.0113E-01 3.6146E-01   285
 4.0000E-02 5.2899E-01 5.3910E+00 2.3628E+00 3.0282E+00  1.8826E-03 4.0114E-01 3.5290E-01   285
 4.0000E-02 5.3214E-01 5.2372E+00 2.2852E+00 2.9520E+00  1.1312E-03 4.0115E-01 3.4461E-01   285
 4.0000E-02 5.3533E-01 5.0769E+00 2.2006E+00 2.8763E+00  3.6160E-04 4.0116E-01 3.3637E-01   285
 4.0000E-02 5.3855E-01 4.9069E+00 2.1085E+00 2.7984E+00 -4.2875E-04 4.0116E-01 3.2785E-01   285
 4.0000E-02 5.4182E-01 4.7254E+00 2.0098E+00 2.7155E+00 -1.2381E-03 4.0117E-01 3.1871E-01   285
 4.0000E-02 5.4512E-01 4.5324E+00 1.9065E+00 2.6259E+00 -2.0649E-03 4.0117E-01 3.0876E-01   285
 4.0000E-02 5.4847E-01 4.3306E+00 1.8015E+00 2.5292E+00 -2.9040E-03 4.0118E-01 2.9793E-01   285
 4.0000E-02 5.5185E-01 4.1237E+00 1.6973E+00 2.4265E+00 -3.7516E-03 4.0118E-01 2.8636E-01   285
 4.0000E-02 5.5528E-01 3.9155E+00 1.5960E+00 2.3195E+00 -4.6029E-03 4.0118E-01 2.7423E-01   285
 4.0000E-02 5.5875E-01 3.7095E+00 1.4997E+00 2.2099E+00 -5.4526E-03 4.0117E-01 2.6173E-01   285
 4.0000E-02 5.6226E-01 3.5090E+00 1.4095E+00 2.0995E+00 -6.2962E-03 4.0117E-01 2.4909E-01   285
 4.0000E-02 5.6582E-01 3.3168E+00 1.3266E+00 1.9903E+00 -7.1315E-03 4.0116E-01 2.3653E-01   285
 4.0000E-02 5.6943E-01 3.1353E+00 1.2511E+00 1.8842E+00 -7.9601E-03 4.0115E-01 2.2429E-01   285
 4.0000E-02 5.7308E-01 2.9650E+00 1.1825E+00 1.7825E+00 -8.7871E-03 4.0114E-01 2.1254E-01   285
 4.0000E-02 5.7677E-01 2.8055E+00 1.1194E+00 1.6861E+00 -9.6174E-03 4.0114E-01 2.0138E-01   285
 4.0000E-02 5.8052E-01 2.6556E+00 1.0607E+00 1.5949E+00 -1.0458E-02 4.0113E-01 1.9081E-01   285
 4.0000E-02 5.8431E-01 2.5143E+00 1.0059E+00 1.5084E+00 -1.1312E-02 4.0112E-01 1.8077E-01   285
 4.0000E-02 5.8816E-01 2.3812E+00 9.5509E-01 1.4262E+00 -1.2180E-02 4.0112E-01 1.7121E-01   285
 4.0000E-02 5.9205E-01 2.2567E+00 9.0870E-01 1.3480E+00 -1.3059E-02 4.0111E-01 1.6212E-01   285
 4.0000E-02 5.9600E-01 2.1414E+00 8.6723E-01 1.2742E+00 -1.3945E-02 4.0111E-01 1.5352E-01   285
 4.0000E-02 6.0000E-01 2.0357E+00 8.3050E-01 1.2052E+00 -1.4831E-02 4.0111E-01 1.4548E-01   285
