 DDSCAT --- DDSCAT 7.3.3 [22.01.20]   
 TARGET --->TARGSPHER  spherical target with explicit spacing                 
 GPFAFT --- method of solution 
 GKDLDR --- prescription for polarizabilities
 FROM_FILE --- shape 
    4169 = NAT0 = number of dipoles
 ../../diel/Pena-Rioux_dielectric_26Au_74Ag                  
 ../../diel/Pena-Rioux_dielectric_34Au_66Ag                  
 ../../diel/Pena-Rioux_dielectric_65Au_35Ag                  
 ../../diel/Pena-Rioux_dielectric_92Au_8Ag                   
   0.000   0.000 = beta_min, beta_max ;  NBETA = 1
   0.000   0.000 = theta_min, theta_max; NTHETA= 1
   0.000   0.000 = phi_min, phi_max   ;   NPHI = 1
 Results averaged over    1 target orientations
                   and  2 incident polarizations
   aeff       wave       Q_pha       Q_pol       Q_cpol
 4.0000E-02 3.0000E-01 -5.3891E-02 -1.4305E-06  0.0000E+00
 4.0000E-02 3.0101E-01 -5.2938E-02  3.5763E-06 -1.0431E-07
 4.0000E-02 3.0203E-01 -5.2193E-02  4.0531E-06 -2.9802E-08
 4.0000E-02 3.0305E-01 -5.1664E-02  2.3842E-06  0.0000E+00
 4.0000E-02 3.0408E-01 -5.1356E-02  1.6689E-06  0.0000E+00
 4.0000E-02 3.0512E-01 -5.1277E-02  9.5367E-07  6.3330E-08
 4.0000E-02 3.0616E-01 -5.1435E-02  1.9073E-06 -3.3528E-08
 4.0000E-02 3.0722E-01 -5.1835E-02  1.4305E-06  2.2352E-08
 4.0000E-02 3.0828E-01 -5.2472E-02 -2.8610E-06  2.2352E-08
 4.0000E-02 3.0934E-01 -5.3285E-02  2.8610E-06  0.0000E+00
 4.0000E-02 3.1042E-01 -5.4314E-02  7.1526E-07  2.9802E-08
 4.0000E-02 3.1150E-01 -5.5566E-02  3.5763E-06  0.0000E+00
 4.0000E-02 3.1259E-01 -5.7047E-02  1.9073E-06  0.0000E+00
 4.0000E-02 3.1368E-01 -5.8765E-02 -2.3842E-06  7.0781E-08
 4.0000E-02 3.1479E-01 -6.0726E-02 -1.9073E-06 -6.3330E-08
 4.0000E-02 3.1590E-01 -6.2945E-02 -3.5763E-06 -2.2352E-08
 4.0000E-02 3.1702E-01 -6.5421E-02  9.5367E-07 -1.7136E-07
 4.0000E-02 3.1815E-01 -6.7851E-02  1.1921E-06 -7.4506E-09
 4.0000E-02 3.1929E-01 -7.0557E-02 -1.9073E-06  3.7253E-08
 4.0000E-02 3.2043E-01 -7.3605E-02  1.1921E-06 -5.9605E-08
 4.0000E-02 3.2158E-01 -7.7006E-02  1.4305E-06  8.1956E-08
 4.0000E-02 3.2274E-01 -8.0773E-02 -4.5300E-06  7.4506E-09
 4.0000E-02 3.2391E-01 -8.4918E-02  3.3379E-06  0.0000E+00
 4.0000E-02 3.2509E-01 -8.9451E-02  3.3379E-06  2.9802E-08
 4.0000E-02 3.2628E-01 -9.4387E-02 -4.7684E-07  6.7055E-08
 4.0000E-02 3.2747E-01 -1.0026E-01  4.2915E-06  3.7253E-08
 4.0000E-02 3.2868E-01 -1.0665E-01  3.8147E-06 -3.7253E-08
 4.0000E-02 3.2989E-01 -1.1354E-01  4.2915E-06 -7.4506E-08
 4.0000E-02 3.3111E-01 -1.2094E-01  2.8610E-06  3.7253E-08
 4.0000E-02 3.3234E-01 -1.2888E-01  2.3842E-07  0.0000E+00
 4.0000E-02 3.3358E-01 -1.3736E-01  2.6226E-06 -1.0431E-07
 4.0000E-02 3.3483E-01 -1.4641E-01  2.6226E-06  1.1921E-07
 4.0000E-02 3.3609E-01 -1.5617E-01 -2.8610E-06 -2.5332E-07
 4.0000E-02 3.3736E-01 -1.6651E-01  4.7684E-06 -4.4703E-08
 4.0000E-02 3.3864E-01 -1.7726E-01 -9.5367E-07  5.0664E-07
 4.0000E-02 3.3992E-01 -1.8843E-01  9.5367E-07 -4.1723E-07
 4.0000E-02 3.4122E-01 -2.0004E-01 -2.8610E-06  3.2783E-07
 4.0000E-02 3.4253E-01 -2.1209E-01  1.9073E-06  0.0000E+00
 4.0000E-02 3.4385E-01 -2.2460E-01  2.6226E-06 -2.3842E-07
 4.0000E-02 3.4517E-01 -2.3741E-01 -2.6226E-06 -7.4506E-08
 4.0000E-02 3.4651E-01 -2.5030E-01  3.0994E-06  1.1921E-07
 4.0000E-02 3.4786E-01 -2.6345E-01 -2.3842E-07 -5.9605E-08
 4.0000E-02 3.4922E-01 -2.7687E-01  1.4305E-06  2.9802E-08
 4.0000E-02 3.5059E-01 -2.9055E-01  1.1921E-06  1.7881E-07
 4.0000E-02 3.5197E-01 -3.0452E-01  0.0000E+00  1.1921E-07
 4.0000E-02 3.5336E-01 -3.1878E-01  2.6226E-06 -4.4703E-07
 4.0000E-02 3.5476E-01 -3.3319E-01 -2.6226E-06 -6.8545E-07
 4.0000E-02 3.5618E-01 -3.4778E-01  9.5367E-07 -1.4901E-07
 4.0000E-02 3.5760E-01 -3.6260E-01  2.6226E-06  8.9407E-08
 4.0000E-02 3.5904E-01 -3.7767E-01  4.7684E-07  0.0000E+00
 4.0000E-02 3.6048E-01 -3.9301E-01  5.7220E-06  5.6624E-07
 4.0000E-02 3.6194E-01 -4.0863E-01 -2.3842E-07 -6.5565E-07
 4.0000E-02 3.6341E-01 -4.2453E-01 -3.8147E-06 -3.8743E-07
 4.0000E-02 3.6490E-01 -4.4077E-01 -2.3842E-07  2.9802E-07
 4.0000E-02 3.6639E-01 -4.5729E-01 -4.7684E-07  2.9802E-07
 4.0000E-02 3.6790E-01 -4.7410E-01 -2.6226E-06  3.8743E-07
 4.0000E-02 3.6942E-01 -4.9122E-01  0.0000E+00  7.7486E-07
 4.0000E-02 3.7095E-01 -5.0867E-01 -1.1921E-06 -2.3842E-07
 4.0000E-02 3.7250E-01 -5.2647E-01  4.7684E-07  1.0729E-06
 4.0000E-02 3.7406E-01 -5.4461E-01  7.1526E-07  1.7881E-07
 4.0000E-02 3.7563E-01 -5.6300E-01 -3.5763E-06  1.3113E-06
 4.0000E-02 3.7722E-01 -5.8169E-01 -1.6689E-06  7.7486E-07
 4.0000E-02 3.7881E-01 -6.0067E-01  2.1458E-06  7.7486E-07
 4.0000E-02 3.8043E-01 -6.1995E-01 -5.2452E-06 -7.7486E-07
 4.0000E-02 3.8205E-01 -6.3946E-01  0.0000E+00 -8.9407E-07
 4.0000E-02 3.8369E-01 -6.5911E-01 -2.1458E-06  5.3644E-07
 4.0000E-02 3.8534E-01 -6.7894E-01 -7.6294E-06 -2.2650E-06
 4.0000E-02 3.8701E-01 -6.9893E-01 -2.6226E-06 -7.7486E-07
 4.0000E-02 3.8870E-01 -7.1907E-01 -1.6689E-06  4.7684E-07
 4.0000E-02 3.9039E-01 -7.3932E-01  1.4305E-06  0.0000E+00
 4.0000E-02 3.9211E-01 -7.5948E-01  3.3379E-06  1.7881E-07
 4.0000E-02 3.9383E-01 -7.7964E-01 -9.5367E-07 -1.4901E-06
 4.0000E-02 3.9558E-01 -7.9973E-01  7.1526E-07 -2.3842E-07
 4.0000E-02 3.9733E-01 -8.1968E-01  5.0068E-06  3.0398E-06
 4.0000E-02 3.9911E-01 -8.3941E-01  7.3910E-06  2.4438E-06
 4.0000E-02 4.0090E-01 -8.5879E-01 -5.4836E-06 -1.4901E-06
 4.0000E-02 4.0270E-01 -8.7777E-01  7.3910E-06 -2.9802E-07
 4.0000E-02 4.0452E-01 -8.9626E-01  3.3379E-06  2.9802E-07
 4.0000E-02 4.0636E-01 -9.1410E-01  3.0994E-06  3.5763E-07
 4.0000E-02 4.0822E-01 -9.3113E-01  1.6689E-06  1.1921E-07
 4.0000E-02 4.1009E-01 -9.4723E-01 -2.3842E-07  7.7486E-07
 4.0000E-02 4.1198E-01 -9.6224E-01 -1.1921E-06  1.8477E-06
 4.0000E-02 4.1389E-01 -9.7597E-01  1.6689E-06  2.8014E-06
 4.0000E-02 4.1581E-01 -9.8818E-01 -7.1526E-07 -8.9407E-07
 4.0000E-02 4.1776E-01 -9.9860E-01 -1.6689E-06 -1.0729E-06
 4.0000E-02 4.1972E-01 -1.0071E+00  1.0967E-05 -5.0068E-06
 4.0000E-02 4.2170E-01 -1.0135E+00  0.0000E+00 -2.3842E-06
 4.0000E-02 4.2370E-01 -1.0174E+00  0.0000E+00  2.6226E-06
 4.0000E-02 4.2571E-01 -1.0186E+00 -4.7684E-06  1.3113E-06
 4.0000E-02 4.2775E-01 -1.0169E+00  9.5367E-06  1.9073E-06
 4.0000E-02 4.2981E-01 -1.0121E+00 -6.6757E-06 -4.7684E-07
 4.0000E-02 4.3188E-01 -1.0040E+00  4.7684E-07 -3.5763E-06
 4.0000E-02 4.3398E-01 -9.9243E-01  0.0000E+00 -1.9670E-06
 4.0000E-02 4.3610E-01 -9.7696E-01  2.1935E-05 -3.5763E-07
 4.0000E-02 4.3824E-01 -9.5727E-01 -3.8147E-06 -4.2915E-06
 4.0000E-02 4.4039E-01 -9.3313E-01  4.7684E-06 -2.1458E-06
 4.0000E-02 4.4257E-01 -9.0402E-01 -1.2875E-05  1.5497E-06
 4.0000E-02 4.4478E-01 -8.6936E-01  1.5259E-05  4.7684E-07
 4.0000E-02 4.4700E-01 -8.2862E-01 -1.9073E-06  1.3709E-06
 4.0000E-02 4.4925E-01 -7.8134E-01  1.8120E-05 -7.1526E-07
 4.0000E-02 4.5152E-01 -7.2691E-01  9.0599E-06  2.6226E-06
 4.0000E-02 4.5381E-01 -6.6478E-01  1.3828E-05  1.1325E-06
 4.0000E-02 4.5612E-01 -5.9473E-01  3.3379E-06  1.4901E-06
 4.0000E-02 4.5846E-01 -5.1670E-01  6.6757E-06  3.8743E-06
 4.0000E-02 4.6082E-01 -4.3074E-01  3.3379E-06 -4.4703E-07
 4.0000E-02 4.6321E-01 -3.3716E-01 -2.3842E-06  8.9407E-07
 4.0000E-02 4.6563E-01 -2.3666E-01  4.2915E-06  2.0713E-06
 4.0000E-02 4.6806E-01 -1.2995E-01  1.6689E-05  3.2783E-06
 4.0000E-02 4.7053E-01 -1.7762E-02 -1.4305E-06 -1.6652E-06
 4.0000E-02 4.7302E-01  9.9222E-02  1.2398E-05 -5.1185E-06
 4.0000E-02 4.7553E-01  2.2034E-01  7.1526E-06  4.2170E-06
 4.0000E-02 4.7807E-01  3.4500E-01  3.8147E-06 -2.7418E-06
 4.0000E-02 4.8065E-01  4.7236E-01  0.0000E+00  4.4405E-06
 4.0000E-02 4.8324E-01  6.0120E-01 -3.0041E-05  1.0729E-06
 4.0000E-02 4.8587E-01  7.3001E-01  3.8147E-06  5.3048E-06
 4.0000E-02 4.8852E-01  8.5691E-01 -9.5367E-06 -4.1723E-07
 4.0000E-02 4.9121E-01  9.7990E-01  1.0014E-05 -1.3113E-06
 4.0000E-02 4.9392E-01  1.0975E+00  9.5367E-07  4.0531E-06
 4.0000E-02 4.9667E-01  1.2087E+00 -1.6689E-05 -5.3644E-06
 4.0000E-02 4.9944E-01  1.3130E+00 -2.8133E-05 -7.2718E-06
 4.0000E-02 5.0225E-01  1.4106E+00 -9.5367E-06  5.0068E-06
 4.0000E-02 5.0508E-01  1.5019E+00  4.6253E-05 -1.1921E-06
 4.0000E-02 5.0795E-01  1.5877E+00 -1.7166E-05 -1.8358E-05
 4.0000E-02 5.1086E-01  1.6685E+00  3.8624E-05  1.0729E-06
 4.0000E-02 5.1379E-01  1.7445E+00 -9.5367E-07 -1.5378E-05
 4.0000E-02 5.1676E-01  1.8159E+00 -9.5367E-06 -3.8147E-06
 4.0000E-02 5.1977E-01  1.8828E+00  1.7166E-05 -5.0068E-06
 4.0000E-02 5.2281E-01  1.9455E+00 -1.1921E-05  1.0490E-05
 4.0000E-02 5.2588E-01  2.0050E+00 -1.1444E-05  1.9073E-06
 4.0000E-02 5.2899E-01  2.0626E+00  6.5804E-05 -3.1948E-05
 4.0000E-02 5.3214E-01  2.1189E+00  4.7684E-06 -2.3127E-05
 4.0000E-02 5.3533E-01  2.1743E+00 -1.0490E-05 -3.5763E-06
 4.0000E-02 5.3855E-01  2.2277E+00  4.8161E-05 -4.0531E-06
 4.0000E-02 5.4182E-01  2.2774E+00 -1.7643E-05 -1.0967E-05
 4.0000E-02 5.4512E-01  2.3210E+00  1.9550E-05 -5.2452E-06
 4.0000E-02 5.4847E-01  2.3566E+00  5.5790E-05 -4.9114E-05
 4.0000E-02 5.5185E-01  2.3832E+00 -2.5749E-05 -2.8849E-05
 4.0000E-02 5.5528E-01  2.4003E+00  5.2452E-05  7.6294E-06
 4.0000E-02 5.5875E-01  2.4082E+00 -8.5831E-06  9.5367E-06
 4.0000E-02 5.6226E-01  2.4073E+00  4.9114E-05  2.2650E-05
 4.0000E-02 5.6582E-01  2.3986E+00 -1.7643E-05 -1.5736E-05
 4.0000E-02 5.6943E-01  2.3835E+00  1.9312E-05  7.1526E-06
 4.0000E-02 5.7308E-01  2.3638E+00 -6.0797E-05 -5.9605E-06
 4.0000E-02 5.7677E-01  2.3407E+00 -7.0810E-05 -8.5831E-06
 4.0000E-02 5.8052E-01  2.3151E+00 -6.3896E-05  1.3828E-05
 4.0000E-02 5.8431E-01  2.2874E+00 -1.1921E-06 -2.5272E-05
 4.0000E-02 5.8816E-01  2.2575E+00  3.6955E-05 -1.9073E-05
 4.0000E-02 5.9205E-01  2.2258E+00 -4.3631E-05 -1.5259E-05
 4.0000E-02 5.9600E-01  2.1926E+00 -6.0558E-05  7.1526E-06
 4.0000E-02 6.0000E-01  2.1588E+00 -3.0279E-05  1.3351E-05
