 DDSCAT --- DDSCAT 7.3.3 [22.01.20]   
 TARGET --->TARGSPHER  spherical target with explicit spacing                 
 GPFAFT --- method of solution 
 FLTRCD --- prescription for polarizabilities
 FROM_FILE --- shape 
    4169 = NAT0 = number of dipoles
 ../../diel/Pena-Rioux_dielectric_26Au_74Ag                  
 ../../diel/Pena-Rioux_dielectric_34Au_66Ag                  
 ../../diel/Pena-Rioux_dielectric_65Au_35Ag                  
 ../../diel/Pena-Rioux_dielectric_92Au_8Ag                   
   0.000   0.000 = beta_min, beta_max ;  NBETA = 1
   0.000   0.000 = theta_min, theta_max; NTHETA= 1
   0.000   0.000 = phi_min, phi_max   ;   NPHI = 1
 0.5000 = ETASCA (param. controlling # of scatt. dirs used to calculate <cos> etc.
 Results averaged over    1 target orientations
                   and  2 incident polarizations
   aeff       wave       Q_ext     Q_abs      Q_sca     g(1)=<cos>  <cos^2>    Q_bk       Nsca
 4.0000E-02 3.0000E-01 2.4782E+00 1.7436E+00 7.3464E-01  2.4710E-01 4.1456E-01 3.8840E-02   408
 4.0000E-02 3.0101E-01 2.4689E+00 1.7419E+00 7.2701E-01  2.4530E-01 4.1437E-01 3.8770E-02   408
 4.0000E-02 3.0203E-01 2.4594E+00 1.7401E+00 7.1934E-01  2.4351E-01 4.1419E-01 3.8691E-02   408
 4.0000E-02 3.0305E-01 2.4498E+00 1.7382E+00 7.1163E-01  2.4172E-01 4.1400E-01 3.8602E-02   408
 4.0000E-02 3.0408E-01 2.4401E+00 1.7362E+00 7.0389E-01  2.3993E-01 4.1382E-01 3.8503E-02   408
 4.0000E-02 3.0512E-01 2.4302E+00 1.7341E+00 6.9612E-01  2.3814E-01 4.1364E-01 3.8395E-02   408
 4.0000E-02 3.0616E-01 2.4202E+00 1.7319E+00 6.8830E-01  2.3635E-01 4.1347E-01 3.8277E-02   408
 4.0000E-02 3.0722E-01 2.4100E+00 1.7295E+00 6.8046E-01  2.3456E-01 4.1329E-01 3.8150E-02   408
 4.0000E-02 3.0828E-01 2.3998E+00 1.7272E+00 6.7269E-01  2.3277E-01 4.1312E-01 3.8020E-02   408
 4.0000E-02 3.0934E-01 2.3901E+00 1.7249E+00 6.6520E-01  2.3094E-01 4.1294E-01 3.7903E-02   408
 4.0000E-02 3.1042E-01 2.3802E+00 1.7225E+00 6.5773E-01  2.2911E-01 4.1277E-01 3.7780E-02   408
 4.0000E-02 3.1150E-01 2.3702E+00 1.7200E+00 6.5026E-01  2.2728E-01 4.1259E-01 3.7650E-02   408
 4.0000E-02 3.1259E-01 2.3602E+00 1.7174E+00 6.4281E-01  2.2544E-01 4.1242E-01 3.7515E-02   408
 4.0000E-02 3.1368E-01 2.3501E+00 1.7147E+00 6.3537E-01  2.2359E-01 4.1225E-01 3.7374E-02   408
 4.0000E-02 3.1479E-01 2.3399E+00 1.7119E+00 6.2795E-01  2.2184E-01 4.1223E-01 3.7228E-02   362
 4.0000E-02 3.1590E-01 2.3296E+00 1.7091E+00 6.2055E-01  2.1998E-01 4.1206E-01 3.7076E-02   362
 4.0000E-02 3.1702E-01 2.3192E+00 1.7061E+00 6.1318E-01  2.1811E-01 4.1190E-01 3.6919E-02   363
 4.0000E-02 3.1815E-01 2.3084E+00 1.7028E+00 6.0560E-01  2.1624E-01 4.1173E-01 3.6743E-02   363
 4.0000E-02 3.1929E-01 2.2973E+00 1.6993E+00 5.9800E-01  2.1436E-01 4.1157E-01 3.6559E-02   363
 4.0000E-02 3.2043E-01 2.2862E+00 1.6958E+00 5.9044E-01  2.1249E-01 4.1140E-01 3.6369E-02   363
 4.0000E-02 3.2158E-01 2.2750E+00 1.6921E+00 5.8291E-01  2.1061E-01 4.1124E-01 3.6173E-02   363
 4.0000E-02 3.2274E-01 2.2638E+00 1.6883E+00 5.7543E-01  2.0873E-01 4.1108E-01 3.5974E-02   363
 4.0000E-02 3.2391E-01 2.2524E+00 1.6844E+00 5.6801E-01  2.0684E-01 4.1092E-01 3.5770E-02   363
 4.0000E-02 3.2509E-01 2.2410E+00 1.6803E+00 5.6063E-01  2.0496E-01 4.1076E-01 3.5562E-02   363
 4.0000E-02 3.2628E-01 2.2295E+00 1.6761E+00 5.5333E-01  2.0307E-01 4.1061E-01 3.5351E-02   363
 4.0000E-02 3.2747E-01 2.2173E+00 1.6715E+00 5.4580E-01  2.0120E-01 4.1046E-01 3.5114E-02   363
 4.0000E-02 3.2868E-01 2.2053E+00 1.6668E+00 5.3854E-01  1.9933E-01 4.1030E-01 3.4888E-02   363
 4.0000E-02 3.2989E-01 2.1937E+00 1.6622E+00 5.3157E-01  1.9746E-01 4.1015E-01 3.4674E-02   363
 4.0000E-02 3.3111E-01 2.1825E+00 1.6575E+00 5.2493E-01  1.9558E-01 4.1000E-01 3.4474E-02   363
 4.0000E-02 3.3234E-01 2.1715E+00 1.6529E+00 5.1861E-01  1.9369E-01 4.0985E-01 3.4289E-02   363
 4.0000E-02 3.3358E-01 2.1610E+00 1.6484E+00 5.1267E-01  1.9179E-01 4.0970E-01 3.4124E-02   363
 4.0000E-02 3.3483E-01 2.1509E+00 1.6439E+00 5.0706E-01  1.8990E-01 4.0956E-01 3.3975E-02   363
 4.0000E-02 3.3609E-01 2.1418E+00 1.6397E+00 5.0215E-01  1.8798E-01 4.0941E-01 3.3869E-02   363
 4.0000E-02 3.3736E-01 2.1342E+00 1.6361E+00 4.9809E-01  1.8604E-01 4.0925E-01 3.3818E-02   363
 4.0000E-02 3.3864E-01 2.1274E+00 1.6328E+00 4.9461E-01  1.8410E-01 4.0910E-01 3.3802E-02   363
 4.0000E-02 3.3992E-01 2.1215E+00 1.6298E+00 4.9170E-01  1.8215E-01 4.0895E-01 3.3824E-02   363
 4.0000E-02 3.4122E-01 2.1165E+00 1.6271E+00 4.8941E-01  1.8018E-01 4.0880E-01 3.3885E-02   363
 4.0000E-02 3.4253E-01 2.1124E+00 1.6247E+00 4.8773E-01  1.7822E-01 4.0865E-01 3.3988E-02   363
 4.0000E-02 3.4385E-01 2.1094E+00 1.6227E+00 4.8670E-01  1.7624E-01 4.0849E-01 3.4134E-02   363
 4.0000E-02 3.4517E-01 2.1076E+00 1.6212E+00 4.8638E-01  1.7426E-01 4.0834E-01 3.4330E-02   363
 4.0000E-02 3.4651E-01 2.1070E+00 1.6202E+00 4.8674E-01  1.7227E-01 4.0819E-01 3.4575E-02   363
 4.0000E-02 3.4786E-01 2.1073E+00 1.6196E+00 4.8771E-01  1.7029E-01 4.0803E-01 3.4862E-02   363
 4.0000E-02 3.4922E-01 2.1087E+00 1.6195E+00 4.8928E-01  1.6830E-01 4.0788E-01 3.5195E-02   363
 4.0000E-02 3.5059E-01 2.1112E+00 1.6197E+00 4.9148E-01  1.6631E-01 4.0773E-01 3.5574E-02   363
 4.0000E-02 3.5197E-01 2.1147E+00 1.6204E+00 4.9434E-01  1.6432E-01 4.0758E-01 3.6003E-02   363
 4.0000E-02 3.5336E-01 2.1193E+00 1.6215E+00 4.9787E-01  1.6233E-01 4.0743E-01 3.6483E-02   363
 4.0000E-02 3.5476E-01 2.1249E+00 1.6230E+00 5.0195E-01  1.6034E-01 4.0728E-01 3.7006E-02   363
 4.0000E-02 3.5618E-01 2.1314E+00 1.6248E+00 5.0658E-01  1.5836E-01 4.0713E-01 3.7574E-02   363
 4.0000E-02 3.5760E-01 2.1389E+00 1.6271E+00 5.1183E-01  1.5639E-01 4.0699E-01 3.8191E-02   363
 4.0000E-02 3.5904E-01 2.1474E+00 1.6297E+00 5.1771E-01  1.5442E-01 4.0684E-01 3.8859E-02   363
 4.0000E-02 3.6048E-01 2.1571E+00 1.6328E+00 5.2425E-01  1.5245E-01 4.0670E-01 3.9582E-02   363
 4.0000E-02 3.6194E-01 2.1679E+00 1.6364E+00 5.3150E-01  1.5049E-01 4.0655E-01 4.0364E-02   363
 4.0000E-02 3.6341E-01 2.1798E+00 1.6403E+00 5.3944E-01  1.4854E-01 4.0641E-01 4.1203E-02   363
 4.0000E-02 3.6490E-01 2.1927E+00 1.6446E+00 5.4806E-01  1.4659E-01 4.0627E-01 4.2100E-02   363
 4.0000E-02 3.6639E-01 2.2068E+00 1.6494E+00 5.5742E-01  1.4465E-01 4.0613E-01 4.3060E-02   363
 4.0000E-02 3.6790E-01 2.2222E+00 1.6547E+00 5.6756E-01  1.4272E-01 4.0599E-01 4.4089E-02   363
 4.0000E-02 3.6942E-01 2.2390E+00 1.6605E+00 5.7855E-01  1.4081E-01 4.0585E-01 4.5188E-02   363
 4.0000E-02 3.7095E-01 2.2573E+00 1.6669E+00 5.9043E-01  1.3891E-01 4.0571E-01 4.6365E-02   363
 4.0000E-02 3.7250E-01 2.2771E+00 1.6738E+00 6.0330E-01  1.3703E-01 4.0558E-01 4.7628E-02   363
 4.0000E-02 3.7406E-01 2.2987E+00 1.6815E+00 6.1721E-01  1.3516E-01 4.0544E-01 4.8981E-02   363
 4.0000E-02 3.7563E-01 2.3220E+00 1.6898E+00 6.3214E-01  1.3331E-01 4.0531E-01 5.0423E-02   363
 4.0000E-02 3.7722E-01 2.3471E+00 1.6989E+00 6.4817E-01  1.3148E-01 4.0518E-01 5.1963E-02   363
 4.0000E-02 3.7881E-01 2.3741E+00 1.7087E+00 6.6536E-01  1.2967E-01 4.0505E-01 5.3606E-02   363
 4.0000E-02 3.8043E-01 2.4031E+00 1.7193E+00 6.8382E-01  1.2787E-01 4.0492E-01 5.5363E-02   363
 4.0000E-02 3.8205E-01 2.4346E+00 1.7309E+00 7.0364E-01  1.2609E-01 4.0479E-01 5.7243E-02   363
 4.0000E-02 3.8369E-01 2.4683E+00 1.7435E+00 7.2481E-01  1.2433E-01 4.0466E-01 5.9245E-02   363
 4.0000E-02 3.8534E-01 2.5043E+00 1.7569E+00 7.4738E-01  1.2258E-01 4.0454E-01 6.1378E-02   363
 4.0000E-02 3.8701E-01 2.5429E+00 1.7714E+00 7.7149E-01  1.2084E-01 4.0441E-01 6.3653E-02   363
 4.0000E-02 3.8870E-01 2.5842E+00 1.7870E+00 7.9724E-01  1.1910E-01 4.0429E-01 6.6084E-02   363
 4.0000E-02 3.9039E-01 2.6285E+00 1.8037E+00 8.2479E-01  1.1745E-01 4.0433E-01 6.8685E-02   323
 4.0000E-02 3.9211E-01 2.6757E+00 1.8216E+00 8.5407E-01  1.1572E-01 4.0421E-01 7.1456E-02   323
 4.0000E-02 3.9383E-01 2.7259E+00 1.8407E+00 8.8524E-01  1.1397E-01 4.0408E-01 7.4413E-02   323
 4.0000E-02 3.9558E-01 2.7794E+00 1.8610E+00 9.1845E-01  1.1221E-01 4.0396E-01 7.7576E-02   323
 4.0000E-02 3.9733E-01 2.8364E+00 1.8826E+00 9.5387E-01  1.1043E-01 4.0383E-01 8.0961E-02   323
 4.0000E-02 3.9911E-01 2.8973E+00 1.9056E+00 9.9166E-01  1.0862E-01 4.0370E-01 8.4593E-02   323
 4.0000E-02 4.0090E-01 2.9618E+00 1.9300E+00 1.0318E+00  1.0677E-01 4.0357E-01 8.8479E-02   323
 4.0000E-02 4.0270E-01 3.0303E+00 1.9557E+00 1.0746E+00  1.0486E-01 4.0344E-01 9.2644E-02   323
 4.0000E-02 4.0452E-01 3.1029E+00 1.9828E+00 1.1201E+00  1.0290E-01 4.0331E-01 9.7117E-02   323
 4.0000E-02 4.0636E-01 3.1800E+00 2.0114E+00 1.1686E+00  1.0086E-01 4.0318E-01 1.0193E-01   323
 4.0000E-02 4.0822E-01 3.2616E+00 2.0414E+00 1.2202E+00  9.8730E-02 4.0304E-01 1.0711E-01   323
 4.0000E-02 4.1009E-01 3.3479E+00 2.0727E+00 1.2752E+00  9.6496E-02 4.0290E-01 1.1270E-01   323
 4.0000E-02 4.1198E-01 3.4388E+00 2.1052E+00 1.3336E+00  9.4140E-02 4.0276E-01 1.1872E-01   323
 4.0000E-02 4.1389E-01 3.5345E+00 2.1387E+00 1.3958E+00  9.1642E-02 4.0262E-01 1.2523E-01   323
 4.0000E-02 4.1581E-01 3.6352E+00 2.1733E+00 1.4619E+00  8.8984E-02 4.0248E-01 1.3228E-01   323
 4.0000E-02 4.1776E-01 3.7408E+00 2.2085E+00 1.5323E+00  8.6139E-02 4.0234E-01 1.3994E-01   323
 4.0000E-02 4.1972E-01 3.8514E+00 2.2442E+00 1.6072E+00  8.3096E-02 4.0220E-01 1.4825E-01   323
 4.0000E-02 4.2170E-01 3.9668E+00 2.2799E+00 1.6869E+00  7.9844E-02 4.0207E-01 1.5729E-01   323
 4.0000E-02 4.2370E-01 4.0873E+00 2.3156E+00 1.7717E+00  7.6383E-02 4.0194E-01 1.6712E-01   323
 4.0000E-02 4.2571E-01 4.2129E+00 2.3509E+00 1.8620E+00  7.2729E-02 4.0181E-01 1.7781E-01   323
 4.0000E-02 4.2775E-01 4.3441E+00 2.3859E+00 1.9582E+00  6.8910E-02 4.0169E-01 1.8940E-01   323
 4.0000E-02 4.2981E-01 4.4808E+00 2.4205E+00 2.0603E+00  6.4979E-02 4.0159E-01 2.0192E-01   323
 4.0000E-02 4.3188E-01 4.6233E+00 2.4548E+00 2.1685E+00  6.0999E-02 4.0150E-01 2.1535E-01   323
 4.0000E-02 4.3398E-01 4.7720E+00 2.4893E+00 2.2827E+00  5.7045E-02 4.0142E-01 2.2966E-01   323
 4.0000E-02 4.3610E-01 4.9269E+00 2.5243E+00 2.4026E+00  5.3182E-02 4.0135E-01 2.4479E-01   323
 4.0000E-02 4.3824E-01 5.0878E+00 2.5603E+00 2.5274E+00  4.9476E-02 4.0129E-01 2.6059E-01   323
 4.0000E-02 4.4039E-01 5.2540E+00 2.5976E+00 2.6564E+00  4.5972E-02 4.0125E-01 2.7694E-01   323
 4.0000E-02 4.4257E-01 5.4247E+00 2.6363E+00 2.7884E+00  4.2695E-02 4.0122E-01 2.9367E-01   323
 4.0000E-02 4.4478E-01 5.5982E+00 2.6764E+00 2.9218E+00  3.9657E-02 4.0120E-01 3.1059E-01   323
 4.0000E-02 4.4700E-01 5.7725E+00 2.7177E+00 3.0549E+00  3.6863E-02 4.0118E-01 3.2745E-01   323
 4.0000E-02 4.4925E-01 5.9458E+00 2.7597E+00 3.1861E+00  3.4304E-02 4.0117E-01 3.4408E-01   323
 4.0000E-02 4.5152E-01 6.1156E+00 2.8019E+00 3.3136E+00  3.1970E-02 4.0116E-01 3.6025E-01   323
 4.0000E-02 4.5381E-01 6.2796E+00 2.8439E+00 3.4357E+00  2.9846E-02 4.0115E-01 3.7573E-01   323
 4.0000E-02 4.5612E-01 6.4354E+00 2.8849E+00 3.5505E+00  2.7920E-02 4.0115E-01 3.9034E-01   323
 4.0000E-02 4.5846E-01 6.5812E+00 2.9241E+00 3.6571E+00  2.6170E-02 4.0115E-01 4.0393E-01   323
 4.0000E-02 4.6082E-01 6.7148E+00 2.9607E+00 3.7541E+00  2.4579E-02 4.0115E-01 4.1634E-01   323
 4.0000E-02 4.6321E-01 6.8340E+00 2.9942E+00 3.8398E+00  2.3130E-02 4.0115E-01 4.2741E-01   323
 4.0000E-02 4.6563E-01 6.9375E+00 3.0237E+00 3.9138E+00  2.1804E-02 4.0115E-01 4.3706E-01   323
 4.0000E-02 4.6806E-01 7.0238E+00 3.0486E+00 3.9752E+00  2.0584E-02 4.0115E-01 4.4521E-01   323
 4.0000E-02 4.7053E-01 7.0913E+00 3.0683E+00 4.0230E+00  1.9453E-02 4.0116E-01 4.5175E-01   323
 4.0000E-02 4.7302E-01 7.1388E+00 3.0823E+00 4.0565E+00  1.8400E-02 4.0116E-01 4.5660E-01   323
 4.0000E-02 4.7553E-01 7.1660E+00 3.0903E+00 4.0757E+00  1.7412E-02 4.0116E-01 4.5976E-01   323
 4.0000E-02 4.7807E-01 7.1726E+00 3.0920E+00 4.0806E+00  1.6478E-02 4.0116E-01 4.6124E-01   323
 4.0000E-02 4.8065E-01 7.1589E+00 3.0876E+00 4.0713E+00  1.5589E-02 4.0116E-01 4.6106E-01   323
 4.0000E-02 4.8324E-01 7.1259E+00 3.0772E+00 4.0487E+00  1.4741E-02 4.0116E-01 4.5931E-01   323
 4.0000E-02 4.8587E-01 7.0752E+00 3.0610E+00 4.0142E+00  1.3922E-02 4.0115E-01 4.5617E-01   323
 4.0000E-02 4.8852E-01 7.0088E+00 3.0394E+00 3.9694E+00  1.3130E-02 4.0115E-01 4.5181E-01   323
 4.0000E-02 4.9121E-01 6.9293E+00 3.0130E+00 3.9163E+00  1.2358E-02 4.0115E-01 4.4646E-01   323
 4.0000E-02 4.9392E-01 6.8397E+00 2.9822E+00 3.8575E+00  1.1602E-02 4.0114E-01 4.4045E-01   323
 4.0000E-02 4.9667E-01 6.7427E+00 2.9470E+00 3.7957E+00  1.0856E-02 4.0114E-01 4.3405E-01   323
 4.0000E-02 4.9944E-01 6.6410E+00 2.9076E+00 3.7334E+00  1.0116E-02 4.0113E-01 4.2759E-01   323
 4.0000E-02 5.0225E-01 6.5359E+00 2.8632E+00 3.6727E+00  9.3749E-03 4.0112E-01 4.2130E-01   323
 4.0000E-02 5.0508E-01 6.4268E+00 2.8128E+00 3.6140E+00  8.6264E-03 4.0112E-01 4.1524E-01   323
 4.0000E-02 5.0795E-01 6.3119E+00 2.7551E+00 3.5568E+00  7.8673E-03 4.0112E-01 4.0935E-01   324
 4.0000E-02 5.1086E-01 6.1878E+00 2.6888E+00 3.4990E+00  7.0940E-03 4.0112E-01 4.0339E-01   324
 4.0000E-02 5.1379E-01 6.0498E+00 2.6131E+00 3.4367E+00  6.3396E-03 4.0132E-01 3.9690E-01   285
 4.0000E-02 5.1676E-01 5.8945E+00 2.5281E+00 3.3664E+00  5.5358E-03 4.0132E-01 3.8947E-01   285
 4.0000E-02 5.1977E-01 5.7199E+00 2.4351E+00 3.2848E+00  4.7165E-03 4.0132E-01 3.8072E-01   285
 4.0000E-02 5.2281E-01 5.5266E+00 2.3366E+00 3.1900E+00  3.8848E-03 4.0132E-01 3.7039E-01   285
 4.0000E-02 5.2588E-01 5.3177E+00 2.2355E+00 3.0822E+00  3.0434E-03 4.0132E-01 3.5851E-01   285
 4.0000E-02 5.2899E-01 5.0986E+00 2.1352E+00 2.9634E+00  2.1950E-03 4.0131E-01 3.4530E-01   285
 4.0000E-02 5.3214E-01 4.8757E+00 2.0386E+00 2.8372E+00  1.3439E-03 4.0131E-01 3.3117E-01   285
 4.0000E-02 5.3533E-01 4.6550E+00 1.9472E+00 2.7078E+00  4.8881E-04 4.0130E-01 3.1662E-01   285
 4.0000E-02 5.3855E-01 4.4406E+00 1.8616E+00 2.5790E+00 -3.7371E-04 4.0129E-01 3.0209E-01   285
 4.0000E-02 5.4182E-01 4.2345E+00 1.7812E+00 2.4534E+00 -1.2413E-03 4.0128E-01 2.8788E-01   285
 4.0000E-02 5.4512E-01 4.0370E+00 1.7052E+00 2.3319E+00 -2.1135E-03 4.0127E-01 2.7411E-01   285
 4.0000E-02 5.4847E-01 3.8477E+00 1.6329E+00 2.2148E+00 -2.9892E-03 4.0127E-01 2.6083E-01   285
 4.0000E-02 5.5185E-01 3.6659E+00 1.5640E+00 2.1019E+00 -3.8669E-03 4.0126E-01 2.4801E-01   285
 4.0000E-02 5.5528E-01 3.4914E+00 1.4984E+00 1.9930E+00 -4.7434E-03 4.0126E-01 2.3559E-01   285
 4.0000E-02 5.5875E-01 3.3240E+00 1.4364E+00 1.8876E+00 -5.6177E-03 4.0125E-01 2.2355E-01   285
 4.0000E-02 5.6226E-01 3.1640E+00 1.3786E+00 1.7855E+00 -6.4907E-03 4.0125E-01 2.1184E-01   285
 4.0000E-02 5.6582E-01 3.0126E+00 1.3260E+00 1.6866E+00 -7.3602E-03 4.0124E-01 2.0048E-01   285
 4.0000E-02 5.6943E-01 2.8713E+00 1.2798E+00 1.5915E+00 -8.2240E-03 4.0123E-01 1.8951E-01   285
 4.0000E-02 5.7308E-01 2.7415E+00 1.2406E+00 1.5009E+00 -9.0767E-03 4.0123E-01 1.7903E-01   285
 4.0000E-02 5.7677E-01 2.6246E+00 1.2088E+00 1.4157E+00 -9.9117E-03 4.0122E-01 1.6916E-01   285
 4.0000E-02 5.8052E-01 2.5202E+00 1.1837E+00 1.3364E+00 -1.0723E-02 4.0121E-01 1.5996E-01   285
 4.0000E-02 5.8431E-01 2.4280E+00 1.1649E+00 1.2631E+00 -1.1505E-02 4.0120E-01 1.5142E-01   285
 4.0000E-02 5.8816E-01 2.3482E+00 1.1525E+00 1.1957E+00 -1.2251E-02 4.0119E-01 1.4357E-01   285
 4.0000E-02 5.9205E-01 2.2815E+00 1.1471E+00 1.1344E+00 -1.2952E-02 4.0119E-01 1.3642E-01   285
 4.0000E-02 5.9600E-01 2.2295E+00 1.1490E+00 1.0805E+00 -1.3595E-02 4.0118E-01 1.3012E-01   285
 4.0000E-02 6.0000E-01 2.1915E+00 1.1563E+00 1.0352E+00 -1.4169E-02 4.0118E-01 1.2484E-01   285
