 DDSCAT --- DDSCAT 7.3.3 [22.01.20]   
 TARGET --->TARGSPHER  spherical target with explicit spacing                 
 GPFAFT --- method of solution 
 FLTRCD --- prescription for polarizabilities
 FROM_FILE --- shape 
    4169 = NAT0 = number of dipoles
 ../../diel/Pena-Rioux_dielectric_26Au_74Ag                  
 ../../diel/Pena-Rioux_dielectric_65Au_35Ag                  
 ../../diel/Au_evap                                          
   0.000   0.000 = beta_min, beta_max ;  NBETA = 1
   0.000   0.000 = theta_min, theta_max; NTHETA= 1
   0.000   0.000 = phi_min, phi_max   ;   NPHI = 1
 0.5000 = ETASCA (param. controlling # of scatt. dirs used to calculate <cos> etc.
 Results averaged over    1 target orientations
                   and  2 incident polarizations
   aeff       wave       Q_ext     Q_abs      Q_sca     g(1)=<cos>  <cos^2>    Q_bk       Nsca
 1.0000E-03 3.0000E-01 8.5442E-02 8.5441E-02 1.2000E-06  2.5927E-04 4.0217E-01 1.4303E-07   214
 1.0000E-03 3.0101E-01 8.5020E-02 8.5019E-02 1.1779E-06  2.5888E-04 4.0217E-01 1.4040E-07   214
 1.0000E-03 3.0203E-01 8.4664E-02 8.4663E-02 1.1571E-06  2.5862E-04 4.0217E-01 1.3791E-07   214
 1.0000E-03 3.0305E-01 8.4326E-02 8.4325E-02 1.1368E-06  2.5803E-04 4.0217E-01 1.3549E-07   214
 1.0000E-03 3.0408E-01 8.4005E-02 8.4004E-02 1.1171E-06  2.5754E-04 4.0217E-01 1.3314E-07   214
 1.0000E-03 3.0512E-01 8.3701E-02 8.3700E-02 1.0979E-06  2.5704E-04 4.0217E-01 1.3086E-07   214
 1.0000E-03 3.0616E-01 8.3415E-02 8.3414E-02 1.0793E-06  2.5644E-04 4.0217E-01 1.2864E-07   214
 1.0000E-03 3.0722E-01 8.3146E-02 8.3146E-02 1.0612E-06  2.5571E-04 4.0217E-01 1.2648E-07   214
 1.0000E-03 3.0828E-01 8.2898E-02 8.2897E-02 1.0437E-06  2.5543E-04 4.0217E-01 1.2440E-07   214
 1.0000E-03 3.0934E-01 8.2672E-02 8.2671E-02 1.0273E-06  2.5478E-04 4.0217E-01 1.2244E-07   214
 1.0000E-03 3.1042E-01 8.2457E-02 8.2456E-02 1.0111E-06  2.5437E-04 4.0217E-01 1.2052E-07   214
 1.0000E-03 3.1150E-01 8.2210E-02 8.2209E-02 9.9491E-07  2.5359E-04 4.0217E-01 1.1858E-07   214
 1.0000E-03 3.1259E-01 8.1962E-02 8.1961E-02 9.7891E-07  2.5306E-04 4.0217E-01 1.1668E-07   214
 1.0000E-03 3.1368E-01 8.1728E-02 8.1727E-02 9.6330E-07  2.5275E-04 4.0217E-01 1.1482E-07   214
 1.0000E-03 3.1479E-01 8.1509E-02 8.1508E-02 9.4809E-07  2.5205E-04 4.0217E-01 1.1300E-07   214
 1.0000E-03 3.1590E-01 8.1305E-02 8.1304E-02 9.3326E-07  2.5155E-04 4.0217E-01 1.1124E-07   214
 1.0000E-03 3.1702E-01 8.1116E-02 8.1115E-02 9.1881E-07  2.5085E-04 4.0217E-01 1.0951E-07   214
 1.0000E-03 3.1815E-01 8.0892E-02 8.0891E-02 9.0382E-07  2.5022E-04 4.0217E-01 1.0773E-07   214
 1.0000E-03 3.1929E-01 8.0677E-02 8.0676E-02 8.8905E-07  2.4953E-04 4.0217E-01 1.0597E-07   214
 1.0000E-03 3.2043E-01 8.0483E-02 8.0482E-02 8.7468E-07  2.4915E-04 4.0217E-01 1.0425E-07   214
 1.0000E-03 3.2158E-01 8.0398E-02 8.0397E-02 8.6164E-07  2.4853E-04 4.0217E-01 1.0270E-07   214
 1.0000E-03 3.2274E-01 8.0323E-02 8.0322E-02 8.4887E-07  2.4775E-04 4.0217E-01 1.0118E-07   214
 1.0000E-03 3.2391E-01 8.0259E-02 8.0258E-02 8.3635E-07  2.4707E-04 4.0217E-01 9.9687E-08   214
 1.0000E-03 3.2509E-01 8.0205E-02 8.0204E-02 8.2409E-07  2.4637E-04 4.0217E-01 9.8225E-08   214
 1.0000E-03 3.2628E-01 8.0161E-02 8.0161E-02 8.1208E-07  2.4576E-04 4.0217E-01 9.6795E-08   214
 1.0000E-03 3.2747E-01 8.0142E-02 8.0141E-02 8.0012E-07  2.4509E-04 4.0217E-01 9.5369E-08   214
 1.0000E-03 3.2868E-01 8.0151E-02 8.0150E-02 7.8877E-07  2.4416E-04 4.0217E-01 9.4016E-08   214
 1.0000E-03 3.2989E-01 8.0189E-02 8.0188E-02 7.7804E-07  2.4383E-04 4.0217E-01 9.2738E-08   214
 1.0000E-03 3.3111E-01 8.0255E-02 8.0254E-02 7.6796E-07  2.4300E-04 4.0217E-01 9.1536E-08   214
 1.0000E-03 3.3234E-01 8.0297E-02 8.0297E-02 7.5785E-07  2.4252E-04 4.0217E-01 9.0332E-08   214
 1.0000E-03 3.3358E-01 8.0339E-02 8.0338E-02 7.4804E-07  2.4191E-04 4.0217E-01 8.9162E-08   214
 1.0000E-03 3.3483E-01 8.0405E-02 8.0403E-02 7.3880E-07  2.4116E-04 4.0217E-01 8.8061E-08   214
 1.0000E-03 3.3609E-01 8.0527E-02 8.0526E-02 7.3072E-07  2.4033E-04 4.0217E-01 8.7098E-08   214
 1.0000E-03 3.3736E-01 8.0712E-02 8.0711E-02 7.2396E-07  2.3953E-04 4.0217E-01 8.6293E-08   214
 1.0000E-03 3.3864E-01 8.0928E-02 8.0927E-02 7.1797E-07  2.3869E-04 4.0217E-01 8.5579E-08   214
 1.0000E-03 3.3992E-01 8.1178E-02 8.1177E-02 7.1275E-07  2.3796E-04 4.0217E-01 8.4957E-08   214
 1.0000E-03 3.4122E-01 8.1462E-02 8.1461E-02 7.0831E-07  2.3706E-04 4.0217E-01 8.4428E-08   214
 1.0000E-03 3.4253E-01 8.1781E-02 8.1780E-02 7.0464E-07  2.3632E-04 4.0217E-01 8.3990E-08   214
 1.0000E-03 3.4385E-01 8.2120E-02 8.2119E-02 7.0146E-07  2.3524E-04 4.0217E-01 8.3612E-08   214
 1.0000E-03 3.4517E-01 8.2514E-02 8.2514E-02 6.9939E-07  2.3460E-04 4.0217E-01 8.3364E-08   214
 1.0000E-03 3.4651E-01 8.2956E-02 8.2956E-02 6.9832E-07  2.3349E-04 4.0217E-01 8.3237E-08   214
 1.0000E-03 3.4786E-01 8.3445E-02 8.3445E-02 6.9818E-07  2.3256E-04 4.0217E-01 8.3221E-08   214
 1.0000E-03 3.4922E-01 8.3985E-02 8.3985E-02 6.9899E-07  2.3151E-04 4.0217E-01 8.3318E-08   214
 1.0000E-03 3.5059E-01 8.4578E-02 8.4577E-02 7.0080E-07  2.3039E-04 4.0217E-01 8.3534E-08   214
 1.0000E-03 3.5197E-01 8.5227E-02 8.5227E-02 7.0365E-07  2.2932E-04 4.0217E-01 8.3874E-08   214
 1.0000E-03 3.5336E-01 8.5937E-02 8.5936E-02 7.0758E-07  2.2813E-04 4.0217E-01 8.4342E-08   214
 1.0000E-03 3.5476E-01 8.6733E-02 8.6732E-02 7.1301E-07  2.2713E-04 4.0217E-01 8.4990E-08   214
 1.0000E-03 3.5618E-01 8.7628E-02 8.7627E-02 7.2014E-07  2.2630E-04 4.0217E-01 8.5840E-08   214
 1.0000E-03 3.5760E-01 8.8578E-02 8.8578E-02 7.2827E-07  2.2507E-04 4.0217E-01 8.6810E-08   214
 1.0000E-03 3.5904E-01 8.9590E-02 8.9589E-02 7.3748E-07  2.2374E-04 4.0217E-01 8.7907E-08   214
 1.0000E-03 3.6048E-01 9.0665E-02 9.0664E-02 7.4784E-07  2.2255E-04 4.0217E-01 8.9143E-08   214
 1.0000E-03 3.6194E-01 9.1810E-02 9.1810E-02 7.5943E-07  2.2123E-04 4.0217E-01 9.0525E-08   214
 1.0000E-03 3.6341E-01 9.3028E-02 9.3027E-02 7.7230E-07  2.2022E-04 4.0217E-01 9.2058E-08   214
 1.0000E-03 3.6490E-01 9.4309E-02 9.4309E-02 7.8632E-07  2.1879E-04 4.0217E-01 9.3730E-08   214
 1.0000E-03 3.6639E-01 9.5661E-02 9.5660E-02 8.0158E-07  2.1744E-04 4.0217E-01 9.5549E-08   214
 1.0000E-03 3.6790E-01 9.7086E-02 9.7085E-02 8.1817E-07  2.1615E-04 4.0217E-01 9.7527E-08   214
 1.0000E-03 3.6942E-01 9.8586E-02 9.8586E-02 8.3612E-07  2.1534E-04 4.0217E-01 9.9668E-08   214
 1.0000E-03 3.7095E-01 1.0015E-01 1.0015E-01 8.5531E-07  2.1370E-04 4.0217E-01 1.0196E-07   214
 1.0000E-03 3.7250E-01 1.0179E-01 1.0179E-01 8.7574E-07  2.1224E-04 4.0217E-01 1.0439E-07   214
 1.0000E-03 3.7406E-01 1.0349E-01 1.0348E-01 8.9728E-07  2.1108E-04 4.0217E-01 1.0696E-07   214
 1.0000E-03 3.7563E-01 1.0524E-01 1.0524E-01 9.2003E-07  2.0978E-04 4.0217E-01 1.0967E-07   214
 1.0000E-03 3.7722E-01 1.0707E-01 1.0707E-01 9.4426E-07  2.3711E-04 4.0254E-01 1.1254E-07   184
 1.0000E-03 3.7881E-01 1.0897E-01 1.0897E-01 9.6970E-07  2.3566E-04 4.0254E-01 1.1557E-07   184
 1.0000E-03 3.8043E-01 1.1095E-01 1.1095E-01 9.9664E-07  2.3440E-04 4.0254E-01 1.1878E-07   184
 1.0000E-03 3.8205E-01 1.1297E-01 1.1297E-01 1.0244E-06  2.3324E-04 4.0254E-01 1.2209E-07   184
 1.0000E-03 3.8369E-01 1.1500E-01 1.1500E-01 1.0524E-06  2.3206E-04 4.0254E-01 1.2542E-07   184
 1.0000E-03 3.8534E-01 1.1710E-01 1.1710E-01 1.0819E-06  2.3070E-04 4.0254E-01 1.2894E-07   184
 1.0000E-03 3.8701E-01 1.1929E-01 1.1929E-01 1.1131E-06  2.2938E-04 4.0254E-01 1.3266E-07   184
 1.0000E-03 3.8870E-01 1.2157E-01 1.2156E-01 1.1461E-06  2.2805E-04 4.0254E-01 1.3659E-07   184
 1.0000E-03 3.9039E-01 1.2394E-01 1.2393E-01 1.1810E-06  2.2695E-04 4.0254E-01 1.4075E-07   184
 1.0000E-03 3.9211E-01 1.2639E-01 1.2639E-01 1.2178E-06  2.2549E-04 4.0254E-01 1.4513E-07   184
 1.0000E-03 3.9383E-01 1.2893E-01 1.2893E-01 1.2565E-06  2.2421E-04 4.0254E-01 1.4976E-07   184
 1.0000E-03 3.9558E-01 1.3157E-01 1.3157E-01 1.2974E-06  2.2330E-04 4.0254E-01 1.5463E-07   184
 1.0000E-03 3.9733E-01 1.3430E-01 1.3430E-01 1.3406E-06  2.2186E-04 4.0254E-01 1.5977E-07   184
 1.0000E-03 3.9911E-01 1.3721E-01 1.3721E-01 1.3878E-06  2.2053E-04 4.0254E-01 1.6540E-07   184
 1.0000E-03 4.0090E-01 1.4021E-01 1.4021E-01 1.4376E-06  2.1953E-04 4.0254E-01 1.7134E-07   184
 1.0000E-03 4.0270E-01 1.4330E-01 1.4330E-01 1.4900E-06  2.1811E-04 4.0254E-01 1.7759E-07   184
 1.0000E-03 4.0452E-01 1.4647E-01 1.4647E-01 1.5451E-06  2.1692E-04 4.0254E-01 1.8415E-07   184
 1.0000E-03 4.0636E-01 1.4971E-01 1.4971E-01 1.6028E-06  2.1582E-04 4.0254E-01 1.9103E-07   184
 1.0000E-03 4.0822E-01 1.5299E-01 1.5299E-01 1.6629E-06  2.1461E-04 4.0254E-01 1.9819E-07   184
 1.0000E-03 4.1009E-01 1.5629E-01 1.5628E-01 1.7252E-06  2.1333E-04 4.0254E-01 2.0562E-07   184
 1.0000E-03 4.1198E-01 1.5957E-01 1.5956E-01 1.7894E-06  2.1223E-04 4.0254E-01 2.1327E-07   184
 1.0000E-03 4.1389E-01 1.6274E-01 1.6274E-01 1.8540E-06  2.1088E-04 4.0254E-01 2.2097E-07   184
 1.0000E-03 4.1581E-01 1.6572E-01 1.6572E-01 1.9174E-06  2.0995E-04 4.0254E-01 2.2852E-07   184
 1.0000E-03 4.1776E-01 1.6852E-01 1.6852E-01 1.9802E-06  2.0861E-04 4.0254E-01 2.3601E-07   184
 1.0000E-03 4.1972E-01 1.7105E-01 1.7105E-01 2.0414E-06  2.0754E-04 4.0254E-01 2.4331E-07   184
 1.0000E-03 4.2170E-01 1.7324E-01 1.7324E-01 2.0993E-06  2.0657E-04 4.0254E-01 2.5021E-07   184
 1.0000E-03 4.2370E-01 1.7499E-01 1.7499E-01 2.1522E-06  2.0535E-04 4.0254E-01 2.5652E-07   184
 1.0000E-03 4.2571E-01 1.7624E-01 1.7624E-01 2.1988E-06  2.0448E-04 4.0254E-01 2.6207E-07   184
 1.0000E-03 4.2775E-01 1.7693E-01 1.7693E-01 2.2376E-06  2.0338E-04 4.0254E-01 2.6670E-07   184
 1.0000E-03 4.2981E-01 1.7704E-01 1.7704E-01 2.2680E-06  2.0236E-04 4.0254E-01 2.7032E-07   184
 1.0000E-03 4.3188E-01 1.7665E-01 1.7665E-01 2.2917E-06  2.0149E-04 4.0254E-01 2.7315E-07   184
 1.0000E-03 4.3398E-01 1.7573E-01 1.7573E-01 2.3073E-06  2.0072E-04 4.0253E-01 2.7501E-07   184
 1.0000E-03 4.3610E-01 1.7425E-01 1.7425E-01 2.3139E-06  1.9972E-04 4.0254E-01 2.7579E-07   184
 1.0000E-03 4.3824E-01 1.7226E-01 1.7226E-01 2.3115E-06  1.9898E-04 4.0254E-01 2.7551E-07   184
 1.0000E-03 4.4039E-01 1.6982E-01 1.6981E-01 2.3011E-06  1.9821E-04 4.0254E-01 2.7427E-07   184
 1.0000E-03 4.4257E-01 1.6696E-01 1.6696E-01 2.2833E-06  1.9738E-04 4.0254E-01 2.7215E-07   184
 1.0000E-03 4.4478E-01 1.6373E-01 1.6373E-01 2.2585E-06  1.9658E-04 4.0254E-01 2.6919E-07   184
 1.0000E-03 4.4700E-01 1.6020E-01 1.6020E-01 2.2276E-06  1.9606E-04 4.0254E-01 2.6551E-07   184
 1.0000E-03 4.4925E-01 1.5640E-01 1.5640E-01 2.1913E-06  1.9507E-04 4.0254E-01 2.6118E-07   184
 1.0000E-03 4.5152E-01 1.5237E-01 1.5237E-01 2.1490E-06  1.9449E-04 4.0254E-01 2.5615E-07   184
 1.0000E-03 4.5381E-01 1.4812E-01 1.4812E-01 2.0999E-06  1.9374E-04 4.0253E-01 2.5029E-07   184
 1.0000E-03 4.5612E-01 1.4374E-01 1.4373E-01 2.0481E-06  1.9321E-04 4.0254E-01 2.4412E-07   184
 1.0000E-03 4.5846E-01 1.3925E-01 1.3925E-01 1.9940E-06  1.9259E-04 4.0254E-01 2.3767E-07   184
 1.0000E-03 4.6082E-01 1.3469E-01 1.3468E-01 1.9378E-06  1.9198E-04 4.0253E-01 2.3097E-07   184
 1.0000E-03 4.6321E-01 1.3007E-01 1.3007E-01 1.8799E-06  1.9114E-04 4.0254E-01 2.2406E-07   184
 1.0000E-03 4.6563E-01 1.2543E-01 1.2543E-01 1.8206E-06  1.9052E-04 4.0254E-01 2.1700E-07   184
 1.0000E-03 4.6806E-01 1.2081E-01 1.2081E-01 1.7603E-06  1.8982E-04 4.0254E-01 2.0982E-07   184
 1.0000E-03 4.7053E-01 1.1624E-01 1.1623E-01 1.6995E-06  1.8937E-04 4.0254E-01 2.0257E-07   184
 1.0000E-03 4.7302E-01 1.1184E-01 1.1184E-01 1.6401E-06  1.8876E-04 4.0253E-01 1.9549E-07   184
 1.0000E-03 4.7553E-01 1.0759E-01 1.0759E-01 1.5817E-06  1.8814E-04 4.0253E-01 1.8853E-07   184
 1.0000E-03 4.7807E-01 1.0345E-01 1.0345E-01 1.5240E-06  1.8753E-04 4.0253E-01 1.8165E-07   184
 1.0000E-03 4.8065E-01 9.9465E-02 9.9463E-02 1.4676E-06  1.8739E-04 4.0254E-01 1.7493E-07   184
 1.0000E-03 4.8324E-01 9.5649E-02 9.5647E-02 1.4130E-06  1.8652E-04 4.0253E-01 1.6842E-07   184
 1.0000E-03 4.8587E-01 9.2019E-02 9.2018E-02 1.3606E-06  1.8602E-04 4.0253E-01 1.6218E-07   184
 1.0000E-03 4.8852E-01 8.8584E-02 8.8582E-02 1.3110E-06  1.8549E-04 4.0253E-01 1.5626E-07   184
 1.0000E-03 4.9121E-01 8.5342E-02 8.5341E-02 1.2643E-06  1.8511E-04 4.0254E-01 1.5069E-07   184
 1.0000E-03 4.9392E-01 8.2284E-02 8.2283E-02 1.2208E-06  1.8459E-04 4.0253E-01 1.4551E-07   184
 1.0000E-03 4.9667E-01 7.9384E-02 7.9383E-02 1.1823E-06  1.8408E-04 4.0253E-01 1.4093E-07   184
 1.0000E-03 4.9944E-01 7.6536E-02 7.6535E-02 1.1505E-06  1.8364E-04 4.0253E-01 1.3713E-07   184
 1.0000E-03 5.0225E-01 7.3682E-02 7.3681E-02 1.1205E-06  1.8313E-04 4.0253E-01 1.3355E-07   184
 1.0000E-03 5.0508E-01 7.0773E-02 7.0772E-02 1.0917E-06  1.8263E-04 4.0253E-01 1.3013E-07   184
 1.0000E-03 5.0795E-01 6.7768E-02 6.7767E-02 1.0638E-06  1.8214E-04 4.0253E-01 1.2680E-07   184
 1.0000E-03 5.1086E-01 6.4632E-02 6.4631E-02 1.0360E-06  1.8167E-04 4.0253E-01 1.2349E-07   184
 1.0000E-03 5.1379E-01 6.1339E-02 6.1338E-02 1.0079E-06  1.8108E-04 4.0253E-01 1.2013E-07   184
 1.0000E-03 5.1676E-01 5.7878E-02 5.7877E-02 9.7887E-07  1.8039E-04 4.0253E-01 1.1668E-07   184
 1.0000E-03 5.1977E-01 5.4254E-02 5.4253E-02 9.4851E-07  1.8012E-04 4.0253E-01 1.1306E-07   184
 1.0000E-03 5.2281E-01 5.0538E-02 5.0537E-02 9.1131E-07  1.7935E-04 4.0253E-01 1.0862E-07   184
 1.0000E-03 5.2588E-01 4.6927E-02 4.6926E-02 8.7054E-07  1.7902E-04 4.0253E-01 1.0376E-07   184
 1.0000E-03 5.2899E-01 4.3459E-02 4.3458E-02 8.2981E-07  1.7828E-04 4.0253E-01 9.8909E-08   184
 1.0000E-03 5.3214E-01 4.0157E-02 4.0156E-02 7.8938E-07  1.7750E-04 4.0253E-01 9.4090E-08   184
 1.0000E-03 5.3533E-01 3.7041E-02 3.7040E-02 7.4951E-07  1.7700E-04 4.0253E-01 8.9338E-08   184
 1.0000E-03 5.3855E-01 3.4129E-02 3.4128E-02 7.1043E-07  1.7631E-04 4.0253E-01 8.4681E-08   184
 1.0000E-03 5.4182E-01 3.1429E-02 3.1429E-02 6.7238E-07  1.7590E-04 4.0253E-01 8.0145E-08   184
 1.0000E-03 5.4512E-01 2.8952E-02 2.8952E-02 6.3554E-07  1.7552E-04 4.0253E-01 7.5753E-08   184
 1.0000E-03 5.4847E-01 2.6701E-02 2.6700E-02 6.0007E-07  1.7461E-04 4.0253E-01 7.1526E-08   184
 1.0000E-03 5.5185E-01 2.4679E-02 2.4678E-02 5.6731E-07  1.7405E-04 4.0253E-01 6.7621E-08   184
 1.0000E-03 5.5528E-01 2.2845E-02 2.2844E-02 5.3618E-07  1.7317E-04 4.0253E-01 6.3910E-08   184
 1.0000E-03 5.5875E-01 2.1193E-02 2.1193E-02 5.0664E-07  1.7271E-04 4.0253E-01 6.0390E-08   184
 1.0000E-03 5.6226E-01 1.9720E-02 1.9720E-02 4.7872E-07  1.7197E-04 4.0253E-01 5.7062E-08   184
 1.0000E-03 5.6582E-01 1.8420E-02 1.8419E-02 4.5242E-07  1.7130E-04 4.0253E-01 5.3927E-08   184
 1.0000E-03 5.6943E-01 1.7284E-02 1.7283E-02 4.2774E-07  1.7069E-04 4.0253E-01 5.0985E-08   184
 1.0000E-03 5.7308E-01 1.6299E-02 1.6299E-02 4.0472E-07  1.6979E-04 4.0253E-01 4.8241E-08   184
 1.0000E-03 5.7677E-01 1.5449E-02 1.5449E-02 3.8330E-07  1.6916E-04 4.0253E-01 4.5688E-08   184
 1.0000E-03 5.8052E-01 1.4712E-02 1.4712E-02 3.6346E-07  1.6829E-04 4.0253E-01 4.3323E-08   184
 1.0000E-03 5.8431E-01 1.4066E-02 1.4066E-02 3.4497E-07  1.6751E-04 4.0253E-01 4.1120E-08   184
 1.0000E-03 5.8816E-01 1.3479E-02 1.3479E-02 3.2777E-07  1.6676E-04 4.0253E-01 3.9070E-08   184
 1.0000E-03 5.9205E-01 1.2926E-02 1.2926E-02 3.1172E-07  1.6608E-04 4.0253E-01 3.7156E-08   184
 1.0000E-03 5.9600E-01 1.2406E-02 1.2406E-02 2.9658E-07  1.6523E-04 4.0253E-01 3.5351E-08   184
 1.0000E-03 6.0000E-01 1.1938E-02 1.1938E-02 2.8221E-07  1.6454E-04 4.0253E-01 3.3639E-08   184
