 DDSCAT --- DDSCAT 7.3.3 [22.01.20]   
 TARGET --- Cyl.w.caps, NAT=  27008 NFAC= 248 NLAY=  97 cyl.asp.ratio= 5.4587 
 PBCGS2 --- method of solution 
 FLTRCD --- prescription for polarizabilities
 CYLNDRCAP --- shape 
   27008 = NAT0 = number of dipoles
 ../diel/Ag_evap                                             
  wave(um)   f(cm-1)     Re(m)     Im(m)     Re(eps)   Im(eps)
 5.0000E-01 2.0000E+04 3.725E-02 2.346E+00 -5.502E+00 1.748E-01
 5.0050E-01 1.9980E+04 3.722E-02 2.349E+00 -5.518E+00 1.749E-01
 5.0101E-01 1.9960E+04 3.720E-02 2.353E+00 -5.534E+00 1.750E-01
 5.0151E-01 1.9940E+04 3.718E-02 2.356E+00 -5.550E+00 1.752E-01
 5.0201E-01 1.9920E+04 3.716E-02 2.360E+00 -5.566E+00 1.754E-01
 5.0251E-01 1.9900E+04 3.714E-02 2.363E+00 -5.582E+00 1.755E-01
 5.0302E-01 1.9880E+04 3.712E-02 2.366E+00 -5.599E+00 1.757E-01
 5.0352E-01 1.9860E+04 3.711E-02 2.370E+00 -5.615E+00 1.759E-01
 5.0402E-01 1.9840E+04 3.709E-02 2.373E+00 -5.631E+00 1.761E-01
 5.0452E-01 1.9821E+04 3.708E-02 2.377E+00 -5.648E+00 1.763E-01
 5.0503E-01 1.9801E+04 3.707E-02 2.380E+00 -5.664E+00 1.765E-01
 5.0553E-01 1.9781E+04 3.706E-02 2.384E+00 -5.680E+00 1.767E-01
 5.0603E-01 1.9762E+04 3.705E-02 2.387E+00 -5.697E+00 1.769E-01
 5.0653E-01 1.9742E+04 3.704E-02 2.391E+00 -5.713E+00 1.771E-01
 5.0704E-01 1.9722E+04 3.704E-02 2.394E+00 -5.730E+00 1.773E-01
 5.0754E-01 1.9703E+04 3.704E-02 2.397E+00 -5.746E+00 1.776E-01
 5.0804E-01 1.9683E+04 3.703E-02 2.401E+00 -5.763E+00 1.778E-01
 5.0854E-01 1.9664E+04 3.703E-02 2.404E+00 -5.780E+00 1.781E-01
 5.0905E-01 1.9645E+04 3.704E-02 2.408E+00 -5.796E+00 1.784E-01
 5.0955E-01 1.9625E+04 3.704E-02 2.411E+00 -5.813E+00 1.786E-01
 5.1005E-01 1.9606E+04 3.704E-02 2.415E+00 -5.830E+00 1.789E-01
 5.1055E-01 1.9587E+04 3.705E-02 2.418E+00 -5.847E+00 1.792E-01
 5.1106E-01 1.9567E+04 3.706E-02 2.422E+00 -5.864E+00 1.795E-01
 5.1156E-01 1.9548E+04 3.706E-02 2.425E+00 -5.881E+00 1.798E-01
 5.1206E-01 1.9529E+04 3.708E-02 2.429E+00 -5.898E+00 1.801E-01
 5.1256E-01 1.9510E+04 3.709E-02 2.432E+00 -5.914E+00 1.804E-01
 5.1307E-01 1.9491E+04 3.710E-02 2.436E+00 -5.931E+00 1.807E-01
 5.1357E-01 1.9472E+04 3.712E-02 2.439E+00 -5.949E+00 1.811E-01
 5.1407E-01 1.9453E+04 3.713E-02 2.443E+00 -5.966E+00 1.814E-01
 5.1457E-01 1.9434E+04 3.715E-02 2.446E+00 -5.983E+00 1.818E-01
 5.1508E-01 1.9415E+04 3.717E-02 2.450E+00 -6.000E+00 1.821E-01
 5.1558E-01 1.9396E+04 3.719E-02 2.453E+00 -6.017E+00 1.825E-01
 5.1608E-01 1.9377E+04 3.721E-02 2.457E+00 -6.034E+00 1.829E-01
 5.1658E-01 1.9358E+04 3.724E-02 2.460E+00 -6.052E+00 1.832E-01
 5.1709E-01 1.9339E+04 3.726E-02 2.464E+00 -6.069E+00 1.836E-01
 5.1759E-01 1.9320E+04 3.729E-02 2.467E+00 -6.086E+00 1.840E-01
 5.1809E-01 1.9302E+04 3.732E-02 2.471E+00 -6.104E+00 1.844E-01
 5.1859E-01 1.9283E+04 3.735E-02 2.474E+00 -6.121E+00 1.848E-01
 5.1910E-01 1.9264E+04 3.738E-02 2.478E+00 -6.139E+00 1.853E-01
 5.1960E-01 1.9246E+04 3.742E-02 2.481E+00 -6.156E+00 1.857E-01
 5.2010E-01 1.9227E+04 3.745E-02 2.485E+00 -6.174E+00 1.861E-01
 5.2060E-01 1.9208E+04 3.749E-02 2.489E+00 -6.191E+00 1.866E-01
 5.2111E-01 1.9190E+04 3.759E-02 2.492E+00 -6.210E+00 1.874E-01
 5.2161E-01 1.9171E+04 3.778E-02 2.496E+00 -6.229E+00 1.886E-01
 5.2211E-01 1.9153E+04 3.797E-02 2.500E+00 -6.248E+00 1.899E-01
 5.2261E-01 1.9135E+04 3.816E-02 2.504E+00 -6.267E+00 1.911E-01
 5.2312E-01 1.9116E+04 3.835E-02 2.508E+00 -6.286E+00 1.923E-01
 5.2362E-01 1.9098E+04 3.853E-02 2.511E+00 -6.305E+00 1.935E-01
 5.2412E-01 1.9080E+04 3.871E-02 2.515E+00 -6.324E+00 1.947E-01
 5.2462E-01 1.9061E+04 3.889E-02 2.519E+00 -6.344E+00 1.959E-01
 5.2513E-01 1.9043E+04 3.907E-02 2.523E+00 -6.363E+00 1.971E-01
 5.2563E-01 1.9025E+04 3.925E-02 2.527E+00 -6.382E+00 1.983E-01
 5.2613E-01 1.9007E+04 3.942E-02 2.530E+00 -6.401E+00 1.995E-01
 5.2663E-01 1.8989E+04 3.959E-02 2.534E+00 -6.420E+00 2.007E-01
 5.2714E-01 1.8970E+04 3.976E-02 2.538E+00 -6.439E+00 2.018E-01
 5.2764E-01 1.8952E+04 3.993E-02 2.542E+00 -6.458E+00 2.030E-01
 5.2814E-01 1.8934E+04 4.010E-02 2.545E+00 -6.477E+00 2.041E-01
 5.2864E-01 1.8916E+04 4.026E-02 2.549E+00 -6.497E+00 2.053E-01
 5.2915E-01 1.8898E+04 4.042E-02 2.553E+00 -6.516E+00 2.064E-01
 5.2965E-01 1.8880E+04 4.058E-02 2.557E+00 -6.535E+00 2.075E-01
 5.3015E-01 1.8863E+04 4.073E-02 2.560E+00 -6.554E+00 2.086E-01
 5.3065E-01 1.8845E+04 4.089E-02 2.564E+00 -6.573E+00 2.097E-01
 5.3116E-01 1.8827E+04 4.104E-02 2.568E+00 -6.592E+00 2.108E-01
 5.3166E-01 1.8809E+04 4.119E-02 2.572E+00 -6.611E+00 2.119E-01
 5.3216E-01 1.8791E+04 4.134E-02 2.575E+00 -6.630E+00 2.129E-01
 5.3266E-01 1.8774E+04 4.149E-02 2.579E+00 -6.649E+00 2.140E-01
 5.3317E-01 1.8756E+04 4.163E-02 2.583E+00 -6.668E+00 2.150E-01
 5.3367E-01 1.8738E+04 4.177E-02 2.586E+00 -6.687E+00 2.161E-01
 5.3417E-01 1.8721E+04 4.191E-02 2.590E+00 -6.707E+00 2.171E-01
 5.3467E-01 1.8703E+04 4.205E-02 2.594E+00 -6.726E+00 2.181E-01
 5.3518E-01 1.8685E+04 4.218E-02 2.597E+00 -6.745E+00 2.191E-01
 5.3568E-01 1.8668E+04 4.232E-02 2.601E+00 -6.764E+00 2.201E-01
 5.3618E-01 1.8650E+04 4.245E-02 2.605E+00 -6.783E+00 2.211E-01
 5.3668E-01 1.8633E+04 4.258E-02 2.608E+00 -6.802E+00 2.221E-01
 5.3719E-01 1.8616E+04 4.270E-02 2.612E+00 -6.821E+00 2.231E-01
 5.3769E-01 1.8598E+04 4.283E-02 2.616E+00 -6.840E+00 2.241E-01
 5.3819E-01 1.8581E+04 4.295E-02 2.619E+00 -6.859E+00 2.250E-01
 5.3869E-01 1.8563E+04 4.307E-02 2.623E+00 -6.878E+00 2.259E-01
 5.3920E-01 1.8546E+04 4.319E-02 2.627E+00 -6.897E+00 2.269E-01
 5.3970E-01 1.8529E+04 4.331E-02 2.630E+00 -6.916E+00 2.278E-01
 5.4020E-01 1.8512E+04 4.342E-02 2.634E+00 -6.935E+00 2.287E-01
 5.4070E-01 1.8494E+04 4.353E-02 2.637E+00 -6.954E+00 2.296E-01
 5.4121E-01 1.8477E+04 4.364E-02 2.641E+00 -6.973E+00 2.305E-01
 5.4171E-01 1.8460E+04 4.375E-02 2.645E+00 -6.992E+00 2.314E-01
 5.4221E-01 1.8443E+04 4.386E-02 2.648E+00 -7.011E+00 2.323E-01
 5.4271E-01 1.8426E+04 4.396E-02 2.652E+00 -7.030E+00 2.331E-01
 5.4322E-01 1.8409E+04 4.406E-02 2.655E+00 -7.049E+00 2.340E-01
 5.4372E-01 1.8392E+04 4.416E-02 2.659E+00 -7.068E+00 2.348E-01
 5.4422E-01 1.8375E+04 4.426E-02 2.662E+00 -7.087E+00 2.357E-01
 5.4472E-01 1.8358E+04 4.435E-02 2.666E+00 -7.105E+00 2.365E-01
 5.4523E-01 1.8341E+04 4.444E-02 2.670E+00 -7.124E+00 2.373E-01
 5.4573E-01 1.8324E+04 4.453E-02 2.673E+00 -7.143E+00 2.381E-01
 5.4623E-01 1.8307E+04 4.462E-02 2.677E+00 -7.162E+00 2.389E-01
 5.4673E-01 1.8290E+04 4.471E-02 2.680E+00 -7.181E+00 2.397E-01
 5.4724E-01 1.8274E+04 4.479E-02 2.684E+00 -7.200E+00 2.404E-01
 5.4774E-01 1.8257E+04 4.488E-02 2.687E+00 -7.219E+00 2.412E-01
 5.4824E-01 1.8240E+04 4.496E-02 2.691E+00 -7.238E+00 2.419E-01
 5.4874E-01 1.8223E+04 4.497E-02 2.694E+00 -7.256E+00 2.423E-01
 5.4925E-01 1.8207E+04 4.483E-02 2.697E+00 -7.273E+00 2.419E-01
 5.4975E-01 1.8190E+04 4.470E-02 2.700E+00 -7.290E+00 2.414E-01
 5.5025E-01 1.8174E+04 4.456E-02 2.703E+00 -7.306E+00 2.409E-01
 5.5075E-01 1.8157E+04 4.443E-02 2.707E+00 -7.323E+00 2.405E-01
 5.5126E-01 1.8140E+04 4.429E-02 2.710E+00 -7.340E+00 2.400E-01
 5.5176E-01 1.8124E+04 4.416E-02 2.713E+00 -7.357E+00 2.396E-01
 5.5226E-01 1.8107E+04 4.402E-02 2.716E+00 -7.374E+00 2.391E-01
 5.5276E-01 1.8091E+04 4.389E-02 2.719E+00 -7.391E+00 2.387E-01
 5.5327E-01 1.8074E+04 4.376E-02 2.722E+00 -7.408E+00 2.382E-01
 5.5377E-01 1.8058E+04 4.363E-02 2.725E+00 -7.424E+00 2.378E-01
 5.5427E-01 1.8042E+04 4.350E-02 2.728E+00 -7.441E+00 2.374E-01
 5.5477E-01 1.8025E+04 4.337E-02 2.731E+00 -7.458E+00 2.369E-01
 5.5528E-01 1.8009E+04 4.324E-02 2.734E+00 -7.475E+00 2.365E-01
 5.5578E-01 1.7993E+04 4.312E-02 2.737E+00 -7.492E+00 2.361E-01
 5.5628E-01 1.7977E+04 4.299E-02 2.741E+00 -7.509E+00 2.356E-01
 5.5678E-01 1.7960E+04 4.286E-02 2.744E+00 -7.526E+00 2.352E-01
 5.5729E-01 1.7944E+04 4.274E-02 2.747E+00 -7.543E+00 2.348E-01
 5.5779E-01 1.7928E+04 4.261E-02 2.750E+00 -7.560E+00 2.344E-01
 5.5829E-01 1.7912E+04 4.249E-02 2.753E+00 -7.577E+00 2.339E-01
 5.5879E-01 1.7896E+04 4.237E-02 2.756E+00 -7.594E+00 2.335E-01
 5.5930E-01 1.7880E+04 4.224E-02 2.759E+00 -7.610E+00 2.331E-01
 5.5980E-01 1.7864E+04 4.212E-02 2.762E+00 -7.627E+00 2.327E-01
 5.6030E-01 1.7848E+04 4.200E-02 2.765E+00 -7.644E+00 2.323E-01
 5.6080E-01 1.7832E+04 4.188E-02 2.768E+00 -7.661E+00 2.319E-01
 5.6131E-01 1.7816E+04 4.176E-02 2.771E+00 -7.678E+00 2.315E-01
 5.6181E-01 1.7800E+04 4.164E-02 2.774E+00 -7.695E+00 2.311E-01
 5.6231E-01 1.7784E+04 4.153E-02 2.777E+00 -7.712E+00 2.307E-01
 5.6281E-01 1.7768E+04 4.141E-02 2.780E+00 -7.729E+00 2.303E-01
 5.6332E-01 1.7752E+04 4.129E-02 2.783E+00 -7.746E+00 2.299E-01
 5.6382E-01 1.7736E+04 4.118E-02 2.787E+00 -7.763E+00 2.295E-01
 5.6432E-01 1.7720E+04 4.106E-02 2.790E+00 -7.780E+00 2.291E-01
 5.6482E-01 1.7705E+04 4.095E-02 2.793E+00 -7.797E+00 2.287E-01
 5.6533E-01 1.7689E+04 4.084E-02 2.796E+00 -7.814E+00 2.283E-01
 5.6583E-01 1.7673E+04 4.073E-02 2.799E+00 -7.831E+00 2.280E-01
 5.6633E-01 1.7657E+04 4.061E-02 2.802E+00 -7.848E+00 2.276E-01
 5.6683E-01 1.7642E+04 4.050E-02 2.805E+00 -7.865E+00 2.272E-01
 5.6734E-01 1.7626E+04 4.039E-02 2.808E+00 -7.882E+00 2.268E-01
 5.6784E-01 1.7611E+04 4.028E-02 2.811E+00 -7.899E+00 2.265E-01
 5.6834E-01 1.7595E+04 4.018E-02 2.814E+00 -7.916E+00 2.261E-01
 5.6884E-01 1.7580E+04 4.007E-02 2.817E+00 -7.933E+00 2.257E-01
 5.6935E-01 1.7564E+04 3.996E-02 2.820E+00 -7.950E+00 2.254E-01
 5.6985E-01 1.7548E+04 3.986E-02 2.823E+00 -7.967E+00 2.250E-01
 5.7035E-01 1.7533E+04 3.975E-02 2.826E+00 -7.984E+00 2.247E-01
 5.7085E-01 1.7518E+04 3.965E-02 2.829E+00 -8.001E+00 2.243E-01
 5.7136E-01 1.7502E+04 3.954E-02 2.832E+00 -8.018E+00 2.240E-01
 5.7186E-01 1.7487E+04 3.944E-02 2.835E+00 -8.035E+00 2.236E-01
 5.7236E-01 1.7471E+04 3.934E-02 2.838E+00 -8.053E+00 2.233E-01
 5.7286E-01 1.7456E+04 3.924E-02 2.841E+00 -8.070E+00 2.229E-01
 5.7337E-01 1.7441E+04 3.914E-02 2.844E+00 -8.087E+00 2.226E-01
 5.7387E-01 1.7426E+04 3.904E-02 2.847E+00 -8.104E+00 2.223E-01
 5.7437E-01 1.7410E+04 3.894E-02 2.850E+00 -8.121E+00 2.219E-01
 5.7487E-01 1.7395E+04 3.884E-02 2.853E+00 -8.138E+00 2.216E-01
 5.7538E-01 1.7380E+04 3.874E-02 2.856E+00 -8.155E+00 2.213E-01
 5.7588E-01 1.7365E+04 3.864E-02 2.859E+00 -8.172E+00 2.210E-01
 5.7638E-01 1.7350E+04 3.855E-02 2.862E+00 -8.189E+00 2.206E-01
 5.7688E-01 1.7334E+04 3.845E-02 2.865E+00 -8.206E+00 2.203E-01
 5.7739E-01 1.7319E+04 3.836E-02 2.868E+00 -8.223E+00 2.200E-01
 5.7789E-01 1.7304E+04 3.826E-02 2.871E+00 -8.240E+00 2.197E-01
 5.7839E-01 1.7289E+04 3.817E-02 2.874E+00 -8.258E+00 2.194E-01
 5.7889E-01 1.7274E+04 3.808E-02 2.877E+00 -8.275E+00 2.191E-01
 5.7940E-01 1.7259E+04 3.799E-02 2.880E+00 -8.292E+00 2.188E-01
 5.7990E-01 1.7244E+04 3.790E-02 2.883E+00 -8.309E+00 2.185E-01
 5.8040E-01 1.7229E+04 3.781E-02 2.886E+00 -8.326E+00 2.182E-01
 5.8090E-01 1.7215E+04 3.772E-02 2.889E+00 -8.343E+00 2.179E-01
 5.8141E-01 1.7200E+04 3.763E-02 2.892E+00 -8.360E+00 2.176E-01
 5.8191E-01 1.7185E+04 3.754E-02 2.895E+00 -8.377E+00 2.173E-01
 5.8241E-01 1.7170E+04 3.759E-02 2.898E+00 -8.395E+00 2.179E-01
 5.8291E-01 1.7155E+04 3.772E-02 2.901E+00 -8.414E+00 2.189E-01
 5.8342E-01 1.7140E+04 3.785E-02 2.904E+00 -8.432E+00 2.199E-01
 5.8392E-01 1.7126E+04 3.798E-02 2.907E+00 -8.451E+00 2.209E-01
 5.8442E-01 1.7111E+04 3.811E-02 2.911E+00 -8.470E+00 2.219E-01
 5.8492E-01 1.7096E+04 3.824E-02 2.914E+00 -8.488E+00 2.228E-01
 5.8543E-01 1.7082E+04 3.837E-02 2.917E+00 -8.507E+00 2.238E-01
 5.8593E-01 1.7067E+04 3.850E-02 2.920E+00 -8.525E+00 2.248E-01
 5.8643E-01 1.7052E+04 3.862E-02 2.923E+00 -8.544E+00 2.258E-01
 5.8693E-01 1.7038E+04 3.875E-02 2.926E+00 -8.563E+00 2.268E-01
 5.8744E-01 1.7023E+04 3.887E-02 2.930E+00 -8.581E+00 2.278E-01
 5.8794E-01 1.7009E+04 3.900E-02 2.933E+00 -8.600E+00 2.287E-01
 5.8844E-01 1.6994E+04 3.912E-02 2.936E+00 -8.619E+00 2.297E-01
 5.8894E-01 1.6980E+04 3.924E-02 2.939E+00 -8.637E+00 2.307E-01
 5.8945E-01 1.6965E+04 3.937E-02 2.942E+00 -8.656E+00 2.317E-01
 5.8995E-01 1.6951E+04 3.949E-02 2.946E+00 -8.675E+00 2.326E-01
 5.9045E-01 1.6936E+04 3.961E-02 2.949E+00 -8.694E+00 2.336E-01
 5.9095E-01 1.6922E+04 3.973E-02 2.952E+00 -8.712E+00 2.346E-01
 5.9146E-01 1.6907E+04 3.985E-02 2.955E+00 -8.731E+00 2.355E-01
 5.9196E-01 1.6893E+04 3.997E-02 2.958E+00 -8.750E+00 2.365E-01
 5.9246E-01 1.6879E+04 4.009E-02 2.961E+00 -8.769E+00 2.374E-01
 5.9296E-01 1.6864E+04 4.021E-02 2.965E+00 -8.787E+00 2.384E-01
 5.9347E-01 1.6850E+04 4.032E-02 2.968E+00 -8.806E+00 2.393E-01
 5.9397E-01 1.6836E+04 4.044E-02 2.971E+00 -8.825E+00 2.403E-01
 5.9447E-01 1.6822E+04 4.055E-02 2.974E+00 -8.844E+00 2.412E-01
 5.9497E-01 1.6807E+04 4.067E-02 2.977E+00 -8.863E+00 2.422E-01
 5.9548E-01 1.6793E+04 4.078E-02 2.980E+00 -8.882E+00 2.431E-01
 5.9598E-01 1.6779E+04 4.090E-02 2.984E+00 -8.900E+00 2.440E-01
 5.9648E-01 1.6765E+04 4.101E-02 2.987E+00 -8.919E+00 2.450E-01
 5.9698E-01 1.6751E+04 4.112E-02 2.990E+00 -8.938E+00 2.459E-01
 5.9749E-01 1.6737E+04 4.123E-02 2.993E+00 -8.957E+00 2.468E-01
 5.9799E-01 1.6723E+04 4.134E-02 2.996E+00 -8.976E+00 2.478E-01
 5.9849E-01 1.6709E+04 4.146E-02 2.999E+00 -8.995E+00 2.487E-01
 5.9899E-01 1.6695E+04 4.156E-02 3.003E+00 -9.014E+00 2.496E-01
 5.9950E-01 1.6681E+04 4.167E-02 3.006E+00 -9.033E+00 2.505E-01
 6.0000E-01 1.6667E+04 4.178E-02 3.009E+00 -9.052E+00 2.514E-01
