 DDSCAT --- DDSCAT 7.3.3 [22.01.20]   
 TARGET --- Cyl.w.caps, NAT=  27008 NFAC= 248 NLAY=  97 cyl.asp.ratio= 5.4587 
 PBCGS2 --- method of solution 
 GKDLDR --- prescription for polarizabilities
 CYLNDRCAP --- shape 
   27008 = NAT0 = number of dipoles
 ../diel/Ag_evap                                             
  wave(um)   f(cm-1)     Re(m)     Im(m)     Re(eps)   Im(eps)
 6.0000E-01 1.6667E+04 4.178E-02 3.009E+00 -9.052E+00 2.514E-01
 6.0408E-01 1.6554E+04 4.264E-02 3.034E+00 -9.206E+00 2.587E-01
 6.0816E-01 1.6443E+04 4.345E-02 3.060E+00 -9.361E+00 2.659E-01
 6.1224E-01 1.6333E+04 4.421E-02 3.085E+00 -9.516E+00 2.728E-01
 6.1633E-01 1.6225E+04 4.493E-02 3.110E+00 -9.672E+00 2.795E-01
 6.2041E-01 1.6118E+04 4.459E-02 3.134E+00 -9.822E+00 2.795E-01
 6.2449E-01 1.6013E+04 4.407E-02 3.158E+00 -9.971E+00 2.784E-01
 6.2857E-01 1.5909E+04 4.350E-02 3.182E+00 -1.012E+01 2.768E-01
 6.3265E-01 1.5806E+04 4.288E-02 3.205E+00 -1.027E+01 2.749E-01
 6.3673E-01 1.5705E+04 4.220E-02 3.229E+00 -1.042E+01 2.726E-01
 6.4082E-01 1.5605E+04 4.148E-02 3.253E+00 -1.058E+01 2.698E-01
 6.4490E-01 1.5506E+04 4.070E-02 3.276E+00 -1.073E+01 2.667E-01
 6.4898E-01 1.5409E+04 3.988E-02 3.300E+00 -1.089E+01 2.632E-01
 6.5306E-01 1.5312E+04 3.900E-02 3.324E+00 -1.104E+01 2.592E-01
 6.5714E-01 1.5217E+04 3.807E-02 3.347E+00 -1.120E+01 2.549E-01
 6.6122E-01 1.5123E+04 3.721E-02 3.371E+00 -1.136E+01 2.509E-01
 6.6531E-01 1.5031E+04 3.650E-02 3.396E+00 -1.153E+01 2.479E-01
 6.6939E-01 1.4939E+04 3.580E-02 3.420E+00 -1.170E+01 2.449E-01
 6.7347E-01 1.4848E+04 3.510E-02 3.445E+00 -1.187E+01 2.419E-01
 6.7755E-01 1.4759E+04 3.441E-02 3.469E+00 -1.204E+01 2.388E-01
 6.8163E-01 1.4671E+04 3.373E-02 3.494E+00 -1.221E+01 2.357E-01
 6.8571E-01 1.4583E+04 3.305E-02 3.518E+00 -1.238E+01 2.326E-01
 6.8980E-01 1.4497E+04 3.238E-02 3.543E+00 -1.255E+01 2.294E-01
 6.9388E-01 1.4412E+04 3.171E-02 3.567E+00 -1.272E+01 2.263E-01
 6.9796E-01 1.4327E+04 3.105E-02 3.592E+00 -1.290E+01 2.231E-01
 7.0204E-01 1.4244E+04 3.040E-02 3.616E+00 -1.308E+01 2.199E-01
 7.0612E-01 1.4162E+04 2.963E-02 3.640E+00 -1.325E+01 2.157E-01
 7.1020E-01 1.4080E+04 2.872E-02 3.665E+00 -1.343E+01 2.105E-01
 7.1429E-01 1.4000E+04 2.787E-02 3.689E+00 -1.360E+01 2.056E-01
 7.1837E-01 1.3920E+04 2.708E-02 3.713E+00 -1.378E+01 2.011E-01
 7.2245E-01 1.3842E+04 2.635E-02 3.736E+00 -1.396E+01 1.969E-01
 7.2653E-01 1.3764E+04 2.567E-02 3.760E+00 -1.414E+01 1.930E-01
 7.3061E-01 1.3687E+04 2.505E-02 3.784E+00 -1.432E+01 1.896E-01
 7.3469E-01 1.3611E+04 2.449E-02 3.808E+00 -1.450E+01 1.865E-01
 7.3878E-01 1.3536E+04 2.399E-02 3.832E+00 -1.468E+01 1.838E-01
 7.4286E-01 1.3462E+04 2.354E-02 3.855E+00 -1.486E+01 1.815E-01
 7.4694E-01 1.3388E+04 2.316E-02 3.879E+00 -1.504E+01 1.796E-01
 7.5102E-01 1.3315E+04 2.283E-02 3.902E+00 -1.523E+01 1.782E-01
 7.5510E-01 1.3243E+04 2.256E-02 3.926E+00 -1.541E+01 1.771E-01
 7.5918E-01 1.3172E+04 2.287E-02 3.949E+00 -1.559E+01 1.806E-01
 7.6327E-01 1.3102E+04 2.334E-02 3.971E+00 -1.577E+01 1.853E-01
 7.6735E-01 1.3032E+04 2.380E-02 3.994E+00 -1.595E+01 1.901E-01
 7.7143E-01 1.2963E+04 2.427E-02 4.016E+00 -1.613E+01 1.950E-01
 7.7551E-01 1.2895E+04 2.474E-02 4.039E+00 -1.631E+01 1.999E-01
 7.7959E-01 1.2827E+04 2.521E-02 4.062E+00 -1.650E+01 2.048E-01
 7.8367E-01 1.2760E+04 2.568E-02 4.085E+00 -1.669E+01 2.098E-01
 7.8776E-01 1.2694E+04 2.615E-02 4.108E+00 -1.687E+01 2.148E-01
 7.9184E-01 1.2629E+04 2.662E-02 4.131E+00 -1.706E+01 2.199E-01
 7.9592E-01 1.2564E+04 2.709E-02 4.154E+00 -1.726E+01 2.251E-01
 8.0000E-01 1.2500E+04 2.756E-02 4.177E+00 -1.745E+01 2.303E-01
