 DDSCAT --- DDSCAT 7.3.3 [22.01.20]   
 TARGET --->TARGSPHER  spherical target with explicit spacing                 
 GPFAFT --- method of solution 
 GKDLDR --- prescription for polarizabilities
 FROM_FILE --- shape 
   33401 = NAT0 = number of dipoles
 ../diel/Pena26Au74Ag                                        
 ../diel/Pena15Au85Ag                                        
   0.000   0.000 = beta_min, beta_max ;  NBETA = 1
   0.000   0.000 = theta_min, theta_max; NTHETA= 1
   0.000   0.000 = phi_min, phi_max   ;   NPHI = 1
 Results averaged over    1 target orientations
                   and  1 incident polarizations
   aeff       wave      Q_pha
 1.0000E-03 3.0000E-01  1.5301E-02
 1.0000E-03 3.0151E-01  1.4822E-02
 1.0000E-03 3.0302E-01  1.4332E-02
 1.0000E-03 3.0452E-01  1.3830E-02
 1.0000E-03 3.0603E-01  1.3316E-02
 1.0000E-03 3.0754E-01  1.2789E-02
 1.0000E-03 3.0905E-01  1.2263E-02
 1.0000E-03 3.1055E-01  1.1737E-02
 1.0000E-03 3.1206E-01  1.1203E-02
 1.0000E-03 3.1357E-01  1.0660E-02
 1.0000E-03 3.1508E-01  1.0108E-02
 1.0000E-03 3.1658E-01  9.5447E-03
 1.0000E-03 3.1809E-01  8.9833E-03
 1.0000E-03 3.1960E-01  8.4142E-03
 1.0000E-03 3.2111E-01  7.8274E-03
 1.0000E-03 3.2261E-01  7.2218E-03
 1.0000E-03 3.2412E-01  6.5966E-03
 1.0000E-03 3.2563E-01  5.9510E-03
 1.0000E-03 3.2714E-01  5.2543E-03
 1.0000E-03 3.2864E-01  4.5121E-03
 1.0000E-03 3.3015E-01  3.7497E-03
 1.0000E-03 3.3166E-01  2.9652E-03
 1.0000E-03 3.3317E-01  2.1566E-03
 1.0000E-03 3.3467E-01  1.3217E-03
 1.0000E-03 3.3618E-01  4.5905E-04
 1.0000E-03 3.3769E-01 -4.1783E-04
 1.0000E-03 3.3920E-01 -1.3070E-03
 1.0000E-03 3.4070E-01 -2.2108E-03
 1.0000E-03 3.4221E-01 -3.1321E-03
 1.0000E-03 3.4372E-01 -4.0737E-03
 1.0000E-03 3.4523E-01 -5.0264E-03
 1.0000E-03 3.4673E-01 -5.9729E-03
 1.0000E-03 3.4824E-01 -6.9280E-03
 1.0000E-03 3.4975E-01 -7.8938E-03
 1.0000E-03 3.5126E-01 -8.8723E-03
 1.0000E-03 3.5276E-01 -9.8659E-03
 1.0000E-03 3.5427E-01 -1.0873E-02
 1.0000E-03 3.5578E-01 -1.1884E-02
 1.0000E-03 3.5729E-01 -1.2908E-02
 1.0000E-03 3.5879E-01 -1.3944E-02
 1.0000E-03 3.6030E-01 -1.4995E-02
 1.0000E-03 3.6181E-01 -1.6061E-02
 1.0000E-03 3.6332E-01 -1.7143E-02
 1.0000E-03 3.6482E-01 -1.8234E-02
 1.0000E-03 3.6633E-01 -1.9338E-02
 1.0000E-03 3.6784E-01 -2.0456E-02
 1.0000E-03 3.6935E-01 -2.1587E-02
 1.0000E-03 3.7085E-01 -2.2730E-02
 1.0000E-03 3.7236E-01 -2.3884E-02
 1.0000E-03 3.7387E-01 -2.5039E-02
 1.0000E-03 3.7538E-01 -2.6200E-02
 1.0000E-03 3.7688E-01 -2.7363E-02
 1.0000E-03 3.7839E-01 -2.8523E-02
 1.0000E-03 3.7990E-01 -2.9673E-02
 1.0000E-03 3.8141E-01 -3.0807E-02
 1.0000E-03 3.8291E-01 -3.1914E-02
 1.0000E-03 3.8442E-01 -3.2987E-02
 1.0000E-03 3.8593E-01 -3.4014E-02
 1.0000E-03 3.8744E-01 -3.4977E-02
 1.0000E-03 3.8894E-01 -3.5854E-02
 1.0000E-03 3.9045E-01 -3.6616E-02
 1.0000E-03 3.9196E-01 -3.7236E-02
 1.0000E-03 3.9347E-01 -3.7683E-02
 1.0000E-03 3.9497E-01 -3.7909E-02
 1.0000E-03 3.9648E-01 -3.7857E-02
 1.0000E-03 3.9799E-01 -3.7460E-02
 1.0000E-03 3.9950E-01 -3.6634E-02
 1.0000E-03 4.0101E-01 -3.5300E-02
 1.0000E-03 4.0251E-01 -3.3363E-02
 1.0000E-03 4.0402E-01 -3.0708E-02
 1.0000E-03 4.0553E-01 -2.7208E-02
 1.0000E-03 4.0704E-01 -2.2739E-02
 1.0000E-03 4.0854E-01 -1.7183E-02
 1.0000E-03 4.1005E-01 -1.0485E-02
 1.0000E-03 4.1156E-01 -2.5907E-03
 1.0000E-03 4.1307E-01  6.4901E-03
 1.0000E-03 4.1457E-01  1.6670E-02
 1.0000E-03 4.1608E-01  2.7777E-02
 1.0000E-03 4.1759E-01  3.9555E-02
 1.0000E-03 4.1910E-01  5.1679E-02
 1.0000E-03 4.2060E-01  6.3783E-02
 1.0000E-03 4.2211E-01  7.5496E-02
 1.0000E-03 4.2362E-01  8.6485E-02
 1.0000E-03 4.2513E-01  9.6467E-02
 1.0000E-03 4.2663E-01  1.0525E-01
 1.0000E-03 4.2814E-01  1.1270E-01
 1.0000E-03 4.2965E-01  1.1879E-01
 1.0000E-03 4.3116E-01  1.2357E-01
 1.0000E-03 4.3266E-01  1.2712E-01
 1.0000E-03 4.3417E-01  1.2958E-01
 1.0000E-03 4.3568E-01  1.3108E-01
 1.0000E-03 4.3719E-01  1.3177E-01
 1.0000E-03 4.3869E-01  1.3181E-01
 1.0000E-03 4.4020E-01  1.3132E-01
 1.0000E-03 4.4171E-01  1.3040E-01
 1.0000E-03 4.4322E-01  1.2914E-01
 1.0000E-03 4.4472E-01  1.2761E-01
 1.0000E-03 4.4623E-01  1.2587E-01
 1.0000E-03 4.4774E-01  1.2399E-01
 1.0000E-03 4.4925E-01  1.2201E-01
 1.0000E-03 4.5075E-01  1.1995E-01
 1.0000E-03 4.5226E-01  1.1785E-01
 1.0000E-03 4.5377E-01  1.1574E-01
 1.0000E-03 4.5528E-01  1.1362E-01
 1.0000E-03 4.5678E-01  1.1153E-01
 1.0000E-03 4.5829E-01  1.0947E-01
 1.0000E-03 4.5980E-01  1.0745E-01
 1.0000E-03 4.6131E-01  1.0547E-01
 1.0000E-03 4.6281E-01  1.0354E-01
 1.0000E-03 4.6432E-01  1.0167E-01
 1.0000E-03 4.6583E-01  9.9861E-02
 1.0000E-03 4.6734E-01  9.8108E-02
 1.0000E-03 4.6884E-01  9.6413E-02
 1.0000E-03 4.7035E-01  9.4777E-02
 1.0000E-03 4.7186E-01  9.3195E-02
 1.0000E-03 4.7337E-01  9.1668E-02
 1.0000E-03 4.7487E-01  9.0191E-02
 1.0000E-03 4.7638E-01  8.8762E-02
 1.0000E-03 4.7789E-01  8.7381E-02
 1.0000E-03 4.7940E-01  8.6045E-02
 1.0000E-03 4.8090E-01  8.4754E-02
 1.0000E-03 4.8241E-01  8.3506E-02
 1.0000E-03 4.8392E-01  8.2302E-02
 1.0000E-03 4.8543E-01  8.1139E-02
 1.0000E-03 4.8693E-01  8.0017E-02
 1.0000E-03 4.8844E-01  7.8936E-02
 1.0000E-03 4.8995E-01  7.7893E-02
 1.0000E-03 4.9146E-01  7.6889E-02
 1.0000E-03 4.9296E-01  7.5921E-02
 1.0000E-03 4.9447E-01  7.4986E-02
 1.0000E-03 4.9598E-01  7.4084E-02
 1.0000E-03 4.9749E-01  7.3212E-02
 1.0000E-03 4.9900E-01  7.2366E-02
 1.0000E-03 5.0050E-01  7.1544E-02
 1.0000E-03 5.0201E-01  7.0744E-02
 1.0000E-03 5.0352E-01  6.9965E-02
 1.0000E-03 5.0503E-01  6.9204E-02
 1.0000E-03 5.0653E-01  6.8462E-02
 1.0000E-03 5.0804E-01  6.7737E-02
 1.0000E-03 5.0955E-01  6.7027E-02
 1.0000E-03 5.1106E-01  6.6333E-02
 1.0000E-03 5.1256E-01  6.5654E-02
 1.0000E-03 5.1407E-01  6.4988E-02
 1.0000E-03 5.1558E-01  6.4336E-02
 1.0000E-03 5.1709E-01  6.3698E-02
 1.0000E-03 5.1859E-01  6.3072E-02
 1.0000E-03 5.2010E-01  6.2458E-02
 1.0000E-03 5.2161E-01  6.1857E-02
 1.0000E-03 5.2312E-01  6.1268E-02
 1.0000E-03 5.2462E-01  6.0692E-02
 1.0000E-03 5.2613E-01  6.0128E-02
 1.0000E-03 5.2764E-01  5.9576E-02
 1.0000E-03 5.2915E-01  5.9036E-02
 1.0000E-03 5.3065E-01  5.8508E-02
 1.0000E-03 5.3216E-01  5.7991E-02
 1.0000E-03 5.3367E-01  5.7485E-02
 1.0000E-03 5.3518E-01  5.6990E-02
 1.0000E-03 5.3668E-01  5.6504E-02
 1.0000E-03 5.3819E-01  5.6029E-02
 1.0000E-03 5.3970E-01  5.5563E-02
 1.0000E-03 5.4121E-01  5.5106E-02
 1.0000E-03 5.4271E-01  5.4658E-02
 1.0000E-03 5.4422E-01  5.4219E-02
 1.0000E-03 5.4573E-01  5.3789E-02
 1.0000E-03 5.4724E-01  5.3368E-02
 1.0000E-03 5.4874E-01  5.2955E-02
 1.0000E-03 5.5025E-01  5.2552E-02
 1.0000E-03 5.5176E-01  5.2156E-02
 1.0000E-03 5.5327E-01  5.1770E-02
 1.0000E-03 5.5477E-01  5.1392E-02
 1.0000E-03 5.5628E-01  5.1024E-02
 1.0000E-03 5.5779E-01  5.0663E-02
 1.0000E-03 5.5930E-01  5.0311E-02
 1.0000E-03 5.6080E-01  4.9966E-02
 1.0000E-03 5.6231E-01  4.9629E-02
 1.0000E-03 5.6382E-01  4.9300E-02
 1.0000E-03 5.6533E-01  4.8976E-02
 1.0000E-03 5.6683E-01  4.8659E-02
 1.0000E-03 5.6834E-01  4.8347E-02
 1.0000E-03 5.6985E-01  4.8041E-02
 1.0000E-03 5.7136E-01  4.7739E-02
 1.0000E-03 5.7286E-01  4.7442E-02
 1.0000E-03 5.7437E-01  4.7148E-02
 1.0000E-03 5.7588E-01  4.6859E-02
 1.0000E-03 5.7739E-01  4.6573E-02
 1.0000E-03 5.7889E-01  4.6292E-02
 1.0000E-03 5.8040E-01  4.6014E-02
 1.0000E-03 5.8191E-01  4.5740E-02
 1.0000E-03 5.8342E-01  4.5470E-02
 1.0000E-03 5.8492E-01  4.5203E-02
 1.0000E-03 5.8643E-01  4.4940E-02
 1.0000E-03 5.8794E-01  4.4681E-02
 1.0000E-03 5.8945E-01  4.4425E-02
 1.0000E-03 5.9095E-01  4.4173E-02
 1.0000E-03 5.9246E-01  4.3924E-02
 1.0000E-03 5.9397E-01  4.3679E-02
 1.0000E-03 5.9548E-01  4.3437E-02
 1.0000E-03 5.9698E-01  4.3197E-02
 1.0000E-03 5.9849E-01  4.2961E-02
 1.0000E-03 6.0000E-01  4.2729E-02
