 DDSCAT --- DDSCAT 7.3.3 [22.01.20]   
 TARGET --->TARGSPHER  spherical target with explicit spacing                 
 GPFAFT --- method of solution 
 GKDLDR --- prescription for polarizabilities
 FROM_FILE --- shape 
    4169 = NAT0 = number of dipoles
 ../../diel/Pena-Rioux_dielectric_26Au_74Ag                  
 ../../diel/Pena-Rioux_dielectric_52Au_48Ag                  
 ../../diel/Pena-Rioux_dielectric_85Au_15Ag                  
   0.000   0.000 = beta_min, beta_max ;  NBETA = 1
   0.000   0.000 = theta_min, theta_max; NTHETA= 1
   0.000   0.000 = phi_min, phi_max   ;   NPHI = 1
 0.5000 = ETASCA (param. controlling # of scatt. dirs used to calculate <cos> etc.
 Results averaged over    1 target orientations
                   and  2 incident polarizations
   aeff       wave       Q_ext     Q_abs      Q_sca     g(1)=<cos>  <cos^2>    Q_bk       Nsca
 4.0000E-02 3.0000E-01 2.5766E+00 1.7925E+00 7.8414E-01  2.5436E-01 4.1471E-01 3.9678E-02   408
 4.0000E-02 3.0101E-01 2.5690E+00 1.7918E+00 7.7726E-01  2.5259E-01 4.1452E-01 3.9680E-02   408
 4.0000E-02 3.0203E-01 2.5614E+00 1.7910E+00 7.7034E-01  2.5083E-01 4.1433E-01 3.9671E-02   408
 4.0000E-02 3.0305E-01 2.5536E+00 1.7902E+00 7.6339E-01  2.4908E-01 4.1414E-01 3.9653E-02   408
 4.0000E-02 3.0408E-01 2.5458E+00 1.7894E+00 7.5640E-01  2.4734E-01 4.1395E-01 3.9626E-02   408
 4.0000E-02 3.0512E-01 2.5378E+00 1.7885E+00 7.4937E-01  2.4560E-01 4.1377E-01 3.9589E-02   408
 4.0000E-02 3.0616E-01 2.5298E+00 1.7875E+00 7.4231E-01  2.4387E-01 4.1359E-01 3.9543E-02   408
 4.0000E-02 3.0722E-01 2.5217E+00 1.7865E+00 7.3522E-01  2.4215E-01 4.1341E-01 3.9488E-02   408
 4.0000E-02 3.0828E-01 2.5136E+00 1.7854E+00 7.2819E-01  2.4043E-01 4.1323E-01 3.9430E-02   408
 4.0000E-02 3.0934E-01 2.5060E+00 1.7845E+00 7.2149E-01  2.3868E-01 4.1305E-01 3.9387E-02   408
 4.0000E-02 3.1042E-01 2.4983E+00 1.7835E+00 7.1477E-01  2.3694E-01 4.1288E-01 3.9336E-02   408
 4.0000E-02 3.1150E-01 2.4905E+00 1.7825E+00 7.0801E-01  2.3520E-01 4.1270E-01 3.9277E-02   408
 4.0000E-02 3.1259E-01 2.4826E+00 1.7814E+00 7.0122E-01  2.3346E-01 4.1253E-01 3.9209E-02   408
 4.0000E-02 3.1368E-01 2.4746E+00 1.7802E+00 6.9440E-01  2.3173E-01 4.1236E-01 3.9133E-02   408
 4.0000E-02 3.1479E-01 2.4665E+00 1.7789E+00 6.8755E-01  2.3011E-01 4.1234E-01 3.9049E-02   362
 4.0000E-02 3.1590E-01 2.4583E+00 1.7776E+00 6.8068E-01  2.2839E-01 4.1218E-01 3.8957E-02   362
 4.0000E-02 3.1702E-01 2.4500E+00 1.7762E+00 6.7379E-01  2.2666E-01 4.1202E-01 3.8858E-02   363
 4.0000E-02 3.1815E-01 2.4410E+00 1.7745E+00 6.6658E-01  2.2496E-01 4.1185E-01 3.8732E-02   363
 4.0000E-02 3.1929E-01 2.4319E+00 1.7726E+00 6.5925E-01  2.2327E-01 4.1170E-01 3.8591E-02   363
 4.0000E-02 3.2043E-01 2.4225E+00 1.7706E+00 6.5184E-01  2.2158E-01 4.1154E-01 3.8439E-02   363
 4.0000E-02 3.2158E-01 2.4129E+00 1.7685E+00 6.4439E-01  2.1990E-01 4.1139E-01 3.8275E-02   363
 4.0000E-02 3.2274E-01 2.4031E+00 1.7662E+00 6.3686E-01  2.1822E-01 4.1124E-01 3.8101E-02   363
 4.0000E-02 3.2391E-01 2.3931E+00 1.7638E+00 6.2928E-01  2.1654E-01 4.1109E-01 3.7915E-02   363
 4.0000E-02 3.2509E-01 2.3829E+00 1.7612E+00 6.2165E-01  2.1487E-01 4.1095E-01 3.7719E-02   363
 4.0000E-02 3.2628E-01 2.3725E+00 1.7585E+00 6.1396E-01  2.1321E-01 4.1080E-01 3.7511E-02   363
 4.0000E-02 3.2747E-01 2.3609E+00 1.7552E+00 6.0573E-01  2.1158E-01 4.1066E-01 3.7259E-02   363
 4.0000E-02 3.2868E-01 2.3495E+00 1.7519E+00 5.9765E-01  2.0994E-01 4.1053E-01 3.7008E-02   363
 4.0000E-02 3.2989E-01 2.3382E+00 1.7485E+00 5.8975E-01  2.0829E-01 4.1039E-01 3.6763E-02   363
 4.0000E-02 3.3111E-01 2.3271E+00 1.7451E+00 5.8204E-01  2.0662E-01 4.1025E-01 3.6524E-02   363
 4.0000E-02 3.3234E-01 2.3161E+00 1.7416E+00 5.7454E-01  2.0494E-01 4.1011E-01 3.6293E-02   363
 4.0000E-02 3.3358E-01 2.3054E+00 1.7381E+00 5.6724E-01  2.0323E-01 4.0997E-01 3.6070E-02   363
 4.0000E-02 3.3483E-01 2.2948E+00 1.7346E+00 5.6017E-01  2.0152E-01 4.0983E-01 3.5857E-02   363
 4.0000E-02 3.3609E-01 2.2850E+00 1.7313E+00 5.5364E-01  1.9975E-01 4.0969E-01 3.5678E-02   363
 4.0000E-02 3.3736E-01 2.2763E+00 1.7285E+00 5.4786E-01  1.9792E-01 4.0954E-01 3.5547E-02   363
 4.0000E-02 3.3864E-01 2.2684E+00 1.7258E+00 5.4259E-01  1.9605E-01 4.0940E-01 3.5448E-02   363
 4.0000E-02 3.3992E-01 2.2613E+00 1.7234E+00 5.3786E-01  1.9415E-01 4.0924E-01 3.5383E-02   363
 4.0000E-02 3.4122E-01 2.2550E+00 1.7213E+00 5.3366E-01  1.9221E-01 4.0909E-01 3.5353E-02   363
 4.0000E-02 3.4253E-01 2.2495E+00 1.7195E+00 5.3001E-01  1.9023E-01 4.0894E-01 3.5360E-02   363
 4.0000E-02 3.4385E-01 2.2449E+00 1.7180E+00 5.2695E-01  1.8821E-01 4.0878E-01 3.5406E-02   363
 4.0000E-02 3.4517E-01 2.2415E+00 1.7169E+00 5.2461E-01  1.8615E-01 4.0862E-01 3.5502E-02   363
 4.0000E-02 3.4651E-01 2.2394E+00 1.7164E+00 5.2304E-01  1.8405E-01 4.0846E-01 3.5652E-02   363
 4.0000E-02 3.4786E-01 2.2384E+00 1.7163E+00 5.2209E-01  1.8193E-01 4.0830E-01 3.5846E-02   363
 4.0000E-02 3.4922E-01 2.2384E+00 1.7167E+00 5.2178E-01  1.7977E-01 4.0813E-01 3.6086E-02   363
 4.0000E-02 3.5059E-01 2.2396E+00 1.7175E+00 5.2211E-01  1.7760E-01 4.0797E-01 3.6374E-02   363
 4.0000E-02 3.5197E-01 2.2419E+00 1.7188E+00 5.2312E-01  1.7540E-01 4.0780E-01 3.6711E-02   363
 4.0000E-02 3.5336E-01 2.2455E+00 1.7207E+00 5.2483E-01  1.7318E-01 4.0763E-01 3.7102E-02   363
 4.0000E-02 3.5476E-01 2.2504E+00 1.7231E+00 5.2728E-01  1.7096E-01 4.0747E-01 3.7547E-02   363
 4.0000E-02 3.5618E-01 2.2564E+00 1.7261E+00 5.3035E-01  1.6872E-01 4.0730E-01 3.8040E-02   363
 4.0000E-02 3.5760E-01 2.2636E+00 1.7296E+00 5.3405E-01  1.6649E-01 4.0714E-01 3.8583E-02   363
 4.0000E-02 3.5904E-01 2.2720E+00 1.7336E+00 5.3839E-01  1.6424E-01 4.0697E-01 3.9178E-02   363
 4.0000E-02 3.6048E-01 2.2816E+00 1.7382E+00 5.4342E-01  1.6199E-01 4.0681E-01 3.9828E-02   363
 4.0000E-02 3.6194E-01 2.2926E+00 1.7434E+00 5.4916E-01  1.5974E-01 4.0665E-01 4.0536E-02   363
 4.0000E-02 3.6341E-01 2.3048E+00 1.7492E+00 5.5560E-01  1.5748E-01 4.0649E-01 4.1305E-02   363
 4.0000E-02 3.6490E-01 2.3183E+00 1.7556E+00 5.6265E-01  1.5523E-01 4.0633E-01 4.2125E-02   363
 4.0000E-02 3.6639E-01 2.3329E+00 1.7625E+00 5.7031E-01  1.5297E-01 4.0617E-01 4.3001E-02   363
 4.0000E-02 3.6790E-01 2.3486E+00 1.7700E+00 5.7862E-01  1.5072E-01 4.0601E-01 4.3934E-02   363
 4.0000E-02 3.6942E-01 2.3657E+00 1.7781E+00 5.8759E-01  1.4847E-01 4.0585E-01 4.4928E-02   363
 4.0000E-02 3.7095E-01 2.3840E+00 1.7867E+00 5.9730E-01  1.4621E-01 4.0570E-01 4.5990E-02   363
 4.0000E-02 3.7250E-01 2.4038E+00 1.7961E+00 6.0770E-01  1.4395E-01 4.0555E-01 4.7118E-02   363
 4.0000E-02 3.7406E-01 2.4246E+00 1.8059E+00 6.1870E-01  1.4169E-01 4.0540E-01 4.8305E-02   363
 4.0000E-02 3.7563E-01 2.4467E+00 1.8164E+00 6.3033E-01  1.3944E-01 4.0525E-01 4.9557E-02   363
 4.0000E-02 3.7722E-01 2.4700E+00 1.8273E+00 6.4266E-01  1.3718E-01 4.0510E-01 5.0878E-02   363
 4.0000E-02 3.7881E-01 2.4947E+00 1.8390E+00 6.5570E-01  1.3491E-01 4.0495E-01 5.2271E-02   363
 4.0000E-02 3.8043E-01 2.5208E+00 1.8512E+00 6.6956E-01  1.3264E-01 4.0481E-01 5.3749E-02   363
 4.0000E-02 3.8205E-01 2.5482E+00 1.8641E+00 6.8410E-01  1.3036E-01 4.0467E-01 5.5300E-02   363
 4.0000E-02 3.8369E-01 2.5768E+00 1.8775E+00 6.9931E-01  1.2809E-01 4.0453E-01 5.6925E-02   363
 4.0000E-02 3.8534E-01 2.6068E+00 1.8916E+00 7.1529E-01  1.2580E-01 4.0439E-01 5.8633E-02   363
 4.0000E-02 3.8701E-01 2.6382E+00 1.9062E+00 7.3204E-01  1.2351E-01 4.0426E-01 6.0429E-02   363
 4.0000E-02 3.8870E-01 2.6712E+00 1.9215E+00 7.4966E-01  1.2122E-01 4.0412E-01 6.2318E-02   363
 4.0000E-02 3.9039E-01 2.7057E+00 1.9375E+00 7.6815E-01  1.1899E-01 4.0416E-01 6.4307E-02   323
 4.0000E-02 3.9211E-01 2.7415E+00 1.9541E+00 7.8744E-01  1.1667E-01 4.0404E-01 6.6390E-02   323
 4.0000E-02 3.9383E-01 2.7789E+00 1.9713E+00 8.0762E-01  1.1435E-01 4.0391E-01 6.8578E-02   323
 4.0000E-02 3.9558E-01 2.8180E+00 1.9892E+00 8.2878E-01  1.1202E-01 4.0379E-01 7.0878E-02   323
 4.0000E-02 3.9733E-01 2.8587E+00 2.0078E+00 8.5092E-01  1.0967E-01 4.0366E-01 7.3295E-02   323
 4.0000E-02 3.9911E-01 2.9013E+00 2.0272E+00 8.7414E-01  1.0732E-01 4.0354E-01 7.5839E-02   323
 4.0000E-02 4.0090E-01 2.9456E+00 2.0472E+00 8.9839E-01  1.0495E-01 4.0343E-01 7.8509E-02   323
 4.0000E-02 4.0270E-01 2.9917E+00 2.0679E+00 9.2379E-01  1.0257E-01 4.0331E-01 8.1318E-02   323
 4.0000E-02 4.0452E-01 3.0398E+00 2.0894E+00 9.5042E-01  1.0019E-01 4.0320E-01 8.4274E-02   323
 4.0000E-02 4.0636E-01 3.0900E+00 2.1117E+00 9.7832E-01  9.7785E-02 4.0309E-01 8.7386E-02   323
 4.0000E-02 4.0822E-01 3.1423E+00 2.1348E+00 1.0075E+00  9.5373E-02 4.0299E-01 9.0662E-02   323
 4.0000E-02 4.1009E-01 3.1968E+00 2.1587E+00 1.0382E+00  9.2947E-02 4.0288E-01 9.4112E-02   323
 4.0000E-02 4.1198E-01 3.2537E+00 2.1834E+00 1.0703E+00  9.0511E-02 4.0278E-01 9.7748E-02   323
 4.0000E-02 4.1389E-01 3.3130E+00 2.2090E+00 1.1040E+00  8.8065E-02 4.0268E-01 1.0158E-01   323
 4.0000E-02 4.1581E-01 3.3749E+00 2.2355E+00 1.1394E+00  8.5611E-02 4.0259E-01 1.0562E-01   323
 4.0000E-02 4.1776E-01 3.4395E+00 2.2630E+00 1.1765E+00  8.3147E-02 4.0249E-01 1.0988E-01   323
 4.0000E-02 4.1972E-01 3.5067E+00 2.2913E+00 1.2154E+00  8.0676E-02 4.0240E-01 1.1436E-01   323
 4.0000E-02 4.2170E-01 3.5770E+00 2.3207E+00 1.2562E+00  7.8204E-02 4.0232E-01 1.1909E-01   323
 4.0000E-02 4.2370E-01 3.6502E+00 2.3512E+00 1.2990E+00  7.5732E-02 4.0223E-01 1.2407E-01   323
 4.0000E-02 4.2571E-01 3.7265E+00 2.3826E+00 1.3439E+00  7.3264E-02 4.0215E-01 1.2930E-01   323
 4.0000E-02 4.2775E-01 3.8059E+00 2.4152E+00 1.3907E+00  7.0804E-02 4.0207E-01 1.3480E-01   323
 4.0000E-02 4.2981E-01 3.8884E+00 2.4488E+00 1.4396E+00  6.8360E-02 4.0200E-01 1.4056E-01   323
 4.0000E-02 4.3188E-01 3.9741E+00 2.4835E+00 1.4905E+00  6.5937E-02 4.0192E-01 1.4658E-01   323
 4.0000E-02 4.3398E-01 4.0627E+00 2.5193E+00 1.5434E+00  6.3543E-02 4.0185E-01 1.5285E-01   323
 4.0000E-02 4.3610E-01 4.1540E+00 2.5561E+00 1.5979E+00  6.1182E-02 4.0179E-01 1.5936E-01   323
 4.0000E-02 4.3824E-01 4.2479E+00 2.5938E+00 1.6542E+00  5.8867E-02 4.0173E-01 1.6608E-01   323
 4.0000E-02 4.4039E-01 4.3442E+00 2.6323E+00 1.7119E+00  5.6600E-02 4.0167E-01 1.7301E-01   323
 4.0000E-02 4.4257E-01 4.4426E+00 2.6717E+00 1.7710E+00  5.4387E-02 4.0161E-01 1.8013E-01   323
 4.0000E-02 4.4478E-01 4.5428E+00 2.7116E+00 1.8312E+00  5.2234E-02 4.0156E-01 1.8741E-01   323
 4.0000E-02 4.4700E-01 4.6448E+00 2.7522E+00 1.8926E+00  5.0147E-02 4.0151E-01 1.9485E-01   323
 4.0000E-02 4.4925E-01 4.7483E+00 2.7932E+00 1.9551E+00  4.8126E-02 4.0146E-01 2.0243E-01   323
 4.0000E-02 4.5152E-01 4.8532E+00 2.8346E+00 2.0185E+00  4.6174E-02 4.0142E-01 2.1016E-01   323
 4.0000E-02 4.5381E-01 4.9592E+00 2.8763E+00 2.0829E+00  4.4295E-02 4.0138E-01 2.1800E-01   323
 4.0000E-02 4.5612E-01 5.0667E+00 2.9182E+00 2.1485E+00  4.2486E-02 4.0135E-01 2.2600E-01   323
 4.0000E-02 4.5846E-01 5.1755E+00 2.9601E+00 2.2154E+00  4.0743E-02 4.0132E-01 2.3417E-01   323
 4.0000E-02 4.6082E-01 5.2859E+00 3.0020E+00 2.2839E+00  3.9061E-02 4.0129E-01 2.4252E-01   323
 4.0000E-02 4.6321E-01 5.3980E+00 3.0436E+00 2.3544E+00  3.7435E-02 4.0126E-01 2.5111E-01   323
 4.0000E-02 4.6563E-01 5.5125E+00 3.0850E+00 2.4275E+00  3.5852E-02 4.0123E-01 2.6002E-01   323
 4.0000E-02 4.6806E-01 5.6294E+00 3.1259E+00 2.5035E+00  3.4303E-02 4.0120E-01 2.6929E-01   323
 4.0000E-02 4.7053E-01 5.7491E+00 3.1661E+00 2.5831E+00  3.2776E-02 4.0118E-01 2.7899E-01   323
 4.0000E-02 4.7302E-01 5.8720E+00 3.2052E+00 2.6669E+00  3.1263E-02 4.0115E-01 2.8921E-01   323
 4.0000E-02 4.7553E-01 5.9979E+00 3.2428E+00 2.7551E+00  2.9747E-02 4.0113E-01 3.0000E-01   323
 4.0000E-02 4.7807E-01 6.1262E+00 3.2783E+00 2.8479E+00  2.8225E-02 4.0111E-01 3.1136E-01   323
 4.0000E-02 4.8065E-01 6.2561E+00 3.3110E+00 2.9451E+00  2.6689E-02 4.0108E-01 3.2332E-01   323
 4.0000E-02 4.8324E-01 6.3863E+00 3.3400E+00 3.0464E+00  2.5137E-02 4.0106E-01 3.3582E-01   323
 4.0000E-02 4.8587E-01 6.5142E+00 3.3641E+00 3.1502E+00  2.3574E-02 4.0104E-01 3.4871E-01   323
 4.0000E-02 4.8852E-01 6.6372E+00 3.3821E+00 3.2551E+00  2.2004E-02 4.0103E-01 3.6183E-01   323
 4.0000E-02 4.9121E-01 6.7517E+00 3.3926E+00 3.3592E+00  2.0436E-02 4.0101E-01 3.7494E-01   323
 4.0000E-02 4.9392E-01 6.8531E+00 3.3942E+00 3.4589E+00  1.8885E-02 4.0100E-01 3.8765E-01   323
 4.0000E-02 4.9667E-01 6.9365E+00 3.3854E+00 3.5511E+00  1.7366E-02 4.0099E-01 3.9954E-01   323
 4.0000E-02 4.9944E-01 6.9970E+00 3.3651E+00 3.6320E+00  1.5890E-02 4.0098E-01 4.1018E-01   323
 4.0000E-02 5.0225E-01 7.0293E+00 3.3322E+00 3.6971E+00  1.4469E-02 4.0098E-01 4.1904E-01   323
 4.0000E-02 5.0508E-01 7.0296E+00 3.2865E+00 3.7431E+00  1.3112E-02 4.0097E-01 4.2567E-01   323
 4.0000E-02 5.0795E-01 6.9952E+00 3.2280E+00 3.7672E+00  1.1820E-02 4.0097E-01 4.2976E-01   324
 4.0000E-02 5.1086E-01 6.9252E+00 3.1577E+00 3.7675E+00  1.0591E-02 4.0097E-01 4.3105E-01   324
 4.0000E-02 5.1379E-01 6.8213E+00 3.0771E+00 3.7442E+00  9.4591E-03 4.0118E-01 4.2956E-01   285
 4.0000E-02 5.1676E-01 6.6864E+00 2.9879E+00 3.6985E+00  8.3444E-03 4.0118E-01 4.2541E-01   285
 4.0000E-02 5.1977E-01 6.5251E+00 2.8923E+00 3.6329E+00  7.2760E-03 4.0119E-01 4.1888E-01   285
 4.0000E-02 5.2281E-01 6.3433E+00 2.7923E+00 3.5511E+00  6.2470E-03 4.0119E-01 4.1040E-01   285
 4.0000E-02 5.2588E-01 6.1464E+00 2.6896E+00 3.4568E+00  5.2502E-03 4.0120E-01 4.0039E-01   285
 4.0000E-02 5.2899E-01 5.9394E+00 2.5857E+00 3.3537E+00  4.2808E-03 4.0121E-01 3.8928E-01   285
 4.0000E-02 5.3214E-01 5.7269E+00 2.4812E+00 3.2457E+00  3.3343E-03 4.0121E-01 3.7753E-01   285
 4.0000E-02 5.3533E-01 5.5117E+00 2.3765E+00 3.1352E+00  2.4097E-03 4.0122E-01 3.6543E-01   285
 4.0000E-02 5.3855E-01 5.2950E+00 2.2712E+00 3.0239E+00  1.5054E-03 4.0122E-01 3.5315E-01   285
 4.0000E-02 5.4182E-01 5.0773E+00 2.1649E+00 2.9124E+00  6.1903E-04 4.0123E-01 3.4079E-01   285
 4.0000E-02 5.4512E-01 4.8580E+00 2.0574E+00 2.8007E+00 -2.5174E-04 4.0123E-01 3.2834E-01   285
 4.0000E-02 5.4847E-01 4.6369E+00 1.9487E+00 2.6882E+00 -1.1119E-03 4.0124E-01 3.1573E-01   285
 4.0000E-02 5.5185E-01 4.4139E+00 1.8396E+00 2.5743E+00 -1.9658E-03 4.0124E-01 3.0290E-01   285
 4.0000E-02 5.5528E-01 4.1903E+00 1.7314E+00 2.4589E+00 -2.8178E-03 4.0124E-01 2.8984E-01   285
 4.0000E-02 5.5875E-01 3.9678E+00 1.6255E+00 2.3422E+00 -3.6728E-03 4.0123E-01 2.7657E-01   285
 4.0000E-02 5.6226E-01 3.7488E+00 1.5238E+00 2.2251E+00 -4.5341E-03 4.0122E-01 2.6319E-01   285
 4.0000E-02 5.6582E-01 3.5362E+00 1.4277E+00 2.1085E+00 -5.4038E-03 4.0122E-01 2.4984E-01   285
 4.0000E-02 5.6943E-01 3.3323E+00 1.3383E+00 1.9940E+00 -6.2809E-03 4.0120E-01 2.3669E-01   285
 4.0000E-02 5.7308E-01 3.1392E+00 1.2562E+00 1.8830E+00 -7.1639E-03 4.0119E-01 2.2390E-01   285
 4.0000E-02 5.7677E-01 2.9579E+00 1.1812E+00 1.7767E+00 -8.0531E-03 4.0118E-01 2.1163E-01   285
 4.0000E-02 5.8052E-01 2.7883E+00 1.1126E+00 1.6757E+00 -8.9494E-03 4.0117E-01 1.9996E-01   285
 4.0000E-02 5.8431E-01 2.6299E+00 1.0497E+00 1.5802E+00 -9.8540E-03 4.0116E-01 1.8890E-01   285
 4.0000E-02 5.8816E-01 2.4818E+00 9.9181E-01 1.4900E+00 -1.0765E-02 4.0116E-01 1.7844E-01   285
 4.0000E-02 5.9205E-01 2.3436E+00 9.3893E-01 1.4047E+00 -1.1683E-02 4.0115E-01 1.6854E-01   285
 4.0000E-02 5.9600E-01 2.2154E+00 8.9123E-01 1.3242E+00 -1.2602E-02 4.0114E-01 1.5918E-01   285
 4.0000E-02 6.0000E-01 2.0975E+00 8.4881E-01 1.2487E+00 -1.3520E-02 4.0114E-01 1.5039E-01   285
