 DDSCAT --- DDSCAT 7.3.3 [22.01.20]   
 TARGET --->TARGSPHER  spherical target with explicit spacing                 
 GPFAFT --- method of solution 
 GKDLDR --- prescription for polarizabilities
 FROM_FILE --- shape 
    4169 = NAT0 = number of dipoles
 ../../diel/Pena-Rioux_dielectric_26Au_74Ag                  
 ../../diel/Pena-Rioux_dielectric_52Au_48Ag                  
 ../../diel/Pena-Rioux_dielectric_76Au_24Ag                  
 ../../diel/Au_evap                                          
   0.000   0.000 = beta_min, beta_max ;  NBETA = 1
   0.000   0.000 = theta_min, theta_max; NTHETA= 1
   0.000   0.000 = phi_min, phi_max   ;   NPHI = 1
 0.5000 = ETASCA (param. controlling # of scatt. dirs used to calculate <cos> etc.
 Results averaged over    1 target orientations
                   and  2 incident polarizations
   aeff       wave       Q_ext     Q_abs      Q_sca     g(1)=<cos>  <cos^2>    Q_bk       Nsca
 4.0000E-02 3.0000E-01 2.5386E+00 1.7763E+00 7.6238E-01  2.5326E-01 4.1486E-01 3.8864E-02   408
 4.0000E-02 3.0101E-01 2.5303E+00 1.7751E+00 7.5517E-01  2.5145E-01 4.1466E-01 3.8843E-02   408
 4.0000E-02 3.0203E-01 2.5219E+00 1.7739E+00 7.4799E-01  2.4965E-01 4.1447E-01 3.8813E-02   408
 4.0000E-02 3.0305E-01 2.5134E+00 1.7726E+00 7.4077E-01  2.4786E-01 4.1428E-01 3.8775E-02   408
 4.0000E-02 3.0408E-01 2.5048E+00 1.7713E+00 7.3351E-01  2.4607E-01 4.1409E-01 3.8727E-02   408
 4.0000E-02 3.0512E-01 2.4961E+00 1.7699E+00 7.2622E-01  2.4429E-01 4.1390E-01 3.8670E-02   408
 4.0000E-02 3.0616E-01 2.4873E+00 1.7684E+00 7.1891E-01  2.4251E-01 4.1372E-01 3.8604E-02   408
 4.0000E-02 3.0722E-01 2.4784E+00 1.7668E+00 7.1157E-01  2.4073E-01 4.1354E-01 3.8529E-02   408
 4.0000E-02 3.0828E-01 2.4695E+00 1.7652E+00 7.0431E-01  2.3895E-01 4.1336E-01 3.8451E-02   408
 4.0000E-02 3.0934E-01 2.4611E+00 1.7638E+00 6.9736E-01  2.3715E-01 4.1318E-01 3.8388E-02   408
 4.0000E-02 3.1042E-01 2.4526E+00 1.7622E+00 6.9040E-01  2.3535E-01 4.1300E-01 3.8317E-02   408
 4.0000E-02 3.1150E-01 2.4439E+00 1.7606E+00 6.8338E-01  2.3355E-01 4.1282E-01 3.8236E-02   408
 4.0000E-02 3.1259E-01 2.4351E+00 1.7588E+00 6.7633E-01  2.3176E-01 4.1264E-01 3.8148E-02   408
 4.0000E-02 3.1368E-01 2.4263E+00 1.7570E+00 6.6927E-01  2.2996E-01 4.1247E-01 3.8052E-02   408
 4.0000E-02 3.1479E-01 2.4173E+00 1.7551E+00 6.6219E-01  2.2827E-01 4.1245E-01 3.7949E-02   362
 4.0000E-02 3.1590E-01 2.4082E+00 1.7531E+00 6.5512E-01  2.2647E-01 4.1228E-01 3.7839E-02   362
 4.0000E-02 3.1702E-01 2.3990E+00 1.7510E+00 6.4804E-01  2.2467E-01 4.1211E-01 3.7723E-02   363
 4.0000E-02 3.1815E-01 2.3892E+00 1.7486E+00 6.4066E-01  2.2288E-01 4.1194E-01 3.7581E-02   363
 4.0000E-02 3.1929E-01 2.3792E+00 1.7460E+00 6.3319E-01  2.2110E-01 4.1178E-01 3.7427E-02   363
 4.0000E-02 3.2043E-01 2.3690E+00 1.7433E+00 6.2571E-01  2.1931E-01 4.1162E-01 3.7265E-02   363
 4.0000E-02 3.2158E-01 2.3589E+00 1.7406E+00 6.1831E-01  2.1752E-01 4.1146E-01 3.7099E-02   363
 4.0000E-02 3.2274E-01 2.3486E+00 1.7377E+00 6.1090E-01  2.1574E-01 4.1130E-01 3.6925E-02   363
 4.0000E-02 3.2391E-01 2.3381E+00 1.7347E+00 6.0346E-01  2.1395E-01 4.1115E-01 3.6742E-02   363
 4.0000E-02 3.2509E-01 2.3275E+00 1.7315E+00 5.9601E-01  2.1216E-01 4.1099E-01 3.6551E-02   363
 4.0000E-02 3.2628E-01 2.3167E+00 1.7281E+00 5.8854E-01  2.1037E-01 4.1084E-01 3.6352E-02   363
 4.0000E-02 3.2747E-01 2.3048E+00 1.7242E+00 5.8066E-01  2.0861E-01 4.1069E-01 3.6115E-02   363
 4.0000E-02 3.2868E-01 2.2931E+00 1.7202E+00 5.7298E-01  2.0684E-01 4.1055E-01 3.5885E-02   363
 4.0000E-02 3.2989E-01 2.2817E+00 1.7162E+00 5.6554E-01  2.0505E-01 4.1040E-01 3.5664E-02   363
 4.0000E-02 3.3111E-01 2.2705E+00 1.7121E+00 5.5836E-01  2.0326E-01 4.1025E-01 3.5452E-02   363
 4.0000E-02 3.3234E-01 2.2594E+00 1.7080E+00 5.5137E-01  2.0145E-01 4.1010E-01 3.5248E-02   363
 4.0000E-02 3.3358E-01 2.2484E+00 1.7038E+00 5.4461E-01  1.9962E-01 4.0995E-01 3.5054E-02   363
 4.0000E-02 3.3483E-01 2.2378E+00 1.6997E+00 5.3814E-01  1.9779E-01 4.0981E-01 3.4873E-02   363
 4.0000E-02 3.3609E-01 2.2281E+00 1.6958E+00 5.3231E-01  1.9591E-01 4.0966E-01 3.4731E-02   363
 4.0000E-02 3.3736E-01 2.2197E+00 1.6924E+00 5.2733E-01  1.9400E-01 4.0950E-01 3.4644E-02   363
 4.0000E-02 3.3864E-01 2.2121E+00 1.6893E+00 5.2288E-01  1.9206E-01 4.0934E-01 3.4589E-02   363
 4.0000E-02 3.3992E-01 2.2054E+00 1.6864E+00 5.1900E-01  1.9009E-01 4.0919E-01 3.4570E-02   363
 4.0000E-02 3.4122E-01 2.1996E+00 1.6839E+00 5.1570E-01  1.8811E-01 4.0903E-01 3.4587E-02   363
 4.0000E-02 3.4253E-01 2.1946E+00 1.6816E+00 5.1299E-01  1.8610E-01 4.0887E-01 3.4644E-02   363
 4.0000E-02 3.4385E-01 2.1905E+00 1.6797E+00 5.1085E-01  1.8406E-01 4.0871E-01 3.4740E-02   363
 4.0000E-02 3.4517E-01 2.1877E+00 1.6782E+00 5.0948E-01  1.8200E-01 4.0855E-01 3.4889E-02   363
 4.0000E-02 3.4651E-01 2.1863E+00 1.6774E+00 5.0888E-01  1.7993E-01 4.0838E-01 3.5090E-02   363
 4.0000E-02 3.4786E-01 2.1860E+00 1.6771E+00 5.0890E-01  1.7784E-01 4.0822E-01 3.5335E-02   363
 4.0000E-02 3.4922E-01 2.1868E+00 1.6772E+00 5.0955E-01  1.7574E-01 4.0805E-01 3.5625E-02   363
 4.0000E-02 3.5059E-01 2.1887E+00 1.6778E+00 5.1087E-01  1.7364E-01 4.0789E-01 3.5964E-02   363
 4.0000E-02 3.5197E-01 2.1918E+00 1.6789E+00 5.1287E-01  1.7152E-01 4.0773E-01 3.6352E-02   363
 4.0000E-02 3.5336E-01 2.1961E+00 1.6805E+00 5.1557E-01  1.6940E-01 4.0756E-01 3.6794E-02   363
 4.0000E-02 3.5476E-01 2.2018E+00 1.6828E+00 5.1897E-01  1.6728E-01 4.0740E-01 3.7288E-02   363
 4.0000E-02 3.5618E-01 2.2086E+00 1.6856E+00 5.2302E-01  1.6517E-01 4.0724E-01 3.7830E-02   363
 4.0000E-02 3.5760E-01 2.2166E+00 1.6889E+00 5.2766E-01  1.6306E-01 4.0708E-01 3.8419E-02   363
 4.0000E-02 3.5904E-01 2.2256E+00 1.6927E+00 5.3291E-01  1.6095E-01 4.0692E-01 3.9060E-02   363
 4.0000E-02 3.6048E-01 2.2359E+00 1.6970E+00 5.3883E-01  1.5884E-01 4.0676E-01 3.9754E-02   363
 4.0000E-02 3.6194E-01 2.2473E+00 1.7019E+00 5.4542E-01  1.5673E-01 4.0660E-01 4.0503E-02   363
 4.0000E-02 3.6341E-01 2.2601E+00 1.7074E+00 5.5270E-01  1.5462E-01 4.0644E-01 4.1311E-02   363
 4.0000E-02 3.6490E-01 2.2738E+00 1.7133E+00 5.6053E-01  1.5252E-01 4.0629E-01 4.2169E-02   363
 4.0000E-02 3.6639E-01 2.2887E+00 1.7197E+00 5.6897E-01  1.5041E-01 4.0614E-01 4.3080E-02   363
 4.0000E-02 3.6790E-01 2.3047E+00 1.7266E+00 5.7805E-01  1.4831E-01 4.0598E-01 4.4048E-02   363
 4.0000E-02 3.6942E-01 2.3219E+00 1.7341E+00 5.8779E-01  1.4621E-01 4.0583E-01 4.5077E-02   363
 4.0000E-02 3.7095E-01 2.3403E+00 1.7421E+00 5.9821E-01  1.4411E-01 4.0568E-01 4.6168E-02   363
 4.0000E-02 3.7250E-01 2.3600E+00 1.7507E+00 6.0933E-01  1.4201E-01 4.0553E-01 4.7326E-02   363
 4.0000E-02 3.7406E-01 2.3807E+00 1.7597E+00 6.2104E-01  1.3990E-01 4.0539E-01 4.8542E-02   363
 4.0000E-02 3.7563E-01 2.4026E+00 1.7692E+00 6.3341E-01  1.3780E-01 4.0524E-01 4.9822E-02   363
 4.0000E-02 3.7722E-01 2.4257E+00 1.7792E+00 6.4649E-01  1.3570E-01 4.0510E-01 5.1173E-02   363
 4.0000E-02 3.7881E-01 2.4500E+00 1.7897E+00 6.6031E-01  1.3359E-01 4.0496E-01 5.2598E-02   363
 4.0000E-02 3.8043E-01 2.4758E+00 1.8008E+00 6.7498E-01  1.3147E-01 4.0482E-01 5.4106E-02   363
 4.0000E-02 3.8205E-01 2.5028E+00 1.8124E+00 6.9033E-01  1.2936E-01 4.0468E-01 5.5688E-02   363
 4.0000E-02 3.8369E-01 2.5308E+00 1.8245E+00 7.0637E-01  1.2723E-01 4.0454E-01 5.7343E-02   363
 4.0000E-02 3.8534E-01 2.5603E+00 1.8370E+00 7.2329E-01  1.2511E-01 4.0441E-01 5.9090E-02   363
 4.0000E-02 3.8701E-01 2.5914E+00 1.8502E+00 7.4117E-01  1.2298E-01 4.0427E-01 6.0932E-02   363
 4.0000E-02 3.8870E-01 2.6241E+00 1.8641E+00 7.6004E-01  1.2086E-01 4.0414E-01 6.2879E-02   363
 4.0000E-02 3.9039E-01 2.6585E+00 1.8786E+00 7.7996E-01  1.1882E-01 4.0419E-01 6.4934E-02   323
 4.0000E-02 3.9211E-01 2.6945E+00 1.8936E+00 8.0089E-01  1.1669E-01 4.0406E-01 6.7095E-02   323
 4.0000E-02 3.9383E-01 2.7324E+00 1.9094E+00 8.2306E-01  1.1457E-01 4.0393E-01 6.9386E-02   323
 4.0000E-02 3.9558E-01 2.7724E+00 1.9259E+00 8.4656E-01  1.1245E-01 4.0381E-01 7.1812E-02   323
 4.0000E-02 3.9733E-01 2.8147E+00 1.9432E+00 8.7144E-01  1.1033E-01 4.0369E-01 7.4385E-02   323
 4.0000E-02 3.9911E-01 2.8594E+00 1.9615E+00 8.9790E-01  1.0821E-01 4.0357E-01 7.7120E-02   323
 4.0000E-02 4.0090E-01 2.9066E+00 1.9806E+00 9.2603E-01  1.0610E-01 4.0345E-01 8.0027E-02   323
 4.0000E-02 4.0270E-01 2.9566E+00 2.0007E+00 9.5595E-01  1.0399E-01 4.0333E-01 8.3124E-02   323
 4.0000E-02 4.0452E-01 3.0097E+00 2.0218E+00 9.8781E-01  1.0187E-01 4.0321E-01 8.6426E-02   323
 4.0000E-02 4.0636E-01 3.0658E+00 2.0441E+00 1.0217E+00  9.9751E-02 4.0310E-01 8.9948E-02   323
 4.0000E-02 4.0822E-01 3.1253E+00 2.0675E+00 1.0578E+00  9.7622E-02 4.0298E-01 9.3707E-02   323
 4.0000E-02 4.1009E-01 3.1886E+00 2.0921E+00 1.0965E+00  9.5485E-02 4.0287E-01 9.7741E-02   323
 4.0000E-02 4.1198E-01 3.2559E+00 2.1181E+00 1.1378E+00  9.3332E-02 4.0276E-01 1.0206E-01   323
 4.0000E-02 4.1389E-01 3.3272E+00 2.1454E+00 1.1818E+00  9.1157E-02 4.0265E-01 1.0669E-01   323
 4.0000E-02 4.1581E-01 3.4028E+00 2.1741E+00 1.2287E+00  8.8954E-02 4.0254E-01 1.1166E-01   323
 4.0000E-02 4.1776E-01 3.4830E+00 2.2041E+00 1.2789E+00  8.6722E-02 4.0243E-01 1.1699E-01   323
 4.0000E-02 4.1972E-01 3.5685E+00 2.2358E+00 1.3327E+00  8.4448E-02 4.0233E-01 1.2274E-01   323
 4.0000E-02 4.2170E-01 3.6590E+00 2.2690E+00 1.3900E+00  8.2127E-02 4.0222E-01 1.2892E-01   323
 4.0000E-02 4.2370E-01 3.7548E+00 2.3036E+00 1.4512E+00  7.9750E-02 4.0211E-01 1.3556E-01   323
 4.0000E-02 4.2571E-01 3.8562E+00 2.3396E+00 1.5166E+00  7.7309E-02 4.0201E-01 1.4273E-01   323
 4.0000E-02 4.2775E-01 3.9636E+00 2.3770E+00 1.5866E+00  7.4787E-02 4.0190E-01 1.5047E-01   323
 4.0000E-02 4.2981E-01 4.0767E+00 2.4157E+00 1.6610E+00  7.2173E-02 4.0180E-01 1.5880E-01   323
 4.0000E-02 4.3188E-01 4.1957E+00 2.4555E+00 1.7402E+00  6.9467E-02 4.0169E-01 1.6777E-01   323
 4.0000E-02 4.3398E-01 4.3207E+00 2.4961E+00 1.8246E+00  6.6655E-02 4.0159E-01 1.7745E-01   323
 4.0000E-02 4.3610E-01 4.4516E+00 2.5375E+00 1.9142E+00  6.3733E-02 4.0149E-01 1.8788E-01   323
 4.0000E-02 4.3824E-01 4.5880E+00 2.5793E+00 2.0088E+00  6.0706E-02 4.0140E-01 1.9904E-01   323
 4.0000E-02 4.4039E-01 4.7297E+00 2.6213E+00 2.1085E+00  5.7590E-02 4.0131E-01 2.1098E-01   323
 4.0000E-02 4.4257E-01 4.8765E+00 2.6633E+00 2.2133E+00  5.4402E-02 4.0123E-01 2.2370E-01   323
 4.0000E-02 4.4478E-01 5.0282E+00 2.7052E+00 2.3230E+00  5.1170E-02 4.0115E-01 2.3719E-01   323
 4.0000E-02 4.4700E-01 5.1838E+00 2.7469E+00 2.4369E+00  4.7937E-02 4.0109E-01 2.5135E-01   323
 4.0000E-02 4.4925E-01 5.3428E+00 2.7883E+00 2.5545E+00  4.4747E-02 4.0103E-01 2.6611E-01   323
 4.0000E-02 4.5152E-01 5.5045E+00 2.8293E+00 2.6752E+00  4.1638E-02 4.0098E-01 2.8136E-01   323
 4.0000E-02 4.5381E-01 5.6681E+00 2.8700E+00 2.7981E+00  3.8641E-02 4.0095E-01 2.9700E-01   323
 4.0000E-02 4.5612E-01 5.8319E+00 2.9102E+00 2.9217E+00  3.5807E-02 4.0092E-01 3.1278E-01   323
 4.0000E-02 4.5846E-01 5.9947E+00 2.9497E+00 3.0450E+00  3.3156E-02 4.0090E-01 3.2857E-01   323
 4.0000E-02 4.6082E-01 6.1547E+00 2.9882E+00 3.1665E+00  3.0698E-02 4.0089E-01 3.4415E-01   323
 4.0000E-02 4.6321E-01 6.3098E+00 3.0252E+00 3.2846E+00  2.8436E-02 4.0088E-01 3.5931E-01   323
 4.0000E-02 4.6563E-01 6.4578E+00 3.0602E+00 3.3976E+00  2.6361E-02 4.0088E-01 3.7386E-01   323
 4.0000E-02 4.6806E-01 6.5966E+00 3.0922E+00 3.5044E+00  2.4461E-02 4.0089E-01 3.8765E-01   323
 4.0000E-02 4.7053E-01 6.7238E+00 3.1206E+00 3.6032E+00  2.2718E-02 4.0089E-01 4.0048E-01   323
 4.0000E-02 4.7302E-01 6.8363E+00 3.1445E+00 3.6917E+00  2.1122E-02 4.0090E-01 4.1207E-01   323
 4.0000E-02 4.7553E-01 6.9323E+00 3.1632E+00 3.7691E+00  1.9655E-02 4.0091E-01 4.2232E-01   323
 4.0000E-02 4.7807E-01 7.0100E+00 3.1757E+00 3.8343E+00  1.8298E-02 4.0092E-01 4.3112E-01   323
 4.0000E-02 4.8065E-01 7.0672E+00 3.1812E+00 3.8860E+00  1.7037E-02 4.0093E-01 4.3830E-01   323
 4.0000E-02 4.8324E-01 7.1019E+00 3.1792E+00 3.9226E+00  1.5857E-02 4.0095E-01 4.4370E-01   323
 4.0000E-02 4.8587E-01 7.1123E+00 3.1692E+00 3.9431E+00  1.4743E-02 4.0095E-01 4.4719E-01   323
 4.0000E-02 4.8852E-01 7.0969E+00 3.1510E+00 3.9459E+00  1.3687E-02 4.0096E-01 4.4860E-01   323
 4.0000E-02 4.9121E-01 7.0551E+00 3.1248E+00 3.9303E+00  1.2683E-02 4.0097E-01 4.4783E-01   323
 4.0000E-02 4.9392E-01 6.9875E+00 3.0913E+00 3.8962E+00  1.1722E-02 4.0097E-01 4.4488E-01   323
 4.0000E-02 4.9667E-01 6.8965E+00 3.0517E+00 3.8447E+00  1.0808E-02 4.0097E-01 4.3986E-01   323
 4.0000E-02 4.9944E-01 6.7864E+00 3.0082E+00 3.7782E+00  9.9476E-03 4.0097E-01 4.3301E-01   323
 4.0000E-02 5.0225E-01 6.6602E+00 2.9606E+00 3.6997E+00  9.1170E-03 4.0097E-01 4.2473E-01   323
 4.0000E-02 5.0508E-01 6.5220E+00 2.9100E+00 3.6120E+00  8.3133E-03 4.0097E-01 4.1533E-01   323
 4.0000E-02 5.0795E-01 6.3755E+00 2.8577E+00 3.5179E+00  7.5361E-03 4.0097E-01 4.0513E-01   324
 4.0000E-02 5.1086E-01 6.2248E+00 2.8045E+00 3.4203E+00  6.7848E-03 4.0096E-01 3.9449E-01   324
 4.0000E-02 5.1379E-01 6.0732E+00 2.7510E+00 3.3223E+00  6.0924E-03 4.0116E-01 3.8373E-01   285
 4.0000E-02 5.1676E-01 5.9238E+00 2.6976E+00 3.2262E+00  5.3893E-03 4.0116E-01 3.7316E-01   285
 4.0000E-02 5.1977E-01 5.7785E+00 2.6441E+00 3.1344E+00  4.7070E-03 4.0115E-01 3.6303E-01   285
 4.0000E-02 5.2281E-01 5.6331E+00 2.5854E+00 3.0477E+00  4.0066E-03 4.0115E-01 3.5351E-01   285
 4.0000E-02 5.2588E-01 5.4857E+00 2.5219E+00 2.9638E+00  3.2910E-03 4.0115E-01 3.4430E-01   285
 4.0000E-02 5.2899E-01 5.3379E+00 2.4557E+00 2.8821E+00  2.5766E-03 4.0116E-01 3.3534E-01   285
 4.0000E-02 5.3214E-01 5.1888E+00 2.3863E+00 2.8026E+00  1.8594E-03 4.0116E-01 3.2660E-01   285
 4.0000E-02 5.3533E-01 5.0375E+00 2.3130E+00 2.7245E+00  1.1374E-03 4.0117E-01 3.1801E-01   285
 4.0000E-02 5.3855E-01 4.8828E+00 2.2357E+00 2.6471E+00  4.0779E-04 4.0117E-01 3.0948E-01   285
 4.0000E-02 5.4182E-01 4.7235E+00 2.1539E+00 2.5696E+00 -3.3184E-04 4.0117E-01 3.0091E-01   285
 4.0000E-02 5.4512E-01 4.5587E+00 2.0678E+00 2.4910E+00 -1.0838E-03 4.0117E-01 2.9219E-01   285
 4.0000E-02 5.4847E-01 4.3878E+00 1.9775E+00 2.4103E+00 -1.8496E-03 4.0118E-01 2.8320E-01   285
 4.0000E-02 5.5185E-01 4.2135E+00 1.8865E+00 2.3270E+00 -2.6159E-03 4.0118E-01 2.7387E-01   285
 4.0000E-02 5.5528E-01 4.0353E+00 1.7938E+00 2.2415E+00 -3.3948E-03 4.0117E-01 2.6424E-01   285
 4.0000E-02 5.5875E-01 3.8540E+00 1.7004E+00 2.1537E+00 -4.1896E-03 4.0117E-01 2.5432E-01   285
 4.0000E-02 5.6226E-01 3.6712E+00 1.6076E+00 2.0636E+00 -4.9998E-03 4.0117E-01 2.4410E-01   285
 4.0000E-02 5.6582E-01 3.4888E+00 1.5171E+00 1.9717E+00 -5.8244E-03 4.0116E-01 2.3364E-01   285
 4.0000E-02 5.6943E-01 3.3095E+00 1.4307E+00 1.8788E+00 -6.6597E-03 4.0116E-01 2.2301E-01   285
 4.0000E-02 5.7308E-01 3.1362E+00 1.3500E+00 1.7862E+00 -7.5025E-03 4.0115E-01 2.1239E-01   285
 4.0000E-02 5.7677E-01 2.9714E+00 1.2757E+00 1.6957E+00 -8.3516E-03 4.0114E-01 2.0197E-01   285
 4.0000E-02 5.8052E-01 2.8160E+00 1.2076E+00 1.6085E+00 -9.2072E-03 4.0114E-01 1.9192E-01   285
 4.0000E-02 5.8431E-01 2.6697E+00 1.1444E+00 1.5253E+00 -1.0074E-02 4.0113E-01 1.8232E-01   285
 4.0000E-02 5.8816E-01 2.5314E+00 1.0850E+00 1.4464E+00 -1.0952E-02 4.0113E-01 1.7321E-01   285
 4.0000E-02 5.9205E-01 2.4009E+00 1.0293E+00 1.3716E+00 -1.1841E-02 4.0113E-01 1.6455E-01   285
 4.0000E-02 5.9600E-01 2.2778E+00 9.7715E-01 1.3006E+00 -1.2739E-02 4.0112E-01 1.5633E-01   285
 4.0000E-02 6.0000E-01 2.1620E+00 9.2871E-01 1.2333E+00 -1.3643E-02 4.0112E-01 1.4852E-01   285
