 DDSCAT --- DDSCAT 7.3.3 [22.01.20]   
 TARGET --->TARGSPHER  spherical target with explicit spacing                 
 GPFAFT --- method of solution 
 FLTRCD --- prescription for polarizabilities
 FROM_FILE --- shape 
    4169 = NAT0 = number of dipoles
 ../../diel/Pena-Rioux_dielectric_26Au_74Ag                  
 ../../diel/Pena-Rioux_dielectric_52Au_48Ag                  
 ../../diel/Pena-Rioux_dielectric_76Au_24Ag                  
 ../../diel/Pena-Rioux_dielectric_92Au_8Ag                   
   0.000   0.000 = beta_min, beta_max ;  NBETA = 1
   0.000   0.000 = theta_min, theta_max; NTHETA= 1
   0.000   0.000 = phi_min, phi_max   ;   NPHI = 1
 Results averaged over    1 target orientations
                   and  2 incident polarizations
   aeff       wave       Q_pha       Q_pol       Q_cpol
 8.0000E-02 3.0000E-01 -1.8512E-01  3.3379E-06 -3.5763E-07
 8.0000E-02 3.0101E-01 -1.8379E-01 -1.6689E-06  0.0000E+00
 8.0000E-02 3.0203E-01 -1.8255E-01 -2.3842E-07 -7.4506E-08
 8.0000E-02 3.0305E-01 -1.8139E-01 -4.0531E-06 -8.1956E-07
 8.0000E-02 3.0408E-01 -1.8033E-01  4.5300E-06 -1.9372E-07
 8.0000E-02 3.0512E-01 -1.7937E-01  0.0000E+00 -5.8115E-07
 8.0000E-02 3.0616E-01 -1.7852E-01 -1.4305E-06  6.1095E-07
 8.0000E-02 3.0722E-01 -1.7777E-01  3.5763E-06 -2.0862E-07
 8.0000E-02 3.0828E-01 -1.7713E-01  0.0000E+00 -5.9605E-08
 8.0000E-02 3.0934E-01 -1.7659E-01  7.3910E-06 -1.3411E-07
 8.0000E-02 3.1042E-01 -1.7616E-01  5.0068E-06 -1.0431E-07
 8.0000E-02 3.1150E-01 -1.7583E-01  1.6689E-06 -1.3411E-07
 8.0000E-02 3.1259E-01 -1.7562E-01  8.1062E-06  2.9802E-08
 8.0000E-02 3.1368E-01 -1.7553E-01  6.1989E-06  3.7253E-07
 8.0000E-02 3.1479E-01 -1.7555E-01 -5.0068E-06 -2.5332E-07
 8.0000E-02 3.1590E-01 -1.7571E-01 -6.6757E-06  1.1921E-07
 8.0000E-02 3.1702E-01 -1.7599E-01 -2.3842E-07 -2.5332E-07
 8.0000E-02 3.1815E-01 -1.7621E-01  1.1921E-06 -6.1095E-07
 8.0000E-02 3.1929E-01 -1.7657E-01 -9.2983E-06 -4.4703E-08
 8.0000E-02 3.2043E-01 -1.7713E-01  4.0531E-06  1.9372E-07
 8.0000E-02 3.2158E-01 -1.7789E-01 -2.6226E-06 -1.4901E-08
 8.0000E-02 3.2274E-01 -1.7886E-01 -2.8610E-06 -4.4703E-08
 8.0000E-02 3.2391E-01 -1.8005E-01 -2.8610E-06  1.1921E-07
 8.0000E-02 3.2509E-01 -1.8147E-01 -4.7684E-07  7.8976E-07
 8.0000E-02 3.2628E-01 -1.8314E-01 -2.6226E-06 -8.6427E-07
 8.0000E-02 3.2747E-01 -1.8535E-01 -6.9141E-06  2.0862E-07
 8.0000E-02 3.2868E-01 -1.8792E-01 -8.8215E-06 -4.4405E-06
 8.0000E-02 3.2989E-01 -1.9086E-01  4.7684E-07 -1.0431E-06
 8.0000E-02 3.3111E-01 -1.9419E-01  3.5763E-06 -4.5300E-06
 8.0000E-02 3.3234E-01 -1.9791E-01 -5.0068E-06 -7.4506E-08
 8.0000E-02 3.3358E-01 -2.0205E-01  4.0531E-06  2.0862E-07
 8.0000E-02 3.3483E-01 -2.0663E-01  1.3351E-05 -3.2783E-07
 8.0000E-02 3.3609E-01 -2.1181E-01  3.5763E-06 -8.9407E-08
 8.0000E-02 3.3736E-01 -2.1755E-01 -5.4836E-06 -5.5134E-07
 8.0000E-02 3.3864E-01 -2.2365E-01  6.4373E-06 -1.4156E-06
 8.0000E-02 3.3992E-01 -2.3013E-01  8.5831E-06 -5.6624E-07
 8.0000E-02 3.4122E-01 -2.3698E-01 -6.9141E-06  7.7486E-07
 8.0000E-02 3.4253E-01 -2.4422E-01 -1.4305E-06  1.4305E-06
 8.0000E-02 3.4385E-01 -2.5185E-01 -2.1458E-06 -6.2585E-07
 8.0000E-02 3.4517E-01 -2.5979E-01 -3.0994E-06  8.0466E-07
 8.0000E-02 3.4651E-01 -2.6785E-01  5.2452E-06  6.5565E-07
 8.0000E-02 3.4786E-01 -2.7609E-01  7.6294E-06 -1.1921E-07
 8.0000E-02 3.4922E-01 -2.8451E-01  5.2452E-06  8.6427E-07
 8.0000E-02 3.5059E-01 -2.9309E-01  2.1458E-06  5.6624E-07
 8.0000E-02 3.5197E-01 -3.0183E-01  2.3842E-06  2.0862E-07
 8.0000E-02 3.5336E-01 -3.1073E-01 -8.5831E-06 -5.9605E-07
 8.0000E-02 3.5476E-01 -3.1961E-01 -7.8678E-06 -1.1921E-06
 8.0000E-02 3.5618E-01 -3.2848E-01  1.7643E-05 -1.6689E-06
 8.0000E-02 3.5760E-01 -3.3736E-01  2.3842E-07  2.3842E-07
 8.0000E-02 3.5904E-01 -3.4625E-01 -1.5497E-05 -4.4107E-06
 8.0000E-02 3.6048E-01 -3.5514E-01 -6.6757E-06 -4.2617E-06
 8.0000E-02 3.6194E-01 -3.6403E-01 -6.6757E-06  1.6391E-06
 8.0000E-02 3.6341E-01 -3.7285E-01 -7.3910E-06  0.0000E+00
 8.0000E-02 3.6490E-01 -3.8157E-01  2.4319E-05 -4.9770E-06
 8.0000E-02 3.6639E-01 -3.9023E-01  2.3842E-07 -6.5565E-07
 8.0000E-02 3.6790E-01 -3.9884E-01 -2.6226E-06 -5.9605E-08
 8.0000E-02 3.6942E-01 -4.0738E-01  2.3842E-06 -2.0564E-06
 8.0000E-02 3.7095E-01 -4.1586E-01  7.8678E-06 -8.3447E-07
 8.0000E-02 3.7250E-01 -4.2424E-01 -1.1683E-05  3.8743E-06
 8.0000E-02 3.7406E-01 -4.3252E-01 -4.2915E-06  7.7486E-07
 8.0000E-02 3.7563E-01 -4.4076E-01 -2.1458E-06 -1.0729E-06
 8.0000E-02 3.7722E-01 -4.4896E-01  1.7881E-05 -3.1292E-06
 8.0000E-02 3.7881E-01 -4.5710E-01  4.7684E-07  8.9407E-08
 8.0000E-02 3.8043E-01 -4.6519E-01 -5.0068E-06  1.4305E-06
 8.0000E-02 3.8205E-01 -4.7322E-01 -1.9073E-06 -7.4506E-07
 8.0000E-02 3.8369E-01 -4.8125E-01 -9.5367E-07  1.0729E-06
 8.0000E-02 3.8534E-01 -4.8929E-01 -3.3379E-06  9.2387E-07
 8.0000E-02 3.8701E-01 -4.9736E-01  4.7684E-07  1.3113E-06
 8.0000E-02 3.8870E-01 -5.0544E-01  1.3113E-05  6.1393E-06
 8.0000E-02 3.9039E-01 -5.1352E-01  7.8678E-06 -4.2319E-06
 8.0000E-02 3.9211E-01 -5.2172E-01 -4.5300E-06 -1.0133E-06
 8.0000E-02 3.9383E-01 -5.3001E-01 -4.7684E-07 -4.7684E-07
 8.0000E-02 3.9558E-01 -5.3837E-01  1.1921E-06 -1.1921E-07
 8.0000E-02 3.9733E-01 -5.4680E-01 -6.6757E-06  5.9605E-08
 8.0000E-02 3.9911E-01 -5.5529E-01  5.2452E-06  5.3644E-07
 8.0000E-02 4.0090E-01 -5.6397E-01  2.8610E-06  1.6689E-06
 8.0000E-02 4.0270E-01 -5.7273E-01 -7.1526E-07  3.5763E-07
 8.0000E-02 4.0452E-01 -5.8151E-01 -2.3842E-07  4.1723E-07
 8.0000E-02 4.0636E-01 -5.9029E-01 -7.3910E-06  5.9605E-08
 8.0000E-02 4.0822E-01 -5.9905E-01  4.7684E-06  0.0000E+00
 8.0000E-02 4.1009E-01 -6.0779E-01 -5.7220E-06 -2.8014E-06
 8.0000E-02 4.1198E-01 -6.1636E-01 -2.8610E-06 -1.1921E-07
 8.0000E-02 4.1389E-01 -6.2469E-01  4.7684E-07  2.7418E-06
 8.0000E-02 4.1581E-01 -6.3274E-01  2.2173E-05 -6.5565E-07
 8.0000E-02 4.1776E-01 -6.4047E-01 -1.6928E-05 -5.9009E-06
 8.0000E-02 4.1972E-01 -6.4770E-01 -1.2398E-05 -8.3447E-06
 8.0000E-02 4.2170E-01 -6.5434E-01 -7.3910E-06 -2.0266E-06
 8.0000E-02 4.2370E-01 -6.6037E-01  9.2983E-06  1.0133E-06
 8.0000E-02 4.2571E-01 -6.6574E-01  0.0000E+00 -8.8215E-06
 8.0000E-02 4.2775E-01 -6.7030E-01 -1.6689E-05 -8.9407E-07
 8.0000E-02 4.2981E-01 -6.7389E-01 -1.0967E-05 -7.7486E-07
 8.0000E-02 4.3188E-01 -6.7646E-01 -2.1458E-06  2.1458E-06
 8.0000E-02 4.3398E-01 -6.7786E-01 -1.2875E-05 -6.5565E-07
 8.0000E-02 4.3610E-01 -6.7793E-01  1.0490E-05  4.1127E-06
 8.0000E-02 4.3824E-01 -6.7636E-01  7.8678E-06  3.4571E-06
 8.0000E-02 4.4039E-01 -6.7310E-01 -2.3842E-07 -1.3113E-06
 8.0000E-02 4.4257E-01 -6.6791E-01  2.6226E-06 -7.1526E-07
 8.0000E-02 4.4478E-01 -6.6057E-01 -1.2159E-05  1.1325E-06
 8.0000E-02 4.4700E-01 -6.5090E-01  5.7220E-06  2.9802E-07
 8.0000E-02 4.4925E-01 -6.3885E-01  4.7684E-06 -1.1921E-07
 8.0000E-02 4.5152E-01 -6.2426E-01  4.7684E-07 -2.4438E-06
 8.0000E-02 4.5381E-01 -6.0698E-01  1.4782E-05 -2.3842E-06
 8.0000E-02 4.5612E-01 -5.8699E-01 -9.0599E-06 -7.9274E-06
 8.0000E-02 4.5846E-01 -5.6435E-01 -3.3379E-06 -4.5300E-06
 8.0000E-02 4.6082E-01 -5.3902E-01  1.1444E-05 -5.3644E-06
 8.0000E-02 4.6321E-01 -5.1110E-01 -8.1062E-06 -1.7047E-05
 8.0000E-02 4.6563E-01 -4.8094E-01  1.0014E-05  8.1062E-06
 8.0000E-02 4.6806E-01 -4.4891E-01  1.9550E-05  3.0398E-06
 8.0000E-02 4.7053E-01 -4.1541E-01 -1.4305E-06 -1.7583E-06
 8.0000E-02 4.7302E-01 -3.8094E-01  1.7166E-05 -1.0729E-06
 8.0000E-02 4.7553E-01 -3.4606E-01 -2.3842E-06  2.2650E-06
 8.0000E-02 4.7807E-01 -3.1118E-01 -7.6294E-06 -2.1458E-06
 8.0000E-02 4.8065E-01 -2.7666E-01  5.2452E-06  3.0100E-06
 8.0000E-02 4.8324E-01 -2.4275E-01  1.0490E-05 -5.0664E-07
 8.0000E-02 4.8587E-01 -2.0946E-01  5.7220E-06  2.2352E-07
 8.0000E-02 4.8852E-01 -1.7670E-01  1.6212E-05 -8.4937E-07
 8.0000E-02 4.9121E-01 -1.4426E-01 -9.5367E-07  5.4985E-06
 8.0000E-02 4.9392E-01 -1.1179E-01  1.0967E-05 -9.1046E-06
 8.0000E-02 4.9667E-01 -7.8919E-02 -1.1921E-05  5.8860E-06
 8.0000E-02 4.9944E-01 -4.5295E-02  2.3842E-06  1.1612E-05
 8.0000E-02 5.0225E-01 -1.0584E-02 -5.7220E-06  2.2715E-06
 8.0000E-02 5.0508E-01  2.5538E-02 -2.1458E-05  4.3474E-06
 8.0000E-02 5.0795E-01  6.3141E-02  2.0504E-05  1.3180E-05
 8.0000E-02 5.1086E-01  1.0230E-01 -3.4332E-05  6.6757E-06
 8.0000E-02 5.1379E-01  1.4279E-01 -3.2425E-05  1.2949E-05
 8.0000E-02 5.1676E-01  1.8430E-01 -4.2915E-06 -1.0207E-05
 8.0000E-02 5.1977E-01  2.2632E-01 -1.6212E-05 -1.8448E-05
 8.0000E-02 5.2281E-01  2.6807E-01 -2.8133E-05 -1.1474E-05
 8.0000E-02 5.2588E-01  3.0872E-01  2.0504E-05  7.1228E-06
 8.0000E-02 5.2899E-01  3.4737E-01  2.7180E-05 -9.8348E-06
 8.0000E-02 5.3214E-01  3.8296E-01 -2.6226E-05 -4.3213E-06
 8.0000E-02 5.3533E-01  4.1470E-01  2.3365E-05  5.0962E-06
 8.0000E-02 5.3855E-01  4.4199E-01  2.1935E-05 -7.1228E-06
 8.0000E-02 5.4182E-01  4.6447E-01  2.4319E-05  2.0772E-05
 8.0000E-02 5.4512E-01  4.8205E-01  4.8637E-05 -1.1861E-05
 8.0000E-02 5.4847E-01  4.9514E-01 -4.0531E-05  3.7134E-05
 8.0000E-02 5.5185E-01  5.0457E-01 -1.2398E-05  1.3292E-05
 8.0000E-02 5.5528E-01  5.1126E-01  0.0000E+00  5.7220E-06
 8.0000E-02 5.5875E-01  5.1608E-01  4.9114E-05  6.1393E-06
 8.0000E-02 5.6226E-01  5.1959E-01  1.4305E-06 -3.0398E-06
 8.0000E-02 5.6582E-01  5.2215E-01 -1.9073E-05  4.9472E-06
 8.0000E-02 5.6943E-01  5.2375E-01 -9.5367E-06  4.5896E-06
 8.0000E-02 5.7308E-01  5.2418E-01  1.8120E-05 -1.0431E-05
 8.0000E-02 5.7677E-01  5.2317E-01 -4.7684E-06 -2.0921E-05
 8.0000E-02 5.8052E-01  5.2055E-01  2.3365E-05 -5.7220E-06
 8.0000E-02 5.8431E-01  5.1632E-01  5.2452E-06 -6.3777E-06
 8.0000E-02 5.8816E-01  5.1037E-01  3.3379E-05  4.0293E-05
 8.0000E-02 5.9205E-01  5.0198E-01  4.9591E-05 -1.1325E-05
 8.0000E-02 5.9600E-01  4.9025E-01 -8.9645E-05  2.4140E-05
 8.0000E-02 6.0000E-01  4.7435E-01  9.3460E-05  1.6183E-05
