 DDSCAT --- DDSCAT 7.3.3 [22.01.20]   
 TARGET --->TARGSPHER  spherical target with explicit spacing                 
 GPFAFT --- method of solution 
 FLTRCD --- prescription for polarizabilities
 FROM_FILE --- shape 
    4169 = NAT0 = number of dipoles
 ../../diel/Pena-Rioux_dielectric_26Au_74Ag                  
 ../../diel/Pena-Rioux_dielectric_52Au_48Ag                  
 ../../diel/Pena-Rioux_dielectric_76Au_24Ag                  
 ../../diel/Pena-Rioux_dielectric_92Au_8Ag                   
   0.000   0.000 = beta_min, beta_max ;  NBETA = 1
   0.000   0.000 = theta_min, theta_max; NTHETA= 1
   0.000   0.000 = phi_min, phi_max   ;   NPHI = 1
 0.5000 = ETASCA (param. controlling # of scatt. dirs used to calculate <cos> etc.
 Results averaged over    1 target orientations
                   and  2 incident polarizations
   aeff       wave       Q_ext     Q_abs      Q_sca     g(1)=<cos>  <cos^2>    Q_bk       Nsca
 8.0000E-02 3.0000E-01 2.7718E+00 1.5454E+00 1.2264E+00  6.4863E-01 6.1620E-01 2.7579E-02   656
 8.0000E-02 3.0101E-01 2.7683E+00 1.5469E+00 1.2214E+00  6.4819E-01 6.1506E-01 2.7483E-02   656
 8.0000E-02 3.0203E-01 2.7646E+00 1.5484E+00 1.2162E+00  6.4775E-01 6.1391E-01 2.7366E-02   656
 8.0000E-02 3.0305E-01 2.7608E+00 1.5499E+00 1.2110E+00  6.4731E-01 6.1275E-01 2.7229E-02   656
 8.0000E-02 3.0408E-01 2.7569E+00 1.5513E+00 1.2056E+00  6.4689E-01 6.1158E-01 2.7070E-02   656
 8.0000E-02 3.0512E-01 2.7527E+00 1.5526E+00 1.2001E+00  6.4646E-01 6.1040E-01 2.6891E-02   656
 8.0000E-02 3.0616E-01 2.7484E+00 1.5539E+00 1.1945E+00  6.4605E-01 6.0920E-01 2.6691E-02   656
 8.0000E-02 3.0722E-01 2.7440E+00 1.5552E+00 1.1888E+00  6.4564E-01 6.0800E-01 2.6471E-02   656
 8.0000E-02 3.0828E-01 2.7394E+00 1.5564E+00 1.1830E+00  6.4523E-01 6.0677E-01 2.6233E-02   656
 8.0000E-02 3.0934E-01 2.7350E+00 1.5576E+00 1.1774E+00  6.4480E-01 6.0553E-01 2.5987E-02   656
 8.0000E-02 3.1042E-01 2.7304E+00 1.5588E+00 1.1716E+00  6.4436E-01 6.0428E-01 2.5723E-02   656
 8.0000E-02 3.1150E-01 2.7257E+00 1.5599E+00 1.1658E+00  6.4393E-01 6.0301E-01 2.5442E-02   656
 8.0000E-02 3.1259E-01 2.7208E+00 1.5609E+00 1.1599E+00  6.4349E-01 6.0172E-01 2.5145E-02   656
 8.0000E-02 3.1368E-01 2.7158E+00 1.5619E+00 1.1539E+00  6.4304E-01 6.0042E-01 2.4832E-02   656
 8.0000E-02 3.1479E-01 2.7106E+00 1.5628E+00 1.1479E+00  6.4258E-01 5.9911E-01 2.4503E-02   656
 8.0000E-02 3.1590E-01 2.7053E+00 1.5636E+00 1.1417E+00  6.4212E-01 5.9777E-01 2.4160E-02   656
 8.0000E-02 3.1702E-01 2.6998E+00 1.5643E+00 1.1354E+00  6.4165E-01 5.9643E-01 2.3803E-02   656
 8.0000E-02 3.1815E-01 2.6939E+00 1.5650E+00 1.1289E+00  6.4118E-01 5.9507E-01 2.3425E-02   656
 8.0000E-02 3.1929E-01 2.6879E+00 1.5656E+00 1.1223E+00  6.4070E-01 5.9369E-01 2.3035E-02   656
 8.0000E-02 3.2043E-01 2.6816E+00 1.5661E+00 1.1156E+00  6.4020E-01 5.9230E-01 2.2633E-02   656
 8.0000E-02 3.2158E-01 2.6751E+00 1.5664E+00 1.1087E+00  6.3967E-01 5.9088E-01 2.2220E-02   657
 8.0000E-02 3.2274E-01 2.6684E+00 1.5666E+00 1.1018E+00  6.3913E-01 5.8945E-01 2.1798E-02   657
 8.0000E-02 3.2391E-01 2.6615E+00 1.5667E+00 1.0948E+00  6.3863E-01 5.8811E-01 2.1368E-02   602
 8.0000E-02 3.2509E-01 2.6544E+00 1.5667E+00 1.0877E+00  6.3803E-01 5.8664E-01 2.0930E-02   602
 8.0000E-02 3.2628E-01 2.6470E+00 1.5665E+00 1.0806E+00  6.3740E-01 5.8515E-01 2.0486E-02   602
 8.0000E-02 3.2747E-01 2.6389E+00 1.5659E+00 1.0729E+00  6.3675E-01 5.8364E-01 2.0021E-02   602
 8.0000E-02 3.2868E-01 2.6306E+00 1.5653E+00 1.0654E+00  6.3604E-01 5.8210E-01 1.9560E-02   602
 8.0000E-02 3.2989E-01 2.6224E+00 1.5644E+00 1.0581E+00  6.3527E-01 5.8054E-01 1.9106E-02   602
 8.0000E-02 3.3111E-01 2.6142E+00 1.5634E+00 1.0509E+00  6.3443E-01 5.7895E-01 1.8660E-02   602
 8.0000E-02 3.3234E-01 2.6061E+00 1.5621E+00 1.0440E+00  6.3351E-01 5.7733E-01 1.8224E-02   603
 8.0000E-02 3.3358E-01 2.5980E+00 1.5607E+00 1.0373E+00  6.3250E-01 5.7567E-01 1.7799E-02   603
 8.0000E-02 3.3483E-01 2.5900E+00 1.5591E+00 1.0309E+00  6.3141E-01 5.7399E-01 1.7386E-02   603
 8.0000E-02 3.3609E-01 2.5824E+00 1.5573E+00 1.0251E+00  6.3018E-01 5.7226E-01 1.7001E-02   603
 8.0000E-02 3.3736E-01 2.5757E+00 1.5554E+00 1.0203E+00  6.2878E-01 5.7048E-01 1.6652E-02   604
 8.0000E-02 3.3864E-01 2.5694E+00 1.5534E+00 1.0160E+00  6.2727E-01 5.6867E-01 1.6329E-02   604
 8.0000E-02 3.3992E-01 2.5638E+00 1.5513E+00 1.0125E+00  6.2563E-01 5.6683E-01 1.6032E-02   604
 8.0000E-02 3.4122E-01 2.5587E+00 1.5491E+00 1.0097E+00  6.2386E-01 5.6495E-01 1.5763E-02   604
 8.0000E-02 3.4253E-01 2.5544E+00 1.5468E+00 1.0076E+00  6.2195E-01 5.6304E-01 1.5524E-02   604
 8.0000E-02 3.4385E-01 2.5507E+00 1.5444E+00 1.0063E+00  6.1990E-01 5.6109E-01 1.5316E-02   604
 8.0000E-02 3.4517E-01 2.5480E+00 1.5420E+00 1.0060E+00  6.1770E-01 5.5912E-01 1.5145E-02   604
 8.0000E-02 3.4651E-01 2.5464E+00 1.5398E+00 1.0067E+00  6.1536E-01 5.5712E-01 1.5011E-02   605
 8.0000E-02 3.4786E-01 2.5456E+00 1.5375E+00 1.0081E+00  6.1291E-01 5.5511E-01 1.4907E-02   605
 8.0000E-02 3.4922E-01 2.5457E+00 1.5353E+00 1.0104E+00  6.1034E-01 5.5308E-01 1.4833E-02   605
 8.0000E-02 3.5059E-01 2.5467E+00 1.5331E+00 1.0136E+00  6.0765E-01 5.5103E-01 1.4791E-02   605
 8.0000E-02 3.5197E-01 2.5486E+00 1.5310E+00 1.0175E+00  6.0486E-01 5.4898E-01 1.4780E-02   605
 8.0000E-02 3.5336E-01 2.5514E+00 1.5290E+00 1.0224E+00  6.0194E-01 5.4691E-01 1.4802E-02   606
 8.0000E-02 3.5476E-01 2.5552E+00 1.5271E+00 1.0281E+00  5.9896E-01 5.4485E-01 1.4851E-02   606
 8.0000E-02 3.5618E-01 2.5598E+00 1.5253E+00 1.0345E+00  5.9590E-01 5.4279E-01 1.4924E-02   606
 8.0000E-02 3.5760E-01 2.5652E+00 1.5237E+00 1.0416E+00  5.9288E-01 5.4085E-01 1.5022E-02   551
 8.0000E-02 3.5904E-01 2.5715E+00 1.5221E+00 1.0493E+00  5.8969E-01 5.3879E-01 1.5144E-02   551
 8.0000E-02 3.6048E-01 2.5785E+00 1.5207E+00 1.0578E+00  5.8643E-01 5.3673E-01 1.5292E-02   551
 8.0000E-02 3.6194E-01 2.5865E+00 1.5194E+00 1.0671E+00  5.8311E-01 5.3469E-01 1.5466E-02   551
 8.0000E-02 3.6341E-01 2.5952E+00 1.5183E+00 1.0770E+00  5.7974E-01 5.3265E-01 1.5661E-02   551
 8.0000E-02 3.6490E-01 2.6047E+00 1.5173E+00 1.0874E+00  5.7635E-01 5.3062E-01 1.5870E-02   551
 8.0000E-02 3.6639E-01 2.6147E+00 1.5164E+00 1.0984E+00  5.7292E-01 5.2860E-01 1.6100E-02   551
 8.0000E-02 3.6790E-01 2.6255E+00 1.5156E+00 1.1099E+00  5.6946E-01 5.2659E-01 1.6347E-02   551
 8.0000E-02 3.6942E-01 2.6369E+00 1.5149E+00 1.1220E+00  5.6596E-01 5.2458E-01 1.6613E-02   551
 8.0000E-02 3.7095E-01 2.6490E+00 1.5143E+00 1.1347E+00  5.6243E-01 5.2259E-01 1.6897E-02   551
 8.0000E-02 3.7250E-01 2.6619E+00 1.5139E+00 1.1480E+00  5.5889E-01 5.2060E-01 1.7195E-02   551
 8.0000E-02 3.7406E-01 2.6752E+00 1.5136E+00 1.1616E+00  5.5532E-01 5.1863E-01 1.7506E-02   552
 8.0000E-02 3.7563E-01 2.6891E+00 1.5133E+00 1.1757E+00  5.5174E-01 5.1667E-01 1.7831E-02   552
 8.0000E-02 3.7722E-01 2.7035E+00 1.5131E+00 1.1904E+00  5.4814E-01 5.1471E-01 1.8171E-02   552
 8.0000E-02 3.7881E-01 2.7186E+00 1.5130E+00 1.2055E+00  5.4451E-01 5.1276E-01 1.8527E-02   552
 8.0000E-02 3.8043E-01 2.7343E+00 1.5130E+00 1.2212E+00  5.4088E-01 5.1082E-01 1.8897E-02   552
 8.0000E-02 3.8205E-01 2.7505E+00 1.5131E+00 1.2374E+00  5.3723E-01 5.0889E-01 1.9279E-02   552
 8.0000E-02 3.8369E-01 2.7672E+00 1.5132E+00 1.2540E+00  5.3357E-01 5.0697E-01 1.9674E-02   552
 8.0000E-02 3.8534E-01 2.7845E+00 1.5133E+00 1.2712E+00  5.2988E-01 5.0506E-01 2.0087E-02   552
 8.0000E-02 3.8701E-01 2.8025E+00 1.5134E+00 1.2891E+00  5.2617E-01 5.0315E-01 2.0518E-02   552
 8.0000E-02 3.8870E-01 2.8211E+00 1.5136E+00 1.3075E+00  5.2245E-01 5.0125E-01 2.0965E-02   552
 8.0000E-02 3.9039E-01 2.8404E+00 1.5138E+00 1.3266E+00  5.1872E-01 4.9936E-01 2.1431E-02   552
 8.0000E-02 3.9211E-01 2.8603E+00 1.5140E+00 1.3463E+00  5.1496E-01 4.9747E-01 2.1917E-02   552
 8.0000E-02 3.9383E-01 2.8810E+00 1.5142E+00 1.3668E+00  5.1118E-01 4.9560E-01 2.2429E-02   552
 8.0000E-02 3.9558E-01 2.9026E+00 1.5144E+00 1.3882E+00  5.0739E-01 4.9373E-01 2.2967E-02   552
 8.0000E-02 3.9733E-01 2.9252E+00 1.5146E+00 1.4105E+00  5.0359E-01 4.9188E-01 2.3529E-02   552
 8.0000E-02 3.9911E-01 2.9487E+00 1.5150E+00 1.4338E+00  4.9979E-01 4.9004E-01 2.4117E-02   552
 8.0000E-02 4.0090E-01 2.9734E+00 1.5153E+00 1.4581E+00  4.9610E-01 4.8834E-01 2.4738E-02   499
 8.0000E-02 4.0270E-01 2.9994E+00 1.5157E+00 1.4837E+00  4.9229E-01 4.8653E-01 2.5389E-02   499
 8.0000E-02 4.0452E-01 3.0268E+00 1.5163E+00 1.5104E+00  4.8852E-01 4.8473E-01 2.6067E-02   499
 8.0000E-02 4.0636E-01 3.0556E+00 1.5171E+00 1.5385E+00  4.8477E-01 4.8295E-01 2.6769E-02   499
 8.0000E-02 4.0822E-01 3.0860E+00 1.5182E+00 1.5679E+00  4.8107E-01 4.8119E-01 2.7493E-02   499
 8.0000E-02 4.1009E-01 3.1183E+00 1.5194E+00 1.5988E+00  4.7741E-01 4.7944E-01 2.8243E-02   499
 8.0000E-02 4.1198E-01 3.1524E+00 1.5211E+00 1.6313E+00  4.7383E-01 4.7772E-01 2.9008E-02   499
 8.0000E-02 4.1389E-01 3.1884E+00 1.5232E+00 1.6652E+00  4.7034E-01 4.7601E-01 2.9778E-02   499
 8.0000E-02 4.1581E-01 3.2264E+00 1.5258E+00 1.7006E+00  4.6693E-01 4.7432E-01 3.0554E-02   500
 8.0000E-02 4.1776E-01 3.2664E+00 1.5288E+00 1.7376E+00  4.6363E-01 4.7265E-01 3.1328E-02   500
 8.0000E-02 4.1972E-01 3.3087E+00 1.5325E+00 1.7762E+00  4.6044E-01 4.7100E-01 3.2090E-02   501
 8.0000E-02 4.2170E-01 3.3530E+00 1.5368E+00 1.8163E+00  4.5737E-01 4.6935E-01 3.2827E-02   501
 8.0000E-02 4.2370E-01 3.3995E+00 1.5417E+00 1.8578E+00  4.5444E-01 4.6772E-01 3.3529E-02   501
 8.0000E-02 4.2571E-01 3.4481E+00 1.5473E+00 1.9008E+00  4.5165E-01 4.6609E-01 3.4187E-02   501
 8.0000E-02 4.2775E-01 3.4990E+00 1.5536E+00 1.9455E+00  4.4900E-01 4.6446E-01 3.4787E-02   501
 8.0000E-02 4.2981E-01 3.5522E+00 1.5606E+00 1.9917E+00  4.4650E-01 4.6281E-01 3.5297E-02   501
 8.0000E-02 4.3188E-01 3.6077E+00 1.5683E+00 2.0394E+00  4.4415E-01 4.6115E-01 3.5704E-02   501
 8.0000E-02 4.3398E-01 3.6654E+00 1.5767E+00 2.0887E+00  4.4195E-01 4.5944E-01 3.5983E-02   501
 8.0000E-02 4.3610E-01 3.7256E+00 1.5858E+00 2.1398E+00  4.3989E-01 4.5769E-01 3.6114E-02   501
 8.0000E-02 4.3824E-01 3.7879E+00 1.5955E+00 2.1924E+00  4.3795E-01 4.5587E-01 3.6056E-02   501
 8.0000E-02 4.4039E-01 3.8521E+00 1.6058E+00 2.2463E+00  4.3612E-01 4.5398E-01 3.5791E-02   501
 8.0000E-02 4.4257E-01 3.9182E+00 1.6165E+00 2.3017E+00  4.3438E-01 4.5200E-01 3.5296E-02   501
 8.0000E-02 4.4478E-01 3.9858E+00 1.6276E+00 2.3582E+00  4.3270E-01 4.4992E-01 3.4547E-02   501
 8.0000E-02 4.4700E-01 4.0545E+00 1.6390E+00 2.4154E+00  4.3106E-01 4.4774E-01 3.3522E-02   501
 8.0000E-02 4.4925E-01 4.1236E+00 1.6507E+00 2.4730E+00  4.2942E-01 4.4546E-01 3.2221E-02   501
 8.0000E-02 4.5152E-01 4.1930E+00 1.6624E+00 2.5306E+00  4.2777E-01 4.4308E-01 3.0646E-02   501
 8.0000E-02 4.5381E-01 4.2619E+00 1.6743E+00 2.5876E+00  4.2608E-01 4.4062E-01 2.8813E-02   501
 8.0000E-02 4.5612E-01 4.3298E+00 1.6862E+00 2.6436E+00  4.2444E-01 4.3823E-01 2.6758E-02   452
 8.0000E-02 4.5846E-01 4.3958E+00 1.6980E+00 2.6979E+00  4.2255E-01 4.3564E-01 2.4550E-02   452
 8.0000E-02 4.6082E-01 4.4594E+00 1.7094E+00 2.7500E+00  4.2047E-01 4.3302E-01 2.2262E-02   452
 8.0000E-02 4.6321E-01 4.5196E+00 1.7202E+00 2.7994E+00  4.1815E-01 4.3038E-01 1.9994E-02   452
 8.0000E-02 4.6563E-01 4.5755E+00 1.7301E+00 2.8454E+00  4.1552E-01 4.2775E-01 1.7864E-02   452
 8.0000E-02 4.6806E-01 4.6268E+00 1.7387E+00 2.8881E+00  4.1253E-01 4.2515E-01 1.5981E-02   452
 8.0000E-02 4.7053E-01 4.6728E+00 1.7458E+00 2.9270E+00  4.0915E-01 4.2261E-01 1.4448E-02   452
 8.0000E-02 4.7302E-01 4.7133E+00 1.7512E+00 2.9621E+00  4.0534E-01 4.2014E-01 1.3345E-02   452
 8.0000E-02 4.7553E-01 4.7486E+00 1.7547E+00 2.9938E+00  4.0113E-01 4.1775E-01 1.2730E-02   452
 8.0000E-02 4.7807E-01 4.7789E+00 1.7565E+00 3.0225E+00  3.9654E-01 4.1548E-01 1.2626E-02   452
 8.0000E-02 4.8065E-01 4.8050E+00 1.7565E+00 3.0485E+00  3.9162E-01 4.1331E-01 1.3031E-02   452
 8.0000E-02 4.8324E-01 4.8276E+00 1.7551E+00 3.0725E+00  3.8643E-01 4.1126E-01 1.3919E-02   452
 8.0000E-02 4.8587E-01 4.8477E+00 1.7524E+00 3.0953E+00  3.8104E-01 4.0932E-01 1.5244E-02   452
 8.0000E-02 4.8852E-01 4.8660E+00 1.7486E+00 3.1174E+00  3.7549E-01 4.0748E-01 1.6967E-02   452
 8.0000E-02 4.9121E-01 4.8832E+00 1.7438E+00 3.1394E+00  3.6981E-01 4.0573E-01 1.9052E-02   452
 8.0000E-02 4.9392E-01 4.8995E+00 1.7377E+00 3.1619E+00  3.6402E-01 4.0404E-01 2.1485E-02   452
 8.0000E-02 4.9667E-01 4.9152E+00 1.7302E+00 3.1850E+00  3.5808E-01 4.0240E-01 2.4288E-02   452
 8.0000E-02 4.9944E-01 4.9300E+00 1.7208E+00 3.2092E+00  3.5193E-01 4.0080E-01 2.7506E-02   452
 8.0000E-02 5.0225E-01 4.9435E+00 1.7089E+00 3.2346E+00  3.4547E-01 3.9922E-01 3.1230E-02   452
 8.0000E-02 5.0508E-01 4.9549E+00 1.6937E+00 3.2612E+00  3.3859E-01 3.9766E-01 3.5570E-02   452
 8.0000E-02 5.0795E-01 4.9633E+00 1.6745E+00 3.2888E+00  3.3119E-01 3.9610E-01 4.0655E-02   452
 8.0000E-02 5.1086E-01 4.9676E+00 1.6507E+00 3.3169E+00  3.2313E-01 3.9456E-01 4.6615E-02   452
 8.0000E-02 5.1379E-01 4.9667E+00 1.6218E+00 3.3449E+00  3.1435E-01 3.9305E-01 5.3551E-02   453
 8.0000E-02 5.1676E-01 4.9594E+00 1.5876E+00 3.3718E+00  3.0479E-01 3.9158E-01 6.1515E-02   453
 8.0000E-02 5.1977E-01 4.9447E+00 1.5482E+00 3.3965E+00  2.9445E-01 3.9016E-01 7.0509E-02   453
 8.0000E-02 5.2281E-01 4.9219E+00 1.5042E+00 3.4177E+00  2.8336E-01 3.8881E-01 8.0487E-02   453
 8.0000E-02 5.2588E-01 4.8906E+00 1.4562E+00 3.4344E+00  2.7159E-01 3.8754E-01 9.1345E-02   453
 8.0000E-02 5.2899E-01 4.8509E+00 1.4051E+00 3.4459E+00  2.5933E-01 3.8650E-01 1.0297E-01   407
 8.0000E-02 5.3214E-01 4.8036E+00 1.3519E+00 3.4517E+00  2.4644E-01 3.8545E-01 1.1522E-01   407
 8.0000E-02 5.3533E-01 4.7500E+00 1.2977E+00 3.4523E+00  2.3319E-01 3.8454E-01 1.2794E-01   407
 8.0000E-02 5.3855E-01 4.6919E+00 1.2437E+00 3.4482E+00  2.1968E-01 3.8379E-01 1.4099E-01   407
 8.0000E-02 5.4182E-01 4.6313E+00 1.1908E+00 3.4405E+00  2.0607E-01 3.8322E-01 1.5427E-01   407
 8.0000E-02 5.4512E-01 4.5705E+00 1.1403E+00 3.4303E+00  1.9256E-01 3.8284E-01 1.6756E-01   407
 8.0000E-02 5.4847E-01 4.5120E+00 1.0934E+00 3.4185E+00  1.7938E-01 3.8267E-01 1.8061E-01   408
 8.0000E-02 5.5185E-01 4.4572E+00 1.0513E+00 3.4059E+00  1.6676E-01 3.8268E-01 1.9316E-01   408
 8.0000E-02 5.5528E-01 4.4070E+00 1.0145E+00 3.3925E+00  1.5486E-01 3.8284E-01 2.0502E-01   408
 8.0000E-02 5.5875E-01 4.3611E+00 9.8319E-01 3.3780E+00  1.4373E-01 3.8311E-01 2.1601E-01   408
 8.0000E-02 5.6226E-01 4.3192E+00 9.5758E-01 3.3616E+00  1.3341E-01 3.8346E-01 2.2603E-01   408
 8.0000E-02 5.6582E-01 4.2802E+00 9.3764E-01 3.3426E+00  1.2387E-01 3.8385E-01 2.3499E-01   408
 8.0000E-02 5.6943E-01 4.2434E+00 9.2338E-01 3.3201E+00  1.1505E-01 3.8428E-01 2.4285E-01   408
 8.0000E-02 5.7308E-01 4.2083E+00 9.1488E-01 3.2934E+00  1.0693E-01 3.8472E-01 2.4960E-01   408
 8.0000E-02 5.7677E-01 4.1748E+00 9.1208E-01 3.2627E+00  9.9464E-02 3.8517E-01 2.5526E-01   408
 8.0000E-02 5.8052E-01 4.1433E+00 9.1468E-01 3.2286E+00  9.2631E-02 3.8562E-01 2.5991E-01   408
 8.0000E-02 5.8431E-01 4.1140E+00 9.2221E-01 3.1918E+00  8.6394E-02 3.8608E-01 2.6364E-01   408
 8.0000E-02 5.8816E-01 4.0867E+00 9.3422E-01 3.1525E+00  8.0699E-02 3.8653E-01 2.6652E-01   408
 8.0000E-02 5.9205E-01 4.0611E+00 9.5047E-01 3.1106E+00  7.5479E-02 3.8696E-01 2.6864E-01   408
 8.0000E-02 5.9600E-01 4.0385E+00 9.7001E-01 3.0685E+00  7.0648E-02 3.8740E-01 2.7035E-01   408
 8.0000E-02 6.0000E-01 4.0217E+00 9.9136E-01 3.0304E+00  6.6127E-02 3.8785E-01 2.7220E-01   408
