 DDSCAT --- DDSCAT 7.3.3 [22.01.20]   
 TARGET --->TARFROMFILE  Nanorod target: 97.3nm x 17.6nm x 17.6nm, d=1nm      
 GPFAFT --- method of solution 
 FLTRCD --- prescription for polarizabilities
 FROM_FILE --- shape 
   35739 = NAT0 = number of dipoles
 ../diel/Ag_evap                                             
   0.000   0.000 = beta_min, beta_max ;  NBETA = 1
   0.000   0.000 = theta_min, theta_max; NTHETA= 1
   0.000   0.000 = phi_min, phi_max   ;   NPHI = 1
 Results averaged over    1 target orientations
                   and  2 incident polarizations
   aeff       wave       Q_pha       Q_pol       Q_cpol
 1.0000E-03 3.0000E-01  1.0978E-02  2.2352E-08 -2.4214E-08
 1.0000E-03 3.0167E-01  7.9840E-03  1.4156E-07  1.1176E-08
 1.0000E-03 3.0334E-01  5.8136E-03 -1.1176E-08  9.3132E-10
 1.0000E-03 3.0502E-01  3.7388E-03  1.3784E-07 -1.1642E-08
 1.0000E-03 3.0669E-01  1.7839E-03  1.3411E-07  1.6298E-08
 1.0000E-03 3.0836E-01 -2.8849E-05  2.6450E-07 -1.1751E-09
 1.0000E-03 3.1003E-01 -1.6806E-03 -3.9488E-07  2.4447E-09
 1.0000E-03 3.1171E-01 -3.5545E-03  8.9407E-08 -1.8394E-08
 1.0000E-03 3.1338E-01 -5.6286E-03 -6.3330E-08  1.1176E-08
 1.0000E-03 3.1505E-01 -7.7177E-03 -4.0978E-08 -3.9116E-08
 1.0000E-03 3.1672E-01 -9.8728E-03 -1.0245E-07 -4.0047E-08
 1.0000E-03 3.1839E-01 -1.2140E-02 -1.1176E-08  4.6566E-09
 1.0000E-03 3.2007E-01 -1.4564E-02 -2.2352E-08 -9.4995E-08
 1.0000E-03 3.2174E-01 -1.8282E-02 -3.2224E-07 -8.7544E-08
 1.0000E-03 3.2341E-01 -2.2533E-02 -2.5332E-07  2.7940E-08
 1.0000E-03 3.2508E-01 -2.7252E-02  6.3330E-08  1.0803E-07
 1.0000E-03 3.2676E-01 -3.2789E-02 -2.2352E-08  0.0000E+00
 1.0000E-03 3.2843E-01 -3.9718E-02  2.2724E-07  5.2154E-08
 1.0000E-03 3.3010E-01 -4.8901E-02 -3.6508E-07 -1.4901E-08
 1.0000E-03 3.3177E-01 -5.8759E-02  1.4901E-07 -1.0431E-07
 1.0000E-03 3.3344E-01 -5.6186E-02  7.7486E-07  6.4820E-07
 1.0000E-03 3.3512E-01 -4.5347E-02 -5.2154E-07 -6.3330E-08
 1.0000E-03 3.3679E-01 -3.4808E-02  4.9174E-07 -2.6077E-08
 1.0000E-03 3.3846E-01 -3.2777E-02 -9.3877E-07  6.3330E-08
 1.0000E-03 3.4013E-01 -3.3113E-02 -1.6391E-07  8.1956E-08
 1.0000E-03 3.4181E-01 -3.0547E-02  1.6391E-07  0.0000E+00
 1.0000E-03 3.4348E-01 -2.6500E-02  3.4273E-07 -1.4715E-07
 1.0000E-03 3.4515E-01 -2.1155E-02  1.8775E-06 -8.9407E-08
 1.0000E-03 3.4682E-01 -1.5730E-02 -6.5565E-07 -3.1665E-08
 1.0000E-03 3.4850E-01 -1.3080E-02  1.6391E-07  7.3574E-08
 1.0000E-03 3.5017E-01 -1.2308E-02  6.2585E-07  7.4506E-09
 1.0000E-03 3.5184E-01 -1.1321E-02 -5.9605E-08  1.2107E-08
 1.0000E-03 3.5351E-01 -9.9172E-03 -2.0862E-07  1.2945E-07
 1.0000E-03 3.5518E-01 -8.5392E-03 -3.5763E-07 -2.3283E-08
 1.0000E-03 3.5686E-01 -7.8123E-03 -4.7684E-07 -2.0489E-08
 1.0000E-03 3.5853E-01 -7.6557E-03 -2.0862E-07  2.7008E-08
 1.0000E-03 3.6020E-01 -8.2084E-03 -4.4703E-07 -1.9558E-08
 1.0000E-03 3.6187E-01 -9.6520E-03  4.7684E-07 -2.9802E-08
 1.0000E-03 3.6355E-01 -1.1147E-02 -1.4901E-08 -2.8871E-08
 1.0000E-03 3.6522E-01 -1.3145E-02  4.4703E-08  1.3039E-08
 1.0000E-03 3.6689E-01 -1.3237E-02  1.0133E-06 -8.7544E-08
 1.0000E-03 3.6856E-01 -6.2657E-03 -3.7253E-07 -1.3784E-07
 1.0000E-03 3.7023E-01  5.8807E-03 -4.1723E-07 -1.9558E-08
 1.0000E-03 3.7191E-01  1.2655E-02  7.3016E-07  4.4703E-08
 1.0000E-03 3.7358E-01  1.6675E-02 -1.0431E-07 -2.6077E-08
 1.0000E-03 3.7525E-01  2.3430E-02 -1.9073E-06  1.3039E-07
 1.0000E-03 3.7692E-01  2.3920E-02  1.2368E-06  7.4506E-08
 1.0000E-03 3.7860E-01  1.7851E-02 -9.3877E-07  1.1735E-07
 1.0000E-03 3.8027E-01  1.5834E-02  1.4454E-06  7.4506E-08
 1.0000E-03 3.8194E-01  2.4678E-02  9.6858E-07  4.2841E-08
 1.0000E-03 3.8361E-01  4.1243E-02  2.8163E-06  1.4901E-07
 1.0000E-03 3.8528E-01  5.2195E-02 -8.6427E-07  1.2293E-07
 1.0000E-03 3.8696E-01  5.0964E-02 -3.7253E-07 -4.0978E-08
 1.0000E-03 3.8863E-01  4.1914E-02 -4.7684E-07 -1.7509E-07
 1.0000E-03 3.9030E-01  3.1349E-02  6.4075E-07 -8.9407E-08
 1.0000E-03 3.9197E-01  2.4843E-02  2.6822E-07 -2.0675E-07
 1.0000E-03 3.9365E-01  1.9694E-02 -3.2783E-07 -1.6205E-07
 1.0000E-03 3.9532E-01  8.9617E-03 -1.0431E-07  2.0489E-08
 1.0000E-03 3.9699E-01 -3.9893E-03 -5.9605E-08 -3.8184E-08
 1.0000E-03 3.9866E-01 -9.4335E-03 -3.5763E-07  1.8626E-08
 1.0000E-03 4.0033E-01  1.0795E-02  2.9802E-07 -4.0047E-08
 1.0000E-03 4.0201E-01  6.4461E-02  2.4438E-06 -4.4703E-08
 1.0000E-03 4.0368E-01  1.1196E-01 -5.9605E-08  9.6858E-07
 1.0000E-03 4.0535E-01  1.2719E-01  7.4506E-08  6.8545E-07
 1.0000E-03 4.0702E-01  1.2476E-01 -8.9407E-08 -6.4075E-07
 1.0000E-03 4.0870E-01  1.1708E-01 -2.3842E-07 -6.1095E-07
 1.0000E-03 4.1037E-01  1.0921E-01 -1.7881E-07  3.3528E-07
 1.0000E-03 4.1204E-01  1.0296E-01 -8.1956E-08 -1.7136E-07
 1.0000E-03 4.1371E-01  9.8259E-02 -5.0664E-07  6.0350E-07
 1.0000E-03 4.1538E-01  9.4331E-02 -4.0233E-07  7.4506E-08
 1.0000E-03 4.1706E-01  9.1195E-02 -2.2352E-07  1.6391E-07
 1.0000E-03 4.1873E-01  9.0109E-02 -1.5646E-07  3.2783E-07
 1.0000E-03 4.2040E-01  9.0090E-02  1.6391E-07 -8.2701E-07
 1.0000E-03 4.2207E-01  8.9096E-02  2.5332E-07 -7.7486E-07
 1.0000E-03 4.2375E-01  8.6713E-02  1.7136E-07  3.6508E-07
 1.0000E-03 4.2542E-01  8.3726E-02  5.9605E-08 -1.3411E-07
 1.0000E-03 4.2709E-01  8.1107E-02 -4.9546E-07 -6.7055E-08
 1.0000E-03 4.2876E-01  7.8917E-02  5.9605E-08  6.7055E-08
 1.0000E-03 4.3043E-01  7.5686E-02 -1.4529E-07  8.9407E-08
 1.0000E-03 4.3211E-01  7.1499E-02 -3.7253E-08  1.4901E-07
 1.0000E-03 4.3378E-01  6.7231E-02 -1.8626E-08  6.7055E-08
 1.0000E-03 4.3545E-01  6.3431E-02  4.4703E-08  9.6858E-08
 1.0000E-03 4.3712E-01  6.0387E-02  3.7253E-09  2.8685E-07
 1.0000E-03 4.3880E-01  5.8197E-02  3.4645E-07  1.0803E-07
 1.0000E-03 4.4047E-01  5.6994E-02 -1.1921E-07  8.5682E-08
 1.0000E-03 4.4214E-01  5.6773E-02  7.0781E-08  1.1921E-07
 1.0000E-03 4.4381E-01  5.6736E-02 -1.7136E-07  6.7055E-08
 1.0000E-03 4.4548E-01  5.5536E-02 -1.1548E-07  1.1548E-07
 1.0000E-03 4.4716E-01  5.3478E-02  2.9057E-07  2.9802E-07
 1.0000E-03 4.4883E-01  5.2001E-02 -7.4506E-09  1.0058E-07
 1.0000E-03 4.5050E-01  5.1817E-02 -1.4156E-07  2.6822E-07
 1.0000E-03 4.5217E-01  5.1910E-02  7.4506E-09  5.9605E-08
 1.0000E-03 4.5385E-01  5.1493E-02 -3.7998E-07  3.2410E-07
 1.0000E-03 4.5552E-01  5.2453E-02 -7.4506E-09 -2.0489E-07
 1.0000E-03 4.5719E-01  5.6131E-02  5.9605E-08 -4.0978E-08
 1.0000E-03 4.5886E-01  6.1307E-02 -4.3213E-07  1.1176E-08
 1.0000E-03 4.6054E-01  6.7220E-02  4.3958E-07  7.4506E-09
 1.0000E-03 4.6221E-01  7.2821E-02 -3.6508E-07 -5.2154E-08
 1.0000E-03 4.6388E-01  7.6001E-02 -4.2468E-07 -5.4389E-07
 1.0000E-03 4.6555E-01  7.6832E-02  3.7253E-08 -5.3644E-07
 1.0000E-03 4.6722E-01  7.6942E-02 -4.4703E-08  1.4156E-07
 1.0000E-03 4.6890E-01  7.7224E-02 -1.3039E-07 -1.4156E-07
 1.0000E-03 4.7057E-01  7.7326E-02  2.1234E-07 -6.5565E-07
 1.0000E-03 4.7224E-01  7.7021E-02 -1.4901E-07 -7.4506E-08
 1.0000E-03 4.7391E-01  7.6364E-02  1.1176E-07  0.0000E+00
 1.0000E-03 4.7559E-01  7.5280E-02 -1.3411E-07 -2.7567E-07
 1.0000E-03 4.7726E-01  7.3844E-02  0.0000E+00 -1.1176E-07
 1.0000E-03 4.7893E-01  7.2299E-02  2.0303E-07 -8.1956E-08
 1.0000E-03 4.8060E-01  7.0866E-02 -1.1362E-07  2.9802E-07
 1.0000E-03 4.8227E-01  6.9640E-02 -4.2841E-08 -1.1176E-07
 1.0000E-03 4.8395E-01  6.8601E-02 -1.4156E-07 -8.1956E-08
 1.0000E-03 4.8562E-01  6.7626E-02  1.7695E-07 -1.5646E-07
 1.0000E-03 4.8729E-01  6.6601E-02 -1.0431E-07 -1.0431E-07
 1.0000E-03 4.8896E-01  6.5521E-02 -2.0489E-08 -1.8626E-07
 1.0000E-03 4.9064E-01  6.4415E-02 -6.5193E-09 -8.1956E-08
 1.0000E-03 4.9231E-01  6.3285E-02  1.8626E-08  1.4901E-07
 1.0000E-03 4.9398E-01  6.2149E-02 -1.1083E-07 -1.3411E-07
 1.0000E-03 4.9565E-01  6.1045E-02 -2.1420E-08 -2.1979E-07
 1.0000E-03 4.9732E-01  5.9988E-02 -7.3574E-08 -2.9802E-08
 1.0000E-03 4.9900E-01  5.8995E-02 -2.1420E-08 -1.6019E-07
 1.0000E-03 5.0067E-01  5.8047E-02 -3.7253E-08  1.8999E-07
 1.0000E-03 5.0234E-01  5.7123E-02 -1.7695E-08 -8.1956E-08
 1.0000E-03 5.0401E-01  5.6215E-02 -1.4901E-08 -2.0117E-07
 1.0000E-03 5.0569E-01  5.5327E-02  2.6543E-08  3.1292E-07
 1.0000E-03 5.0736E-01  5.4476E-02 -6.5193E-09 -2.2352E-08
 1.0000E-03 5.0903E-01  5.3671E-02  3.2596E-08  2.9802E-08
 1.0000E-03 5.1070E-01  5.2906E-02 -4.6566E-08 -2.9802E-08
 1.0000E-03 5.1237E-01  5.2180E-02  1.0710E-08  1.3411E-07
 1.0000E-03 5.1405E-01  5.1498E-02  4.6566E-10 -1.8626E-08
 1.0000E-03 5.1572E-01  5.0859E-02  7.4506E-09  1.2293E-07
 1.0000E-03 5.1739E-01  5.0246E-02  2.0955E-08  0.0000E+00
 1.0000E-03 5.1906E-01  4.9642E-02  8.8476E-09  1.2666E-07
 1.0000E-03 5.2074E-01  4.9043E-02  1.7229E-08  2.9057E-07
 1.0000E-03 5.2241E-01  4.8424E-02  1.3504E-08  1.1548E-07
 1.0000E-03 5.2408E-01  4.7830E-02  8.3819E-09 -2.3097E-07
 1.0000E-03 5.2575E-01  4.7275E-02 -1.2107E-08  2.8685E-07
 1.0000E-03 5.2742E-01  4.6757E-02 -1.1409E-08 -9.3132E-08
 1.0000E-03 5.2910E-01  4.6264E-02  9.5461E-09  3.3900E-07
 1.0000E-03 5.3077E-01  4.5779E-02  9.3132E-10  2.6822E-07
 1.0000E-03 5.3244E-01  4.5294E-02 -4.6566E-10  5.2154E-08
 1.0000E-03 5.3411E-01  4.4814E-02  9.7789E-09 -3.3155E-07
 1.0000E-03 5.3579E-01  4.4348E-02  5.8208E-09  1.8999E-07
 1.0000E-03 5.3746E-01  4.3897E-02 -2.1653E-08 -1.7136E-07
 1.0000E-03 5.3913E-01  4.3462E-02 -3.2596E-09 -1.8626E-08
 1.0000E-03 5.4080E-01  4.3044E-02  1.1642E-09 -6.3330E-08
 1.0000E-03 5.4247E-01  4.2645E-02  7.9162E-09  1.4529E-07
 1.0000E-03 5.4415E-01  4.2260E-02  1.1874E-08 -2.6077E-08
 1.0000E-03 5.4582E-01  4.1882E-02 -3.7253E-09  1.3784E-07
 1.0000E-03 5.4749E-01  4.1510E-02  1.7462E-08  3.7253E-08
 1.0000E-03 5.4916E-01  4.1154E-02  1.4901E-08  1.5274E-07
 1.0000E-03 5.5084E-01  4.0825E-02  7.4506E-09  3.0175E-07
 1.0000E-03 5.5251E-01  4.0505E-02  2.7940E-09  1.5646E-07
 1.0000E-03 5.5418E-01  4.0194E-02 -9.0804E-09  1.1548E-07
 1.0000E-03 5.5585E-01  3.9893E-02  1.5600E-08  1.2666E-07
 1.0000E-03 5.5753E-01  3.9600E-02  1.2107E-08 -2.3097E-07
 1.0000E-03 5.5920E-01  3.9313E-02  2.3283E-10 -4.4703E-08
 1.0000E-03 5.6087E-01  3.9029E-02  9.4296E-09  3.0547E-07
 1.0000E-03 5.6254E-01  3.8747E-02  4.6566E-10  1.1176E-07
 1.0000E-03 5.6421E-01  3.8470E-02  4.7730E-09 -6.7055E-08
 1.0000E-03 5.6589E-01  3.8199E-02 -3.9581E-09 -4.4703E-08
 1.0000E-03 5.6756E-01  3.7935E-02 -7.7998E-09 -1.9744E-07
 1.0000E-03 5.6923E-01  3.7675E-02  2.7940E-09 -1.3039E-07
 1.0000E-03 5.7090E-01  3.7419E-02 -8.0327E-09  0.0000E+00
 1.0000E-03 5.7258E-01  3.7165E-02  3.0268E-09 -1.0431E-07
 1.0000E-03 5.7425E-01  3.6915E-02 -6.0536E-09 -3.5763E-07
 1.0000E-03 5.7592E-01  3.6668E-02 -1.3388E-08  6.7055E-08
 1.0000E-03 5.7759E-01  3.6422E-02 -4.0745E-09  1.1921E-07
 1.0000E-03 5.7926E-01  3.6181E-02 -1.2806E-08  4.4703E-08
 1.0000E-03 5.8094E-01  3.5945E-02 -1.8626E-09  9.3132E-08
 1.0000E-03 5.8261E-01  3.5711E-02 -4.6566E-09  1.3784E-07
 1.0000E-03 5.8428E-01  3.5476E-02 -1.5483E-08 -3.0547E-07
 1.0000E-03 5.8595E-01  3.5248E-02  4.3074E-09 -2.1234E-07
 1.0000E-03 5.8763E-01  3.5027E-02 -5.8208E-10  1.6391E-07
 1.0000E-03 5.8930E-01  3.4810E-02 -1.3970E-09 -1.8999E-07
 1.0000E-03 5.9097E-01  3.4596E-02 -2.3283E-09  4.0978E-08
 1.0000E-03 5.9264E-01  3.4384E-02 -1.1642E-10  2.1979E-07
 1.0000E-03 5.9431E-01  3.4174E-02  1.1292E-08 -2.6077E-08
 1.0000E-03 5.9599E-01  3.3964E-02 -2.7940E-09  2.3097E-07
 1.0000E-03 5.9766E-01  3.3754E-02 -5.1223E-09  1.1548E-07
 1.0000E-03 5.9933E-01  3.3547E-02  9.5461E-09 -5.9605E-08
 1.0000E-03 6.0100E-01  3.3342E-02  1.3970E-09  6.3330E-08
 1.0000E-03 6.0268E-01  3.3142E-02  2.7940E-09 -8.5682E-08
 1.0000E-03 6.0435E-01  3.2948E-02 -2.3283E-09 -5.2154E-08
 1.0000E-03 6.0602E-01  3.2759E-02  6.5193E-09 -7.4506E-08
 1.0000E-03 6.0769E-01  3.2575E-02  1.0477E-08 -2.1607E-07
 1.0000E-03 6.0936E-01  3.2396E-02  5.4715E-09  3.7253E-09
 1.0000E-03 6.1104E-01  3.2221E-02  4.0745E-09 -1.3784E-07
 1.0000E-03 6.1271E-01  3.2051E-02  1.1642E-09  1.0058E-07
 1.0000E-03 6.1438E-01  3.1884E-02 -6.7521E-09 -3.7253E-08
 1.0000E-03 6.1605E-01  3.1722E-02 -2.5611E-09 -1.0803E-07
 1.0000E-03 6.1773E-01  3.1566E-02 -4.4238E-09 -5.5879E-08
 1.0000E-03 6.1940E-01  3.1415E-02  1.7462E-09  1.0431E-07
 1.0000E-03 6.2107E-01  3.1265E-02  2.0955E-09 -2.0489E-07
 1.0000E-03 6.2274E-01  3.1114E-02  1.4552E-09  1.0803E-07
 1.0000E-03 6.2441E-01  3.0961E-02 -3.0268E-09 -3.3528E-08
 1.0000E-03 6.2609E-01  3.0807E-02  5.2969E-09  3.9116E-08
 1.0000E-03 6.2776E-01  3.0653E-02 -1.1642E-09  4.6566E-08
 1.0000E-03 6.2943E-01  3.0501E-02 -5.2387E-10  6.8918E-08
 1.0000E-03 6.3110E-01  3.0349E-02 -1.4552E-09 -1.2666E-07
 1.0000E-03 6.3278E-01  3.0199E-02 -1.1642E-09 -1.1176E-08
 1.0000E-03 6.3445E-01  3.0051E-02 -1.1059E-09  4.2841E-08
 1.0000E-03 6.3612E-01  2.9906E-02  2.7940E-09  1.9930E-07
 1.0000E-03 6.3779E-01  2.9764E-02  5.2387E-10  5.2154E-08
 1.0000E-03 6.3946E-01  2.9624E-02  4.0745E-10  1.0431E-07
 1.0000E-03 6.4114E-01  2.9485E-02  1.9791E-09 -1.3039E-07
 1.0000E-03 6.4281E-01  2.9348E-02 -4.0745E-10 -1.6391E-07
 1.0000E-03 6.4448E-01  2.9211E-02  6.9849E-10 -3.1851E-07
 1.0000E-03 6.4615E-01  2.9074E-02 -5.2387E-10 -1.3039E-07
 1.0000E-03 6.4783E-01  2.8938E-02 -4.6566E-10 -9.3132E-08
 1.0000E-03 6.4950E-01  2.8802E-02  4.3074E-09  3.5390E-08
 1.0000E-03 6.5117E-01  2.8667E-02 -3.4343E-09 -1.5646E-07
 1.0000E-03 6.5284E-01  2.8533E-02  2.3283E-10 -9.1270E-08
 1.0000E-03 6.5452E-01  2.8400E-02 -1.6880E-09 -1.4901E-08
 1.0000E-03 6.5619E-01  2.8268E-02  6.4028E-10  5.2154E-08
 1.0000E-03 6.5786E-01  2.8138E-02 -2.7940E-09 -1.7881E-07
 1.0000E-03 6.5953E-01  2.8010E-02  3.4925E-09 -9.6858E-08
 1.0000E-03 6.6120E-01  2.7881E-02  2.9104E-10 -5.5879E-08
 1.0000E-03 6.6288E-01  2.7752E-02  1.6880E-09  8.1956E-08
 1.0000E-03 6.6455E-01  2.7625E-02 -2.3283E-10  2.3842E-07
 1.0000E-03 6.6622E-01  2.7502E-02 -7.5670E-10 -4.6566E-08
 1.0000E-03 6.6789E-01  2.7382E-02 -2.2701E-09  1.8626E-08
 1.0000E-03 6.6957E-01  2.7265E-02 -2.4447E-09  7.4506E-08
 1.0000E-03 6.7124E-01  2.7150E-02  6.4028E-10  6.7055E-08
 1.0000E-03 6.7291E-01  2.7035E-02 -9.8953E-10 -7.4506E-09
 1.0000E-03 6.7458E-01  2.6921E-02  8.7311E-11 -1.6578E-07
 1.0000E-03 6.7625E-01  2.6805E-02  5.8208E-10  5.4017E-08
 1.0000E-03 6.7793E-01  2.6688E-02 -3.3178E-09 -8.0094E-08
 1.0000E-03 6.7960E-01  2.6569E-02  8.7311E-11 -8.0094E-08
 1.0000E-03 6.8127E-01  2.6452E-02 -3.7835E-10 -5.0291E-08
 1.0000E-03 6.8294E-01  2.6336E-02 -1.8044E-09 -8.7544E-08
 1.0000E-03 6.8462E-01  2.6223E-02  3.8126E-09  7.8231E-08
 1.0000E-03 6.8629E-01  2.6112E-02  1.1642E-09  3.9116E-08
 1.0000E-03 6.8796E-01  2.6003E-02 -4.6566E-10  1.1921E-07
 1.0000E-03 6.8963E-01  2.5893E-02 -1.3388E-09  1.3970E-07
 1.0000E-03 6.9130E-01  2.5791E-02 -6.2282E-09  1.3039E-08
 1.0000E-03 6.9298E-01  2.5706E-02 -4.1910E-09  6.7055E-08
 1.0000E-03 6.9465E-01  2.5649E-02  1.6880E-09  6.3330E-08
 1.0000E-03 6.9632E-01  2.5611E-02  4.3074E-09 -1.6578E-07
 1.0000E-03 6.9799E-01  2.5558E-02  8.4401E-09 -6.7055E-08
 1.0000E-03 6.9967E-01  2.5478E-02 -1.5716E-09  1.6578E-07
 1.0000E-03 7.0134E-01  2.5378E-02  8.7311E-10 -6.7055E-08
 1.0000E-03 7.0301E-01  2.5272E-02  1.5134E-09  5.2154E-08
 1.0000E-03 7.0468E-01  2.5164E-02 -6.6939E-10 -1.1548E-07
 1.0000E-03 7.0635E-01  2.5058E-02  1.8626E-09 -1.8626E-08
 1.0000E-03 7.0803E-01  2.4954E-02 -1.8335E-09  8.7544E-08
 1.0000E-03 7.0970E-01  2.4852E-02  1.1350E-09 -2.7940E-08
 1.0000E-03 7.1137E-01  2.4752E-02  1.7462E-09 -3.7253E-08
 1.0000E-03 7.1304E-01  2.4652E-02 -4.9477E-10  8.9407E-08
 1.0000E-03 7.1472E-01  2.4553E-02  1.7462E-10  1.2107E-07
 1.0000E-03 7.1639E-01  2.4455E-02  3.4051E-09 -1.1176E-08
 1.0000E-03 7.1806E-01  2.4358E-02  2.5902E-09 -9.1270E-08
 1.0000E-03 7.1973E-01  2.4264E-02 -1.1933E-09  8.3819E-08
 1.0000E-03 7.2140E-01  2.4173E-02  1.6589E-09  3.2596E-07
 1.0000E-03 7.2308E-01  2.4083E-02 -3.1723E-09 -1.0803E-07
 1.0000E-03 7.2475E-01  2.3995E-02  4.2201E-09 -3.1665E-08
 1.0000E-03 7.2642E-01  2.3916E-02 -8.7311E-11  1.8813E-07
 1.0000E-03 7.2809E-01  2.3850E-02 -2.5029E-09  8.0094E-08
 1.0000E-03 7.2977E-01  2.3782E-02  7.0140E-09  2.9802E-08
 1.0000E-03 7.3144E-01  2.3701E-02 -2.8522E-09 -2.0489E-08
 1.0000E-03 7.3311E-01  2.3611E-02  4.1618E-09 -2.2911E-07
 1.0000E-03 7.3478E-01  2.3520E-02 -1.4843E-09  1.6764E-08
 1.0000E-03 7.3645E-01  2.3431E-02  2.7358E-09 -2.5146E-07
 1.0000E-03 7.3813E-01  2.3349E-02 -9.3132E-10  3.3528E-08
 1.0000E-03 7.3980E-01  2.3276E-02  3.0559E-09 -1.0803E-07
 1.0000E-03 7.4147E-01  2.3205E-02 -1.9791E-09  1.0245E-07
 1.0000E-03 7.4314E-01  2.3132E-02  2.9104E-10  3.7253E-09
 1.0000E-03 7.4482E-01  2.3059E-02 -6.1118E-10 -5.0291E-08
 1.0000E-03 7.4649E-01  2.2984E-02 -2.9104E-09  5.9605E-08
 1.0000E-03 7.4816E-01  2.2908E-02  1.1350E-09 -4.6566E-08
 1.0000E-03 7.4983E-01  2.2830E-02 -1.0914E-09  4.2841E-08
 1.0000E-03 7.5151E-01  2.2750E-02  3.0268E-09 -8.0094E-08
 1.0000E-03 7.5318E-01  2.2669E-02  7.2760E-10  8.7544E-08
 1.0000E-03 7.5485E-01  2.2591E-02  3.9436E-09  5.4017E-08
 1.0000E-03 7.5652E-01  2.2521E-02 -2.9104E-10 -2.4214E-08
 1.0000E-03 7.5819E-01  2.2457E-02 -4.0600E-09 -4.8429E-08
 1.0000E-03 7.5987E-01  2.2388E-02  1.1496E-09  3.5390E-08
 1.0000E-03 7.6154E-01  2.2314E-02  2.0664E-09 -1.2480E-07
 1.0000E-03 7.6321E-01  2.2237E-02 -2.0373E-10  2.9802E-08
 1.0000E-03 7.6488E-01  2.2163E-02 -6.4028E-10 -2.2352E-08
 1.0000E-03 7.6656E-01  2.2095E-02  1.3097E-10 -8.0094E-08
 1.0000E-03 7.6823E-01  2.2029E-02  4.8021E-10  5.2154E-08
 1.0000E-03 7.6990E-01  2.1962E-02 -2.3865E-09  1.8068E-07
 1.0000E-03 7.7157E-01  2.1896E-02 -3.4343E-09  5.7742E-08
 1.0000E-03 7.7324E-01  2.1831E-02 -3.3469E-10  9.3132E-09
 1.0000E-03 7.7492E-01  2.1766E-02 -2.3283E-10 -1.1548E-07
 1.0000E-03 7.7659E-01  2.1701E-02  3.2014E-10 -1.0990E-07
 1.0000E-03 7.7826E-01  2.1639E-02 -4.3656E-10 -6.7055E-08
 1.0000E-03 7.7993E-01  2.1577E-02  1.8481E-09 -4.4703E-08
 1.0000E-03 7.8161E-01  2.1512E-02 -2.0373E-10  5.5879E-09
 1.0000E-03 7.8328E-01  2.1445E-02 -9.0222E-10  1.5087E-07
 1.0000E-03 7.8495E-01  2.1376E-02  1.4552E-11 -9.3132E-08
 1.0000E-03 7.8662E-01  2.1308E-02 -5.6752E-10 -2.6077E-08
 1.0000E-03 7.8829E-01  2.1240E-02 -3.6380E-10  1.8626E-08
 1.0000E-03 7.8997E-01  2.1174E-02  8.1491E-10  1.2666E-07
 1.0000E-03 7.9164E-01  2.1107E-02 -9.3132E-10  1.6764E-08
 1.0000E-03 7.9331E-01  2.1041E-02  1.8917E-10 -6.1467E-08
 1.0000E-03 7.9498E-01  2.0975E-02 -3.0559E-10 -7.4506E-09
 1.0000E-03 7.9666E-01  2.0910E-02  1.1642E-10  2.7940E-08
 1.0000E-03 7.9833E-01  2.0846E-02 -5.3842E-10  4.4703E-08
 1.0000E-03 8.0000E-01  2.0782E-02  2.0373E-10  4.6566E-08
