 DDSCAT --- DDSCAT 7.3.3 [22.01.20]   
 TARGET --->TARGSPHER  spherical target with explicit spacing                 
 GPFAFT --- method of solution 
 FLTRCD --- prescription for polarizabilities
 FROM_FILE --- shape 
    4169 = NAT0 = number of dipoles
 ../../diel/Pena-Rioux_dielectric_26Au_74Ag                  
 ../../diel/Pena-Rioux_dielectric_65Au_35Ag                  
 ../../diel/Pena-Rioux_dielectric_85Au_15Ag                  
   0.000   0.000 = beta_min, beta_max ;  NBETA = 1
   0.000   0.000 = theta_min, theta_max; NTHETA= 1
   0.000   0.000 = phi_min, phi_max   ;   NPHI = 1
 Results averaged over    1 target orientations
                   and  2 incident polarizations
   aeff       wave       Q_pha       Q_pol       Q_cpol
 4.0000E-02 3.0000E-01 -1.4432E-02  1.9073E-06  8.1956E-08
 4.0000E-02 3.0101E-01 -1.3136E-02  3.8147E-06 -2.7940E-08
 4.0000E-02 3.0203E-01 -1.1991E-02  5.0068E-06 -1.2107E-08
 4.0000E-02 3.0305E-01 -1.1002E-02  2.1458E-06 -2.2352E-08
 4.0000E-02 3.0408E-01 -1.0174E-02  1.9073E-06 -1.3970E-08
 4.0000E-02 3.0512E-01 -9.5145E-03  4.7684E-07  4.9360E-08
 4.0000E-02 3.0616E-01 -9.0052E-03 -9.5367E-07 -8.3819E-09
 4.0000E-02 3.0722E-01 -8.6863E-03 -2.6226E-06  1.3039E-08
 4.0000E-02 3.0828E-01 -8.5185E-03  1.6689E-06  4.5635E-08
 4.0000E-02 3.0934E-01 -8.3956E-03 -2.3842E-06 -6.5193E-08
 4.0000E-02 3.1042E-01 -8.4056E-03 -3.8147E-06 -2.7940E-09
 4.0000E-02 3.1150E-01 -8.5374E-03 -1.9073E-06  3.9116E-08
 4.0000E-02 3.1259E-01 -8.8251E-03 -1.9073E-06 -4.0978E-08
 4.0000E-02 3.1368E-01 -9.2571E-03  9.0599E-06  1.3970E-08
 4.0000E-02 3.1479E-01 -9.8369E-03 -2.6226E-06 -4.6566E-08
 4.0000E-02 3.1590E-01 -1.0569E-02 -2.3842E-06  8.3819E-09
 4.0000E-02 3.1702E-01 -1.1457E-02 -7.8678E-06  4.3772E-08
 4.0000E-02 3.1815E-01 -1.2131E-02  3.0994E-06  8.1956E-08
 4.0000E-02 3.1929E-01 -1.2986E-02  3.8147E-06  3.7253E-09
 4.0000E-02 3.2043E-01 -1.4101E-02 -3.0994E-06  3.3528E-08
 4.0000E-02 3.2158E-01 -1.5485E-02 -9.5367E-07  1.3039E-08
 4.0000E-02 3.2274E-01 -1.7146E-02 -1.4305E-06 -2.7940E-08
 4.0000E-02 3.2391E-01 -1.9094E-02  1.6689E-06  4.2841E-08
 4.0000E-02 3.2509E-01 -2.1335E-02 -3.3379E-06 -7.4506E-09
 4.0000E-02 3.2628E-01 -2.3882E-02  4.0531E-06 -3.9116E-08
 4.0000E-02 3.2747E-01 -2.7269E-02  6.1989E-06 -7.0781E-08
 4.0000E-02 3.2868E-01 -3.1129E-02  2.8610E-06  9.8720E-08
 4.0000E-02 3.2989E-01 -3.5452E-02 -4.7684E-07  4.8429E-08
 4.0000E-02 3.3111E-01 -4.0252E-02  4.7684E-07 -8.5682E-08
 4.0000E-02 3.3234E-01 -4.5545E-02  1.1921E-06  2.9802E-08
 4.0000E-02 3.3358E-01 -5.1345E-02  5.2452E-06 -3.7253E-08
 4.0000E-02 3.3483E-01 -5.7661E-02 -7.1526E-07 -4.8429E-08
 4.0000E-02 3.3609E-01 -6.4714E-02  2.3842E-06 -3.7253E-08
 4.0000E-02 3.3736E-01 -7.2428E-02  0.0000E+00 -1.1921E-07
 4.0000E-02 3.3864E-01 -8.0571E-02 -3.3379E-06 -2.2352E-08
 4.0000E-02 3.3992E-01 -8.9154E-02 -3.3379E-06  7.4506E-08
 4.0000E-02 3.4122E-01 -9.8189E-02  4.2915E-06 -1.1176E-07
 4.0000E-02 3.4253E-01 -1.0769E-01  6.1989E-06  1.0431E-07
 4.0000E-02 3.4385E-01 -1.1767E-01 -4.7684E-06  2.2352E-07
 4.0000E-02 3.4517E-01 -1.2807E-01  4.7684E-07  8.9407E-08
 4.0000E-02 3.4651E-01 -1.3867E-01  1.4305E-06  3.1292E-07
 4.0000E-02 3.4786E-01 -1.4951E-01  9.0599E-06  5.9605E-08
 4.0000E-02 3.4922E-01 -1.6061E-01 -4.5300E-06 -2.2352E-07
 4.0000E-02 3.5059E-01 -1.7196E-01  4.2915E-06  1.4901E-08
 4.0000E-02 3.5197E-01 -1.8360E-01  3.0994E-06  1.3411E-07
 4.0000E-02 3.5336E-01 -1.9552E-01 -7.1526E-07 -8.9407E-08
 4.0000E-02 3.5476E-01 -2.0754E-01 -1.4305E-06 -4.0233E-07
 4.0000E-02 3.5618E-01 -2.1961E-01 -4.0531E-06  0.0000E+00
 4.0000E-02 3.5760E-01 -2.3178E-01 -2.6226E-06  1.0431E-07
 4.0000E-02 3.5904E-01 -2.4404E-01  7.1526E-07 -3.1292E-07
 4.0000E-02 3.6048E-01 -2.5639E-01 -2.6226E-06  5.9605E-08
 4.0000E-02 3.6194E-01 -2.6884E-01 -1.0490E-05 -5.3644E-07
 4.0000E-02 3.6341E-01 -2.8133E-01  2.3842E-07 -5.9605E-08
 4.0000E-02 3.6490E-01 -2.9371E-01  1.1921E-06 -2.0862E-07
 4.0000E-02 3.6639E-01 -3.0607E-01  3.8147E-06  8.3447E-07
 4.0000E-02 3.6790E-01 -3.1841E-01 -3.0994E-06  9.8348E-07
 4.0000E-02 3.6942E-01 -3.3074E-01 -3.3379E-06 -2.9802E-07
 4.0000E-02 3.7095E-01 -3.4303E-01  3.3379E-06  3.2783E-07
 4.0000E-02 3.7250E-01 -3.5524E-01  1.4782E-05  6.5565E-07
 4.0000E-02 3.7406E-01 -3.6731E-01  3.3379E-06  8.9407E-08
 4.0000E-02 3.7563E-01 -3.7932E-01 -2.3842E-07  4.7684E-07
 4.0000E-02 3.7722E-01 -3.9123E-01  4.7684E-06 -1.1921E-07
 4.0000E-02 3.7881E-01 -4.0305E-01 -5.4836E-06 -2.6822E-07
 4.0000E-02 3.8043E-01 -4.1476E-01  1.9073E-06 -5.9605E-08
 4.0000E-02 3.8205E-01 -4.2632E-01 -9.2983E-06  0.0000E+00
 4.0000E-02 3.8369E-01 -4.3776E-01  4.0531E-06  7.1526E-07
 4.0000E-02 3.8534E-01 -4.4910E-01  1.2159E-05 -1.6391E-06
 4.0000E-02 3.8701E-01 -4.6031E-01  1.6689E-05  3.9935E-06
 4.0000E-02 3.8870E-01 -4.7140E-01  1.4305E-06  7.4804E-06
 4.0000E-02 3.9039E-01 -4.8230E-01 -3.5524E-05 -1.1265E-05
 4.0000E-02 3.9211E-01 -4.9305E-01  2.9564E-05 -8.3745E-06
 4.0000E-02 3.9383E-01 -5.0371E-01  1.0490E-05 -8.4043E-06
 4.0000E-02 3.9558E-01 -5.1421E-01  1.8597E-05 -1.0133E-06
 4.0000E-02 3.9733E-01 -5.2457E-01  2.6464E-05 -2.6822E-06
 4.0000E-02 3.9911E-01 -5.3470E-01 -3.2902E-05 -3.1590E-06
 4.0000E-02 4.0090E-01 -5.4461E-01  3.4809E-05 -6.1989E-06
 4.0000E-02 4.0270E-01 -5.5434E-01  1.6928E-05  2.3842E-07
 4.0000E-02 4.0452E-01 -5.6385E-01 -1.1921E-06 -6.5565E-07
 4.0000E-02 4.0636E-01 -5.7303E-01 -5.9605E-06 -1.8477E-06
 4.0000E-02 4.0822E-01 -5.8182E-01  2.3842E-06  2.0862E-06
 4.0000E-02 4.1009E-01 -5.9016E-01 -1.1921E-06 -2.9206E-06
 4.0000E-02 4.1198E-01 -5.9802E-01  7.8678E-06  2.4438E-06
 4.0000E-02 4.1389E-01 -6.0525E-01 -1.1921E-06  1.1742E-05
 4.0000E-02 4.1581E-01 -6.1170E-01 -1.3351E-05 -7.1526E-06
 4.0000E-02 4.1776E-01 -6.1713E-01 -1.1921E-06 -3.6359E-06
 4.0000E-02 4.1972E-01 -6.2153E-01  4.7684E-06  1.5259E-05
 4.0000E-02 4.2170E-01 -6.2469E-01 -2.3842E-06 -2.3246E-06
 4.0000E-02 4.2370E-01 -6.2647E-01 -1.0967E-05 -1.3053E-05
 4.0000E-02 4.2571E-01 -6.2677E-01  8.8215E-06  7.7486E-06
 4.0000E-02 4.2775E-01 -6.2560E-01  2.3365E-05 -9.7156E-06
 4.0000E-02 4.2981E-01 -6.2305E-01 -1.5497E-05  7.1526E-06
 4.0000E-02 4.3188E-01 -6.1909E-01 -9.7752E-06 -4.3511E-06
 4.0000E-02 4.3398E-01 -6.1374E-01 -6.6757E-06 -7.0333E-06
 4.0000E-02 4.3610E-01 -6.0704E-01 -1.3351E-05  2.3842E-06
 4.0000E-02 4.3824E-01 -5.9910E-01 -4.7684E-07 -1.2517E-06
 4.0000E-02 4.4039E-01 -5.8972E-01 -5.2452E-06 -5.9605E-07
 4.0000E-02 4.4257E-01 -5.7884E-01 -2.3842E-06 -1.7881E-07
 4.0000E-02 4.4478E-01 -5.6645E-01  0.0000E+00  2.5034E-06
 4.0000E-02 4.4700E-01 -5.5251E-01 -1.6689E-05 -5.9605E-07
 4.0000E-02 4.4925E-01 -5.3683E-01  1.3828E-05  1.2517E-06
 4.0000E-02 4.5152E-01 -5.1936E-01  7.6294E-06  3.2187E-06
 4.0000E-02 4.5381E-01 -5.0009E-01 -3.8147E-06 -1.1921E-07
 4.0000E-02 4.5612E-01 -4.7884E-01  3.8147E-06  1.7881E-07
 4.0000E-02 4.5846E-01 -4.5534E-01  3.1948E-05 -2.1458E-06
 4.0000E-02 4.6082E-01 -4.2946E-01  7.1526E-06  4.2021E-06
 4.0000E-02 4.6321E-01 -4.0099E-01 -3.3379E-06  5.9605E-08
 4.0000E-02 4.6563E-01 -3.6940E-01 -4.2915E-06 -6.8545E-07
 4.0000E-02 4.6806E-01 -3.3425E-01 -1.9550E-05  6.8545E-07
 4.0000E-02 4.7053E-01 -2.9511E-01 -4.7684E-06 -1.2219E-06
 4.0000E-02 4.7302E-01 -2.5138E-01 -1.2398E-05 -3.5763E-07
 4.0000E-02 4.7553E-01 -2.0214E-01  9.5367E-06  2.2799E-06
 4.0000E-02 4.7807E-01 -1.4673E-01 -1.7166E-05  2.3544E-06
 4.0000E-02 4.8065E-01 -8.4230E-02  1.4305E-06  1.0282E-06
 4.0000E-02 4.8324E-01 -1.3495E-02  9.5367E-06 -3.7998E-07
 4.0000E-02 4.8587E-01  6.6438E-02  1.4782E-05  5.6326E-06
 4.0000E-02 4.8852E-01  1.5660E-01 -3.3379E-06  1.5497E-06
 4.0000E-02 4.9121E-01  2.5811E-01 -1.2398E-05  7.7486E-07
 4.0000E-02 4.9392E-01  3.7173E-01  3.8147E-06  1.7971E-05
 4.0000E-02 4.9667E-01  4.9776E-01 -4.5300E-05 -7.4506E-07
 4.0000E-02 4.9944E-01  6.3634E-01 -1.2875E-05 -5.9605E-06
 4.0000E-02 5.0225E-01  7.8665E-01 -2.5272E-05 -1.0133E-05
 4.0000E-02 5.0508E-01  9.4660E-01 -5.7220E-06  1.6093E-06
 4.0000E-02 5.0795E-01  1.1137E+00  6.1989E-06 -1.6689E-06
 4.0000E-02 5.1086E-01  1.2842E+00 -7.6294E-06 -7.0333E-06
 4.0000E-02 5.1379E-01  1.4534E+00  9.5367E-07 -8.7023E-06
 4.0000E-02 5.1676E-01  1.6171E+00 -3.2902E-05 -1.1444E-05
 4.0000E-02 5.1977E-01  1.7708E+00 -3.1471E-05 -2.8610E-05
 4.0000E-02 5.2281E-01  1.9107E+00 -3.8624E-05  2.3842E-07
 4.0000E-02 5.2588E-01  2.0341E+00 -1.8120E-05 -5.9605E-06
 4.0000E-02 5.2899E-01  2.1390E+00 -1.0490E-05  6.9141E-06
 4.0000E-02 5.3214E-01  2.2245E+00  4.2915E-06 -2.0742E-05
 4.0000E-02 5.3533E-01  2.2906E+00  4.7207E-05 -1.0967E-05
 4.0000E-02 5.3855E-01  2.3378E+00  4.7684E-07  3.0518E-05
 4.0000E-02 5.4182E-01  2.3679E+00 -5.0545E-05  1.4305E-06
 4.0000E-02 5.4512E-01  2.3832E+00 -5.7220E-06  2.1219E-05
 4.0000E-02 5.4847E-01  2.3863E+00 -6.1989E-06 -4.0531E-06
 4.0000E-02 5.5185E-01  2.3801E+00  1.5974E-05 -6.4373E-06
 4.0000E-02 5.5528E-01  2.3671E+00 -2.5749E-05  3.6955E-05
 4.0000E-02 5.5875E-01  2.3491E+00 -1.1921E-05 -3.2902E-05
 4.0000E-02 5.6226E-01  2.3273E+00  9.3699E-05  3.5286E-05
 4.0000E-02 5.6582E-01  2.3024E+00  9.0599E-06  2.0027E-05
 4.0000E-02 5.6943E-01  2.2746E+00  4.4346E-05 -2.2411E-05
 4.0000E-02 5.7308E-01  2.2439E+00  3.5286E-05  3.9339E-05
 4.0000E-02 5.7677E-01  2.2105E+00  6.8903E-05 -2.1696E-05
 4.0000E-02 5.8052E-01  2.1748E+00 -9.0599E-06 -2.1458E-06
 4.0000E-02 5.8431E-01  2.1376E+00  8.8215E-06  4.0531E-06
 4.0000E-02 5.8816E-01  2.0998E+00  9.7275E-05 -2.0504E-05
 4.0000E-02 5.9205E-01  2.0623E+00 -1.1778E-04  2.7180E-05
 4.0000E-02 5.9600E-01  2.0252E+00  3.3379E-05  1.5020E-05
 4.0000E-02 6.0000E-01  1.9893E+00  3.5763E-05  7.7486E-06
