 DDSCAT --- DDSCAT 7.3.3 [22.01.20]   
 TARGET --->TARGSPHER  spherical target with explicit spacing                 
 GPFAFT --- method of solution 
 FLTRCD --- prescription for polarizabilities
 FROM_FILE --- shape 
    4169 = NAT0 = number of dipoles
 ../../diel/Pena-Rioux_dielectric_26Au_74Ag                  
 ../../diel/Pena-Rioux_dielectric_65Au_35Ag                  
 ../../diel/Pena-Rioux_dielectric_85Au_15Ag                  
   0.000   0.000 = beta_min, beta_max ;  NBETA = 1
   0.000   0.000 = theta_min, theta_max; NTHETA= 1
   0.000   0.000 = phi_min, phi_max   ;   NPHI = 1
 0.5000 = ETASCA (param. controlling # of scatt. dirs used to calculate <cos> etc.
 Results averaged over    1 target orientations
                   and  2 incident polarizations
   aeff       wave       Q_ext     Q_abs      Q_sca     g(1)=<cos>  <cos^2>    Q_bk       Nsca
 4.0000E-02 3.0000E-01 2.5765E+00 1.7826E+00 7.9387E-01  2.4724E-01 4.1404E-01 4.1728E-02   408
 4.0000E-02 3.0101E-01 2.5693E+00 1.7822E+00 7.8709E-01  2.4550E-01 4.1386E-01 4.1726E-02   408
 4.0000E-02 3.0203E-01 2.5620E+00 1.7817E+00 7.8026E-01  2.4378E-01 4.1369E-01 4.1712E-02   408
 4.0000E-02 3.0305E-01 2.5546E+00 1.7812E+00 7.7339E-01  2.4206E-01 4.1351E-01 4.1689E-02   408
 4.0000E-02 3.0408E-01 2.5471E+00 1.7806E+00 7.6649E-01  2.4036E-01 4.1334E-01 4.1656E-02   408
 4.0000E-02 3.0512E-01 2.5395E+00 1.7800E+00 7.5955E-01  2.3866E-01 4.1317E-01 4.1613E-02   408
 4.0000E-02 3.0616E-01 2.5319E+00 1.7793E+00 7.5261E-01  2.3697E-01 4.1300E-01 4.1562E-02   408
 4.0000E-02 3.0722E-01 2.5242E+00 1.7786E+00 7.4561E-01  2.3530E-01 4.1284E-01 4.1500E-02   408
 4.0000E-02 3.0828E-01 2.5165E+00 1.7778E+00 7.3869E-01  2.3362E-01 4.1268E-01 4.1436E-02   408
 4.0000E-02 3.0934E-01 2.5093E+00 1.7773E+00 7.3209E-01  2.3193E-01 4.1252E-01 4.1386E-02   408
 4.0000E-02 3.1042E-01 2.5021E+00 1.7766E+00 7.2545E-01  2.3024E-01 4.1235E-01 4.1328E-02   408
 4.0000E-02 3.1150E-01 2.4947E+00 1.7759E+00 7.1881E-01  2.2857E-01 4.1220E-01 4.1260E-02   408
 4.0000E-02 3.1259E-01 2.4873E+00 1.7752E+00 7.1210E-01  2.2689E-01 4.1204E-01 4.1184E-02   408
 4.0000E-02 3.1368E-01 2.4797E+00 1.7743E+00 7.0536E-01  2.2522E-01 4.1189E-01 4.1099E-02   408
 4.0000E-02 3.1479E-01 2.4720E+00 1.7735E+00 6.9859E-01  2.2366E-01 4.1188E-01 4.1006E-02   362
 4.0000E-02 3.1590E-01 2.4643E+00 1.7725E+00 6.9179E-01  2.2200E-01 4.1173E-01 4.0905E-02   362
 4.0000E-02 3.1702E-01 2.4564E+00 1.7715E+00 6.8496E-01  2.2035E-01 4.1159E-01 4.0795E-02   363
 4.0000E-02 3.1815E-01 2.4480E+00 1.7702E+00 6.7782E-01  2.1872E-01 4.1144E-01 4.0658E-02   363
 4.0000E-02 3.1929E-01 2.4393E+00 1.7687E+00 6.7055E-01  2.1710E-01 4.1130E-01 4.0505E-02   363
 4.0000E-02 3.2043E-01 2.4304E+00 1.7672E+00 6.6320E-01  2.1548E-01 4.1116E-01 4.0340E-02   363
 4.0000E-02 3.2158E-01 2.4212E+00 1.7655E+00 6.5578E-01  2.1388E-01 4.1103E-01 4.0163E-02   363
 4.0000E-02 3.2274E-01 2.4119E+00 1.7636E+00 6.4829E-01  2.1228E-01 4.1089E-01 3.9973E-02   363
 4.0000E-02 3.2391E-01 2.4024E+00 1.7617E+00 6.4074E-01  2.1069E-01 4.1076E-01 3.9771E-02   363
 4.0000E-02 3.2509E-01 2.3926E+00 1.7595E+00 6.3311E-01  2.0911E-01 4.1063E-01 3.9558E-02   363
 4.0000E-02 3.2628E-01 2.3827E+00 1.7573E+00 6.2542E-01  2.0753E-01 4.1050E-01 3.9334E-02   363
 4.0000E-02 3.2747E-01 2.3716E+00 1.7545E+00 6.1718E-01  2.0600E-01 4.1038E-01 3.9061E-02   363
 4.0000E-02 3.2868E-01 2.3607E+00 1.7516E+00 6.0906E-01  2.0446E-01 4.1026E-01 3.8791E-02   363
 4.0000E-02 3.2989E-01 2.3498E+00 1.7487E+00 6.0112E-01  2.0290E-01 4.1014E-01 3.8525E-02   363
 4.0000E-02 3.3111E-01 2.3391E+00 1.7458E+00 5.9334E-01  2.0134E-01 4.1002E-01 3.8264E-02   363
 4.0000E-02 3.3234E-01 2.3286E+00 1.7428E+00 5.8577E-01  1.9976E-01 4.0990E-01 3.8011E-02   363
 4.0000E-02 3.3358E-01 2.3182E+00 1.7398E+00 5.7841E-01  1.9816E-01 4.0977E-01 3.7766E-02   363
 4.0000E-02 3.3483E-01 2.3081E+00 1.7368E+00 5.7125E-01  1.9654E-01 4.0965E-01 3.7531E-02   363
 4.0000E-02 3.3609E-01 2.2986E+00 1.7340E+00 5.6458E-01  1.9487E-01 4.0953E-01 3.7328E-02   363
 4.0000E-02 3.3736E-01 2.2902E+00 1.7316E+00 5.5864E-01  1.9314E-01 4.0940E-01 3.7174E-02   363
 4.0000E-02 3.3864E-01 2.2826E+00 1.7294E+00 5.5322E-01  1.9137E-01 4.0926E-01 3.7052E-02   363
 4.0000E-02 3.3992E-01 2.2757E+00 1.7274E+00 5.4831E-01  1.8956E-01 4.0913E-01 3.6964E-02   363
 4.0000E-02 3.4122E-01 2.2697E+00 1.7257E+00 5.4394E-01  1.8772E-01 4.0899E-01 3.6912E-02   363
 4.0000E-02 3.4253E-01 2.2644E+00 1.7243E+00 5.4011E-01  1.8583E-01 4.0885E-01 3.6897E-02   363
 4.0000E-02 3.4385E-01 2.2600E+00 1.7232E+00 5.3685E-01  1.8391E-01 4.0871E-01 3.6921E-02   363
 4.0000E-02 3.4517E-01 2.2568E+00 1.7225E+00 5.3430E-01  1.8193E-01 4.0857E-01 3.6997E-02   363
 4.0000E-02 3.4651E-01 2.2549E+00 1.7224E+00 5.3254E-01  1.7991E-01 4.0842E-01 3.7129E-02   363
 4.0000E-02 3.4786E-01 2.2541E+00 1.7227E+00 5.3140E-01  1.7787E-01 4.0827E-01 3.7306E-02   363
 4.0000E-02 3.4922E-01 2.2543E+00 1.7234E+00 5.3090E-01  1.7579E-01 4.0812E-01 3.7530E-02   363
 4.0000E-02 3.5059E-01 2.2556E+00 1.7246E+00 5.3104E-01  1.7368E-01 4.0796E-01 3.7802E-02   363
 4.0000E-02 3.5197E-01 2.2582E+00 1.7263E+00 5.3189E-01  1.7155E-01 4.0781E-01 3.8127E-02   363
 4.0000E-02 3.5336E-01 2.2619E+00 1.7285E+00 5.3342E-01  1.6939E-01 4.0765E-01 3.8505E-02   363
 4.0000E-02 3.5476E-01 2.2670E+00 1.7313E+00 5.3571E-01  1.6722E-01 4.0750E-01 3.8942E-02   363
 4.0000E-02 3.5618E-01 2.2733E+00 1.7346E+00 5.3864E-01  1.6504E-01 4.0734E-01 3.9428E-02   363
 4.0000E-02 3.5760E-01 2.2807E+00 1.7385E+00 5.4220E-01  1.6285E-01 4.0718E-01 3.9965E-02   363
 4.0000E-02 3.5904E-01 2.2893E+00 1.7429E+00 5.4642E-01  1.6065E-01 4.0703E-01 4.0556E-02   363
 4.0000E-02 3.6048E-01 2.2992E+00 1.7479E+00 5.5131E-01  1.5845E-01 4.0687E-01 4.1202E-02   363
 4.0000E-02 3.6194E-01 2.3103E+00 1.7534E+00 5.5691E-01  1.5623E-01 4.0671E-01 4.1908E-02   363
 4.0000E-02 3.6341E-01 2.3229E+00 1.7596E+00 5.6323E-01  1.5402E-01 4.0656E-01 4.2675E-02   363
 4.0000E-02 3.6490E-01 2.3365E+00 1.7664E+00 5.7013E-01  1.5180E-01 4.0640E-01 4.3494E-02   363
 4.0000E-02 3.6639E-01 2.3513E+00 1.7737E+00 5.7765E-01  1.4959E-01 4.0625E-01 4.4367E-02   363
 4.0000E-02 3.6790E-01 2.3673E+00 1.7815E+00 5.8578E-01  1.4737E-01 4.0610E-01 4.5297E-02   363
 4.0000E-02 3.6942E-01 2.3845E+00 1.7899E+00 5.9458E-01  1.4516E-01 4.0595E-01 4.6289E-02   363
 4.0000E-02 3.7095E-01 2.4030E+00 1.7990E+00 6.0407E-01  1.4294E-01 4.0580E-01 4.7344E-02   363
 4.0000E-02 3.7250E-01 2.4229E+00 1.8087E+00 6.1424E-01  1.4072E-01 4.0565E-01 4.8466E-02   363
 4.0000E-02 3.7406E-01 2.4438E+00 1.8189E+00 6.2497E-01  1.3851E-01 4.0551E-01 4.9643E-02   363
 4.0000E-02 3.7563E-01 2.4659E+00 1.8296E+00 6.3635E-01  1.3628E-01 4.0536E-01 5.0886E-02   363
 4.0000E-02 3.7722E-01 2.4892E+00 1.8408E+00 6.4833E-01  1.3407E-01 4.0522E-01 5.2191E-02   363
 4.0000E-02 3.7881E-01 2.5137E+00 1.8527E+00 6.6100E-01  1.3185E-01 4.0507E-01 5.3567E-02   363
 4.0000E-02 3.8043E-01 2.5396E+00 1.8652E+00 6.7438E-01  1.2962E-01 4.0493E-01 5.5017E-02   363
 4.0000E-02 3.8205E-01 2.5667E+00 1.8783E+00 6.8844E-01  1.2739E-01 4.0479E-01 5.6542E-02   363
 4.0000E-02 3.8369E-01 2.5950E+00 1.8918E+00 7.0313E-01  1.2516E-01 4.0466E-01 5.8136E-02   363
 4.0000E-02 3.8534E-01 2.6245E+00 1.9060E+00 7.1854E-01  1.2292E-01 4.0452E-01 5.9807E-02   363
 4.0000E-02 3.8701E-01 2.6553E+00 1.9207E+00 7.3465E-01  1.2068E-01 4.0439E-01 6.1561E-02   363
 4.0000E-02 3.8870E-01 2.6876E+00 1.9360E+00 7.5159E-01  1.1842E-01 4.0426E-01 6.3406E-02   363
 4.0000E-02 3.9039E-01 2.7213E+00 1.9520E+00 7.6935E-01  1.1623E-01 4.0430E-01 6.5345E-02   323
 4.0000E-02 3.9211E-01 2.7563E+00 1.9685E+00 7.8784E-01  1.1395E-01 4.0417E-01 6.7375E-02   323
 4.0000E-02 3.9383E-01 2.7927E+00 1.9855E+00 8.0721E-01  1.1166E-01 4.0404E-01 6.9507E-02   323
 4.0000E-02 3.9558E-01 2.8307E+00 2.0032E+00 8.2751E-01  1.0936E-01 4.0392E-01 7.1746E-02   323
 4.0000E-02 3.9733E-01 2.8704E+00 2.0216E+00 8.4882E-01  1.0705E-01 4.0380E-01 7.4104E-02   323
 4.0000E-02 3.9911E-01 2.9118E+00 2.0407E+00 8.7117E-01  1.0472E-01 4.0367E-01 7.6586E-02   323
 4.0000E-02 4.0090E-01 2.9550E+00 2.0604E+00 8.9456E-01  1.0238E-01 4.0356E-01 7.9192E-02   323
 4.0000E-02 4.0270E-01 3.0000E+00 2.0809E+00 9.1912E-01  1.0004E-01 4.0344E-01 8.1937E-02   323
 4.0000E-02 4.0452E-01 3.0471E+00 2.1021E+00 9.4493E-01  9.7678E-02 4.0333E-01 8.4831E-02   323
 4.0000E-02 4.0636E-01 3.0963E+00 2.1242E+00 9.7204E-01  9.5313E-02 4.0322E-01 8.7880E-02   323
 4.0000E-02 4.0822E-01 3.1478E+00 2.1472E+00 1.0006E+00  9.2938E-02 4.0311E-01 9.1100E-02   323
 4.0000E-02 4.1009E-01 3.2016E+00 2.1711E+00 1.0305E+00  9.0556E-02 4.0300E-01 9.4492E-02   323
 4.0000E-02 4.1198E-01 3.2580E+00 2.1959E+00 1.0621E+00  8.8169E-02 4.0290E-01 9.8072E-02   323
 4.0000E-02 4.1389E-01 3.3171E+00 2.2218E+00 1.0953E+00  8.5775E-02 4.0280E-01 1.0185E-01   323
 4.0000E-02 4.1581E-01 3.3789E+00 2.2488E+00 1.1301E+00  8.3379E-02 4.0270E-01 1.0583E-01   323
 4.0000E-02 4.1776E-01 3.4434E+00 2.2769E+00 1.1665E+00  8.0982E-02 4.0260E-01 1.1002E-01   323
 4.0000E-02 4.1972E-01 3.5105E+00 2.3060E+00 1.2045E+00  7.8587E-02 4.0251E-01 1.1440E-01   323
 4.0000E-02 4.2170E-01 3.5802E+00 2.3362E+00 1.2440E+00  7.6199E-02 4.0242E-01 1.1898E-01   323
 4.0000E-02 4.2370E-01 3.6522E+00 2.3674E+00 1.2849E+00  7.3823E-02 4.0233E-01 1.2375E-01   323
 4.0000E-02 4.2571E-01 3.7263E+00 2.3994E+00 1.3269E+00  7.1463E-02 4.0225E-01 1.2867E-01   323
 4.0000E-02 4.2775E-01 3.8020E+00 2.4321E+00 1.3698E+00  6.9123E-02 4.0217E-01 1.3375E-01   323
 4.0000E-02 4.2981E-01 3.8793E+00 2.4655E+00 1.4138E+00  6.6806E-02 4.0209E-01 1.3898E-01   323
 4.0000E-02 4.3188E-01 3.9582E+00 2.4994E+00 1.4588E+00  6.4515E-02 4.0202E-01 1.4436E-01   323
 4.0000E-02 4.3398E-01 4.0386E+00 2.5339E+00 1.5047E+00  6.2255E-02 4.0195E-01 1.4989E-01   323
 4.0000E-02 4.3610E-01 4.1204E+00 2.5688E+00 1.5516E+00  6.0029E-02 4.0189E-01 1.5557E-01   323
 4.0000E-02 4.3824E-01 4.2040E+00 2.6042E+00 1.5998E+00  5.7847E-02 4.0183E-01 1.6141E-01   323
 4.0000E-02 4.4039E-01 4.2894E+00 2.6402E+00 1.6491E+00  5.5712E-02 4.0178E-01 1.6743E-01   323
 4.0000E-02 4.4257E-01 4.3766E+00 2.6768E+00 1.6998E+00  5.3630E-02 4.0173E-01 1.7361E-01   323
 4.0000E-02 4.4478E-01 4.4656E+00 2.7140E+00 1.7517E+00  5.1607E-02 4.0169E-01 1.7995E-01   323
 4.0000E-02 4.4700E-01 4.5568E+00 2.7518E+00 1.8050E+00  4.9650E-02 4.0164E-01 1.8647E-01   323
 4.0000E-02 4.4925E-01 4.6502E+00 2.7902E+00 1.8600E+00  4.7756E-02 4.0160E-01 1.9318E-01   323
 4.0000E-02 4.5152E-01 4.7458E+00 2.8293E+00 1.9165E+00  4.5926E-02 4.0157E-01 2.0008E-01   323
 4.0000E-02 4.5381E-01 4.8436E+00 2.8688E+00 1.9749E+00  4.4159E-02 4.0154E-01 2.0719E-01   323
 4.0000E-02 4.5612E-01 4.9443E+00 2.9089E+00 2.0354E+00  4.2449E-02 4.0150E-01 2.1456E-01   323
 4.0000E-02 4.5846E-01 5.0478E+00 2.9494E+00 2.0984E+00  4.0791E-02 4.0148E-01 2.2221E-01   323
 4.0000E-02 4.6082E-01 5.1544E+00 2.9903E+00 2.1641E+00  3.9177E-02 4.0145E-01 2.3018E-01   323
 4.0000E-02 4.6321E-01 5.2646E+00 3.0315E+00 2.2330E+00  3.7603E-02 4.0142E-01 2.3854E-01   323
 4.0000E-02 4.6563E-01 5.3786E+00 3.0729E+00 2.3057E+00  3.6056E-02 4.0140E-01 2.4733E-01   323
 4.0000E-02 4.6806E-01 5.4964E+00 3.1142E+00 2.3822E+00  3.4529E-02 4.0137E-01 2.5660E-01   323
 4.0000E-02 4.7053E-01 5.6182E+00 3.1551E+00 2.4631E+00  3.3016E-02 4.0135E-01 2.6640E-01   323
 4.0000E-02 4.7302E-01 5.7442E+00 3.1954E+00 2.5488E+00  3.1507E-02 4.0133E-01 2.7680E-01   323
 4.0000E-02 4.7553E-01 5.8741E+00 3.2346E+00 2.6396E+00  2.9995E-02 4.0131E-01 2.8783E-01   323
 4.0000E-02 4.7807E-01 6.0073E+00 3.2720E+00 2.7353E+00  2.8479E-02 4.0129E-01 2.9950E-01   323
 4.0000E-02 4.8065E-01 6.1434E+00 3.3070E+00 2.8363E+00  2.6956E-02 4.0127E-01 3.1184E-01   323
 4.0000E-02 4.8324E-01 6.2812E+00 3.3388E+00 2.9424E+00  2.5428E-02 4.0125E-01 3.2483E-01   323
 4.0000E-02 4.8587E-01 6.4187E+00 3.3663E+00 3.0524E+00  2.3904E-02 4.0124E-01 3.3836E-01   323
 4.0000E-02 4.8852E-01 6.5538E+00 3.3883E+00 3.1655E+00  2.2392E-02 4.0123E-01 3.5233E-01   323
 4.0000E-02 4.9121E-01 6.6837E+00 3.4032E+00 3.2805E+00  2.0903E-02 4.0122E-01 3.6657E-01   323
 4.0000E-02 4.9392E-01 6.8038E+00 3.4095E+00 3.3943E+00  1.9449E-02 4.0121E-01 3.8074E-01   323
 4.0000E-02 4.9667E-01 6.9097E+00 3.4054E+00 3.5043E+00  1.8043E-02 4.0121E-01 3.9452E-01   323
 4.0000E-02 4.9944E-01 6.9959E+00 3.3889E+00 3.6070E+00  1.6687E-02 4.0120E-01 4.0749E-01   323
 4.0000E-02 5.0225E-01 7.0557E+00 3.3581E+00 3.6976E+00  1.5388E-02 4.0120E-01 4.1908E-01   323
 4.0000E-02 5.0508E-01 7.0831E+00 3.3116E+00 3.7716E+00  1.4145E-02 4.0120E-01 4.2876E-01   323
 4.0000E-02 5.0795E-01 7.0726E+00 3.2482E+00 3.8244E+00  1.2955E-02 4.0120E-01 4.3599E-01   324
 4.0000E-02 5.1086E-01 7.0195E+00 3.1680E+00 3.8515E+00  1.1811E-02 4.0120E-01 4.4024E-01   324
 4.0000E-02 5.1379E-01 6.9223E+00 3.0717E+00 3.8506E+00  1.0746E-02 4.0140E-01 4.4123E-01   285
 4.0000E-02 5.1676E-01 6.7813E+00 2.9612E+00 3.8201E+00  9.6789E-03 4.0139E-01 4.3877E-01   285
 4.0000E-02 5.1977E-01 6.5992E+00 2.8389E+00 3.7602E+00  8.6419E-03 4.0139E-01 4.3285E-01   285
 4.0000E-02 5.2281E-01 6.3818E+00 2.7082E+00 3.6736E+00  7.6295E-03 4.0139E-01 4.2378E-01   285
 4.0000E-02 5.2588E-01 6.1353E+00 2.5723E+00 3.5630E+00  6.6366E-03 4.0138E-01 4.1186E-01   285
 4.0000E-02 5.2899E-01 5.8669E+00 2.4347E+00 3.4322E+00  5.6568E-03 4.0138E-01 3.9754E-01   285
 4.0000E-02 5.3214E-01 5.5848E+00 2.2985E+00 3.2862E+00  4.6841E-03 4.0137E-01 3.8137E-01   285
 4.0000E-02 5.3533E-01 5.2962E+00 2.1670E+00 3.1292E+00  3.7128E-03 4.0136E-01 3.6384E-01   285
 4.0000E-02 5.3855E-01 5.0088E+00 2.0430E+00 2.9658E+00  2.7437E-03 4.0135E-01 3.4550E-01   285
 4.0000E-02 5.4182E-01 4.7290E+00 1.9280E+00 2.8009E+00  1.7751E-03 4.0134E-01 3.2692E-01   285
 4.0000E-02 5.4512E-01 4.4619E+00 1.8234E+00 2.6385E+00  8.0988E-04 4.0133E-01 3.0854E-01   285
 4.0000E-02 5.4847E-01 4.2110E+00 1.7292E+00 2.4819E+00 -1.5197E-04 4.0132E-01 2.9078E-01   285
 4.0000E-02 5.5185E-01 3.9776E+00 1.6443E+00 2.3333E+00 -1.1100E-03 4.0131E-01 2.7390E-01   285
 4.0000E-02 5.5528E-01 3.7618E+00 1.5678E+00 2.1940E+00 -2.0616E-03 4.0130E-01 2.5805E-01   285
 4.0000E-02 5.5875E-01 3.5617E+00 1.4978E+00 2.0639E+00 -3.0045E-03 4.0129E-01 2.4322E-01   285
 4.0000E-02 5.6226E-01 3.3758E+00 1.4334E+00 1.9424E+00 -3.9404E-03 4.0129E-01 2.2935E-01   285
 4.0000E-02 5.6582E-01 3.2023E+00 1.3736E+00 1.8286E+00 -4.8690E-03 4.0128E-01 2.1633E-01   285
 4.0000E-02 5.6943E-01 3.0401E+00 1.3185E+00 1.7215E+00 -5.7919E-03 4.0128E-01 2.0406E-01   285
 4.0000E-02 5.7308E-01 2.8887E+00 1.2683E+00 1.6204E+00 -6.7091E-03 4.0127E-01 1.9244E-01   285
 4.0000E-02 5.7677E-01 2.7486E+00 1.2237E+00 1.5249E+00 -7.6201E-03 4.0126E-01 1.8144E-01   285
 4.0000E-02 5.8052E-01 2.6206E+00 1.1855E+00 1.4351E+00 -8.5208E-03 4.0125E-01 1.7107E-01   285
 4.0000E-02 5.8431E-01 2.5054E+00 1.1539E+00 1.3515E+00 -9.4064E-03 4.0124E-01 1.6140E-01   285
 4.0000E-02 5.8816E-01 2.4029E+00 1.1286E+00 1.2743E+00 -1.0270E-02 4.0123E-01 1.5244E-01   285
 4.0000E-02 5.9205E-01 2.3122E+00 1.1089E+00 1.2033E+00 -1.1106E-02 4.0122E-01 1.4421E-01   285
 4.0000E-02 5.9600E-01 2.2332E+00 1.0950E+00 1.1383E+00 -1.1909E-02 4.0121E-01 1.3664E-01   285
 4.0000E-02 6.0000E-01 2.1671E+00 1.0877E+00 1.0795E+00 -1.2666E-02 4.0120E-01 1.2980E-01   285
