 DDSCAT --- DDSCAT 7.3.3 [22.01.20]   
 TARGET --->TARGSPHER  spherical target with explicit spacing                 
 GPFAFT --- method of solution 
 FLTRCD --- prescription for polarizabilities
 FROM_FILE --- shape 
    4169 = NAT0 = number of dipoles
 ../../diel/Pena-Rioux_dielectric_26Au_74Ag                  
 ../../diel/Pena-Rioux_dielectric_34Au_66Ag                  
 ../../diel/Pena-Rioux_dielectric_85Au_15Ag                  
 ../../diel/Au_evap                                          
   0.000   0.000 = beta_min, beta_max ;  NBETA = 1
   0.000   0.000 = theta_min, theta_max; NTHETA= 1
   0.000   0.000 = phi_min, phi_max   ;   NPHI = 1
 0.5000 = ETASCA (param. controlling # of scatt. dirs used to calculate <cos> etc.
 Results averaged over    1 target orientations
                   and  2 incident polarizations
   aeff       wave       Q_ext     Q_abs      Q_sca     g(1)=<cos>  <cos^2>    Q_bk       Nsca
 1.0000E-03 3.0000E-01 8.3386E-02 8.3385E-02 1.0815E-06  2.6015E-04 4.0217E-01 1.2891E-07   214
 1.0000E-03 3.0101E-01 8.2894E-02 8.2893E-02 1.0593E-06  2.5950E-04 4.0217E-01 1.2625E-07   214
 1.0000E-03 3.0203E-01 8.2430E-02 8.2429E-02 1.0378E-06  2.5902E-04 4.0217E-01 1.2369E-07   214
 1.0000E-03 3.0305E-01 8.1981E-02 8.1980E-02 1.0168E-06  2.5863E-04 4.0217E-01 1.2119E-07   214
 1.0000E-03 3.0408E-01 8.1548E-02 8.1547E-02 9.9636E-07  2.5815E-04 4.0217E-01 1.1876E-07   214
 1.0000E-03 3.0512E-01 8.1130E-02 8.1128E-02 9.7643E-07  2.5764E-04 4.0217E-01 1.1638E-07   214
 1.0000E-03 3.0616E-01 8.0727E-02 8.0726E-02 9.5700E-07  2.5705E-04 4.0217E-01 1.1406E-07   214
 1.0000E-03 3.0722E-01 8.0340E-02 8.0339E-02 9.3806E-07  2.5649E-04 4.0217E-01 1.1181E-07   214
 1.0000E-03 3.0828E-01 7.9970E-02 7.9970E-02 9.1972E-07  2.5621E-04 4.0217E-01 1.0962E-07   214
 1.0000E-03 3.0934E-01 7.9625E-02 7.9624E-02 9.0225E-07  2.5566E-04 4.0217E-01 1.0754E-07   214
 1.0000E-03 3.1042E-01 7.9292E-02 7.9291E-02 8.8521E-07  2.5495E-04 4.0217E-01 1.0551E-07   214
 1.0000E-03 3.1150E-01 7.8960E-02 7.8960E-02 8.6843E-07  2.5452E-04 4.0217E-01 1.0351E-07   214
 1.0000E-03 3.1259E-01 7.8638E-02 7.8637E-02 8.5202E-07  2.5387E-04 4.0217E-01 1.0155E-07   214
 1.0000E-03 3.1368E-01 7.8329E-02 7.8328E-02 8.3602E-07  2.5313E-04 4.0217E-01 9.9645E-08   214
 1.0000E-03 3.1479E-01 7.8033E-02 7.8032E-02 8.2042E-07  2.5272E-04 4.0217E-01 9.7787E-08   214
 1.0000E-03 3.1590E-01 7.7751E-02 7.7750E-02 8.0523E-07  2.5191E-04 4.0217E-01 9.5976E-08   214
 1.0000E-03 3.1702E-01 7.7481E-02 7.7480E-02 7.9043E-07  2.5142E-04 4.0217E-01 9.4213E-08   214
 1.0000E-03 3.1815E-01 7.7182E-02 7.7182E-02 7.7529E-07  2.5072E-04 4.0217E-01 9.2409E-08   214
 1.0000E-03 3.1929E-01 7.6894E-02 7.6894E-02 7.6049E-07  2.5001E-04 4.0217E-01 9.0644E-08   214
 1.0000E-03 3.2043E-01 7.6626E-02 7.6625E-02 7.4615E-07  2.4964E-04 4.0217E-01 8.8935E-08   214
 1.0000E-03 3.2158E-01 7.6397E-02 7.6397E-02 7.3257E-07  2.4885E-04 4.0217E-01 8.7317E-08   214
 1.0000E-03 3.2274E-01 7.6185E-02 7.6185E-02 7.1941E-07  2.4809E-04 4.0217E-01 8.5749E-08   214
 1.0000E-03 3.2391E-01 7.5990E-02 7.5990E-02 7.0667E-07  2.4745E-04 4.0217E-01 8.4230E-08   214
 1.0000E-03 3.2509E-01 7.5811E-02 7.5811E-02 6.9434E-07  2.4693E-04 4.0217E-01 8.2760E-08   214
 1.0000E-03 3.2628E-01 7.5648E-02 7.5648E-02 6.8242E-07  2.4632E-04 4.0217E-01 8.1339E-08   214
 1.0000E-03 3.2747E-01 7.5518E-02 7.5517E-02 6.7087E-07  2.4514E-04 4.0217E-01 7.9963E-08   214
 1.0000E-03 3.2868E-01 7.5421E-02 7.5421E-02 6.6007E-07  2.4442E-04 4.0217E-01 7.8677E-08   214
 1.0000E-03 3.2989E-01 7.5359E-02 7.5358E-02 6.5004E-07  2.4381E-04 4.0217E-01 7.7481E-08   214
 1.0000E-03 3.3111E-01 7.5332E-02 7.5331E-02 6.4078E-07  2.4296E-04 4.0217E-01 7.6376E-08   214
 1.0000E-03 3.3234E-01 7.5326E-02 7.5325E-02 6.3208E-07  2.4229E-04 4.0217E-01 7.5340E-08   214
 1.0000E-03 3.3358E-01 7.5350E-02 7.5349E-02 6.2407E-07  2.4150E-04 4.0217E-01 7.4386E-08   214
 1.0000E-03 3.3483E-01 7.5409E-02 7.5409E-02 6.1682E-07  2.4083E-04 4.0217E-01 7.3522E-08   214
 1.0000E-03 3.3609E-01 7.5539E-02 7.5539E-02 6.1093E-07  2.3948E-04 4.0217E-01 7.2820E-08   214
 1.0000E-03 3.3736E-01 7.5747E-02 7.5746E-02 6.0653E-07  2.3832E-04 4.0217E-01 7.2295E-08   214
 1.0000E-03 3.3864E-01 7.5998E-02 7.5997E-02 6.0306E-07  2.3788E-04 4.0217E-01 7.1882E-08   214
 1.0000E-03 3.3992E-01 7.6295E-02 7.6295E-02 6.0055E-07  2.3692E-04 4.0217E-01 7.1583E-08   214
 1.0000E-03 3.4122E-01 7.6641E-02 7.6640E-02 5.9902E-07  2.3580E-04 4.0217E-01 7.1401E-08   214
 1.0000E-03 3.4253E-01 7.7038E-02 7.7037E-02 5.9852E-07  2.3474E-04 4.0217E-01 7.1342E-08   214
 1.0000E-03 3.4385E-01 7.7486E-02 7.7485E-02 5.9904E-07  2.3371E-04 4.0217E-01 7.1403E-08   214
 1.0000E-03 3.4517E-01 7.7992E-02 7.7991E-02 6.0070E-07  2.3261E-04 4.0217E-01 7.1601E-08   214
 1.0000E-03 3.4651E-01 7.8546E-02 7.8545E-02 6.0335E-07  2.3139E-04 4.0217E-01 7.1917E-08   214
 1.0000E-03 3.4786E-01 7.9148E-02 7.9148E-02 6.0698E-07  2.3063E-04 4.0217E-01 7.2350E-08   214
 1.0000E-03 3.4922E-01 7.9804E-02 7.9803E-02 6.1163E-07  2.2929E-04 4.0217E-01 7.2906E-08   214
 1.0000E-03 3.5059E-01 8.0515E-02 8.0515E-02 6.1737E-07  2.2813E-04 4.0217E-01 7.3590E-08   214
 1.0000E-03 3.5197E-01 8.1287E-02 8.1287E-02 6.2425E-07  2.2688E-04 4.0217E-01 7.4410E-08   214
 1.0000E-03 3.5336E-01 8.2124E-02 8.2123E-02 6.3234E-07  2.2578E-04 4.0217E-01 7.5375E-08   214
 1.0000E-03 3.5476E-01 8.3016E-02 8.3015E-02 6.4151E-07  2.2446E-04 4.0217E-01 7.6468E-08   214
 1.0000E-03 3.5618E-01 8.3968E-02 8.3968E-02 6.5184E-07  2.2330E-04 4.0217E-01 7.7699E-08   214
 1.0000E-03 3.5760E-01 8.4983E-02 8.4982E-02 6.6335E-07  2.2211E-04 4.0217E-01 7.9072E-08   214
 1.0000E-03 3.5904E-01 8.6065E-02 8.6065E-02 6.7615E-07  2.2099E-04 4.0217E-01 8.0597E-08   214
 1.0000E-03 3.6048E-01 8.7221E-02 8.7220E-02 6.9034E-07  2.1979E-04 4.0217E-01 8.2289E-08   214
 1.0000E-03 3.6194E-01 8.8455E-02 8.8454E-02 7.0602E-07  2.1871E-04 4.0217E-01 8.4159E-08   214
 1.0000E-03 3.6341E-01 8.9772E-02 8.9771E-02 7.2329E-07  2.1734E-04 4.0217E-01 8.6217E-08   214
 1.0000E-03 3.6490E-01 9.1168E-02 9.1168E-02 7.4214E-07  2.1624E-04 4.0217E-01 8.8464E-08   214
 1.0000E-03 3.6639E-01 9.2659E-02 9.2658E-02 7.6279E-07  2.1518E-04 4.0217E-01 9.0925E-08   214
 1.0000E-03 3.6790E-01 9.4250E-02 9.4249E-02 7.8540E-07  2.1375E-04 4.0217E-01 9.3622E-08   214
 1.0000E-03 3.6942E-01 9.5951E-02 9.5950E-02 8.1015E-07  2.1239E-04 4.0217E-01 9.6572E-08   214
 1.0000E-03 3.7095E-01 9.7770E-02 9.7769E-02 8.3724E-07  2.1107E-04 4.0217E-01 9.9802E-08   214
 1.0000E-03 3.7250E-01 9.9723E-02 9.9723E-02 8.6699E-07  2.1004E-04 4.0217E-01 1.0335E-07   214
 1.0000E-03 3.7406E-01 1.0182E-01 1.0182E-01 8.9965E-07  2.0878E-04 4.0217E-01 1.0724E-07   214
 1.0000E-03 3.7563E-01 1.0407E-01 1.0407E-01 9.3528E-07  2.0741E-04 4.0217E-01 1.1149E-07   214
 1.0000E-03 3.7722E-01 1.0648E-01 1.0648E-01 9.7443E-07  2.3458E-04 4.0254E-01 1.1613E-07   184
 1.0000E-03 3.7881E-01 1.0907E-01 1.0906E-01 1.0171E-06  2.3339E-04 4.0254E-01 1.2121E-07   184
 1.0000E-03 3.8043E-01 1.1185E-01 1.1185E-01 1.0639E-06  2.3209E-04 4.0254E-01 1.2679E-07   184
 1.0000E-03 3.8205E-01 1.1485E-01 1.1485E-01 1.1152E-06  2.3087E-04 4.0254E-01 1.3290E-07   184
 1.0000E-03 3.8369E-01 1.1807E-01 1.1806E-01 1.1710E-06  2.2977E-04 4.0254E-01 1.3957E-07   184
 1.0000E-03 3.8534E-01 1.2152E-01 1.2152E-01 1.2322E-06  2.2822E-04 4.0254E-01 1.4686E-07   184
 1.0000E-03 3.8701E-01 1.2525E-01 1.2525E-01 1.2993E-06  2.2711E-04 4.0254E-01 1.5485E-07   184
 1.0000E-03 3.8870E-01 1.2927E-01 1.2927E-01 1.3730E-06  2.2586E-04 4.0254E-01 1.6364E-07   184
 1.0000E-03 3.9039E-01 1.3362E-01 1.3362E-01 1.4542E-06  2.2447E-04 4.0254E-01 1.7331E-07   184
 1.0000E-03 3.9211E-01 1.3829E-01 1.3829E-01 1.5429E-06  2.2313E-04 4.0254E-01 1.8389E-07   184
 1.0000E-03 3.9383E-01 1.4333E-01 1.4333E-01 1.6402E-06  2.2181E-04 4.0254E-01 1.9549E-07   184
 1.0000E-03 3.9558E-01 1.4875E-01 1.4875E-01 1.7471E-06  2.2044E-04 4.0254E-01 2.0822E-07   184
 1.0000E-03 3.9733E-01 1.5459E-01 1.5459E-01 1.8645E-06  2.1918E-04 4.0254E-01 2.2221E-07   184
 1.0000E-03 3.9911E-01 1.6090E-01 1.6089E-01 1.9937E-06  2.1794E-04 4.0254E-01 2.3762E-07   184
 1.0000E-03 4.0090E-01 1.6765E-01 1.6765E-01 2.1352E-06  2.1646E-04 4.0254E-01 2.5448E-07   184
 1.0000E-03 4.0270E-01 1.7487E-01 1.7487E-01 2.2898E-06  2.1497E-04 4.0254E-01 2.7292E-07   184
 1.0000E-03 4.0452E-01 1.8257E-01 1.8257E-01 2.4587E-06  2.1399E-04 4.0254E-01 2.9305E-07   184
 1.0000E-03 4.0636E-01 1.9073E-01 1.9073E-01 2.6427E-06  2.1246E-04 4.0254E-01 3.1497E-07   184
 1.0000E-03 4.0822E-01 1.9934E-01 1.9934E-01 2.8421E-06  2.1103E-04 4.0254E-01 3.3873E-07   184
 1.0000E-03 4.1009E-01 2.0832E-01 2.0832E-01 3.0568E-06  2.0985E-04 4.0254E-01 3.6433E-07   184
 1.0000E-03 4.1198E-01 2.1758E-01 2.1757E-01 3.2861E-06  2.0857E-04 4.0254E-01 3.9167E-07   184
 1.0000E-03 4.1389E-01 2.2697E-01 2.2697E-01 3.5288E-06  2.0722E-04 4.0254E-01 4.2059E-07   184
 1.0000E-03 4.1581E-01 2.3633E-01 2.3633E-01 3.7823E-06  2.0579E-04 4.0254E-01 4.5081E-07   184
 1.0000E-03 4.1776E-01 2.4540E-01 2.4539E-01 4.0430E-06  2.0441E-04 4.0254E-01 4.8188E-07   184
 1.0000E-03 4.1972E-01 2.5386E-01 2.5385E-01 4.3054E-06  2.0316E-04 4.0254E-01 5.1316E-07   184
 1.0000E-03 4.2170E-01 2.6134E-01 2.6133E-01 4.5625E-06  2.0207E-04 4.0254E-01 5.4380E-07   184
 1.0000E-03 4.2370E-01 2.6741E-01 2.6740E-01 4.8053E-06  2.0095E-04 4.0254E-01 5.7274E-07   184
 1.0000E-03 4.2571E-01 2.7161E-01 2.7160E-01 5.0231E-06  1.9969E-04 4.0254E-01 5.9870E-07   184
 1.0000E-03 4.2775E-01 2.7347E-01 2.7346E-01 5.2037E-06  1.9871E-04 4.0254E-01 6.2023E-07   184
 1.0000E-03 4.2981E-01 2.7261E-01 2.7261E-01 5.3358E-06  1.9769E-04 4.0254E-01 6.3597E-07   184
 1.0000E-03 4.3188E-01 2.6880E-01 2.6880E-01 5.4088E-06  1.9648E-04 4.0253E-01 6.4468E-07   184
 1.0000E-03 4.3398E-01 2.6197E-01 2.6197E-01 5.4155E-06  1.9564E-04 4.0254E-01 6.4548E-07   184
 1.0000E-03 4.3610E-01 2.5229E-01 2.5229E-01 5.3529E-06  1.9483E-04 4.0254E-01 6.3802E-07   184
 1.0000E-03 4.3824E-01 2.4020E-01 2.4020E-01 5.2241E-06  1.9369E-04 4.0254E-01 6.2267E-07   184
 1.0000E-03 4.4039E-01 2.2633E-01 2.2633E-01 5.0386E-06  1.9309E-04 4.0254E-01 6.0056E-07   184
 1.0000E-03 4.4257E-01 2.1134E-01 2.1134E-01 4.8079E-06  1.9228E-04 4.0253E-01 5.7306E-07   184
 1.0000E-03 4.4478E-01 1.9590E-01 1.9590E-01 4.5451E-06  1.9161E-04 4.0253E-01 5.4174E-07   184
 1.0000E-03 4.4700E-01 1.8065E-01 1.8064E-01 4.2650E-06  1.9083E-04 4.0254E-01 5.0836E-07   184
 1.0000E-03 4.4925E-01 1.6602E-01 1.6601E-01 3.9803E-06  1.9033E-04 4.0253E-01 4.7442E-07   184
 1.0000E-03 4.5152E-01 1.5229E-01 1.5229E-01 3.6996E-06  1.8971E-04 4.0254E-01 4.4096E-07   184
 1.0000E-03 4.5381E-01 1.3961E-01 1.3960E-01 3.4291E-06  1.8908E-04 4.0254E-01 4.0872E-07   184
 1.0000E-03 4.5612E-01 1.2809E-01 1.2809E-01 3.1743E-06  1.8836E-04 4.0254E-01 3.7836E-07   184
 1.0000E-03 4.5846E-01 1.1772E-01 1.1772E-01 2.9376E-06  1.8763E-04 4.0253E-01 3.5015E-07   184
 1.0000E-03 4.6082E-01 1.0843E-01 1.0843E-01 2.7195E-06  1.8705E-04 4.0254E-01 3.2415E-07   184
 1.0000E-03 4.6321E-01 1.0015E-01 1.0015E-01 2.5196E-06  1.8669E-04 4.0253E-01 3.0032E-07   184
 1.0000E-03 4.6563E-01 9.2762E-02 9.2760E-02 2.3373E-06  1.8592E-04 4.0254E-01 2.7859E-07   184
 1.0000E-03 4.6806E-01 8.6176E-02 8.6174E-02 2.1712E-06  1.8536E-04 4.0254E-01 2.5879E-07   184
 1.0000E-03 4.7053E-01 8.0304E-02 8.0302E-02 2.0200E-06  1.8478E-04 4.0253E-01 2.4077E-07   184
 1.0000E-03 4.7302E-01 7.5102E-02 7.5100E-02 1.8822E-06  1.8393E-04 4.0254E-01 2.2434E-07   184
 1.0000E-03 4.7553E-01 7.0479E-02 7.0477E-02 1.7569E-06  1.8333E-04 4.0254E-01 2.0941E-07   184
 1.0000E-03 4.7807E-01 6.6355E-02 6.6353E-02 1.6431E-06  1.8287E-04 4.0253E-01 1.9585E-07   184
 1.0000E-03 4.8065E-01 6.2674E-02 6.2672E-02 1.5398E-06  1.8197E-04 4.0254E-01 1.8354E-07   184
 1.0000E-03 4.8324E-01 5.9382E-02 5.9380E-02 1.4460E-06  1.8133E-04 4.0253E-01 1.7235E-07   184
 1.0000E-03 4.8587E-01 5.6426E-02 5.6424E-02 1.3606E-06  1.8072E-04 4.0254E-01 1.6218E-07   184
 1.0000E-03 4.8852E-01 5.3765E-02 5.3764E-02 1.2830E-06  1.8020E-04 4.0253E-01 1.5293E-07   184
 1.0000E-03 4.9121E-01 5.1356E-02 5.1356E-02 1.2123E-06  1.7951E-04 4.0253E-01 1.4450E-07   184
 1.0000E-03 4.9392E-01 4.9158E-02 4.9157E-02 1.1478E-06  1.7900E-04 4.0253E-01 1.3681E-07   184
 1.0000E-03 4.9667E-01 4.7160E-02 4.7160E-02 1.0892E-06  1.7856E-04 4.0253E-01 1.2983E-07   184
 1.0000E-03 4.9944E-01 4.5355E-02 4.5354E-02 1.0368E-06  1.7770E-04 4.0253E-01 1.2358E-07   184
 1.0000E-03 5.0225E-01 4.3648E-02 4.3647E-02 9.8824E-07  1.7728E-04 4.0253E-01 1.1779E-07   184
 1.0000E-03 5.0508E-01 4.2029E-02 4.2028E-02 9.4323E-07  1.7658E-04 4.0253E-01 1.1243E-07   184
 1.0000E-03 5.0795E-01 4.0489E-02 4.0488E-02 9.0142E-07  1.7612E-04 4.0253E-01 1.0744E-07   184
 1.0000E-03 5.1086E-01 3.9020E-02 3.9019E-02 8.6259E-07  1.7577E-04 4.0253E-01 1.0282E-07   184
 1.0000E-03 5.1379E-01 3.7608E-02 3.7606E-02 8.2660E-07  1.7496E-04 4.0253E-01 9.8527E-08   184
 1.0000E-03 5.1676E-01 3.6227E-02 3.6226E-02 7.9328E-07  1.7467E-04 4.0253E-01 9.4555E-08   184
 1.0000E-03 5.1977E-01 3.4844E-02 3.4843E-02 7.6236E-07  1.7430E-04 4.0253E-01 9.0870E-08   184
 1.0000E-03 5.2281E-01 3.3300E-02 3.3299E-02 7.3154E-07  1.7368E-04 4.0253E-01 8.7197E-08   184
 1.0000E-03 5.2588E-01 3.1676E-02 3.1676E-02 7.0065E-07  1.7328E-04 4.0253E-01 8.3515E-08   184
 1.0000E-03 5.2899E-01 3.0070E-02 3.0069E-02 6.7050E-07  1.7287E-04 4.0253E-01 7.9921E-08   184
 1.0000E-03 5.3214E-01 2.8501E-02 2.8500E-02 6.4100E-07  1.7216E-04 4.0253E-01 7.6405E-08   184
 1.0000E-03 5.3533E-01 2.6993E-02 2.6991E-02 6.1220E-07  1.7134E-04 4.0253E-01 7.2972E-08   184
 1.0000E-03 5.3855E-01 2.5567E-02 2.5565E-02 5.8419E-07  1.7103E-04 4.0253E-01 6.9633E-08   184
 1.0000E-03 5.4182E-01 2.4237E-02 2.4236E-02 5.5713E-07  1.7022E-04 4.0253E-01 6.6408E-08   184
 1.0000E-03 5.4512E-01 2.3010E-02 2.3009E-02 5.3120E-07  1.6991E-04 4.0253E-01 6.3318E-08   184
 1.0000E-03 5.4847E-01 2.1873E-02 2.1873E-02 5.0647E-07  1.6923E-04 4.0253E-01 6.0370E-08   184
 1.0000E-03 5.5185E-01 2.0848E-02 2.0847E-02 4.8339E-07  1.6861E-04 4.0253E-01 5.7619E-08   184
 1.0000E-03 5.5528E-01 1.9878E-02 1.9877E-02 4.6153E-07  1.6784E-04 4.0253E-01 5.5013E-08   184
 1.0000E-03 5.5875E-01 1.8954E-02 1.8953E-02 4.4072E-07  1.6733E-04 4.0253E-01 5.2533E-08   184
 1.0000E-03 5.6226E-01 1.8069E-02 1.8069E-02 4.2084E-07  1.6629E-04 4.0253E-01 5.0164E-08   184
 1.0000E-03 5.6582E-01 1.7224E-02 1.7223E-02 4.0179E-07  1.6590E-04 4.0253E-01 4.7892E-08   184
 1.0000E-03 5.6943E-01 1.6420E-02 1.6419E-02 3.8344E-07  1.6530E-04 4.0253E-01 4.5706E-08   184
 1.0000E-03 5.7308E-01 1.5668E-02 1.5668E-02 3.6574E-07  1.6455E-04 4.0253E-01 4.3596E-08   184
 1.0000E-03 5.7677E-01 1.4983E-02 1.4982E-02 3.4866E-07  1.6390E-04 4.0253E-01 4.1560E-08   184
 1.0000E-03 5.8052E-01 1.4381E-02 1.4381E-02 3.3223E-07  1.6322E-04 4.0253E-01 3.9601E-08   184
 1.0000E-03 5.8431E-01 1.3881E-02 1.3881E-02 3.1648E-07  1.6247E-04 4.0253E-01 3.7724E-08   184
 1.0000E-03 5.8816E-01 1.3488E-02 1.3487E-02 3.0159E-07  1.6180E-04 4.0253E-01 3.5949E-08   184
 1.0000E-03 5.9205E-01 1.3197E-02 1.3197E-02 2.8770E-07  1.6117E-04 4.0253E-01 3.4293E-08   184
 1.0000E-03 5.9600E-01 1.3000E-02 1.2999E-02 2.7486E-07  1.6044E-04 4.0253E-01 3.2763E-08   184
 1.0000E-03 6.0000E-01 1.2881E-02 1.2881E-02 2.6310E-07  1.5983E-04 4.0253E-01 3.1362E-08   184
