 DDSCAT --- DDSCAT 7.3.3 [22.01.20]   
 TARGET --->TARGSPHER  spherical target with explicit spacing                 
 GPFAFT --- method of solution 
 GKDLDR --- prescription for polarizabilities
 FROM_FILE --- shape 
    4169 = NAT0 = number of dipoles
 ../../diel/Pena-Rioux_dielectric_26Au_74Ag                  
 ../../diel/Pena-Rioux_dielectric_34Au_66Ag                  
 ../../diel/Pena-Rioux_dielectric_92Au_8Ag                   
   0.000   0.000 = beta_min, beta_max ;  NBETA = 1
   0.000   0.000 = theta_min, theta_max; NTHETA= 1
   0.000   0.000 = phi_min, phi_max   ;   NPHI = 1
 Results averaged over    1 target orientations
                   and  2 incident polarizations
   aeff       wave       Q_pha       Q_pol       Q_cpol
 4.0000E-02 3.0000E-01 -1.6966E-02  1.9073E-06  1.8626E-09
 4.0000E-02 3.0101E-01 -1.5533E-02 -4.0531E-06 -5.5879E-08
 4.0000E-02 3.0203E-01 -1.4259E-02  2.3842E-06  8.7544E-08
 4.0000E-02 3.0305E-01 -1.3150E-02  4.0531E-06  8.3819E-09
 4.0000E-02 3.0408E-01 -1.2211E-02 -5.7220E-06 -7.3574E-08
 4.0000E-02 3.0512E-01 -1.1446E-02  7.1526E-06  1.5832E-08
 4.0000E-02 3.0616E-01 -1.0863E-02  9.5367E-07 -1.0245E-08
 4.0000E-02 3.0722E-01 -1.0467E-02  9.0599E-06 -8.3819E-09
 4.0000E-02 3.0828E-01 -1.0235E-02 -3.3379E-06  6.2399E-08
 4.0000E-02 3.0934E-01 -1.0073E-02 -7.1526E-07 -2.0489E-08
 4.0000E-02 3.1042E-01 -1.0057E-02 -3.8147E-06  3.1665E-08
 4.0000E-02 3.1150E-01 -1.0191E-02 -7.1526E-07  0.0000E+00
 4.0000E-02 3.1259E-01 -1.0480E-02 -4.7684E-07 -9.3132E-09
 4.0000E-02 3.1368E-01 -1.0928E-02 -2.3842E-06 -4.2841E-08
 4.0000E-02 3.1479E-01 -1.1539E-02 -3.8147E-06  8.4750E-08
 4.0000E-02 3.1590E-01 -1.2319E-02 -9.5367E-07 -1.1176E-08
 4.0000E-02 3.1702E-01 -1.3271E-02 -3.8147E-06 -9.5926E-08
 4.0000E-02 3.1815E-01 -1.4035E-02  7.1526E-07  9.3132E-10
 4.0000E-02 3.1929E-01 -1.4996E-02  4.5300E-06  0.0000E+00
 4.0000E-02 3.2043E-01 -1.6230E-02 -2.6226E-06  5.4017E-08
 4.0000E-02 3.2158E-01 -1.7748E-02 -1.6689E-06  9.6858E-08
 4.0000E-02 3.2274E-01 -1.9556E-02 -4.5300E-06 -6.7055E-08
 4.0000E-02 3.2391E-01 -2.1666E-02  3.0994E-06  5.5879E-09
 4.0000E-02 3.2509E-01 -2.4086E-02  4.5300E-06 -3.3528E-08
 4.0000E-02 3.2628E-01 -2.6825E-02 -2.3842E-07  3.7253E-08
 4.0000E-02 3.2747E-01 -3.0409E-02 -2.6226E-06 -8.5682E-08
 4.0000E-02 3.2868E-01 -3.4474E-02 -3.0994E-06  1.4901E-08
 4.0000E-02 3.2989E-01 -3.9012E-02  9.5367E-06  3.7253E-09
 4.0000E-02 3.3111E-01 -4.4038E-02  8.5831E-06 -4.0978E-08
 4.0000E-02 3.3234E-01 -4.9567E-02 -3.5763E-06 -2.2352E-08
 4.0000E-02 3.3358E-01 -5.5613E-02  1.1921E-06 -2.9802E-08
 4.0000E-02 3.3483E-01 -6.2192E-02 -6.1989E-06 -2.2724E-07
 4.0000E-02 3.3609E-01 -6.9511E-02 -1.4305E-06 -7.4506E-08
 4.0000E-02 3.3736E-01 -7.7492E-02  3.5763E-06 -9.6858E-08
 4.0000E-02 3.3864E-01 -8.5908E-02 -3.3379E-06  4.4703E-08
 4.0000E-02 3.3992E-01 -9.4771E-02  1.9073E-06 -7.4506E-08
 4.0000E-02 3.4122E-01 -1.0410E-01 -2.6226E-06 -6.7055E-08
 4.0000E-02 3.4253E-01 -1.1390E-01  2.3842E-06 -8.1956E-08
 4.0000E-02 3.4385E-01 -1.2420E-01  5.9605E-06  1.8626E-07
 4.0000E-02 3.4517E-01 -1.3492E-01  1.6689E-06 -1.4901E-08
 4.0000E-02 3.4651E-01 -1.4586E-01 -4.2915E-06  2.3842E-07
 4.0000E-02 3.4786E-01 -1.5705E-01  0.0000E+00  5.0664E-07
 4.0000E-02 3.4922E-01 -1.6852E-01  4.7684E-06 -7.4506E-08
 4.0000E-02 3.5059E-01 -1.8026E-01  1.1921E-06  7.0035E-07
 4.0000E-02 3.5197E-01 -1.9230E-01  7.1526E-07 -2.9802E-07
 4.0000E-02 3.5336E-01 -2.0463E-01  6.4373E-06  2.9802E-07
 4.0000E-02 3.5476E-01 -2.1708E-01  3.5763E-06  5.9605E-08
 4.0000E-02 3.5618E-01 -2.2960E-01 -2.3842E-06  1.4901E-07
 4.0000E-02 3.5760E-01 -2.4223E-01 -5.4836E-06 -4.4703E-08
 4.0000E-02 3.5904E-01 -2.5498E-01 -1.4305E-06  2.9802E-07
 4.0000E-02 3.6048E-01 -2.6785E-01  8.3447E-06  2.6822E-07
 4.0000E-02 3.6194E-01 -2.8086E-01 -3.0994E-06 -2.9802E-07
 4.0000E-02 3.6341E-01 -2.9393E-01  5.7220E-06  7.4506E-07
 4.0000E-02 3.6490E-01 -3.0694E-01  5.2452E-06 -1.1921E-07
 4.0000E-02 3.6639E-01 -3.1998E-01 -3.3379E-06  2.0862E-07
 4.0000E-02 3.6790E-01 -3.3304E-01 -5.7220E-06  1.4901E-07
 4.0000E-02 3.6942E-01 -3.4612E-01 -2.1458E-06 -1.4901E-07
 4.0000E-02 3.7095E-01 -3.5922E-01 -4.5300E-06 -2.0862E-07
 4.0000E-02 3.7250E-01 -3.7230E-01 -3.8147E-06  1.1921E-07
 4.0000E-02 3.7406E-01 -3.8531E-01  3.5763E-06 -2.6822E-07
 4.0000E-02 3.7563E-01 -3.9829E-01 -5.0068E-06 -1.7881E-07
 4.0000E-02 3.7722E-01 -4.1122E-01 -3.0994E-06 -1.4901E-07
 4.0000E-02 3.7881E-01 -4.2409E-01 -2.3842E-06  0.0000E+00
 4.0000E-02 3.8043E-01 -4.3688E-01 -9.2983E-06 -1.7881E-07
 4.0000E-02 3.8205E-01 -4.4957E-01 -4.2915E-06 -8.9407E-08
 4.0000E-02 3.8369E-01 -4.6213E-01 -4.5300E-06  7.4506E-07
 4.0000E-02 3.8534E-01 -4.7459E-01  7.8678E-06 -5.9605E-08
 4.0000E-02 3.8701E-01 -4.8693E-01  3.8147E-06  4.7684E-07
 4.0000E-02 3.8870E-01 -4.9910E-01  9.5367E-07 -7.4506E-07
 4.0000E-02 3.9039E-01 -5.1107E-01  2.3842E-06  2.7418E-06
 4.0000E-02 3.9211E-01 -5.2280E-01  1.6451E-05  7.7486E-07
 4.0000E-02 3.9383E-01 -5.3434E-01  3.8147E-06  2.2650E-06
 4.0000E-02 3.9558E-01 -5.4563E-01  1.1206E-05  2.3842E-06
 4.0000E-02 3.9733E-01 -5.5663E-01  7.1526E-06 -2.5034E-06
 4.0000E-02 3.9911E-01 -5.6728E-01 -2.3842E-07  1.9073E-06
 4.0000E-02 4.0090E-01 -5.7753E-01 -2.3842E-07 -4.9472E-06
 4.0000E-02 4.0270E-01 -5.8740E-01 -5.4836E-06 -2.6822E-06
 4.0000E-02 4.0452E-01 -5.9684E-01  2.3842E-07  1.1921E-07
 4.0000E-02 4.0636E-01 -6.0576E-01  2.3842E-07  2.3842E-07
 4.0000E-02 4.0822E-01 -6.1408E-01  4.5300E-06  4.7684E-07
 4.0000E-02 4.1009E-01 -6.2175E-01  2.3842E-07 -1.0729E-06
 4.0000E-02 4.1198E-01 -6.2878E-01 -1.1921E-06 -1.6093E-06
 4.0000E-02 4.1389E-01 -6.3507E-01 -4.7684E-06  5.3644E-07
 4.0000E-02 4.1581E-01 -6.4052E-01 -1.1921E-06  1.3113E-06
 4.0000E-02 4.1776E-01 -6.4503E-01 -2.3842E-07 -1.7881E-06
 4.0000E-02 4.1972E-01 -6.4853E-01 -5.7220E-06 -6.5565E-07
 4.0000E-02 4.2170E-01 -6.5099E-01 -1.0729E-05  1.1921E-06
 4.0000E-02 4.2370E-01 -6.5227E-01  1.0490E-05 -1.7285E-06
 4.0000E-02 4.2571E-01 -6.5221E-01 -1.9550E-05 -2.9802E-07
 4.0000E-02 4.2775E-01 -6.5065E-01  3.0994E-06  2.9802E-07
 4.0000E-02 4.2981E-01 -6.4755E-01 -1.2875E-05  1.1921E-07
 4.0000E-02 4.3188E-01 -6.4278E-01  1.9073E-06  1.2517E-06
 4.0000E-02 4.3398E-01 -6.3615E-01  1.9073E-06  1.3113E-06
 4.0000E-02 4.3610E-01 -6.2750E-01  8.5831E-06  3.5763E-07
 4.0000E-02 4.3824E-01 -6.1689E-01  4.2915E-06  2.3842E-06
 4.0000E-02 4.4039E-01 -6.0411E-01 -2.8610E-06 -2.3246E-06
 4.0000E-02 4.4257E-01 -5.8899E-01  3.8147E-06  2.3842E-06
 4.0000E-02 4.4478E-01 -5.7140E-01  2.1458E-05  1.5497E-06
 4.0000E-02 4.4700E-01 -5.5143E-01 -6.1989E-06 -2.2650E-06
 4.0000E-02 4.4925E-01 -5.2882E-01  1.0490E-05 -3.5763E-07
 4.0000E-02 4.5152E-01 -5.0343E-01 -5.2452E-06  2.9802E-07
 4.0000E-02 4.5381E-01 -4.7523E-01 -6.6757E-06  1.3113E-06
 4.0000E-02 4.5612E-01 -4.4430E-01  4.7684E-06 -1.8477E-06
 4.0000E-02 4.5846E-01 -4.1054E-01  1.6689E-05 -4.7684E-07
 4.0000E-02 4.6082E-01 -3.7407E-01 -1.3828E-05  1.2219E-06
 4.0000E-02 4.6321E-01 -3.3512E-01 -1.9073E-06  2.1458E-06
 4.0000E-02 4.6563E-01 -2.9376E-01  2.0981E-05  1.3411E-06
 4.0000E-02 4.6806E-01 -2.5005E-01  8.1062E-06  1.6689E-06
 4.0000E-02 4.7053E-01 -2.0419E-01  1.3828E-05 -1.2070E-06
 4.0000E-02 4.7302E-01 -1.5629E-01  1.1921E-05 -2.0862E-07
 4.0000E-02 4.7553E-01 -1.0602E-01  5.7220E-06 -1.1027E-06
 4.0000E-02 4.7807E-01 -5.3154E-02 -4.7684E-06 -2.3469E-07
 4.0000E-02 4.8065E-01  2.6615E-03  9.5367E-07 -6.1663E-06
 4.0000E-02 4.8324E-01  6.2151E-02  6.6757E-06 -1.7509E-06
 4.0000E-02 4.8587E-01  1.2634E-01  1.4305E-06 -4.6194E-07
 4.0000E-02 4.8852E-01  1.9616E-01  6.6757E-06  6.2138E-06
 4.0000E-02 4.9121E-01  2.7282E-01  3.0518E-05  1.6391E-06
 4.0000E-02 4.9392E-01  3.5778E-01  1.0967E-05 -4.4703E-07
 4.0000E-02 4.9667E-01  4.5202E-01  1.7166E-05 -1.9073E-06
 4.0000E-02 4.9944E-01  5.5659E-01 -6.6757E-06 -1.6689E-06
 4.0000E-02 5.0225E-01  6.7213E-01 -1.0967E-05  9.9540E-06
 4.0000E-02 5.0508E-01  7.9816E-01  1.0967E-05 -2.3842E-06
 4.0000E-02 5.0795E-01  9.3379E-01 -9.5367E-06  1.0908E-05
 4.0000E-02 5.1086E-01  1.0770E+00  1.2875E-05  1.3947E-05
 4.0000E-02 5.1379E-01  1.2244E+00  7.1526E-06  0.0000E+00
 4.0000E-02 5.1676E-01  1.3725E+00 -2.4319E-05 -1.6689E-06
 4.0000E-02 5.1977E-01  1.5175E+00  1.7643E-05  5.9605E-06
 4.0000E-02 5.2281E-01  1.6555E+00 -2.3842E-05 -2.1458E-06
 4.0000E-02 5.2588E-01  1.7838E+00 -3.8147E-06 -6.5565E-06
 4.0000E-02 5.2899E-01  1.9003E+00 -8.5831E-06 -3.0994E-06
 4.0000E-02 5.3214E-01  2.0039E+00  1.3351E-05 -7.3910E-06
 4.0000E-02 5.3533E-01  2.0942E+00  1.4305E-05  2.8610E-06
 4.0000E-02 5.3855E-01  2.1717E+00 -7.6294E-06  3.3379E-06
 4.0000E-02 5.4182E-01  2.2377E+00  9.5367E-06 -7.1526E-06
 4.0000E-02 5.4512E-01  2.2932E+00  2.8610E-06  7.1526E-07
 4.0000E-02 5.4847E-01  2.3394E+00 -4.2915E-06  2.3842E-07
 4.0000E-02 5.5185E-01  2.3770E+00  2.8610E-06  1.9789E-05
 4.0000E-02 5.5528E-01  2.4063E+00 -4.1008E-05  1.8597E-05
 4.0000E-02 5.5875E-01  2.4275E+00 -3.4332E-05 -1.4782E-05
 4.0000E-02 5.6226E-01  2.4404E+00 -9.2983E-06  8.8215E-06
 4.0000E-02 5.6582E-01  2.4448E+00  5.0068E-06  5.4836E-06
 4.0000E-02 5.6943E-01  2.4405E+00  2.5749E-05 -1.6689E-06
 4.0000E-02 5.7308E-01  2.4282E+00  8.3447E-06  8.3447E-06
 4.0000E-02 5.7677E-01  2.4092E+00 -4.0531E-06 -7.3910E-06
 4.0000E-02 5.8052E-01  2.3850E+00  7.3910E-06  5.0068E-06
 4.0000E-02 5.8431E-01  2.3570E+00  1.2636E-05 -1.1444E-05
 4.0000E-02 5.8816E-01  2.3261E+00 -3.0279E-05 -1.0490E-05
 4.0000E-02 5.9205E-01  2.2929E+00 -3.6240E-05  2.3842E-06
 4.0000E-02 5.9600E-01  2.2577E+00 -6.4373E-06  1.6689E-05
 4.0000E-02 6.0000E-01  2.2208E+00 -4.2439E-05  2.0504E-05
