 DDSCAT --- DDSCAT 7.3.3 [22.01.20]   
 TARGET --->TARGSPHER  spherical target with explicit spacing                 
 GPFAFT --- method of solution 
 GKDLDR --- prescription for polarizabilities
 FROM_FILE --- shape 
   33401 = NAT0 = number of dipoles
 ../diel/Pena26Au74Ag                                        
 ../diel/Ag_evap                                             
   0.000   0.000 = beta_min, beta_max ;  NBETA = 1
   0.000   0.000 = theta_min, theta_max; NTHETA= 1
   0.000   0.000 = phi_min, phi_max   ;   NPHI = 1
 Results averaged over    1 target orientations
                   and  1 incident polarizations
   aeff       wave      Q_pha
 1.0000E-03 3.0000E-01  1.2952E-02
 1.0000E-03 3.0151E-01  1.1420E-02
 1.0000E-03 3.0302E-01  1.0316E-02
 1.0000E-03 3.0452E-01  9.2555E-03
 1.0000E-03 3.0603E-01  8.2462E-03
 1.0000E-03 3.0754E-01  7.2950E-03
 1.0000E-03 3.0905E-01  6.4281E-03
 1.0000E-03 3.1055E-01  5.6469E-03
 1.0000E-03 3.1206E-01  4.7321E-03
 1.0000E-03 3.1357E-01  3.8029E-03
 1.0000E-03 3.1508E-01  2.8489E-03
 1.0000E-03 3.1658E-01  1.8347E-03
 1.0000E-03 3.1809E-01  7.2592E-04
 1.0000E-03 3.1960E-01 -5.3333E-04
 1.0000E-03 3.2111E-01 -2.4967E-03
 1.0000E-03 3.2261E-01 -5.2652E-03
 1.0000E-03 3.2412E-01 -8.2106E-03
 1.0000E-03 3.2563E-01 -1.1202E-02
 1.0000E-03 3.2714E-01 -1.4021E-02
 1.0000E-03 3.2864E-01 -1.6258E-02
 1.0000E-03 3.3015E-01 -1.7354E-02
 1.0000E-03 3.3166E-01 -1.7008E-02
 1.0000E-03 3.3317E-01 -1.6281E-02
 1.0000E-03 3.3467E-01 -1.5813E-02
 1.0000E-03 3.3618E-01 -1.5694E-02
 1.0000E-03 3.3769E-01 -1.5865E-02
 1.0000E-03 3.3920E-01 -1.6150E-02
 1.0000E-03 3.4070E-01 -1.6424E-02
 1.0000E-03 3.4221E-01 -1.6667E-02
 1.0000E-03 3.4372E-01 -1.7167E-02
 1.0000E-03 3.4523E-01 -1.7804E-02
 1.0000E-03 3.4673E-01 -1.8504E-02
 1.0000E-03 3.4824E-01 -1.9274E-02
 1.0000E-03 3.4975E-01 -2.0109E-02
 1.0000E-03 3.5126E-01 -2.1001E-02
 1.0000E-03 3.5276E-01 -2.1947E-02
 1.0000E-03 3.5427E-01 -2.2942E-02
 1.0000E-03 3.5578E-01 -2.3974E-02
 1.0000E-03 3.5729E-01 -2.5043E-02
 1.0000E-03 3.5879E-01 -2.6148E-02
 1.0000E-03 3.6030E-01 -2.7281E-02
 1.0000E-03 3.6181E-01 -2.8441E-02
 1.0000E-03 3.6332E-01 -2.9624E-02
 1.0000E-03 3.6482E-01 -3.0823E-02
 1.0000E-03 3.6633E-01 -3.2043E-02
 1.0000E-03 3.6784E-01 -3.3283E-02
 1.0000E-03 3.6935E-01 -3.4556E-02
 1.0000E-03 3.7085E-01 -3.5856E-02
 1.0000E-03 3.7236E-01 -3.7192E-02
 1.0000E-03 3.7387E-01 -3.8572E-02
 1.0000E-03 3.7538E-01 -3.9998E-02
 1.0000E-03 3.7688E-01 -4.1438E-02
 1.0000E-03 3.7839E-01 -4.2841E-02
 1.0000E-03 3.7990E-01 -4.4156E-02
 1.0000E-03 3.8141E-01 -4.5350E-02
 1.0000E-03 3.8291E-01 -4.6317E-02
 1.0000E-03 3.8442E-01 -4.7051E-02
 1.0000E-03 3.8593E-01 -4.7480E-02
 1.0000E-03 3.8744E-01 -4.7550E-02
 1.0000E-03 3.8894E-01 -4.7212E-02
 1.0000E-03 3.9045E-01 -4.6409E-02
 1.0000E-03 3.9196E-01 -4.5068E-02
 1.0000E-03 3.9347E-01 -4.3092E-02
 1.0000E-03 3.9497E-01 -4.0349E-02
 1.0000E-03 3.9648E-01 -3.6698E-02
 1.0000E-03 3.9799E-01 -3.1981E-02
 1.0000E-03 3.9950E-01 -2.6072E-02
 1.0000E-03 4.0101E-01 -1.8995E-02
 1.0000E-03 4.0251E-01 -1.0796E-02
 1.0000E-03 4.0402E-01 -1.5177E-03
 1.0000E-03 4.0553E-01  8.9563E-03
 1.0000E-03 4.0704E-01  2.0791E-02
 1.0000E-03 4.0854E-01  3.3901E-02
 1.0000E-03 4.1005E-01  4.7838E-02
 1.0000E-03 4.1156E-01  6.1993E-02
 1.0000E-03 4.1307E-01  7.5818E-02
 1.0000E-03 4.1457E-01  8.8923E-02
 1.0000E-03 4.1608E-01  1.0107E-01
 1.0000E-03 4.1759E-01  1.1208E-01
 1.0000E-03 4.1910E-01  1.2186E-01
 1.0000E-03 4.2060E-01  1.3030E-01
 1.0000E-03 4.2211E-01  1.3735E-01
 1.0000E-03 4.2362E-01  1.4291E-01
 1.0000E-03 4.2513E-01  1.4694E-01
 1.0000E-03 4.2663E-01  1.4946E-01
 1.0000E-03 4.2814E-01  1.5060E-01
 1.0000E-03 4.2965E-01  1.5060E-01
 1.0000E-03 4.3116E-01  1.4973E-01
 1.0000E-03 4.3266E-01  1.4822E-01
 1.0000E-03 4.3417E-01  1.4627E-01
 1.0000E-03 4.3568E-01  1.4400E-01
 1.0000E-03 4.3719E-01  1.4151E-01
 1.0000E-03 4.3869E-01  1.3888E-01
 1.0000E-03 4.4020E-01  1.3617E-01
 1.0000E-03 4.4171E-01  1.3342E-01
 1.0000E-03 4.4322E-01  1.3066E-01
 1.0000E-03 4.4472E-01  1.2790E-01
 1.0000E-03 4.4623E-01  1.2515E-01
 1.0000E-03 4.4774E-01  1.2244E-01
 1.0000E-03 4.4925E-01  1.1976E-01
 1.0000E-03 4.5075E-01  1.1714E-01
 1.0000E-03 4.5226E-01  1.1452E-01
 1.0000E-03 4.5377E-01  1.1199E-01
 1.0000E-03 4.5528E-01  1.0957E-01
 1.0000E-03 4.5678E-01  1.0727E-01
 1.0000E-03 4.5829E-01  1.0505E-01
 1.0000E-03 4.5980E-01  1.0292E-01
 1.0000E-03 4.6131E-01  1.0086E-01
 1.0000E-03 4.6281E-01  9.8880E-02
 1.0000E-03 4.6432E-01  9.6972E-02
 1.0000E-03 4.6583E-01  9.5146E-02
 1.0000E-03 4.6734E-01  9.3407E-02
 1.0000E-03 4.6884E-01  9.1753E-02
 1.0000E-03 4.7035E-01  9.0186E-02
 1.0000E-03 4.7186E-01  8.8714E-02
 1.0000E-03 4.7337E-01  8.7346E-02
 1.0000E-03 4.7487E-01  8.6054E-02
 1.0000E-03 4.7638E-01  8.4834E-02
 1.0000E-03 4.7789E-01  8.3680E-02
 1.0000E-03 4.7940E-01  8.2586E-02
 1.0000E-03 4.8090E-01  8.1544E-02
 1.0000E-03 4.8241E-01  8.0544E-02
 1.0000E-03 4.8392E-01  7.9575E-02
 1.0000E-03 4.8543E-01  7.8632E-02
 1.0000E-03 4.8693E-01  7.7706E-02
 1.0000E-03 4.8844E-01  7.6791E-02
 1.0000E-03 4.8995E-01  7.5887E-02
 1.0000E-03 4.9146E-01  7.4993E-02
 1.0000E-03 4.9296E-01  7.4111E-02
 1.0000E-03 4.9447E-01  7.3243E-02
 1.0000E-03 4.9598E-01  7.2391E-02
 1.0000E-03 4.9749E-01  7.1551E-02
 1.0000E-03 4.9900E-01  7.0729E-02
 1.0000E-03 5.0050E-01  6.9922E-02
 1.0000E-03 5.0201E-01  6.9132E-02
 1.0000E-03 5.0352E-01  6.8359E-02
 1.0000E-03 5.0503E-01  6.7603E-02
 1.0000E-03 5.0653E-01  6.6862E-02
 1.0000E-03 5.0804E-01  6.6137E-02
 1.0000E-03 5.0955E-01  6.5427E-02
 1.0000E-03 5.1106E-01  6.4730E-02
 1.0000E-03 5.1256E-01  6.4048E-02
 1.0000E-03 5.1407E-01  6.3378E-02
 1.0000E-03 5.1558E-01  6.2723E-02
 1.0000E-03 5.1709E-01  6.2083E-02
 1.0000E-03 5.1859E-01  6.1457E-02
 1.0000E-03 5.2010E-01  6.0847E-02
 1.0000E-03 5.2161E-01  6.0246E-02
 1.0000E-03 5.2312E-01  5.9654E-02
 1.0000E-03 5.2462E-01  5.9080E-02
 1.0000E-03 5.2613E-01  5.8522E-02
 1.0000E-03 5.2764E-01  5.7980E-02
 1.0000E-03 5.2915E-01  5.7451E-02
 1.0000E-03 5.3065E-01  5.6935E-02
 1.0000E-03 5.3216E-01  5.6429E-02
 1.0000E-03 5.3367E-01  5.5936E-02
 1.0000E-03 5.3518E-01  5.5454E-02
 1.0000E-03 5.3668E-01  5.4983E-02
 1.0000E-03 5.3819E-01  5.4524E-02
 1.0000E-03 5.3970E-01  5.4077E-02
 1.0000E-03 5.4121E-01  5.3642E-02
 1.0000E-03 5.4271E-01  5.3220E-02
 1.0000E-03 5.4422E-01  5.2810E-02
 1.0000E-03 5.4573E-01  5.2413E-02
 1.0000E-03 5.4724E-01  5.2030E-02
 1.0000E-03 5.4874E-01  5.1659E-02
 1.0000E-03 5.5025E-01  5.1308E-02
 1.0000E-03 5.5176E-01  5.0967E-02
 1.0000E-03 5.5327E-01  5.0635E-02
 1.0000E-03 5.5477E-01  5.0311E-02
 1.0000E-03 5.5628E-01  4.9993E-02
 1.0000E-03 5.5779E-01  4.9682E-02
 1.0000E-03 5.5930E-01  4.9375E-02
 1.0000E-03 5.6080E-01  4.9072E-02
 1.0000E-03 5.6231E-01  4.8773E-02
 1.0000E-03 5.6382E-01  4.8479E-02
 1.0000E-03 5.6533E-01  4.8187E-02
 1.0000E-03 5.6683E-01  4.7901E-02
 1.0000E-03 5.6834E-01  4.7618E-02
 1.0000E-03 5.6985E-01  4.7341E-02
 1.0000E-03 5.7136E-01  4.7067E-02
 1.0000E-03 5.7286E-01  4.6799E-02
 1.0000E-03 5.7437E-01  4.6536E-02
 1.0000E-03 5.7588E-01  4.6276E-02
 1.0000E-03 5.7739E-01  4.6020E-02
 1.0000E-03 5.7889E-01  4.5766E-02
 1.0000E-03 5.8040E-01  4.5514E-02
 1.0000E-03 5.8191E-01  4.5263E-02
 1.0000E-03 5.8342E-01  4.5006E-02
 1.0000E-03 5.8492E-01  4.4749E-02
 1.0000E-03 5.8643E-01  4.4491E-02
 1.0000E-03 5.8794E-01  4.4232E-02
 1.0000E-03 5.8945E-01  4.3974E-02
 1.0000E-03 5.9095E-01  4.3717E-02
 1.0000E-03 5.9246E-01  4.3463E-02
 1.0000E-03 5.9397E-01  4.3211E-02
 1.0000E-03 5.9548E-01  4.2963E-02
 1.0000E-03 5.9698E-01  4.2720E-02
 1.0000E-03 5.9849E-01  4.2481E-02
 1.0000E-03 6.0000E-01  4.2247E-02
