 DDSCAT --- DDSCAT 7.3.3 [22.01.20]   
 TARGET --->TARGSPHER  spherical target with explicit spacing                 
 GPFAFT --- method of solution 
 FLTRCD --- prescription for polarizabilities
 FROM_FILE --- shape 
    4169 = NAT0 = number of dipoles
 ../../diel/Pena-Rioux_dielectric_26Au_74Ag                  
 ../../diel/Pena-Rioux_dielectric_52Au_48Ag                  
 ../../diel/Pena-Rioux_dielectric_65Au_35Ag                  
 ../../diel/Au_evap                                          
   0.000   0.000 = beta_min, beta_max ;  NBETA = 1
   0.000   0.000 = theta_min, theta_max; NTHETA= 1
   0.000   0.000 = phi_min, phi_max   ;   NPHI = 1
 Results averaged over    1 target orientations
                   and  2 incident polarizations
   aeff       wave       Q_pha       Q_pol       Q_cpol
 1.0000E-03 3.0000E-01  1.9646E-02  2.2352E-07 -2.6077E-08
 1.0000E-03 3.0101E-01  1.9430E-02  0.0000E+00 -7.2643E-08
 1.0000E-03 3.0203E-01  1.9204E-02 -9.6858E-08  7.4506E-08
 1.0000E-03 3.0305E-01  1.8973E-02  1.1176E-07  1.6764E-08
 1.0000E-03 3.0408E-01  1.8736E-02  1.5646E-07 -2.4214E-08
 1.0000E-03 3.0512E-01  1.8493E-02 -1.6391E-07  1.8626E-09
 1.0000E-03 3.0616E-01  1.8244E-02 -1.3411E-07  8.3819E-08
 1.0000E-03 3.0722E-01  1.7989E-02  1.3411E-07  5.4017E-08
 1.0000E-03 3.0828E-01  1.7732E-02  9.6858E-08  1.8626E-09
 1.0000E-03 3.0934E-01  1.7486E-02 -2.9802E-08 -5.5879E-09
 1.0000E-03 3.1042E-01  1.7235E-02  1.4901E-07 -1.6764E-08
 1.0000E-03 3.1150E-01  1.6981E-02 -8.1956E-08  7.4506E-09
 1.0000E-03 3.1259E-01  1.6723E-02  1.2666E-07 -1.4901E-08
 1.0000E-03 3.1368E-01  1.6458E-02  2.9802E-08  1.8626E-08
 1.0000E-03 3.1479E-01  1.6187E-02 -2.9802E-08 -5.4017E-08
 1.0000E-03 3.1590E-01  1.5909E-02  5.2154E-08  2.7940E-08
 1.0000E-03 3.1702E-01  1.5624E-02  5.2154E-08  0.0000E+00
 1.0000E-03 3.1815E-01  1.5332E-02 -1.4901E-08  2.1420E-08
 1.0000E-03 3.1929E-01  1.5030E-02 -1.1176E-07 -1.8626E-08
 1.0000E-03 3.2043E-01  1.4715E-02 -6.7055E-08  3.6322E-08
 1.0000E-03 3.2158E-01  1.4379E-02  3.7253E-08  2.5146E-08
 1.0000E-03 3.2274E-01  1.4031E-02  1.4901E-07 -2.7940E-08
 1.0000E-03 3.2391E-01  1.3670E-02  1.6391E-07  2.7940E-09
 1.0000E-03 3.2509E-01  1.3296E-02 -1.0431E-07  7.4506E-09
 1.0000E-03 3.2628E-01  1.2907E-02 -1.4156E-07  8.3819E-09
 1.0000E-03 3.2747E-01  1.2465E-02 -7.4506E-08  6.5193E-09
 1.0000E-03 3.2868E-01  1.2009E-02 -2.6822E-07  0.0000E+00
 1.0000E-03 3.2989E-01  1.1541E-02 -1.1176E-07 -7.4506E-09
 1.0000E-03 3.3111E-01  1.1059E-02 -1.7881E-07  0.0000E+00
 1.0000E-03 3.3234E-01  1.0567E-02 -1.4901E-08 -1.0245E-08
 1.0000E-03 3.3358E-01  1.0061E-02  2.9802E-08 -1.7695E-08
 1.0000E-03 3.3483E-01  9.5400E-03  3.7253E-08  0.0000E+00
 1.0000E-03 3.3609E-01  9.0061E-03  1.5646E-07  1.4901E-08
 1.0000E-03 3.3736E-01  8.4696E-03 -1.0431E-07  2.7940E-09
 1.0000E-03 3.3864E-01  7.9292E-03 -2.2352E-08 -1.8626E-09
 1.0000E-03 3.3992E-01  7.3843E-03 -4.4703E-08  1.3039E-08
 1.0000E-03 3.4122E-01  6.8338E-03  2.2352E-08 -1.1642E-08
 1.0000E-03 3.4253E-01  6.2769E-03  1.6391E-07  1.8626E-09
 1.0000E-03 3.4385E-01  5.7120E-03  8.1956E-08 -1.3970E-09
 1.0000E-03 3.4517E-01  5.1491E-03  1.0431E-07  7.9162E-09
 1.0000E-03 3.4651E-01  4.5999E-03  1.4901E-08  8.8476E-09
 1.0000E-03 3.4786E-01  4.0526E-03 -1.2666E-07 -1.6764E-08
 1.0000E-03 3.4922E-01  3.5070E-03 -8.1956E-08 -3.9581E-09
 1.0000E-03 3.5059E-01  2.9628E-03  4.4703E-08 -1.1642E-09
 1.0000E-03 3.5197E-01  2.4200E-03 -1.4901E-08  1.1642E-09
 1.0000E-03 3.5336E-01  1.8784E-03  1.4901E-08  8.0327E-09
 1.0000E-03 3.5476E-01  1.3457E-03 -8.1956E-08  1.1642E-10
 1.0000E-03 3.5618E-01  8.2014E-04  9.6858E-08 -3.4343E-09
 1.0000E-03 3.5760E-01  2.9913E-04  1.1176E-07  1.1642E-10
 1.0000E-03 3.5904E-01 -2.1687E-04  7.4506E-09  8.7311E-11
 1.0000E-03 3.6048E-01 -7.2729E-04  3.7253E-08 -4.6566E-10
 1.0000E-03 3.6194E-01 -1.2315E-03 -2.9802E-08 -1.0477E-09
 1.0000E-03 3.6341E-01 -1.7269E-03 -7.4506E-09  1.8626E-09
 1.0000E-03 3.6490E-01 -2.2128E-03 -7.4506E-09  6.9849E-10
 1.0000E-03 3.6639E-01 -2.6909E-03 -2.9802E-08  4.4238E-09
 1.0000E-03 3.6790E-01 -3.1605E-03  0.0000E+00 -2.7940E-09
 1.0000E-03 3.6942E-01 -3.6193E-03  1.2666E-07 -5.5879E-09
 1.0000E-03 3.7095E-01 -4.0667E-03  3.7253E-08  7.9162E-09
 1.0000E-03 3.7250E-01 -4.5000E-03  5.9605E-08  5.5879E-09
 1.0000E-03 3.7406E-01 -4.9193E-03 -9.6858E-08  7.4506E-09
 1.0000E-03 3.7563E-01 -5.3268E-03 -3.0547E-07 -1.3970E-09
 1.0000E-03 3.7722E-01 -5.7199E-03  1.1921E-07 -1.2573E-08
 1.0000E-03 3.7881E-01 -6.0956E-03 -7.4506E-09  2.5146E-08
 1.0000E-03 3.8043E-01 -6.4504E-03  2.9802E-08 -1.9092E-08
 1.0000E-03 3.8205E-01 -6.7821E-03  3.2037E-07  2.1886E-08
 1.0000E-03 3.8369E-01 -7.0939E-03 -5.9605E-08 -8.8476E-09
 1.0000E-03 3.8534E-01 -7.3826E-03  2.2352E-07  1.8626E-09
 1.0000E-03 3.8701E-01 -7.6421E-03 -2.9802E-08  3.2596E-09
 1.0000E-03 3.8870E-01 -7.8658E-03 -1.0431E-07 -3.1665E-08
 1.0000E-03 3.9039E-01 -8.0463E-03 -2.2352E-07  7.3574E-08
 1.0000E-03 3.9211E-01 -8.1909E-03 -3.8743E-07  1.5832E-07
 1.0000E-03 3.9383E-01 -8.2826E-03  7.4506E-08  2.4587E-07
 1.0000E-03 3.9558E-01 -8.3113E-03 -4.9174E-07  1.4156E-07
 1.0000E-03 3.9733E-01 -8.2636E-03  1.6391E-07  1.1176E-08
 1.0000E-03 3.9911E-01 -8.1223E-03  1.4901E-08  2.0489E-08
 1.0000E-03 4.0090E-01 -7.8852E-03  1.3411E-07  4.5635E-08
 1.0000E-03 4.0270E-01 -7.5208E-03 -7.4506E-07  1.5600E-07
 1.0000E-03 4.0452E-01 -7.0006E-03 -4.4703E-08 -1.3504E-08
 1.0000E-03 4.0636E-01 -6.2973E-03  8.9407E-08 -1.5832E-08
 1.0000E-03 4.0822E-01 -5.3799E-03 -2.5332E-07  3.6554E-07
 1.0000E-03 4.1009E-01 -4.2097E-03  2.9802E-07  6.7987E-08
 1.0000E-03 4.1198E-01 -2.7345E-03 -2.9802E-07 -1.0408E-07
 1.0000E-03 4.1389E-01 -9.0893E-04 -1.4901E-07 -7.6252E-09
 1.0000E-03 4.1581E-01  1.3138E-03 -2.2352E-07  3.7893E-07
 1.0000E-03 4.1776E-01  3.9831E-03  3.8743E-07 -3.6880E-07
 1.0000E-03 4.1972E-01  7.1750E-03 -4.0233E-07 -2.7940E-07
 1.0000E-03 4.2170E-01  1.0912E-02  4.4703E-08  1.8626E-08
 1.0000E-03 4.2370E-01  1.5222E-02  1.9372E-07  9.9652E-08
 1.0000E-03 4.2571E-01  2.0123E-02  4.1723E-07  4.6566E-08
 1.0000E-03 4.2775E-01  2.5623E-02  7.4506E-08  2.4959E-07
 1.0000E-03 4.2981E-01  3.1677E-02  7.4506E-08  2.6077E-08
 1.0000E-03 4.3188E-01  3.8202E-02  1.9372E-07 -1.0058E-07
 1.0000E-03 4.3398E-01  4.5102E-02 -3.1292E-07  6.3330E-08
 1.0000E-03 4.3610E-01  5.2246E-02  2.6822E-07  1.8626E-08
 1.0000E-03 4.3824E-01  5.9421E-02 -1.3411E-07 -4.4703E-08
 1.0000E-03 4.4039E-01  6.6419E-02  0.0000E+00  4.4703E-08
 1.0000E-03 4.4257E-01  7.3029E-02 -2.6822E-07  1.1176E-07
 1.0000E-03 4.4478E-01  7.9045E-02  2.0862E-07  2.8312E-07
 1.0000E-03 4.4700E-01  8.4261E-02  1.3411E-07 -1.6391E-07
 1.0000E-03 4.4925E-01  8.8566E-02  3.2783E-07  2.4587E-07
 1.0000E-03 4.5152E-01  9.1908E-02  7.4506E-08 -2.3097E-07
 1.0000E-03 4.5381E-01  9.4289E-02 -7.1526E-07  1.2666E-07
 1.0000E-03 4.5612E-01  9.5757E-02 -3.4273E-07  2.0117E-07
 1.0000E-03 4.5846E-01  9.6428E-02  2.6822E-07 -5.8860E-07
 1.0000E-03 4.6082E-01  9.6419E-02  5.9605E-08  5.9605E-08
 1.0000E-03 4.6321E-01  9.5850E-02 -9.6858E-08 -9.6858E-08
 1.0000E-03 4.6563E-01  9.4850E-02  2.7567E-07 -6.7055E-08
 1.0000E-03 4.6806E-01  9.3529E-02 -3.4273E-07  1.5646E-07
 1.0000E-03 4.7053E-01  9.1969E-02  2.9057E-07 -5.4389E-07
 1.0000E-03 4.7302E-01  9.0228E-02 -4.6939E-07 -8.9407E-08
 1.0000E-03 4.7553E-01  8.8381E-02  3.7253E-08  1.5646E-07
 1.0000E-03 4.7807E-01  8.6481E-02  7.1526E-07  1.7881E-07
 1.0000E-03 4.8065E-01  8.4557E-02  1.9372E-07  2.6822E-07
 1.0000E-03 4.8324E-01  8.2636E-02  5.5134E-07  2.2352E-08
 1.0000E-03 4.8587E-01  8.0740E-02 -3.9488E-07 -1.4901E-08
 1.0000E-03 4.8852E-01  7.8883E-02 -8.5682E-08 -3.1292E-07
 1.0000E-03 4.9121E-01  7.7077E-02  8.9407E-08  1.1176E-07
 1.0000E-03 4.9392E-01  7.5332E-02 -2.2352E-07 -2.6822E-07
 1.0000E-03 4.9667E-01  7.3670E-02  2.0489E-07  3.2037E-07
 1.0000E-03 4.9944E-01  7.2120E-02  8.0466E-07 -2.9802E-08
 1.0000E-03 5.0225E-01  7.0652E-02 -2.1607E-07  6.7055E-08
 1.0000E-03 5.0508E-01  6.9271E-02 -1.1548E-07  9.6858E-08
 1.0000E-03 5.0795E-01  6.7983E-02 -6.3330E-08 -5.9605E-08
 1.0000E-03 5.1086E-01  6.6791E-02 -1.2293E-07  5.9605E-08
 1.0000E-03 5.1379E-01  6.5701E-02  7.0781E-08 -7.4506E-09
 1.0000E-03 5.1676E-01  6.4711E-02  3.0175E-07  3.2037E-07
 1.0000E-03 5.1977E-01  6.3817E-02 -8.1956E-08 -3.7253E-08
 1.0000E-03 5.2281E-01  6.2938E-02 -1.8254E-07 -1.1921E-07
 1.0000E-03 5.2588E-01  6.2046E-02 -1.3039E-07  1.0803E-07
 1.0000E-03 5.2899E-01  6.1159E-02 -3.9116E-07  1.4901E-08
 1.0000E-03 5.3214E-01  6.0270E-02  3.4459E-07 -2.0862E-07
 1.0000E-03 5.3533E-01  5.9373E-02  1.7881E-07  2.5705E-07
 1.0000E-03 5.3855E-01  5.8468E-02 -1.7323E-07 -8.1956E-08
 1.0000E-03 5.4182E-01  5.7561E-02  5.6624E-07  9.6858E-08
 1.0000E-03 5.4512E-01  5.6657E-02 -4.5262E-07 -2.4587E-07
 1.0000E-03 5.4847E-01  5.5762E-02  1.5460E-07  6.7055E-08
 1.0000E-03 5.5185E-01  5.4903E-02 -4.0047E-07  4.4331E-07
 1.0000E-03 5.5528E-01  5.4063E-02 -4.8243E-07 -3.0547E-07
 1.0000E-03 5.5875E-01  5.3237E-02  3.3714E-07  1.4156E-07
 1.0000E-03 5.6226E-01  5.2421E-02  2.4773E-07  2.7195E-07
 1.0000E-03 5.6582E-01  5.1607E-02  3.6135E-07 -1.0431E-07
 1.0000E-03 5.6943E-01  5.0792E-02 -1.5646E-07  2.5332E-07
 1.0000E-03 5.7308E-01  4.9972E-02  8.7544E-08 -6.3330E-08
 1.0000E-03 5.7677E-01  4.9146E-02 -1.3970E-07 -1.9372E-07
 1.0000E-03 5.8052E-01  4.8321E-02  2.2911E-07 -1.8626E-07
 1.0000E-03 5.8431E-01  4.7499E-02  1.2945E-07  2.9802E-08
 1.0000E-03 5.8816E-01  4.6696E-02  2.0489E-07  1.0431E-07
 1.0000E-03 5.9205E-01  4.5928E-02 -7.5437E-08 -1.8999E-07
 1.0000E-03 5.9600E-01  4.5206E-02 -1.6391E-07  8.9407E-08
 1.0000E-03 6.0000E-01  4.4537E-02  3.1199E-07 -2.9057E-07
