 DDSCAT --- DDSCAT 7.3.3 [22.01.20]   
 TARGET --->TARGSPHER  spherical target with explicit spacing                 
 GPFAFT --- method of solution 
 FLTRCD --- prescription for polarizabilities
 FROM_FILE --- shape 
    4169 = NAT0 = number of dipoles
 ../../diel/Pena-Rioux_dielectric_26Au_74Ag                  
 ../../diel/Pena-Rioux_dielectric_52Au_48Ag                  
 ../../diel/Pena-Rioux_dielectric_65Au_35Ag                  
 ../../diel/Au_evap                                          
   0.000   0.000 = beta_min, beta_max ;  NBETA = 1
   0.000   0.000 = theta_min, theta_max; NTHETA= 1
   0.000   0.000 = phi_min, phi_max   ;   NPHI = 1
 0.5000 = ETASCA (param. controlling # of scatt. dirs used to calculate <cos> etc.
 Results averaged over    1 target orientations
                   and  2 incident polarizations
   aeff       wave       Q_ext     Q_abs      Q_sca     g(1)=<cos>  <cos^2>    Q_bk       Nsca
 1.0000E-03 3.0000E-01 8.4553E-02 8.4552E-02 1.1304E-06  2.5927E-04 4.0217E-01 1.3473E-07   214
 1.0000E-03 3.0101E-01 8.4084E-02 8.4083E-02 1.1082E-06  2.5874E-04 4.0217E-01 1.3209E-07   214
 1.0000E-03 3.0203E-01 8.3642E-02 8.3641E-02 1.0868E-06  2.5840E-04 4.0217E-01 1.2953E-07   214
 1.0000E-03 3.0305E-01 8.3215E-02 8.3214E-02 1.0659E-06  2.5794E-04 4.0217E-01 1.2704E-07   214
 1.0000E-03 3.0408E-01 8.2802E-02 8.2801E-02 1.0454E-06  2.5767E-04 4.0217E-01 1.2461E-07   214
 1.0000E-03 3.0512E-01 8.2404E-02 8.2403E-02 1.0255E-06  2.5715E-04 4.0217E-01 1.2223E-07   214
 1.0000E-03 3.0616E-01 8.2021E-02 8.2020E-02 1.0061E-06  2.5674E-04 4.0217E-01 1.1992E-07   214
 1.0000E-03 3.0722E-01 8.1652E-02 8.1651E-02 9.8718E-07  2.5633E-04 4.0217E-01 1.1766E-07   214
 1.0000E-03 3.0828E-01 8.1301E-02 8.1300E-02 9.6884E-07  2.5575E-04 4.0217E-01 1.1548E-07   214
 1.0000E-03 3.0934E-01 8.0969E-02 8.0969E-02 9.5135E-07  2.5507E-04 4.0217E-01 1.1339E-07   214
 1.0000E-03 3.1042E-01 8.0648E-02 8.0647E-02 9.3423E-07  2.5472E-04 4.0217E-01 1.1135E-07   214
 1.0000E-03 3.1150E-01 8.0326E-02 8.0325E-02 9.1731E-07  2.5409E-04 4.0217E-01 1.0934E-07   214
 1.0000E-03 3.1259E-01 8.0010E-02 8.0009E-02 9.0071E-07  2.5344E-04 4.0217E-01 1.0736E-07   214
 1.0000E-03 3.1368E-01 7.9705E-02 7.9705E-02 8.8445E-07  2.5316E-04 4.0217E-01 1.0542E-07   214
 1.0000E-03 3.1479E-01 7.9411E-02 7.9410E-02 8.6854E-07  2.5234E-04 4.0217E-01 1.0352E-07   214
 1.0000E-03 3.1590E-01 7.9128E-02 7.9126E-02 8.5298E-07  2.5209E-04 4.0217E-01 1.0167E-07   214
 1.0000E-03 3.1702E-01 7.8854E-02 7.8854E-02 8.3775E-07  2.5136E-04 4.0217E-01 9.9853E-08   214
 1.0000E-03 3.1815E-01 7.8541E-02 7.8540E-02 8.2194E-07  2.5078E-04 4.0217E-01 9.7968E-08   214
 1.0000E-03 3.1929E-01 7.8234E-02 7.8234E-02 8.0636E-07  2.5009E-04 4.0217E-01 9.6112E-08   214
 1.0000E-03 3.2043E-01 7.7945E-02 7.7944E-02 7.9119E-07  2.4968E-04 4.0217E-01 9.4303E-08   214
 1.0000E-03 3.2158E-01 7.7694E-02 7.7693E-02 7.7669E-07  2.4907E-04 4.0217E-01 9.2575E-08   214
 1.0000E-03 3.2274E-01 7.7456E-02 7.7456E-02 7.6254E-07  2.4847E-04 4.0217E-01 9.0889E-08   214
 1.0000E-03 3.2391E-01 7.7234E-02 7.7233E-02 7.4874E-07  2.4779E-04 4.0217E-01 8.9244E-08   214
 1.0000E-03 3.2509E-01 7.7025E-02 7.7024E-02 7.3528E-07  2.4742E-04 4.0217E-01 8.7641E-08   214
 1.0000E-03 3.2628E-01 7.6830E-02 7.6829E-02 7.2216E-07  2.4659E-04 4.0217E-01 8.6077E-08   214
 1.0000E-03 3.2747E-01 7.6663E-02 7.6663E-02 7.0922E-07  2.4597E-04 4.0217E-01 8.4534E-08   214
 1.0000E-03 3.2868E-01 7.6531E-02 7.6531E-02 6.9701E-07  2.4528E-04 4.0217E-01 8.3079E-08   214
 1.0000E-03 3.2989E-01 7.6435E-02 7.6434E-02 6.8557E-07  2.4502E-04 4.0217E-01 8.1715E-08   214
 1.0000E-03 3.3111E-01 7.6374E-02 7.6374E-02 6.7488E-07  2.4389E-04 4.0217E-01 8.0441E-08   214
 1.0000E-03 3.3234E-01 7.6336E-02 7.6336E-02 6.6476E-07  2.4307E-04 4.0217E-01 7.9235E-08   214
 1.0000E-03 3.3358E-01 7.6328E-02 7.6327E-02 6.5530E-07  2.4255E-04 4.0217E-01 7.8109E-08   214
 1.0000E-03 3.3483E-01 7.6355E-02 7.6355E-02 6.4660E-07  2.4136E-04 4.0217E-01 7.7071E-08   214
 1.0000E-03 3.3609E-01 7.6459E-02 7.6458E-02 6.3930E-07  2.4075E-04 4.0217E-01 7.6201E-08   214
 1.0000E-03 3.3736E-01 7.6646E-02 7.6646E-02 6.3360E-07  2.3983E-04 4.0217E-01 7.5522E-08   214
 1.0000E-03 3.3864E-01 7.6881E-02 7.6881E-02 6.2889E-07  2.3922E-04 4.0217E-01 7.4961E-08   214
 1.0000E-03 3.3992E-01 7.7166E-02 7.7165E-02 6.2520E-07  2.3810E-04 4.0217E-01 7.4521E-08   214
 1.0000E-03 3.4122E-01 7.7503E-02 7.7502E-02 6.2255E-07  2.3684E-04 4.0217E-01 7.4205E-08   214
 1.0000E-03 3.4253E-01 7.7895E-02 7.7894E-02 6.2097E-07  2.3595E-04 4.0217E-01 7.4017E-08   214
 1.0000E-03 3.4385E-01 7.8342E-02 7.8342E-02 6.2045E-07  2.3495E-04 4.0217E-01 7.3956E-08   214
 1.0000E-03 3.4517E-01 7.8856E-02 7.8855E-02 6.2123E-07  2.3375E-04 4.0217E-01 7.4048E-08   214
 1.0000E-03 3.4651E-01 7.9428E-02 7.9427E-02 6.2317E-07  2.3248E-04 4.0217E-01 7.4280E-08   214
 1.0000E-03 3.4786E-01 8.0052E-02 8.0052E-02 6.2615E-07  2.3160E-04 4.0217E-01 7.4636E-08   214
 1.0000E-03 3.4922E-01 8.0734E-02 8.0733E-02 6.3023E-07  2.3036E-04 4.0217E-01 7.5121E-08   214
 1.0000E-03 3.5059E-01 8.1477E-02 8.1476E-02 6.3545E-07  2.2933E-04 4.0217E-01 7.5744E-08   214
 1.0000E-03 3.5197E-01 8.2285E-02 8.2284E-02 6.4187E-07  2.2797E-04 4.0217E-01 7.6510E-08   214
 1.0000E-03 3.5336E-01 8.3163E-02 8.3162E-02 6.4958E-07  2.2698E-04 4.0217E-01 7.7429E-08   214
 1.0000E-03 3.5476E-01 8.4107E-02 8.4107E-02 6.5850E-07  2.2559E-04 4.0217E-01 7.8493E-08   214
 1.0000E-03 3.5618E-01 8.5114E-02 8.5113E-02 6.6859E-07  2.2433E-04 4.0217E-01 7.9695E-08   214
 1.0000E-03 3.5760E-01 8.6181E-02 8.6180E-02 6.7978E-07  2.2315E-04 4.0217E-01 8.1030E-08   214
 1.0000E-03 3.5904E-01 8.7313E-02 8.7312E-02 6.9218E-07  2.2184E-04 4.0217E-01 8.2508E-08   214
 1.0000E-03 3.6048E-01 8.8516E-02 8.8515E-02 7.0585E-07  2.2060E-04 4.0217E-01 8.4138E-08   214
 1.0000E-03 3.6194E-01 8.9795E-02 8.9794E-02 7.2089E-07  2.1958E-04 4.0217E-01 8.5931E-08   214
 1.0000E-03 3.6341E-01 9.1150E-02 9.1149E-02 7.3733E-07  2.1804E-04 4.0217E-01 8.7891E-08   214
 1.0000E-03 3.6490E-01 9.2570E-02 9.2569E-02 7.5495E-07  2.1711E-04 4.0217E-01 8.9991E-08   214
 1.0000E-03 3.6639E-01 9.4063E-02 9.4062E-02 7.7391E-07  2.1585E-04 4.0217E-01 9.2251E-08   214
 1.0000E-03 3.6790E-01 9.5634E-02 9.5633E-02 7.9430E-07  2.1448E-04 4.0217E-01 9.4683E-08   214
 1.0000E-03 3.6942E-01 9.7289E-02 9.7288E-02 8.1623E-07  2.1346E-04 4.0217E-01 9.7297E-08   214
 1.0000E-03 3.7095E-01 9.9033E-02 9.9032E-02 8.3979E-07  2.1212E-04 4.0217E-01 1.0011E-07   214
 1.0000E-03 3.7250E-01 1.0087E-01 1.0087E-01 8.6504E-07  2.1090E-04 4.0217E-01 1.0312E-07   214
 1.0000E-03 3.7406E-01 1.0278E-01 1.0278E-01 8.9181E-07  2.0968E-04 4.0217E-01 1.0631E-07   214
 1.0000E-03 3.7563E-01 1.0480E-01 1.0480E-01 9.2039E-07  2.0834E-04 4.0217E-01 1.0971E-07   214
 1.0000E-03 3.7722E-01 1.0691E-01 1.0691E-01 9.5107E-07  2.3539E-04 4.0254E-01 1.1335E-07   184
 1.0000E-03 3.7881E-01 1.0913E-01 1.0913E-01 9.8366E-07  2.3415E-04 4.0254E-01 1.1723E-07   184
 1.0000E-03 3.8043E-01 1.1147E-01 1.1147E-01 1.0185E-06  2.3300E-04 4.0254E-01 1.2139E-07   184
 1.0000E-03 3.8205E-01 1.1392E-01 1.1392E-01 1.0556E-06  2.3149E-04 4.0254E-01 1.2580E-07   184
 1.0000E-03 3.8369E-01 1.1648E-01 1.1648E-01 1.0949E-06  2.3035E-04 4.0254E-01 1.3049E-07   184
 1.0000E-03 3.8534E-01 1.1918E-01 1.1918E-01 1.1370E-06  2.2904E-04 4.0254E-01 1.3550E-07   184
 1.0000E-03 3.8701E-01 1.2203E-01 1.2203E-01 1.1822E-06  2.2773E-04 4.0254E-01 1.4089E-07   184
 1.0000E-03 3.8870E-01 1.2504E-01 1.2504E-01 1.2307E-06  2.2681E-04 4.0254E-01 1.4668E-07   184
 1.0000E-03 3.9039E-01 1.2823E-01 1.2823E-01 1.2829E-06  2.2520E-04 4.0254E-01 1.5290E-07   184
 1.0000E-03 3.9211E-01 1.3159E-01 1.3158E-01 1.3389E-06  2.2404E-04 4.0254E-01 1.5957E-07   184
 1.0000E-03 3.9383E-01 1.3515E-01 1.3515E-01 1.3993E-06  2.2277E-04 4.0254E-01 1.6678E-07   184
 1.0000E-03 3.9558E-01 1.3893E-01 1.3893E-01 1.4647E-06  2.2162E-04 4.0254E-01 1.7457E-07   184
 1.0000E-03 3.9733E-01 1.4295E-01 1.4295E-01 1.5355E-06  2.2034E-04 4.0254E-01 1.8301E-07   184
 1.0000E-03 3.9911E-01 1.4722E-01 1.4722E-01 1.6123E-06  2.1916E-04 4.0254E-01 1.9216E-07   184
 1.0000E-03 4.0090E-01 1.5176E-01 1.5176E-01 1.6958E-06  2.1789E-04 4.0254E-01 2.0211E-07   184
 1.0000E-03 4.0270E-01 1.5659E-01 1.5659E-01 1.7866E-06  2.1656E-04 4.0254E-01 2.1293E-07   184
 1.0000E-03 4.0452E-01 1.6172E-01 1.6172E-01 1.8851E-06  2.1531E-04 4.0254E-01 2.2467E-07   184
 1.0000E-03 4.0636E-01 1.6714E-01 1.6714E-01 1.9918E-06  2.1422E-04 4.0254E-01 2.3740E-07   184
 1.0000E-03 4.0822E-01 1.7286E-01 1.7286E-01 2.1073E-06  2.1281E-04 4.0254E-01 2.5117E-07   184
 1.0000E-03 4.1009E-01 1.7890E-01 1.7890E-01 2.2329E-06  2.1150E-04 4.0254E-01 2.6613E-07   184
 1.0000E-03 4.1198E-01 1.8521E-01 1.8521E-01 2.3681E-06  2.1052E-04 4.0254E-01 2.8225E-07   184
 1.0000E-03 4.1389E-01 1.9174E-01 1.9174E-01 2.5129E-06  2.0920E-04 4.0254E-01 2.9950E-07   184
 1.0000E-03 4.1581E-01 1.9844E-01 1.9844E-01 2.6667E-06  2.0797E-04 4.0254E-01 3.1784E-07   184
 1.0000E-03 4.1776E-01 2.0522E-01 2.0521E-01 2.8294E-06  2.0675E-04 4.0254E-01 3.3723E-07   184
 1.0000E-03 4.1972E-01 2.1198E-01 2.1197E-01 2.9999E-06  2.0570E-04 4.0254E-01 3.5755E-07   184
 1.0000E-03 4.2170E-01 2.1852E-01 2.1852E-01 3.1750E-06  2.0448E-04 4.0254E-01 3.7843E-07   184
 1.0000E-03 4.2370E-01 2.2467E-01 2.2467E-01 3.3524E-06  2.0349E-04 4.0253E-01 3.9956E-07   184
 1.0000E-03 4.2571E-01 2.3023E-01 2.3023E-01 3.5288E-06  2.0233E-04 4.0254E-01 4.2059E-07   184
 1.0000E-03 4.2775E-01 2.3495E-01 2.3494E-01 3.7001E-06  2.0122E-04 4.0254E-01 4.4101E-07   184
 1.0000E-03 4.2981E-01 2.3852E-01 2.3852E-01 3.8600E-06  2.0038E-04 4.0254E-01 4.6007E-07   184
 1.0000E-03 4.3188E-01 2.4071E-01 2.4071E-01 4.0032E-06  1.9908E-04 4.0254E-01 4.7715E-07   184
 1.0000E-03 4.3398E-01 2.4127E-01 2.4126E-01 4.1243E-06  1.9821E-04 4.0254E-01 4.9157E-07   184
 1.0000E-03 4.3610E-01 2.3997E-01 2.3997E-01 4.2172E-06  1.9719E-04 4.0253E-01 5.0265E-07   184
 1.0000E-03 4.3824E-01 2.3660E-01 2.3660E-01 4.2737E-06  1.9612E-04 4.0254E-01 5.0939E-07   184
 1.0000E-03 4.4039E-01 2.3119E-01 2.3118E-01 4.2916E-06  1.9541E-04 4.0253E-01 5.1151E-07   184
 1.0000E-03 4.4257E-01 2.2377E-01 2.2376E-01 4.2680E-06  1.9455E-04 4.0253E-01 5.0870E-07   184
 1.0000E-03 4.4478E-01 2.1451E-01 2.1450E-01 4.2022E-06  1.9358E-04 4.0254E-01 5.0087E-07   184
 1.0000E-03 4.4700E-01 2.0373E-01 2.0373E-01 4.0962E-06  1.9288E-04 4.0253E-01 4.8823E-07   184
 1.0000E-03 4.4925E-01 1.9188E-01 1.9188E-01 3.9560E-06  1.9184E-04 4.0254E-01 4.7152E-07   184
 1.0000E-03 4.5152E-01 1.7935E-01 1.7935E-01 3.7877E-06  1.9122E-04 4.0254E-01 4.5146E-07   184
 1.0000E-03 4.5381E-01 1.6652E-01 1.6652E-01 3.5982E-06  1.9053E-04 4.0254E-01 4.2887E-07   184
 1.0000E-03 4.5612E-01 1.5387E-01 1.5386E-01 3.3963E-06  1.8979E-04 4.0253E-01 4.0481E-07   184
 1.0000E-03 4.5846E-01 1.4168E-01 1.4168E-01 3.1899E-06  1.8910E-04 4.0253E-01 3.8021E-07   184
 1.0000E-03 4.6082E-01 1.3018E-01 1.3018E-01 2.9845E-06  1.8854E-04 4.0254E-01 3.5572E-07   184
 1.0000E-03 4.6321E-01 1.1948E-01 1.1948E-01 2.7841E-06  1.8758E-04 4.0254E-01 3.3185E-07   184
 1.0000E-03 4.6563E-01 1.0966E-01 1.0966E-01 2.5927E-06  1.8685E-04 4.0254E-01 3.0903E-07   184
 1.0000E-03 4.6806E-01 1.0072E-01 1.0072E-01 2.4121E-06  1.8657E-04 4.0254E-01 2.8750E-07   184
 1.0000E-03 4.7053E-01 9.2631E-02 9.2628E-02 2.2429E-06  1.8570E-04 4.0253E-01 2.6734E-07   184
 1.0000E-03 4.7302E-01 8.5373E-02 8.5371E-02 2.0854E-06  1.8515E-04 4.0253E-01 2.4856E-07   184
 1.0000E-03 4.7553E-01 7.8879E-02 7.8877E-02 1.9399E-06  1.8439E-04 4.0253E-01 2.3122E-07   184
 1.0000E-03 4.7807E-01 7.3065E-02 7.3063E-02 1.8059E-06  1.8387E-04 4.0253E-01 2.1525E-07   184
 1.0000E-03 4.8065E-01 6.7872E-02 6.7870E-02 1.6829E-06  1.8311E-04 4.0253E-01 2.0059E-07   184
 1.0000E-03 4.8324E-01 6.3241E-02 6.3240E-02 1.5700E-06  1.8219E-04 4.0253E-01 1.8713E-07   184
 1.0000E-03 4.8587E-01 5.9116E-02 5.9114E-02 1.4666E-06  1.8193E-04 4.0253E-01 1.7481E-07   184
 1.0000E-03 4.8852E-01 5.5447E-02 5.5445E-02 1.3719E-06  1.8119E-04 4.0253E-01 1.6352E-07   184
 1.0000E-03 4.9121E-01 5.2192E-02 5.2191E-02 1.2853E-06  1.8032E-04 4.0253E-01 1.5320E-07   184
 1.0000E-03 4.9392E-01 4.9308E-02 4.9307E-02 1.2061E-06  1.7963E-04 4.0253E-01 1.4376E-07   184
 1.0000E-03 4.9667E-01 4.6781E-02 4.6781E-02 1.1342E-06  1.7908E-04 4.0253E-01 1.3520E-07   184
 1.0000E-03 4.9944E-01 4.4603E-02 4.4602E-02 1.0699E-06  1.7839E-04 4.0253E-01 1.2753E-07   184
 1.0000E-03 5.0225E-01 4.2668E-02 4.2667E-02 1.0112E-06  1.7788E-04 4.0253E-01 1.2053E-07   184
 1.0000E-03 5.0508E-01 4.0945E-02 4.0944E-02 9.5783E-07  1.7736E-04 4.0253E-01 1.1417E-07   184
 1.0000E-03 5.0795E-01 3.9404E-02 3.9403E-02 9.0932E-07  1.7661E-04 4.0253E-01 1.0839E-07   184
 1.0000E-03 5.1086E-01 3.8010E-02 3.8009E-02 8.6537E-07  1.7586E-04 4.0253E-01 1.0315E-07   184
 1.0000E-03 5.1379E-01 3.6723E-02 3.6722E-02 8.2560E-07  1.7537E-04 4.0253E-01 9.8408E-08   184
 1.0000E-03 5.1676E-01 3.5498E-02 3.5497E-02 7.8962E-07  1.7501E-04 4.0253E-01 9.4119E-08   184
 1.0000E-03 5.1977E-01 3.4288E-02 3.4287E-02 7.5694E-07  1.7489E-04 4.0253E-01 9.0224E-08   184
 1.0000E-03 5.2281E-01 3.2919E-02 3.2919E-02 7.2514E-07  1.7408E-04 4.0253E-01 8.6434E-08   184
 1.0000E-03 5.2588E-01 3.1467E-02 3.1466E-02 6.9384E-07  1.7339E-04 4.0253E-01 8.2704E-08   184
 1.0000E-03 5.2899E-01 3.0023E-02 3.0023E-02 6.6371E-07  1.7295E-04 4.0253E-01 7.9112E-08   184
 1.0000E-03 5.3214E-01 2.8602E-02 2.8601E-02 6.3457E-07  1.7234E-04 4.0253E-01 7.5639E-08   184
 1.0000E-03 5.3533E-01 2.7222E-02 2.7221E-02 6.0635E-07  1.7175E-04 4.0253E-01 7.2275E-08   184
 1.0000E-03 5.3855E-01 2.5900E-02 2.5899E-02 5.7907E-07  1.7115E-04 4.0253E-01 6.9023E-08   184
 1.0000E-03 5.4182E-01 2.4650E-02 2.4650E-02 5.5279E-07  1.7080E-04 4.0253E-01 6.5891E-08   184
 1.0000E-03 5.4512E-01 2.3476E-02 2.3476E-02 5.2762E-07  1.7006E-04 4.0253E-01 6.2890E-08   184
 1.0000E-03 5.4847E-01 2.2373E-02 2.2373E-02 5.0358E-07  1.6918E-04 4.0253E-01 6.0025E-08   184
 1.0000E-03 5.5185E-01 2.1363E-02 2.1363E-02 4.8110E-07  1.6873E-04 4.0253E-01 5.7346E-08   184
 1.0000E-03 5.5528E-01 2.0398E-02 2.0398E-02 4.5974E-07  1.6809E-04 4.0253E-01 5.4800E-08   184
 1.0000E-03 5.5875E-01 1.9467E-02 1.9467E-02 4.3936E-07  1.6757E-04 4.0253E-01 5.2371E-08   184
 1.0000E-03 5.6226E-01 1.8568E-02 1.8568E-02 4.1985E-07  1.6703E-04 4.0253E-01 5.0045E-08   184
 1.0000E-03 5.6582E-01 1.7702E-02 1.7701E-02 4.0106E-07  1.6626E-04 4.0253E-01 4.7805E-08   184
 1.0000E-03 5.6943E-01 1.6875E-02 1.6875E-02 3.8291E-07  1.6569E-04 4.0253E-01 4.5642E-08   184
 1.0000E-03 5.7308E-01 1.6102E-02 1.6101E-02 3.6535E-07  1.6479E-04 4.0253E-01 4.3549E-08   184
 1.0000E-03 5.7677E-01 1.5398E-02 1.5398E-02 3.4838E-07  1.6409E-04 4.0253E-01 4.1527E-08   184
 1.0000E-03 5.8052E-01 1.4782E-02 1.4782E-02 3.3207E-07  1.6344E-04 4.0253E-01 3.9583E-08   184
 1.0000E-03 5.8431E-01 1.4268E-02 1.4268E-02 3.1646E-07  1.6263E-04 4.0253E-01 3.7721E-08   184
 1.0000E-03 5.8816E-01 1.3860E-02 1.3860E-02 3.0171E-07  1.6200E-04 4.0253E-01 3.5964E-08   184
 1.0000E-03 5.9205E-01 1.3553E-02 1.3552E-02 2.8798E-07  1.6134E-04 4.0253E-01 3.4326E-08   184
 1.0000E-03 5.9600E-01 1.3334E-02 1.3333E-02 2.7530E-07  1.6063E-04 4.0253E-01 3.2815E-08   184
 1.0000E-03 6.0000E-01 1.3188E-02 1.3187E-02 2.6370E-07  1.6010E-04 4.0253E-01 3.1433E-08   184
