 DDSCAT --- DDSCAT 7.3.3 [22.01.20]   
 TARGET --->TARGSPHER  spherical target with explicit spacing                 
 GPFAFT --- method of solution 
 FLTRCD --- prescription for polarizabilities
 FROM_FILE --- shape 
    4169 = NAT0 = number of dipoles
 ../../diel/Pena-Rioux_dielectric_26Au_74Ag                  
 ../../diel/Pena-Rioux_dielectric_85Au_15Ag                  
 ../../diel/Pena-Rioux_dielectric_92Au_8Ag                   
 ../../diel/Au_evap                                          
   0.000   0.000 = beta_min, beta_max ;  NBETA = 1
   0.000   0.000 = theta_min, theta_max; NTHETA= 1
   0.000   0.000 = phi_min, phi_max   ;   NPHI = 1
 0.5000 = ETASCA (param. controlling # of scatt. dirs used to calculate <cos> etc.
 Results averaged over    1 target orientations
                   and  2 incident polarizations
   aeff       wave       Q_ext     Q_abs      Q_sca     g(1)=<cos>  <cos^2>    Q_bk       Nsca
 4.0000E-02 3.0000E-01 2.5901E+00 1.7883E+00 8.0177E-01  2.4770E-01 4.1401E-01 4.2042E-02   408
 4.0000E-02 3.0101E-01 2.5830E+00 1.7880E+00 7.9502E-01  2.4596E-01 4.1383E-01 4.2047E-02   408
 4.0000E-02 3.0203E-01 2.5759E+00 1.7876E+00 7.8829E-01  2.4423E-01 4.1366E-01 4.2043E-02   408
 4.0000E-02 3.0305E-01 2.5688E+00 1.7872E+00 7.8153E-01  2.4251E-01 4.1348E-01 4.2030E-02   408
 4.0000E-02 3.0408E-01 2.5616E+00 1.7868E+00 7.7477E-01  2.4080E-01 4.1331E-01 4.2008E-02   408
 4.0000E-02 3.0512E-01 2.5543E+00 1.7864E+00 7.6796E-01  2.3910E-01 4.1314E-01 4.1976E-02   408
 4.0000E-02 3.0616E-01 2.5470E+00 1.7859E+00 7.6113E-01  2.3742E-01 4.1298E-01 4.1934E-02   408
 4.0000E-02 3.0722E-01 2.5396E+00 1.7853E+00 7.5426E-01  2.3574E-01 4.1282E-01 4.1883E-02   408
 4.0000E-02 3.0828E-01 2.5323E+00 1.7848E+00 7.4748E-01  2.3406E-01 4.1265E-01 4.1831E-02   408
 4.0000E-02 3.0934E-01 2.5255E+00 1.7845E+00 7.4105E-01  2.3237E-01 4.1249E-01 4.1794E-02   408
 4.0000E-02 3.1042E-01 2.5187E+00 1.7841E+00 7.3461E-01  2.3070E-01 4.1233E-01 4.1747E-02   408
 4.0000E-02 3.1150E-01 2.5117E+00 1.7836E+00 7.2806E-01  2.2902E-01 4.1217E-01 4.1691E-02   408
 4.0000E-02 3.1259E-01 2.5045E+00 1.7831E+00 7.2148E-01  2.2735E-01 4.1202E-01 4.1626E-02   408
 4.0000E-02 3.1368E-01 2.4973E+00 1.7825E+00 7.1487E-01  2.2569E-01 4.1187E-01 4.1553E-02   408
 4.0000E-02 3.1479E-01 2.4901E+00 1.7818E+00 7.0825E-01  2.2414E-01 4.1187E-01 4.1472E-02   362
 4.0000E-02 3.1590E-01 2.4828E+00 1.7812E+00 7.0161E-01  2.2249E-01 4.1172E-01 4.1383E-02   362
 4.0000E-02 3.1702E-01 2.4754E+00 1.7804E+00 6.9495E-01  2.2084E-01 4.1157E-01 4.1286E-02   363
 4.0000E-02 3.1815E-01 2.4674E+00 1.7794E+00 6.8800E-01  2.1922E-01 4.1143E-01 4.1162E-02   363
 4.0000E-02 3.1929E-01 2.4592E+00 1.7783E+00 6.8092E-01  2.1762E-01 4.1129E-01 4.1024E-02   363
 4.0000E-02 3.2043E-01 2.4508E+00 1.7771E+00 6.7377E-01  2.1602E-01 4.1115E-01 4.0873E-02   363
 4.0000E-02 3.2158E-01 2.4425E+00 1.7758E+00 6.6665E-01  2.1442E-01 4.1101E-01 4.0716E-02   363
 4.0000E-02 3.2274E-01 2.4339E+00 1.7745E+00 6.5946E-01  2.1284E-01 4.1088E-01 4.0547E-02   363
 4.0000E-02 3.2391E-01 2.4252E+00 1.7730E+00 6.5220E-01  2.1126E-01 4.1075E-01 4.0367E-02   363
 4.0000E-02 3.2509E-01 2.4162E+00 1.7714E+00 6.4488E-01  2.0969E-01 4.1062E-01 4.0174E-02   363
 4.0000E-02 3.2628E-01 2.4071E+00 1.7696E+00 6.3749E-01  2.0812E-01 4.1049E-01 3.9971E-02   363
 4.0000E-02 3.2747E-01 2.3969E+00 1.7673E+00 6.2954E-01  2.0661E-01 4.1038E-01 3.9719E-02   363
 4.0000E-02 3.2868E-01 2.3867E+00 1.7650E+00 6.2170E-01  2.0508E-01 4.1026E-01 3.9468E-02   363
 4.0000E-02 3.2989E-01 2.3767E+00 1.7627E+00 6.1402E-01  2.0355E-01 4.1014E-01 3.9222E-02   363
 4.0000E-02 3.3111E-01 2.3668E+00 1.7603E+00 6.0650E-01  2.0200E-01 4.1002E-01 3.8980E-02   363
 4.0000E-02 3.3234E-01 2.3568E+00 1.7578E+00 5.9907E-01  2.0045E-01 4.0990E-01 3.8740E-02   363
 4.0000E-02 3.3358E-01 2.3470E+00 1.7552E+00 5.9182E-01  1.9887E-01 4.0978E-01 3.8509E-02   363
 4.0000E-02 3.3483E-01 2.3373E+00 1.7526E+00 5.8473E-01  1.9728E-01 4.0966E-01 3.8281E-02   363
 4.0000E-02 3.3609E-01 2.3282E+00 1.7501E+00 5.7812E-01  1.9565E-01 4.0954E-01 3.8084E-02   363
 4.0000E-02 3.3736E-01 2.3202E+00 1.7480E+00 5.7221E-01  1.9397E-01 4.0941E-01 3.7933E-02   363
 4.0000E-02 3.3864E-01 2.3129E+00 1.7462E+00 5.6674E-01  1.9224E-01 4.0928E-01 3.7812E-02   363
 4.0000E-02 3.3992E-01 2.3062E+00 1.7445E+00 5.6175E-01  1.9047E-01 4.0915E-01 3.7723E-02   363
 4.0000E-02 3.4122E-01 2.3003E+00 1.7430E+00 5.5725E-01  1.8866E-01 4.0901E-01 3.7667E-02   363
 4.0000E-02 3.4253E-01 2.2950E+00 1.7418E+00 5.5325E-01  1.8682E-01 4.0888E-01 3.7645E-02   363
 4.0000E-02 3.4385E-01 2.2905E+00 1.7408E+00 5.4973E-01  1.8492E-01 4.0874E-01 3.7658E-02   363
 4.0000E-02 3.4517E-01 2.2870E+00 1.7401E+00 5.4690E-01  1.8298E-01 4.0860E-01 3.7719E-02   363
 4.0000E-02 3.4651E-01 2.2849E+00 1.7401E+00 5.4480E-01  1.8099E-01 4.0845E-01 3.7835E-02   363
 4.0000E-02 3.4786E-01 2.2837E+00 1.7404E+00 5.4333E-01  1.7896E-01 4.0830E-01 3.7995E-02   363
 4.0000E-02 3.4922E-01 2.2836E+00 1.7411E+00 5.4247E-01  1.7690E-01 4.0815E-01 3.8201E-02   363
 4.0000E-02 3.5059E-01 2.2846E+00 1.7423E+00 5.4225E-01  1.7481E-01 4.0800E-01 3.8454E-02   363
 4.0000E-02 3.5197E-01 2.2867E+00 1.7440E+00 5.4270E-01  1.7269E-01 4.0784E-01 3.8757E-02   363
 4.0000E-02 3.5336E-01 2.2899E+00 1.7461E+00 5.4383E-01  1.7054E-01 4.0769E-01 3.9113E-02   363
 4.0000E-02 3.5476E-01 2.2947E+00 1.7489E+00 5.4574E-01  1.6837E-01 4.0753E-01 3.9529E-02   363
 4.0000E-02 3.5618E-01 2.3008E+00 1.7524E+00 5.4838E-01  1.6620E-01 4.0738E-01 4.0000E-02   363
 4.0000E-02 3.5760E-01 2.3079E+00 1.7563E+00 5.5164E-01  1.6401E-01 4.0722E-01 4.0521E-02   363
 4.0000E-02 3.5904E-01 2.3163E+00 1.7608E+00 5.5554E-01  1.6180E-01 4.0706E-01 4.1095E-02   363
 4.0000E-02 3.6048E-01 2.3259E+00 1.7658E+00 5.6013E-01  1.5959E-01 4.0691E-01 4.1725E-02   363
 4.0000E-02 3.6194E-01 2.3368E+00 1.7714E+00 5.6540E-01  1.5736E-01 4.0675E-01 4.2413E-02   363
 4.0000E-02 3.6341E-01 2.3491E+00 1.7777E+00 5.7140E-01  1.5513E-01 4.0659E-01 4.3163E-02   363
 4.0000E-02 3.6490E-01 2.3625E+00 1.7845E+00 5.7801E-01  1.5290E-01 4.0644E-01 4.3965E-02   363
 4.0000E-02 3.6639E-01 2.3770E+00 1.7918E+00 5.8521E-01  1.5066E-01 4.0629E-01 4.4822E-02   363
 4.0000E-02 3.6790E-01 2.3928E+00 1.7997E+00 5.9307E-01  1.4842E-01 4.0613E-01 4.5738E-02   363
 4.0000E-02 3.6942E-01 2.4098E+00 1.8082E+00 6.0157E-01  1.4618E-01 4.0598E-01 4.6713E-02   363
 4.0000E-02 3.7095E-01 2.4280E+00 1.8173E+00 6.1075E-01  1.4394E-01 4.0583E-01 4.7752E-02   363
 4.0000E-02 3.7250E-01 2.4476E+00 1.8270E+00 6.2059E-01  1.4169E-01 4.0568E-01 4.8855E-02   363
 4.0000E-02 3.7406E-01 2.4681E+00 1.8372E+00 6.3097E-01  1.3945E-01 4.0553E-01 5.0013E-02   363
 4.0000E-02 3.7563E-01 2.4898E+00 1.8478E+00 6.4201E-01  1.3718E-01 4.0538E-01 5.1237E-02   363
 4.0000E-02 3.7722E-01 2.5126E+00 1.8590E+00 6.5362E-01  1.3493E-01 4.0524E-01 5.2521E-02   363
 4.0000E-02 3.7881E-01 2.5367E+00 1.8708E+00 6.6590E-01  1.3267E-01 4.0510E-01 5.3874E-02   363
 4.0000E-02 3.8043E-01 2.5621E+00 1.8832E+00 6.7889E-01  1.3041E-01 4.0495E-01 5.5300E-02   363
 4.0000E-02 3.8205E-01 2.5886E+00 1.8961E+00 6.9248E-01  1.2814E-01 4.0481E-01 5.6793E-02   363
 4.0000E-02 3.8369E-01 2.6160E+00 1.9095E+00 7.0658E-01  1.2586E-01 4.0468E-01 5.8350E-02   363
 4.0000E-02 3.8534E-01 2.6447E+00 1.9233E+00 7.2137E-01  1.2358E-01 4.0454E-01 5.9982E-02   363
 4.0000E-02 3.8701E-01 2.6746E+00 1.9377E+00 7.3687E-01  1.2129E-01 4.0440E-01 6.1696E-02   363
 4.0000E-02 3.8870E-01 2.7059E+00 1.9528E+00 7.5316E-01  1.1899E-01 4.0427E-01 6.3497E-02   363
 4.0000E-02 3.9039E-01 2.7387E+00 1.9684E+00 7.7030E-01  1.1675E-01 4.0431E-01 6.5396E-02   323
 4.0000E-02 3.9211E-01 2.7728E+00 1.9846E+00 7.8819E-01  1.1442E-01 4.0418E-01 6.7383E-02   323
 4.0000E-02 3.9383E-01 2.8083E+00 2.0014E+00 8.0693E-01  1.1209E-01 4.0405E-01 6.9470E-02   323
 4.0000E-02 3.9558E-01 2.8453E+00 2.0188E+00 8.2658E-01  1.0975E-01 4.0393E-01 7.1662E-02   323
 4.0000E-02 3.9733E-01 2.8840E+00 2.0368E+00 8.4720E-01  1.0739E-01 4.0381E-01 7.3969E-02   323
 4.0000E-02 3.9911E-01 2.9247E+00 2.0557E+00 8.6897E-01  1.0503E-01 4.0368E-01 7.6409E-02   323
 4.0000E-02 4.0090E-01 2.9671E+00 2.0753E+00 8.9182E-01  1.0266E-01 4.0357E-01 7.8975E-02   323
 4.0000E-02 4.0270E-01 3.0114E+00 2.0956E+00 9.1580E-01  1.0028E-01 4.0345E-01 8.1677E-02   323
 4.0000E-02 4.0452E-01 3.0578E+00 2.1167E+00 9.4103E-01  9.7890E-02 4.0333E-01 8.4525E-02   323
 4.0000E-02 4.0636E-01 3.1063E+00 2.1387E+00 9.6758E-01  9.5495E-02 4.0322E-01 8.7530E-02   323
 4.0000E-02 4.0822E-01 3.1571E+00 2.1616E+00 9.9550E-01  9.3093E-02 4.0311E-01 9.0701E-02   323
 4.0000E-02 4.1009E-01 3.2103E+00 2.1855E+00 1.0249E+00  9.0687E-02 4.0301E-01 9.4042E-02   323
 4.0000E-02 4.1198E-01 3.2660E+00 2.2103E+00 1.0558E+00  8.8279E-02 4.0290E-01 9.7567E-02   323
 4.0000E-02 4.1389E-01 3.3243E+00 2.2361E+00 1.0882E+00  8.5866E-02 4.0280E-01 1.0128E-01   323
 4.0000E-02 4.1581E-01 3.3852E+00 2.2630E+00 1.1221E+00  8.3449E-02 4.0270E-01 1.0518E-01   323
 4.0000E-02 4.1776E-01 3.4487E+00 2.2911E+00 1.1576E+00  8.1036E-02 4.0261E-01 1.0928E-01   323
 4.0000E-02 4.1972E-01 3.5148E+00 2.3202E+00 1.1946E+00  7.8630E-02 4.0252E-01 1.1357E-01   323
 4.0000E-02 4.2170E-01 3.5833E+00 2.3504E+00 1.2329E+00  7.6235E-02 4.0243E-01 1.1803E-01   323
 4.0000E-02 4.2370E-01 3.6539E+00 2.3815E+00 1.2724E+00  7.3856E-02 4.0234E-01 1.2266E-01   323
 4.0000E-02 4.2571E-01 3.7263E+00 2.4134E+00 1.3129E+00  7.1494E-02 4.0225E-01 1.2744E-01   323
 4.0000E-02 4.2775E-01 3.8000E+00 2.4459E+00 1.3541E+00  6.9156E-02 4.0218E-01 1.3233E-01   323
 4.0000E-02 4.2981E-01 3.8749E+00 2.4790E+00 1.3960E+00  6.6842E-02 4.0210E-01 1.3735E-01   323
 4.0000E-02 4.3188E-01 3.9511E+00 2.5124E+00 1.4387E+00  6.4555E-02 4.0203E-01 1.4250E-01   323
 4.0000E-02 4.3398E-01 4.0285E+00 2.5463E+00 1.4822E+00  6.2296E-02 4.0196E-01 1.4778E-01   323
 4.0000E-02 4.3610E-01 4.1070E+00 2.5805E+00 1.5265E+00  6.0068E-02 4.0190E-01 1.5318E-01   323
 4.0000E-02 4.3824E-01 4.1867E+00 2.6151E+00 1.5717E+00  5.7878E-02 4.0184E-01 1.5873E-01   323
 4.0000E-02 4.4039E-01 4.2681E+00 2.6501E+00 1.6181E+00  5.5726E-02 4.0179E-01 1.6444E-01   323
 4.0000E-02 4.4257E-01 4.3512E+00 2.6856E+00 1.6656E+00  5.3622E-02 4.0174E-01 1.7031E-01   323
 4.0000E-02 4.4478E-01 4.4357E+00 2.7216E+00 1.7141E+00  5.1571E-02 4.0169E-01 1.7631E-01   323
 4.0000E-02 4.4700E-01 4.5222E+00 2.7582E+00 1.7640E+00  4.9577E-02 4.0165E-01 1.8248E-01   323
 4.0000E-02 4.4925E-01 4.6106E+00 2.7954E+00 1.8152E+00  4.7641E-02 4.0162E-01 1.8881E-01   323
 4.0000E-02 4.5152E-01 4.7006E+00 2.8330E+00 1.8675E+00  4.5756E-02 4.0158E-01 1.9529E-01   323
 4.0000E-02 4.5381E-01 4.7921E+00 2.8710E+00 1.9212E+00  4.3916E-02 4.0155E-01 2.0193E-01   323
 4.0000E-02 4.5612E-01 4.8859E+00 2.9094E+00 1.9765E+00  4.2132E-02 4.0152E-01 2.0878E-01   323
 4.0000E-02 4.5846E-01 4.9817E+00 2.9481E+00 2.0336E+00  4.0399E-02 4.0149E-01 2.1584E-01   323
 4.0000E-02 4.6082E-01 5.0798E+00 2.9870E+00 2.0927E+00  3.8715E-02 4.0147E-01 2.2314E-01   323
 4.0000E-02 4.6321E-01 5.1805E+00 3.0261E+00 2.1544E+00  3.7072E-02 4.0145E-01 2.3074E-01   323
 4.0000E-02 4.6563E-01 5.2845E+00 3.0654E+00 2.2192E+00  3.5461E-02 4.0142E-01 2.3872E-01   323
 4.0000E-02 4.6806E-01 5.3919E+00 3.1045E+00 2.2874E+00  3.3877E-02 4.0140E-01 2.4711E-01   323
 4.0000E-02 4.7053E-01 5.5030E+00 3.1435E+00 2.3595E+00  3.2316E-02 4.0138E-01 2.5598E-01   323
 4.0000E-02 4.7302E-01 5.6175E+00 3.1819E+00 2.4357E+00  3.0773E-02 4.0137E-01 2.6534E-01   323
 4.0000E-02 4.7553E-01 5.7351E+00 3.2193E+00 2.5158E+00  2.9246E-02 4.0135E-01 2.7519E-01   323
 4.0000E-02 4.7807E-01 5.8552E+00 3.2552E+00 2.6000E+00  2.7732E-02 4.0133E-01 2.8554E-01   323
 4.0000E-02 4.8065E-01 5.9766E+00 3.2888E+00 2.6878E+00  2.6230E-02 4.0132E-01 2.9636E-01   323
 4.0000E-02 4.8324E-01 6.0977E+00 3.3192E+00 2.7785E+00  2.4740E-02 4.0131E-01 3.0755E-01   323
 4.0000E-02 4.8587E-01 6.2152E+00 3.3453E+00 2.8700E+00  2.3272E-02 4.0129E-01 3.1889E-01   323
 4.0000E-02 4.8852E-01 6.3263E+00 3.3658E+00 2.9605E+00  2.1829E-02 4.0128E-01 3.3017E-01   323
 4.0000E-02 4.9121E-01 6.4272E+00 3.3794E+00 3.0478E+00  2.0419E-02 4.0127E-01 3.4113E-01   323
 4.0000E-02 4.9392E-01 6.5133E+00 3.3848E+00 3.1285E+00  1.9054E-02 4.0126E-01 3.5136E-01   323
 4.0000E-02 4.9667E-01 6.5813E+00 3.3814E+00 3.2000E+00  1.7752E-02 4.0125E-01 3.6055E-01   323
 4.0000E-02 4.9944E-01 6.6298E+00 3.3688E+00 3.2611E+00  1.6528E-02 4.0125E-01 3.6852E-01   323
 4.0000E-02 5.0225E-01 6.6546E+00 3.3458E+00 3.3088E+00  1.5361E-02 4.0124E-01 3.7494E-01   323
 4.0000E-02 5.0508E-01 6.6542E+00 3.3126E+00 3.3417E+00  1.4253E-02 4.0123E-01 3.7964E-01   323
 4.0000E-02 5.0795E-01 6.6283E+00 3.2691E+00 3.3592E+00  1.3200E-02 4.0122E-01 3.8253E-01   324
 4.0000E-02 5.1086E-01 6.5773E+00 3.2161E+00 3.3612E+00  1.2199E-02 4.0121E-01 3.8361E-01   324
 4.0000E-02 5.1379E-01 6.5039E+00 3.1546E+00 3.3493E+00  1.1280E-02 4.0140E-01 3.8304E-01   285
 4.0000E-02 5.1676E-01 6.4107E+00 3.0853E+00 3.3254E+00  1.0361E-02 4.0139E-01 3.8104E-01   285
 4.0000E-02 5.1977E-01 6.3008E+00 3.0088E+00 3.2920E+00  9.4681E-03 4.0138E-01 3.7792E-01   285
 4.0000E-02 5.2281E-01 6.1686E+00 2.9205E+00 3.2481E+00  8.5517E-03 4.0137E-01 3.7361E-01   285
 4.0000E-02 5.2588E-01 6.0130E+00 2.8216E+00 3.1914E+00  7.6161E-03 4.0137E-01 3.6782E-01   285
 4.0000E-02 5.2899E-01 5.8392E+00 2.7155E+00 3.1237E+00  6.6824E-03 4.0136E-01 3.6074E-01   285
 4.0000E-02 5.3214E-01 5.6486E+00 2.6030E+00 3.0456E+00  5.7474E-03 4.0136E-01 3.5243E-01   285
 4.0000E-02 5.3533E-01 5.4420E+00 2.4852E+00 2.9568E+00  4.8113E-03 4.0135E-01 3.4285E-01   285
 4.0000E-02 5.3855E-01 5.2212E+00 2.3637E+00 2.8575E+00  3.8753E-03 4.0135E-01 3.3199E-01   285
 4.0000E-02 5.4182E-01 4.9893E+00 2.2410E+00 2.7483E+00  2.9367E-03 4.0134E-01 3.1994E-01   285
 4.0000E-02 5.4512E-01 4.7503E+00 2.1197E+00 2.6306E+00  1.9959E-03 4.0134E-01 3.0684E-01   285
 4.0000E-02 5.4847E-01 4.5096E+00 2.0029E+00 2.5067E+00  1.0513E-03 4.0133E-01 2.9297E-01   285
 4.0000E-02 5.5185E-01 4.2767E+00 1.8947E+00 2.3820E+00  1.1850E-04 4.0133E-01 2.7893E-01   285
 4.0000E-02 5.5528E-01 4.0525E+00 1.7944E+00 2.2581E+00 -8.1227E-04 4.0132E-01 2.6493E-01   285
 4.0000E-02 5.5875E-01 3.8395E+00 1.7020E+00 2.1375E+00 -1.7421E-03 4.0131E-01 2.5126E-01   285
 4.0000E-02 5.6226E-01 3.6389E+00 1.6171E+00 2.0218E+00 -2.6721E-03 4.0130E-01 2.3811E-01   285
 4.0000E-02 5.6582E-01 3.4507E+00 1.5388E+00 1.9119E+00 -3.6000E-03 4.0130E-01 2.2560E-01   285
 4.0000E-02 5.6943E-01 3.2741E+00 1.4661E+00 1.8080E+00 -4.5260E-03 4.0129E-01 2.1376E-01   285
 4.0000E-02 5.7308E-01 3.1075E+00 1.3978E+00 1.7098E+00 -5.4516E-03 4.0129E-01 2.0255E-01   285
 4.0000E-02 5.7677E-01 2.9496E+00 1.3331E+00 1.6165E+00 -6.3773E-03 4.0128E-01 1.9188E-01   285
 4.0000E-02 5.8052E-01 2.7992E+00 1.2721E+00 1.5271E+00 -7.3040E-03 4.0128E-01 1.8162E-01   285
 4.0000E-02 5.8431E-01 2.6563E+00 1.2158E+00 1.4404E+00 -8.2343E-03 4.0127E-01 1.7165E-01   285
 4.0000E-02 5.8816E-01 2.5227E+00 1.1659E+00 1.3569E+00 -9.1639E-03 4.0126E-01 1.6201E-01   285
 4.0000E-02 5.9205E-01 2.4013E+00 1.1239E+00 1.2774E+00 -1.0083E-02 4.0126E-01 1.5281E-01   285
 4.0000E-02 5.9600E-01 2.2933E+00 1.0903E+00 1.2029E+00 -1.0982E-02 4.0125E-01 1.4417E-01   285
 4.0000E-02 6.0000E-01 2.1991E+00 1.0649E+00 1.1342E+00 -1.1848E-02 4.0124E-01 1.3618E-01   285
