 DDSCAT --- DDSCAT 7.3.3 [22.01.20]   
 TARGET --->TARGSPHER  spherical target with explicit spacing                 
 GPFAFT --- method of solution 
 FLTRCD --- prescription for polarizabilities
 FROM_FILE --- shape 
    4169 = NAT0 = number of dipoles
 ../../diel/Pena-Rioux_dielectric_26Au_74Ag                  
 ../../diel/Pena-Rioux_dielectric_85Au_15Ag                  
 ../../diel/Pena-Rioux_dielectric_92Au_8Ag                   
 ../../diel/Au_evap                                          
   0.000   0.000 = beta_min, beta_max ;  NBETA = 1
   0.000   0.000 = theta_min, theta_max; NTHETA= 1
   0.000   0.000 = phi_min, phi_max   ;   NPHI = 1
 Results averaged over    1 target orientations
                   and  2 incident polarizations
   aeff       wave       Q_pha       Q_pol       Q_cpol
 4.0000E-02 3.0000E-01 -8.1054E-03 -7.8678E-06  4.0978E-08
 4.0000E-02 3.0101E-01 -6.8458E-03  6.4373E-06 -7.0315E-08
 4.0000E-02 3.0203E-01 -5.8714E-03 -7.6294E-06  5.3085E-08
 4.0000E-02 3.0305E-01 -5.0551E-03  5.7220E-06  2.7940E-09
 4.0000E-02 3.0408E-01 -4.3819E-03  5.2452E-06 -4.3306E-08
 4.0000E-02 3.0512E-01 -3.8894E-03  2.6226E-06  1.1642E-08
 4.0000E-02 3.0616E-01 -3.5692E-03  5.7220E-06 -5.6345E-08
 4.0000E-02 3.0722E-01 -3.4260E-03 -7.1526E-07  4.0280E-08
 4.0000E-02 3.0828E-01 -3.4361E-03  2.3842E-06 -1.3970E-08
 4.0000E-02 3.0934E-01 -3.4931E-03 -2.3842E-06 -6.8452E-08
 4.0000E-02 3.1042E-01 -3.6610E-03 -2.1458E-06 -1.0710E-08
 4.0000E-02 3.1150E-01 -3.8511E-03 -2.8610E-06  6.1700E-08
 4.0000E-02 3.1259E-01 -4.1385E-03 -5.0068E-06 -7.6368E-08
 4.0000E-02 3.1368E-01 -4.5780E-03  8.8215E-06 -1.9092E-08
 4.0000E-02 3.1479E-01 -5.1733E-03 -4.0531E-06 -1.3504E-08
 4.0000E-02 3.1590E-01 -5.9290E-03  1.4305E-06 -6.1933E-08
 4.0000E-02 3.1702E-01 -6.8501E-03  0.0000E+00 -2.9802E-08
 4.0000E-02 3.1815E-01 -7.5656E-03 -5.7220E-06  9.1735E-08
 4.0000E-02 3.1929E-01 -8.4665E-03  3.8147E-06  1.8626E-09
 4.0000E-02 3.2043E-01 -9.6399E-03 -2.3842E-07 -1.0245E-08
 4.0000E-02 3.2158E-01 -1.1375E-02  9.5367E-06 -2.2352E-08
 4.0000E-02 3.2274E-01 -1.3372E-02 -1.1921E-06  9.3132E-10
 4.0000E-02 3.2391E-01 -1.5642E-02  3.3379E-06  5.0291E-08
 4.0000E-02 3.2509E-01 -1.8190E-02 -1.6689E-06  1.1176E-08
 4.0000E-02 3.2628E-01 -2.1028E-02  3.5763E-06  9.3132E-09
 4.0000E-02 3.2747E-01 -2.4672E-02  2.1458E-06 -9.3132E-08
 4.0000E-02 3.2868E-01 -2.8768E-02 -1.6689E-06  9.3132E-09
 4.0000E-02 3.2989E-01 -3.3306E-02  3.5763E-06 -8.5682E-08
 4.0000E-02 3.3111E-01 -3.8300E-02 -7.1526E-07 -1.0803E-07
 4.0000E-02 3.3234E-01 -4.3599E-02 -2.6226E-06 -2.2352E-08
 4.0000E-02 3.3358E-01 -4.9253E-02  2.1458E-06 -4.0978E-08
 4.0000E-02 3.3483E-01 -5.5394E-02 -7.1526E-07 -5.5879E-08
 4.0000E-02 3.3609E-01 -6.2194E-02 -2.3842E-07 -1.1548E-07
 4.0000E-02 3.3736E-01 -6.9579E-02 -4.7684E-07 -2.3842E-07
 4.0000E-02 3.3864E-01 -7.7346E-02  1.9073E-06 -1.1176E-07
 4.0000E-02 3.3992E-01 -8.5497E-02 -3.8147E-06  7.4506E-08
 4.0000E-02 3.4122E-01 -9.4045E-02 -4.0531E-06 -4.4703E-08
 4.0000E-02 3.4253E-01 -1.0300E-01 -1.6689E-06 -7.4506E-08
 4.0000E-02 3.4385E-01 -1.1237E-01 -3.0994E-06  5.9605E-08
 4.0000E-02 3.4517E-01 -1.2213E-01 -3.8147E-06  1.4901E-07
 4.0000E-02 3.4651E-01 -1.3208E-01  1.1921E-06  5.0664E-07
 4.0000E-02 3.4786E-01 -1.4227E-01 -2.6226E-06  1.6391E-07
 4.0000E-02 3.4922E-01 -1.5272E-01  6.1989E-06 -2.5332E-07
 4.0000E-02 3.5059E-01 -1.6342E-01  5.2452E-06  8.9407E-08
 4.0000E-02 3.5197E-01 -1.7439E-01 -2.6226E-06 -7.4506E-08
 4.0000E-02 3.5336E-01 -1.8563E-01 -2.6226E-06  4.6194E-07
 4.0000E-02 3.5476E-01 -1.9704E-01 -3.3379E-06 -4.4703E-08
 4.0000E-02 3.5618E-01 -2.0855E-01  2.6226E-06 -7.4506E-08
 4.0000E-02 3.5760E-01 -2.2017E-01  4.7684E-06 -4.3213E-07
 4.0000E-02 3.5904E-01 -2.3189E-01  4.7684E-06  4.4703E-08
 4.0000E-02 3.6048E-01 -2.4371E-01  2.3842E-06 -2.5332E-07
 4.0000E-02 3.6194E-01 -2.5564E-01 -1.6689E-06  3.2783E-07
 4.0000E-02 3.6341E-01 -2.6763E-01 -2.3842E-06  7.4506E-07
 4.0000E-02 3.6490E-01 -2.7952E-01  2.3842E-07  2.9802E-07
 4.0000E-02 3.6639E-01 -2.9141E-01 -4.7684E-07 -6.5565E-07
 4.0000E-02 3.6790E-01 -3.0329E-01 -5.0068E-06  6.8545E-07
 4.0000E-02 3.6942E-01 -3.1513E-01  9.5367E-07  4.1723E-07
 4.0000E-02 3.7095E-01 -3.2694E-01 -1.6689E-06  2.9802E-07
 4.0000E-02 3.7250E-01 -3.3869E-01  0.0000E+00  2.9802E-07
 4.0000E-02 3.7406E-01 -3.5029E-01 -2.1458E-06 -1.1921E-07
 4.0000E-02 3.7563E-01 -3.6184E-01  3.8147E-06  2.6822E-07
 4.0000E-02 3.7722E-01 -3.7329E-01  3.0994E-06  2.6822E-07
 4.0000E-02 3.7881E-01 -3.8464E-01  4.0531E-06  5.9605E-08
 4.0000E-02 3.8043E-01 -3.9588E-01  4.7684E-07  1.1921E-07
 4.0000E-02 3.8205E-01 -4.0696E-01  4.2915E-06  8.9407E-07
 4.0000E-02 3.8369E-01 -4.1789E-01  3.3379E-06 -1.4901E-07
 4.0000E-02 3.8534E-01 -4.2871E-01  8.8215E-06  4.7982E-06
 4.0000E-02 3.8701E-01 -4.3943E-01 -1.6212E-05 -1.1504E-05
 4.0000E-02 3.8870E-01 -4.5002E-01 -1.3828E-05 -1.2904E-05
 4.0000E-02 3.9039E-01 -4.6046E-01  1.8835E-05  7.7486E-07
 4.0000E-02 3.9211E-01 -4.7075E-01  4.0531E-06  1.3143E-05
 4.0000E-02 3.9383E-01 -4.8093E-01  1.6689E-06  8.6725E-06
 4.0000E-02 3.9558E-01 -4.9096E-01  1.7166E-05  1.5795E-06
 4.0000E-02 3.9733E-01 -5.0081E-01  2.7180E-05  1.3709E-06
 4.0000E-02 3.9911E-01 -5.1051E-01 -7.1526E-07 -2.5630E-06
 4.0000E-02 4.0090E-01 -5.1996E-01  1.6689E-06  5.9605E-07
 4.0000E-02 4.0270E-01 -5.2922E-01 -5.0068E-06 -2.3842E-07
 4.0000E-02 4.0452E-01 -5.3821E-01  0.0000E+00 -5.0664E-06
 4.0000E-02 4.0636E-01 -5.4687E-01 -5.4836E-06  4.0531E-06
 4.0000E-02 4.0822E-01 -5.5508E-01 -4.7684E-07  4.7684E-06
 4.0000E-02 4.1009E-01 -5.6279E-01 -1.3828E-05  3.5763E-07
 4.0000E-02 4.1198E-01 -5.6996E-01 -5.4836E-06  1.3709E-06
 4.0000E-02 4.1389E-01 -5.7641E-01 -7.1526E-06 -1.4901E-06
 4.0000E-02 4.1581E-01 -5.8197E-01  2.6226E-06 -2.6226E-06
 4.0000E-02 4.1776E-01 -5.8645E-01 -1.9312E-05  3.9935E-06
 4.0000E-02 4.1972E-01 -5.8975E-01 -3.5763E-06 -8.2850E-06
 4.0000E-02 4.2170E-01 -5.9170E-01 -1.6689E-05 -1.0073E-05
 4.0000E-02 4.2370E-01 -5.9219E-01 -3.3379E-06 -6.5565E-07
 4.0000E-02 4.2571E-01 -5.9110E-01 -6.1989E-06 -2.9802E-06
 4.0000E-02 4.2775E-01 -5.8842E-01  3.8147E-06  1.4901E-06
 4.0000E-02 4.2981E-01 -5.8431E-01 -9.5367E-07  5.8413E-06
 4.0000E-02 4.3188E-01 -5.7884E-01  1.7166E-05  1.8954E-05
 4.0000E-02 4.3398E-01 -5.7201E-01  2.5749E-05  5.9605E-08
 4.0000E-02 4.3610E-01 -5.6384E-01  9.5367E-06  7.1526E-07
 4.0000E-02 4.3824E-01 -5.5455E-01  2.1458E-05  5.4240E-06
 4.0000E-02 4.4039E-01 -5.4389E-01  7.1526E-06  4.5896E-06
 4.0000E-02 4.4257E-01 -5.3175E-01  6.6757E-06 -3.5763E-07
 4.0000E-02 4.4478E-01 -5.1807E-01  5.2452E-06  1.4305E-06
 4.0000E-02 4.4700E-01 -5.0284E-01 -4.2915E-06  2.3842E-07
 4.0000E-02 4.4925E-01 -4.8579E-01  0.0000E+00  1.8775E-06
 4.0000E-02 4.5152E-01 -4.6686E-01  6.1989E-06 -6.5565E-07
 4.0000E-02 4.5381E-01 -4.4602E-01 -3.8147E-06  2.2352E-06
 4.0000E-02 4.5612E-01 -4.2317E-01 -4.7684E-06 -3.2783E-07
 4.0000E-02 4.5846E-01 -3.9809E-01 -1.0014E-05  3.8743E-07
 4.0000E-02 4.6082E-01 -3.7074E-01 -5.7220E-06 -7.1526E-07
 4.0000E-02 4.6321E-01 -3.4105E-01  1.2398E-05  1.3113E-06
 4.0000E-02 4.6563E-01 -3.0853E-01  7.1526E-06 -7.7486E-07
 4.0000E-02 4.6806E-01 -2.7272E-01  4.7684E-07 -8.9407E-07
 4.0000E-02 4.7053E-01 -2.3315E-01  5.2452E-06  9.5367E-07
 4.0000E-02 4.7302E-01 -1.8912E-01 -9.0599E-06 -5.3644E-06
 4.0000E-02 4.7553E-01 -1.3962E-01 -4.7684E-07  1.0133E-06
 4.0000E-02 4.7807E-01 -8.3886E-02 -5.2452E-06  5.1409E-07
 4.0000E-02 4.8065E-01 -2.0967E-02 -2.8610E-06  9.7230E-07
 4.0000E-02 4.8324E-01  5.0221E-02  1.5736E-05 -6.0275E-06
 4.0000E-02 4.8587E-01  1.3037E-01 -1.0490E-05  7.5996E-07
 4.0000E-02 4.8852E-01  2.1998E-01 -1.8597E-05  2.5332E-07
 4.0000E-02 4.9121E-01  3.1936E-01  3.6240E-05 -4.6790E-06
 4.0000E-02 4.9392E-01  4.2802E-01 -9.5367E-06 -3.5167E-06
 4.0000E-02 4.9667E-01  5.4423E-01 -8.5831E-06  7.6294E-06
 4.0000E-02 4.9944E-01  6.6571E-01  3.7193E-05  3.0398E-06
 4.0000E-02 5.0225E-01  7.9235E-01  1.3351E-05  4.5896E-06
 4.0000E-02 5.0508E-01  9.2184E-01  2.9564E-05 -2.5630E-05
 4.0000E-02 5.0795E-01  1.0521E+00 -3.3379E-06  5.0068E-06
 4.0000E-02 5.1086E-01  1.1810E+00  1.1444E-05  8.9407E-06
 4.0000E-02 5.1379E-01  1.3065E+00 -2.4319E-05  6.4373E-06
 4.0000E-02 5.1676E-01  1.4275E+00  7.1526E-06 -5.1260E-06
 4.0000E-02 5.1977E-01  1.5433E+00  8.1062E-06 -6.0797E-06
 4.0000E-02 5.2281E-01  1.6578E+00  0.0000E+00 -6.1989E-06
 4.0000E-02 5.2588E-01  1.7682E+00  1.4305E-06 -4.4107E-06
 4.0000E-02 5.2899E-01  1.8711E+00 -1.1921E-05 -3.6955E-06
 4.0000E-02 5.3214E-01  1.9659E+00 -2.3842E-06  3.4571E-06
 4.0000E-02 5.3533E-01  2.0513E+00 -1.5736E-05  2.6226E-06
 4.0000E-02 5.3855E-01  2.1261E+00 -5.2452E-06  7.1526E-07
 4.0000E-02 5.4182E-01  2.1888E+00  9.5367E-06 -9.5367E-07
 4.0000E-02 5.4512E-01  2.2382E+00 -4.2915E-06  2.8610E-06
 4.0000E-02 5.4847E-01  2.2739E+00  4.2915E-05  2.5511E-05
 4.0000E-02 5.5185E-01  2.2964E+00  1.9073E-05  1.8835E-05
 4.0000E-02 5.5528E-01  2.3080E+00  1.0014E-05 -1.8835E-05
 4.0000E-02 5.5875E-01  2.3103E+00  1.1444E-05  5.4836E-06
 4.0000E-02 5.6226E-01  2.3054E+00 -8.1062E-06 -6.6757E-06
 4.0000E-02 5.6582E-01  2.2950E+00 -6.4373E-06 -2.8610E-06
 4.0000E-02 5.6943E-01  2.2804E+00 -1.4305E-06  1.2875E-05
 4.0000E-02 5.7308E-01  2.2625E+00  4.2915E-06 -1.9073E-06
 4.0000E-02 5.7677E-01  2.2417E+00  3.0994E-06 -2.1458E-06
 4.0000E-02 5.8052E-01  2.2177E+00  1.5497E-05 -9.7752E-06
 4.0000E-02 5.8431E-01  2.1897E+00 -5.7459E-05 -5.0068E-06
 4.0000E-02 5.8816E-01  2.1578E+00  3.9577E-05 -2.4796E-05
 4.0000E-02 5.9205E-01  2.1227E+00  1.2636E-05 -2.9564E-05
 4.0000E-02 5.9600E-01  2.0856E+00  3.0518E-05  4.4346E-05
 4.0000E-02 6.0000E-01  2.0478E+00 -2.6464E-05  1.2159E-05
