 DDSCAT --- DDSCAT 7.3.3 [22.01.20]   
 TARGET --->TARGSPHER  spherical target with explicit spacing                 
 GPFAFT --- method of solution 
 FLTRCD --- prescription for polarizabilities
 FROM_FILE --- shape 
    4169 = NAT0 = number of dipoles
 ../../diel/Pena-Rioux_dielectric_26Au_74Ag                  
 ../../diel/Pena-Rioux_dielectric_85Au_15Ag                  
 ../../diel/Au_evap                                          
   0.000   0.000 = beta_min, beta_max ;  NBETA = 1
   0.000   0.000 = theta_min, theta_max; NTHETA= 1
   0.000   0.000 = phi_min, phi_max   ;   NPHI = 1
 Results averaged over    1 target orientations
                   and  2 incident polarizations
   aeff       wave       Q_pha       Q_pol       Q_cpol
 4.0000E-02 3.0000E-01 -3.4561E-03 -2.6226E-06 -1.3271E-08
 4.0000E-02 3.0101E-01 -2.4337E-03 -2.1458E-06  1.3970E-09
 4.0000E-02 3.0203E-01 -2.1292E-03  3.0994E-06 -8.6147E-09
 4.0000E-02 3.0305E-01 -2.0121E-03  2.6226E-06 -1.2806E-08
 4.0000E-02 3.0408E-01 -2.0762E-03 -3.3379E-06 -6.0303E-08
 4.0000E-02 3.0512E-01 -2.3277E-03  2.6226E-06 -4.6566E-10
 4.0000E-02 3.0616E-01 -2.7734E-03 -4.0531E-06 -3.3295E-08
 4.0000E-02 3.0722E-01 -3.4193E-03 -9.5367E-07  1.7462E-08
 4.0000E-02 3.0828E-01 -4.2438E-03 -3.5763E-06  1.1642E-08
 4.0000E-02 3.0934E-01 -5.1387E-03  4.0531E-06 -4.5635E-08
 4.0000E-02 3.1042E-01 -6.1809E-03  0.0000E+00 -1.3970E-08
 4.0000E-02 3.1150E-01 -6.8009E-03  2.3842E-06 -3.7253E-09
 4.0000E-02 3.1259E-01 -7.3849E-03 -2.1458E-06 -7.2177E-08
 4.0000E-02 3.1368E-01 -8.1909E-03 -2.8610E-06 -8.3819E-09
 4.0000E-02 3.1479E-01 -9.2020E-03  7.8678E-06 -2.8871E-08
 4.0000E-02 3.1590E-01 -1.0425E-02  1.4305E-06 -2.2352E-08
 4.0000E-02 3.1702E-01 -1.1866E-02 -3.8147E-06  1.6764E-08
 4.0000E-02 3.1815E-01 -1.3162E-02 -9.5367E-07  6.5193E-08
 4.0000E-02 3.1929E-01 -1.4687E-02  7.1526E-07  9.3132E-10
 4.0000E-02 3.2043E-01 -1.6555E-02 -2.6226E-06  5.0291E-08
 4.0000E-02 3.2158E-01 -1.9994E-02 -5.0068E-06 -1.3039E-08
 4.0000E-02 3.2274E-01 -2.3681E-02 -2.3842E-07 -1.8626E-08
 4.0000E-02 3.2391E-01 -2.7624E-02  2.3842E-06 -5.5879E-09
 4.0000E-02 3.2509E-01 -3.1830E-02  1.6689E-06 -1.4901E-08
 4.0000E-02 3.2628E-01 -3.6310E-02  0.0000E+00  2.6077E-08
 4.0000E-02 3.2747E-01 -4.1570E-02  2.1458E-06 -7.0781E-08
 4.0000E-02 3.2868E-01 -4.7247E-02 -5.2452E-06  4.0978E-08
 4.0000E-02 3.2989E-01 -5.3328E-02  1.9073E-06  4.0978E-08
 4.0000E-02 3.3111E-01 -5.9825E-02  5.4836E-06 -1.8626E-08
 4.0000E-02 3.3234E-01 -6.6014E-02  7.1526E-07  5.9605E-08
 4.0000E-02 3.3358E-01 -7.2185E-02  7.1526E-07  2.3842E-07
 4.0000E-02 3.3483E-01 -7.8663E-02  1.4305E-06  2.9802E-08
 4.0000E-02 3.3609E-01 -8.5595E-02  5.0068E-06 -2.1607E-07
 4.0000E-02 3.3736E-01 -9.2894E-02  7.1526E-07  6.7055E-08
 4.0000E-02 3.3864E-01 -1.0038E-01  3.3379E-06  2.3842E-07
 4.0000E-02 3.3992E-01 -1.0805E-01  5.2452E-06  8.9407E-08
 4.0000E-02 3.4122E-01 -1.1591E-01  2.3842E-07 -1.1176E-07
 4.0000E-02 3.4253E-01 -1.2395E-01  6.1989E-06 -2.9057E-07
 4.0000E-02 3.4385E-01 -1.3211E-01 -2.3842E-07  1.7881E-07
 4.0000E-02 3.4517E-01 -1.4051E-01 -3.3379E-06  1.6391E-07
 4.0000E-02 3.4651E-01 -1.4900E-01  5.9605E-06  1.1921E-07
 4.0000E-02 3.4786E-01 -1.5765E-01 -2.8610E-06  1.4901E-08
 4.0000E-02 3.4922E-01 -1.6649E-01  1.9073E-06 -5.5134E-07
 4.0000E-02 3.5059E-01 -1.7552E-01  0.0000E+00 -1.4901E-08
 4.0000E-02 3.5197E-01 -1.8474E-01 -4.7684E-06  0.0000E+00
 4.0000E-02 3.5336E-01 -1.9416E-01  2.3842E-06 -1.4901E-08
 4.0000E-02 3.5476E-01 -2.0389E-01  2.8610E-06  4.4703E-08
 4.0000E-02 3.5618E-01 -2.1402E-01 -9.5367E-07  1.6391E-07
 4.0000E-02 3.5760E-01 -2.2426E-01 -4.7684E-07 -1.4901E-08
 4.0000E-02 3.5904E-01 -2.3461E-01 -1.4305E-06 -2.9802E-08
 4.0000E-02 3.6048E-01 -2.4508E-01  2.8610E-06  1.6391E-07
 4.0000E-02 3.6194E-01 -2.5566E-01 -7.1526E-06  1.7881E-07
 4.0000E-02 3.6341E-01 -2.6635E-01  2.3842E-06  5.9605E-08
 4.0000E-02 3.6490E-01 -2.7706E-01  5.9605E-06 -6.5565E-07
 4.0000E-02 3.6639E-01 -2.8783E-01  9.5367E-07 -8.9407E-08
 4.0000E-02 3.6790E-01 -2.9864E-01 -4.7684E-06  0.0000E+00
 4.0000E-02 3.6942E-01 -3.0940E-01  4.7684E-06  1.7881E-07
 4.0000E-02 3.7095E-01 -3.2013E-01 -8.3447E-06  9.8348E-07
 4.0000E-02 3.7250E-01 -3.3083E-01 -2.3842E-06  5.9605E-07
 4.0000E-02 3.7406E-01 -3.4145E-01  9.5367E-07 -4.1723E-07
 4.0000E-02 3.7563E-01 -3.5199E-01  4.7684E-07 -3.5763E-07
 4.0000E-02 3.7722E-01 -3.6246E-01  3.5763E-06  4.4703E-07
 4.0000E-02 3.7881E-01 -3.7285E-01  2.6226E-06 -6.8545E-07
 4.0000E-02 3.8043E-01 -3.8316E-01 -4.7684E-07 -8.3447E-07
 4.0000E-02 3.8205E-01 -3.9320E-01 -8.3447E-06 -1.7881E-07
 4.0000E-02 3.8369E-01 -4.0285E-01 -1.9073E-06 -9.5367E-07
 4.0000E-02 3.8534E-01 -4.1249E-01  2.5272E-05 -9.0003E-06
 4.0000E-02 3.8701E-01 -4.2208E-01 -1.2875E-05  4.7684E-06
 4.0000E-02 3.8870E-01 -4.3162E-01 -2.0504E-05  7.0632E-06
 4.0000E-02 3.9039E-01 -4.4109E-01 -4.7684E-06 -2.2054E-06
 4.0000E-02 3.9211E-01 -4.5048E-01  9.2983E-06  3.6657E-06
 4.0000E-02 3.9383E-01 -4.5979E-01 -3.4571E-05 -3.2187E-06
 4.0000E-02 3.9558E-01 -4.6900E-01  2.6226E-06 -9.0301E-06
 4.0000E-02 3.9733E-01 -4.7810E-01  3.5763E-06 -3.2485E-06
 4.0000E-02 3.9911E-01 -4.8744E-01  3.2425E-05 -9.5963E-06
 4.0000E-02 4.0090E-01 -4.9660E-01 -3.0994E-06  1.7643E-05
 4.0000E-02 4.0270E-01 -5.0555E-01  1.6689E-06  4.1723E-07
 4.0000E-02 4.0452E-01 -5.1424E-01 -3.0994E-06 -2.9802E-07
 4.0000E-02 4.0636E-01 -5.2260E-01  1.2159E-05 -3.3379E-06
 4.0000E-02 4.0822E-01 -5.3047E-01  7.6294E-06 -3.3379E-06
 4.0000E-02 4.1009E-01 -5.3781E-01  1.1444E-05 -2.3246E-06
 4.0000E-02 4.1198E-01 -5.4449E-01  3.0756E-05 -3.8147E-06
 4.0000E-02 4.1389E-01 -5.5017E-01  1.6451E-05  7.1526E-06
 4.0000E-02 4.1581E-01 -5.5448E-01 -2.8610E-06  1.1921E-06
 4.0000E-02 4.1776E-01 -5.5761E-01  2.3842E-06  3.0398E-06
 4.0000E-02 4.1972E-01 -5.5937E-01  4.5300E-06 -2.4438E-06
 4.0000E-02 4.2170E-01 -5.5954E-01 -1.1683E-05 -8.5235E-06
 4.0000E-02 4.2370E-01 -5.5796E-01 -1.9550E-05 -2.8610E-06
 4.0000E-02 4.2571E-01 -5.5451E-01 -2.3842E-07  1.9073E-06
 4.0000E-02 4.2775E-01 -5.4912E-01  2.1458E-06  2.2054E-06
 4.0000E-02 4.2981E-01 -5.4189E-01 -5.9605E-06  1.3947E-05
 4.0000E-02 4.3188E-01 -5.3331E-01  1.8597E-05  1.3590E-05
 4.0000E-02 4.3398E-01 -5.2321E-01 -4.0054E-05 -1.5438E-05
 4.0000E-02 4.3610E-01 -5.1141E-01 -1.1921E-05 -7.5102E-06
 4.0000E-02 4.3824E-01 -4.9798E-01  3.8147E-06  1.0133E-06
 4.0000E-02 4.4039E-01 -4.8296E-01  1.2875E-05  2.9802E-08
 4.0000E-02 4.4257E-01 -4.6633E-01  8.1062E-06 -8.3447E-07
 4.0000E-02 4.4478E-01 -4.4798E-01  4.7684E-07 -2.6226E-06
 4.0000E-02 4.4700E-01 -4.2795E-01  7.1526E-06  2.6822E-07
 4.0000E-02 4.4925E-01 -4.0621E-01 -4.7684E-07  1.1027E-06
 4.0000E-02 4.5152E-01 -3.8265E-01 -5.7220E-06  5.9605E-08
 4.0000E-02 4.5381E-01 -3.5714E-01  1.8597E-05 -3.9339E-06
 4.0000E-02 4.5612E-01 -3.2989E-01  8.5831E-06  7.7486E-07
 4.0000E-02 4.5846E-01 -3.0084E-01 -5.7220E-06  2.1756E-06
 4.0000E-02 4.6082E-01 -2.6996E-01  1.4305E-06  1.7583E-06
 4.0000E-02 4.6321E-01 -2.3726E-01  1.9073E-06  8.6427E-07
 4.0000E-02 4.6563E-01 -2.0274E-01 -9.5367E-07 -4.5002E-06
 4.0000E-02 4.6806E-01 -1.6631E-01 -1.4305E-06  1.3411E-07
 4.0000E-02 4.7053E-01 -1.2794E-01  9.5367E-06  3.0398E-06
 4.0000E-02 4.7302E-01 -8.8973E-02  6.6757E-06  1.7658E-06
 4.0000E-02 4.7553E-01 -4.8361E-02  4.7684E-06 -1.7136E-07
 4.0000E-02 4.7807E-01 -5.2417E-03 -6.1989E-06  6.9477E-07
 4.0000E-02 4.8065E-01  4.0395E-02  1.6689E-05 -3.8147E-06
 4.0000E-02 4.8324E-01  8.8606E-02 -1.5736E-05  8.1956E-07
 4.0000E-02 4.8587E-01  1.3941E-01  2.8610E-06 -1.4901E-06
 4.0000E-02 4.8852E-01  1.9276E-01 -4.7684E-06 -5.3644E-07
 4.0000E-02 4.9121E-01  2.4863E-01  9.5367E-07 -9.2387E-07
 4.0000E-02 4.9392E-01  3.0704E-01 -1.3351E-05  1.2815E-06
 4.0000E-02 4.9667E-01  3.6827E-01 -3.8147E-06 -3.2783E-07
 4.0000E-02 4.9944E-01  4.3414E-01  1.2398E-05 -5.0664E-06
 4.0000E-02 5.0225E-01  5.0529E-01  1.9073E-06 -1.6689E-06
 4.0000E-02 5.0508E-01  5.8269E-01  1.0490E-05 -1.9670E-06
 4.0000E-02 5.0795E-01  6.6750E-01 -1.6212E-05 -9.0003E-06
 4.0000E-02 5.1086E-01  7.6092E-01 -1.1921E-05 -2.1458E-06
 4.0000E-02 5.1379E-01  8.6420E-01  6.1989E-06 -3.8147E-06
 4.0000E-02 5.1676E-01  9.7851E-01  6.6757E-06 -5.1856E-06
 4.0000E-02 5.1977E-01  1.1047E+00  8.5831E-06 -1.6689E-06
 4.0000E-02 5.2281E-01  1.2411E+00  8.1062E-06 -8.3447E-07
 4.0000E-02 5.2588E-01  1.3805E+00 -2.6703E-05  2.8610E-06
 4.0000E-02 5.2899E-01  1.5202E+00 -3.3379E-06 -4.2915E-06
 4.0000E-02 5.3214E-01  1.6575E+00  7.6294E-06  4.0531E-06
 4.0000E-02 5.3533E-01  1.7891E+00 -3.0041E-05  1.4186E-05
 4.0000E-02 5.3855E-01  1.9117E+00 -2.8610E-06  0.0000E+00
 4.0000E-02 5.4182E-01  2.0225E+00  7.6294E-06  2.3842E-06
 4.0000E-02 5.4512E-01  2.1189E+00 -1.7166E-05  3.8147E-06
 4.0000E-02 5.4847E-01  2.1990E+00  1.0014E-05  1.4067E-05
 4.0000E-02 5.5185E-01  2.2645E+00 -2.9564E-05  2.8610E-06
 4.0000E-02 5.5528E-01  2.3151E+00  7.6294E-06  1.4544E-05
 4.0000E-02 5.5875E-01  2.3508E+00 -6.1989E-06 -2.1458E-06
 4.0000E-02 5.6226E-01  2.3725E+00 -1.0014E-05  8.3447E-06
 4.0000E-02 5.6582E-01  2.3812E+00 -1.9073E-06  1.6689E-06
 4.0000E-02 5.6943E-01  2.3787E+00  2.8133E-05  2.5272E-05
 4.0000E-02 5.7308E-01  2.3667E+00 -6.1989E-06 -1.0490E-05
 4.0000E-02 5.7677E-01  2.3474E+00  0.0000E+00  3.3379E-06
 4.0000E-02 5.8052E-01  2.3228E+00 -8.1062E-06 -2.0504E-05
 4.0000E-02 5.8431E-01  2.2939E+00 -7.9155E-05 -3.5763E-06
 4.0000E-02 5.8816E-01  2.2626E+00 -5.7220E-06  1.1921E-06
 4.0000E-02 5.9205E-01  2.2300E+00 -4.7207E-05 -3.0994E-06
 4.0000E-02 5.9600E-01  2.1954E+00  5.2929E-05 -1.2398E-05
 4.0000E-02 6.0000E-01  2.1584E+00 -1.5020E-05  7.8678E-06
