 DDSCAT --- DDSCAT 7.3.3 [22.01.20]   
 TARGET --->TARGSPHER  spherical target with explicit spacing                 
 GPFAFT --- method of solution 
 FLTRCD --- prescription for polarizabilities
 FROM_FILE --- shape 
    4169 = NAT0 = number of dipoles
 ../../diel/Pena-Rioux_dielectric_26Au_74Ag                  
 ../../diel/Pena-Rioux_dielectric_52Au_48Ag                  
 ../../diel/Pena-Rioux_dielectric_65Au_35Ag                  
 ../../diel/Pena-Rioux_dielectric_92Au_8Ag                   
 ../../diel/Au_evap                                          
   0.000   0.000 = beta_min, beta_max ;  NBETA = 1
   0.000   0.000 = theta_min, theta_max; NTHETA= 1
   0.000   0.000 = phi_min, phi_max   ;   NPHI = 1
 Results averaged over    1 target orientations
                   and  2 incident polarizations
   aeff       wave       Q_pha       Q_pol       Q_cpol
 4.0000E-02 3.0000E-01 -1.0224E-02  2.3842E-06  3.7253E-08
 4.0000E-02 3.0101E-01 -8.9807E-03 -3.5763E-06 -2.7008E-08
 4.0000E-02 3.0203E-01 -8.0273E-03  1.1921E-06  8.3819E-09
 4.0000E-02 3.0305E-01 -7.2355E-03 -3.8147E-06 -3.7253E-09
 4.0000E-02 3.0408E-01 -6.6104E-03 -2.8610E-06 -5.8673E-08
 4.0000E-02 3.0512E-01 -6.1583E-03  1.9073E-06  2.5611E-08
 4.0000E-02 3.0616E-01 -5.8860E-03  1.6689E-06 -5.4948E-08
 4.0000E-02 3.0722E-01 -5.7719E-03 -5.7220E-06 -9.3132E-10
 4.0000E-02 3.0828E-01 -5.8335E-03  5.7220E-06  3.0734E-08
 4.0000E-02 3.0934E-01 -5.9475E-03 -2.3842E-06 -7.9162E-08
 4.0000E-02 3.1042E-01 -6.2021E-03 -2.1458E-06 -3.8184E-08
 4.0000E-02 3.1150E-01 -6.4520E-03 -4.7684E-07  5.0757E-08
 4.0000E-02 3.1259E-01 -6.8242E-03 -6.4373E-06 -2.0955E-08
 4.0000E-02 3.1368E-01 -7.3599E-03 -2.3842E-07  5.6345E-08
 4.0000E-02 3.1479E-01 -8.0626E-03 -4.5300E-06 -6.3330E-08
 4.0000E-02 3.1590E-01 -8.9373E-03  2.1458E-06 -2.0489E-08
 4.0000E-02 3.1702E-01 -9.9890E-03  4.7684E-07 -3.3528E-08
 4.0000E-02 3.1815E-01 -1.0853E-02  1.1921E-06  3.7253E-08
 4.0000E-02 3.1929E-01 -1.1919E-02 -6.4373E-06  1.8626E-08
 4.0000E-02 3.2043E-01 -1.3277E-02 -3.3379E-06 -3.7253E-09
 4.0000E-02 3.2158E-01 -1.5217E-02 -1.1921E-06 -1.9558E-08
 4.0000E-02 3.2274E-01 -1.7439E-02 -1.4305E-06 -7.4506E-09
 4.0000E-02 3.2391E-01 -1.9952E-02  2.1458E-06  2.0489E-08
 4.0000E-02 3.2509E-01 -2.2765E-02  4.7684E-07 -3.7253E-09
 4.0000E-02 3.2628E-01 -2.5888E-02 -2.3842E-07  2.9802E-08
 4.0000E-02 3.2747E-01 -2.9865E-02 -1.9073E-06 -4.8429E-08
 4.0000E-02 3.2868E-01 -3.4315E-02  7.8678E-06 -3.7253E-08
 4.0000E-02 3.2989E-01 -3.9228E-02 -6.9141E-06 -7.4506E-09
 4.0000E-02 3.3111E-01 -4.4618E-02 -3.3379E-06 -2.9802E-08
 4.0000E-02 3.3234E-01 -5.0331E-02 -7.1526E-07 -3.3528E-08
 4.0000E-02 3.3358E-01 -5.6445E-02  3.5763E-06 -5.9605E-08
 4.0000E-02 3.3483E-01 -6.3046E-02  5.4836E-06 -1.4901E-08
 4.0000E-02 3.3609E-01 -7.0343E-02 -9.5367E-07  3.7253E-08
 4.0000E-02 3.3736E-01 -7.8253E-02 -7.1526E-07  8.1956E-08
 4.0000E-02 3.3864E-01 -8.6546E-02 -3.5763E-06 -7.4506E-08
 4.0000E-02 3.3992E-01 -9.5234E-02 -5.2452E-06 -2.5332E-07
 4.0000E-02 3.4122E-01 -1.0433E-01  4.0531E-06 -2.2352E-08
 4.0000E-02 3.4253E-01 -1.1384E-01  2.1458E-06 -5.2154E-08
 4.0000E-02 3.4385E-01 -1.2378E-01 -3.8147E-06  1.9372E-07
 4.0000E-02 3.4517E-01 -1.3410E-01  4.7684E-06 -7.4506E-08
 4.0000E-02 3.4651E-01 -1.4459E-01  6.9141E-06  4.4703E-08
 4.0000E-02 3.4786E-01 -1.5531E-01  0.0000E+00  1.4901E-07
 4.0000E-02 3.4922E-01 -1.6628E-01 -2.3842E-07 -4.1723E-07
 4.0000E-02 3.5059E-01 -1.7747E-01 -1.1921E-06 -4.3213E-07
 4.0000E-02 3.5197E-01 -1.8893E-01  1.1921E-06 -4.4703E-08
 4.0000E-02 3.5336E-01 -2.0066E-01  3.5763E-06 -3.7253E-07
 4.0000E-02 3.5476E-01 -2.1250E-01 -1.6689E-06  3.5763E-07
 4.0000E-02 3.5618E-01 -2.2442E-01  0.0000E+00  7.4506E-08
 4.0000E-02 3.5760E-01 -2.3642E-01  5.0068E-06  7.4506E-08
 4.0000E-02 3.5904E-01 -2.4851E-01  4.5300E-06  4.9174E-07
 4.0000E-02 3.6048E-01 -2.6069E-01 -2.6226E-06 -2.9802E-08
 4.0000E-02 3.6194E-01 -2.7296E-01 -4.7684E-07 -5.9605E-08
 4.0000E-02 3.6341E-01 -2.8526E-01 -4.5300E-06  5.9605E-07
 4.0000E-02 3.6490E-01 -2.9746E-01  4.0531E-06  1.7881E-07
 4.0000E-02 3.6639E-01 -3.0966E-01  9.5367E-07  0.0000E+00
 4.0000E-02 3.6790E-01 -3.2184E-01  2.6226E-06  2.6822E-07
 4.0000E-02 3.6942E-01 -3.3399E-01 -1.9073E-06 -1.7881E-07
 4.0000E-02 3.7095E-01 -3.4611E-01  8.1062E-06 -1.0431E-06
 4.0000E-02 3.7250E-01 -3.5816E-01 -7.1526E-06  4.1723E-07
 4.0000E-02 3.7406E-01 -3.7010E-01  4.0531E-06 -2.6822E-07
 4.0000E-02 3.7563E-01 -3.8201E-01 -3.0994E-06  2.6822E-07
 4.0000E-02 3.7722E-01 -3.9384E-01 -3.5763E-06 -4.7684E-07
 4.0000E-02 3.7881E-01 -4.0561E-01 -9.5367E-07 -1.7881E-07
 4.0000E-02 3.8043E-01 -4.1730E-01 -1.1921E-06  8.3447E-07
 4.0000E-02 3.8205E-01 -4.2887E-01 -4.7684E-06 -1.1921E-07
 4.0000E-02 3.8369E-01 -4.4034E-01  5.0068E-06  2.3842E-07
 4.0000E-02 3.8534E-01 -4.5179E-01  1.8120E-05 -1.0222E-05
 4.0000E-02 3.8701E-01 -4.6318E-01 -1.3828E-05  1.6093E-06
 4.0000E-02 3.8870E-01 -4.7451E-01 -1.6689E-06 -7.7486E-07
 4.0000E-02 3.9039E-01 -4.8576E-01 -1.6689E-06  2.6822E-07
 4.0000E-02 3.9211E-01 -4.9695E-01 -3.3855E-05 -8.6129E-06
 4.0000E-02 3.9383E-01 -5.0814E-01  9.5367E-07  6.6161E-06
 4.0000E-02 3.9558E-01 -5.1928E-01 -6.1989E-06 -5.3644E-07
 4.0000E-02 3.9733E-01 -5.3035E-01 -1.0014E-05 -5.3644E-06
 4.0000E-02 3.9911E-01 -5.4135E-01  3.5763E-06 -8.7619E-06
 4.0000E-02 4.0090E-01 -5.5229E-01 -4.2915E-06  2.2650E-06
 4.0000E-02 4.0270E-01 -5.6315E-01 -1.7881E-05  1.2219E-05
 4.0000E-02 4.0452E-01 -5.7390E-01 -5.7220E-05  8.4639E-06
 4.0000E-02 4.0636E-01 -5.8445E-01 -2.1458E-06 -7.0333E-06
 4.0000E-02 4.0822E-01 -5.9473E-01 -7.3910E-06  4.1127E-06
 4.0000E-02 4.1009E-01 -6.0475E-01  2.6226E-06 -4.1723E-07
 4.0000E-02 4.1198E-01 -6.1439E-01 -4.5300E-06  5.9605E-07
 4.0000E-02 4.1389E-01 -6.2350E-01  7.1526E-07  4.7684E-07
 4.0000E-02 4.1581E-01 -6.3194E-01  6.9141E-06 -4.8876E-06
 4.0000E-02 4.1776E-01 -6.3954E-01 -2.8372E-05  1.0133E-05
 4.0000E-02 4.1972E-01 -6.4619E-01  0.0000E+00  2.0862E-06
 4.0000E-02 4.2170E-01 -6.5164E-01 -3.8385E-05 -4.8876E-06
 4.0000E-02 4.2370E-01 -6.5574E-01 -3.5763E-06 -8.4043E-06
 4.0000E-02 4.2571E-01 -6.5833E-01 -1.2398E-05 -1.9670E-06
 4.0000E-02 4.2775E-01 -6.5932E-01  1.0252E-05  5.3644E-06
 4.0000E-02 4.2981E-01 -6.5865E-01  1.0490E-05 -2.1458E-06
 4.0000E-02 4.3188E-01 -6.5631E-01  5.0068E-06 -5.9605E-06
 4.0000E-02 4.3398E-01 -6.5229E-01 -1.4782E-05 -1.0133E-06
 4.0000E-02 4.3610E-01 -6.4654E-01  3.8147E-06  2.3246E-06
 4.0000E-02 4.3824E-01 -6.3897E-01  0.0000E+00  8.3447E-07
 4.0000E-02 4.4039E-01 -6.2945E-01  1.9073E-06 -8.9407E-07
 4.0000E-02 4.4257E-01 -6.1780E-01 -9.0599E-06 -2.9802E-06
 4.0000E-02 4.4478E-01 -6.0375E-01 -3.8147E-06  1.7881E-07
 4.0000E-02 4.4700E-01 -5.8713E-01 -9.0599E-06 -1.4305E-06
 4.0000E-02 4.4925E-01 -5.6756E-01 -3.8147E-06  4.8876E-06
 4.0000E-02 4.5152E-01 -5.4472E-01  1.5259E-05 -3.5763E-07
 4.0000E-02 4.5381E-01 -5.1827E-01  1.1921E-05  1.0133E-06
 4.0000E-02 4.5612E-01 -4.8787E-01 -7.6294E-06  2.5034E-06
 4.0000E-02 4.5846E-01 -4.5319E-01 -3.3379E-06  1.8179E-06
 4.0000E-02 4.6082E-01 -4.1393E-01  0.0000E+00  8.3447E-07
 4.0000E-02 4.6321E-01 -3.6992E-01  2.3842E-06  4.1723E-06
 4.0000E-02 4.6563E-01 -3.2089E-01 -4.7684E-07  2.9802E-08
 4.0000E-02 4.6806E-01 -2.6680E-01  3.3379E-06  5.6624E-07
 4.0000E-02 4.7053E-01 -2.0764E-01  8.1062E-06  8.7917E-07
 4.0000E-02 4.7302E-01 -1.4350E-01  4.2915E-06 -1.0580E-06
 4.0000E-02 4.7553E-01 -7.4644E-02  4.2915E-06  1.4678E-06
 4.0000E-02 4.7807E-01 -1.3672E-03 -3.6240E-05 -3.7077E-06
 4.0000E-02 4.8065E-01  7.6087E-02  1.0490E-05 -7.0035E-07
 4.0000E-02 4.8324E-01  1.5764E-01 -5.7220E-06 -5.6624E-07
 4.0000E-02 4.8587E-01  2.4335E-01 -6.6757E-06 -7.0035E-07
 4.0000E-02 4.8852E-01  3.3328E-01  6.1989E-06  1.6272E-05
 4.0000E-02 4.9121E-01  4.2774E-01  1.0490E-05  4.4703E-06
 4.0000E-02 4.9392E-01  5.2704E-01 -7.6294E-06 -1.2159E-05
 4.0000E-02 4.9667E-01  6.3046E-01  5.7220E-06 -9.2387E-06
 4.0000E-02 4.9944E-01  7.3714E-01  1.4782E-05  6.9141E-06
 4.0000E-02 5.0225E-01  8.4891E-01  1.0014E-05 -9.5367E-07
 4.0000E-02 5.0508E-01  9.6492E-01  1.1921E-05  5.2452E-06
 4.0000E-02 5.0795E-01  1.0842E+00  2.3842E-06 -3.6955E-06
 4.0000E-02 5.1086E-01  1.2053E+00  1.7643E-05 -3.2187E-06
 4.0000E-02 5.1379E-01  1.3261E+00  7.1526E-06 -2.1458E-06
 4.0000E-02 5.1676E-01  1.4453E+00  9.0599E-06  3.3379E-06
 4.0000E-02 5.1977E-01  1.5615E+00 -1.7643E-05 -1.1921E-06
 4.0000E-02 5.2281E-01  1.6775E+00  4.9114E-05  9.7752E-06
 4.0000E-02 5.2588E-01  1.7899E+00  3.5286E-05  4.5300E-06
 4.0000E-02 5.2899E-01  1.8950E+00  9.5367E-07  7.1526E-06
 4.0000E-02 5.3214E-01  1.9918E+00 -2.6703E-05 -1.0371E-05
 4.0000E-02 5.3533E-01  2.0791E+00  1.9073E-06 -5.4836E-06
 4.0000E-02 5.3855E-01  2.1553E+00 -6.1989E-06  2.1458E-06
 4.0000E-02 5.4182E-01  2.2193E+00 -1.0014E-05  2.3842E-06
 4.0000E-02 5.4512E-01  2.2698E+00 -1.4305E-06 -8.3447E-06
 4.0000E-02 5.4847E-01  2.3064E+00  1.4305E-06  9.5367E-06
 4.0000E-02 5.5185E-01  2.3297E+00 -1.8597E-05 -1.1206E-05
 4.0000E-02 5.5528E-01  2.3416E+00 -3.3379E-06  1.1921E-06
 4.0000E-02 5.5875E-01  2.3440E+00 -1.9789E-05  7.6294E-06
 4.0000E-02 5.6226E-01  2.3386E+00  4.2915E-06 -9.5367E-07
 4.0000E-02 5.6582E-01  2.3272E+00 -3.8624E-05  1.1921E-06
 4.0000E-02 5.6943E-01  2.3112E+00  2.8610E-05  1.0729E-05
 4.0000E-02 5.7308E-01  2.2916E+00  4.0531E-06 -4.0531E-06
 4.0000E-02 5.7677E-01  2.2687E+00 -3.2663E-05 -9.2983E-06
 4.0000E-02 5.8052E-01  2.2425E+00 -3.1471E-05 -4.7684E-07
 4.0000E-02 5.8431E-01  2.2121E+00 -2.3127E-05 -1.5974E-05
 4.0000E-02 5.8816E-01  2.1777E+00 -9.5367E-05  8.5831E-06
 4.0000E-02 5.9205E-01  2.1398E+00 -6.4373E-06 -6.1989E-06
 4.0000E-02 5.9600E-01  2.0999E+00  2.6941E-05  6.4373E-06
 4.0000E-02 6.0000E-01  2.0593E+00 -2.6226E-05 -1.3828E-05
